# relative_time, cycles_done, cur_item, corpus_count, pending_total, pending_favs, map_size, saved_crashes, saved_hangs, max_depth, execs_per_sec, total_execs, edges_found
61, 0, 91, 147, 109, 0, 7.75%, 0, 0, 4, 18057.11, 1142392, 377
66, 0, 96, 147, 107, 0, 7.75%, 0, 0, 4, 20680.51, 1254830, 377
71, 0, 0, 148, 107, 0, 7.75%, 0, 0, 4, 21306.85, 1356716, 377
76, 0, 43, 148, 104, 0, 7.75%, 0, 0, 4, 20136.69, 1462702, 377
81, 0, 0, 148, 103, 0, 7.75%, 0, 0, 4, 21434.09, 1566807, 377
86, 0, 0, 148, 102, 0, 7.75%, 0, 0, 4, 21105.56, 1675278, 377
91, 0, 98, 148, 102, 0, 7.75%, 0, 0, 4, 21332.90, 1778826, 377
96, 0, 16, 148, 101, 0, 7.75%, 0, 0, 4, 19125.18, 1871641, 377
101, 0, 0, 149, 101, 0, 7.75%, 0, 0, 4, 19768.86, 1964246, 377
107, 1, 136, 157, 109, 0, 7.75%, 0, 0, 4, 15524.39, 2042867, 377
112, 1, 136, 157, 109, 0, 7.75%, 0, 0, 4, 13809.11, 2109227, 377
117, 1, 153, 163, 114, 0, 7.75%, 0, 0, 4, 14666.13, 2188619, 377
122, 1, 153, 164, 115, 0, 7.75%, 0, 0, 4, 12193.86, 2244094, 377
127, 1, 0, 164, 114, 0, 7.75%, 0, 0, 4, 18178.27, 2337415, 377
132, 1, 158, 169, 117, 0, 7.75%, 0, 0, 5, 15112.03, 2418747, 377
137, 1, 158, 169, 117, 0, 7.75%, 0, 0, 5, 11447.15, 2476847, 377
142, 1, 98, 169, 116, 0, 7.75%, 0, 0, 5, 13240.68, 2539071, 377
147, 1, 168, 179, 126, 0, 7.75%, 0, 0, 6, 12019.07, 2600819, 377
152, 1, 168, 181, 128, 0, 7.75%, 0, 0, 6, 11882.87, 2660979, 377
158, 1, 180, 183, 127, 0, 7.75%, 0, 0, 7, 17565.86, 2764486, 377
163, 1, 174, 184, 124, 0, 7.75%, 0, 0, 7, 15514.44, 2844267, 377
168, 1, 165, 184, 119, 0, 7.75%, 0, 0, 7, 16673.98, 2938534, 377
173, 1, 42, 184, 117, 0, 7.75%, 0, 0, 7, 20331.07, 3048604, 377
178, 1, 0, 185, 115, 0, 7.75%, 0, 0, 7, 19499.85, 3139604, 377
183, 1, 163, 188, 117, 0, 7.75%, 0, 0, 7, 19397.75, 3259227, 377
188, 1, 163, 188, 117, 0, 7.75%, 0, 0, 7, 11350.54, 3306341, 377
193, 1, 185, 188, 116, 0, 7.75%, 0, 0, 7, 21691.32, 3420236, 377
198, 1, 185, 192, 120, 0, 7.75%, 0, 0, 7, 11399.28, 3465037, 377
203, 1, 185, 193, 121, 0, 7.75%, 0, 0, 7, 9382.35, 3509943, 377
209, 1, 0, 193, 117, 0, 7.75%, 0, 0, 7, 13295.59, 3578942, 377
214, 1, 162, 193, 116, 0, 7.75%, 0, 0, 7, 3689.44, 3684202, 377
219, 1, 191, 195, 117, 0, 7.75%, 0, 0, 7, 19738.77, 3756269, 377
224, 1, 191, 197, 119, 0, 7.75%, 0, 0, 7, 11361.45, 3802845, 377
229, 1, 191, 197, 119, 0, 7.75%, 0, 0, 7, 9031.15, 3845145, 377
234, 1, 191, 197, 119, 0, 7.75%, 0, 0, 7, 8400.26, 3886557, 377
239, 1, 191, 197, 119, 0, 7.75%, 0, 0, 7, 7616.21, 3925813, 377
244, 1, 191, 197, 119, 0, 7.75%, 0, 0, 7, 8962.67, 3970355, 377
250, 1, 171, 197, 117, 0, 7.75%, 0, 0, 7, 18578.15, 4070001, 377
255, 1, 150, 197, 113, 0, 7.75%, 0, 0, 7, 21406.12, 4175961, 377
260, 1, 195, 205, 119, 0, 7.75%, 0, 0, 8, 12800.36, 4241796, 377
265, 1, 195, 205, 119, 0, 7.75%, 0, 0, 8, 8993.55, 4283812, 377
270, 1, 195, 207, 121, 0, 7.75%, 0, 0, 8, 8245.71, 4324417, 377
275, 1, 195, 211, 125, 0, 7.75%, 0, 0, 8, 8110.41, 4366347, 377
280, 1, 195, 211, 125, 0, 7.75%, 0, 0, 8, 7680.76, 4402861, 377
285, 1, 195, 211, 125, 0, 7.75%, 0, 0, 8, 7905.52, 4443292, 377
290, 1, 195, 211, 125, 0, 7.75%, 0, 0, 8, 8127.77, 4481913, 377
296, 1, 210, 212, 123, 0, 7.75%, 0, 0, 9, 7907.28, 4524463, 377
301, 1, 210, 213, 124, 0, 7.75%, 0, 0, 9, 8002.91, 4563651, 377
306, 1, 210, 213, 124, 0, 7.75%, 0, 0, 9, 7823.71, 4603058, 377
311, 1, 43, 214, 124, 0, 7.75%, 0, 0, 9, 16696.55, 4680130, 377
316, 1, 209, 214, 119, 0, 7.75%, 0, 0, 9, 12886.09, 4743947, 377
321, 1, 0, 214, 117, 0, 7.75%, 0, 0, 9, 16870.74, 4816759, 377
326, 1, 0, 214, 115, 0, 7.75%, 0, 0, 9, 15172.06, 4896827, 377
331, 1, 0, 214, 111, 0, 7.75%, 0, 0, 9, 19748.46, 4997871, 377
336, 1, 186, 214, 107, 0, 7.75%, 0, 0, 9, 18478.91, 5087733, 377
341, 1, 208, 215, 105, 0, 7.75%, 0, 0, 9, 11622.16, 5139074, 377
346, 1, 16, 215, 103, 0, 7.75%, 0, 0, 9, 12984.69, 5197279, 377
352, 1, 196, 216, 104, 0, 7.75%, 0, 0, 9, 10607.99, 5257937, 377
357, 1, 204, 218, 105, 0, 7.75%, 0, 0, 9, 8221.43, 5297234, 377
362, 1, 204, 220, 107, 0, 7.75%, 0, 0, 9, 7755.90, 5334358, 377
367, 1, 204, 220, 107, 0, 7.75%, 0, 0, 9, 7370.70, 5371805, 377
372, 1, 204, 220, 107, 0, 7.75%, 0, 0, 9, 7638.91, 5410446, 377
377, 1, 204, 220, 107, 0, 7.75%, 0, 0, 9, 8249.40, 5452369, 377
382, 1, 215, 220, 106, 0, 7.75%, 0, 0, 9, 7766.18, 5489858, 377
387, 1, 200, 220, 104, 0, 7.75%, 0, 0, 9, 9183.42, 5537293, 377
392, 1, 216, 220, 102, 0, 7.75%, 0, 0, 9, 11263.23, 5590620, 377
397, 1, 0, 221, 101, 0, 7.75%, 0, 0, 9, 15305.24, 5662155, 377
402, 1, 194, 222, 102, 0, 7.75%, 0, 0, 9, 11150.65, 5719628, 377
407, 1, 205, 222, 99, 0, 7.75%, 0, 0, 9, 9466.59, 5767360, 377
412, 1, 8, 222, 97, 0, 7.75%, 0, 0, 9, 14860.09, 5842720, 377
418, 1, 182, 222, 97, 0, 7.75%, 0, 0, 9, 14229.34, 5918653, 377
423, 1, 98, 222, 95, 0, 7.75%, 0, 0, 9, 15178.38, 6001983, 377
428, 1, 201, 222, 95, 0, 7.75%, 0, 0, 9, 12328.20, 6077399, 377
433, 1, 203, 222, 93, 0, 7.75%, 0, 0, 9, 10285.15, 6128792, 377
438, 2, 244, 245, 114, 0, 7.75%, 0, 0, 9, 2876.10, 6228580, 377
443, 2, 0, 245, 112, 0, 7.75%, 0, 0, 9, 15298.33, 6308927, 377
448, 2, 16, 245, 109, 0, 7.75%, 0, 0, 9, 17522.70, 6398227, 377
453, 2, 175, 246, 108, 0, 7.75%, 0, 0, 9, 14235.22, 6467156, 377
459, 2, 172, 246, 105, 0, 7.75%, 0, 0, 9, 15105.97, 6544694, 377
464, 2, 218, 246, 102, 0, 7.75%, 0, 0, 9, 10824.91, 6594002, 377
469, 2, 214, 246, 101, 0, 7.75%, 0, 0, 9, 8367.94, 6634104, 377
474, 2, 245, 246, 99, 0, 7.75%, 0, 0, 9, 12164.07, 6698113, 377
479, 2, 0, 246, 97, 0, 7.75%, 0, 0, 9, 13274.70, 6759678, 377
484, 2, 98, 247, 97, 0, 7.75%, 0, 0, 9, 12615.77, 6828587, 377
489, 2, 184, 247, 96, 0, 7.75%, 0, 0, 9, 14386.35, 6923386, 377
494, 2, 218, 247, 93, 0, 7.75%, 0, 0, 9, 12511.21, 6993113, 377
499, 2, 246, 248, 94, 0, 7.75%, 0, 0, 9, 5755.32, 7032217, 377
505, 2, 98, 248, 92, 0, 7.75%, 0, 0, 9, 14351.56, 7099198, 377
510, 2, 247, 248, 90, 0, 7.75%, 0, 0, 9, 1835.82, 7146703, 377
515, 2, 166, 248, 89, 0, 7.75%, 0, 0, 9, 14045.46, 7216946, 377
520, 2, 216, 248, 86, 0, 7.75%, 0, 0, 9, 13017.84, 7285075, 377
525, 2, 219, 248, 86, 0, 7.75%, 0, 0, 9, 9560.04, 7330845, 377
530, 2, 190, 248, 85, 0, 7.75%, 0, 0, 9, 12509.90, 7393823, 377
535, 2, 192, 248, 83, 0, 7.75%, 0, 0, 9, 18336.96, 7505202, 377
540, 2, 29, 248, 81, 0, 7.75%, 0, 0, 9, 24104.97, 7625845, 377
545, 2, 0, 248, 79, 0, 7.75%, 0, 0, 9, 28450.55, 7772567, 377
550, 2, 211, 248, 79, 0, 7.75%, 0, 0, 9, 5458.09, 7847459, 377
555, 2, 0, 248, 77, 0, 7.75%, 0, 0, 9, 20201.85, 7961884, 377
561, 2, 217, 248, 77, 0, 7.75%, 0, 0, 9, 5782.21, 8050039, 377
566, 2, 96, 248, 71, 0, 7.75%, 0, 0, 9, 18395.12, 8150521, 377
571, 2, 8, 248, 70, 0, 7.75%, 0, 0, 9, 22258.39, 8246850, 377
576, 2, 0, 249, 70, 0, 7.75%, 0, 0, 9, 26077.42, 8387226, 377
581, 2, 248, 249, 69, 0, 7.75%, 0, 0, 9, 3843.83, 8455891, 377
586, 2, 162, 249, 68, 0, 7.75%, 0, 0, 9, 33126.87, 8534245, 377
591, 2, 0, 249, 67, 0, 7.75%, 0, 0, 9, 23799.71, 8626078, 377
596, 2, 182, 249, 66, 0, 7.75%, 0, 0, 9, 19235.39, 8705638, 377
601, 2, 0, 249, 65, 0, 7.75%, 0, 0, 9, 18150.44, 8776358, 377
606, 2, 234, 249, 63, 0, 7.75%, 0, 0, 9, 23049.31, 8894464, 377
611, 2, 0, 249, 60, 0, 7.75%, 0, 0, 9, 24446.78, 9015888, 377
616, 2, 208, 249, 58, 0, 7.75%, 0, 0, 9, 15902.98, 9098376, 377
622, 2, 196, 249, 57, 0, 7.75%, 0, 0, 9, 11129.03, 9148363, 377
627, 2, 0, 249, 57, 0, 7.75%, 0, 0, 9, 20344.84, 9258932, 377
632, 2, 212, 249, 57, 0, 7.75%, 0, 0, 9, 11036.05, 9312267, 377
637, 3, 196, 262, 70, 0, 7.75%, 0, 0, 9, 8245.01, 9354864, 377
642, 3, 218, 262, 67, 0, 7.75%, 0, 0, 9, 8775.53, 9404865, 377
647, 3, 42, 262, 65, 0, 7.75%, 0, 0, 9, 8878.21, 9450787, 377
652, 3, 0, 262, 63, 0, 7.75%, 0, 0, 9, 17531.55, 9556507, 377
657, 3, 0, 262, 62, 0, 7.75%, 0, 0, 9, 24234.39, 9683495, 377
662, 3, 257, 262, 62, 0, 7.75%, 0, 0, 9, 12878.18, 9739261, 377
668, 3, 183, 262, 60, 0, 7.75%, 0, 0, 9, 22572.44, 9846244, 377
673, 3, 250, 262, 60, 0, 7.75%, 0, 0, 9, 5008.32, 9927278, 377
678, 3, 255, 262, 59, 0, 7.75%, 0, 0, 9, 12063.90, 10004051, 377
683, 3, 201, 262, 58, 0, 7.75%, 0, 0, 9, 13105.04, 10074815, 377
688, 3, 178, 262, 58, 0, 7.75%, 0, 0, 9, 19261.44, 10166331, 377
693, 3, 232, 262, 54, 0, 7.75%, 0, 0, 9, 13939.71, 10230138, 377
698, 3, 91, 262, 51, 0, 7.75%, 0, 0, 9, 18263.83, 10326051, 377
703, 3, 0, 262, 50, 0, 7.75%, 0, 0, 9, 22317.96, 10446994, 377
709, 3, 210, 262, 49, 0, 7.75%, 0, 0, 9, 13957.60, 10520811, 377
714, 3, 207, 262, 46, 0, 7.75%, 0, 0, 9, 20763.04, 10642698, 377
719, 3, 162, 262, 46, 0, 7.75%, 0, 0, 9, 22565.14, 10732926, 377
724, 3, 15, 262, 44, 0, 7.75%, 0, 0, 9, 21505.98, 10840271, 377
729, 3, 210, 263, 45, 0, 7.75%, 0, 0, 9, 11939.28, 10892346, 377
734, 3, 0, 263, 45, 0, 7.75%, 0, 0, 9, 13159.79, 10953601, 377
739, 3, 0, 263, 43, 0, 7.75%, 0, 0, 9, 22443.86, 11076169, 377
744, 3, 260, 263, 43, 0, 7.75%, 0, 0, 9, 3737.69, 11134604, 377
749, 3, 159, 263, 42, 0, 7.75%, 0, 0, 9, 12679.85, 11200160, 377
755, 3, 212, 263, 42, 0, 7.75%, 0, 0, 9, 15685.23, 11298552, 377
760, 3, 246, 263, 42, 0, 7.75%, 0, 0, 9, 9558.20, 11339757, 377
765, 3, 262, 263, 42, 0, 7.75%, 0, 0, 9, 3203.90, 11450194, 377
770, 3, 0, 263, 41, 0, 7.75%, 0, 0, 9, 37194.33, 11506158, 377
775, 3, 227, 263, 38, 0, 7.75%, 0, 0, 9, 32447.22, 11662832, 377
780, 3, 96, 263, 36, 0, 7.75%, 0, 0, 9, 53587.19, 11736818, 377
785, 3, 262, 263, 36, 0, 7.75%, 0, 0, 9, 7415.03, 11821103, 377
790, 3, 96, 263, 36, 0, 7.75%, 0, 0, 9, 19348.69, 11919698, 377
796, 3, 204, 263, 34, 0, 7.75%, 0, 0, 9, 16848.37, 11996599, 377
801, 3, 261, 263, 33, 0, 7.75%, 0, 0, 9, 1918.77, 12041664, 377
806, 3, 0, 263, 32, 0, 7.75%, 0, 0, 9, 13451.58, 12105030, 377
811, 3, 0, 263, 32, 0, 7.75%, 0, 0, 9, 15287.79, 12188869, 377
816, 3, 98, 263, 31, 0, 7.75%, 0, 0, 9, 26916.38, 12332384, 377
821, 3, 0, 263, 30, 0, 7.75%, 0, 0, 9, 30002.82, 12478479, 377
826, 4, 15, 264, 30, 0, 7.75%, 0, 0, 9, 22998.70, 12582570, 377
831, 4, 250, 264, 30, 0, 7.75%, 0, 0, 9, 19672.35, 12663855, 377
836, 4, 263, 264, 30, 0, 7.75%, 0, 0, 9, 13235.83, 12712714, 377
841, 4, 190, 264, 27, 0, 7.75%, 0, 0, 9, 12865.19, 12775321, 377
847, 4, 210, 264, 26, 0, 7.75%, 0, 0, 9, 15119.96, 12850419, 377
852, 4, 0, 264, 26, 0, 7.75%, 0, 0, 9, 19730.10, 12938761, 377
857, 4, 259, 264, 26, 0, 7.75%, 0, 0, 9, 4237.81, 13051747, 377
862, 4, 0, 264, 24, 0, 7.75%, 0, 0, 9, 18521.29, 13143915, 377
867, 4, 96, 264, 24, 0, 7.75%, 0, 0, 9, 20792.10, 13242202, 377
872, 4, 96, 264, 24, 0, 7.75%, 0, 0, 9, 15115.86, 13310855, 377
877, 4, 262, 264, 24, 0, 7.75%, 0, 0, 9, 11869.50, 13378744, 377
882, 4, 248, 264, 23, 0, 7.75%, 0, 0, 9, 9640.40, 13430100, 377
887, 4, 215, 264, 22, 0, 7.75%, 0, 0, 9, 11527.62, 13488144, 377
892, 4, 198, 264, 22, 0, 7.75%, 0, 0, 9, 9392.65, 13533702, 377
897, 4, 217, 264, 20, 0, 7.75%, 0, 0, 9, 14892.60, 13622715, 377
902, 4, 262, 264, 19, 0, 7.75%, 0, 0, 9, 14668.29, 13689955, 377
907, 4, 208, 264, 19, 0, 7.75%, 0, 0, 9, 9730.37, 13729676, 377
913, 4, 210, 264, 19, 0, 7.75%, 0, 0, 9, 13613.62, 13804666, 377
918, 4, 181, 264, 19, 0, 7.75%, 0, 0, 9, 14686.45, 13867714, 377
923, 4, 190, 264, 19, 0, 7.75%, 0, 0, 9, 23113.03, 14006200, 377
928, 4, 0, 264, 19, 0, 7.75%, 0, 0, 9, 16168.58, 14067309, 377
933, 4, 247, 264, 19, 0, 7.75%, 0, 0, 9, 17861.29, 14178148, 377
938, 4, 254, 264, 19, 0, 7.75%, 0, 0, 9, 9667.76, 14215804, 377
943, 4, 192, 264, 18, 0, 7.75%, 0, 0, 9, 15329.66, 14300057, 377
948, 4, 98, 264, 18, 0, 7.75%, 0, 0, 9, 21245.12, 14395918, 377
953, 4, 200, 264, 17, 0, 7.75%, 0, 0, 9, 19880.94, 14495510, 377
958, 4, 0, 264, 16, 0, 7.75%, 0, 0, 9, 20889.86, 14589613, 377
964, 4, 98, 264, 16, 0, 7.75%, 0, 0, 9, 20412.54, 14679062, 377
969, 4, 98, 264, 16, 0, 7.75%, 0, 0, 9, 20602.28, 14773946, 377
974, 4, 199, 264, 16, 0, 7.75%, 0, 0, 9, 17691.68, 14860921, 377
979, 4, 248, 264, 16, 0, 7.75%, 0, 0, 9, 18281.07, 14971218, 377
984, 4, 256, 264, 16, 0, 7.75%, 0, 0, 9, 4271.08, 15028913, 377
989, 4, 262, 264, 15, 0, 7.75%, 0, 0, 9, 18835.89, 15084481, 377
994, 4, 201, 264, 15, 0, 7.75%, 0, 0, 9, 13406.60, 15141033, 377
999, 4, 213, 264, 14, 0, 7.75%, 0, 0, 9, 13698.11, 15219346, 377
1005, 4, 262, 264, 14, 0, 7.75%, 0, 0, 9, 10301.55, 15276896, 377
1010, 4, 0, 264, 13, 0, 7.75%, 0, 0, 9, 22768.87, 15400664, 377
1015, 4, 258, 264, 13, 0, 7.75%, 0, 0, 9, 17484.71, 15465770, 377
1020, 5, 214, 264, 13, 0, 7.75%, 0, 0, 9, 16660.99, 15542751, 377
1025, 5, 98, 264, 13, 0, 7.75%, 0, 0, 9, 18508.73, 15617529, 377
1030, 5, 217, 264, 12, 0, 7.75%, 0, 0, 9, 14796.14, 15703683, 377
1035, 5, 15, 264, 9, 0, 7.75%, 0, 0, 9, 18127.21, 15782752, 377
1040, 5, 200, 264, 9, 0, 7.75%, 0, 0, 9, 15588.85, 15863548, 377
1045, 5, 195, 264, 8, 0, 7.75%, 0, 0, 9, 20576.97, 15977443, 377
1051, 5, 0, 264, 7, 0, 7.75%, 0, 0, 9, 25168.23, 16091215, 377
1056, 5, 193, 264, 7, 0, 7.75%, 0, 0, 9, 23228.04, 16215697, 377
1061, 5, 0, 264, 6, 0, 7.75%, 0, 0, 9, 20011.20, 16308807, 377
1066, 5, 204, 264, 6, 0, 7.75%, 0, 0, 9, 20606.96, 16423369, 377
1071, 5, 198, 264, 6, 0, 7.75%, 0, 0, 9, 17699.25, 16511051, 377
1076, 5, 0, 264, 6, 0, 7.75%, 0, 0, 9, 22745.28, 16629610, 377
1081, 5, 221, 264, 5, 0, 7.75%, 0, 0, 9, 20895.38, 16740992, 377
1086, 5, 98, 264, 5, 0, 7.75%, 0, 0, 9, 31848.31, 16917798, 377
1091, 5, 96, 264, 5, 0, 7.75%, 0, 0, 9, 21245.45, 17017864, 377
1096, 5, 0, 264, 5, 0, 7.75%, 0, 0, 9, 30633.79, 17179009, 377
1102, 5, 0, 264, 5, 0, 7.75%, 0, 0, 9, 13245.62, 17257779, 377
1107, 5, 219, 264, 5, 0, 7.75%, 0, 0, 9, 17206.26, 17347697, 377
1112, 5, 204, 264, 5, 0, 7.75%, 0, 0, 9, 19846.30, 17436353, 377
1117, 5, 211, 264, 5, 0, 7.75%, 0, 0, 9, 12851.55, 17493445, 377
1122, 5, 201, 264, 5, 0, 7.75%, 0, 0, 9, 24469.98, 17623097, 377
1127, 5, 219, 264, 5, 0, 7.75%, 0, 0, 9, 18183.04, 17711157, 377
1132, 5, 98, 264, 5, 0, 7.75%, 0, 0, 9, 26395.35, 17835909, 377
1137, 5, 196, 264, 5, 0, 7.75%, 0, 0, 9, 20948.82, 17942020, 377
1142, 5, 96, 264, 4, 0, 7.75%, 0, 0, 9, 27049.20, 18061772, 377
1148, 5, 26, 264, 4, 0, 7.75%, 0, 0, 9, 16508.70, 18146186, 377
1153, 5, 98, 264, 4, 0, 7.75%, 0, 0, 9, 24893.67, 18281182, 377
1158, 6, 210, 264, 4, 0, 7.75%, 0, 0, 9, 20357.20, 18391262, 377
1163, 6, 178, 264, 4, 0, 7.75%, 0, 0, 9, 17136.84, 18468094, 377
1168, 6, 197, 264, 4, 0, 7.75%, 0, 0, 9, 14681.86, 18545256, 377
1173, 6, 174, 264, 4, 0, 7.75%, 0, 0, 9, 24419.83, 18669872, 377
1178, 6, 263, 264, 4, 0, 7.75%, 0, 0, 9, 17603.40, 18754664, 377
1184, 6, 98, 264, 4, 0, 7.75%, 0, 0, 9, 20327.90, 18875048, 377
1189, 6, 215, 264, 4, 0, 7.75%, 0, 0, 9, 14305.24, 18954820, 377
1194, 6, 206, 264, 3, 0, 7.75%, 0, 0, 9, 16883.22, 19051744, 377
1199, 6, 98, 264, 3, 0, 7.75%, 0, 0, 9, 19186.17, 19139506, 377
1204, 6, 256, 264, 3, 0, 7.75%, 0, 0, 9, 16484.56, 19229600, 377
1209, 6, 246, 264, 3, 0, 7.75%, 0, 0, 9, 15029.82, 19318036, 377
1214, 6, 208, 264, 3, 0, 7.75%, 0, 0, 9, 16011.32, 19400204, 377
1219, 6, 197, 264, 3, 0, 7.75%, 0, 0, 9, 14337.30, 19468218, 377
1224, 6, 208, 264, 3, 0, 7.75%, 0, 0, 9, 14254.75, 19543372, 377
1230, 6, 256, 264, 2, 0, 7.75%, 0, 0, 9, 15694.21, 19645730, 377
1235, 6, 234, 264, 2, 0, 7.75%, 0, 0, 9, 26066.38, 19778601, 377
1240, 6, 0, 264, 2, 0, 7.75%, 0, 0, 9, 29217.58, 19914616, 377
1245, 6, 0, 264, 2, 0, 7.75%, 0, 0, 9, 23883.21, 20026748, 377
1250, 6, 198, 264, 2, 0, 7.75%, 0, 0, 9, 23165.74, 20139075, 377
1255, 6, 244, 264, 2, 0, 7.75%, 0, 0, 9, 18444.90, 20221903, 377
1260, 6, 0, 264, 2, 0, 7.75%, 0, 0, 9, 28269.03, 20351965, 377
1265, 6, 8, 264, 2, 0, 7.75%, 0, 0, 9, 29424.33, 20491212, 377
1270, 6, 0, 264, 2, 0, 7.75%, 0, 0, 9, 23504.55, 20593254, 377
1276, 6, 177, 264, 2, 0, 7.75%, 0, 0, 9, 30626.16, 20757328, 377
1281, 6, 211, 264, 2, 0, 7.75%, 0, 0, 9, 19614.96, 20854849, 377
1286, 6, 213, 264, 2, 0, 7.75%, 0, 0, 9, 17083.35, 20937465, 377
1291, 7, 193, 265, 3, 0, 7.75%, 0, 0, 9, 21362.11, 21045323, 377
1296, 7, 95, 265, 3, 0, 7.75%, 0, 0, 9, 14151.69, 21101858, 377
1301, 7, 247, 265, 3, 0, 7.75%, 0, 0, 9, 15895.58, 21205685, 377
1306, 7, 161, 265, 3, 0, 7.75%, 0, 0, 9, 21392.64, 21306258, 377
1311, 7, 0, 265, 3, 0, 7.75%, 0, 0, 9, 26812.59, 21451595, 377
1316, 7, 96, 265, 3, 0, 7.75%, 0, 0, 9, 25884.06, 21572216, 377
1321, 7, 210, 265, 3, 0, 7.75%, 0, 0, 9, 18355.19, 21661053, 377
1326, 7, 98, 265, 3, 0, 7.75%, 0, 0, 9, 18462.53, 21755074, 377
1332, 7, 96, 265, 3, 0, 7.75%, 0, 0, 9, 27561.86, 21910343, 377
1337, 7, 264, 265, 3, 0, 7.75%, 0, 0, 9, 5026.11, 22011690, 377
1342, 7, 96, 265, 2, 0, 7.75%, 0, 0, 9, 18689.02, 22102107, 377
1347, 7, 208, 265, 2, 0, 7.75%, 0, 0, 9, 21171.05, 22238758, 377
1352, 7, 167, 265, 1, 0, 7.75%, 0, 0, 9, 16506.61, 22306929, 377
1357, 7, 244, 265, 1, 0, 7.75%, 0, 0, 9, 17745.91, 22394820, 377
1362, 7, 98, 265, 1, 0, 7.75%, 0, 0, 9, 24443.49, 22502281, 377
1367, 7, 98, 265, 1, 0, 7.75%, 0, 0, 9, 18649.90, 22586196, 377
1372, 7, 241, 265, 1, 0, 7.75%, 0, 0, 9, 15116.56, 22660013, 377
1377, 7, 157, 265, 1, 0, 7.75%, 0, 0, 9, 11764.83, 22712423, 377
1382, 7, 215, 265, 1, 0, 7.75%, 0, 0, 9, 21104.03, 22838459, 377
1388, 7, 215, 265, 1, 0, 7.75%, 0, 0, 9, 11237.35, 22884165, 377
1393, 7, 209, 265, 1, 0, 7.75%, 0, 0, 9, 10289.11, 22937089, 377
1398, 7, 98, 265, 1, 0, 7.75%, 0, 0, 9, 28640.87, 23104288, 377
1403, 7, 186, 265, 1, 0, 7.75%, 0, 0, 9, 26533.46, 23245471, 377
1408, 7, 0, 265, 1, 0, 7.75%, 0, 0, 9, 16175.29, 23306178, 377
1413, 7, 194, 265, 1, 0, 7.75%, 0, 0, 9, 5479.90, 23359856, 377
1418, 7, 0, 265, 1, 0, 7.75%, 0, 0, 9, 19957.56, 23463778, 377
1423, 7, 57, 265, 1, 0, 7.75%, 0, 0, 9, 20485.17, 23563512, 377
1429, 7, 0, 265, 1, 0, 7.75%, 0, 0, 9, 20736.46, 23656639, 377
1434, 8, 203, 265, 1, 0, 7.75%, 0, 0, 9, 17102.38, 23744066, 377
1439, 8, 260, 265, 1, 0, 7.75%, 0, 0, 9, 19544.18, 23848428, 377
1444, 8, 0, 265, 1, 0, 7.75%, 0, 0, 9, 23131.03, 23942993, 377
1449, 8, 0, 265, 1, 0, 7.75%, 0, 0, 9, 23008.38, 24057238, 377
1454, 8, 214, 265, 1, 0, 7.75%, 0, 0, 9, 17965.12, 24147099, 377
1459, 8, 0, 265, 1, 0, 7.75%, 0, 0, 9, 27871.02, 24288455, 377
1464, 8, 174, 265, 1, 0, 7.75%, 0, 0, 9, 23982.89, 24384485, 377
1470, 8, 254, 265, 1, 0, 7.75%, 0, 0, 9, 17179.59, 24476673, 377
1475, 8, 208, 265, 1, 0, 7.75%, 0, 0, 9, 17130.81, 24580887, 377
1480, 8, 98, 265, 1, 0, 7.75%, 0, 0, 9, 24717.72, 24714123, 377
1485, 8, 211, 265, 1, 0, 7.75%, 0, 0, 9, 20322.80, 24819595, 377
1490, 8, 176, 265, 1, 0, 7.75%, 0, 0, 9, 17013.34, 24885682, 377
1495, 8, 0, 265, 1, 0, 7.75%, 0, 0, 9, 17775.80, 24971313, 377
1500, 8, 205, 265, 1, 0, 7.75%, 0, 0, 9, 18064.28, 25080440, 377
1505, 8, 214, 265, 1, 0, 7.75%, 0, 0, 9, 19759.81, 25204073, 377
1510, 8, 179, 265, 1, 0, 7.75%, 0, 0, 9, 16421.81, 25281990, 377
1516, 8, 0, 265, 1, 0, 7.75%, 0, 0, 9, 31080.04, 25452459, 377
1521, 8, 0, 265, 1, 0, 7.75%, 0, 0, 9, 28457.61, 25574510, 377
1526, 8, 0, 265, 1, 0, 7.75%, 0, 0, 9, 24796.16, 25687098, 377
1531, 8, 219, 265, 1, 0, 7.75%, 0, 0, 9, 13756.58, 25748504, 377
1536, 8, 0, 265, 1, 0, 7.75%, 0, 0, 9, 22396.86, 25859676, 377
1541, 8, 198, 265, 1, 0, 7.75%, 0, 0, 9, 24091.34, 25992052, 377
1546, 8, 215, 265, 1, 0, 7.75%, 0, 0, 9, 15447.03, 26063176, 377
1551, 8, 215, 265, 1, 0, 7.75%, 0, 0, 9, 14521.26, 26152584, 377
1556, 8, 53, 265, 1, 0, 7.75%, 0, 0, 9, 18335.36, 26255929, 377
1561, 8, 221, 265, 1, 0, 7.75%, 0, 0, 9, 17307.53, 26344596, 377
1567, 8, 260, 265, 1, 0, 7.75%, 0, 0, 9, 13878.26, 26422176, 377
1572, 9, 247, 265, 1, 0, 7.75%, 0, 0, 9, 12133.79, 26489460, 377
1577, 9, 30, 265, 1, 0, 7.75%, 0, 0, 9, 15518.73, 26558501, 377
1582, 9, 216, 265, 1, 0, 7.75%, 0, 0, 9, 19275.67, 26667311, 377
1587, 9, 96, 265, 1, 0, 7.75%, 0, 0, 9, 22896.22, 26787436, 377
1592, 9, 216, 265, 1, 0, 7.75%, 0, 0, 9, 16553.35, 26868561, 377
1597, 9, 203, 265, 1, 0, 7.75%, 0, 0, 9, 14761.24, 26940221, 377
1602, 9, 210, 265, 1, 0, 7.75%, 0, 0, 9, 10186.17, 26988018, 377
1607, 9, 189, 265, 0, 0, 7.75%, 0, 0, 9, 10953.07, 27043639, 377
1612, 9, 213, 265, 0, 0, 7.75%, 0, 0, 9, 12161.40, 27113958, 377
1617, 9, 82, 265, 0, 0, 7.75%, 0, 0, 9, 26689.48, 27254016, 377
1623, 9, 207, 265, 0, 0, 7.75%, 0, 0, 9, 17550.31, 27336616, 377
1628, 9, 35, 265, 0, 0, 7.75%, 0, 0, 9, 25103.36, 27478053, 377
1633, 9, 192, 265, 0, 0, 7.75%, 0, 0, 9, 25889.93, 27613073, 377
1638, 9, 42, 265, 0, 0, 7.75%, 0, 0, 9, 23674.07, 27710517, 377
1643, 9, 173, 265, 0, 0, 7.75%, 0, 0, 9, 25903.76, 27844319, 377
1648, 9, 206, 265, 0, 0, 7.75%, 0, 0, 9, 20639.49, 27957915, 377
1653, 9, 91, 265, 0, 0, 7.75%, 0, 0, 9, 25345.22, 28077632, 377
1658, 9, 0, 265, 0, 0, 7.75%, 0, 0, 9, 27858.66, 28230108, 377
1663, 9, 57, 265, 0, 0, 7.75%, 0, 0, 9, 29197.73, 28377966, 377
1668, 9, 260, 265, 0, 0, 7.75%, 0, 0, 9, 16404.44, 28447120, 377
1674, 9, 214, 265, 0, 0, 7.75%, 0, 0, 9, 18204.58, 28523819, 377
1679, 9, 0, 265, 0, 0, 7.75%, 0, 0, 9, 18664.93, 28600050, 377
1684, 9, 194, 265, 0, 0, 7.75%, 0, 0, 9, 21485.93, 28722697, 377
1689, 9, 263, 265, 0, 0, 7.75%, 0, 0, 9, 12761.60, 28771210, 377
1694, 9, 91, 265, 0, 0, 7.75%, 0, 0, 9, 17632.14, 28857032, 377
1699, 9, 98, 265, 0, 0, 7.75%, 0, 0, 9, 15314.47, 28928235, 377
1704, 9, 8, 265, 0, 0, 7.75%, 0, 0, 9, 15121.34, 29003677, 377
1709, 9, 0, 265, 0, 0, 7.75%, 0, 0, 9, 20369.66, 29106684, 377
1715, 10, 0, 265, 0, 0, 7.75%, 0, 0, 9, 19572.16, 29209954, 377
1720, 10, 0, 265, 0, 0, 7.75%, 0, 0, 9, 21121.24, 29316884, 377
1725, 10, 8, 265, 0, 0, 7.75%, 0, 0, 9, 20652.99, 29412615, 377
1730, 10, 133, 265, 0, 0, 7.75%, 0, 0, 9, 14932.09, 29476806, 377
1735, 10, 96, 265, 0, 0, 7.75%, 0, 0, 9, 13115.61, 29528997, 377
1740, 10, 256, 265, 0, 0, 7.75%, 0, 0, 9, 16628.71, 29629649, 377
1745, 10, 0, 265, 0, 0, 7.75%, 0, 0, 9, 15117.62, 29707535, 377
1750, 10, 204, 265, 0, 0, 7.75%, 0, 0, 9, 19707.58, 29810221, 377
1756, 10, 96, 265, 0, 0, 7.75%, 0, 0, 9, 20114.58, 29892497, 377
1761, 10, 98, 265, 0, 0, 7.75%, 0, 0, 9, 29727.77, 30050350, 377
1766, 10, 215, 265, 0, 0, 7.75%, 0, 0, 9, 18508.64, 30130075, 377
1771, 10, 0, 265, 0, 0, 7.75%, 0, 0, 9, 26430.78, 30251775, 377
1776, 10, 0, 265, 0, 0, 7.75%, 0, 0, 9, 29668.68, 30405755, 377
1781, 10, 0, 265, 0, 0, 7.75%, 0, 0, 9, 17101.09, 30470305, 377
1786, 10, 194, 265, 0, 0, 7.75%, 0, 0, 9, 15065.04, 30557143, 377
1791, 10, 193, 265, 0, 0, 7.75%, 0, 0, 9, 21410.37, 30682676, 377
1796, 10, 214, 265, 0, 0, 7.75%, 0, 0, 9, 19782.28, 30787822, 377
1801, 10, 51, 265, 0, 0, 7.75%, 0, 0, 9, 24999.12, 30903300, 377
1807, 10, 15, 265, 0, 0, 7.75%, 0, 0, 9, 30634.32, 31067838, 377
1812, 10, 142, 265, 0, 0, 7.75%, 0, 0, 9, 19668.38, 31157463, 377
1817, 10, 255, 265, 0, 0, 7.75%, 0, 0, 9, 15314.10, 31239635, 377
1822, 10, 0, 265, 0, 0, 7.75%, 0, 0, 9, 21948.21, 31357863, 377
1827, 10, 250, 265, 0, 0, 7.75%, 0, 0, 9, 23352.71, 31486059, 377
1832, 10, 262, 265, 0, 0, 7.75%, 0, 0, 9, 14606.45, 31547455, 377
1837, 11, 30, 265, 0, 0, 7.75%, 0, 0, 9, 21298.31, 31653151, 377
1842, 11, 0, 265, 0, 0, 7.75%, 0, 0, 9, 26611.31, 31777379, 377
1847, 11, 0, 265, 0, 0, 7.75%, 0, 0, 9, 16001.29, 31841758, 377
1852, 11, 8, 265, 0, 0, 7.75%, 0, 0, 9, 18435.97, 31931609, 377
1857, 11, 0, 265, 0, 0, 7.75%, 0, 0, 9, 15477.60, 32011643, 377
1862, 11, 175, 265, 0, 0, 7.75%, 0, 0, 9, 23522.33, 32130541, 377
1868, 11, 8, 265, 0, 0, 7.75%, 0, 0, 9, 16590.05, 32216552, 377
1873, 11, 189, 265, 0, 0, 7.75%, 0, 0, 9, 20046.79, 32332587, 377
1878, 11, 96, 265, 0, 0, 7.75%, 0, 0, 9, 16651.04, 32416137, 377
1883, 11, 0, 265, 0, 0, 7.75%, 0, 0, 9, 21835.13, 32539305, 377
1888, 11, 91, 265, 0, 0, 7.75%, 0, 0, 9, 13395.06, 32603310, 377
1893, 11, 96, 265, 0, 0, 7.75%, 0, 0, 9, 15056.88, 32676696, 377
1898, 11, 0, 265, 0, 0, 7.75%, 0, 0, 9, 23149.88, 32807496, 377
1903, 11, 248, 265, 0, 0, 7.75%, 0, 0, 9, 11830.90, 32860530, 377
1908, 11, 201, 265, 0, 0, 7.75%, 0, 0, 9, 15908.26, 32959165, 377
1913, 11, 0, 265, 0, 0, 7.75%, 0, 0, 9, 18112.68, 33037072, 377
1919, 11, 186, 265, 0, 0, 7.75%, 0, 0, 9, 22051.72, 33170045, 377
1924, 11, 0, 265, 0, 0, 7.75%, 0, 0, 9, 21718.35, 33263580, 377
1929, 11, 203, 265, 0, 0, 7.75%, 0, 0, 9, 19983.52, 33377790, 377
1934, 11, 186, 265, 0, 0, 7.75%, 0, 0, 9, 26101.40, 33528956, 377
1939, 11, 0, 265, 0, 0, 7.75%, 0, 0, 9, 25323.70, 33651630, 377
1944, 11, 0, 265, 0, 0, 7.75%, 0, 0, 9, 33349.40, 33832035, 377
1949, 11, 211, 265, 0, 0, 7.75%, 0, 0, 9, 17566.59, 33911105, 377
1954, 11, 16, 265, 0, 0, 7.75%, 0, 0, 9, 16671.47, 33977027, 377
1960, 11, 214, 265, 0, 0, 7.75%, 0, 0, 9, 15350.15, 34064396, 377
1965, 11, 253, 265, 0, 0, 7.75%, 0, 0, 9, 21221.33, 34160478, 377
1970, 12, 0, 265, 0, 0, 7.75%, 0, 0, 9, 26022.47, 34285270, 377
1975, 12, 206, 265, 0, 0, 7.75%, 0, 0, 9, 20569.07, 34398720, 377
1980, 12, 211, 265, 0, 0, 7.75%, 0, 0, 9, 25710.00, 34535047, 377
1985, 12, 8, 265, 0, 0, 7.75%, 0, 0, 9, 22522.30, 34619213, 377
1990, 12, 0, 265, 0, 0, 7.75%, 0, 0, 9, 22034.40, 34712798, 377
1995, 12, 183, 265, 0, 0, 7.75%, 0, 0, 9, 20137.92, 34806026, 377
2000, 12, 214, 265, 0, 0, 7.75%, 0, 0, 9, 17582.67, 34901122, 377
2005, 12, 208, 265, 0, 0, 7.75%, 0, 0, 9, 12088.62, 34952986, 377
2010, 12, 247, 265, 0, 0, 7.75%, 0, 0, 9, 12047.83, 35021716, 377
2015, 12, 247, 265, 0, 0, 7.75%, 0, 0, 9, 13457.43, 35093090, 377
2021, 12, 181, 265, 0, 0, 7.75%, 0, 0, 9, 16953.09, 35168285, 377
2026, 12, 98, 265, 0, 0, 7.75%, 0, 0, 9, 16130.95, 35265308, 377
2031, 12, 262, 265, 0, 0, 7.75%, 0, 0, 9, 13344.98, 35345980, 377
2036, 12, 208, 265, 0, 0, 7.75%, 0, 0, 9, 13030.76, 35413568, 377
2041, 12, 202, 265, 0, 0, 7.75%, 0, 0, 9, 25900.33, 35567133, 377
2046, 12, 0, 265, 0, 0, 7.75%, 0, 0, 9, 27660.70, 35683462, 377
2051, 12, 98, 265, 0, 0, 7.75%, 0, 0, 9, 16751.21, 35755062, 377
2056, 12, 206, 265, 0, 0, 7.75%, 0, 0, 9, 17521.07, 35862170, 377
2062, 12, 195, 265, 0, 0, 7.75%, 0, 0, 9, 17131.54, 35943924, 377
2067, 12, 196, 265, 0, 0, 7.75%, 0, 0, 9, 17683.72, 36030069, 377
2072, 12, 208, 265, 0, 0, 7.75%, 0, 0, 9, 20985.88, 36121072, 377
2077, 12, 205, 265, 0, 0, 7.75%, 0, 0, 9, 12542.37, 36172719, 377
2082, 12, 232, 265, 0, 0, 7.75%, 0, 0, 9, 22132.14, 36306230, 377
2087, 12, 262, 265, 0, 0, 7.75%, 0, 0, 9, 12451.23, 36363600, 377
2092, 12, 203, 265, 0, 0, 7.75%, 0, 0, 9, 17586.93, 36478348, 377
2097, 12, 214, 265, 0, 0, 7.75%, 0, 0, 9, 13274.76, 36551739, 377
2102, 12, 0, 265, 0, 0, 7.75%, 0, 0, 9, 22343.02, 36661026, 377
2107, 12, 0, 265, 0, 0, 7.75%, 0, 0, 9, 27143.58, 36795714, 377
2112, 12, 247, 265, 0, 0, 7.75%, 0, 0, 9, 19393.27, 36886633, 377
2117, 13, 91, 265, 0, 0, 7.75%, 0, 0, 9, 16625.34, 36957670, 377
2123, 13, 0, 265, 0, 0, 7.75%, 0, 0, 9, 22439.70, 37074202, 377
2128, 13, 212, 265, 0, 0, 7.75%, 0, 0, 9, 16202.96, 37161056, 377
2133, 13, 211, 265, 0, 0, 7.75%, 0, 0, 9, 14523.69, 37232896, 377
2138, 13, 0, 265, 0, 0, 7.75%, 0, 0, 9, 22139.16, 37343508, 377
2143, 13, 0, 265, 0, 0, 7.75%, 0, 0, 9, 19069.81, 37427962, 377
2148, 13, 96, 265, 0, 0, 7.75%, 0, 0, 9, 16486.89, 37519320, 377
2153, 13, 199, 265, 0, 0, 7.75%, 0, 0, 9, 13871.83, 37598733, 377
2158, 13, 213, 265, 0, 0, 7.75%, 0, 0, 9, 10497.69, 37656231, 377
2164, 13, 0, 265, 0, 0, 7.75%, 0, 0, 9, 24230.04, 37794266, 377
2169, 13, 212, 265, 0, 0, 7.75%, 0, 0, 9, 16826.63, 37878063, 377
2174, 13, 0, 265, 0, 0, 7.75%, 0, 0, 9, 13779.40, 37938896, 377
2179, 13, 98, 265, 0, 0, 7.75%, 0, 0, 9, 22961.38, 38081916, 377
2184, 13, 205, 265, 0, 0, 7.75%, 0, 0, 9, 20079.88, 38191400, 377
2189, 13, 0, 265, 0, 0, 7.75%, 0, 0, 9, 27492.58, 38327259, 377
2194, 13, 169, 265, 0, 0, 7.75%, 0, 0, 9, 24517.17, 38446666, 377
2199, 13, 30, 265, 0, 0, 7.75%, 0, 0, 9, 25281.83, 38571075, 377
2204, 13, 247, 265, 0, 0, 7.75%, 0, 0, 9, 16602.12, 38654587, 377
2209, 13, 210, 265, 0, 0, 7.75%, 0, 0, 9, 18579.71, 38748345, 377
2215, 13, 184, 265, 0, 0, 7.75%, 0, 0, 9, 14801.47, 38812572, 377
2220, 13, 96, 265, 0, 0, 7.75%, 0, 0, 9, 19154.14, 38927783, 377
2225, 13, 206, 265, 0, 0, 7.75%, 0, 0, 9, 16381.10, 39022986, 377
2230, 13, 207, 265, 0, 0, 7.75%, 0, 0, 9, 12409.56, 39088450, 377
2235, 13, 0, 265, 0, 0, 7.75%, 0, 0, 9, 23305.97, 39200694, 377
2240, 13, 206, 265, 0, 0, 7.75%, 0, 0, 9, 15715.45, 39280016, 377
2245, 13, 235, 265, 0, 0, 7.75%, 0, 0, 9, 17986.40, 39370520, 377
2250, 14, 96, 265, 0, 0, 7.75%, 0, 0, 9, 18664.45, 39467730, 377
2255, 14, 0, 265, 0, 0, 7.75%, 0, 0, 9, 26997.68, 39605871, 377
2260, 14, 0, 265, 0, 0, 7.75%, 0, 0, 9, 30221.39, 39763662, 377
2266, 14, 211, 265, 0, 0, 7.75%, 0, 0, 9, 14600.55, 39816197, 377
2271, 14, 0, 265, 0, 0, 7.75%, 0, 0, 9, 23759.73, 39935950, 377
2276, 14, 215, 265, 0, 0, 7.75%, 0, 0, 9, 19538.12, 40029795, 377
2281, 14, 211, 265, 0, 0, 7.75%, 0, 0, 9, 11534.10, 40077405, 377
2286, 14, 204, 265, 0, 0, 7.75%, 0, 0, 9, 11723.19, 40133565, 377
2291, 14, 15, 265, 0, 0, 7.75%, 0, 0, 9, 19938.90, 40233711, 377
2296, 14, 96, 265, 0, 0, 7.75%, 0, 0, 9, 29937.25, 40394953, 377
2301, 14, 221, 265, 0, 0, 7.75%, 0, 0, 9, 21056.44, 40511423, 377
2306, 14, 135, 265, 0, 0, 7.75%, 0, 0, 9, 12473.37, 40564525, 377
2312, 14, 0, 265, 0, 0, 7.75%, 0, 0, 9, 14331.90, 40641488, 377
2317, 14, 68, 265, 0, 0, 7.75%, 0, 0, 9, 18852.41, 40741045, 377
2322, 14, 0, 265, 0, 0, 7.75%, 0, 0, 9, 22953.78, 40852198, 377
2327, 14, 83, 265, 0, 0, 7.75%, 0, 0, 9, 29273.87, 41009482, 377
2332, 14, 15, 265, 0, 0, 7.75%, 0, 0, 9, 22765.71, 41125667, 377
2337, 14, 204, 265, 0, 0, 7.75%, 0, 0, 9, 14677.14, 41201680, 377
2342, 14, 215, 265, 0, 0, 7.75%, 0, 0, 9, 19037.59, 41306030, 377
2347, 14, 0, 265, 0, 0, 7.75%, 0, 0, 9, 19694.87, 41390918, 377
2352, 14, 255, 265, 0, 0, 7.75%, 0, 0, 9, 19116.96, 41488502, 377
2357, 14, 27, 265, 0, 0, 7.75%, 0, 0, 9, 20818.02, 41586777, 377
2362, 14, 218, 265, 0, 0, 7.75%, 0, 0, 9, 14772.47, 41642198, 377
2367, 14, 0, 265, 0, 0, 7.75%, 0, 0, 9, 15623.27, 41711955, 377
2372, 14, 26, 265, 0, 0, 7.75%, 0, 0, 9, 21330.41, 41827466, 377
2377, 14, 211, 265, 0, 0, 7.75%, 0, 0, 9, 13811.69, 41893302, 377
2383, 15, 260, 265, 0, 0, 7.75%, 0, 0, 9, 16548.31, 41981514, 377
2388, 15, 211, 265, 0, 0, 7.75%, 0, 0, 9, 9974.12, 42023796, 377
2393, 15, 211, 265, 0, 0, 7.75%, 0, 0, 9, 16199.03, 42120551, 377
2398, 15, 45, 265, 0, 0, 7.75%, 0, 0, 9, 20661.76, 42217640, 377
2403, 15, 262, 265, 0, 0, 7.75%, 0, 0, 9, 23896.16, 42357636, 377
2408, 15, 0, 265, 0, 0, 7.75%, 0, 0, 9, 17016.11, 42416402, 377
2413, 15, 212, 265, 0, 0, 7.75%, 0, 0, 9, 24918.11, 42556220, 377
2418, 15, 206, 265, 0, 0, 7.75%, 0, 0, 9, 15673.36, 42620410, 377
2424, 15, 217, 265, 0, 0, 7.75%, 0, 0, 9, 15125.41, 42710138, 377
2429, 15, 215, 265, 0, 0, 7.75%, 0, 0, 9, 27848.47, 42868272, 377
2434, 15, 96, 265, 0, 0, 7.75%, 0, 0, 9, 24494.29, 42963228, 377
2439, 15, 0, 265, 0, 0, 7.75%, 0, 0, 9, 20864.86, 43047676, 377
2444, 15, 204, 265, 0, 0, 7.75%, 0, 0, 9, 26466.93, 43196609, 377
2449, 15, 172, 265, 0, 0, 7.75%, 0, 0, 9, 17973.40, 43270774, 377
2454, 15, 205, 265, 0, 0, 7.75%, 0, 0, 9, 10309.07, 43313668, 377
2459, 15, 197, 265, 0, 0, 7.75%, 0, 0, 9, 19397.11, 43408347, 377
2465, 15, 0, 265, 0, 0, 7.75%, 0, 0, 9, 25671.24, 43527301, 377
2470, 15, 0, 265, 0, 0, 7.75%, 0, 0, 9, 17296.17, 43606907, 377
2475, 15, 262, 265, 0, 0, 7.75%, 0, 0, 9, 17053.40, 43713989, 377
2480, 15, 0, 265, 0, 0, 7.75%, 0, 0, 9, 17193.01, 43789419, 377
2485, 15, 0, 265, 0, 0, 7.75%, 0, 0, 9, 15486.78, 43857453, 377
2490, 15, 216, 265, 0, 0, 7.75%, 0, 0, 9, 15984.58, 43950270, 377
2495, 15, 47, 265, 0, 0, 7.75%, 0, 0, 9, 21997.94, 44059607, 377
2500, 15, 248, 265, 0, 0, 7.75%, 0, 0, 9, 24616.42, 44190466, 377
2505, 15, 182, 265, 0, 0, 7.75%, 0, 0, 9, 19020.31, 44262265, 377
2510, 15, 212, 265, 0, 0, 7.75%, 0, 0, 9, 10672.01, 44303581, 377
2515, 15, 0, 265, 0, 0, 7.75%, 0, 0, 9, 9922.31, 44348844, 377
2520, 15, 0, 265, 0, 0, 7.75%, 0, 0, 9, 16718.27, 44440598, 377
2525, 15, 210, 265, 0, 0, 7.75%, 0, 0, 9, 11348.69, 44493363, 377
2531, 15, 45, 265, 0, 0, 7.75%, 0, 0, 9, 17168.38, 44602938, 377
2536, 16, 216, 265, 0, 0, 7.75%, 0, 0, 9, 23596.32, 44736249, 377
2541, 16, 0, 265, 0, 0, 7.75%, 0, 0, 9, 21918.86, 44828848, 377
2546, 16, 264, 265, 0, 0, 7.75%, 0, 0, 9, 18176.29, 44932304, 377
2551, 16, 0, 265, 0, 0, 7.75%, 0, 0, 9, 21937.59, 45033869, 377
2556, 16, 185, 265, 0, 0, 7.75%, 0, 0, 9, 13076.48, 45088482, 377
2561, 16, 219, 265, 0, 0, 7.75%, 0, 0, 9, 15634.85, 45172585, 377
2566, 16, 246, 265, 0, 0, 7.75%, 0, 0, 9, 16855.48, 45258189, 377
2571, 16, 247, 265, 0, 0, 7.75%, 0, 0, 9, 17555.82, 45329374, 377
2576, 16, 96, 265, 0, 0, 7.75%, 0, 0, 9, 19930.59, 45408357, 377
2582, 16, 217, 265, 0, 0, 7.75%, 0, 0, 9, 21854.40, 45528340, 377
2587, 16, 213, 265, 0, 0, 7.75%, 0, 0, 9, 2495.87, 45591804, 377
2592, 16, 0, 265, 0, 0, 7.75%, 0, 0, 9, 16828.06, 45681505, 377
2597, 16, 0, 265, 0, 0, 7.75%, 0, 0, 9, 16311.11, 45745539, 377
2602, 16, 0, 265, 0, 0, 7.75%, 0, 0, 9, 20487.11, 45857960, 377
2607, 16, 95, 265, 0, 0, 7.75%, 0, 0, 9, 20684.91, 45963854, 377
2612, 16, 0, 265, 0, 0, 7.75%, 0, 0, 9, 23240.15, 46085092, 377
2617, 16, 120, 265, 0, 0, 7.75%, 0, 0, 9, 21615.86, 46189890, 377
2622, 16, 96, 265, 0, 0, 7.75%, 0, 0, 9, 20558.39, 46290148, 377
2627, 16, 207, 265, 0, 0, 7.75%, 0, 0, 9, 17314.40, 46387599, 377
2632, 16, 98, 265, 0, 0, 7.75%, 0, 0, 9, 24551.60, 46534548, 377
2638, 16, 26, 265, 0, 0, 7.75%, 0, 0, 9, 22883.93, 46645972, 377
2643, 16, 124, 265, 0, 0, 7.75%, 0, 0, 9, 21001.23, 46758241, 377
2648, 16, 221, 265, 0, 0, 7.75%, 0, 0, 9, 14445.37, 46830401, 377
2653, 16, 98, 265, 0, 0, 7.75%, 0, 0, 9, 24217.68, 46976233, 377
2658, 16, 96, 265, 0, 0, 7.75%, 0, 0, 9, 25452.38, 47088149, 377
2663, 17, 262, 267, 2, 0, 7.75%, 0, 0, 9, 17593.74, 47173853, 377
2668, 17, 0, 267, 2, 0, 7.75%, 0, 0, 9, 14294.76, 47231679, 377
2673, 17, 184, 267, 2, 0, 7.75%, 0, 0, 9, 20827.99, 47350506, 377
2679, 17, 208, 267, 1, 0, 7.75%, 0, 0, 9, 17651.54, 47438473, 377
2684, 17, 98, 267, 1, 0, 7.75%, 0, 0, 9, 25669.86, 47568520, 377
2689, 17, 158, 267, 1, 0, 7.75%, 0, 0, 9, 24214.83, 47695779, 377
2694, 17, 16, 267, 1, 0, 7.75%, 0, 0, 9, 20960.45, 47783987, 377
2699, 17, 246, 267, 1, 0, 7.75%, 0, 0, 9, 14617.22, 47845253, 377
2704, 17, 232, 267, 1, 0, 7.75%, 0, 0, 9, 19401.73, 47927478, 377
2709, 17, 98, 267, 0, 0, 7.75%, 0, 0, 9, 18530.36, 48023688, 377
2714, 17, 204, 267, 0, 0, 7.75%, 0, 0, 9, 18912.74, 48136155, 377
2719, 17, 96, 267, 0, 0, 7.75%, 0, 0, 9, 24373.47, 48264433, 377
2725, 17, 124, 267, 0, 0, 7.75%, 0, 0, 9, 25226.83, 48374355, 377
2730, 17, 0, 267, 0, 0, 7.75%, 0, 0, 9, 15645.89, 48426051, 377
2735, 17, 213, 267, 0, 0, 7.75%, 0, 0, 9, 18718.22, 48524026, 377
2740, 17, 0, 267, 0, 0, 7.75%, 0, 0, 9, 19599.50, 48621920, 377
2745, 17, 0, 267, 0, 0, 7.75%, 0, 0, 9, 20697.13, 48738855, 377
2750, 17, 96, 267, 0, 0, 7.75%, 0, 0, 9, 21758.66, 48841805, 377
2755, 17, 0, 267, 0, 0, 7.75%, 0, 0, 9, 20562.47, 48921494, 377
2760, 17, 211, 267, 0, 0, 7.75%, 0, 0, 9, 20259.41, 49037989, 377
2765, 17, 98, 267, 0, 0, 7.75%, 0, 0, 9, 23380.84, 49133590, 377
2770, 17, 91, 267, 0, 0, 7.75%, 0, 0, 9, 27734.99, 49256840, 377
2775, 17, 0, 267, 0, 0, 7.75%, 0, 0, 9, 19897.83, 49344792, 377
2780, 17, 0, 267, 0, 0, 7.75%, 0, 0, 9, 22955.43, 49459884, 377
2786, 17, 0, 267, 0, 0, 7.75%, 0, 0, 9, 21641.78, 49578434, 377
2791, 18, 91, 267, 0, 0, 7.75%, 0, 0, 9, 20205.19, 49691643, 377
2796, 18, 214, 267, 0, 0, 7.75%, 0, 0, 9, 13260.49, 49746868, 377
2801, 18, 0, 267, 0, 0, 7.75%, 0, 0, 9, 18922.77, 49826763, 377
2806, 18, 42, 267, 0, 0, 7.75%, 0, 0, 9, 30311.62, 49999575, 377
2811, 18, 261, 267, 0, 0, 7.75%, 0, 0, 9, 27693.64, 50125019, 377
2816, 18, 213, 267, 0, 0, 7.75%, 0, 0, 9, 14805.73, 50175853, 377
2822, 18, 0, 267, 0, 0, 7.75%, 0, 0, 9, 26087.34, 50306347, 377
2827, 18, 258, 267, 0, 0, 7.75%, 0, 0, 9, 20729.18, 50422980, 377
2832, 18, 206, 267, 0, 0, 7.75%, 0, 0, 9, 13578.01, 50486666, 377
2837, 18, 45, 267, 0, 0, 7.75%, 0, 0, 9, 11620.04, 50536094, 377
2842, 18, 259, 267, 0, 0, 7.75%, 0, 0, 9, 20317.63, 50644074, 377
2847, 18, 236, 267, 0, 0, 7.75%, 0, 0, 9, 23533.28, 50747339, 377
2852, 18, 8, 267, 0, 0, 7.75%, 0, 0, 9, 28565.05, 50892461, 377
2857, 18, 236, 267, 0, 0, 7.75%, 0, 0, 9, 29227.53, 51046015, 377
2862, 18, 96, 267, 0, 0, 7.75%, 0, 0, 9, 24601.83, 51151207, 377
2867, 18, 15, 267, 0, 0, 7.75%, 0, 0, 9, 26974.78, 51300058, 377
2873, 18, 214, 267, 0, 0, 7.75%, 0, 0, 9, 15223.24, 51367971, 377
2878, 18, 96, 267, 0, 0, 7.75%, 0, 0, 9, 19038.49, 51476283, 377
2883, 18, 0, 267, 0, 0, 7.75%, 0, 0, 9, 17873.74, 51559776, 377
2888, 18, 180, 267, 0, 0, 7.75%, 0, 0, 9, 21386.52, 51672048, 377
2893, 18, 259, 267, 0, 0, 7.75%, 0, 0, 9, 14486.37, 51740922, 377
2898, 18, 246, 267, 0, 0, 7.75%, 0, 0, 9, 20683.47, 51865152, 377
2903, 18, 216, 267, 0, 0, 7.75%, 0, 0, 9, 16525.36, 51939195, 377
2908, 18, 0, 267, 0, 0, 7.75%, 0, 0, 9, 22842.27, 52059337, 377
2913, 18, 0, 267, 0, 0, 7.75%, 0, 0, 9, 26978.13, 52208285, 377
2918, 18, 258, 267, 0, 0, 7.75%, 0, 0, 9, 16183.07, 52287359, 377
2924, 19, 247, 267, 0, 0, 7.75%, 0, 0, 9, 14213.95, 52373925, 377
2929, 19, 197, 267, 0, 0, 7.75%, 0, 0, 9, 19039.85, 52489867, 377
2934, 19, 221, 267, 0, 0, 7.75%, 0, 0, 9, 20225.09, 52575571, 377
2939, 19, 206, 267, 0, 0, 7.75%, 0, 0, 9, 15367.97, 52652922, 377
2944, 19, 198, 267, 0, 0, 7.75%, 0, 0, 9, 22840.56, 52792139, 377
2949, 19, 259, 267, 0, 0, 7.75%, 0, 0, 9, 18179.52, 52879319, 377
2954, 19, 0, 267, 0, 0, 7.75%, 0, 0, 9, 22463.89, 52981588, 377
2960, 19, 263, 267, 0, 0, 7.75%, 0, 0, 9, 17915.64, 53069554, 377
2965, 19, 96, 267, 0, 0, 7.75%, 0, 0, 9, 27582.06, 53220609, 377
2970, 19, 246, 267, 0, 0, 7.75%, 0, 0, 9, 22643.03, 53346263, 377
2975, 19, 207, 267, 0, 0, 7.75%, 0, 0, 9, 17247.67, 53428681, 377
2980, 19, 193, 267, 0, 0, 7.75%, 0, 0, 9, 12882.15, 53491676, 377
2985, 19, 256, 267, 0, 0, 7.75%, 0, 0, 9, 17565.76, 53595962, 377
2991, 19, 246, 267, 0, 0, 7.75%, 0, 0, 9, 10061.74, 53637837, 377
2996, 19, 0, 267, 0, 0, 7.75%, 0, 0, 9, 13993.28, 53717097, 377
3001, 19, 0, 267, 0, 0, 7.75%, 0, 0, 9, 26734.63, 53868219, 377
3006, 19, 246, 267, 0, 0, 7.75%, 0, 0, 9, 20438.66, 53962509, 377
3011, 19, 96, 267, 0, 0, 7.75%, 0, 0, 9, 23152.23, 54057363, 377
3016, 19, 197, 267, 0, 0, 7.75%, 0, 0, 9, 19432.86, 54152030, 377
3021, 19, 247, 267, 0, 0, 7.75%, 0, 0, 9, 16539.73, 54236863, 377
3026, 19, 0, 267, 0, 0, 7.75%, 0, 0, 9, 14124.74, 54305990, 377
3031, 19, 185, 267, 0, 0, 7.75%, 0, 0, 9, 20359.99, 54422581, 377
3037, 19, 189, 267, 0, 0, 7.75%, 0, 0, 9, 16372.16, 54497269, 377
3042, 19, 187, 267, 0, 0, 7.75%, 0, 0, 9, 13229.63, 54567501, 377
3047, 19, 96, 267, 0, 0, 7.75%, 0, 0, 9, 17394.97, 54662355, 377
3052, 19, 219, 267, 0, 0, 7.75%, 0, 0, 9, 14578.95, 54747277, 377
3057, 19, 169, 267, 0, 0, 7.75%, 0, 0, 9, 15307.11, 54815776, 377
3062, 19, 218, 267, 0, 0, 7.75%, 0, 0, 9, 18354.61, 54921006, 377
3067, 19, 214, 267, 0, 0, 7.75%, 0, 0, 9, 11718.88, 54971429, 377
3072, 19, 0, 267, 0, 0, 7.75%, 0, 0, 9, 21934.12, 55103587, 377
3077, 19, 0, 267, 0, 0, 7.75%, 0, 0, 9, 19822.64, 55198298, 377
3082, 20, 91, 267, 0, 0, 7.75%, 0, 0, 9, 18391.58, 55300299, 377
3088, 20, 247, 267, 0, 0, 7.75%, 0, 0, 9, 6313.93, 55353804, 377
3093, 20, 96, 267, 0, 0, 7.75%, 0, 0, 9, 11546.65, 55409918, 377
3098, 20, 98, 267, 0, 0, 7.75%, 0, 0, 9, 18173.98, 55505697, 377
3103, 20, 238, 267, 0, 0, 7.75%, 0, 0, 9, 15351.14, 55580424, 377
3108, 20, 0, 267, 0, 0, 7.75%, 0, 0, 9, 20203.54, 55678215, 377
3113, 20, 246, 267, 0, 0, 7.75%, 0, 0, 9, 11895.48, 55729141, 377
3118, 20, 207, 267, 0, 0, 7.75%, 0, 0, 9, 15103.69, 55808664, 377
3123, 20, 96, 267, 0, 0, 7.75%, 0, 0, 9, 21908.52, 55915669, 377
3129, 20, 91, 267, 0, 0, 7.75%, 0, 0, 9, 20943.78, 56004456, 377
3134, 20, 0, 267, 0, 0, 7.75%, 0, 0, 9, 27496.11, 56154022, 377
3139, 20, 98, 267, 0, 0, 7.75%, 0, 0, 9, 26546.64, 56268812, 377
3144, 20, 0, 267, 0, 0, 7.75%, 0, 0, 9, 26607.44, 56408195, 377
3149, 20, 209, 267, 0, 0, 7.75%, 0, 0, 9, 14095.90, 56467379, 377
3154, 20, 134, 267, 0, 0, 7.75%, 0, 0, 9, 20458.81, 56574751, 377
3159, 20, 209, 267, 0, 0, 7.75%, 0, 0, 9, 16357.23, 56668534, 377
3164, 20, 98, 267, 0, 0, 7.75%, 0, 0, 9, 26364.93, 56787148, 377
3169, 20, 188, 267, 0, 0, 7.75%, 0, 0, 9, 23163.37, 56889830, 377
3174, 20, 255, 267, 0, 0, 7.75%, 0, 0, 9, 17798.24, 56973414, 377
3179, 20, 211, 267, 0, 0, 7.75%, 0, 0, 9, 5340.00, 57006225, 377
3185, 20, 176, 267, 0, 0, 7.75%, 0, 0, 9, 18598.64, 57106247, 377
3190, 20, 96, 267, 0, 0, 7.75%, 0, 0, 9, 23398.25, 57232997, 377
3195, 20, 0, 267, 0, 0, 7.75%, 0, 0, 9, 21217.85, 57322023, 377
3200, 20, 250, 267, 0, 0, 7.75%, 0, 0, 9, 13041.62, 57386041, 377
3205, 20, 8, 267, 0, 0, 7.75%, 0, 0, 9, 26337.41, 57537817, 377
3210, 20, 262, 267, 0, 0, 7.75%, 0, 0, 9, 16308.07, 57622199, 377
3216, 20, 96, 267, 0, 0, 7.75%, 0, 0, 9, 15608.72, 57693626, 377
3221, 21, 18, 267, 0, 0, 7.75%, 0, 0, 9, 15376.39, 57765458, 377
3226, 21, 0, 267, 0, 0, 7.75%, 0, 0, 9, 27758.56, 57921791, 377
3231, 21, 218, 267, 0, 0, 7.75%, 0, 0, 9, 20742.81, 58009971, 377
3236, 21, 98, 267, 0, 0, 7.75%, 0, 0, 9, 21245.45, 58089016, 377
3241, 21, 216, 267, 0, 0, 7.75%, 0, 0, 9, 16300.89, 58177150, 377
3246, 21, 247, 267, 0, 0, 7.75%, 0, 0, 9, 19585.47, 58283049, 377
3251, 21, 0, 267, 0, 0, 7.75%, 0, 0, 9, 18856.92, 58354860, 377
3256, 21, 0, 267, 0, 0, 7.75%, 0, 0, 9, 16558.61, 58446213, 377
3262, 21, 162, 267, 0, 0, 7.75%, 0, 0, 9, 22536.34, 58570809, 377
3267, 21, 98, 267, 0, 0, 7.75%, 0, 0, 9, 28838.19, 58719349, 377
3272, 21, 98, 267, 0, 0, 7.75%, 0, 0, 9, 21688.09, 58814512, 377
3277, 21, 36, 267, 0, 0, 7.75%, 0, 0, 9, 13975.26, 58883222, 377
3282, 21, 185, 267, 0, 0, 7.75%, 0, 0, 9, 17003.47, 58958074, 377
3287, 21, 68, 267, 0, 0, 7.75%, 0, 0, 9, 18120.78, 59047158, 377
3292, 21, 0, 267, 0, 0, 7.75%, 0, 0, 9, 15081.37, 59116735, 377
3297, 21, 180, 267, 0, 0, 7.75%, 0, 0, 9, 23600.63, 59254056, 377
3302, 21, 167, 267, 0, 0, 7.75%, 0, 0, 9, 23558.13, 59370996, 377
3308, 21, 190, 267, 0, 0, 7.75%, 0, 0, 9, 21141.02, 59473773, 377
3313, 21, 0, 267, 0, 0, 7.75%, 0, 0, 9, 22229.98, 59580630, 377
3318, 21, 197, 267, 0, 0, 7.75%, 0, 0, 9, 14791.41, 59642857, 377
3323, 21, 221, 267, 0, 0, 7.75%, 0, 0, 9, 13693.45, 59717131, 377
3328, 21, 211, 267, 0, 0, 7.75%, 0, 0, 9, 9907.75, 59765281, 377
3333, 21, 246, 267, 0, 0, 7.75%, 0, 0, 9, 9007.99, 59808095, 377
3338, 21, 175, 267, 0, 0, 7.75%, 0, 0, 9, 19534.86, 59919949, 377
3343, 21, 214, 267, 0, 0, 7.75%, 0, 0, 9, 12136.73, 59978055, 377
3348, 21, 0, 267, 0, 0, 7.75%, 0, 0, 9, 16192.67, 60054402, 377
3353, 21, 219, 267, 0, 0, 7.75%, 0, 0, 9, 15334.89, 60146847, 377
3358, 21, 204, 267, 0, 0, 7.75%, 0, 0, 9, 14263.07, 60227875, 377
3364, 21, 205, 267, 0, 0, 7.75%, 0, 0, 9, 15795.27, 60307633, 377
3369, 21, 0, 267, 0, 0, 7.75%, 0, 0, 9, 22015.34, 60414207, 377
3374, 22, 238, 267, 0, 0, 7.75%, 0, 0, 9, 21681.80, 60526654, 377
3379, 22, 0, 267, 0, 0, 7.75%, 0, 0, 9, 18226.81, 60597810, 377
3384, 22, 262, 267, 0, 0, 7.75%, 0, 0, 9, 18479.02, 60717470, 377
3389, 22, 207, 267, 0, 0, 7.75%, 0, 0, 9, 15036.67, 60786092, 377
3394, 22, 98, 267, 0, 0, 7.75%, 0, 0, 9, 14546.16, 60852673, 377
3399, 22, 258, 267, 0, 0, 7.75%, 0, 0, 9, 15763.40, 60955595, 377
3404, 22, 0, 267, 0, 0, 7.75%, 0, 0, 9, 14305.18, 61019962, 377
3410, 22, 0, 267, 0, 0, 7.75%, 0, 0, 9, 19941.07, 61118093, 377
3415, 22, 208, 267, 0, 0, 7.75%, 0, 0, 9, 14531.86, 61200257, 377
3420, 22, 199, 267, 0, 0, 7.75%, 0, 0, 9, 13156.10, 61263856, 377
3425, 22, 95, 267, 0, 0, 7.75%, 0, 0, 9, 15210.28, 61342013, 377
3430, 22, 0, 267, 0, 0, 7.75%, 0, 0, 9, 24430.65, 61461671, 377
3435, 22, 0, 267, 0, 0, 7.75%, 0, 0, 9, 24058.49, 61572251, 377
3440, 22, 262, 267, 0, 0, 7.75%, 0, 0, 9, 13284.60, 61624149, 377
3445, 22, 208, 267, 0, 0, 7.75%, 0, 0, 9, 16125.85, 61699955, 377
3450, 22, 0, 267, 0, 0, 7.75%, 0, 0, 9, 23455.08, 61810280, 377
3455, 22, 219, 267, 0, 0, 7.75%, 0, 0, 9, 13320.22, 61869832, 377
3460, 22, 96, 267, 0, 0, 7.75%, 0, 0, 9, 19297.94, 61957712, 377
3466, 22, 210, 267, 0, 0, 7.75%, 0, 0, 9, 14035.83, 62030622, 377
3471, 22, 0, 267, 0, 0, 7.75%, 0, 0, 9, 26048.73, 62162297, 377
3476, 22, 0, 267, 0, 0, 7.75%, 0, 0, 9, 24719.43, 62285297, 377
3481, 22, 30, 267, 0, 0, 7.75%, 0, 0, 9, 16125.69, 62344130, 377
3486, 22, 256, 267, 0, 0, 7.75%, 0, 0, 9, 10695.73, 62394407, 377
3491, 22, 208, 267, 0, 0, 7.75%, 0, 0, 9, 16151.45, 62492992, 377
3496, 22, 232, 267, 0, 0, 7.75%, 0, 0, 9, 20959.82, 62608131, 377
3501, 22, 124, 267, 0, 0, 7.75%, 0, 0, 9, 21100.95, 62694469, 377
3506, 22, 196, 267, 0, 0, 7.75%, 0, 0, 9, 20817.47, 62811835, 377
3511, 22, 263, 267, 0, 0, 7.75%, 0, 0, 9, 19086.92, 62911205, 377
3516, 22, 184, 267, 0, 0, 7.75%, 0, 0, 9, 17972.67, 63002056, 377
3521, 22, 0, 267, 0, 0, 7.75%, 0, 0, 9, 23188.63, 63130000, 377
3526, 22, 195, 267, 0, 0, 7.75%, 0, 0, 9, 17673.57, 63211013, 377
3532, 23, 165, 267, 0, 0, 7.75%, 0, 0, 9, 21146.64, 63313182, 377
3537, 23, 232, 267, 0, 0, 7.75%, 0, 0, 9, 20436.69, 63411040, 377
3542, 23, 221, 267, 0, 0, 7.75%, 0, 0, 9, 16609.30, 63495439, 377
3547, 23, 98, 267, 0, 0, 7.75%, 0, 0, 9, 16596.77, 63587310, 377
3552, 23, 198, 267, 0, 0, 7.75%, 0, 0, 9, 15816.90, 63663566, 377
3557, 23, 154, 267, 0, 0, 7.75%, 0, 0, 9, 15755.57, 63732813, 377
3562, 23, 201, 267, 0, 0, 7.75%, 0, 0, 9, 3936.63, 63815240, 377
3567, 23, 191, 267, 0, 0, 7.75%, 0, 0, 9, 13872.11, 63891825, 377
3572, 23, 0, 267, 0, 0, 7.75%, 0, 0, 9, 10927.27, 63948958, 377
3577, 23, 265, 267, 0, 0, 7.75%, 0, 0, 9, 5139.12, 63977365, 377
3583, 23, 0, 267, 0, 0, 7.75%, 0, 0, 9, 11304.07, 64042508, 377
3588, 23, 91, 267, 0, 0, 7.75%, 0, 0, 9, 13811.79, 64119887, 377
3593, 23, 130, 267, 0, 0, 7.75%, 0, 0, 9, 8565.04, 64160202, 377
3597, 23, 0, 267, 0, 0, 7.75%, 0, 0, 9, 14164.63, 64220308, 377
