# relative_time, cycles_done, cur_item, corpus_count, pending_total, pending_favs, map_size, saved_crashes, saved_hangs, max_depth, execs_per_sec, total_execs, edges_found
61, 0, 164, 254, 214, 0, 8.74%, 0, 0, 4, 17477.34, 1157990, 430
66, 0, 225, 254, 213, 0, 8.74%, 0, 0, 4, 21488.74, 1272585, 430
71, 1, 64, 255, 214, 0, 8.74%, 0, 0, 4, 23444.81, 1397838, 430
76, 1, 225, 255, 210, 0, 8.74%, 0, 0, 4, 23835.31, 1526017, 430
81, 1, 229, 257, 211, 0, 8.74%, 0, 0, 4, 22288.25, 1634128, 430
86, 1, 225, 258, 209, 0, 8.74%, 0, 0, 4, 21506.83, 1737958, 430
91, 1, 163, 261, 211, 0, 8.74%, 0, 0, 4, 21787.69, 1853956, 430
96, 1, 224, 262, 210, 0, 8.74%, 0, 0, 4, 22341.82, 1959852, 430
101, 1, 164, 262, 210, 0, 8.74%, 0, 0, 4, 21225.26, 2063740, 430
107, 1, 225, 262, 209, 0, 8.74%, 0, 0, 4, 21178.38, 2167667, 430
112, 1, 103, 262, 209, 0, 8.74%, 0, 0, 4, 19771.77, 2266851, 430
117, 1, 225, 262, 209, 0, 8.74%, 0, 0, 4, 21025.01, 2370381, 430
122, 1, 224, 262, 207, 0, 8.74%, 0, 0, 4, 21974.49, 2492587, 430
127, 2, 32, 314, 258, 0, 8.74%, 0, 0, 4, 20029.19, 2583542, 430
132, 2, 225, 314, 256, 0, 8.74%, 0, 0, 4, 25811.02, 2716500, 430
137, 2, 225, 314, 254, 0, 8.74%, 0, 0, 4, 25864.98, 2838521, 430
142, 2, 225, 314, 253, 0, 8.74%, 0, 0, 4, 25021.72, 2966769, 430
147, 2, 225, 314, 251, 0, 8.74%, 0, 0, 4, 22982.61, 3080143, 430
152, 2, 103, 314, 249, 0, 8.74%, 0, 0, 4, 19451.66, 3179651, 430
157, 2, 225, 314, 249, 0, 8.74%, 0, 0, 4, 22025.12, 3286220, 430
162, 2, 103, 314, 248, 0, 8.74%, 0, 0, 4, 25941.03, 3418152, 430
167, 2, 163, 314, 248, 0, 8.74%, 0, 0, 4, 23112.00, 3527369, 430
173, 2, 225, 314, 247, 0, 8.74%, 0, 0, 4, 24358.57, 3652210, 430
178, 2, 225, 314, 246, 0, 8.74%, 0, 0, 4, 21273.33, 3753345, 430
183, 2, 103, 314, 245, 0, 8.74%, 0, 0, 4, 22428.29, 3867442, 430
188, 2, 225, 314, 245, 0, 8.74%, 0, 0, 4, 22622.19, 3978539, 430
193, 2, 98, 314, 244, 0, 8.74%, 0, 0, 4, 24727.48, 4102780, 430
198, 3, 225, 333, 262, 0, 8.74%, 0, 0, 4, 21639.50, 4214459, 430
203, 3, 15, 333, 262, 0, 8.74%, 0, 0, 4, 20332.49, 4317864, 430
208, 3, 119, 333, 261, 0, 8.74%, 0, 0, 4, 21689.81, 4430633, 430
213, 3, 224, 335, 262, 0, 8.74%, 0, 0, 4, 17425.32, 4516990, 430
218, 3, 224, 335, 262, 0, 8.74%, 0, 0, 4, 17274.98, 4606390, 430
223, 3, 5, 335, 262, 0, 8.74%, 0, 0, 4, 18782.48, 4705286, 430
228, 3, 83, 335, 262, 0, 8.74%, 0, 0, 4, 19863.62, 4808119, 430
234, 3, 225, 335, 259, 0, 8.74%, 0, 0, 4, 18185.47, 4901333, 430
239, 3, 103, 336, 260, 0, 8.74%, 0, 0, 4, 19692.03, 5003277, 430
244, 3, 224, 336, 259, 0, 8.74%, 0, 0, 4, 19681.55, 5108684, 430
249, 3, 225, 336, 259, 0, 8.74%, 0, 0, 4, 24832.43, 5227428, 430
254, 3, 225, 336, 259, 0, 8.74%, 0, 0, 4, 21472.36, 5336962, 430
259, 3, 225, 336, 259, 0, 8.74%, 0, 0, 4, 24667.25, 5464725, 430
264, 3, 225, 336, 257, 0, 8.74%, 0, 0, 4, 21122.99, 5568761, 430
269, 3, 225, 336, 257, 0, 8.74%, 0, 0, 4, 24956.46, 5702755, 430
274, 3, 225, 336, 256, 0, 8.74%, 0, 0, 4, 19621.84, 5801214, 430
279, 4, 224, 344, 264, 0, 8.74%, 0, 0, 4, 17123.15, 5890474, 430
285, 4, 225, 344, 263, 0, 8.74%, 0, 0, 4, 19150.72, 5997027, 430
290, 4, 225, 344, 263, 0, 8.74%, 0, 0, 4, 24001.22, 6122076, 430
295, 4, 224, 344, 263, 0, 8.74%, 0, 0, 4, 20295.34, 6230216, 430
300, 4, 225, 344, 263, 0, 8.74%, 0, 0, 4, 23527.92, 6356340, 430
305, 4, 225, 344, 263, 0, 8.74%, 0, 0, 4, 21272.86, 6458269, 430
310, 4, 225, 344, 261, 0, 8.74%, 0, 0, 4, 27767.22, 6614242, 430
315, 4, 224, 344, 261, 0, 8.74%, 0, 0, 4, 21900.16, 6725452, 430
320, 4, 225, 344, 260, 0, 8.74%, 0, 0, 4, 23508.21, 6850733, 430
326, 4, 225, 344, 259, 0, 8.74%, 0, 0, 4, 20126.87, 6959102, 430
331, 4, 41, 344, 257, 0, 8.74%, 0, 0, 4, 21151.22, 7064912, 430
336, 4, 225, 344, 257, 0, 8.74%, 0, 0, 4, 19924.19, 7160078, 430
341, 4, 173, 344, 256, 0, 8.74%, 0, 0, 4, 23586.26, 7290356, 430
346, 4, 9, 344, 253, 0, 8.74%, 0, 0, 4, 21502.91, 7389514, 430
351, 4, 225, 344, 253, 0, 8.74%, 0, 0, 4, 24250.19, 7512710, 430
356, 4, 9, 344, 253, 0, 8.74%, 0, 0, 4, 20511.33, 7609766, 430
361, 5, 225, 344, 252, 0, 8.74%, 0, 0, 4, 19957.91, 7710304, 430
366, 5, 224, 344, 251, 0, 8.74%, 0, 0, 4, 18664.04, 7802844, 430
372, 5, 225, 344, 248, 0, 8.74%, 0, 0, 4, 20515.85, 7915659, 430
377, 5, 225, 344, 246, 0, 8.74%, 0, 0, 4, 16946.22, 8000491, 430
382, 5, 273, 344, 246, 0, 8.74%, 0, 0, 4, 22919.79, 8122392, 430
387, 5, 67, 344, 244, 0, 8.74%, 0, 0, 4, 19364.69, 8213904, 430
392, 5, 225, 345, 243, 0, 8.74%, 0, 0, 4, 20027.37, 8320075, 430
397, 5, 224, 345, 241, 0, 8.74%, 0, 0, 4, 18059.30, 8405300, 430
402, 5, 32, 345, 240, 0, 8.74%, 0, 0, 4, 21538.32, 8521452, 430
407, 5, 225, 345, 239, 0, 8.74%, 0, 0, 4, 20141.35, 8619066, 430
412, 5, 224, 345, 238, 0, 8.74%, 0, 0, 4, 17999.37, 8717354, 430
417, 5, 224, 345, 237, 0, 8.74%, 0, 0, 4, 20980.27, 8820950, 430
422, 5, 5, 345, 235, 0, 8.74%, 0, 0, 4, 22913.34, 8941554, 430
428, 5, 225, 345, 234, 0, 8.74%, 0, 0, 4, 15612.12, 9019437, 430
433, 5, 224, 345, 233, 0, 8.74%, 0, 0, 4, 22090.62, 9135604, 430
438, 5, 103, 345, 231, 0, 8.74%, 0, 0, 4, 21584.55, 9240929, 430
443, 6, 119, 345, 231, 0, 8.74%, 0, 0, 4, 22573.58, 9360962, 430
448, 6, 224, 345, 231, 0, 8.74%, 0, 0, 4, 22610.28, 9473296, 430
453, 6, 225, 345, 231, 0, 8.74%, 0, 0, 4, 19747.60, 9579731, 430
458, 6, 5, 345, 230, 0, 8.74%, 0, 0, 4, 19260.57, 9674897, 430
463, 6, 225, 345, 230, 0, 8.74%, 0, 0, 4, 18051.73, 9761371, 430
468, 6, 225, 345, 230, 0, 8.74%, 0, 0, 4, 21686.39, 9867806, 430
473, 6, 225, 345, 230, 0, 8.74%, 0, 0, 4, 19937.32, 9972023, 430
478, 6, 225, 345, 230, 0, 8.74%, 0, 0, 4, 12801.35, 10028521, 430
483, 6, 225, 345, 229, 0, 8.74%, 0, 0, 4, 19146.07, 10123892, 430
488, 6, 225, 345, 229, 0, 8.74%, 0, 0, 4, 21841.16, 10233852, 430
494, 6, 224, 345, 227, 0, 8.74%, 0, 0, 4, 22615.62, 10347621, 430
499, 6, 184, 345, 227, 0, 8.74%, 0, 0, 4, 22085.09, 10460559, 430
504, 6, 225, 345, 226, 0, 8.74%, 0, 0, 4, 20739.73, 10563673, 430
509, 6, 225, 345, 226, 0, 8.74%, 0, 0, 4, 24448.11, 10688611, 430
514, 6, 225, 345, 226, 0, 8.74%, 0, 0, 4, 20370.10, 10792765, 430
519, 6, 225, 345, 225, 0, 8.74%, 0, 0, 4, 17157.19, 10878947, 430
524, 6, 225, 345, 223, 0, 8.74%, 0, 0, 4, 15802.08, 10957075, 430
529, 6, 225, 345, 222, 0, 8.74%, 0, 0, 4, 18568.87, 11049269, 430
534, 7, 224, 345, 220, 0, 8.74%, 0, 0, 4, 19961.53, 11163434, 430
539, 7, 80, 345, 220, 0, 8.74%, 0, 0, 4, 21593.63, 11267932, 430
544, 7, 225, 345, 218, 0, 8.74%, 0, 0, 4, 19733.24, 11369218, 430
549, 7, 20, 345, 218, 0, 8.74%, 0, 0, 4, 23384.00, 11490696, 430
554, 7, 225, 345, 218, 0, 8.74%, 0, 0, 4, 20616.85, 11597763, 430
560, 7, 225, 345, 217, 0, 8.74%, 0, 0, 4, 21393.43, 11705817, 430
565, 7, 157, 345, 216, 0, 8.74%, 0, 0, 4, 19237.90, 11802513, 430
570, 7, 225, 345, 216, 0, 8.74%, 0, 0, 4, 20173.41, 11911398, 430
575, 7, 5, 345, 216, 0, 8.74%, 0, 0, 4, 19928.75, 12016524, 430
580, 7, 225, 345, 214, 0, 8.74%, 0, 0, 4, 20575.27, 12126282, 430
585, 7, 225, 345, 214, 0, 8.74%, 0, 0, 4, 22085.85, 12245061, 430
590, 7, 256, 345, 214, 0, 8.74%, 0, 0, 4, 23151.33, 12364457, 430
595, 7, 225, 345, 212, 0, 8.74%, 0, 0, 4, 21489.36, 12476314, 430
601, 7, 5, 345, 210, 0, 8.74%, 0, 0, 4, 25076.23, 12597831, 430
606, 7, 225, 345, 210, 0, 8.74%, 0, 0, 4, 21612.29, 12706678, 430
611, 8, 7, 357, 221, 0, 8.74%, 0, 0, 4, 22641.92, 12824004, 430
616, 8, 225, 358, 222, 0, 8.74%, 0, 0, 4, 21438.16, 12924851, 430
621, 8, 225, 358, 222, 0, 8.74%, 0, 0, 4, 24397.87, 13051394, 430
626, 8, 224, 358, 220, 0, 8.74%, 0, 0, 4, 17710.04, 13141052, 430
631, 8, 224, 358, 219, 0, 8.74%, 0, 0, 4, 20997.57, 13259445, 430
636, 8, 9, 358, 218, 0, 8.74%, 0, 0, 4, 20523.28, 13361000, 430
641, 8, 224, 358, 218, 0, 8.74%, 0, 0, 4, 21115.57, 13471846, 430
646, 8, 225, 358, 218, 0, 8.74%, 0, 0, 4, 22637.28, 13579321, 430
652, 8, 224, 358, 218, 0, 8.74%, 0, 0, 4, 23545.38, 13699198, 430
657, 8, 225, 358, 218, 0, 8.74%, 0, 0, 4, 25022.27, 13828142, 430
662, 8, 224, 358, 217, 0, 8.74%, 0, 0, 4, 26393.91, 13965166, 430
667, 8, 225, 358, 217, 0, 8.74%, 0, 0, 4, 23162.45, 14075280, 430
672, 8, 224, 358, 217, 0, 8.74%, 0, 0, 4, 22903.21, 14193684, 430
677, 8, 225, 358, 216, 0, 8.74%, 0, 0, 4, 23818.60, 14309006, 430
682, 8, 224, 358, 216, 0, 8.74%, 0, 0, 4, 25316.09, 14442729, 430
687, 8, 265, 358, 215, 0, 8.74%, 0, 0, 4, 25037.75, 14563770, 430
692, 8, 225, 358, 215, 0, 8.74%, 0, 0, 4, 20178.58, 14664058, 430
697, 8, 225, 358, 215, 0, 8.74%, 0, 0, 4, 18685.74, 14755409, 430
702, 9, 361, 417, 274, 13, 9.25%, 0, 0, 4, 22419.49, 14883604, 455
707, 9, 417, 424, 277, 9, 9.25%, 0, 0, 4, 25373.50, 15009147, 455
713, 9, 406, 433, 280, 3, 9.25%, 0, 0, 4, 25220.83, 15141345, 455
718, 9, 378, 437, 282, 1, 9.25%, 0, 0, 4, 25292.10, 15266111, 455
723, 9, 196, 437, 280, 0, 9.25%, 0, 0, 4, 23819.11, 15390545, 455
728, 9, 4, 437, 278, 0, 9.25%, 0, 0, 4, 22053.03, 15492119, 455
733, 9, 224, 438, 279, 0, 9.25%, 0, 0, 4, 22559.93, 15605284, 455
738, 9, 365, 438, 279, 0, 9.25%, 0, 0, 4, 19269.05, 15704628, 455
738, 9, 224, 438, 279, 0, 9.25%, 0, 0, 4, 19585.49, 15711190, 455
