# relative_time, cycles_done, cur_item, corpus_count, pending_total, pending_favs, map_size, saved_crashes, saved_hangs, max_depth, execs_per_sec, total_execs, edges_found
61, 0, 288, 334, 313, 61, 14.21%, 0, 0, 5, 23668.84, 1255419, 1037
66, 0, 122, 339, 314, 58, 14.21%, 0, 0, 5, 25431.03, 1394428, 1037
71, 0, 98, 346, 319, 56, 14.21%, 0, 0, 5, 23248.88, 1497316, 1037
76, 0, 320, 351, 323, 55, 14.23%, 0, 0, 5, 24087.89, 1623548, 1038
81, 0, 255, 362, 327, 49, 14.27%, 0, 0, 5, 18338.31, 1704381, 1041
86, 0, 255, 366, 331, 49, 14.27%, 0, 0, 5, 21054.29, 1816888, 1041
91, 0, 261, 370, 330, 47, 14.27%, 0, 0, 5, 17035.51, 1890832, 1041
96, 0, 355, 376, 324, 36, 14.27%, 0, 0, 5, 18196.85, 1991384, 1041
102, 0, 355, 381, 329, 36, 14.27%, 0, 0, 5, 19913.94, 2095848, 1041
107, 0, 259, 384, 330, 34, 14.27%, 0, 0, 5, 18234.05, 2188109, 1041
112, 0, 292, 389, 333, 32, 14.27%, 0, 0, 5, 19170.79, 2276392, 1041
117, 0, 222, 393, 336, 31, 14.27%, 0, 0, 5, 20084.64, 2393492, 1041
122, 0, 178, 402, 341, 29, 14.27%, 0, 0, 5, 23713.45, 2507911, 1041
127, 0, 130, 411, 345, 26, 14.27%, 0, 0, 5, 19787.43, 2611359, 1041
132, 0, 221, 418, 341, 16, 14.27%, 0, 0, 5, 16764.91, 2695139, 1041
137, 0, 326, 424, 343, 13, 14.27%, 0, 0, 5, 17286.57, 2790227, 1041
142, 0, 139, 432, 343, 5, 14.27%, 0, 0, 5, 17114.88, 2876927, 1041
148, 0, 254, 436, 346, 4, 14.27%, 0, 0, 5, 17189.03, 2966918, 1041
153, 0, 13, 437, 345, 2, 14.27%, 0, 0, 5, 16325.90, 3060261, 1041
158, 0, 266, 441, 347, 1, 14.27%, 0, 0, 5, 16579.08, 3154761, 1041
163, 0, 367, 445, 349, 1, 14.27%, 0, 0, 5, 20648.44, 3263858, 1041
168, 0, 112, 447, 349, 0, 14.27%, 0, 0, 5, 18601.42, 3363506, 1041
173, 0, 266, 449, 351, 0, 14.27%, 0, 0, 5, 21085.81, 3472178, 1041
178, 0, 98, 449, 351, 0, 14.27%, 0, 0, 5, 15310.79, 3547251, 1041
183, 0, 266, 453, 355, 0, 14.27%, 0, 0, 5, 22520.76, 3668529, 1041
188, 0, 266, 454, 356, 0, 14.27%, 0, 0, 5, 17812.10, 3760060, 1041
193, 0, 365, 455, 356, 0, 14.27%, 0, 0, 5, 22935.19, 3882601, 1041
198, 0, 125, 456, 356, 0, 14.27%, 0, 0, 5, 18994.27, 3975827, 1041
204, 0, 84, 456, 356, 0, 14.27%, 0, 0, 5, 18016.20, 4062513, 1041
209, 0, 125, 456, 356, 0, 14.27%, 0, 0, 5, 11978.88, 4157397, 1041
214, 0, 266, 457, 357, 0, 14.27%, 0, 0, 5, 18404.11, 4257953, 1041
219, 0, 117, 458, 358, 0, 14.27%, 0, 0, 5, 19877.91, 4358602, 1041
224, 0, 266, 458, 358, 0, 14.27%, 0, 0, 5, 22327.74, 4473131, 1041
229, 0, 125, 458, 358, 0, 14.27%, 0, 0, 5, 18522.24, 4560066, 1041
234, 0, 266, 458, 358, 0, 14.27%, 0, 0, 5, 20776.56, 4666468, 1041
239, 0, 262, 459, 359, 0, 14.27%, 0, 0, 5, 19344.07, 4763537, 1041
244, 0, 101, 459, 359, 0, 14.27%, 0, 0, 5, 21844.10, 4875680, 1041
249, 0, 109, 459, 359, 0, 14.27%, 0, 0, 5, 20094.47, 4976142, 1041
254, 0, 271, 459, 359, 0, 14.27%, 0, 0, 5, 21043.25, 5078772, 1041
259, 0, 125, 459, 359, 0, 14.27%, 0, 0, 5, 18553.19, 5175704, 1041
264, 0, 266, 460, 360, 0, 14.27%, 0, 0, 5, 20854.92, 5283805, 1041
269, 0, 365, 461, 361, 0, 14.27%, 0, 0, 5, 19338.73, 5382797, 1041
275, 0, 266, 465, 365, 0, 14.27%, 0, 0, 5, 20687.25, 5479890, 1041
280, 1, 41, 467, 367, 0, 14.27%, 0, 0, 5, 13232.71, 5567120, 1041
285, 1, 41, 467, 367, 0, 14.27%, 0, 0, 5, 17026.85, 5660492, 1041
290, 1, 276, 467, 367, 0, 14.27%, 0, 0, 5, 19816.56, 5755444, 1041
295, 1, 460, 474, 374, 0, 14.27%, 0, 0, 6, 17634.45, 5848051, 1041
300, 1, 460, 475, 375, 0, 14.27%, 0, 0, 6, 13856.29, 5913369, 1041
305, 1, 283, 475, 373, 0, 14.27%, 0, 0, 6, 20311.07, 6019137, 1041
310, 1, 266, 475, 373, 0, 14.27%, 0, 0, 6, 21053.90, 6120877, 1041
315, 1, 357, 475, 373, 0, 14.27%, 0, 0, 6, 26555.29, 6264137, 1041
320, 1, 41, 475, 373, 0, 14.27%, 0, 0, 6, 18745.53, 6342763, 1041
326, 1, 326, 475, 373, 0, 14.27%, 0, 0, 6, 19628.49, 6449531, 1041
331, 1, 109, 475, 373, 0, 14.27%, 0, 0, 6, 15664.81, 6522884, 1041
336, 1, 125, 475, 373, 0, 14.27%, 0, 0, 6, 21417.22, 6623959, 1041
341, 1, 418, 475, 373, 0, 14.27%, 0, 0, 6, 18912.59, 6710421, 1041
346, 1, 125, 475, 372, 0, 14.27%, 0, 0, 6, 19008.94, 6811203, 1041
351, 1, 258, 477, 373, 0, 14.27%, 0, 0, 6, 18365.16, 6897498, 1041
356, 1, 266, 477, 373, 0, 14.27%, 0, 0, 6, 18790.74, 7000803, 1041
361, 1, 117, 477, 372, 0, 14.27%, 0, 0, 6, 17995.40, 7084296, 1041
367, 1, 266, 477, 371, 0, 14.27%, 0, 0, 6, 16754.96, 7173884, 1041
372, 1, 264, 479, 373, 0, 14.27%, 0, 0, 6, 19056.60, 7266248, 1041
377, 1, 237, 480, 374, 0, 14.27%, 0, 0, 6, 20034.37, 7383541, 1041
382, 1, 276, 480, 374, 0, 14.27%, 0, 0, 6, 17884.17, 7465206, 1041
387, 1, 266, 480, 374, 0, 14.27%, 0, 0, 6, 18570.02, 7570837, 1041
392, 1, 264, 480, 374, 0, 14.27%, 0, 0, 6, 16633.24, 7653078, 1041
397, 1, 266, 480, 374, 0, 14.27%, 0, 0, 6, 18171.11, 7750733, 1041
402, 1, 266, 480, 374, 0, 14.27%, 0, 0, 6, 20577.55, 7855656, 1041
407, 1, 276, 480, 374, 0, 14.27%, 0, 0, 6, 17796.37, 7950619, 1041
412, 1, 266, 480, 374, 0, 14.27%, 0, 0, 6, 19183.96, 8044274, 1041
417, 1, 266, 480, 374, 0, 14.27%, 0, 0, 6, 17111.51, 8137428, 1041
423, 1, 266, 480, 374, 0, 14.27%, 0, 0, 6, 18281.24, 8226949, 1041
428, 1, 41, 481, 375, 1, 14.27%, 0, 0, 6, 17196.54, 8315448, 1041
433, 1, 355, 482, 374, 0, 14.27%, 0, 0, 6, 19747.40, 8409408, 1041
438, 1, 125, 482, 374, 0, 14.27%, 0, 0, 6, 17166.15, 8497927, 1041
443, 1, 266, 482, 373, 0, 14.27%, 0, 0, 6, 21054.18, 8604219, 1041
448, 1, 25, 482, 372, 0, 14.27%, 0, 0, 6, 18062.92, 8696436, 1041
453, 1, 266, 482, 372, 0, 14.27%, 0, 0, 6, 19696.86, 8802826, 1041
458, 2, 266, 576, 466, 0, 14.27%, 0, 0, 6, 16154.84, 8885200, 1041
463, 2, 418, 576, 466, 0, 14.27%, 0, 0, 6, 15838.09, 8962498, 1041
468, 2, 389, 576, 466, 0, 14.27%, 0, 0, 6, 14802.90, 9043008, 1041
473, 2, 266, 576, 466, 0, 14.27%, 0, 0, 6, 17897.79, 9140551, 1041
478, 2, 117, 576, 466, 0, 14.27%, 0, 0, 6, 14413.90, 9215568, 1041
483, 2, 266, 576, 466, 0, 14.27%, 0, 0, 6, 19470.90, 9314315, 1041
488, 2, 262, 577, 466, 0, 14.27%, 0, 0, 6, 16899.64, 9393309, 1041
493, 2, 117, 577, 466, 0, 14.27%, 0, 0, 6, 21674.53, 9510145, 1041
498, 2, 41, 577, 466, 0, 14.27%, 0, 0, 6, 17583.71, 9594010, 1041
503, 2, 266, 577, 466, 0, 14.27%, 0, 0, 6, 17410.48, 9685412, 1041
508, 2, 41, 577, 466, 0, 14.27%, 0, 0, 6, 15592.04, 9756635, 1041
513, 2, 266, 577, 466, 0, 14.27%, 0, 0, 6, 20610.64, 9861847, 1041
519, 2, 266, 577, 465, 0, 14.27%, 0, 0, 6, 15832.35, 9945358, 1041
524, 2, 266, 577, 465, 0, 14.27%, 0, 0, 6, 21462.85, 10058085, 1041
529, 2, 271, 577, 464, 0, 14.27%, 0, 0, 6, 16353.26, 10137002, 1041
534, 2, 412, 577, 464, 0, 14.27%, 0, 0, 6, 20559.55, 10247774, 1041
539, 2, 326, 577, 464, 0, 14.27%, 0, 0, 6, 16249.33, 10331174, 1041
544, 2, 326, 577, 464, 0, 14.27%, 0, 0, 6, 20496.76, 10445910, 1041
549, 2, 276, 577, 464, 0, 14.27%, 0, 0, 6, 16255.47, 10521955, 1041
554, 2, 437, 577, 464, 0, 14.27%, 0, 0, 6, 19098.47, 10627633, 1041
559, 2, 266, 577, 464, 0, 14.27%, 0, 0, 6, 15612.93, 10706369, 1041
564, 2, 266, 577, 464, 0, 14.27%, 0, 0, 6, 20558.00, 10822975, 1041
569, 2, 400, 577, 464, 0, 14.27%, 0, 0, 6, 23453.50, 10936429, 1041
574, 2, 326, 577, 464, 0, 14.27%, 0, 0, 6, 19949.63, 11029173, 1041
580, 2, 266, 577, 464, 0, 14.27%, 0, 0, 6, 18283.18, 11115155, 1041
585, 2, 418, 577, 464, 0, 14.27%, 0, 0, 6, 20049.28, 11216551, 1041
590, 2, 266, 577, 464, 0, 14.27%, 0, 0, 6, 19120.22, 11310553, 1041
595, 2, 271, 577, 464, 0, 14.27%, 0, 0, 6, 20826.39, 11421827, 1041
600, 2, 266, 577, 463, 0, 14.27%, 0, 0, 6, 20336.67, 11510121, 1041
605, 2, 112, 577, 463, 0, 14.27%, 0, 0, 6, 21241.34, 11610166, 1041
610, 2, 397, 577, 462, 0, 14.27%, 0, 0, 6, 19746.84, 11699581, 1041
615, 2, 266, 577, 460, 0, 14.27%, 0, 0, 6, 20742.89, 11808243, 1041
620, 2, 418, 577, 460, 0, 14.27%, 0, 0, 6, 19753.15, 11901446, 1041
625, 2, 412, 577, 460, 0, 14.27%, 0, 0, 6, 20401.16, 12004269, 1041
630, 2, 326, 577, 460, 0, 14.27%, 0, 0, 6, 15826.61, 12075065, 1041
635, 2, 271, 577, 460, 0, 14.27%, 0, 0, 6, 18195.19, 12165911, 1041
640, 3, 125, 593, 476, 0, 14.27%, 0, 0, 6, 20278.15, 12263052, 1041
645, 3, 276, 593, 476, 0, 14.27%, 0, 0, 6, 20438.54, 12368328, 1041
650, 3, 125, 593, 476, 0, 14.27%, 0, 0, 6, 18286.39, 12446732, 1041
656, 3, 109, 593, 476, 0, 14.27%, 0, 0, 6, 21557.42, 12553743, 1041
661, 3, 326, 593, 476, 0, 14.27%, 0, 0, 6, 22136.64, 12656113, 1041
666, 3, 17, 593, 475, 0, 14.27%, 0, 0, 6, 21384.33, 12767165, 1041
671, 3, 326, 593, 474, 0, 14.27%, 0, 0, 6, 18498.74, 12847750, 1041
676, 3, 314, 593, 474, 0, 14.27%, 0, 0, 6, 23821.76, 12974792, 1041
681, 3, 266, 593, 473, 0, 14.27%, 0, 0, 6, 20016.84, 13062011, 1041
686, 3, 262, 593, 473, 0, 14.27%, 0, 0, 6, 21512.99, 13175166, 1041
691, 3, 266, 593, 472, 0, 14.27%, 0, 0, 6, 15717.92, 13249106, 1041
696, 3, 266, 593, 472, 0, 14.27%, 0, 0, 6, 19014.82, 13355135, 1041
701, 3, 125, 593, 472, 0, 14.27%, 0, 0, 6, 19746.86, 13450824, 1041
706, 3, 418, 593, 472, 0, 14.27%, 0, 0, 6, 18474.70, 13543130, 1041
711, 3, 271, 593, 472, 0, 14.27%, 0, 0, 6, 17088.81, 13628774, 1041
716, 3, 266, 593, 472, 0, 14.27%, 0, 0, 6, 19010.88, 13726262, 1041
721, 3, 17, 593, 472, 0, 14.27%, 0, 0, 6, 22918.22, 13845937, 1041
727, 3, 266, 593, 472, 0, 14.27%, 0, 0, 6, 22495.82, 13965950, 1041
732, 3, 266, 593, 472, 0, 14.27%, 0, 0, 6, 22868.03, 14075394, 1041
737, 3, 10, 593, 471, 0, 14.27%, 0, 0, 6, 17572.36, 14162197, 1041
742, 3, 266, 593, 471, 0, 14.27%, 0, 0, 6, 21280.64, 14270568, 1041
747, 3, 98, 593, 470, 0, 14.27%, 0, 0, 6, 16144.24, 14357973, 1041
752, 3, 271, 593, 470, 0, 14.27%, 0, 0, 6, 19055.17, 14455833, 1041
757, 3, 442, 593, 470, 0, 14.27%, 0, 0, 6, 16799.44, 14547296, 1041
762, 3, 125, 593, 469, 0, 14.27%, 0, 0, 6, 20886.22, 14646205, 1041
767, 3, 266, 593, 469, 0, 14.27%, 0, 0, 6, 15197.82, 14717045, 1041
772, 3, 112, 593, 469, 0, 14.27%, 0, 0, 6, 19995.68, 14826487, 1041
777, 3, 276, 593, 469, 0, 14.27%, 0, 0, 6, 17578.15, 14915793, 1041
783, 3, 117, 593, 469, 0, 14.27%, 0, 0, 6, 20196.09, 15020707, 1041
788, 3, 266, 593, 469, 0, 14.27%, 0, 0, 6, 17122.62, 15112853, 1041
793, 3, 266, 593, 469, 0, 14.27%, 0, 0, 6, 22116.41, 15223178, 1041
798, 3, 266, 593, 469, 0, 14.27%, 0, 0, 6, 16588.84, 15306738, 1041
803, 3, 266, 593, 468, 0, 14.27%, 0, 0, 6, 21085.02, 15413544, 1041
808, 3, 266, 593, 467, 0, 14.27%, 0, 0, 6, 15702.76, 15493473, 1041
813, 3, 254, 593, 467, 0, 14.27%, 0, 0, 6, 18154.90, 15583141, 1041
818, 3, 125, 593, 467, 0, 14.27%, 0, 0, 6, 15613.87, 15665593, 1041
823, 3, 271, 593, 467, 0, 14.27%, 0, 0, 6, 19087.48, 15761286, 1041
828, 3, 365, 593, 467, 0, 14.27%, 0, 0, 6, 16777.54, 15842013, 1041
833, 3, 117, 593, 467, 0, 14.27%, 0, 0, 6, 21382.13, 15952791, 1041
838, 3, 326, 593, 467, 0, 14.27%, 0, 0, 6, 16338.92, 16036677, 1041
843, 3, 276, 593, 467, 0, 14.27%, 0, 0, 6, 22295.88, 16157358, 1041
848, 3, 326, 593, 467, 0, 14.27%, 0, 0, 6, 15854.22, 16241306, 1041
853, 3, 276, 593, 467, 0, 14.27%, 0, 0, 6, 16958.99, 16333982, 1041
858, 3, 306, 593, 466, 0, 14.27%, 0, 0, 6, 16093.45, 16418038, 1041
864, 3, 266, 593, 466, 0, 14.27%, 0, 0, 6, 21078.42, 16528632, 1041
869, 3, 266, 593, 466, 0, 14.27%, 0, 0, 6, 18015.75, 16620811, 1041
874, 4, 437, 602, 475, 0, 14.27%, 0, 0, 6, 19702.05, 16713549, 1041
879, 4, 62, 602, 475, 0, 14.27%, 0, 0, 6, 19054.55, 16808801, 1041
884, 4, 271, 602, 475, 0, 14.27%, 0, 0, 6, 23651.32, 16932143, 1041
889, 4, 266, 602, 475, 0, 14.27%, 0, 0, 6, 18753.60, 17022407, 1041
894, 4, 276, 602, 474, 0, 14.27%, 0, 0, 6, 19866.79, 17129625, 1041
899, 4, 266, 602, 474, 0, 14.27%, 0, 0, 6, 17857.55, 17214759, 1041
904, 4, 266, 602, 474, 0, 14.27%, 0, 0, 6, 20617.50, 17322542, 1041
909, 4, 10, 602, 474, 0, 14.27%, 0, 0, 6, 17803.88, 17409616, 1041
914, 4, 254, 602, 473, 0, 14.27%, 0, 0, 6, 20353.83, 17516441, 1041
919, 4, 266, 602, 473, 0, 14.27%, 0, 0, 6, 19015.21, 17606780, 1041
924, 4, 412, 602, 473, 0, 14.27%, 0, 0, 6, 24675.78, 17736105, 1041
930, 4, 221, 602, 473, 0, 14.27%, 0, 0, 6, 20408.57, 17826052, 1041
935, 4, 276, 602, 473, 0, 14.27%, 0, 0, 6, 21438.21, 17929890, 1041
940, 4, 276, 602, 473, 0, 14.27%, 0, 0, 6, 19740.66, 18020535, 1041
945, 4, 412, 602, 473, 0, 14.27%, 0, 0, 6, 24361.15, 18143654, 1041
950, 4, 13, 602, 473, 0, 14.27%, 0, 0, 6, 18797.17, 18230067, 1041
955, 4, 266, 602, 473, 0, 14.27%, 0, 0, 6, 21875.10, 18343673, 1041
960, 4, 276, 602, 473, 0, 14.27%, 0, 0, 6, 19680.53, 18432144, 1041
965, 4, 266, 602, 473, 0, 14.27%, 0, 0, 6, 21958.30, 18545994, 1041
970, 4, 266, 602, 473, 0, 14.27%, 0, 0, 6, 20356.70, 18642969, 1041
975, 4, 125, 602, 473, 0, 14.27%, 0, 0, 6, 23123.11, 18772092, 1041
980, 4, 266, 602, 473, 0, 14.27%, 0, 0, 6, 27638.57, 18855362, 1041
986, 4, 266, 602, 471, 0, 14.27%, 0, 0, 6, 20669.14, 18957571, 1041
991, 4, 266, 602, 471, 0, 14.27%, 0, 0, 6, 16911.47, 19036623, 1041
996, 4, 125, 602, 470, 0, 14.27%, 0, 0, 6, 20167.18, 19147476, 1041
1001, 4, 276, 602, 470, 0, 14.27%, 0, 0, 6, 14866.01, 19217371, 1041
1006, 4, 412, 602, 470, 0, 14.27%, 0, 0, 6, 18150.80, 19311676, 1041
1011, 4, 266, 602, 469, 0, 14.27%, 0, 0, 6, 16422.15, 19390771, 1041
1016, 4, 266, 602, 469, 0, 14.27%, 0, 0, 6, 13299.19, 19456884, 1041
1021, 4, 117, 602, 469, 0, 14.27%, 0, 0, 6, 21029.94, 19569046, 1041
1026, 4, 125, 602, 469, 0, 14.27%, 0, 0, 6, 21377.69, 19688068, 1041
1032, 4, 266, 602, 469, 0, 14.27%, 0, 0, 6, 15860.06, 19764501, 1041
1037, 4, 266, 602, 469, 0, 14.27%, 0, 0, 6, 16112.79, 19844880, 1041
1042, 4, 109, 602, 469, 0, 14.27%, 0, 0, 6, 20125.58, 19946742, 1041
1047, 4, 117, 602, 468, 0, 14.27%, 0, 0, 6, 18407.83, 20038748, 1041
1052, 4, 276, 602, 468, 0, 14.27%, 0, 0, 6, 15517.44, 20117753, 1041
1057, 4, 266, 602, 467, 0, 14.27%, 0, 0, 6, 16248.26, 20207173, 1041
1062, 4, 262, 602, 467, 0, 14.27%, 0, 0, 6, 19130.18, 20305054, 1041
1067, 4, 418, 602, 466, 0, 14.27%, 0, 0, 6, 18527.89, 20412766, 1041
1073, 4, 266, 602, 466, 0, 14.27%, 0, 0, 6, 20427.58, 20519998, 1041
1078, 4, 41, 602, 466, 0, 14.27%, 0, 0, 6, 18630.67, 20619443, 1041
1083, 4, 41, 602, 466, 0, 14.27%, 0, 0, 6, 18438.76, 20714781, 1041
1088, 4, 266, 602, 464, 0, 14.27%, 0, 0, 6, 17876.40, 20814976, 1041
1093, 4, 418, 602, 462, 0, 14.27%, 0, 0, 6, 20461.00, 20920833, 1041
1098, 4, 266, 602, 462, 0, 14.27%, 0, 0, 6, 17044.58, 21011228, 1041
1103, 4, 266, 602, 462, 0, 14.27%, 0, 0, 6, 21014.24, 21116090, 1041
1108, 4, 276, 602, 462, 0, 14.27%, 0, 0, 6, 19441.62, 21218853, 1041
1113, 5, 266, 607, 467, 0, 14.27%, 0, 0, 6, 18064.76, 21304149, 1041
1118, 5, 262, 607, 467, 0, 14.27%, 0, 0, 6, 18145.32, 21402212, 1041
1123, 5, 382, 607, 467, 0, 14.27%, 0, 0, 6, 22616.27, 21523507, 1041
1128, 5, 266, 607, 466, 0, 14.27%, 0, 0, 6, 18755.36, 21621417, 1041
1133, 5, 266, 607, 466, 0, 14.27%, 0, 0, 6, 20997.82, 21734222, 1041
1138, 5, 266, 607, 466, 0, 14.27%, 0, 0, 6, 20156.01, 21840598, 1041
1143, 5, 266, 607, 466, 0, 14.27%, 0, 0, 6, 22009.46, 21952497, 1041
1149, 5, 365, 607, 466, 0, 14.27%, 0, 0, 6, 20463.99, 22056704, 1041
1154, 5, 266, 607, 465, 0, 14.27%, 0, 0, 6, 20429.92, 22161424, 1041
1159, 5, 48, 607, 465, 0, 14.27%, 0, 0, 6, 17356.40, 22248403, 1041
1164, 5, 276, 607, 465, 0, 14.27%, 0, 0, 6, 17943.54, 22346776, 1041
1169, 5, 117, 607, 465, 0, 14.27%, 0, 0, 6, 14454.84, 22420682, 1041
1174, 5, 41, 607, 465, 0, 14.27%, 0, 0, 6, 19069.87, 22516127, 1041
1179, 5, 266, 607, 465, 0, 14.27%, 0, 0, 6, 18585.80, 22605161, 1041
1184, 5, 258, 607, 465, 0, 14.27%, 0, 0, 6, 22104.56, 22717963, 1041
1190, 5, 266, 607, 465, 0, 14.27%, 0, 0, 6, 18636.75, 22801796, 1041
1195, 5, 412, 607, 465, 0, 14.27%, 0, 0, 6, 24098.36, 22926375, 1041
1200, 5, 418, 607, 465, 0, 14.27%, 0, 0, 6, 20363.17, 23015915, 1041
1205, 5, 266, 607, 465, 0, 14.27%, 0, 0, 6, 22314.97, 23125791, 1041
1210, 5, 266, 607, 465, 0, 14.27%, 0, 0, 6, 19446.46, 23213979, 1041
1215, 5, 107, 607, 465, 0, 14.27%, 0, 0, 6, 22439.35, 23332363, 1041
1220, 5, 41, 607, 464, 0, 14.27%, 0, 0, 6, 19723.79, 23420542, 1041
1225, 5, 25, 607, 464, 0, 14.27%, 0, 0, 6, 23514.87, 23534389, 1041
1230, 5, 66, 607, 464, 0, 14.27%, 0, 0, 6, 21765.47, 23636988, 1041
1235, 5, 262, 607, 464, 0, 14.27%, 0, 0, 6, 24120.85, 23747947, 1041
1240, 5, 266, 607, 464, 0, 14.27%, 0, 0, 6, 18553.72, 23827852, 1041
1246, 5, 276, 607, 464, 0, 14.27%, 0, 0, 6, 22195.28, 23952572, 1041
1251, 5, 125, 607, 464, 0, 14.27%, 0, 0, 6, 23074.95, 24054215, 1041
1256, 5, 326, 607, 463, 0, 14.27%, 0, 0, 6, 28079.76, 24190753, 1041
1261, 5, 262, 607, 463, 0, 14.27%, 0, 0, 6, 22929.88, 24291973, 1041
1266, 5, 412, 607, 463, 0, 14.27%, 0, 0, 6, 22568.08, 24409600, 1041
1271, 5, 266, 607, 463, 0, 14.27%, 0, 0, 6, 20352.26, 24501860, 1041
1276, 5, 266, 607, 463, 0, 14.27%, 0, 0, 6, 22776.24, 24620517, 1041
1281, 5, 41, 607, 463, 0, 14.27%, 0, 0, 6, 19365.59, 24711959, 1041
1286, 5, 117, 607, 463, 0, 14.27%, 0, 0, 6, 20209.16, 24821289, 1041
1291, 5, 266, 607, 463, 0, 14.27%, 0, 0, 6, 16797.74, 24895700, 1041
1296, 5, 41, 607, 463, 0, 14.27%, 0, 0, 6, 18574.42, 24998474, 1041
1302, 5, 266, 607, 462, 0, 14.27%, 0, 0, 6, 20075.89, 25090870, 1041
1307, 5, 412, 607, 462, 0, 14.27%, 0, 0, 6, 22595.73, 25214217, 1041
1312, 5, 266, 607, 462, 0, 14.27%, 0, 0, 6, 20972.61, 25315946, 1041
1317, 5, 271, 607, 462, 0, 14.27%, 0, 0, 6, 19500.95, 25423513, 1041
1322, 5, 266, 607, 462, 0, 14.27%, 0, 0, 6, 21495.82, 25528479, 1041
1327, 5, 110, 607, 462, 0, 14.27%, 0, 0, 6, 20684.57, 25644826, 1041
1332, 5, 62, 607, 461, 0, 14.27%, 0, 0, 6, 19389.74, 25738711, 1041
1337, 5, 265, 607, 460, 0, 14.27%, 0, 0, 6, 17601.49, 25829652, 1041
1342, 6, 442, 617, 470, 0, 14.27%, 0, 0, 6, 22547.33, 25945462, 1041
1348, 6, 397, 617, 469, 0, 14.27%, 0, 0, 6, 20323.72, 26058149, 1041
1353, 6, 266, 617, 469, 0, 14.27%, 0, 0, 6, 19530.75, 26148911, 1041
1358, 6, 264, 617, 469, 0, 14.27%, 0, 0, 6, 19370.09, 26256363, 1041
1363, 6, 480, 617, 468, 0, 14.27%, 0, 0, 6, 19872.77, 26362325, 1041
1368, 6, 418, 617, 468, 0, 14.27%, 0, 0, 6, 17782.84, 26462384, 1041
1373, 6, 326, 617, 468, 0, 14.27%, 0, 0, 6, 19415.22, 26560804, 1041
1378, 6, 262, 617, 468, 0, 14.27%, 0, 0, 6, 16596.35, 26652884, 1041
1383, 6, 326, 617, 468, 0, 14.27%, 0, 0, 6, 22983.76, 26772360, 1041
1388, 6, 268, 617, 468, 0, 14.27%, 0, 0, 6, 19712.18, 26867943, 1041
1393, 6, 117, 617, 468, 0, 14.27%, 0, 0, 6, 22906.04, 26985771, 1041
1399, 6, 266, 617, 468, 0, 14.27%, 0, 0, 6, 20134.49, 27082234, 1041
1404, 6, 266, 617, 467, 0, 14.27%, 0, 0, 6, 23377.82, 27201919, 1041
1409, 6, 442, 617, 467, 0, 14.27%, 0, 0, 6, 17103.48, 27278981, 1041
1414, 6, 437, 617, 467, 0, 14.27%, 0, 0, 6, 17869.75, 27363184, 1041
1419, 6, 266, 617, 467, 0, 14.27%, 0, 0, 6, 14962.42, 27442333, 1041
1424, 6, 254, 617, 467, 0, 14.27%, 0, 0, 6, 21614.09, 27561177, 1041
1429, 6, 326, 617, 467, 0, 14.27%, 0, 0, 6, 20977.80, 27663373, 1041
1434, 6, 306, 617, 467, 0, 14.27%, 0, 0, 6, 24219.55, 27794911, 1041
1439, 6, 276, 617, 467, 0, 14.27%, 0, 0, 6, 19219.29, 27883738, 1041
1444, 6, 266, 617, 467, 0, 14.27%, 0, 0, 6, 21877.57, 27998717, 1041
1449, 6, 326, 617, 467, 0, 14.27%, 0, 0, 6, 18681.89, 28086698, 1041
1454, 6, 266, 617, 467, 0, 14.27%, 0, 0, 6, 22065.94, 28199049, 1041
1460, 6, 117, 617, 466, 0, 14.27%, 0, 0, 6, 17605.94, 28278976, 1041
1465, 6, 262, 617, 466, 0, 14.27%, 0, 0, 6, 20684.60, 28383837, 1041
1470, 6, 266, 617, 466, 0, 14.27%, 0, 0, 6, 17649.81, 28465824, 1041
1475, 6, 266, 617, 466, 0, 14.27%, 0, 0, 6, 19549.22, 28554603, 1041
1480, 6, 268, 617, 465, 0, 14.27%, 0, 0, 6, 20126.54, 28650483, 1041
1485, 6, 326, 617, 465, 0, 14.27%, 0, 0, 6, 21566.49, 28763752, 1041
1490, 6, 66, 617, 465, 0, 14.27%, 0, 0, 6, 21726.70, 28865545, 1041
1495, 6, 41, 617, 464, 0, 14.27%, 0, 0, 6, 21622.52, 28978643, 1041
1500, 6, 266, 617, 464, 0, 14.27%, 0, 0, 6, 21333.62, 29071577, 1041
1505, 6, 418, 617, 464, 0, 14.27%, 0, 0, 6, 19600.28, 29173608, 1041
1511, 6, 276, 617, 464, 0, 14.27%, 0, 0, 6, 21470.71, 29276708, 1041
1516, 6, 108, 617, 464, 0, 14.27%, 0, 0, 6, 22678.32, 29392312, 1041
1521, 6, 64, 617, 464, 0, 14.27%, 0, 0, 6, 23836.75, 29498729, 1041
1526, 6, 266, 617, 464, 0, 14.27%, 0, 0, 6, 22334.59, 29615348, 1041
1531, 6, 266, 617, 462, 0, 14.27%, 0, 0, 6, 15103.00, 29680406, 1041
1536, 6, 262, 617, 461, 0, 14.27%, 0, 0, 6, 19004.39, 29781777, 1041
1541, 6, 276, 617, 461, 0, 14.27%, 0, 0, 6, 20450.73, 29876847, 1041
1546, 6, 10, 617, 461, 0, 14.27%, 0, 0, 6, 18108.86, 29973473, 1041
1551, 6, 266, 617, 461, 0, 14.27%, 0, 0, 6, 17427.32, 30059514, 1041
1556, 6, 266, 617, 461, 0, 14.27%, 0, 0, 6, 19639.93, 30172991, 1041
1561, 6, 66, 617, 461, 0, 14.27%, 0, 0, 6, 17401.19, 30250250, 1041
1566, 6, 266, 617, 461, 0, 14.27%, 0, 0, 6, 18801.60, 30357746, 1041
1572, 6, 276, 617, 461, 0, 14.27%, 0, 0, 6, 19065.74, 30451430, 1041
1577, 6, 276, 617, 461, 0, 14.27%, 0, 0, 6, 20870.79, 30567004, 1041
1582, 7, 266, 627, 471, 0, 14.27%, 0, 0, 6, 22082.83, 30669705, 1041
1587, 7, 418, 627, 471, 0, 14.27%, 0, 0, 6, 19324.36, 30773081, 1041
1592, 7, 266, 627, 471, 0, 14.27%, 0, 0, 6, 15723.14, 30855366, 1041
1597, 7, 418, 627, 471, 0, 14.27%, 0, 0, 6, 15651.93, 30941449, 1041
1602, 7, 412, 627, 471, 0, 14.27%, 0, 0, 6, 17532.93, 31023138, 1041
1607, 7, 41, 627, 471, 0, 14.27%, 0, 0, 6, 18769.43, 31128241, 1041
1612, 7, 266, 627, 471, 0, 14.27%, 0, 0, 6, 13193.03, 31188995, 1041
1617, 7, 102, 627, 470, 0, 14.27%, 0, 0, 6, 15786.38, 31279603, 1041
1622, 7, 266, 627, 469, 0, 14.27%, 0, 0, 6, 18509.31, 31374757, 1041
1627, 7, 266, 627, 469, 0, 14.27%, 0, 0, 6, 16626.33, 31462639, 1041
1633, 7, 266, 627, 469, 0, 14.27%, 0, 0, 6, 20806.61, 31561147, 1041
1638, 7, 266, 627, 469, 0, 14.27%, 0, 0, 6, 17531.52, 31654774, 1041
1643, 7, 266, 627, 469, 0, 14.27%, 0, 0, 6, 22366.04, 31727627, 1041
1648, 7, 412, 627, 469, 0, 14.27%, 0, 0, 6, 15443.03, 31804276, 1041
1653, 7, 276, 627, 469, 0, 14.27%, 0, 0, 6, 14176.05, 31874036, 1041
1658, 7, 266, 627, 469, 0, 14.27%, 0, 0, 6, 11422.49, 31934433, 1041
1663, 7, 357, 627, 469, 0, 14.27%, 0, 0, 6, 21301.25, 32041185, 1041
1668, 7, 266, 627, 469, 0, 14.27%, 0, 0, 6, 18107.87, 32141188, 1041
1673, 7, 125, 627, 469, 0, 14.27%, 0, 0, 6, 22251.70, 32262667, 1041
1678, 7, 123, 627, 469, 0, 14.27%, 0, 0, 6, 16220.24, 32338594, 1041
1684, 7, 268, 627, 469, 0, 14.27%, 0, 0, 6, 22952.60, 32457287, 1041
1689, 7, 125, 627, 469, 0, 14.27%, 0, 0, 6, 19065.88, 32556708, 1041
1694, 7, 266, 627, 469, 0, 14.27%, 0, 0, 6, 20173.16, 32659864, 1041
1699, 7, 266, 627, 469, 0, 14.27%, 0, 0, 6, 17952.98, 32754329, 1041
1704, 7, 266, 627, 469, 0, 14.27%, 0, 0, 6, 23694.01, 32876935, 1041
1709, 7, 266, 627, 469, 0, 14.27%, 0, 0, 6, 17833.95, 32965377, 1041
1714, 7, 13, 627, 469, 0, 14.27%, 0, 0, 6, 19628.67, 33056440, 1041
1719, 7, 266, 627, 469, 0, 14.27%, 0, 0, 6, 17720.86, 33139553, 1041
1724, 7, 266, 627, 469, 0, 14.27%, 0, 0, 6, 19426.00, 33239305, 1041
1729, 7, 234, 627, 469, 0, 14.27%, 0, 0, 6, 14535.81, 33316442, 1041
1734, 7, 400, 627, 468, 0, 14.27%, 0, 0, 6, 21592.00, 33432770, 1041
1740, 7, 49, 627, 468, 0, 14.27%, 0, 0, 6, 19597.36, 33524701, 1041
1745, 7, 266, 627, 468, 0, 14.27%, 0, 0, 6, 22368.48, 33634226, 1041
1750, 7, 266, 627, 468, 0, 14.27%, 0, 0, 6, 19272.90, 33721644, 1041
1755, 7, 336, 627, 467, 0, 14.27%, 0, 0, 6, 22955.51, 33838092, 1041
1760, 7, 125, 627, 467, 0, 14.27%, 0, 0, 6, 22061.09, 33936354, 1041
1765, 7, 400, 627, 467, 0, 14.27%, 0, 0, 6, 23930.71, 34055765, 1041
1770, 7, 276, 627, 467, 0, 14.27%, 0, 0, 6, 19319.26, 34142727, 1041
1775, 7, 41, 627, 465, 0, 14.27%, 0, 0, 6, 14182.97, 34205235, 1041
1780, 7, 125, 627, 465, 0, 14.27%, 0, 0, 6, 15647.76, 34280824, 1041
1785, 7, 266, 627, 465, 0, 14.27%, 0, 0, 6, 20739.94, 34390885, 1041
1790, 7, 266, 627, 465, 0, 14.27%, 0, 0, 6, 17856.18, 34466770, 1041
1796, 7, 49, 627, 465, 0, 14.27%, 0, 0, 6, 20635.59, 34583110, 1041
1801, 7, 364, 627, 465, 0, 14.27%, 0, 0, 6, 18919.77, 34667647, 1041
1806, 7, 326, 627, 465, 0, 14.27%, 0, 0, 6, 19612.95, 34768395, 1041
1811, 7, 41, 627, 465, 0, 14.27%, 0, 0, 6, 18195.61, 34850318, 1041
1816, 7, 266, 627, 465, 0, 14.27%, 0, 0, 6, 19335.04, 34954689, 1041
1821, 8, 125, 636, 473, 0, 14.27%, 0, 0, 6, 20660.86, 35052265, 1041
1826, 8, 266, 636, 472, 0, 14.27%, 0, 0, 6, 16252.90, 35135051, 1041
1831, 8, 326, 636, 472, 0, 14.27%, 0, 0, 6, 16542.14, 35219586, 1041
1836, 8, 266, 636, 472, 0, 14.27%, 0, 0, 6, 21474.76, 35334689, 1041
1841, 8, 125, 636, 472, 0, 14.27%, 0, 0, 6, 17880.68, 35414176, 1041
1847, 8, 276, 636, 472, 0, 14.27%, 0, 0, 6, 19295.43, 35527344, 1041
1852, 8, 61, 636, 472, 0, 14.27%, 0, 0, 6, 20061.05, 35622119, 1041
1857, 8, 266, 636, 472, 0, 14.27%, 0, 0, 6, 18246.73, 35726236, 1041
1862, 8, 276, 636, 471, 0, 14.27%, 0, 0, 6, 18023.75, 35818114, 1041
1867, 8, 271, 636, 471, 0, 14.27%, 0, 0, 6, 15081.42, 35900280, 1041
1872, 8, 266, 636, 471, 0, 14.27%, 0, 0, 6, 19215.08, 35994348, 1041
1877, 8, 266, 636, 471, 0, 14.27%, 0, 0, 6, 13508.70, 36062981, 1041
1882, 8, 125, 636, 471, 0, 14.27%, 0, 0, 6, 19323.51, 36162502, 1041
1887, 8, 266, 636, 471, 0, 14.27%, 0, 0, 6, 18227.87, 36262642, 1041
1893, 8, 437, 636, 471, 0, 14.27%, 0, 0, 6, 16821.58, 36349370, 1041
1898, 8, 17, 636, 471, 0, 14.27%, 0, 0, 6, 16440.95, 36434322, 1041
1903, 8, 266, 636, 471, 0, 14.27%, 0, 0, 6, 17107.96, 36520813, 1041
1908, 8, 292, 636, 471, 0, 14.27%, 0, 0, 6, 17042.32, 36617210, 1041
1913, 8, 266, 636, 471, 0, 14.27%, 0, 0, 6, 19860.18, 36709259, 1041
1918, 8, 262, 636, 471, 0, 14.27%, 0, 0, 6, 16202.44, 36792622, 1041
1923, 8, 41, 636, 471, 0, 14.27%, 0, 0, 6, 21621.51, 36905631, 1041
1928, 8, 418, 636, 471, 0, 14.27%, 0, 0, 6, 19330.53, 37003973, 1041
1933, 8, 266, 636, 471, 0, 14.27%, 0, 0, 6, 23986.62, 37132254, 1041
1938, 8, 266, 636, 471, 0, 14.27%, 0, 0, 6, 18277.56, 37226172, 1041
1944, 8, 66, 636, 471, 0, 14.27%, 0, 0, 6, 21655.84, 37344635, 1041
1949, 8, 266, 636, 471, 0, 14.27%, 0, 0, 6, 16104.42, 37424387, 1041
1954, 8, 326, 636, 471, 0, 14.27%, 0, 0, 6, 15845.30, 37507108, 1041
1959, 8, 4, 636, 471, 0, 14.27%, 0, 0, 6, 16601.66, 37591552, 1041
1964, 8, 254, 636, 471, 0, 14.27%, 0, 0, 6, 17326.25, 37683162, 1041
1969, 8, 266, 636, 471, 0, 14.27%, 0, 0, 6, 14781.22, 37757059, 1041
1974, 8, 266, 636, 471, 0, 14.27%, 0, 0, 6, 21782.45, 37874499, 1041
1979, 8, 266, 636, 471, 0, 14.27%, 0, 0, 6, 21458.54, 37979309, 1041
1984, 8, 271, 636, 471, 0, 14.27%, 0, 0, 6, 21382.85, 38083789, 1041
1989, 8, 266, 636, 471, 0, 14.27%, 0, 0, 6, 18413.15, 38174894, 1041
1994, 8, 39, 636, 471, 0, 14.27%, 0, 0, 6, 19734.10, 38274533, 1041
1999, 8, 266, 636, 470, 0, 14.27%, 0, 0, 6, 19951.58, 38367424, 1041
2005, 8, 266, 636, 470, 0, 14.27%, 0, 0, 6, 21443.53, 38472244, 1041
2010, 8, 66, 636, 470, 0, 14.27%, 0, 0, 6, 20238.11, 38568452, 1041
2015, 8, 418, 636, 470, 0, 14.27%, 0, 0, 6, 19946.86, 38659555, 1041
2020, 8, 473, 637, 471, 0, 14.27%, 0, 0, 7, 13855.29, 38728927, 1041
2025, 8, 335, 637, 470, 0, 14.27%, 0, 0, 7, 16299.90, 38815555, 1041
2030, 8, 266, 637, 469, 0, 14.27%, 0, 0, 7, 17406.54, 38894277, 1041
2035, 8, 266, 637, 469, 0, 14.27%, 0, 0, 7, 18455.67, 38994009, 1041
2040, 8, 266, 637, 469, 0, 14.27%, 0, 0, 7, 16312.12, 39069428, 1041
2045, 8, 266, 637, 467, 0, 14.27%, 0, 0, 7, 16322.85, 39156241, 1041
2050, 8, 262, 637, 467, 0, 14.27%, 0, 0, 7, 16071.46, 39230686, 1041
2056, 8, 266, 637, 466, 0, 14.27%, 0, 0, 7, 19460.16, 39336201, 1041
2061, 8, 266, 637, 466, 0, 14.27%, 0, 0, 7, 16849.49, 39411350, 1041
2066, 9, 64, 640, 469, 0, 14.27%, 0, 0, 7, 19867.98, 39519829, 1041
2071, 9, 266, 640, 469, 0, 14.27%, 0, 0, 7, 16135.89, 39596352, 1041
2076, 9, 286, 640, 467, 0, 14.27%, 0, 0, 7, 16185.65, 39676261, 1041
2081, 9, 326, 640, 467, 0, 14.27%, 0, 0, 7, 21285.16, 39780615, 1041
2086, 9, 266, 640, 467, 0, 14.27%, 0, 0, 7, 19033.38, 39881076, 1041
2091, 9, 271, 640, 467, 0, 14.27%, 0, 0, 7, 22946.26, 39989581, 1041
2096, 9, 266, 640, 467, 0, 14.27%, 0, 0, 7, 18435.70, 40091100, 1041
2101, 9, 41, 640, 467, 0, 14.27%, 0, 0, 7, 20640.06, 40190117, 1041
2106, 9, 266, 640, 466, 0, 14.27%, 0, 0, 7, 18065.64, 40282533, 1041
2112, 9, 125, 640, 466, 0, 14.27%, 0, 0, 7, 19409.92, 40364426, 1041
2117, 9, 418, 640, 466, 0, 14.27%, 0, 0, 7, 17304.16, 40452795, 1041
2122, 9, 375, 640, 466, 0, 14.27%, 0, 0, 7, 19137.50, 40546198, 1041
2127, 9, 117, 640, 465, 0, 14.27%, 0, 0, 7, 16700.96, 40637660, 1041
2132, 9, 266, 640, 465, 0, 14.27%, 0, 0, 7, 17572.10, 40720453, 1041
2137, 9, 266, 640, 464, 0, 14.27%, 0, 0, 7, 17591.51, 40822632, 1041
2142, 9, 266, 640, 464, 0, 14.27%, 0, 0, 7, 17753.51, 40914077, 1041
2147, 9, 326, 640, 464, 0, 14.27%, 0, 0, 7, 15258.96, 40998997, 1041
2152, 9, 266, 640, 464, 0, 14.27%, 0, 0, 7, 15997.53, 41075208, 1041
2157, 9, 107, 640, 464, 0, 14.27%, 0, 0, 7, 15447.40, 41164243, 1041
2162, 9, 375, 640, 464, 0, 14.27%, 0, 0, 7, 18375.56, 41251090, 1041
2167, 9, 266, 640, 464, 0, 14.27%, 0, 0, 7, 17061.69, 41349850, 1041
2173, 9, 266, 640, 464, 0, 14.27%, 0, 0, 7, 17894.71, 41439246, 1041
2178, 9, 98, 640, 464, 0, 14.27%, 0, 0, 7, 13427.86, 41510632, 1041
2183, 9, 375, 640, 464, 0, 14.27%, 0, 0, 7, 19736.83, 41610487, 1041
2188, 9, 271, 640, 464, 0, 14.27%, 0, 0, 7, 15860.78, 41700439, 1041
2193, 9, 41, 640, 464, 0, 14.27%, 0, 0, 7, 19514.37, 41811413, 1041
2198, 9, 254, 640, 464, 0, 14.27%, 0, 0, 7, 18611.24, 41909535, 1041
2203, 9, 266, 640, 464, 0, 14.27%, 0, 0, 7, 18086.97, 42003614, 1041
2208, 9, 266, 640, 464, 0, 14.27%, 0, 0, 7, 17483.63, 42095473, 1041
2213, 9, 326, 640, 464, 0, 14.27%, 0, 0, 7, 22068.78, 42214108, 1041
2219, 9, 101, 640, 464, 0, 14.27%, 0, 0, 7, 18156.75, 42298238, 1041
2224, 9, 326, 640, 464, 0, 14.27%, 0, 0, 7, 16546.92, 42381424, 1041
2229, 9, 13, 640, 463, 0, 14.27%, 0, 0, 7, 18765.81, 42479218, 1041
2234, 9, 276, 640, 463, 0, 14.27%, 0, 0, 7, 21558.60, 42587473, 1041
2239, 9, 266, 640, 463, 0, 14.27%, 0, 0, 7, 16003.43, 42669040, 1041
2244, 9, 266, 640, 462, 0, 14.27%, 0, 0, 7, 25536.49, 42813809, 1041
2249, 9, 326, 640, 462, 0, 14.27%, 0, 0, 7, 21675.51, 42922763, 1041
2254, 9, 266, 640, 462, 0, 14.27%, 0, 0, 7, 20329.94, 43017990, 1041
2259, 9, 418, 640, 462, 0, 14.27%, 0, 0, 7, 19523.12, 43116029, 1041
2264, 9, 276, 640, 462, 0, 14.27%, 0, 0, 7, 23161.70, 43236726, 1041
2269, 9, 266, 640, 462, 0, 14.27%, 0, 0, 7, 19632.10, 43330674, 1041
2275, 9, 276, 640, 462, 0, 14.27%, 0, 0, 7, 23068.49, 43459547, 1041
2280, 9, 418, 640, 462, 0, 14.27%, 0, 0, 7, 22802.29, 43571128, 1041
2285, 9, 276, 640, 462, 0, 14.27%, 0, 0, 7, 20779.54, 43670949, 1041
2290, 9, 418, 640, 461, 0, 14.27%, 0, 0, 7, 22637.76, 43787394, 1041
2295, 9, 365, 640, 461, 0, 14.27%, 0, 0, 7, 22884.57, 43902143, 1041
2300, 10, 143, 641, 462, 0, 14.27%, 0, 0, 7, 17301.57, 43979627, 1041
2305, 10, 117, 641, 461, 0, 14.27%, 0, 0, 7, 25816.90, 44119741, 1041
2310, 10, 266, 641, 461, 0, 14.27%, 0, 0, 7, 17805.70, 44200184, 1041
2315, 10, 266, 641, 461, 0, 14.27%, 0, 0, 7, 22747.24, 44309911, 1041
2320, 10, 266, 641, 461, 0, 14.27%, 0, 0, 7, 16698.83, 44380323, 1041
2326, 10, 266, 641, 461, 0, 14.27%, 0, 0, 7, 22668.34, 44507253, 1041
2331, 10, 268, 641, 461, 0, 14.27%, 0, 0, 7, 22328.09, 44606616, 1041
2336, 10, 266, 641, 461, 0, 14.27%, 0, 0, 7, 23670.93, 44725086, 1041
2341, 10, 418, 641, 461, 0, 14.27%, 0, 0, 7, 18969.14, 44809253, 1041
2346, 10, 117, 641, 461, 0, 14.27%, 0, 0, 7, 22304.48, 44933156, 1041
2351, 10, 262, 641, 461, 0, 14.27%, 0, 0, 7, 20837.01, 45028403, 1041
2356, 10, 262, 641, 460, 0, 14.27%, 0, 0, 7, 24069.80, 45153993, 1041
2361, 10, 276, 641, 460, 0, 14.27%, 0, 0, 7, 19701.94, 45248469, 1041
2366, 10, 117, 641, 460, 0, 14.27%, 0, 0, 7, 19947.46, 45357690, 1041
2371, 10, 84, 641, 460, 0, 14.27%, 0, 0, 7, 15101.83, 45429744, 1041
2377, 10, 117, 641, 460, 0, 14.27%, 0, 0, 7, 19248.62, 45539178, 1041
2382, 10, 276, 641, 460, 0, 14.27%, 0, 0, 7, 24314.10, 45659449, 1041
2387, 10, 266, 641, 459, 0, 14.27%, 0, 0, 7, 23339.09, 45781249, 1041
2392, 10, 17, 641, 459, 0, 14.27%, 0, 0, 7, 24790.19, 45902317, 1041
2397, 10, 271, 641, 457, 0, 14.27%, 0, 0, 7, 23299.67, 46024119, 1041
2402, 10, 266, 641, 457, 0, 14.27%, 0, 0, 7, 23693.75, 46132546, 1041
2407, 10, 123, 641, 457, 0, 14.27%, 0, 0, 7, 22689.56, 46249387, 1041
2412, 10, 266, 641, 457, 0, 14.27%, 0, 0, 7, 25732.74, 46381473, 1041
2417, 10, 260, 641, 457, 0, 14.27%, 0, 0, 7, 23086.35, 46507592, 1041
2422, 10, 123, 641, 457, 0, 14.27%, 0, 0, 7, 25690.90, 46631060, 1041
2427, 10, 25, 641, 457, 0, 14.27%, 0, 0, 7, 21459.10, 46739521, 1041
2433, 10, 276, 641, 456, 0, 14.27%, 0, 0, 7, 22232.59, 46851714, 1041
2438, 10, 262, 641, 456, 0, 14.27%, 0, 0, 7, 23065.85, 46976128, 1041
2443, 10, 271, 641, 456, 0, 14.27%, 0, 0, 7, 25254.64, 47106269, 1041
2448, 10, 41, 641, 456, 0, 14.27%, 0, 0, 7, 26321.01, 47245273, 1041
2453, 10, 470, 641, 455, 0, 14.27%, 0, 0, 7, 27829.14, 47388672, 1041
2458, 10, 442, 641, 454, 0, 14.27%, 0, 0, 7, 23737.76, 47499706, 1041
2463, 10, 266, 641, 453, 0, 14.27%, 0, 0, 7, 24726.94, 47621971, 1041
2468, 10, 262, 641, 453, 0, 14.27%, 0, 0, 7, 18653.59, 47717662, 1041
2473, 10, 266, 641, 453, 0, 14.27%, 0, 0, 7, 23228.62, 47834314, 1041
2478, 10, 266, 641, 453, 0, 14.27%, 0, 0, 7, 19640.10, 47935454, 1041
2483, 10, 266, 641, 453, 0, 14.27%, 0, 0, 7, 24624.25, 48069585, 1041
2489, 10, 266, 641, 453, 0, 14.27%, 0, 0, 7, 18785.40, 48159949, 1041
2494, 10, 418, 641, 453, 0, 14.27%, 0, 0, 7, 22601.73, 48270241, 1041
2499, 10, 112, 641, 450, 0, 14.27%, 0, 0, 7, 16972.09, 48356170, 1041
2504, 10, 437, 641, 450, 0, 14.27%, 0, 0, 7, 19952.12, 48458582, 1041
2509, 11, 262, 644, 453, 0, 14.27%, 0, 0, 7, 16473.56, 48528318, 1041
2514, 11, 117, 644, 452, 0, 14.27%, 0, 0, 7, 22537.44, 48643763, 1041
2519, 11, 48, 644, 452, 0, 14.27%, 0, 0, 7, 19928.64, 48736605, 1041
2524, 11, 266, 644, 451, 0, 14.27%, 0, 0, 7, 22097.92, 48853477, 1041
2529, 11, 266, 644, 451, 0, 14.27%, 0, 0, 7, 22871.28, 48966007, 1041
2534, 11, 268, 644, 451, 0, 14.27%, 0, 0, 7, 25625.53, 49102022, 1041
2540, 11, 266, 644, 451, 0, 14.27%, 0, 0, 7, 21906.78, 49199340, 1041
2545, 11, 266, 644, 451, 0, 14.27%, 0, 0, 7, 24913.01, 49330497, 1041
2550, 11, 62, 644, 451, 0, 14.27%, 0, 0, 7, 21642.45, 49432140, 1041
2555, 11, 266, 644, 451, 0, 14.27%, 0, 0, 7, 22117.68, 49533580, 1041
2560, 11, 266, 644, 451, 0, 14.27%, 0, 0, 7, 25235.73, 49663380, 1041
2565, 11, 41, 644, 451, 0, 14.27%, 0, 0, 7, 25754.76, 49788876, 1041
2570, 11, 41, 644, 451, 0, 14.27%, 0, 0, 7, 23495.76, 49892928, 1041
2575, 11, 84, 644, 451, 0, 14.27%, 0, 0, 7, 22646.96, 50007125, 1041
2580, 11, 266, 644, 451, 0, 14.27%, 0, 0, 7, 22684.63, 50109578, 1041
2585, 11, 266, 644, 451, 0, 14.27%, 0, 0, 7, 26566.50, 50249550, 1041
2590, 11, 418, 644, 451, 0, 14.27%, 0, 0, 7, 20178.16, 50340788, 1041
2595, 11, 98, 644, 451, 0, 14.27%, 0, 0, 7, 26997.61, 50487357, 1041
2600, 11, 266, 644, 451, 0, 14.27%, 0, 0, 7, 26800.88, 50611091, 1041
2606, 11, 266, 644, 451, 0, 14.27%, 0, 0, 7, 24698.60, 50733777, 1041
2611, 11, 266, 644, 451, 0, 14.27%, 0, 0, 7, 21043.83, 50830827, 1041
2616, 11, 276, 644, 451, 0, 14.27%, 0, 0, 7, 21143.67, 50944608, 1041
2621, 11, 266, 644, 451, 0, 14.27%, 0, 0, 7, 21455.57, 51043198, 1041
2626, 11, 266, 644, 449, 0, 14.27%, 0, 0, 7, 26179.50, 51185266, 1041
2631, 11, 266, 644, 449, 0, 14.27%, 0, 0, 7, 26842.62, 51317070, 1041
2636, 11, 25, 644, 448, 0, 14.27%, 0, 0, 7, 23118.11, 51428528, 1041
2641, 11, 266, 644, 448, 0, 14.27%, 0, 0, 7, 23754.04, 51540500, 1041
2646, 11, 266, 644, 447, 0, 14.27%, 0, 0, 7, 23527.36, 51661527, 1041
2651, 11, 276, 644, 447, 0, 14.27%, 0, 0, 7, 25531.49, 51793144, 1041
2656, 11, 266, 644, 447, 0, 14.27%, 0, 0, 7, 22604.45, 51915384, 1041
2661, 11, 117, 644, 447, 0, 14.27%, 0, 0, 7, 19676.87, 51995524, 1041
2666, 11, 266, 644, 447, 0, 14.27%, 0, 0, 7, 20636.72, 52104095, 1041
2671, 11, 271, 644, 447, 0, 14.27%, 0, 0, 7, 16300.20, 52183805, 1041
2676, 11, 336, 644, 447, 0, 14.27%, 0, 0, 7, 20026.54, 52295586, 1041
2682, 11, 266, 644, 447, 0, 14.27%, 0, 0, 7, 5835.65, 52406665, 1041
2687, 11, 437, 644, 447, 0, 14.27%, 0, 0, 7, 24264.84, 52514996, 1041
2692, 11, 326, 644, 447, 0, 14.27%, 0, 0, 7, 25483.02, 52641988, 1041
2697, 11, 266, 644, 447, 0, 14.27%, 0, 0, 7, 19813.42, 52743832, 1041
2702, 11, 242, 644, 447, 0, 14.27%, 0, 0, 7, 21228.62, 52850878, 1041
2707, 11, 266, 644, 447, 0, 14.27%, 0, 0, 7, 18144.06, 52950455, 1041
2713, 11, 262, 644, 447, 0, 14.27%, 0, 0, 7, 23094.35, 53079185, 1041
2718, 12, 262, 645, 448, 0, 14.27%, 0, 0, 7, 17651.42, 53171584, 1041
2723, 12, 266, 645, 448, 0, 14.27%, 0, 0, 7, 19260.98, 53272115, 1041
2728, 12, 125, 645, 448, 0, 14.27%, 0, 0, 7, 19441.05, 53376323, 1041
2733, 12, 266, 645, 447, 0, 14.27%, 0, 0, 7, 19748.21, 53471963, 1041
2738, 12, 268, 645, 447, 0, 14.27%, 0, 0, 7, 16845.68, 53563373, 1041
2743, 12, 266, 645, 447, 0, 14.27%, 0, 0, 7, 23280.18, 53692912, 1041
2748, 12, 66, 645, 447, 0, 14.27%, 0, 0, 7, 18821.72, 53788639, 1041
2754, 12, 266, 645, 447, 0, 14.27%, 0, 0, 7, 25851.67, 53924584, 1041
2759, 12, 271, 645, 447, 0, 14.27%, 0, 0, 7, 23688.27, 54045112, 1041
2764, 12, 266, 645, 447, 0, 14.27%, 0, 0, 7, 26719.54, 54177484, 1041
2769, 12, 41, 645, 447, 0, 14.27%, 0, 0, 7, 19754.99, 54264093, 1041
2774, 12, 276, 645, 447, 0, 14.27%, 0, 0, 7, 22342.31, 54381914, 1041
2779, 12, 520, 645, 447, 0, 14.27%, 0, 0, 7, 20067.65, 54478144, 1041
2784, 12, 98, 645, 446, 0, 14.27%, 0, 0, 7, 23394.06, 54600571, 1041
2789, 12, 276, 645, 446, 0, 14.27%, 0, 0, 7, 23607.15, 54716406, 1041
2794, 12, 259, 645, 446, 0, 14.27%, 0, 0, 7, 22836.06, 54826773, 1041
2799, 12, 266, 645, 446, 0, 14.27%, 0, 0, 7, 21863.17, 54942600, 1041
2804, 12, 266, 645, 446, 0, 14.27%, 0, 0, 7, 21493.26, 55057143, 1041
2810, 12, 268, 645, 446, 0, 14.27%, 0, 0, 7, 17349.50, 55147392, 1041
2815, 12, 41, 645, 446, 0, 14.27%, 0, 0, 7, 20792.78, 55260588, 1041
2820, 12, 266, 645, 446, 0, 14.27%, 0, 0, 7, 13792.24, 55324504, 1041
2825, 12, 357, 645, 446, 0, 14.27%, 0, 0, 7, 16647.55, 55411835, 1041
2830, 12, 41, 645, 445, 0, 14.27%, 0, 0, 7, 13584.33, 55475141, 1041
2835, 12, 266, 645, 445, 0, 14.27%, 0, 0, 7, 20502.22, 55586764, 1041
2840, 12, 266, 645, 445, 0, 14.27%, 0, 0, 7, 20411.82, 55679817, 1041
2845, 12, 266, 645, 445, 0, 14.27%, 0, 0, 7, 23245.46, 55797186, 1041
2850, 12, 389, 645, 445, 0, 14.27%, 0, 0, 7, 16493.42, 55866492, 1041
2855, 12, 365, 645, 445, 0, 14.27%, 0, 0, 7, 18520.01, 55953389, 1041
2860, 12, 25, 645, 445, 0, 14.27%, 0, 0, 7, 18818.53, 56050277, 1041
2865, 12, 412, 645, 445, 0, 14.27%, 0, 0, 7, 20542.77, 56156911, 1041
2870, 12, 266, 645, 445, 0, 14.27%, 0, 0, 7, 21136.25, 56254822, 1041
2875, 12, 266, 645, 445, 0, 14.27%, 0, 0, 7, 24354.47, 56377676, 1041
2880, 12, 66, 645, 445, 0, 14.27%, 0, 0, 7, 19520.40, 56467131, 1041
2885, 12, 266, 645, 445, 0, 14.27%, 0, 0, 7, 22036.41, 56580653, 1041
2891, 12, 266, 645, 445, 0, 14.27%, 0, 0, 7, 15071.41, 56641358, 1041
2896, 12, 262, 645, 445, 0, 14.27%, 0, 0, 7, 20429.01, 56748699, 1041
2901, 12, 271, 645, 445, 0, 14.27%, 0, 0, 7, 12444.37, 56803734, 1041
2906, 12, 266, 645, 445, 0, 14.27%, 0, 0, 7, 16554.01, 56889130, 1041
2911, 12, 326, 645, 444, 0, 14.27%, 0, 0, 7, 14752.10, 56955279, 1041
2916, 12, 266, 645, 444, 0, 14.27%, 0, 0, 7, 19519.22, 57062901, 1041
2921, 12, 266, 645, 444, 0, 14.27%, 0, 0, 7, 17565.61, 57146187, 1041
2926, 12, 254, 645, 444, 0, 14.27%, 0, 0, 7, 21958.00, 57272053, 1041
2931, 12, 266, 645, 444, 0, 14.27%, 0, 0, 7, 21144.15, 57369129, 1041
2936, 12, 225, 645, 444, 0, 14.27%, 0, 0, 7, 18543.43, 57468551, 1041
2941, 12, 53, 645, 444, 0, 14.27%, 0, 0, 7, 20402.36, 57565485, 1041
2947, 12, 418, 645, 444, 0, 14.27%, 0, 0, 7, 20103.78, 57676422, 1041
2952, 13, 276, 646, 444, 0, 14.27%, 0, 0, 7, 17190.86, 57759364, 1041
2957, 13, 412, 646, 444, 0, 14.27%, 0, 0, 7, 21211.53, 57881773, 1041
2962, 13, 266, 646, 444, 0, 14.27%, 0, 0, 7, 21602.21, 57986521, 1041
2967, 13, 41, 646, 444, 0, 14.27%, 0, 0, 7, 19820.60, 58096861, 1041
2972, 13, 266, 646, 444, 0, 14.27%, 0, 0, 7, 21638.30, 58203778, 1041
2977, 13, 98, 646, 444, 0, 14.27%, 0, 0, 7, 19389.67, 58311497, 1041
2982, 13, 266, 646, 444, 0, 14.27%, 0, 0, 7, 20786.81, 58410689, 1041
2987, 13, 266, 646, 444, 0, 14.27%, 0, 0, 7, 17433.33, 58508801, 1041
2993, 13, 265, 646, 444, 0, 14.27%, 0, 0, 7, 24289.07, 58637195, 1041
2998, 13, 266, 646, 444, 0, 14.27%, 0, 0, 7, 17520.70, 58725147, 1041
3003, 13, 326, 646, 444, 0, 14.27%, 0, 0, 7, 21477.95, 58832775, 1041
3008, 13, 266, 646, 444, 0, 14.27%, 0, 0, 7, 18304.76, 58930275, 1041
3013, 13, 326, 646, 444, 0, 14.27%, 0, 0, 7, 20519.88, 59035883, 1041
3018, 13, 266, 646, 444, 0, 14.27%, 0, 0, 7, 18521.69, 59136164, 1041
3023, 13, 41, 646, 443, 0, 14.27%, 0, 0, 7, 20787.95, 59241005, 1041
3028, 13, 271, 646, 442, 0, 14.27%, 0, 0, 7, 19186.18, 59331185, 1041
3033, 13, 266, 646, 442, 0, 14.27%, 0, 0, 7, 18389.68, 59425175, 1041
3038, 13, 412, 646, 442, 0, 14.27%, 0, 0, 7, 20502.56, 59538351, 1041
3043, 13, 125, 646, 442, 0, 14.27%, 0, 0, 7, 24071.55, 59655361, 1041
3048, 13, 41, 646, 442, 0, 14.27%, 0, 0, 7, 21938.89, 59755915, 1041
3054, 13, 418, 646, 442, 0, 14.27%, 0, 0, 7, 23857.26, 59880472, 1041
3059, 13, 266, 646, 442, 0, 14.27%, 0, 0, 7, 20367.47, 59981822, 1041
3064, 13, 254, 646, 441, 0, 14.27%, 0, 0, 7, 24257.57, 60107142, 1041
3069, 13, 412, 646, 441, 0, 14.27%, 0, 0, 7, 20357.68, 60210664, 1041
3074, 13, 607, 646, 441, 0, 14.27%, 0, 0, 7, 24734.43, 60343227, 1041
3079, 13, 266, 646, 440, 0, 14.27%, 0, 0, 7, 17982.39, 60430607, 1041
3084, 13, 266, 646, 440, 0, 14.27%, 0, 0, 7, 23907.09, 60554982, 1041
3089, 13, 266, 646, 440, 0, 14.27%, 0, 0, 7, 21925.28, 60660512, 1041
3095, 13, 266, 646, 440, 0, 14.27%, 0, 0, 7, 20548.02, 60757031, 1041
3100, 13, 276, 646, 439, 0, 14.27%, 0, 0, 7, 16418.41, 60839083, 1041
3105, 13, 125, 646, 438, 0, 14.27%, 0, 0, 7, 23441.13, 60971592, 1041
3110, 13, 17, 646, 437, 0, 14.27%, 0, 0, 7, 20248.97, 61067441, 1041
3115, 13, 418, 646, 437, 0, 14.27%, 0, 0, 7, 21113.95, 61178519, 1041
3120, 13, 266, 646, 437, 0, 14.27%, 0, 0, 7, 23824.30, 61300083, 1041
3125, 13, 326, 646, 437, 0, 14.27%, 0, 0, 7, 24856.46, 61423997, 1041
3130, 13, 266, 646, 437, 0, 14.27%, 0, 0, 7, 22553.28, 61526003, 1041
3135, 13, 266, 646, 437, 0, 14.27%, 0, 0, 7, 26451.07, 61665537, 1041
3141, 13, 276, 646, 437, 0, 14.27%, 0, 0, 7, 13689.07, 61715004, 1041
3146, 13, 266, 646, 436, 0, 14.27%, 0, 0, 7, 15802.36, 61790482, 1041
3151, 13, 125, 646, 436, 0, 14.27%, 0, 0, 7, 17407.56, 61883983, 1041
3156, 13, 412, 646, 436, 0, 14.27%, 0, 0, 7, 18869.00, 61974411, 1041
3161, 13, 349, 646, 436, 0, 14.27%, 0, 0, 7, 26166.38, 62110296, 1041
3166, 13, 266, 646, 436, 0, 14.27%, 0, 0, 7, 22112.22, 62218777, 1041
3171, 13, 117, 646, 435, 0, 14.27%, 0, 0, 7, 21747.79, 62330777, 1041
3176, 14, 125, 647, 436, 0, 14.27%, 0, 0, 7, 19422.26, 62417451, 1041
3181, 14, 108, 647, 436, 0, 14.27%, 0, 0, 7, 19341.52, 62516157, 1041
3186, 14, 66, 647, 436, 0, 14.27%, 0, 0, 7, 20570.59, 62618395, 1041
3191, 14, 326, 647, 436, 0, 14.27%, 0, 0, 7, 19874.52, 62723954, 1041
3196, 14, 266, 647, 436, 0, 14.27%, 0, 0, 7, 23086.88, 62836387, 1041
3202, 14, 266, 647, 436, 0, 14.27%, 0, 0, 7, 18506.62, 62933651, 1041
3207, 14, 266, 647, 436, 0, 14.27%, 0, 0, 7, 17043.03, 63010086, 1041
3212, 14, 292, 647, 436, 0, 14.27%, 0, 0, 7, 18992.58, 63113664, 1041
3217, 14, 266, 647, 436, 0, 14.27%, 0, 0, 7, 20784.01, 63209657, 1041
3222, 14, 242, 647, 436, 0, 14.27%, 0, 0, 7, 21008.06, 63326859, 1041
3227, 14, 49, 647, 436, 0, 14.27%, 0, 0, 7, 19926.99, 63421840, 1041
3232, 14, 17, 647, 436, 0, 14.27%, 0, 0, 7, 22973.61, 63545131, 1041
3237, 14, 266, 647, 435, 0, 14.27%, 0, 0, 7, 20823.76, 63652864, 1041
3242, 14, 262, 647, 434, 0, 14.27%, 0, 0, 7, 16975.73, 63746332, 1041
3247, 14, 266, 647, 434, 0, 14.27%, 0, 0, 7, 19302.86, 63843987, 1041
3252, 14, 276, 647, 433, 0, 14.27%, 0, 0, 7, 18464.27, 63943706, 1041
3258, 14, 266, 647, 433, 0, 14.27%, 0, 0, 7, 22593.57, 64062418, 1041
3263, 14, 265, 647, 433, 0, 14.27%, 0, 0, 7, 18652.85, 64161694, 1041
3268, 14, 326, 647, 433, 0, 14.27%, 0, 0, 7, 14851.36, 64230114, 1041
3273, 14, 326, 647, 433, 0, 14.27%, 0, 0, 7, 7921.15, 64266851, 1041
3278, 14, 271, 647, 433, 0, 14.27%, 0, 0, 7, 18846.11, 64370184, 1041
3283, 14, 49, 647, 433, 0, 14.27%, 0, 0, 7, 17468.67, 64468430, 1041
3288, 14, 418, 647, 433, 0, 14.27%, 0, 0, 7, 21324.16, 64576840, 1041
3293, 14, 242, 647, 433, 0, 14.27%, 0, 0, 7, 23158.12, 64701034, 1041
3298, 14, 266, 647, 432, 0, 14.27%, 0, 0, 7, 22402.44, 64819308, 1041
3303, 14, 262, 647, 432, 0, 14.27%, 0, 0, 7, 19228.66, 64918667, 1041
3308, 14, 266, 647, 432, 0, 14.27%, 0, 0, 7, 25410.64, 65053872, 1041
3314, 14, 4, 647, 432, 0, 14.27%, 0, 0, 7, 25537.95, 65180330, 1041
3319, 14, 336, 647, 432, 0, 14.27%, 0, 0, 7, 23007.46, 65291930, 1041
3324, 14, 400, 647, 432, 0, 14.27%, 0, 0, 7, 23140.31, 65419130, 1041
3329, 14, 109, 647, 432, 0, 14.27%, 0, 0, 7, 25324.87, 65542820, 1041
3334, 14, 266, 647, 432, 0, 14.27%, 0, 0, 7, 22756.97, 65652232, 1041
3339, 14, 266, 647, 432, 0, 14.27%, 0, 0, 7, 27463.73, 65802104, 1041
3344, 14, 125, 647, 431, 0, 14.27%, 0, 0, 7, 25590.11, 65924673, 1041
3349, 14, 266, 647, 431, 0, 14.27%, 0, 0, 7, 24804.50, 66048101, 1041
3354, 14, 400, 647, 431, 0, 14.27%, 0, 0, 7, 23611.67, 66169843, 1041
3359, 14, 418, 647, 431, 0, 14.27%, 0, 0, 7, 24432.52, 66296714, 1041
3364, 14, 112, 647, 431, 0, 14.27%, 0, 0, 7, 21925.78, 66399523, 1041
3369, 14, 41, 647, 431, 0, 14.27%, 0, 0, 7, 25259.43, 66527931, 1041
3374, 14, 400, 647, 430, 0, 14.27%, 0, 0, 7, 24011.78, 66640542, 1041
3379, 14, 266, 647, 428, 0, 14.27%, 0, 0, 7, 23308.60, 66751332, 1041
3385, 14, 418, 647, 428, 0, 14.27%, 0, 0, 7, 24818.99, 66871257, 1041
3390, 15, 266, 649, 430, 0, 14.27%, 0, 0, 7, 25388.92, 67001210, 1041
3395, 15, 421, 649, 430, 0, 14.27%, 0, 0, 7, 22565.86, 67100797, 1041
3400, 15, 276, 649, 430, 0, 14.27%, 0, 0, 7, 26154.72, 67236507, 1041
3405, 15, 266, 649, 430, 0, 14.27%, 0, 0, 7, 24775.02, 67363460, 1041
3410, 15, 266, 649, 430, 0, 14.27%, 0, 0, 7, 25378.28, 67482463, 1041
3415, 15, 266, 649, 430, 0, 14.27%, 0, 0, 7, 25028.96, 67608323, 1041
3420, 15, 326, 649, 430, 0, 14.27%, 0, 0, 7, 23946.38, 67728494, 1041
3425, 15, 266, 649, 430, 0, 14.27%, 0, 0, 7, 24254.65, 67845020, 1041
3430, 15, 266, 649, 430, 0, 14.27%, 0, 0, 7, 25729.24, 67975171, 1041
3435, 15, 400, 649, 429, 0, 14.27%, 0, 0, 7, 24618.50, 68098160, 1041
3440, 15, 276, 649, 429, 0, 14.27%, 0, 0, 7, 26100.78, 68233742, 1041
3445, 15, 266, 649, 428, 0, 14.27%, 0, 0, 7, 23385.36, 68337409, 1041
3450, 15, 262, 649, 428, 0, 14.27%, 0, 0, 7, 23811.70, 68464776, 1041
3455, 15, 266, 649, 428, 0, 14.27%, 0, 0, 7, 24177.68, 68582468, 1041
3460, 15, 266, 649, 428, 0, 14.27%, 0, 0, 7, 25280.26, 68717032, 1041
3466, 15, 262, 649, 427, 0, 14.27%, 0, 0, 7, 24029.99, 68840231, 1041
3471, 15, 421, 649, 427, 0, 14.27%, 0, 0, 7, 24759.47, 68969772, 1041
3476, 15, 112, 649, 427, 0, 14.27%, 0, 0, 7, 23691.76, 69088808, 1041
3481, 15, 266, 649, 427, 0, 14.27%, 0, 0, 7, 23823.79, 69209642, 1041
3486, 15, 271, 649, 427, 0, 14.27%, 0, 0, 7, 26670.41, 69338285, 1041
3491, 15, 276, 649, 427, 0, 14.27%, 0, 0, 7, 24996.98, 69466735, 1041
3496, 15, 418, 649, 427, 0, 14.27%, 0, 0, 7, 22846.35, 69573480, 1041
3501, 15, 266, 649, 427, 0, 14.27%, 0, 0, 7, 24350.08, 69701671, 1041
3506, 15, 320, 649, 426, 0, 14.27%, 0, 0, 7, 24572.19, 69826254, 1041
3511, 15, 266, 649, 426, 0, 14.27%, 0, 0, 7, 20927.70, 69934681, 1041
3516, 15, 292, 649, 426, 0, 14.27%, 0, 0, 7, 23766.31, 70050120, 1041
3521, 15, 266, 649, 426, 0, 14.27%, 0, 0, 7, 27052.92, 70191694, 1041
3526, 15, 262, 649, 426, 0, 14.27%, 0, 0, 7, 26190.55, 70317530, 1041
3531, 15, 326, 649, 426, 0, 14.27%, 0, 0, 7, 23927.96, 70444258, 1041
3537, 15, 266, 649, 425, 0, 14.27%, 0, 0, 7, 23550.13, 70560198, 1041
3542, 15, 271, 649, 425, 0, 14.27%, 0, 0, 7, 22053.59, 70677503, 1041
3547, 15, 266, 649, 425, 0, 14.27%, 0, 0, 7, 22389.76, 70789966, 1041
3552, 15, 276, 649, 424, 0, 14.27%, 0, 0, 7, 24181.51, 70918177, 1041
3557, 15, 266, 649, 424, 0, 14.27%, 0, 0, 7, 23616.66, 71043933, 1041
3562, 15, 418, 649, 424, 0, 14.27%, 0, 0, 7, 23620.76, 71169996, 1041
3567, 15, 266, 649, 424, 0, 14.27%, 0, 0, 7, 24239.07, 71289622, 1041
3572, 15, 271, 649, 424, 0, 14.27%, 0, 0, 7, 19765.78, 71394354, 1041
3577, 15, 271, 649, 424, 0, 14.27%, 0, 0, 7, 25075.32, 71528289, 1041
3582, 15, 326, 649, 423, 0, 14.27%, 0, 0, 7, 26052.91, 71659728, 1041
3587, 15, 266, 649, 423, 0, 14.27%, 0, 0, 7, 24903.82, 71782251, 1041
3592, 15, 276, 649, 423, 0, 14.27%, 0, 0, 7, 23042.47, 71902064, 1041
3596, 16, 418, 649, 423, 0, 14.27%, 0, 0, 7, 19881.63, 71959119, 1041
