# relative_time, cycles_done, cur_item, corpus_count, pending_total, pending_favs, map_size, saved_crashes, saved_hangs, max_depth, execs_per_sec, total_execs, edges_found
61, 0, 24, 581, 576, 297, 21.89%, 0, 0, 3, 14571.58, 750799, 3426
66, 0, 24, 591, 586, 297, 21.93%, 0, 0, 3, 15107.97, 827407, 3432
71, 0, 24, 591, 586, 297, 21.93%, 0, 0, 3, 14606.44, 891294, 3432
76, 0, 27, 684, 678, 349, 24.45%, 0, 0, 3, 14689.70, 953315, 3826
81, 0, 27, 684, 678, 349, 24.45%, 0, 0, 3, 15978.74, 1012623, 3826
86, 0, 27, 697, 691, 349, 24.55%, 0, 0, 3, 15169.34, 1078345, 3842
92, 0, 27, 697, 691, 349, 24.55%, 0, 0, 3, 1671.83, 1146614, 3842
97, 0, 27, 697, 691, 349, 24.55%, 0, 0, 3, 15019.51, 1218035, 3842
102, 0, 27, 697, 691, 349, 24.55%, 0, 0, 3, 15747.47, 1274860, 3842
107, 0, 33, 845, 838, 420, 29.56%, 0, 0, 3, 14577.18, 1341227, 4626
112, 0, 33, 845, 838, 420, 29.56%, 0, 0, 3, 15594.98, 1420673, 4626
117, 0, 36, 914, 906, 435, 29.84%, 0, 0, 3, 15411.35, 1496739, 4670
122, 0, 36, 914, 906, 435, 29.84%, 0, 0, 3, 15498.65, 1574427, 4670
127, 0, 46, 950, 941, 436, 29.96%, 0, 0, 3, 15299.11, 1652265, 4689
132, 0, 46, 950, 941, 436, 29.96%, 0, 0, 3, 15127.44, 1726559, 4689
137, 0, 47, 1019, 1009, 457, 31.63%, 0, 0, 3, 15440.69, 1807447, 4949
142, 0, 47, 1019, 1009, 457, 31.63%, 0, 0, 3, 15708.64, 1885585, 4949
147, 0, 48, 1094, 1083, 487, 32.40%, 0, 0, 3, 15427.41, 1963153, 5070
152, 0, 48, 1095, 1084, 487, 32.43%, 0, 0, 3, 15979.98, 2043449, 5075
157, 0, 50, 1145, 1133, 501, 32.69%, 0, 0, 3, 15303.43, 2121714, 5116
163, 0, 50, 1147, 1135, 501, 32.74%, 0, 0, 3, 15633.24, 2200754, 5123
168, 0, 54, 1217, 1204, 519, 33.22%, 0, 0, 3, 15070.93, 2278844, 5199
173, 0, 54, 1217, 1204, 519, 33.22%, 0, 0, 3, 15096.89, 2354399, 5199
178, 0, 54, 1223, 1210, 519, 33.38%, 0, 0, 3, 15547.24, 2434257, 5223
183, 0, 55, 1253, 1239, 529, 33.47%, 0, 0, 3, 13933.95, 2504276, 5238
188, 0, 55, 1253, 1239, 529, 33.47%, 0, 0, 3, 12085.56, 2556478, 5238
193, 0, 55, 1253, 1239, 529, 33.47%, 0, 0, 3, 11944.08, 2616400, 5238
198, 0, 55, 1253, 1239, 529, 33.47%, 0, 0, 3, 11859.77, 2678841, 5238
203, 0, 55, 1253, 1239, 529, 33.47%, 0, 0, 3, 434.96, 2732489, 5238
209, 0, 55, 1253, 1239, 529, 33.47%, 0, 0, 3, 14145.26, 2800791, 5238
214, 0, 55, 1253, 1239, 529, 33.47%, 0, 0, 3, 11474.42, 2856449, 5238
219, 0, 55, 1253, 1239, 529, 33.47%, 0, 0, 3, 12266.86, 2903340, 5238
224, 0, 58, 1363, 1348, 562, 34.45%, 0, 0, 3, 11570.02, 2966575, 5391
229, 0, 58, 1363, 1348, 562, 34.45%, 0, 0, 3, 14107.21, 3043472, 5391
234, 0, 58, 1363, 1348, 562, 34.45%, 0, 0, 3, 14704.15, 3119620, 5391
239, 0, 59, 1384, 1368, 566, 34.53%, 0, 0, 3, 14233.38, 3189673, 5403
244, 0, 59, 1384, 1368, 566, 34.53%, 0, 0, 3, 14544.65, 3262621, 5403
249, 0, 59, 1388, 1372, 566, 34.55%, 0, 0, 3, 15029.41, 3337530, 5407
254, 0, 62, 1415, 1398, 577, 34.83%, 0, 0, 3, 14371.96, 3412238, 5450
259, 0, 62, 1415, 1398, 577, 34.83%, 0, 0, 3, 14157.92, 3483436, 5450
264, 0, 62, 1416, 1399, 577, 34.84%, 0, 0, 3, 15269.97, 3559844, 5452
269, 0, 64, 1445, 1427, 587, 35.01%, 0, 0, 3, 14470.07, 3632231, 5478
274, 0, 67, 1459, 1439, 589, 35.16%, 0, 0, 3, 18493.23, 3730463, 5502
275, 0, 68, 1459, 1439, 589, 35.16%, 0, 0, 3, 18425.42, 3732552, 5502
