# relative_time, cycles_done, cur_item, corpus_count, pending_total, pending_favs, map_size, saved_crashes, saved_hangs, max_depth, execs_per_sec, total_execs, edges_found
61, 2, 26, 143, 109, 0, 5.66%, 0, 0, 3, 20590.75, 1242023, 245
67, 2, 21, 143, 106, 0, 5.66%, 0, 0, 3, 19471.98, 1348954, 245
72, 3, 49, 145, 105, 0, 5.66%, 0, 0, 3, 19086.82, 1443098, 245
77, 3, 84, 145, 102, 0, 5.66%, 0, 0, 3, 18075.97, 1542034, 245
82, 3, 106, 145, 100, 0, 5.66%, 0, 0, 3, 20697.47, 1645395, 245
87, 3, 49, 146, 100, 0, 5.66%, 0, 0, 4, 18852.36, 1748089, 245
92, 4, 49, 146, 99, 0, 5.66%, 0, 0, 4, 18946.44, 1845380, 245
97, 4, 21, 146, 99, 0, 5.66%, 0, 0, 4, 19328.29, 1946722, 245
103, 4, 49, 146, 97, 0, 5.66%, 0, 0, 4, 20801.33, 2052783, 245
108, 4, 21, 146, 92, 0, 5.66%, 0, 0, 4, 19268.66, 2154024, 245
113, 5, 12, 146, 92, 0, 5.66%, 0, 0, 4, 22147.16, 2268001, 245
118, 5, 46, 146, 92, 0, 5.66%, 0, 0, 4, 19243.63, 2368648, 245
123, 5, 8, 146, 91, 0, 5.66%, 0, 0, 4, 20434.67, 2475772, 245
128, 5, 20, 146, 90, 0, 5.66%, 0, 0, 4, 19281.63, 2572882, 245
133, 6, 100, 146, 86, 0, 5.66%, 0, 0, 4, 17224.57, 2662845, 245
139, 6, 49, 146, 84, 0, 5.66%, 0, 0, 4, 16264.37, 2736087, 245
144, 6, 49, 146, 83, 0, 5.66%, 0, 0, 4, 20498.67, 2843704, 245
149, 6, 49, 146, 80, 0, 5.66%, 0, 0, 4, 23585.73, 2958943, 245
154, 7, 21, 146, 79, 0, 5.66%, 0, 0, 4, 20369.46, 3053437, 245
159, 7, 21, 146, 79, 0, 5.66%, 0, 0, 4, 19021.30, 3148604, 245
164, 7, 49, 146, 76, 0, 5.66%, 0, 0, 4, 22413.05, 3260953, 245
169, 7, 49, 146, 76, 0, 5.66%, 0, 0, 4, 20394.91, 3362648, 245
174, 8, 12, 146, 73, 0, 5.66%, 0, 0, 4, 22170.06, 3464607, 245
179, 8, 107, 146, 71, 0, 5.66%, 0, 0, 4, 21331.66, 3562777, 245
185, 8, 21, 147, 69, 0, 5.66%, 0, 0, 4, 20653.95, 3668019, 245
190, 8, 61, 147, 67, 0, 5.66%, 0, 0, 4, 17110.29, 3745557, 245
195, 9, 110, 147, 65, 0, 5.66%, 0, 0, 4, 20119.04, 3848869, 245
200, 9, 49, 147, 64, 0, 5.66%, 0, 0, 4, 19420.64, 3943714, 245
205, 9, 49, 147, 63, 0, 5.66%, 0, 0, 4, 19995.60, 4050491, 245
210, 10, 49, 147, 62, 0, 5.66%, 0, 0, 4, 21642.03, 4155507, 245
215, 10, 49, 147, 62, 0, 5.66%, 0, 0, 4, 20247.61, 4262090, 245
220, 10, 67, 147, 60, 0, 5.66%, 0, 0, 4, 19506.75, 4359029, 245
226, 10, 21, 147, 60, 0, 5.66%, 0, 0, 4, 20271.56, 4472218, 245
231, 11, 110, 149, 59, 0, 5.66%, 0, 0, 4, 17896.15, 4563870, 245
236, 11, 146, 150, 60, 0, 5.66%, 0, 0, 4, 19516.30, 4672788, 245
241, 11, 83, 150, 58, 0, 5.66%, 0, 0, 4, 18731.12, 4763781, 245
246, 11, 49, 150, 56, 0, 5.66%, 0, 0, 4, 15999.93, 4837251, 245
251, 12, 67, 150, 56, 0, 5.66%, 0, 0, 4, 19474.52, 4946065, 245
256, 12, 9, 150, 55, 0, 5.66%, 0, 0, 4, 20635.31, 5053611, 245
261, 12, 107, 150, 55, 0, 5.66%, 0, 0, 4, 21112.49, 5162654, 245
267, 13, 21, 150, 55, 0, 5.66%, 0, 0, 4, 20826.25, 5274526, 245
272, 13, 49, 150, 53, 0, 5.66%, 0, 0, 4, 16180.11, 5351008, 245
277, 13, 21, 150, 52, 0, 5.66%, 0, 0, 4, 16785.35, 5439159, 245
282, 13, 67, 150, 50, 0, 5.66%, 0, 0, 4, 19072.67, 5544654, 245
287, 13, 114, 150, 49, 0, 5.66%, 0, 0, 4, 9995.67, 5614174, 245
292, 14, 21, 172, 70, 0, 5.66%, 0, 0, 4, 19469.23, 5725501, 245
297, 14, 171, 173, 71, 0, 5.66%, 0, 0, 4, 14636.88, 5801988, 245
302, 14, 107, 173, 69, 0, 5.66%, 0, 0, 4, 19931.64, 5908750, 245
308, 14, 20, 173, 68, 0, 5.66%, 0, 0, 4, 18645.97, 6006205, 245
313, 14, 49, 173, 65, 0, 5.66%, 0, 0, 4, 20311.32, 6110749, 245
318, 15, 21, 173, 64, 0, 5.66%, 0, 0, 4, 19578.15, 6212817, 245
323, 15, 67, 173, 63, 0, 5.66%, 0, 0, 4, 22044.40, 6330806, 245
328, 15, 49, 173, 63, 0, 5.66%, 0, 0, 4, 20744.42, 6439487, 245
333, 16, 49, 173, 63, 0, 5.66%, 0, 0, 4, 21244.95, 6549398, 245
339, 16, 53, 173, 63, 0, 5.66%, 0, 0, 4, 20637.99, 6652131, 245
344, 16, 103, 173, 63, 0, 5.66%, 0, 0, 4, 19796.99, 6754360, 245
349, 16, 67, 173, 61, 0, 5.66%, 0, 0, 4, 22261.01, 6862788, 245
354, 17, 2, 173, 61, 0, 5.66%, 0, 0, 4, 23342.24, 6982620, 245
359, 17, 106, 173, 61, 0, 5.66%, 0, 0, 4, 21422.05, 7087329, 245
364, 17, 21, 173, 60, 0, 5.66%, 0, 0, 4, 20333.24, 7201723, 245
369, 17, 110, 173, 60, 0, 5.66%, 0, 0, 4, 19748.19, 7308830, 245
375, 17, 67, 173, 58, 0, 5.66%, 0, 0, 4, 19064.12, 7406711, 245
380, 18, 48, 173, 56, 0, 5.66%, 0, 0, 4, 21571.78, 7512487, 245
385, 18, 159, 173, 56, 0, 5.66%, 0, 0, 4, 18168.63, 7611925, 245
390, 18, 49, 173, 55, 0, 5.66%, 0, 0, 4, 21610.35, 7717793, 245
395, 18, 49, 173, 53, 0, 5.66%, 0, 0, 4, 22734.54, 7835907, 245
400, 19, 21, 173, 52, 0, 5.66%, 0, 0, 4, 21472.61, 7944107, 245
405, 19, 20, 173, 52, 0, 5.66%, 0, 0, 4, 21816.89, 8059770, 245
411, 19, 108, 173, 52, 0, 5.66%, 0, 0, 4, 20695.16, 8160027, 245
416, 20, 21, 173, 52, 0, 5.66%, 0, 0, 4, 20789.18, 8269561, 245
421, 20, 48, 173, 51, 0, 5.66%, 0, 0, 4, 21380.82, 8376490, 245
426, 20, 49, 173, 51, 0, 5.66%, 0, 0, 4, 22084.89, 8495883, 245
431, 20, 106, 173, 50, 0, 5.66%, 0, 0, 4, 20374.61, 8599094, 245
436, 21, 106, 173, 50, 0, 5.66%, 0, 0, 4, 21192.17, 8711862, 245
441, 21, 21, 173, 50, 0, 5.66%, 0, 0, 4, 23434.87, 8830712, 245
446, 21, 49, 173, 49, 0, 5.66%, 0, 0, 4, 20942.95, 8943898, 245
452, 21, 19, 173, 49, 0, 5.66%, 0, 0, 4, 22869.00, 9058660, 245
457, 22, 67, 173, 49, 0, 5.66%, 0, 0, 4, 19576.44, 9158549, 245
462, 22, 67, 173, 48, 0, 5.66%, 0, 0, 4, 21900.03, 9274538, 245
467, 22, 21, 173, 47, 0, 5.66%, 0, 0, 4, 18546.46, 9367847, 245
472, 22, 49, 173, 47, 0, 5.66%, 0, 0, 4, 21620.12, 9478602, 245
477, 23, 49, 173, 47, 0, 5.66%, 0, 0, 4, 19400.44, 9580954, 245
482, 23, 20, 173, 47, 0, 5.66%, 0, 0, 4, 22794.52, 9695850, 245
487, 23, 49, 173, 47, 0, 5.66%, 0, 0, 4, 19966.04, 9793110, 245
493, 23, 110, 173, 47, 0, 5.66%, 0, 0, 4, 20544.84, 9897108, 245
498, 24, 21, 173, 47, 0, 5.66%, 0, 0, 4, 20057.24, 10003222, 245
503, 24, 9, 173, 46, 0, 5.66%, 0, 0, 4, 22534.61, 10120208, 245
508, 24, 49, 173, 44, 0, 5.66%, 0, 0, 4, 19209.40, 10220885, 245
513, 24, 49, 173, 44, 0, 5.66%, 0, 0, 4, 22937.12, 10337699, 245
518, 25, 49, 173, 44, 0, 5.66%, 0, 0, 4, 20310.74, 10437889, 245
523, 25, 49, 173, 44, 0, 5.66%, 0, 0, 4, 22073.70, 10550462, 245
528, 25, 82, 173, 44, 0, 5.66%, 0, 0, 4, 20061.42, 10650578, 245
534, 25, 21, 173, 43, 0, 5.66%, 0, 0, 4, 20526.71, 10754677, 245
539, 26, 49, 173, 43, 0, 5.66%, 0, 0, 4, 19234.13, 10850643, 245
544, 26, 106, 173, 41, 0, 5.66%, 0, 0, 4, 21590.32, 10965195, 245
549, 26, 49, 173, 39, 0, 5.66%, 0, 0, 4, 19935.31, 11059189, 245
554, 26, 49, 173, 39, 0, 5.66%, 0, 0, 4, 21205.68, 11165937, 245
559, 27, 21, 173, 39, 0, 5.66%, 0, 0, 4, 19959.73, 11265889, 245
564, 27, 49, 173, 37, 0, 5.66%, 0, 0, 4, 19698.31, 11364218, 245
570, 27, 12, 173, 37, 0, 5.66%, 0, 0, 4, 21802.70, 11477443, 245
575, 27, 46, 173, 37, 0, 5.66%, 0, 0, 4, 21697.20, 11588833, 245
580, 28, 49, 173, 37, 0, 5.66%, 0, 0, 4, 22249.98, 11695609, 245
585, 28, 49, 173, 36, 0, 5.66%, 0, 0, 4, 19075.80, 11794900, 245
590, 28, 49, 173, 36, 0, 5.66%, 0, 0, 4, 19882.85, 11895004, 245
595, 28, 74, 173, 36, 0, 5.66%, 0, 0, 4, 20324.21, 12003016, 245
601, 29, 2, 173, 36, 0, 5.66%, 0, 0, 4, 20639.25, 12104596, 245
606, 29, 67, 173, 36, 0, 5.66%, 0, 0, 4, 18599.89, 12202886, 245
611, 29, 110, 173, 36, 0, 5.66%, 0, 0, 4, 18468.89, 12298388, 245
616, 29, 49, 173, 35, 0, 5.66%, 0, 0, 4, 19490.67, 12402864, 245
621, 30, 12, 173, 35, 0, 5.66%, 0, 0, 4, 20296.31, 12507615, 245
626, 30, 49, 173, 35, 0, 5.66%, 0, 0, 4, 19627.62, 12609196, 245
631, 30, 21, 173, 35, 0, 5.66%, 0, 0, 4, 19882.04, 12709028, 245
637, 30, 49, 173, 35, 0, 5.66%, 0, 0, 4, 19846.02, 12819947, 245
642, 31, 141, 173, 34, 0, 5.66%, 0, 0, 4, 18296.54, 12918074, 245
647, 31, 49, 173, 33, 0, 5.66%, 0, 0, 4, 18169.41, 13016060, 245
652, 31, 21, 173, 33, 0, 5.66%, 0, 0, 4, 22695.09, 13133990, 245
657, 31, 21, 174, 34, 0, 5.66%, 0, 0, 4, 20090.88, 13236029, 245
662, 32, 49, 175, 35, 0, 5.66%, 0, 0, 4, 22081.64, 13352247, 245
667, 32, 49, 176, 36, 0, 5.66%, 0, 0, 4, 19710.66, 13454357, 245
673, 32, 5, 176, 35, 0, 5.66%, 0, 0, 4, 18745.40, 13548105, 245
678, 32, 49, 177, 36, 0, 5.66%, 0, 0, 4, 19522.79, 13656747, 245
683, 32, 49, 177, 36, 0, 5.66%, 0, 0, 4, 20134.64, 13759130, 245
688, 33, 21, 177, 35, 0, 5.66%, 0, 0, 4, 17793.92, 13849923, 245
693, 33, 49, 177, 35, 0, 5.66%, 0, 0, 4, 22794.98, 13972401, 245
698, 33, 49, 177, 35, 0, 5.66%, 0, 0, 4, 19178.00, 14068458, 245
703, 33, 21, 177, 35, 0, 5.66%, 0, 0, 4, 20401.33, 14173790, 245
708, 33, 49, 177, 35, 0, 5.66%, 0, 0, 4, 19376.58, 14274731, 245
714, 34, 107, 177, 35, 0, 5.66%, 0, 0, 4, 22511.76, 14388137, 245
719, 34, 49, 177, 35, 0, 5.66%, 0, 0, 4, 19613.53, 14481903, 245
724, 34, 49, 177, 35, 0, 5.66%, 0, 0, 4, 20307.66, 14588396, 245
729, 34, 140, 177, 35, 0, 5.66%, 0, 0, 4, 18696.51, 14681505, 245
734, 34, 98, 177, 34, 0, 5.66%, 0, 0, 4, 16939.97, 14759325, 245
739, 34, 89, 177, 33, 0, 5.66%, 0, 0, 4, 12496.36, 14818307, 245
744, 35, 20, 177, 32, 0, 5.66%, 0, 0, 4, 19251.72, 14925231, 245
749, 35, 49, 177, 32, 0, 5.66%, 0, 0, 4, 18805.25, 15019468, 245
754, 35, 49, 177, 32, 0, 5.66%, 0, 0, 4, 20104.00, 15123619, 245
760, 35, 49, 177, 32, 0, 5.66%, 0, 0, 4, 18413.64, 15214366, 245
765, 35, 49, 177, 32, 0, 5.66%, 0, 0, 4, 20680.23, 15323486, 245
770, 36, 49, 177, 32, 0, 5.66%, 0, 0, 4, 19146.38, 15415113, 245
775, 36, 49, 177, 31, 0, 5.66%, 0, 0, 4, 19875.70, 15516921, 245
780, 36, 49, 177, 31, 0, 5.66%, 0, 0, 4, 19106.97, 15610825, 245
785, 36, 21, 177, 31, 0, 5.66%, 0, 0, 4, 19496.28, 15715423, 245
790, 36, 5, 177, 31, 0, 5.66%, 0, 0, 4, 18640.10, 15809496, 245
796, 37, 49, 177, 30, 0, 5.66%, 0, 0, 4, 19070.01, 15904515, 245
801, 37, 67, 177, 30, 0, 5.66%, 0, 0, 4, 21708.08, 16010989, 245
806, 37, 21, 177, 30, 0, 5.66%, 0, 0, 4, 20321.85, 16117899, 245
811, 37, 49, 177, 30, 0, 5.66%, 0, 0, 4, 22381.86, 16230855, 245
816, 38, 49, 177, 29, 0, 5.66%, 0, 0, 4, 19111.88, 16329513, 245
821, 38, 67, 177, 29, 0, 5.66%, 0, 0, 4, 19669.53, 16428695, 245
826, 38, 46, 177, 29, 0, 5.66%, 0, 0, 4, 20329.00, 16534240, 245
832, 38, 49, 177, 28, 0, 5.66%, 0, 0, 4, 20085.68, 16636007, 245
837, 38, 19, 177, 28, 0, 5.66%, 0, 0, 4, 19191.80, 16735733, 245
842, 39, 49, 177, 28, 0, 5.66%, 0, 0, 4, 21294.52, 16845044, 245
847, 39, 21, 177, 28, 0, 5.66%, 0, 0, 4, 18964.66, 16944453, 245
852, 39, 21, 177, 28, 0, 5.66%, 0, 0, 4, 19671.56, 17043551, 245
857, 39, 49, 177, 28, 0, 5.66%, 0, 0, 4, 19765.32, 17147915, 245
862, 39, 106, 177, 28, 0, 5.66%, 0, 0, 4, 24029.24, 17274658, 245
867, 40, 156, 177, 28, 0, 5.66%, 0, 0, 4, 17555.82, 17361205, 245
872, 40, 49, 177, 26, 0, 5.66%, 0, 0, 4, 20680.06, 17459821, 245
878, 40, 21, 177, 26, 0, 5.66%, 0, 0, 4, 18592.85, 17554830, 245
883, 40, 49, 177, 26, 0, 5.66%, 0, 0, 4, 20672.64, 17664052, 245
888, 40, 49, 177, 26, 0, 5.66%, 0, 0, 4, 20236.39, 17773191, 245
893, 41, 49, 177, 26, 0, 5.66%, 0, 0, 4, 21074.47, 17886518, 245
898, 41, 107, 177, 26, 0, 5.66%, 0, 0, 4, 18602.27, 17981124, 245
903, 41, 49, 177, 26, 0, 5.66%, 0, 0, 4, 21220.52, 18092887, 245
909, 41, 106, 177, 26, 0, 5.66%, 0, 0, 4, 18449.40, 18183432, 245
914, 41, 49, 177, 26, 0, 5.66%, 0, 0, 4, 19221.46, 18281510, 245
919, 42, 49, 177, 26, 0, 5.66%, 0, 0, 4, 19788.85, 18382255, 245
924, 42, 49, 177, 26, 0, 5.66%, 0, 0, 4, 21751.98, 18502558, 245
929, 42, 68, 177, 26, 0, 5.66%, 0, 0, 4, 21312.61, 18612931, 245
934, 42, 67, 177, 26, 0, 5.66%, 0, 0, 4, 21751.69, 18722826, 245
939, 42, 49, 177, 25, 0, 5.66%, 0, 0, 4, 18600.51, 18803085, 245
945, 43, 49, 177, 25, 0, 5.66%, 0, 0, 4, 22097.27, 18919058, 245
950, 43, 49, 177, 25, 0, 5.66%, 0, 0, 4, 19489.58, 19012007, 245
955, 43, 49, 177, 25, 0, 5.66%, 0, 0, 4, 21147.84, 19126494, 245
960, 43, 49, 177, 25, 0, 5.66%, 0, 0, 4, 21390.32, 19228279, 245
965, 44, 21, 177, 25, 0, 5.66%, 0, 0, 4, 20367.12, 19336692, 245
970, 44, 150, 177, 25, 0, 5.66%, 0, 0, 4, 17950.79, 19426552, 245
976, 44, 49, 177, 24, 0, 5.66%, 0, 0, 4, 19718.18, 19530973, 245
981, 44, 49, 177, 23, 0, 5.66%, 0, 0, 4, 18736.31, 19618579, 245
986, 44, 49, 177, 23, 0, 5.66%, 0, 0, 4, 19864.34, 19722518, 245
991, 45, 96, 177, 23, 0, 5.66%, 0, 0, 4, 17617.75, 19812201, 245
996, 45, 49, 177, 22, 0, 5.66%, 0, 0, 4, 18602.81, 19902759, 245
1001, 45, 49, 177, 22, 0, 5.66%, 0, 0, 4, 19587.01, 20000548, 245
1006, 45, 49, 177, 22, 0, 5.66%, 0, 0, 4, 17957.81, 20094611, 245
1011, 45, 67, 177, 22, 0, 5.66%, 0, 0, 4, 19894.33, 20195948, 245
1016, 46, 49, 177, 22, 0, 5.66%, 0, 0, 4, 20210.04, 20307298, 245
1021, 46, 49, 177, 22, 0, 5.66%, 0, 0, 4, 21273.69, 20412471, 245
1027, 46, 49, 177, 22, 0, 5.66%, 0, 0, 4, 18371.29, 20510362, 245
1032, 46, 49, 177, 22, 0, 5.66%, 0, 0, 4, 18917.50, 20610568, 245
1037, 46, 74, 177, 22, 0, 5.66%, 0, 0, 4, 18701.57, 20707839, 245
1042, 47, 21, 177, 22, 0, 5.66%, 0, 0, 4, 20615.22, 20810673, 245
1047, 47, 21, 177, 22, 0, 5.66%, 0, 0, 4, 19076.65, 20904310, 245
1052, 47, 166, 177, 22, 0, 5.66%, 0, 0, 4, 11258.29, 20978500, 245
1057, 47, 49, 177, 21, 0, 5.66%, 0, 0, 4, 16852.62, 21070037, 245
1062, 47, 49, 177, 21, 0, 5.66%, 0, 0, 4, 19413.25, 21173059, 245
1067, 47, 106, 177, 21, 0, 5.66%, 0, 0, 4, 18441.47, 21274281, 245
1073, 48, 49, 177, 21, 0, 5.66%, 0, 0, 4, 19627.03, 21375236, 245
1078, 48, 49, 177, 21, 0, 5.66%, 0, 0, 4, 18462.20, 21472664, 245
1083, 48, 49, 177, 21, 0, 5.66%, 0, 0, 4, 19433.62, 21571279, 245
1088, 48, 21, 177, 21, 0, 5.66%, 0, 0, 4, 20558.63, 21676599, 245
1093, 48, 107, 177, 21, 0, 5.66%, 0, 0, 4, 21259.04, 21785841, 245
1098, 49, 21, 177, 21, 0, 5.66%, 0, 0, 4, 20552.81, 21895426, 245
1103, 49, 21, 177, 21, 0, 5.66%, 0, 0, 4, 20822.39, 22007221, 245
1108, 49, 49, 177, 21, 0, 5.66%, 0, 0, 4, 21265.16, 22107241, 245
1114, 49, 49, 177, 21, 0, 5.66%, 0, 0, 4, 24096.12, 22235833, 245
1119, 50, 21, 177, 21, 0, 5.66%, 0, 0, 4, 19893.69, 22326806, 245
1124, 50, 68, 177, 21, 0, 5.66%, 0, 0, 4, 20276.39, 22431078, 245
1129, 50, 49, 177, 20, 0, 5.66%, 0, 0, 4, 19308.62, 22529164, 245
1134, 50, 49, 177, 19, 0, 5.66%, 0, 0, 4, 24681.13, 22662888, 245
1139, 50, 49, 177, 19, 0, 5.66%, 0, 0, 4, 20090.78, 22753900, 245
1144, 51, 49, 177, 19, 0, 5.66%, 0, 0, 4, 22593.96, 22874405, 245
1149, 51, 49, 177, 19, 0, 5.66%, 0, 0, 4, 21245.43, 22976418, 245
1154, 51, 21, 177, 19, 0, 5.66%, 0, 0, 4, 20203.26, 23076850, 245
1160, 51, 160, 177, 19, 0, 5.66%, 0, 0, 4, 5120.25, 23162442, 245
1165, 51, 21, 177, 18, 0, 5.66%, 0, 0, 4, 17194.89, 23261580, 245
1170, 52, 49, 177, 18, 0, 5.66%, 0, 0, 4, 19655.74, 23362023, 245
1175, 52, 67, 177, 18, 0, 5.66%, 0, 0, 4, 20326.81, 23469699, 245
1180, 52, 12, 177, 18, 0, 5.66%, 0, 0, 4, 19645.03, 23568527, 245
1185, 52, 49, 177, 18, 0, 5.66%, 0, 0, 4, 19680.84, 23672837, 245
1190, 53, 21, 177, 18, 0, 5.66%, 0, 0, 4, 20197.74, 23772465, 245
1196, 53, 9, 177, 18, 0, 5.66%, 0, 0, 4, 19525.01, 23876629, 245
1201, 53, 49, 177, 18, 0, 5.66%, 0, 0, 4, 19672.97, 23974846, 245
1206, 53, 49, 177, 18, 0, 5.66%, 0, 0, 4, 19524.12, 24082383, 245
1211, 53, 49, 177, 18, 0, 5.66%, 0, 0, 4, 20726.67, 24191241, 245
1216, 54, 49, 177, 18, 0, 5.66%, 0, 0, 4, 19338.43, 24291939, 245
1221, 54, 49, 177, 18, 0, 5.66%, 0, 0, 4, 21765.61, 24400516, 245
1227, 54, 49, 177, 18, 0, 5.66%, 0, 0, 4, 18681.35, 24500060, 245
1232, 54, 46, 177, 18, 0, 5.66%, 0, 0, 4, 21367.26, 24607453, 245
1237, 54, 106, 177, 18, 0, 5.66%, 0, 0, 4, 18576.92, 24707541, 245
1242, 55, 67, 177, 18, 0, 5.66%, 0, 0, 4, 20656.35, 24815951, 245
1247, 55, 20, 177, 18, 0, 5.66%, 0, 0, 4, 17714.95, 24905360, 245
1252, 55, 49, 177, 18, 0, 5.66%, 0, 0, 4, 19513.66, 25002389, 245
1257, 55, 49, 177, 18, 0, 5.66%, 0, 0, 4, 17326.05, 25094852, 245
1263, 56, 21, 177, 18, 0, 5.66%, 0, 0, 4, 20867.99, 25202365, 245
1268, 56, 21, 177, 18, 0, 5.66%, 0, 0, 4, 18700.20, 25297049, 245
1273, 56, 21, 177, 18, 0, 5.66%, 0, 0, 4, 21410.18, 25408032, 245
1278, 56, 21, 177, 18, 0, 5.66%, 0, 0, 4, 18074.75, 25499080, 245
1283, 56, 46, 177, 18, 0, 5.66%, 0, 0, 4, 19712.55, 25605778, 245
1288, 57, 49, 177, 18, 0, 5.66%, 0, 0, 4, 17775.50, 25694115, 245
1293, 57, 49, 177, 18, 0, 5.66%, 0, 0, 4, 20166.15, 25800564, 245
1299, 57, 21, 177, 18, 0, 5.66%, 0, 0, 4, 19338.93, 25898188, 245
1304, 57, 153, 177, 18, 0, 5.66%, 0, 0, 4, 20195.09, 25999800, 245
1309, 57, 21, 177, 17, 0, 5.66%, 0, 0, 4, 18699.92, 26089866, 245
1314, 58, 49, 177, 17, 0, 5.66%, 0, 0, 4, 19951.48, 26194840, 245
1319, 58, 49, 177, 17, 0, 5.66%, 0, 0, 4, 19547.72, 26288638, 245
1324, 58, 49, 177, 17, 0, 5.66%, 0, 0, 4, 20052.53, 26394136, 245
1329, 58, 164, 177, 17, 0, 5.66%, 0, 0, 4, 6596.54, 26462415, 245
1334, 58, 19, 177, 16, 0, 5.66%, 0, 0, 4, 18211.08, 26563411, 245
1339, 58, 49, 177, 16, 0, 5.66%, 0, 0, 4, 19622.51, 26660329, 245
1344, 59, 21, 177, 16, 0, 5.66%, 0, 0, 4, 20459.75, 26764265, 245
1350, 59, 67, 177, 16, 0, 5.66%, 0, 0, 4, 18713.08, 26857946, 245
1355, 59, 19, 177, 16, 0, 5.66%, 0, 0, 4, 21617.80, 26975564, 245
1360, 59, 48, 177, 16, 0, 5.66%, 0, 0, 4, 20781.18, 27075662, 245
1365, 60, 2, 177, 16, 0, 5.66%, 0, 0, 4, 19428.96, 27175827, 245
1370, 60, 110, 177, 16, 0, 5.66%, 0, 0, 4, 19502.01, 27270596, 245
1375, 60, 12, 177, 16, 0, 5.66%, 0, 0, 4, 19804.94, 27374777, 245
1381, 60, 20, 177, 16, 0, 5.66%, 0, 0, 4, 19639.89, 27471513, 245
1386, 60, 21, 177, 16, 0, 5.66%, 0, 0, 4, 20490.93, 27581024, 245
1391, 61, 49, 177, 16, 0, 5.66%, 0, 0, 4, 17355.27, 27665284, 245
1396, 61, 49, 177, 16, 0, 5.66%, 0, 0, 4, 18825.21, 27767208, 245
1401, 61, 67, 177, 16, 0, 5.66%, 0, 0, 4, 20180.45, 27870183, 245
1406, 61, 49, 177, 16, 0, 5.66%, 0, 0, 4, 20473.92, 27981489, 245
1411, 61, 49, 177, 16, 0, 5.66%, 0, 0, 4, 22371.62, 28094333, 245
1417, 62, 21, 177, 16, 0, 5.66%, 0, 0, 4, 18889.70, 28191411, 245
1422, 62, 108, 177, 16, 0, 5.66%, 0, 0, 4, 20288.85, 28294936, 245
1427, 62, 21, 177, 16, 0, 5.66%, 0, 0, 4, 20428.35, 28400224, 245
1432, 62, 85, 177, 16, 0, 5.66%, 0, 0, 4, 20671.53, 28501269, 245
1437, 62, 21, 177, 15, 0, 5.66%, 0, 0, 4, 17646.62, 28583836, 245
1442, 63, 49, 177, 15, 0, 5.66%, 0, 0, 4, 19391.16, 28686148, 245
1447, 63, 168, 177, 15, 0, 5.66%, 0, 0, 4, 5192.32, 28739454, 245
1452, 63, 106, 177, 14, 0, 5.66%, 0, 0, 4, 15001.67, 28821003, 245
1457, 63, 67, 177, 14, 0, 5.66%, 0, 0, 4, 16406.95, 28906860, 245
1463, 63, 20, 177, 14, 0, 5.66%, 0, 0, 4, 20946.10, 29019083, 245
1468, 63, 19, 177, 14, 0, 5.66%, 0, 0, 4, 19667.10, 29120203, 245
1473, 64, 5, 177, 13, 0, 5.66%, 0, 0, 4, 14087.74, 29195723, 245
1478, 64, 48, 177, 12, 0, 5.66%, 0, 0, 4, 12622.97, 29254030, 245
1483, 64, 49, 177, 12, 0, 5.66%, 0, 0, 4, 20266.47, 29367173, 245
1488, 64, 53, 177, 12, 0, 5.66%, 0, 0, 4, 18638.67, 29461427, 245
1493, 64, 49, 177, 12, 0, 5.66%, 0, 0, 4, 18642.98, 29556836, 245
1498, 64, 49, 177, 12, 0, 5.66%, 0, 0, 4, 19254.04, 29653410, 245
1503, 65, 49, 177, 12, 0, 5.66%, 0, 0, 4, 20827.58, 29767415, 245
1508, 65, 49, 177, 12, 0, 5.66%, 0, 0, 4, 21131.14, 29876681, 245
1513, 65, 160, 177, 12, 0, 5.66%, 0, 0, 4, 14045.99, 29942779, 245
1519, 65, 21, 177, 12, 0, 5.66%, 0, 0, 4, 17818.58, 30035968, 245
1524, 65, 49, 177, 12, 0, 5.66%, 0, 0, 4, 21880.70, 30154004, 245
1529, 66, 49, 177, 12, 0, 5.66%, 0, 0, 4, 22003.10, 30267570, 245
1534, 66, 49, 177, 12, 0, 5.66%, 0, 0, 4, 22794.97, 30388428, 245
1539, 66, 172, 177, 12, 0, 5.66%, 0, 0, 4, 19259.84, 30480256, 245
1544, 66, 49, 177, 11, 0, 5.66%, 0, 0, 4, 19612.90, 30577970, 245
1549, 67, 48, 177, 11, 0, 5.66%, 0, 0, 4, 19162.98, 30674255, 245
1555, 67, 49, 177, 11, 0, 5.66%, 0, 0, 4, 15537.40, 30740909, 245
1560, 67, 49, 177, 11, 0, 5.66%, 0, 0, 4, 18950.87, 30838713, 245
1565, 67, 67, 177, 11, 0, 5.66%, 0, 0, 4, 20476.71, 30947226, 245
1570, 67, 12, 177, 11, 0, 5.66%, 0, 0, 4, 18904.99, 31042783, 245
1575, 68, 49, 177, 11, 0, 5.66%, 0, 0, 4, 21942.78, 31152720, 245
1580, 68, 49, 177, 11, 0, 5.66%, 0, 0, 4, 19645.76, 31248435, 245
1585, 68, 21, 177, 11, 0, 5.66%, 0, 0, 4, 20906.00, 31356123, 245
1590, 68, 49, 177, 11, 0, 5.66%, 0, 0, 4, 20312.44, 31458228, 245
1596, 68, 49, 177, 11, 0, 5.66%, 0, 0, 4, 19999.41, 31563671, 245
1601, 69, 67, 177, 11, 0, 5.66%, 0, 0, 4, 20650.46, 31663595, 245
1606, 69, 49, 177, 11, 0, 5.66%, 0, 0, 4, 23193.87, 31784767, 245
1611, 69, 49, 177, 11, 0, 5.66%, 0, 0, 4, 18873.44, 31874865, 245
1616, 69, 95, 177, 11, 0, 5.66%, 0, 0, 4, 16289.44, 31964201, 245
1621, 69, 67, 177, 10, 0, 5.66%, 0, 0, 4, 20120.77, 32066062, 245
1626, 70, 49, 177, 10, 0, 5.66%, 0, 0, 4, 19574.41, 32167983, 245
1631, 70, 49, 177, 10, 0, 5.66%, 0, 0, 4, 17414.63, 32258381, 245
1636, 70, 49, 177, 10, 0, 5.66%, 0, 0, 4, 18308.24, 32356267, 245
1642, 70, 67, 177, 10, 0, 5.66%, 0, 0, 4, 19411.37, 32451789, 245
1647, 71, 67, 177, 10, 0, 5.66%, 0, 0, 4, 18426.77, 32553239, 245
1652, 71, 49, 177, 10, 0, 5.66%, 0, 0, 4, 21933.92, 32664773, 245
1657, 71, 49, 177, 10, 0, 5.66%, 0, 0, 4, 18973.31, 32761288, 245
1662, 71, 67, 177, 10, 0, 5.66%, 0, 0, 4, 20693.21, 32871007, 245
1667, 71, 49, 177, 10, 0, 5.66%, 0, 0, 4, 19942.25, 32974033, 245
1672, 72, 49, 177, 10, 0, 5.66%, 0, 0, 4, 20653.33, 33083807, 245
1677, 72, 48, 177, 10, 0, 5.66%, 0, 0, 4, 17274.12, 33170125, 245
1683, 72, 162, 177, 10, 0, 5.66%, 0, 0, 4, 12962.30, 33229728, 245
1688, 72, 49, 177, 9, 0, 5.66%, 0, 0, 4, 17316.89, 33325209, 245
1693, 72, 49, 177, 9, 0, 5.66%, 0, 0, 4, 18560.55, 33418591, 245
1698, 73, 49, 177, 9, 0, 5.66%, 0, 0, 4, 18940.42, 33515763, 245
1703, 73, 49, 177, 9, 0, 5.66%, 0, 0, 4, 21744.84, 33627996, 245
1708, 73, 108, 177, 9, 0, 5.66%, 0, 0, 4, 19262.17, 33724286, 245
1713, 73, 20, 177, 9, 0, 5.66%, 0, 0, 4, 19737.35, 33827464, 245
1719, 73, 67, 177, 9, 0, 5.66%, 0, 0, 4, 19685.93, 33929359, 245
1724, 74, 49, 177, 9, 0, 5.66%, 0, 0, 4, 20763.39, 34037355, 245
1729, 74, 21, 177, 9, 0, 5.66%, 0, 0, 4, 20624.20, 34140675, 245
1734, 74, 49, 177, 9, 0, 5.66%, 0, 0, 4, 21287.36, 34250971, 245
1739, 74, 49, 177, 9, 0, 5.66%, 0, 0, 4, 17791.70, 34337967, 245
1744, 75, 21, 177, 9, 0, 5.66%, 0, 0, 4, 21690.23, 34452325, 245
1749, 75, 67, 177, 9, 0, 5.66%, 0, 0, 4, 18697.53, 34541140, 245
1755, 75, 21, 177, 9, 0, 5.66%, 0, 0, 4, 18295.50, 34631036, 245
1760, 75, 67, 177, 9, 0, 5.66%, 0, 0, 4, 18300.62, 34721568, 245
1765, 75, 49, 177, 9, 0, 5.66%, 0, 0, 4, 19480.33, 34821890, 245
1770, 76, 49, 177, 9, 0, 5.66%, 0, 0, 4, 19595.30, 34920096, 245
1775, 76, 21, 177, 9, 0, 5.66%, 0, 0, 4, 21002.02, 35036314, 245
1780, 76, 67, 177, 9, 0, 5.66%, 0, 0, 4, 20488.07, 35136550, 245
1786, 76, 49, 177, 9, 0, 5.66%, 0, 0, 4, 20605.10, 35244169, 245
1791, 76, 21, 177, 9, 0, 5.66%, 0, 0, 4, 20870.01, 35348685, 245
1796, 77, 49, 177, 9, 0, 5.66%, 0, 0, 4, 19965.16, 35452017, 245
1801, 77, 49, 177, 9, 0, 5.66%, 0, 0, 4, 20071.30, 35552695, 245
1806, 77, 164, 177, 9, 0, 5.66%, 0, 0, 4, 16807.51, 35639279, 245
1811, 77, 21, 177, 9, 0, 5.66%, 0, 0, 4, 17433.55, 35721536, 245
1816, 77, 49, 177, 9, 0, 5.66%, 0, 0, 4, 19487.82, 35829709, 245
1821, 78, 49, 177, 9, 0, 5.66%, 0, 0, 4, 21995.25, 35940353, 245
1826, 78, 140, 177, 9, 0, 5.66%, 0, 0, 4, 19422.73, 36041107, 245
1832, 78, 49, 177, 9, 0, 5.66%, 0, 0, 4, 21272.93, 36146122, 245
1837, 78, 49, 177, 9, 0, 5.66%, 0, 0, 4, 18594.49, 36245509, 245
1842, 78, 12, 177, 9, 0, 5.66%, 0, 0, 4, 19292.75, 36347866, 245
1847, 79, 2, 177, 9, 0, 5.66%, 0, 0, 4, 16997.41, 36437072, 245
1852, 79, 106, 177, 9, 0, 5.66%, 0, 0, 4, 20572.08, 36544639, 245
1857, 79, 21, 177, 9, 0, 5.66%, 0, 0, 4, 18258.58, 36644645, 245
1862, 79, 49, 177, 9, 0, 5.66%, 0, 0, 4, 19540.37, 36742376, 245
1868, 80, 12, 177, 9, 0, 5.66%, 0, 0, 4, 18049.12, 36837393, 245
1873, 80, 67, 177, 9, 0, 5.66%, 0, 0, 4, 18516.07, 36933966, 245
1878, 80, 49, 177, 9, 0, 5.66%, 0, 0, 4, 18495.92, 37032892, 245
1883, 80, 67, 177, 9, 0, 5.66%, 0, 0, 4, 19461.29, 37133561, 245
1888, 80, 21, 177, 9, 0, 5.66%, 0, 0, 4, 18066.14, 37226405, 245
1893, 81, 93, 177, 9, 0, 5.66%, 0, 0, 4, 17898.59, 37320716, 245
1898, 81, 49, 177, 9, 0, 5.66%, 0, 0, 4, 18153.92, 37411419, 245
1904, 81, 49, 177, 9, 0, 5.66%, 0, 0, 4, 20495.61, 37519805, 245
1909, 81, 21, 177, 9, 0, 5.66%, 0, 0, 4, 19247.03, 37614659, 245
1914, 81, 21, 177, 9, 0, 5.66%, 0, 0, 4, 21047.23, 37724360, 245
1919, 82, 67, 177, 9, 0, 5.66%, 0, 0, 4, 19744.62, 37821529, 245
1924, 82, 2, 177, 9, 0, 5.66%, 0, 0, 4, 20622.01, 37929409, 245
1929, 82, 49, 177, 9, 0, 5.66%, 0, 0, 4, 18400.41, 38019185, 245
1934, 82, 49, 177, 9, 0, 5.66%, 0, 0, 4, 18430.60, 38108630, 245
1939, 82, 68, 177, 9, 0, 5.66%, 0, 0, 4, 17797.31, 38196958, 245
1944, 83, 49, 177, 9, 0, 5.66%, 0, 0, 4, 20816.22, 38307940, 245
1950, 83, 9, 177, 9, 0, 5.66%, 0, 0, 4, 18593.80, 38398083, 245
1955, 83, 49, 177, 9, 0, 5.66%, 0, 0, 4, 22018.83, 38512609, 245
1960, 83, 49, 177, 9, 0, 5.66%, 0, 0, 4, 19858.76, 38607934, 245
1965, 84, 48, 177, 9, 0, 5.66%, 0, 0, 4, 21414.72, 38722526, 245
1970, 84, 49, 177, 9, 0, 5.66%, 0, 0, 4, 19985.98, 38819116, 245
1975, 84, 2, 177, 9, 0, 5.66%, 0, 0, 4, 20003.78, 38924245, 245
1980, 84, 49, 177, 9, 0, 5.66%, 0, 0, 4, 18836.27, 39014828, 245
1986, 84, 67, 177, 9, 0, 5.66%, 0, 0, 4, 17955.49, 39110269, 245
1991, 85, 49, 177, 9, 0, 5.66%, 0, 0, 4, 17371.91, 39198626, 245
1996, 85, 49, 177, 9, 0, 5.66%, 0, 0, 4, 17967.56, 39291110, 245
2001, 85, 125, 177, 9, 0, 5.66%, 0, 0, 4, 15243.35, 39369984, 245
2006, 85, 49, 177, 8, 0, 5.66%, 0, 0, 4, 18852.25, 39472020, 245
2011, 85, 49, 177, 8, 0, 5.66%, 0, 0, 4, 23243.88, 39584867, 245
2016, 86, 67, 177, 8, 0, 5.66%, 0, 0, 4, 19766.50, 39687009, 245
2021, 86, 2, 177, 8, 0, 5.66%, 0, 0, 4, 21469.25, 39794723, 245
2027, 86, 49, 177, 8, 0, 5.66%, 0, 0, 4, 17625.40, 39883447, 245
2032, 86, 49, 177, 8, 0, 5.66%, 0, 0, 4, 21602.78, 39997520, 245
2037, 87, 49, 177, 8, 0, 5.66%, 0, 0, 4, 18859.65, 40098881, 245
2042, 87, 49, 177, 8, 0, 5.66%, 0, 0, 4, 21567.21, 40211517, 245
2047, 87, 49, 177, 8, 0, 5.66%, 0, 0, 4, 18867.41, 40309435, 245
2052, 87, 20, 177, 8, 0, 5.66%, 0, 0, 4, 18175.52, 40403363, 245
2057, 87, 21, 177, 8, 0, 5.66%, 0, 0, 4, 17700.40, 40495515, 245
2063, 88, 49, 177, 8, 0, 5.66%, 0, 0, 4, 19183.81, 40596818, 245
2068, 88, 49, 177, 8, 0, 5.66%, 0, 0, 4, 17100.35, 40686098, 245
2073, 88, 49, 177, 8, 0, 5.66%, 0, 0, 4, 21933.25, 40804627, 245
2078, 88, 21, 177, 8, 0, 5.66%, 0, 0, 4, 17415.84, 40893115, 245
2083, 89, 49, 177, 8, 0, 5.66%, 0, 0, 4, 20789.93, 41004646, 245
2088, 89, 49, 177, 8, 0, 5.66%, 0, 0, 4, 17835.87, 41097988, 245
2093, 89, 49, 177, 8, 0, 5.66%, 0, 0, 4, 21010.69, 41209634, 245
2099, 89, 21, 177, 8, 0, 5.66%, 0, 0, 4, 19174.26, 41304658, 245
2104, 89, 68, 177, 8, 0, 5.66%, 0, 0, 4, 19762.86, 41412565, 245
2109, 90, 49, 177, 8, 0, 5.66%, 0, 0, 4, 18912.15, 41511203, 245
2114, 90, 49, 177, 8, 0, 5.66%, 0, 0, 4, 20081.71, 41611994, 245
2119, 90, 49, 177, 8, 0, 5.66%, 0, 0, 4, 17172.64, 41697056, 245
2124, 90, 21, 177, 8, 0, 5.66%, 0, 0, 4, 20058.59, 41805359, 245
2129, 90, 67, 177, 8, 0, 5.66%, 0, 0, 4, 19499.12, 41905367, 245
2135, 91, 49, 177, 8, 0, 5.66%, 0, 0, 4, 21161.81, 42016455, 245
2140, 91, 107, 177, 8, 0, 5.66%, 0, 0, 4, 19978.82, 42113708, 245
2145, 91, 21, 177, 8, 0, 5.66%, 0, 0, 4, 21223.71, 42222688, 245
2150, 91, 49, 177, 8, 0, 5.66%, 0, 0, 4, 18793.79, 42312515, 245
2155, 91, 49, 177, 8, 0, 5.66%, 0, 0, 4, 19279.34, 42410537, 245
2160, 92, 67, 177, 8, 0, 5.66%, 0, 0, 4, 17502.93, 42496459, 245
2166, 92, 49, 177, 8, 0, 5.66%, 0, 0, 4, 19350.56, 42598564, 245
2171, 92, 49, 177, 8, 0, 5.66%, 0, 0, 4, 16892.30, 42685143, 245
2176, 92, 49, 177, 8, 0, 5.66%, 0, 0, 4, 18903.19, 42789525, 245
2181, 93, 49, 177, 8, 0, 5.66%, 0, 0, 4, 19380.89, 42884849, 245
2186, 93, 48, 177, 8, 0, 5.66%, 0, 0, 4, 19795.56, 42991439, 245
2191, 93, 12, 177, 8, 0, 5.66%, 0, 0, 4, 19509.80, 43091864, 245
2196, 93, 21, 177, 8, 0, 5.66%, 0, 0, 4, 18925.43, 43191924, 245
2202, 93, 21, 177, 8, 0, 5.66%, 0, 0, 4, 19808.22, 43299220, 245
2207, 94, 49, 177, 8, 0, 5.66%, 0, 0, 4, 18082.83, 43395805, 245
2212, 94, 49, 177, 8, 0, 5.66%, 0, 0, 4, 18085.28, 43489505, 245
2217, 94, 49, 177, 8, 0, 5.66%, 0, 0, 4, 19234.73, 43593200, 245
2222, 94, 21, 177, 8, 0, 5.66%, 0, 0, 4, 21299.07, 43706816, 245
2227, 94, 49, 177, 8, 0, 5.66%, 0, 0, 4, 17671.28, 43800245, 245
2233, 95, 49, 177, 8, 0, 5.66%, 0, 0, 4, 17681.00, 43887400, 245
2238, 95, 67, 177, 8, 0, 5.66%, 0, 0, 4, 18627.53, 43989977, 245
2243, 95, 49, 177, 8, 0, 5.66%, 0, 0, 4, 20437.72, 44100637, 245
2248, 95, 21, 177, 8, 0, 5.66%, 0, 0, 4, 18500.02, 44196875, 245
2253, 96, 21, 177, 8, 0, 5.66%, 0, 0, 4, 20268.03, 44306524, 245
2258, 96, 106, 177, 8, 0, 5.66%, 0, 0, 4, 18782.32, 44401804, 245
2263, 96, 49, 177, 8, 0, 5.66%, 0, 0, 4, 20809.43, 44514809, 245
2269, 96, 49, 177, 8, 0, 5.66%, 0, 0, 4, 20129.29, 44613435, 245
2274, 97, 67, 177, 8, 0, 5.66%, 0, 0, 4, 21891.79, 44730833, 245
2279, 97, 49, 177, 8, 0, 5.66%, 0, 0, 4, 18040.94, 44818665, 245
2284, 97, 49, 177, 8, 0, 5.66%, 0, 0, 4, 19932.50, 44924639, 245
2289, 97, 49, 177, 8, 0, 5.66%, 0, 0, 4, 18192.75, 45014837, 245
2294, 97, 49, 177, 8, 0, 5.66%, 0, 0, 4, 18572.40, 45103810, 245
2299, 98, 107, 177, 8, 0, 5.66%, 0, 0, 4, 18140.95, 45192623, 245
2304, 98, 21, 177, 8, 0, 5.66%, 0, 0, 4, 20277.57, 45297790, 245
2310, 98, 21, 177, 8, 0, 5.66%, 0, 0, 4, 18908.10, 45391969, 245
2315, 98, 49, 177, 8, 0, 5.66%, 0, 0, 4, 19821.92, 45496179, 245
2320, 98, 2, 177, 8, 0, 5.66%, 0, 0, 4, 20852.42, 45600208, 245
2325, 99, 49, 177, 8, 0, 5.66%, 0, 0, 4, 20413.25, 45706012, 245
2330, 99, 21, 177, 8, 0, 5.66%, 0, 0, 4, 19454.53, 45802265, 245
2335, 99, 67, 177, 8, 0, 5.66%, 0, 0, 4, 19583.60, 45905950, 245
2341, 99, 49, 177, 8, 0, 5.66%, 0, 0, 4, 18966.83, 45994688, 245
2346, 100, 12, 177, 8, 0, 5.66%, 0, 0, 4, 21000.26, 46110758, 245
2351, 100, 21, 177, 8, 0, 5.66%, 0, 0, 4, 17520.65, 46200652, 245
2356, 100, 46, 177, 8, 0, 5.66%, 0, 0, 4, 18559.49, 46300443, 245
2361, 100, 142, 177, 8, 0, 5.66%, 0, 0, 4, 18803.65, 46397495, 245
2366, 100, 21, 177, 8, 0, 5.66%, 0, 0, 4, 17002.46, 46485858, 245
2372, 101, 49, 177, 8, 0, 5.66%, 0, 0, 4, 19588.09, 46585149, 245
2377, 101, 49, 177, 8, 0, 5.66%, 0, 0, 4, 18186.75, 46682922, 245
2382, 101, 21, 177, 8, 0, 5.66%, 0, 0, 4, 18106.41, 46775095, 245
2387, 101, 74, 177, 8, 0, 5.66%, 0, 0, 4, 19506.83, 46889612, 245
2392, 101, 21, 177, 8, 0, 5.66%, 0, 0, 4, 21335.35, 46999992, 245
2397, 102, 67, 177, 8, 0, 5.66%, 0, 0, 4, 17535.00, 47091707, 245
2402, 102, 49, 177, 8, 0, 5.66%, 0, 0, 4, 20372.26, 47197890, 245
2408, 102, 67, 177, 8, 0, 5.66%, 0, 0, 4, 19699.73, 47298334, 245
2413, 102, 67, 177, 8, 0, 5.66%, 0, 0, 4, 20882.38, 47407746, 245
2418, 102, 49, 177, 8, 0, 5.66%, 0, 0, 4, 18075.22, 47497739, 245
2423, 103, 108, 177, 8, 0, 5.66%, 0, 0, 4, 19845.69, 47603034, 245
2428, 103, 5, 177, 8, 0, 5.66%, 0, 0, 4, 19355.73, 47698578, 245
2433, 103, 49, 177, 8, 0, 5.66%, 0, 0, 4, 21099.66, 47807715, 245
2438, 103, 106, 177, 8, 0, 5.66%, 0, 0, 4, 21178.12, 47913818, 245
2444, 104, 67, 177, 8, 0, 5.66%, 0, 0, 4, 22731.28, 48039551, 245
2449, 104, 67, 177, 8, 0, 5.66%, 0, 0, 4, 20196.13, 48136098, 245
2454, 104, 49, 177, 8, 0, 5.66%, 0, 0, 4, 20242.28, 48239456, 245
2459, 104, 49, 177, 8, 0, 5.66%, 0, 0, 4, 18052.24, 48329087, 245
2464, 105, 21, 177, 8, 0, 5.66%, 0, 0, 4, 20304.99, 48434383, 245
2469, 105, 21, 177, 8, 0, 5.66%, 0, 0, 4, 18910.60, 48530296, 245
2474, 105, 49, 177, 8, 0, 5.66%, 0, 0, 4, 20689.56, 48633912, 245
2479, 105, 49, 177, 8, 0, 5.66%, 0, 0, 4, 18027.60, 48722565, 245
2485, 105, 21, 177, 8, 0, 5.66%, 0, 0, 4, 18990.18, 48822258, 245
2490, 106, 49, 177, 8, 0, 5.66%, 0, 0, 4, 18728.14, 48917289, 245
2495, 106, 12, 177, 8, 0, 5.66%, 0, 0, 4, 19710.58, 49019635, 245
2500, 106, 49, 177, 8, 0, 5.66%, 0, 0, 4, 16574.29, 49100371, 245
2505, 106, 49, 177, 8, 0, 5.66%, 0, 0, 4, 18657.28, 49198522, 245
2510, 106, 68, 177, 8, 0, 5.66%, 0, 0, 4, 18024.93, 49286788, 245
2515, 107, 49, 177, 8, 0, 5.66%, 0, 0, 4, 18699.46, 49384285, 245
2520, 107, 19, 177, 8, 0, 5.66%, 0, 0, 4, 20170.08, 49481525, 245
2526, 107, 49, 177, 8, 0, 5.66%, 0, 0, 4, 19580.20, 49590161, 245
2531, 107, 49, 177, 8, 0, 5.66%, 0, 0, 4, 17012.43, 49678852, 245
2536, 107, 49, 177, 8, 0, 5.66%, 0, 0, 4, 17933.13, 49773158, 245
2541, 108, 49, 177, 8, 0, 5.66%, 0, 0, 4, 20915.09, 49879761, 245
2546, 108, 49, 177, 8, 0, 5.66%, 0, 0, 4, 19757.86, 49985678, 245
2551, 108, 49, 177, 8, 0, 5.66%, 0, 0, 4, 20267.53, 50092750, 245
2556, 108, 108, 177, 8, 0, 5.66%, 0, 0, 4, 19475.63, 50191808, 245
2561, 109, 21, 177, 7, 0, 5.66%, 0, 0, 4, 19445.34, 50281728, 245
2567, 109, 21, 177, 7, 0, 5.66%, 0, 0, 4, 15916.97, 50361140, 245
2572, 109, 49, 177, 7, 0, 5.66%, 0, 0, 4, 21781.26, 50474285, 245
2577, 109, 20, 177, 7, 0, 5.66%, 0, 0, 4, 18215.51, 50565164, 245
2582, 109, 49, 177, 7, 0, 5.66%, 0, 0, 4, 19937.77, 50668236, 245
2587, 110, 49, 177, 7, 0, 5.66%, 0, 0, 4, 17885.35, 50759996, 245
2592, 110, 49, 177, 7, 0, 5.66%, 0, 0, 4, 19036.64, 50860065, 245
2597, 110, 21, 177, 7, 0, 5.66%, 0, 0, 4, 15322.65, 50938942, 245
2603, 110, 21, 177, 7, 0, 5.66%, 0, 0, 4, 18030.63, 51032233, 245
2608, 110, 49, 177, 7, 0, 5.66%, 0, 0, 4, 18545.84, 51132246, 245
2613, 111, 67, 177, 7, 0, 5.66%, 0, 0, 4, 23486.60, 51251693, 245
2618, 111, 49, 177, 7, 0, 5.66%, 0, 0, 4, 19275.98, 51349512, 245
2623, 111, 49, 177, 7, 0, 5.66%, 0, 0, 4, 21255.59, 51453497, 245
2628, 111, 49, 177, 7, 0, 5.66%, 0, 0, 4, 19208.03, 51554458, 245
2633, 111, 49, 177, 7, 0, 5.66%, 0, 0, 4, 21774.55, 51668561, 245
2638, 112, 49, 177, 6, 0, 5.66%, 0, 0, 4, 17889.63, 51751920, 245
2644, 112, 2, 177, 6, 0, 5.66%, 0, 0, 4, 20066.49, 51855710, 245
2649, 112, 20, 177, 6, 0, 5.66%, 0, 0, 4, 20473.82, 51957147, 245
2654, 112, 67, 177, 6, 0, 5.66%, 0, 0, 4, 20545.51, 52057653, 245
2659, 113, 67, 177, 6, 0, 5.66%, 0, 0, 4, 19163.61, 52154258, 245
2664, 113, 49, 177, 6, 0, 5.66%, 0, 0, 4, 21811.16, 52265791, 245
2669, 113, 21, 177, 6, 0, 5.66%, 0, 0, 4, 20161.88, 52369955, 245
2674, 113, 21, 177, 6, 0, 5.66%, 0, 0, 4, 20937.00, 52478863, 245
2680, 113, 49, 177, 6, 0, 5.66%, 0, 0, 4, 19417.40, 52576190, 245
2685, 114, 21, 177, 6, 0, 5.66%, 0, 0, 4, 19532.84, 52676189, 245
2690, 114, 67, 177, 6, 0, 5.66%, 0, 0, 4, 21030.43, 52786103, 245
2695, 114, 21, 177, 6, 0, 5.66%, 0, 0, 4, 18709.60, 52879557, 245
2700, 114, 49, 177, 6, 0, 5.66%, 0, 0, 4, 19054.88, 52974909, 245
2705, 114, 167, 177, 6, 0, 5.66%, 0, 0, 4, 11872.48, 53023841, 245
2710, 114, 49, 177, 5, 0, 5.66%, 0, 0, 4, 17878.24, 53119986, 245
2716, 115, 49, 177, 5, 0, 5.66%, 0, 0, 4, 19577.94, 53226138, 245
2721, 115, 107, 177, 5, 0, 5.66%, 0, 0, 4, 19562.02, 53326356, 245
2726, 115, 21, 177, 5, 0, 5.66%, 0, 0, 4, 19898.34, 53431571, 245
2731, 115, 49, 177, 5, 0, 5.66%, 0, 0, 4, 19817.80, 53528060, 245
2736, 116, 48, 177, 5, 0, 5.66%, 0, 0, 4, 20058.90, 53635973, 245
2741, 116, 49, 177, 5, 0, 5.66%, 0, 0, 4, 19721.11, 53735738, 245
2746, 116, 107, 177, 5, 0, 5.66%, 0, 0, 4, 21268.07, 53853283, 245
2752, 116, 21, 177, 5, 0, 5.66%, 0, 0, 4, 19927.26, 53954671, 245
2757, 117, 49, 177, 5, 0, 5.66%, 0, 0, 4, 18888.65, 54054228, 245
2762, 117, 49, 177, 5, 0, 5.66%, 0, 0, 4, 19901.08, 54156694, 245
2767, 117, 49, 177, 5, 0, 5.66%, 0, 0, 4, 19291.28, 54256463, 245
2772, 117, 67, 177, 5, 0, 5.66%, 0, 0, 4, 20026.33, 54358215, 245
2777, 117, 49, 177, 5, 0, 5.66%, 0, 0, 4, 19757.52, 54461784, 245
2782, 118, 49, 177, 5, 0, 5.66%, 0, 0, 4, 19873.70, 54562705, 245
2788, 118, 49, 177, 5, 0, 5.66%, 0, 0, 4, 17791.28, 54655280, 245
2793, 118, 49, 177, 5, 0, 5.66%, 0, 0, 4, 19701.77, 54756772, 245
2798, 118, 49, 177, 5, 0, 5.66%, 0, 0, 4, 16373.20, 54839260, 245
2803, 118, 49, 177, 5, 0, 5.66%, 0, 0, 4, 14002.85, 54908679, 245
2808, 118, 21, 177, 5, 0, 5.66%, 0, 0, 4, 10360.02, 54958191, 245
2813, 119, 49, 177, 5, 0, 5.66%, 0, 0, 4, 12551.40, 55023128, 245
2818, 119, 49, 177, 5, 0, 5.66%, 0, 0, 4, 14048.59, 55093133, 245
2824, 119, 21, 177, 5, 0, 5.66%, 0, 0, 4, 17984.62, 55186425, 245
2829, 119, 21, 177, 5, 0, 5.66%, 0, 0, 4, 17337.62, 55273179, 245
2834, 119, 74, 177, 5, 0, 5.66%, 0, 0, 4, 16884.34, 55358928, 245
2839, 120, 107, 177, 5, 0, 5.66%, 0, 0, 4, 18975.07, 55453311, 245
2844, 120, 49, 177, 5, 0, 5.66%, 0, 0, 4, 18560.86, 55546543, 245
2849, 120, 49, 177, 5, 0, 5.66%, 0, 0, 4, 19582.79, 55644107, 245
2854, 120, 49, 177, 5, 0, 5.66%, 0, 0, 4, 17186.05, 55731161, 245
2860, 120, 49, 177, 5, 0, 5.66%, 0, 0, 4, 18876.23, 55822987, 245
2865, 121, 5, 177, 5, 0, 5.66%, 0, 0, 4, 18741.58, 55921071, 245
2870, 121, 48, 177, 5, 0, 5.66%, 0, 0, 4, 19500.32, 56016905, 245
2875, 121, 49, 177, 5, 0, 5.66%, 0, 0, 4, 17185.03, 56108273, 245
2880, 121, 67, 177, 5, 0, 5.66%, 0, 0, 4, 12115.65, 56161807, 245
2885, 121, 49, 177, 5, 0, 5.66%, 0, 0, 4, 17796.82, 56261378, 245
2890, 122, 107, 177, 5, 0, 5.66%, 0, 0, 4, 17761.34, 56352587, 245
2895, 122, 21, 177, 5, 0, 5.66%, 0, 0, 4, 14746.07, 56422821, 245
2900, 122, 49, 177, 5, 0, 5.66%, 0, 0, 4, 11900.10, 56477756, 245
2905, 122, 67, 177, 5, 0, 5.66%, 0, 0, 4, 11886.72, 56540716, 245
2910, 122, 21, 177, 5, 0, 5.66%, 0, 0, 4, 11858.62, 56599483, 245
2915, 122, 49, 177, 5, 0, 5.66%, 0, 0, 4, 11282.34, 56654771, 245
2921, 122, 21, 177, 5, 0, 5.66%, 0, 0, 4, 12088.86, 56712342, 245
2926, 122, 49, 177, 5, 0, 5.66%, 0, 0, 4, 12341.51, 56772211, 245
2931, 123, 48, 177, 5, 0, 5.66%, 0, 0, 4, 10947.26, 56824678, 245
2936, 123, 67, 177, 5, 0, 5.66%, 0, 0, 4, 11012.22, 56881556, 245
2941, 123, 21, 177, 5, 0, 5.66%, 0, 0, 4, 12523.51, 56945849, 245
2946, 123, 67, 177, 5, 0, 5.66%, 0, 0, 4, 13851.34, 57019106, 245
2951, 123, 49, 177, 5, 0, 5.66%, 0, 0, 4, 11720.35, 57080678, 245
2957, 123, 46, 177, 5, 0, 5.66%, 0, 0, 4, 13861.76, 57156781, 245
2962, 123, 21, 177, 5, 0, 5.66%, 0, 0, 4, 13735.75, 57227780, 245
2967, 124, 2, 177, 5, 0, 5.66%, 0, 0, 4, 13712.60, 57299584, 245
2972, 124, 21, 177, 5, 0, 5.66%, 0, 0, 4, 13049.09, 57364751, 245
2977, 124, 49, 177, 5, 0, 5.66%, 0, 0, 4, 14718.97, 57443742, 245
2982, 124, 49, 177, 5, 0, 5.66%, 0, 0, 4, 15309.10, 57520728, 245
2987, 124, 49, 177, 5, 0, 5.66%, 0, 0, 4, 13496.88, 57593868, 245
2993, 124, 49, 177, 5, 0, 5.66%, 0, 0, 4, 14160.46, 57665579, 245
2998, 125, 67, 177, 5, 0, 5.66%, 0, 0, 4, 13479.60, 57735398, 245
3003, 125, 49, 177, 5, 0, 5.66%, 0, 0, 4, 15814.03, 57816689, 245
3008, 125, 49, 177, 5, 0, 5.66%, 0, 0, 4, 13629.00, 57888120, 245
3013, 125, 49, 177, 5, 0, 5.66%, 0, 0, 4, 13734.08, 57960396, 245
3018, 125, 49, 177, 5, 0, 5.66%, 0, 0, 4, 13103.67, 58031050, 245
3024, 125, 49, 177, 5, 0, 5.66%, 0, 0, 4, 15324.34, 58110771, 245
3029, 125, 49, 177, 5, 0, 5.66%, 0, 0, 4, 14558.79, 58178103, 245
3034, 126, 49, 177, 5, 0, 5.66%, 0, 0, 4, 15421.00, 58258386, 245
3039, 126, 21, 177, 5, 0, 5.66%, 0, 0, 4, 12916.13, 58321765, 245
3044, 126, 49, 177, 5, 0, 5.66%, 0, 0, 4, 15700.11, 58404345, 245
3049, 126, 49, 177, 5, 0, 5.66%, 0, 0, 4, 15962.69, 58497287, 245
3054, 126, 49, 177, 5, 0, 5.66%, 0, 0, 4, 13561.10, 58560172, 245
3060, 126, 49, 177, 5, 0, 5.66%, 0, 0, 4, 14435.62, 58630576, 245
3065, 127, 49, 177, 5, 0, 5.66%, 0, 0, 4, 12910.50, 58694438, 245
3070, 127, 49, 177, 5, 0, 5.66%, 0, 0, 4, 14120.73, 58761643, 245
3075, 127, 19, 177, 5, 0, 5.66%, 0, 0, 4, 16122.91, 58843677, 245
3080, 127, 67, 177, 5, 0, 5.66%, 0, 0, 4, 12379.69, 58903129, 245
3085, 127, 48, 177, 5, 0, 5.66%, 0, 0, 4, 14714.07, 58983802, 245
3090, 127, 49, 177, 5, 0, 5.66%, 0, 0, 4, 15079.37, 59053149, 245
3095, 128, 49, 177, 5, 0, 5.66%, 0, 0, 4, 14104.65, 59123119, 245
3101, 128, 21, 177, 5, 0, 5.66%, 0, 0, 4, 14162.18, 59193405, 245
3106, 128, 49, 177, 5, 0, 5.66%, 0, 0, 4, 14059.93, 59264614, 245
3111, 128, 48, 177, 5, 0, 5.66%, 0, 0, 4, 13339.89, 59330519, 245
3116, 128, 49, 177, 5, 0, 5.66%, 0, 0, 4, 11710.51, 59393037, 245
3121, 128, 48, 177, 5, 0, 5.66%, 0, 0, 4, 14789.99, 59466729, 245
3126, 129, 12, 177, 5, 0, 5.66%, 0, 0, 4, 16574.25, 59559097, 245
3131, 129, 21, 177, 5, 0, 5.66%, 0, 0, 4, 13516.59, 59624942, 245
3137, 129, 12, 177, 5, 0, 5.66%, 0, 0, 4, 14355.50, 59702239, 245
3142, 129, 21, 177, 5, 0, 5.66%, 0, 0, 4, 13509.94, 59767136, 245
3147, 129, 49, 177, 5, 0, 5.66%, 0, 0, 4, 12935.56, 59835441, 245
3152, 129, 67, 177, 5, 0, 5.66%, 0, 0, 4, 14533.28, 59911727, 245
3157, 129, 67, 177, 5, 0, 5.66%, 0, 0, 4, 13039.68, 59980539, 245
3162, 130, 49, 177, 5, 0, 5.66%, 0, 0, 4, 14436.51, 60054315, 245
3167, 130, 68, 177, 5, 0, 5.66%, 0, 0, 4, 12294.65, 60116082, 245
3173, 130, 49, 177, 5, 0, 5.66%, 0, 0, 4, 15360.79, 60197615, 245
3178, 130, 21, 177, 5, 0, 5.66%, 0, 0, 4, 13285.46, 60264298, 245
3183, 130, 21, 177, 5, 0, 5.66%, 0, 0, 4, 15733.76, 60343026, 245
3188, 130, 2, 177, 5, 0, 5.66%, 0, 0, 4, 13494.03, 60416138, 245
3193, 131, 67, 177, 5, 0, 5.66%, 0, 0, 4, 12785.69, 60473625, 245
3198, 131, 49, 177, 5, 0, 5.66%, 0, 0, 4, 12841.93, 60541837, 245
3203, 131, 49, 177, 5, 0, 5.66%, 0, 0, 4, 14063.43, 60617188, 245
3209, 131, 49, 177, 5, 0, 5.66%, 0, 0, 4, 13269.21, 60684870, 245
3214, 131, 49, 177, 5, 0, 5.66%, 0, 0, 4, 13346.97, 60753652, 245
3219, 131, 49, 177, 5, 0, 5.66%, 0, 0, 4, 13170.35, 60815455, 245
3224, 131, 49, 177, 5, 0, 5.66%, 0, 0, 4, 14502.89, 60891509, 245
3229, 132, 67, 177, 5, 0, 5.66%, 0, 0, 4, 14105.63, 60965089, 245
3234, 132, 49, 177, 5, 0, 5.66%, 0, 0, 4, 16386.43, 61048149, 245
3239, 132, 49, 177, 5, 0, 5.66%, 0, 0, 4, 12173.92, 61108990, 245
3245, 132, 49, 177, 5, 0, 5.66%, 0, 0, 4, 18310.75, 61200285, 245
3250, 132, 110, 177, 5, 0, 5.66%, 0, 0, 4, 13904.18, 61263329, 245
3255, 132, 21, 177, 5, 0, 5.66%, 0, 0, 4, 16463.58, 61346930, 245
3260, 133, 2, 177, 5, 0, 5.66%, 0, 0, 4, 15085.19, 61418703, 245
3265, 133, 21, 177, 5, 0, 5.66%, 0, 0, 4, 15701.59, 61490834, 245
3270, 133, 49, 177, 5, 0, 5.66%, 0, 0, 4, 13057.21, 61550577, 245
3275, 133, 21, 177, 5, 0, 5.66%, 0, 0, 4, 14393.25, 61626459, 245
3280, 133, 20, 177, 5, 0, 5.66%, 0, 0, 4, 15345.34, 61703105, 245
3286, 133, 21, 177, 5, 0, 5.66%, 0, 0, 4, 13801.22, 61774371, 245
3291, 134, 67, 177, 5, 0, 5.66%, 0, 0, 4, 13429.13, 61837176, 245
3296, 134, 49, 177, 5, 0, 5.66%, 0, 0, 4, 13718.14, 61909620, 245
3301, 134, 67, 177, 5, 0, 5.66%, 0, 0, 4, 13342.05, 61974083, 245
3306, 134, 21, 177, 5, 0, 5.66%, 0, 0, 4, 14199.33, 62051041, 245
3311, 134, 107, 177, 5, 0, 5.66%, 0, 0, 4, 12496.37, 62113521, 245
3316, 134, 67, 177, 5, 0, 5.66%, 0, 0, 4, 13221.65, 62181450, 245
3321, 134, 49, 177, 5, 0, 5.66%, 0, 0, 4, 13604.47, 62250625, 245
3326, 135, 19, 177, 5, 0, 5.66%, 0, 0, 4, 14592.48, 62329102, 245
3332, 135, 49, 177, 5, 0, 5.66%, 0, 0, 4, 15593.80, 62407274, 245
3337, 135, 49, 177, 5, 0, 5.66%, 0, 0, 4, 13736.05, 62480045, 245
3342, 135, 49, 177, 5, 0, 5.66%, 0, 0, 4, 14448.06, 62550336, 245
3347, 135, 21, 177, 5, 0, 5.66%, 0, 0, 4, 15131.68, 62631886, 245
3352, 135, 21, 177, 5, 0, 5.66%, 0, 0, 4, 14391.64, 62704015, 245
3357, 136, 49, 177, 5, 0, 5.66%, 0, 0, 4, 13435.38, 62773794, 245
3362, 136, 21, 177, 5, 0, 5.66%, 0, 0, 4, 15551.51, 62850599, 245
3367, 136, 5, 177, 5, 0, 5.66%, 0, 0, 4, 11963.53, 62911184, 245
3373, 136, 49, 177, 5, 0, 5.66%, 0, 0, 4, 13703.59, 62982526, 245
3378, 136, 48, 177, 5, 0, 5.66%, 0, 0, 4, 13225.63, 63053979, 245
3383, 136, 49, 177, 5, 0, 5.66%, 0, 0, 4, 13226.99, 63122161, 245
3388, 136, 21, 177, 5, 0, 5.66%, 0, 0, 4, 13300.63, 63195567, 245
3393, 137, 21, 177, 5, 0, 5.66%, 0, 0, 4, 14191.62, 63264669, 245
3398, 137, 21, 177, 5, 0, 5.66%, 0, 0, 4, 13296.20, 63334990, 245
3404, 137, 49, 177, 5, 0, 5.66%, 0, 0, 4, 14435.20, 63409143, 245
3409, 137, 49, 177, 5, 0, 5.66%, 0, 0, 4, 13228.14, 63477213, 245
3414, 137, 25, 177, 5, 0, 5.66%, 0, 0, 4, 15161.55, 63558179, 245
3419, 137, 9, 177, 5, 0, 5.66%, 0, 0, 4, 13119.19, 63618587, 245
3424, 138, 21, 177, 5, 0, 5.66%, 0, 0, 4, 13632.25, 63692228, 245
3429, 138, 110, 177, 5, 0, 5.66%, 0, 0, 4, 14159.16, 63761824, 245
3434, 138, 107, 177, 5, 0, 5.66%, 0, 0, 4, 14183.08, 63824032, 245
3439, 138, 49, 177, 5, 0, 5.66%, 0, 0, 4, 12797.25, 63887897, 245
3445, 138, 21, 177, 5, 0, 5.66%, 0, 0, 4, 14001.20, 63963463, 245
3450, 138, 21, 177, 5, 0, 5.66%, 0, 0, 4, 13760.02, 64030813, 245
3455, 138, 49, 177, 5, 0, 5.66%, 0, 0, 4, 15411.70, 64111442, 245
3460, 139, 21, 177, 5, 0, 5.66%, 0, 0, 4, 15453.68, 64183648, 245
3465, 139, 49, 177, 5, 0, 5.66%, 0, 0, 4, 15185.96, 64263734, 245
3470, 139, 21, 177, 5, 0, 5.66%, 0, 0, 4, 13627.78, 64325658, 245
3475, 139, 49, 177, 5, 0, 5.66%, 0, 0, 4, 15513.55, 64405685, 245
3480, 139, 20, 177, 5, 0, 5.66%, 0, 0, 4, 14972.55, 64477631, 245
3485, 139, 49, 177, 5, 0, 5.66%, 0, 0, 4, 16620.84, 64556157, 245
3490, 140, 108, 177, 5, 0, 5.66%, 0, 0, 4, 13081.71, 64617676, 245
3495, 140, 49, 177, 5, 0, 5.66%, 0, 0, 4, 13155.42, 64687982, 245
3500, 140, 49, 177, 5, 0, 5.66%, 0, 0, 4, 12963.52, 64749585, 245
3506, 140, 49, 177, 5, 0, 5.66%, 0, 0, 4, 13983.66, 64822900, 245
3511, 140, 46, 177, 5, 0, 5.66%, 0, 0, 4, 15371.04, 64899255, 245
3516, 140, 49, 177, 5, 0, 5.66%, 0, 0, 4, 13489.46, 64965777, 245
3521, 140, 49, 177, 5, 0, 5.66%, 0, 0, 4, 13964.66, 65037211, 245
3526, 141, 49, 177, 5, 0, 5.66%, 0, 0, 4, 13126.84, 65104686, 245
3531, 141, 21, 177, 5, 0, 5.66%, 0, 0, 4, 15143.40, 65183217, 245
3536, 141, 49, 177, 5, 0, 5.66%, 0, 0, 4, 15337.05, 65258880, 245
3541, 141, 49, 177, 5, 0, 5.66%, 0, 0, 4, 14663.57, 65330611, 245
3547, 141, 9, 177, 5, 0, 5.66%, 0, 0, 4, 12802.27, 65400107, 245
3552, 141, 107, 177, 5, 0, 5.66%, 0, 0, 4, 11934.07, 65460406, 245
3557, 142, 49, 177, 5, 0, 5.66%, 0, 0, 4, 12704.67, 65528685, 245
3562, 142, 49, 177, 5, 0, 5.66%, 0, 0, 4, 12829.49, 65596410, 245
3567, 142, 49, 177, 5, 0, 5.66%, 0, 0, 4, 12334.01, 65661088, 245
3572, 142, 110, 177, 5, 0, 5.66%, 0, 0, 4, 15563.49, 65737039, 245
3577, 142, 49, 177, 5, 0, 5.66%, 0, 0, 4, 13840.90, 65806420, 245
3582, 142, 49, 177, 5, 0, 5.66%, 0, 0, 4, 13516.11, 65877904, 245
3587, 142, 49, 177, 5, 0, 5.66%, 0, 0, 4, 13104.60, 65948396, 245
3593, 143, 21, 177, 5, 0, 5.66%, 0, 0, 4, 13842.70, 66022050, 245
3598, 143, 49, 177, 5, 0, 5.66%, 0, 0, 4, 14942.83, 66095529, 245
