# relative_time, cycles_done, cur_item, corpus_count, pending_total, pending_favs, map_size, saved_crashes, saved_hangs, max_depth, execs_per_sec, total_execs, edges_found
61, 0, 99, 244, 207, 0, 8.74%, 0, 0, 4, 13668.32, 1132144, 430
66, 1, 54, 246, 205, 0, 8.74%, 0, 0, 4, 21531.05, 1246319, 430
71, 1, 6, 247, 201, 0, 8.74%, 0, 0, 4, 21838.53, 1364722, 430
76, 1, 243, 258, 212, 0, 8.74%, 0, 0, 4, 21092.07, 1469795, 430
81, 1, 152, 261, 211, 0, 8.74%, 0, 0, 4, 23080.14, 1589391, 430
86, 1, 99, 264, 212, 0, 8.74%, 0, 0, 5, 18953.91, 1677590, 430
91, 1, 99, 265, 212, 0, 8.74%, 0, 0, 5, 22253.24, 1801034, 430
96, 1, 99, 266, 212, 0, 8.74%, 0, 0, 5, 21151.23, 1909987, 430
101, 1, 28, 267, 211, 0, 8.74%, 0, 0, 5, 20806.02, 2025730, 430
107, 2, 6, 307, 248, 0, 8.74%, 0, 0, 5, 19590.87, 2122819, 430
112, 2, 114, 307, 246, 0, 8.74%, 0, 0, 5, 20470.48, 2233891, 430
117, 2, 64, 307, 244, 0, 8.74%, 0, 0, 5, 16742.40, 2316368, 430
122, 2, 222, 308, 242, 0, 8.74%, 0, 0, 5, 22460.47, 2436536, 430
127, 2, 35, 308, 240, 0, 8.74%, 0, 0, 5, 17639.01, 2529475, 430
132, 2, 73, 308, 238, 0, 8.74%, 0, 0, 5, 21010.82, 2638659, 430
138, 2, 161, 308, 235, 0, 8.74%, 0, 0, 5, 20144.08, 2744240, 430
143, 3, 35, 313, 239, 0, 8.74%, 0, 0, 5, 25969.60, 2879896, 430
148, 3, 222, 313, 235, 0, 8.74%, 0, 0, 5, 23231.22, 2998286, 430
153, 3, 99, 313, 231, 0, 8.74%, 0, 0, 5, 23194.57, 3114452, 430
158, 3, 179, 313, 230, 0, 8.74%, 0, 0, 5, 14098.70, 3177636, 430
163, 3, 35, 313, 227, 0, 8.74%, 0, 0, 5, 20724.65, 3289583, 430
169, 3, 30, 313, 226, 0, 8.74%, 0, 0, 5, 20462.75, 3397248, 430
174, 3, 35, 313, 222, 0, 8.74%, 0, 0, 5, 24055.92, 3527449, 430
179, 3, 99, 313, 221, 0, 8.74%, 0, 0, 5, 21254.77, 3628299, 430
184, 4, 52, 325, 232, 0, 8.74%, 0, 0, 5, 22279.08, 3747942, 430
189, 4, 29, 325, 231, 0, 8.74%, 0, 0, 5, 21995.27, 3859540, 430
194, 4, 48, 325, 229, 0, 8.74%, 0, 0, 5, 24336.32, 3986255, 430
199, 4, 99, 326, 229, 0, 8.74%, 0, 0, 5, 24105.39, 4116315, 430
204, 4, 54, 326, 228, 0, 8.74%, 0, 0, 5, 22010.08, 4223778, 430
209, 4, 99, 327, 229, 0, 8.74%, 0, 0, 5, 24671.01, 4349903, 430
215, 4, 54, 327, 228, 0, 8.74%, 0, 0, 5, 20348.61, 4456396, 430
220, 4, 98, 327, 228, 0, 8.74%, 0, 0, 5, 16955.87, 4537161, 430
225, 4, 29, 327, 228, 0, 8.74%, 0, 0, 5, 15827.99, 4614211, 430
230, 5, 78, 335, 235, 0, 8.74%, 0, 0, 5, 18309.44, 4707672, 430
235, 5, 60, 335, 234, 0, 8.74%, 0, 0, 5, 17991.65, 4797598, 430
240, 5, 27, 335, 233, 0, 8.74%, 0, 0, 5, 21009.28, 4901277, 430
245, 5, 29, 335, 233, 0, 8.74%, 0, 0, 5, 21058.16, 5013293, 430
251, 5, 99, 335, 232, 0, 8.74%, 0, 0, 5, 19790.48, 5109224, 430
256, 5, 260, 335, 231, 0, 8.74%, 0, 0, 5, 23691.57, 5236344, 430
261, 5, 153, 335, 231, 0, 8.74%, 0, 0, 5, 22485.83, 5346615, 430
266, 5, 302, 335, 229, 0, 8.74%, 0, 0, 5, 20253.27, 5450019, 430
271, 5, 52, 335, 226, 0, 8.74%, 0, 0, 5, 22200.67, 5561207, 430
276, 5, 29, 335, 226, 0, 8.74%, 0, 0, 5, 18730.52, 5654602, 430
281, 5, 27, 335, 225, 0, 8.74%, 0, 0, 5, 18191.65, 5748579, 430
287, 6, 98, 337, 226, 0, 8.74%, 0, 0, 5, 17673.49, 5843144, 430
292, 6, 30, 337, 225, 0, 8.74%, 0, 0, 5, 19455.51, 5944805, 430
297, 6, 99, 337, 223, 0, 8.74%, 0, 0, 5, 20176.97, 6055187, 430
302, 6, 29, 337, 218, 0, 8.74%, 0, 0, 5, 25990.63, 6194616, 430
307, 6, 99, 337, 217, 0, 8.74%, 0, 0, 5, 20776.72, 6296993, 430
312, 6, 99, 337, 213, 0, 8.74%, 0, 0, 5, 21475.16, 6406905, 430
317, 6, 222, 337, 212, 0, 8.74%, 0, 0, 5, 21273.20, 6515767, 430
322, 6, 29, 337, 210, 0, 8.74%, 0, 0, 5, 21622.53, 6625717, 430
328, 6, 78, 337, 209, 0, 8.74%, 0, 0, 5, 17630.37, 6705489, 430
333, 6, 222, 337, 208, 0, 8.74%, 0, 0, 5, 21984.13, 6820439, 430
338, 7, 52, 337, 208, 0, 8.74%, 0, 0, 5, 19041.16, 6918151, 430
343, 7, 94, 337, 206, 0, 8.74%, 0, 0, 5, 20765.29, 7022804, 430
348, 7, 222, 337, 204, 0, 8.74%, 0, 0, 5, 19156.02, 7120753, 430
353, 7, 249, 337, 203, 0, 8.74%, 0, 0, 5, 22038.46, 7232614, 430
358, 7, 29, 337, 202, 0, 8.74%, 0, 0, 5, 21025.54, 7344921, 430
364, 7, 54, 337, 202, 0, 8.74%, 0, 0, 5, 21843.23, 7456726, 430
369, 7, 98, 338, 200, 0, 8.74%, 0, 0, 5, 21505.24, 7566669, 430
374, 7, 98, 338, 197, 0, 8.74%, 0, 0, 5, 21517.32, 7680994, 430
379, 7, 29, 338, 196, 0, 8.74%, 0, 0, 5, 18828.55, 7773511, 430
384, 7, 99, 338, 195, 0, 8.74%, 0, 0, 5, 22900.75, 7892099, 430
389, 7, 222, 338, 193, 0, 8.74%, 0, 0, 5, 20717.32, 7990906, 430
394, 8, 98, 338, 192, 0, 8.74%, 0, 0, 5, 20527.24, 8100136, 430
399, 8, 99, 338, 191, 0, 8.74%, 0, 0, 5, 18550.07, 8188123, 430
404, 8, 16, 338, 191, 0, 8.74%, 0, 0, 5, 21719.52, 8300483, 430
409, 8, 39, 338, 191, 0, 8.74%, 0, 0, 5, 19913.41, 8403034, 430
415, 8, 98, 338, 189, 0, 8.74%, 0, 0, 5, 20435.81, 8508590, 430
420, 8, 39, 338, 187, 0, 8.74%, 0, 0, 5, 18941.22, 8592075, 430
425, 8, 28, 338, 187, 0, 8.74%, 0, 0, 5, 23220.20, 8723875, 430
430, 8, 73, 338, 185, 0, 8.74%, 0, 0, 5, 24511.92, 8838282, 430
435, 8, 29, 338, 183, 0, 8.74%, 0, 0, 5, 25920.60, 8972786, 430
440, 9, 222, 338, 182, 0, 8.74%, 0, 0, 5, 22382.40, 9077649, 430
446, 9, 29, 338, 182, 0, 8.74%, 0, 0, 5, 22750.50, 9193298, 430
451, 9, 39, 338, 181, 0, 8.74%, 0, 0, 5, 20747.31, 9294568, 430
456, 9, 60, 338, 180, 0, 8.74%, 0, 0, 5, 18197.58, 9390974, 430
461, 9, 18, 338, 178, 0, 8.74%, 0, 0, 5, 17820.88, 9480350, 430
466, 9, 99, 338, 178, 0, 8.74%, 0, 0, 5, 18490.60, 9572837, 430
471, 9, 29, 338, 177, 0, 8.74%, 0, 0, 5, 19879.05, 9673178, 430
476, 9, 29, 338, 175, 0, 8.74%, 0, 0, 5, 16653.29, 9758617, 430
482, 9, 222, 338, 175, 0, 8.74%, 0, 0, 5, 12220.96, 9815780, 430
487, 9, 29, 338, 174, 0, 8.74%, 0, 0, 5, 18096.99, 9906461, 430
492, 9, 99, 338, 174, 0, 8.74%, 0, 0, 5, 22414.02, 10027553, 430
497, 10, 222, 338, 172, 0, 8.74%, 0, 0, 5, 24542.50, 10149396, 430
502, 10, 30, 338, 171, 0, 8.74%, 0, 0, 5, 22824.19, 10257564, 430
507, 10, 29, 338, 170, 0, 8.74%, 0, 0, 5, 18491.28, 10357946, 430
512, 10, 30, 338, 170, 0, 8.74%, 0, 0, 5, 21741.43, 10469713, 430
517, 10, 30, 338, 169, 0, 8.74%, 0, 0, 5, 18568.29, 10561608, 430
522, 10, 29, 338, 169, 0, 8.74%, 0, 0, 5, 16187.80, 10646282, 430
527, 10, 39, 338, 169, 0, 8.74%, 0, 0, 5, 14233.91, 10715502, 430
533, 10, 25, 338, 169, 0, 8.74%, 0, 0, 5, 18671.06, 10816708, 430
538, 10, 222, 338, 169, 0, 8.74%, 0, 0, 5, 18759.31, 10916608, 430
543, 11, 99, 338, 167, 0, 8.74%, 0, 0, 5, 21258.35, 11024395, 430
548, 11, 99, 338, 166, 0, 8.74%, 0, 0, 5, 19220.97, 11125647, 430
553, 11, 99, 338, 165, 0, 8.74%, 0, 0, 5, 18800.23, 11211763, 430
558, 11, 99, 338, 164, 0, 8.74%, 0, 0, 5, 18412.69, 11307873, 430
563, 11, 30, 338, 164, 0, 8.74%, 0, 0, 5, 21163.17, 11419361, 430
569, 11, 25, 338, 161, 0, 8.74%, 0, 0, 5, 19106.96, 11518295, 430
574, 11, 99, 338, 161, 0, 8.74%, 0, 0, 5, 21578.26, 11631571, 430
579, 11, 29, 338, 161, 0, 8.74%, 0, 0, 5, 19548.50, 11728215, 430
584, 11, 99, 338, 158, 0, 8.74%, 0, 0, 5, 21457.88, 11843991, 430
589, 11, 222, 338, 157, 0, 8.74%, 0, 0, 5, 19104.86, 11943400, 430
594, 12, 43, 350, 168, 0, 8.74%, 0, 0, 5, 21032.37, 12053567, 430
599, 12, 39, 350, 166, 0, 8.74%, 0, 0, 5, 20858.05, 12155822, 430
605, 12, 99, 350, 165, 0, 8.74%, 0, 0, 5, 21913.74, 12263430, 430
610, 12, 99, 351, 165, 0, 8.74%, 0, 0, 5, 18869.20, 12353868, 430
615, 12, 260, 351, 165, 0, 8.74%, 0, 0, 5, 20750.33, 12465950, 430
620, 12, 29, 351, 165, 0, 8.74%, 0, 0, 5, 19425.67, 12564505, 430
625, 12, 160, 351, 164, 0, 8.74%, 0, 0, 5, 19942.47, 12667225, 430
630, 12, 99, 351, 160, 0, 8.74%, 0, 0, 5, 20110.85, 12770930, 430
635, 12, 39, 352, 159, 0, 8.74%, 0, 0, 5, 20740.12, 12884628, 430
641, 12, 260, 352, 159, 0, 8.74%, 0, 0, 5, 20944.29, 12990336, 430
646, 12, 312, 352, 157, 0, 8.74%, 0, 0, 5, 15225.34, 13063119, 430
651, 12, 60, 352, 156, 0, 8.74%, 0, 0, 5, 21201.35, 13173949, 430
656, 13, 43, 352, 154, 0, 8.74%, 0, 0, 5, 21540.49, 13280502, 430
661, 13, 260, 352, 154, 0, 8.74%, 0, 0, 5, 21182.01, 13387901, 430
666, 13, 29, 352, 151, 0, 8.74%, 0, 0, 5, 19091.22, 13483072, 430
671, 13, 25, 352, 150, 0, 8.74%, 0, 0, 5, 7791.11, 13531555, 430
677, 13, 6, 352, 149, 0, 8.74%, 0, 0, 5, 19286.48, 13646065, 430
682, 13, 159, 352, 149, 0, 8.74%, 0, 0, 5, 20005.63, 13748288, 430
687, 13, 116, 352, 148, 0, 8.74%, 0, 0, 5, 23503.36, 13868187, 430
692, 13, 161, 352, 147, 0, 8.74%, 0, 0, 5, 22867.51, 13980260, 430
697, 13, 222, 352, 146, 0, 8.74%, 0, 0, 5, 17832.88, 14071294, 430
702, 13, 29, 352, 146, 0, 8.74%, 0, 0, 5, 21164.46, 14178118, 430
707, 13, 46, 352, 144, 0, 8.74%, 0, 0, 5, 21138.59, 14283447, 430
712, 14, 376, 414, 206, 13, 9.25%, 0, 0, 5, 22130.35, 14394530, 455
717, 14, 378, 419, 210, 12, 9.25%, 0, 0, 5, 21529.77, 14510208, 455
723, 14, 405, 422, 212, 11, 9.25%, 0, 0, 5, 25216.27, 14635635, 455
728, 14, 372, 426, 213, 8, 9.25%, 0, 0, 5, 24922.98, 14762219, 455
733, 14, 424, 434, 219, 6, 9.25%, 0, 0, 5, 25628.93, 14889580, 455
738, 14, 99, 435, 213, 0, 9.25%, 0, 0, 5, 21257.91, 15001589, 455
741, 14, 60, 435, 211, 0, 9.25%, 0, 0, 5, 18516.27, 15062879, 455
