# relative_time, cycles_done, cur_item, corpus_count, pending_total, pending_favs, map_size, saved_crashes, saved_hangs, max_depth, execs_per_sec, total_execs, edges_found
60, 0, 179, 189, 155, 0, 8.35%, 0, 0, 5, 13175.59, 1213777, 411
65, 0, 0, 190, 155, 0, 8.35%, 0, 0, 5, 16270.75, 1287119, 411
70, 0, 77, 190, 153, 0, 8.35%, 0, 0, 5, 22785.49, 1410346, 411
76, 0, 123, 192, 155, 0, 8.35%, 0, 0, 5, 24529.25, 1539263, 411
81, 0, 54, 195, 152, 0, 8.35%, 0, 0, 5, 22922.90, 1655117, 411
86, 0, 77, 195, 151, 0, 8.35%, 0, 0, 5, 22762.30, 1771958, 411
91, 1, 42, 198, 150, 0, 8.35%, 0, 0, 5, 23051.17, 1891654, 411
96, 1, 187, 211, 161, 0, 8.35%, 0, 0, 6, 15046.32, 1958291, 411
101, 1, 206, 220, 164, 0, 8.35%, 0, 0, 7, 13690.79, 2027404, 411
106, 1, 206, 226, 170, 0, 8.35%, 0, 0, 7, 9592.60, 2068616, 411
111, 1, 206, 228, 172, 0, 8.35%, 0, 0, 7, 9502.77, 2115616, 411
116, 1, 206, 229, 173, 0, 8.35%, 0, 0, 7, 8921.47, 2160610, 411
121, 1, 223, 231, 174, 0, 8.35%, 0, 0, 8, 8378.16, 2201878, 411
126, 1, 39, 231, 168, 0, 8.35%, 0, 0, 8, 12181.78, 2267474, 411
131, 1, 213, 233, 164, 0, 8.35%, 0, 0, 8, 9695.49, 2315945, 411
136, 1, 77, 234, 161, 0, 8.35%, 0, 0, 8, 13801.11, 2385662, 411
142, 1, 232, 237, 157, 0, 8.35%, 0, 0, 9, 11570.26, 2446590, 411
147, 1, 232, 238, 158, 0, 8.35%, 0, 0, 9, 10727.49, 2499311, 411
152, 1, 111, 240, 159, 0, 8.35%, 0, 0, 9, 10701.71, 2550232, 411
157, 1, 236, 248, 166, 0, 8.35%, 0, 0, 10, 10713.41, 2606089, 411
162, 1, 236, 250, 168, 0, 8.35%, 0, 0, 10, 9839.58, 2653589, 411
167, 1, 248, 251, 168, 0, 8.35%, 0, 0, 10, 11321.25, 2713814, 411
172, 1, 250, 252, 168, 0, 8.35%, 0, 0, 11, 9865.09, 2759434, 411
177, 1, 233, 253, 168, 0, 8.35%, 0, 0, 11, 10725.21, 2815899, 411
182, 1, 242, 253, 161, 0, 8.35%, 0, 0, 11, 10731.76, 2871694, 411
187, 1, 251, 255, 162, 0, 8.35%, 0, 0, 12, 13153.74, 2919519, 411
192, 1, 251, 256, 163, 0, 8.35%, 0, 0, 12, 12468.57, 2980717, 411
197, 1, 251, 256, 163, 0, 8.35%, 0, 0, 12, 12610.44, 3043806, 411
203, 1, 255, 256, 162, 0, 8.35%, 0, 0, 12, 2535.22, 3102066, 411
208, 1, 86, 257, 162, 0, 8.35%, 0, 0, 13, 10063.62, 3162172, 411
213, 1, 242, 257, 159, 0, 8.35%, 0, 0, 13, 11362.44, 3221943, 411
218, 1, 225, 260, 162, 0, 8.35%, 0, 0, 13, 8900.44, 3266051, 411
223, 1, 225, 260, 162, 0, 8.35%, 0, 0, 13, 6974.70, 3301271, 411
228, 1, 92, 260, 159, 0, 8.35%, 0, 0, 13, 7073.31, 3359074, 411
233, 1, 249, 260, 153, 0, 8.35%, 0, 0, 13, 11456.63, 3426063, 411
238, 1, 253, 260, 150, 0, 8.35%, 0, 0, 13, 1940.93, 3479071, 411
243, 1, 253, 262, 152, 0, 8.35%, 0, 0, 13, 9376.88, 3533020, 411
248, 1, 253, 262, 152, 0, 8.35%, 0, 0, 13, 10577.00, 3589074, 411
253, 1, 142, 262, 145, 0, 8.35%, 0, 0, 13, 18584.04, 3688977, 411
258, 1, 260, 262, 141, 0, 8.35%, 0, 0, 13, 13062.74, 3753244, 411
264, 1, 260, 264, 143, 0, 8.35%, 0, 0, 14, 10735.48, 3800607, 411
269, 1, 260, 265, 144, 0, 8.35%, 0, 0, 14, 10470.74, 3853279, 411
274, 1, 260, 265, 144, 0, 8.35%, 0, 0, 14, 11796.10, 3913305, 411
279, 1, 260, 266, 145, 0, 8.35%, 0, 0, 14, 9643.06, 3963252, 411
284, 1, 260, 267, 146, 0, 8.35%, 0, 0, 14, 9647.00, 4012047, 411
289, 1, 260, 267, 146, 0, 8.35%, 0, 0, 14, 9695.29, 4061352, 411
294, 1, 147, 267, 144, 0, 8.35%, 0, 0, 14, 12775.92, 4111684, 411
299, 1, 265, 267, 140, 0, 8.35%, 0, 0, 14, 952.67, 4164106, 411
304, 1, 265, 268, 141, 0, 8.35%, 0, 0, 15, 9209.63, 4212787, 411
309, 1, 265, 269, 142, 0, 8.35%, 0, 0, 15, 8821.08, 4259617, 411
314, 1, 265, 269, 142, 0, 8.35%, 0, 0, 15, 10128.65, 4311295, 411
319, 1, 265, 269, 142, 0, 8.35%, 0, 0, 15, 10137.70, 4363302, 411
324, 1, 257, 269, 140, 0, 8.35%, 0, 0, 15, 10865.39, 4413248, 411
329, 1, 244, 270, 137, 0, 8.35%, 0, 0, 15, 11042.11, 4471939, 411
334, 1, 260, 270, 135, 0, 8.35%, 0, 0, 15, 11158.64, 4528075, 411
340, 1, 247, 270, 135, 0, 8.35%, 0, 0, 15, 9230.77, 4573908, 411
345, 1, 234, 270, 129, 0, 8.35%, 0, 0, 15, 10290.84, 4630073, 411
350, 1, 265, 270, 128, 0, 8.35%, 0, 0, 15, 9609.45, 4678279, 411
355, 1, 264, 270, 128, 0, 8.35%, 0, 0, 15, 10685.43, 4712379, 411
360, 1, 243, 270, 126, 0, 8.35%, 0, 0, 15, 10000.68, 4763494, 411
365, 1, 254, 270, 119, 0, 8.35%, 0, 0, 15, 6056.39, 4833846, 411
370, 1, 228, 272, 116, 0, 8.35%, 0, 0, 15, 8921.95, 4884199, 411
375, 1, 77, 272, 112, 0, 8.35%, 0, 0, 15, 16189.11, 4966377, 411
380, 1, 0, 273, 111, 0, 8.35%, 0, 0, 15, 15741.25, 5046676, 411
385, 1, 141, 274, 110, 0, 8.35%, 0, 0, 15, 17125.71, 5124946, 411
391, 1, 211, 274, 107, 0, 8.35%, 0, 0, 15, 12600.56, 5180494, 411
396, 2, 227, 366, 195, 0, 8.74%, 0, 0, 15, 15338.79, 5259101, 430
401, 2, 232, 366, 188, 10, 8.74%, 0, 0, 15, 10897.47, 5309220, 430
406, 2, 266, 366, 185, 8, 8.74%, 0, 0, 15, 996.96, 5350197, 430
411, 2, 266, 366, 185, 8, 8.74%, 0, 0, 15, 9097.47, 5388438, 430
416, 2, 290, 366, 175, 2, 8.74%, 0, 0, 15, 11936.21, 5454339, 430
421, 2, 268, 366, 167, 0, 8.74%, 0, 0, 15, 526.84, 5520803, 430
426, 2, 268, 366, 167, 0, 8.74%, 0, 0, 15, 588.32, 5523769, 430
431, 2, 268, 366, 167, 0, 8.74%, 0, 0, 15, 6362.74, 5531278, 430
436, 2, 268, 366, 167, 0, 8.74%, 0, 0, 15, 7965.94, 5573436, 430
441, 2, 268, 367, 168, 0, 8.74%, 0, 0, 16, 8327.96, 5615508, 430
446, 2, 268, 367, 168, 0, 8.74%, 0, 0, 16, 8322.19, 5657174, 430
452, 2, 257, 367, 165, 0, 8.74%, 0, 0, 16, 11077.31, 5717380, 430
457, 2, 250, 367, 162, 0, 8.74%, 0, 0, 16, 12879.08, 5784012, 430
462, 2, 245, 367, 161, 0, 8.74%, 0, 0, 16, 10239.20, 5832075, 430
467, 2, 264, 367, 160, 0, 8.74%, 0, 0, 16, 10917.08, 5884107, 430
472, 2, 264, 367, 160, 0, 8.74%, 0, 0, 16, 9934.25, 5930806, 430
477, 2, 230, 367, 156, 0, 8.74%, 0, 0, 16, 11252.36, 5997590, 430
482, 2, 242, 367, 154, 0, 8.74%, 0, 0, 16, 7743.35, 6034443, 430
487, 2, 269, 367, 152, 0, 8.74%, 0, 0, 16, 7861.95, 6072991, 430
492, 2, 267, 367, 150, 0, 8.74%, 0, 0, 16, 7444.75, 6112087, 430
497, 2, 366, 367, 149, 0, 8.74%, 0, 0, 16, 495.77, 6158167, 430
503, 2, 366, 367, 149, 0, 8.74%, 0, 0, 16, 523.58, 6160897, 430
508, 2, 366, 367, 149, 0, 8.74%, 0, 0, 16, 6236.28, 6189279, 430
513, 2, 366, 367, 149, 0, 8.74%, 0, 0, 16, 6401.82, 6220775, 430
518, 2, 366, 367, 149, 0, 8.74%, 0, 0, 16, 5969.24, 6251735, 430
523, 2, 110, 367, 145, 0, 8.74%, 0, 0, 16, 9640.53, 6300987, 430
528, 2, 330, 367, 141, 0, 8.74%, 0, 0, 16, 11572.65, 6352005, 430
533, 2, 266, 367, 138, 0, 8.74%, 0, 0, 16, 11337.42, 6410776, 430
538, 2, 252, 367, 138, 0, 8.74%, 0, 0, 16, 3565.17, 6457374, 430
543, 2, 257, 367, 136, 0, 8.74%, 0, 0, 16, 9256.95, 6510328, 430
548, 2, 237, 367, 131, 0, 8.74%, 0, 0, 16, 10713.96, 6569001, 430
553, 2, 54, 367, 125, 0, 8.74%, 0, 0, 16, 13061.49, 6638563, 430
558, 2, 312, 367, 122, 0, 8.74%, 0, 0, 16, 14620.19, 6713023, 430
564, 2, 190, 367, 118, 0, 8.74%, 0, 0, 16, 13703.58, 6773542, 430
569, 2, 93, 367, 115, 0, 8.74%, 0, 0, 16, 7517.16, 6822151, 430
574, 2, 209, 367, 110, 0, 8.74%, 0, 0, 16, 10953.94, 6885671, 430
579, 2, 263, 367, 110, 0, 8.74%, 0, 0, 16, 11108.85, 6946555, 430
584, 2, 0, 367, 103, 0, 8.74%, 0, 0, 16, 17947.44, 7045017, 430
589, 2, 299, 367, 101, 0, 8.74%, 0, 0, 16, 16513.53, 7122357, 430
594, 2, 261, 367, 100, 0, 8.74%, 0, 0, 16, 13633.87, 7187464, 430
599, 2, 212, 367, 94, 0, 8.74%, 0, 0, 16, 12756.68, 7261039, 430
604, 2, 260, 367, 92, 0, 8.74%, 0, 0, 16, 11417.04, 7315461, 430
609, 2, 54, 367, 86, 0, 8.74%, 0, 0, 16, 13974.55, 7386787, 430
614, 2, 186, 367, 82, 0, 8.74%, 0, 0, 16, 16173.87, 7462527, 430
620, 2, 156, 368, 79, 0, 8.74%, 0, 0, 16, 16945.64, 7551194, 430
625, 2, 179, 368, 73, 0, 8.74%, 0, 0, 16, 15964.41, 7623633, 430
630, 2, 368, 369, 72, 0, 8.74%, 0, 0, 16, 15170.50, 7707318, 430
635, 2, 54, 370, 66, 0, 8.74%, 0, 0, 16, 16527.96, 7787303, 430
640, 3, 261, 376, 72, 0, 8.74%, 0, 0, 16, 13009.17, 7853600, 430
645, 3, 54, 376, 70, 0, 8.74%, 0, 0, 16, 13301.62, 7921346, 430
650, 3, 245, 376, 66, 0, 8.74%, 0, 0, 16, 13033.37, 7994049, 430
655, 3, 268, 376, 65, 0, 8.74%, 0, 0, 16, 10294.87, 8048232, 430
660, 3, 264, 376, 64, 0, 8.74%, 0, 0, 16, 11076.47, 8099611, 430
665, 3, 250, 376, 64, 0, 8.74%, 0, 0, 16, 10752.71, 8152962, 430
670, 3, 257, 376, 64, 0, 8.74%, 0, 0, 16, 10463.24, 8206832, 430
676, 3, 193, 376, 62, 0, 8.74%, 0, 0, 16, 17008.41, 8294515, 430
681, 3, 251, 376, 59, 0, 8.74%, 0, 0, 16, 12898.54, 8358054, 430
686, 3, 30, 376, 58, 0, 8.74%, 0, 0, 16, 14783.30, 8427477, 430
691, 3, 252, 376, 56, 0, 8.74%, 0, 0, 16, 13102.25, 8498246, 430
696, 3, 235, 376, 56, 0, 8.74%, 0, 0, 16, 13040.18, 8560919, 430
701, 3, 0, 376, 55, 0, 8.74%, 0, 0, 16, 12359.64, 8621601, 430
706, 3, 263, 376, 53, 0, 8.74%, 0, 0, 16, 13368.58, 8695285, 430
711, 3, 253, 376, 51, 0, 8.74%, 0, 0, 16, 18534.29, 8804881, 430
716, 3, 253, 376, 49, 0, 8.74%, 0, 0, 16, 16765.64, 8884934, 430
721, 3, 267, 376, 46, 0, 8.74%, 0, 0, 16, 17782.61, 8967440, 430
726, 3, 177, 376, 43, 0, 8.74%, 0, 0, 16, 13860.07, 9026087, 430
731, 3, 259, 376, 42, 0, 8.74%, 0, 0, 16, 10482.44, 9073251, 430
736, 3, 257, 376, 42, 0, 8.74%, 0, 0, 16, 15076.99, 9156447, 430
742, 3, 250, 376, 42, 0, 8.74%, 0, 0, 16, 13045.50, 9226884, 430
743, 3, 227, 376, 42, 0, 8.74%, 0, 0, 16, 11896.95, 9248603, 430
