# relative_time, cycles_done, cur_item, corpus_count, pending_total, pending_favs, map_size, saved_crashes, saved_hangs, max_depth, execs_per_sec, total_execs, edges_found
61, 0, 64, 87, 66, 13, 8.78%, 0, 0, 4, 6211.03, 347323, 506
66, 0, 64, 88, 67, 13, 8.78%, 0, 0, 4, 5951.48, 376277, 506
72, 0, 64, 89, 68, 13, 8.78%, 0, 0, 4, 6195.68, 408278, 506
77, 0, 64, 89, 68, 13, 8.78%, 0, 0, 4, 7060.12, 428285, 506
82, 0, 30, 89, 61, 7, 8.78%, 0, 0, 4, 5898.04, 456810, 506
87, 0, 90, 98, 65, 5, 9.70%, 0, 0, 6, 5773.22, 485125, 559
92, 0, 90, 106, 73, 5, 10.35%, 0, 0, 6, 6564.42, 518737, 596
97, 0, 90, 107, 74, 5, 10.38%, 0, 0, 6, 9486.16, 579342, 598
102, 0, 90, 109, 76, 5, 10.48%, 0, 0, 6, 6955.87, 609438, 604
108, 0, 90, 109, 76, 5, 10.48%, 0, 0, 6, 86.35, 637452, 604
113, 0, 103, 118, 81, 12, 11.02%, 0, 0, 7, 6302.68, 669098, 635
118, 0, 103, 137, 100, 12, 11.75%, 0, 0, 7, 11315.91, 722373, 677
124, 0, 103, 141, 104, 12, 11.89%, 0, 0, 7, 8651.78, 772111, 685
129, 0, 103, 149, 112, 12, 12.08%, 0, 0, 7, 6281.45, 801944, 696
134, 0, 140, 151, 113, 28, 12.22%, 0, 0, 8, 5683.06, 830913, 704
139, 0, 140, 154, 116, 28, 12.65%, 0, 0, 8, 6425.87, 863423, 729
144, 0, 140, 155, 117, 28, 12.67%, 0, 0, 8, 4574.92, 880805, 730
149, 0, 140, 156, 118, 28, 12.69%, 0, 0, 8, 5701.13, 909829, 731
154, 0, 140, 157, 119, 28, 12.71%, 0, 0, 8, 6241.62, 942727, 732
159, 0, 151, 168, 129, 32, 13.54%, 0, 0, 9, 5766.38, 972694, 780
164, 0, 151, 171, 132, 32, 13.80%, 0, 0, 9, 5813.88, 1001698, 795
169, 0, 151, 172, 133, 32, 13.80%, 0, 0, 9, 5957.66, 1034042, 795
171, 0, 151, 172, 133, 32, 13.80%, 1, 0, 9, 7220.06, 1045991, 795
