# relative_time, cycles_done, cur_item, corpus_count, pending_total, pending_favs, map_size, saved_crashes, saved_hangs, max_depth, execs_per_sec, total_execs, edges_found
61, 17, 7, 29, 4, 0, 4.88%, 0, 0, 3, 21234.68, 1282336, 206
66, 18, 25, 29, 4, 0, 4.88%, 0, 0, 3, 20201.19, 1384608, 206
71, 20, 7, 29, 3, 0, 4.88%, 0, 0, 3, 20655.28, 1490622, 206
76, 21, 20, 29, 3, 0, 4.88%, 0, 0, 3, 20673.70, 1596732, 206
81, 23, 7, 29, 3, 0, 4.88%, 0, 0, 3, 21214.53, 1705387, 206
86, 24, 21, 29, 3, 0, 4.88%, 0, 0, 3, 20065.72, 1806328, 206
92, 26, 13, 29, 2, 0, 4.88%, 0, 0, 3, 20873.52, 1913806, 206
97, 27, 10, 29, 2, 0, 4.88%, 0, 0, 3, 20903.60, 2022733, 206
102, 29, 7, 29, 2, 0, 4.88%, 0, 0, 3, 21324.73, 2132141, 206
107, 30, 7, 29, 2, 0, 4.88%, 0, 0, 3, 20462.70, 2238988, 206
112, 32, 7, 29, 2, 0, 4.88%, 0, 0, 3, 21049.94, 2347215, 206
117, 33, 25, 29, 2, 0, 4.88%, 0, 0, 3, 20383.51, 2453362, 206
123, 35, 7, 29, 2, 0, 4.88%, 0, 0, 3, 20958.93, 2562771, 206
128, 36, 7, 29, 2, 0, 4.88%, 0, 0, 3, 19926.85, 2666750, 206
133, 38, 7, 29, 2, 0, 4.88%, 0, 0, 3, 21251.51, 2774282, 206
138, 39, 7, 29, 2, 0, 4.88%, 0, 0, 3, 20792.22, 2882067, 206
143, 41, 7, 29, 2, 0, 4.88%, 0, 0, 3, 21119.00, 2991731, 206
148, 42, 7, 29, 2, 0, 4.88%, 0, 0, 3, 20206.63, 3094257, 206
154, 44, 13, 29, 1, 0, 4.88%, 0, 0, 3, 21107.93, 3204628, 206
159, 45, 15, 29, 1, 0, 4.88%, 0, 0, 3, 20426.92, 3309424, 206
164, 47, 25, 29, 1, 0, 4.88%, 0, 0, 3, 21140.25, 3419899, 206
169, 48, 25, 29, 1, 0, 4.88%, 0, 0, 3, 20637.87, 3521699, 206
174, 50, 15, 29, 1, 0, 4.88%, 0, 0, 3, 21124.22, 3629736, 206
179, 51, 16, 29, 1, 0, 4.88%, 0, 0, 3, 20756.43, 3732729, 206
184, 53, 25, 29, 1, 0, 4.88%, 0, 0, 3, 21129.44, 3839480, 206
189, 54, 7, 29, 1, 0, 4.88%, 0, 0, 3, 20468.71, 3940294, 206
194, 56, 25, 29, 1, 0, 4.88%, 0, 0, 3, 21029.70, 4046772, 206
199, 57, 8, 29, 1, 0, 4.88%, 0, 0, 3, 20629.01, 4152337, 206
204, 59, 25, 29, 1, 0, 4.88%, 0, 0, 3, 20962.75, 4258846, 206
209, 60, 7, 29, 1, 0, 4.88%, 0, 0, 3, 20796.81, 4361272, 206
215, 61, 19, 29, 0, 0, 4.88%, 0, 0, 3, 21289.96, 4472671, 206
220, 63, 7, 29, 0, 0, 4.88%, 0, 0, 3, 20340.97, 4575113, 206
225, 64, 21, 29, 0, 0, 4.88%, 0, 0, 3, 20891.64, 4685431, 206
230, 66, 7, 29, 0, 0, 4.88%, 0, 0, 3, 20661.27, 4790075, 206
235, 67, 25, 29, 0, 0, 4.88%, 0, 0, 3, 20477.23, 4897118, 206
240, 69, 15, 29, 0, 0, 4.88%, 0, 0, 3, 20826.26, 5003718, 206
245, 70, 25, 29, 0, 0, 4.88%, 0, 0, 3, 19891.69, 5104394, 206
251, 72, 26, 29, 0, 0, 4.88%, 0, 0, 3, 20711.81, 5211645, 206
256, 73, 7, 29, 0, 0, 4.88%, 0, 0, 3, 20563.63, 5316036, 206
261, 75, 7, 29, 0, 0, 4.88%, 0, 0, 3, 20543.07, 5420794, 206
266, 76, 26, 29, 0, 0, 4.88%, 0, 0, 3, 19994.74, 5524556, 206
271, 78, 7, 29, 0, 0, 4.88%, 0, 0, 3, 20678.83, 5632598, 206
276, 79, 8, 29, 0, 0, 4.88%, 0, 0, 3, 20222.67, 5737941, 206
281, 81, 18, 29, 0, 0, 4.88%, 0, 0, 3, 20430.75, 5838852, 206
286, 82, 7, 29, 0, 0, 4.88%, 0, 0, 3, 20407.50, 5945823, 206
292, 84, 7, 29, 0, 0, 4.88%, 0, 0, 3, 20885.11, 6051013, 206
297, 85, 20, 29, 0, 0, 4.88%, 0, 0, 3, 20624.02, 6155860, 206
302, 87, 25, 29, 0, 0, 4.88%, 0, 0, 3, 21204.14, 6262226, 206
307, 88, 7, 29, 0, 0, 4.88%, 0, 0, 3, 20137.13, 6367125, 206
312, 90, 3, 29, 0, 0, 4.88%, 0, 0, 3, 21045.61, 6473641, 206
317, 91, 8, 29, 0, 0, 4.88%, 0, 0, 3, 20629.08, 6576972, 206
322, 93, 25, 29, 0, 0, 4.88%, 0, 0, 3, 21276.34, 6686849, 206
327, 94, 7, 29, 0, 0, 4.88%, 0, 0, 3, 20110.71, 6790356, 206
332, 96, 25, 29, 0, 0, 4.88%, 0, 0, 3, 21027.50, 6899596, 206
338, 97, 7, 29, 0, 0, 4.88%, 0, 0, 3, 20222.33, 7005441, 206
343, 99, 25, 29, 0, 0, 4.88%, 0, 0, 3, 21060.19, 7112827, 206
348, 100, 21, 29, 0, 0, 4.88%, 0, 0, 3, 20253.19, 7214345, 206
353, 102, 7, 29, 0, 0, 4.88%, 0, 0, 3, 21101.24, 7324754, 206
358, 103, 25, 29, 0, 0, 4.88%, 0, 0, 3, 20659.09, 7431587, 206
363, 105, 8, 29, 0, 0, 4.88%, 0, 0, 3, 21220.82, 7542498, 206
368, 106, 19, 29, 0, 0, 4.88%, 0, 0, 3, 20635.04, 7645702, 206
373, 108, 7, 29, 0, 0, 4.88%, 0, 0, 3, 21058.46, 7755901, 206
379, 109, 27, 29, 0, 0, 4.88%, 0, 0, 3, 20721.68, 7863002, 206
384, 111, 25, 29, 0, 0, 4.88%, 0, 0, 3, 20937.46, 7972272, 206
389, 112, 24, 29, 0, 0, 4.88%, 0, 0, 3, 20461.98, 8078024, 206
394, 114, 25, 29, 0, 0, 4.88%, 0, 0, 3, 21241.26, 8187875, 206
399, 115, 25, 29, 0, 0, 4.88%, 0, 0, 3, 20684.18, 8292806, 206
405, 117, 27, 29, 0, 0, 4.88%, 0, 0, 3, 21202.40, 8403082, 206
410, 118, 20, 29, 0, 0, 4.88%, 0, 0, 3, 20957.24, 8506700, 206
415, 120, 6, 29, 0, 0, 4.88%, 0, 0, 3, 21115.55, 8612448, 206
420, 121, 20, 29, 0, 0, 4.88%, 0, 0, 3, 20706.76, 8715494, 206
425, 123, 7, 29, 0, 0, 4.88%, 0, 0, 3, 20650.37, 8823517, 206
430, 124, 25, 29, 0, 0, 4.88%, 0, 0, 3, 20422.47, 8929707, 206
435, 126, 7, 29, 0, 0, 4.88%, 0, 0, 3, 20694.23, 9037090, 206
440, 127, 24, 29, 0, 0, 4.88%, 0, 0, 3, 20756.27, 9143730, 206
445, 129, 21, 29, 0, 0, 4.88%, 0, 0, 3, 20204.50, 9247562, 206
451, 130, 7, 29, 0, 0, 4.88%, 0, 0, 3, 20728.08, 9352952, 206
456, 132, 24, 29, 0, 0, 4.88%, 0, 0, 3, 20411.72, 9456724, 206
461, 133, 8, 29, 0, 0, 4.88%, 0, 0, 3, 20763.63, 9564291, 206
466, 134, 8, 29, 0, 0, 4.88%, 0, 0, 3, 20213.37, 9666793, 206
471, 136, 13, 29, 0, 0, 4.88%, 0, 0, 3, 20908.75, 9774810, 206
476, 137, 16, 29, 0, 0, 4.88%, 0, 0, 3, 20457.23, 9879145, 206
481, 139, 7, 29, 0, 0, 4.88%, 0, 0, 3, 20826.14, 9986544, 206
486, 140, 7, 29, 0, 0, 4.88%, 0, 0, 3, 20636.29, 10094368, 206
491, 142, 27, 29, 0, 0, 4.88%, 0, 0, 3, 21056.32, 10202689, 206
496, 143, 13, 29, 0, 0, 4.88%, 0, 0, 3, 20832.49, 10307880, 206
502, 145, 7, 29, 0, 0, 4.88%, 0, 0, 3, 20947.06, 10415558, 206
507, 146, 15, 29, 0, 0, 4.88%, 0, 0, 3, 20562.19, 10521807, 206
512, 148, 7, 29, 0, 0, 4.88%, 0, 0, 3, 20954.25, 10630222, 206
517, 149, 25, 29, 0, 0, 4.88%, 0, 0, 3, 20575.45, 10734402, 206
522, 151, 13, 29, 0, 0, 4.88%, 0, 0, 3, 20915.62, 10842778, 206
527, 152, 25, 29, 0, 0, 4.88%, 0, 0, 3, 20300.67, 10948564, 206
532, 154, 27, 29, 0, 0, 4.88%, 0, 0, 3, 20948.61, 11054272, 206
538, 155, 7, 29, 0, 0, 4.88%, 0, 0, 3, 20492.07, 11157855, 206
543, 157, 7, 29, 0, 0, 4.88%, 0, 0, 3, 20882.85, 11263425, 206
548, 158, 13, 29, 0, 0, 4.88%, 0, 0, 3, 20104.70, 11363036, 206
553, 160, 26, 29, 0, 0, 4.88%, 0, 0, 3, 20907.09, 11469104, 206
558, 161, 7, 29, 0, 0, 4.88%, 0, 0, 3, 20320.56, 11572227, 206
563, 163, 13, 29, 0, 0, 4.88%, 0, 0, 3, 20804.45, 11677736, 206
568, 164, 7, 29, 0, 0, 4.88%, 0, 0, 3, 20186.97, 11778564, 206
573, 165, 25, 29, 0, 0, 4.88%, 0, 0, 3, 20807.95, 11883926, 206
578, 167, 7, 29, 0, 0, 4.88%, 0, 0, 3, 20097.95, 11987940, 206
583, 168, 18, 29, 0, 0, 4.88%, 0, 0, 3, 21041.81, 12098435, 206
588, 170, 9, 29, 0, 0, 4.88%, 0, 0, 3, 20522.84, 12200901, 206
593, 171, 25, 29, 0, 0, 4.88%, 0, 0, 3, 21163.40, 12307614, 206
598, 173, 7, 29, 0, 0, 4.88%, 0, 0, 3, 20458.05, 12412927, 206
603, 175, 7, 29, 0, 0, 4.88%, 0, 0, 3, 20821.84, 12518857, 206
608, 176, 7, 29, 0, 0, 4.88%, 0, 0, 3, 20428.14, 12620534, 206
613, 177, 7, 29, 0, 0, 4.88%, 0, 0, 3, 21029.31, 12726241, 206
619, 179, 8, 29, 0, 0, 4.88%, 0, 0, 3, 20423.16, 12830850, 206
624, 180, 7, 29, 0, 0, 4.88%, 0, 0, 3, 21055.22, 12941521, 206
629, 182, 8, 29, 0, 0, 4.88%, 0, 0, 3, 20540.16, 13046314, 206
634, 183, 3, 29, 0, 0, 4.88%, 0, 0, 3, 21177.11, 13153151, 206
639, 185, 25, 29, 0, 0, 4.88%, 0, 0, 3, 20383.78, 13256774, 206
644, 186, 25, 29, 0, 0, 4.88%, 0, 0, 3, 21052.39, 13366443, 206
649, 188, 10, 29, 0, 0, 4.88%, 0, 0, 3, 20518.39, 13467608, 206
655, 189, 24, 29, 0, 0, 4.88%, 0, 0, 3, 21191.85, 13578906, 206
660, 191, 7, 29, 0, 0, 4.88%, 0, 0, 3, 20952.93, 13681960, 206
665, 192, 8, 29, 0, 0, 4.88%, 0, 0, 3, 21237.26, 13789097, 206
670, 194, 7, 29, 0, 0, 4.88%, 0, 0, 3, 20719.38, 13889911, 206
675, 195, 7, 29, 0, 0, 4.88%, 0, 0, 3, 21051.98, 13995143, 206
680, 197, 2, 29, 0, 0, 4.88%, 0, 0, 3, 20334.38, 14093784, 206
685, 198, 7, 29, 0, 0, 4.88%, 0, 0, 3, 20704.03, 14198800, 206
690, 200, 7, 29, 0, 0, 4.88%, 0, 0, 3, 20438.91, 14302704, 206
695, 201, 6, 29, 0, 0, 4.88%, 0, 0, 3, 20675.98, 14410964, 206
700, 203, 7, 29, 0, 0, 4.88%, 0, 0, 3, 20740.67, 14514545, 206
705, 204, 21, 29, 0, 0, 4.88%, 0, 0, 3, 20486.63, 14617873, 206
710, 206, 7, 29, 0, 0, 4.88%, 0, 0, 3, 20632.24, 14720574, 206
715, 207, 7, 29, 0, 0, 4.88%, 0, 0, 3, 20546.48, 14824886, 206
720, 208, 7, 29, 0, 0, 4.88%, 0, 0, 3, 20533.08, 14929049, 206
725, 210, 25, 29, 0, 0, 4.88%, 0, 0, 3, 20521.34, 15037631, 206
731, 211, 7, 29, 0, 0, 4.88%, 0, 0, 3, 20655.80, 15144167, 206
736, 213, 7, 29, 0, 0, 4.88%, 0, 0, 3, 20495.08, 15248863, 206
741, 214, 21, 29, 0, 0, 4.88%, 0, 0, 3, 20944.49, 15357954, 206
746, 216, 25, 29, 0, 0, 4.88%, 0, 0, 3, 19422.95, 15456459, 206
751, 217, 7, 29, 0, 0, 4.88%, 0, 0, 3, 20569.51, 15560117, 206
756, 219, 27, 29, 0, 0, 4.88%, 0, 0, 3, 20649.60, 15668773, 206
761, 220, 27, 29, 0, 0, 4.88%, 0, 0, 3, 20793.09, 15775416, 206
766, 222, 25, 29, 0, 0, 4.88%, 0, 0, 3, 20246.73, 15878166, 206
772, 223, 7, 29, 0, 0, 4.88%, 0, 0, 3, 20999.04, 15986471, 206
777, 225, 7, 29, 0, 0, 4.88%, 0, 0, 3, 20381.22, 16089358, 206
782, 226, 7, 29, 0, 0, 4.88%, 0, 0, 3, 20755.29, 16196689, 206
787, 228, 7, 29, 0, 0, 4.88%, 0, 0, 3, 20099.03, 16296493, 206
792, 229, 8, 29, 0, 0, 4.88%, 0, 0, 3, 20994.27, 16402879, 206
797, 231, 7, 29, 0, 0, 4.88%, 0, 0, 3, 20576.02, 16510133, 206
802, 232, 9, 29, 0, 0, 4.88%, 0, 0, 3, 20849.74, 16614333, 206
807, 234, 7, 29, 0, 0, 4.88%, 0, 0, 3, 20298.46, 16718999, 206
812, 235, 7, 29, 0, 0, 4.88%, 0, 0, 3, 20962.91, 16827932, 206
818, 237, 21, 29, 0, 0, 4.88%, 0, 0, 3, 20292.82, 16933766, 206
823, 238, 8, 29, 0, 0, 4.88%, 0, 0, 3, 20831.77, 17042540, 206
828, 240, 27, 29, 0, 0, 4.88%, 0, 0, 3, 20570.82, 17149593, 206
833, 241, 7, 29, 0, 0, 4.88%, 0, 0, 3, 20970.79, 17259282, 206
838, 243, 7, 29, 0, 0, 4.88%, 0, 0, 3, 20342.20, 17360491, 206
843, 244, 25, 29, 0, 0, 4.88%, 0, 0, 3, 20886.60, 17465913, 206
848, 245, 9, 29, 0, 0, 4.88%, 0, 0, 3, 20254.81, 17566611, 206
853, 247, 15, 29, 0, 0, 4.88%, 0, 0, 3, 20886.18, 17675717, 206
859, 248, 2, 29, 0, 0, 4.88%, 0, 0, 3, 20481.54, 17780420, 206
864, 250, 24, 29, 0, 0, 4.88%, 0, 0, 3, 21097.88, 17887281, 206
869, 251, 10, 29, 0, 0, 4.88%, 0, 0, 3, 20287.76, 17985595, 206
874, 253, 7, 29, 0, 0, 4.88%, 0, 0, 3, 20787.49, 18090730, 206
879, 254, 2, 29, 0, 0, 4.88%, 0, 0, 3, 20010.50, 18192575, 206
884, 256, 10, 29, 0, 0, 4.88%, 0, 0, 3, 21041.86, 18299401, 206
889, 257, 15, 29, 0, 0, 4.88%, 0, 0, 3, 20522.59, 18404391, 206
894, 259, 7, 29, 0, 0, 4.88%, 0, 0, 3, 21074.44, 18514071, 206
899, 260, 7, 29, 0, 0, 4.88%, 0, 0, 3, 20602.40, 18616246, 206
904, 262, 7, 29, 0, 0, 4.88%, 0, 0, 3, 21113.69, 18722770, 206
909, 263, 18, 29, 0, 0, 4.88%, 0, 0, 3, 20583.88, 18824175, 206
914, 265, 6, 29, 0, 0, 4.88%, 0, 0, 3, 21089.23, 18933940, 206
920, 266, 7, 29, 0, 0, 4.88%, 0, 0, 3, 20288.45, 19036759, 206
925, 268, 7, 29, 0, 0, 4.88%, 0, 0, 3, 20492.35, 19145224, 206
930, 269, 26, 29, 0, 0, 4.88%, 0, 0, 3, 20215.26, 19249094, 206
935, 271, 7, 29, 0, 0, 4.88%, 0, 0, 3, 20725.34, 19358249, 206
940, 272, 7, 29, 0, 0, 4.88%, 0, 0, 3, 20659.05, 19463959, 206
946, 274, 27, 29, 0, 0, 4.88%, 0, 0, 3, 20407.24, 19570470, 206
951, 275, 7, 29, 0, 0, 4.88%, 0, 0, 3, 20536.78, 19675483, 206
956, 277, 6, 29, 0, 0, 4.88%, 0, 0, 3, 20306.16, 19782619, 206
961, 278, 19, 29, 0, 0, 4.88%, 0, 0, 3, 20801.72, 19886927, 206
966, 279, 8, 29, 0, 0, 4.88%, 0, 0, 3, 19673.94, 19988848, 206
971, 281, 7, 29, 0, 0, 4.88%, 0, 0, 3, 20672.71, 20096311, 206
976, 282, 18, 29, 0, 0, 4.88%, 0, 0, 3, 20471.60, 20203736, 206
981, 284, 25, 29, 0, 0, 4.88%, 0, 0, 3, 20789.69, 20307346, 206
987, 285, 25, 29, 0, 0, 4.88%, 0, 0, 3, 20113.69, 20410885, 206
992, 287, 6, 29, 0, 0, 4.88%, 0, 0, 3, 20977.71, 20520385, 206
997, 288, 20, 29, 0, 0, 4.88%, 0, 0, 3, 20091.77, 20622129, 206
1002, 290, 13, 29, 0, 0, 4.88%, 0, 0, 3, 20785.97, 20726907, 206
1007, 291, 18, 29, 0, 0, 4.88%, 0, 0, 3, 20027.41, 20831082, 206
1012, 293, 26, 29, 0, 0, 4.88%, 0, 0, 3, 20807.82, 20938885, 206
1017, 294, 26, 29, 0, 0, 4.88%, 0, 0, 3, 20185.66, 21040305, 206
1022, 296, 19, 29, 0, 0, 4.88%, 0, 0, 3, 20930.26, 21149219, 206
1027, 297, 19, 29, 0, 0, 4.88%, 0, 0, 3, 20037.95, 21250410, 206
1033, 299, 7, 29, 0, 0, 4.88%, 0, 0, 3, 20988.25, 21360288, 206
1038, 300, 21, 29, 0, 0, 4.88%, 0, 0, 3, 19902.97, 21464108, 206
1043, 302, 7, 29, 0, 0, 4.88%, 0, 0, 3, 21134.96, 21574987, 206
1048, 303, 15, 29, 0, 0, 4.88%, 0, 0, 3, 20260.49, 21677589, 206
1053, 305, 2, 29, 0, 0, 4.88%, 0, 0, 3, 21171.32, 21783919, 206
1058, 306, 6, 29, 0, 0, 4.88%, 0, 0, 3, 20673.86, 21887985, 206
1063, 308, 15, 29, 0, 0, 4.88%, 0, 0, 3, 21209.84, 21996548, 206
1068, 309, 10, 29, 0, 0, 4.88%, 0, 0, 3, 20390.58, 22098096, 206
1074, 311, 7, 29, 0, 0, 4.88%, 0, 0, 3, 21000.34, 22207877, 206
1079, 312, 7, 29, 0, 0, 4.88%, 0, 0, 3, 20556.20, 22312512, 206
1084, 314, 2, 29, 0, 0, 4.88%, 0, 0, 3, 21105.80, 22421458, 206
1089, 315, 15, 29, 0, 0, 4.88%, 0, 0, 3, 20502.21, 22525170, 206
1094, 317, 7, 29, 0, 0, 4.88%, 0, 0, 3, 21138.91, 22635495, 206
1099, 318, 7, 29, 0, 0, 4.88%, 0, 0, 3, 20344.99, 22735396, 206
1104, 320, 7, 29, 0, 0, 4.88%, 0, 0, 3, 20565.69, 22840575, 206
1110, 321, 7, 29, 0, 0, 4.88%, 0, 0, 3, 20568.85, 22945766, 206
1115, 323, 7, 29, 0, 0, 4.88%, 0, 0, 3, 20763.35, 23054746, 206
1120, 324, 13, 29, 0, 0, 4.88%, 0, 0, 3, 20434.55, 23154616, 206
1125, 325, 18, 29, 0, 0, 4.88%, 0, 0, 3, 21063.47, 23261252, 206
1130, 327, 7, 29, 0, 0, 4.88%, 0, 0, 3, 20446.05, 23365318, 206
1135, 328, 7, 29, 0, 0, 4.88%, 0, 0, 3, 20475.88, 23470010, 206
1140, 330, 13, 29, 0, 0, 4.88%, 0, 0, 3, 20637.08, 23575775, 206
1145, 331, 7, 29, 0, 0, 4.88%, 0, 0, 3, 19660.60, 23679640, 206
1150, 333, 16, 29, 0, 0, 4.88%, 0, 0, 3, 20545.19, 23786180, 206
1155, 334, 27, 29, 0, 0, 4.88%, 0, 0, 3, 20490.69, 23890274, 206
1161, 336, 19, 29, 0, 0, 4.88%, 0, 0, 3, 20672.62, 23992544, 206
1166, 337, 7, 29, 0, 0, 4.88%, 0, 0, 3, 19998.57, 24098200, 206
1171, 338, 8, 29, 0, 0, 4.88%, 0, 0, 3, 20197.99, 24198584, 206
1176, 340, 7, 29, 0, 0, 4.88%, 0, 0, 3, 20317.58, 24306199, 206
1181, 342, 7, 29, 0, 0, 4.88%, 0, 0, 3, 20794.39, 24410421, 206
1186, 343, 27, 29, 0, 0, 4.88%, 0, 0, 3, 20446.61, 24517814, 206
1191, 344, 7, 29, 0, 0, 4.88%, 0, 0, 3, 20658.65, 24622500, 206
1197, 346, 7, 29, 0, 0, 4.88%, 0, 0, 3, 20214.23, 24728516, 206
1202, 347, 16, 29, 0, 0, 4.88%, 0, 0, 3, 20743.36, 24832658, 206
1207, 349, 7, 29, 0, 0, 4.88%, 0, 0, 3, 20029.54, 24937160, 206
1212, 350, 20, 29, 0, 0, 4.88%, 0, 0, 3, 20791.17, 25045378, 206
1217, 352, 7, 29, 0, 0, 4.88%, 0, 0, 3, 20400.79, 25148911, 206
1222, 353, 20, 29, 0, 0, 4.88%, 0, 0, 3, 20924.09, 25256644, 206
1227, 355, 8, 29, 0, 0, 4.88%, 0, 0, 3, 19680.75, 25358953, 206
1232, 356, 16, 29, 0, 0, 4.88%, 0, 0, 3, 20657.64, 25463756, 206
1238, 358, 25, 29, 0, 0, 4.88%, 0, 0, 3, 19870.51, 25567686, 206
1243, 359, 7, 29, 0, 0, 4.88%, 0, 0, 3, 20720.25, 25672697, 206
1248, 361, 8, 29, 0, 0, 4.88%, 0, 0, 3, 20168.68, 25774409, 206
1253, 362, 16, 29, 0, 0, 4.88%, 0, 0, 3, 20802.26, 25878943, 206
1258, 364, 7, 29, 0, 0, 4.88%, 0, 0, 3, 20156.28, 25983371, 206
1263, 365, 7, 29, 0, 0, 4.88%, 0, 0, 3, 20841.06, 26092083, 206
1268, 367, 7, 29, 0, 0, 4.88%, 0, 0, 3, 20189.97, 26196359, 206
1273, 368, 20, 29, 0, 0, 4.88%, 0, 0, 3, 21039.66, 26304187, 206
1278, 369, 2, 29, 0, 0, 4.88%, 0, 0, 3, 19868.95, 26405675, 206
1283, 371, 25, 29, 0, 0, 4.88%, 0, 0, 3, 21028.50, 26512384, 206
1288, 372, 7, 29, 0, 0, 4.88%, 0, 0, 3, 20336.83, 26612538, 206
1293, 374, 6, 29, 0, 0, 4.88%, 0, 0, 3, 21083.46, 26719436, 206
1298, 375, 7, 29, 0, 0, 4.88%, 0, 0, 3, 20632.70, 26821931, 206
1303, 377, 10, 29, 0, 0, 4.88%, 0, 0, 3, 21110.26, 26928414, 206
1309, 378, 6, 29, 0, 0, 4.88%, 0, 0, 3, 20049.27, 27027716, 206
1314, 380, 27, 29, 0, 0, 4.88%, 0, 0, 3, 20880.66, 27133297, 206
1319, 381, 7, 29, 0, 0, 4.88%, 0, 0, 3, 20846.31, 27237122, 206
1324, 383, 8, 29, 0, 0, 4.88%, 0, 0, 3, 20857.80, 27342886, 206
1329, 384, 6, 29, 0, 0, 4.88%, 0, 0, 3, 20446.54, 27445305, 206
1334, 386, 7, 29, 0, 0, 4.88%, 0, 0, 3, 21034.53, 27551107, 206
1339, 387, 9, 29, 0, 0, 4.88%, 0, 0, 3, 20737.42, 27658586, 206
1344, 389, 7, 29, 0, 0, 4.88%, 0, 0, 3, 21089.19, 27768622, 206
1349, 390, 7, 29, 0, 0, 4.88%, 0, 0, 3, 20304.50, 27868330, 206
1354, 392, 3, 29, 0, 0, 4.88%, 0, 0, 3, 21129.26, 27978277, 206
1359, 393, 15, 29, 0, 0, 4.88%, 0, 0, 3, 20355.52, 28078608, 206
1364, 395, 15, 29, 0, 0, 4.88%, 0, 0, 3, 21091.30, 28188636, 206
1370, 396, 7, 29, 0, 0, 4.88%, 0, 0, 3, 20504.13, 28293004, 206
1375, 398, 25, 29, 0, 0, 4.88%, 0, 0, 3, 20804.46, 28402917, 206
1380, 399, 7, 29, 0, 0, 4.88%, 0, 0, 3, 20840.41, 28511066, 206
1385, 401, 7, 29, 0, 0, 4.88%, 0, 0, 3, 20783.77, 28616940, 206
1390, 402, 7, 29, 0, 0, 4.88%, 0, 0, 3, 20801.77, 28723622, 206
1395, 403, 7, 29, 0, 0, 4.88%, 0, 0, 3, 20648.49, 28831466, 206
1401, 405, 19, 29, 0, 0, 4.88%, 0, 0, 3, 20523.32, 28936278, 206
1406, 406, 7, 29, 0, 0, 4.88%, 0, 0, 3, 20355.76, 29040413, 206
1411, 408, 7, 29, 0, 0, 4.88%, 0, 0, 3, 20757.72, 29144483, 206
1416, 409, 16, 29, 0, 0, 4.88%, 0, 0, 3, 20813.94, 29253169, 206
1421, 411, 3, 29, 0, 0, 4.88%, 0, 0, 3, 21095.80, 29359117, 206
1426, 412, 27, 29, 0, 0, 4.88%, 0, 0, 3, 20544.96, 29466283, 206
1431, 414, 18, 29, 0, 0, 4.88%, 0, 0, 3, 21023.65, 29575189, 206
1436, 415, 7, 29, 0, 0, 4.88%, 0, 0, 3, 20432.36, 29679318, 206
1442, 417, 9, 29, 0, 0, 4.88%, 0, 0, 3, 20848.36, 29786472, 206
1447, 418, 7, 29, 0, 0, 4.88%, 0, 0, 3, 20069.11, 29890542, 206
1452, 420, 21, 29, 0, 0, 4.88%, 0, 0, 3, 20980.34, 29996324, 206
1457, 421, 27, 29, 0, 0, 4.88%, 0, 0, 3, 20717.38, 30100849, 206
1462, 423, 7, 29, 0, 0, 4.88%, 0, 0, 3, 21180.86, 30207832, 206
1467, 424, 7, 29, 0, 0, 4.88%, 0, 0, 3, 19725.02, 30310104, 206
1472, 426, 15, 29, 0, 0, 4.88%, 0, 0, 3, 20909.80, 30419312, 206
1477, 427, 15, 29, 0, 0, 4.88%, 0, 0, 3, 20396.21, 30526574, 206
1483, 429, 7, 29, 0, 0, 4.88%, 0, 0, 3, 20965.79, 30636129, 206
1488, 430, 7, 29, 0, 0, 4.88%, 0, 0, 3, 20498.65, 30744133, 206
1493, 432, 25, 29, 0, 0, 4.88%, 0, 0, 3, 21049.65, 30854406, 206
1498, 433, 7, 29, 0, 0, 4.88%, 0, 0, 3, 20757.41, 30958536, 206
1503, 435, 25, 29, 0, 0, 4.88%, 0, 0, 3, 21279.63, 31065575, 206
1508, 436, 25, 29, 0, 0, 4.88%, 0, 0, 3, 20177.41, 31164030, 206
1513, 438, 27, 29, 0, 0, 4.88%, 0, 0, 3, 21159.60, 31270659, 206
1518, 439, 7, 29, 0, 0, 4.88%, 0, 0, 3, 20866.36, 31375265, 206
1523, 441, 7, 29, 0, 0, 4.88%, 0, 0, 3, 21441.51, 31483553, 206
1528, 442, 7, 29, 0, 0, 4.88%, 0, 0, 3, 20157.53, 31586222, 206
1533, 444, 19, 29, 0, 0, 4.88%, 0, 0, 3, 21032.92, 31696344, 206
1539, 445, 7, 29, 0, 0, 4.88%, 0, 0, 3, 20898.35, 31804014, 206
1544, 447, 7, 29, 0, 0, 4.88%, 0, 0, 3, 21148.27, 31910807, 206
1549, 448, 13, 29, 0, 0, 4.88%, 0, 0, 3, 20842.56, 32015110, 206
1554, 450, 8, 29, 0, 0, 4.88%, 0, 0, 3, 21452.56, 32123323, 206
1559, 451, 13, 29, 0, 0, 4.88%, 0, 0, 3, 20713.71, 32228306, 206
1564, 453, 19, 29, 0, 0, 4.88%, 0, 0, 3, 21549.98, 32340505, 206
1569, 454, 7, 29, 0, 0, 4.88%, 0, 0, 3, 20588.35, 32441135, 206
1574, 456, 19, 29, 0, 0, 4.88%, 0, 0, 3, 21448.30, 32550133, 206
1579, 457, 7, 29, 0, 0, 4.88%, 0, 0, 3, 21129.57, 32657154, 206
1584, 459, 25, 29, 0, 0, 4.88%, 0, 0, 3, 21390.38, 32769555, 206
1589, 460, 7, 29, 0, 0, 4.88%, 0, 0, 3, 20629.57, 32869575, 206
1594, 462, 7, 29, 0, 0, 4.88%, 0, 0, 3, 21137.14, 32975986, 206
1599, 463, 2, 29, 0, 0, 4.88%, 0, 0, 3, 20830.75, 33078518, 206
1604, 465, 24, 29, 0, 0, 4.88%, 0, 0, 3, 21357.94, 33186935, 206
1609, 466, 18, 29, 0, 0, 4.88%, 0, 0, 3, 20681.40, 33287776, 206
1615, 468, 25, 29, 0, 0, 4.88%, 0, 0, 3, 21466.30, 33399300, 206
1620, 469, 7, 29, 0, 0, 4.88%, 0, 0, 3, 20967.40, 33505574, 206
1625, 471, 7, 29, 0, 0, 4.88%, 0, 0, 3, 21108.97, 33612497, 206
1630, 472, 7, 29, 0, 0, 4.88%, 0, 0, 3, 20970.19, 33720244, 206
1635, 474, 27, 29, 0, 0, 4.88%, 0, 0, 3, 21250.75, 33827119, 206
1640, 475, 26, 29, 0, 0, 4.88%, 0, 0, 3, 20919.85, 33934350, 206
1645, 477, 7, 29, 0, 0, 4.88%, 0, 0, 3, 20370.03, 34041640, 206
1650, 478, 13, 29, 0, 0, 4.88%, 0, 0, 3, 20323.87, 34142481, 206
1655, 479, 7, 29, 0, 0, 4.88%, 0, 0, 3, 20632.43, 34248287, 206
1661, 481, 7, 29, 0, 0, 4.88%, 0, 0, 3, 20948.89, 34352693, 206
1666, 482, 7, 29, 0, 0, 4.88%, 0, 0, 3, 20787.32, 34457186, 206
1671, 484, 24, 29, 0, 0, 4.88%, 0, 0, 3, 20779.06, 34564591, 206
1676, 485, 21, 29, 0, 0, 4.88%, 0, 0, 3, 20901.18, 34673795, 206
1681, 487, 21, 29, 0, 0, 4.88%, 0, 0, 3, 21270.57, 34780361, 206
1686, 488, 7, 29, 0, 0, 4.88%, 0, 0, 3, 20188.97, 34881169, 206
1691, 490, 25, 29, 0, 0, 4.88%, 0, 0, 3, 20967.64, 34989525, 206
1696, 491, 7, 29, 0, 0, 4.88%, 0, 0, 3, 20589.25, 35097394, 206
1701, 493, 7, 29, 0, 0, 4.88%, 0, 0, 3, 21273.56, 35207655, 206
1706, 494, 10, 29, 0, 0, 4.88%, 0, 0, 3, 20123.31, 35308675, 206
1712, 496, 25, 29, 0, 0, 4.88%, 0, 0, 3, 21277.98, 35419672, 206
1717, 497, 25, 29, 0, 0, 4.88%, 0, 0, 3, 20492.94, 35526291, 206
1722, 499, 25, 29, 0, 0, 4.88%, 0, 0, 3, 21278.34, 35632307, 206
1727, 500, 26, 29, 0, 0, 4.88%, 0, 0, 3, 20859.62, 35737641, 206
1732, 502, 25, 29, 0, 0, 4.88%, 0, 0, 3, 21242.58, 35844136, 206
1737, 503, 13, 29, 0, 0, 4.88%, 0, 0, 3, 20615.06, 35951462, 206
1742, 505, 8, 29, 0, 0, 4.88%, 0, 0, 3, 21252.38, 36058721, 206
1747, 506, 7, 29, 0, 0, 4.88%, 0, 0, 3, 20104.70, 36162122, 206
1753, 508, 26, 29, 0, 0, 4.88%, 0, 0, 3, 21176.75, 36273009, 206
1758, 509, 7, 29, 0, 0, 4.88%, 0, 0, 3, 19859.20, 36376415, 206
1763, 511, 7, 29, 0, 0, 4.88%, 0, 0, 3, 20953.64, 36482603, 206
1768, 512, 7, 29, 0, 0, 4.88%, 0, 0, 3, 20364.16, 36587904, 206
1773, 514, 20, 29, 0, 0, 4.88%, 0, 0, 3, 21546.81, 36700123, 206
1778, 515, 7, 29, 0, 0, 4.88%, 0, 0, 3, 20714.13, 36805887, 206
1783, 517, 2, 29, 0, 0, 4.88%, 0, 0, 3, 21529.70, 36919193, 206
1788, 518, 7, 29, 0, 0, 4.88%, 0, 0, 3, 20425.89, 37020630, 206
1794, 520, 25, 29, 0, 0, 4.88%, 0, 0, 3, 21370.12, 37129812, 206
1799, 521, 25, 29, 0, 0, 4.88%, 0, 0, 3, 20843.38, 37234056, 206
1804, 523, 27, 29, 0, 0, 4.88%, 0, 0, 3, 21482.54, 37342410, 206
1809, 524, 7, 29, 0, 0, 4.88%, 0, 0, 3, 20907.93, 37449998, 206
1814, 526, 7, 29, 0, 0, 4.88%, 0, 0, 3, 21623.20, 37558419, 206
1819, 527, 25, 29, 0, 0, 4.88%, 0, 0, 3, 20601.47, 37659871, 206
1824, 529, 7, 29, 0, 0, 4.88%, 0, 0, 3, 21241.45, 37771913, 206
1829, 530, 7, 29, 0, 0, 4.88%, 0, 0, 3, 20866.51, 37877303, 206
1834, 532, 25, 29, 0, 0, 4.88%, 0, 0, 3, 21484.77, 37986451, 206
1840, 533, 7, 29, 0, 0, 4.88%, 0, 0, 3, 20930.33, 38093289, 206
1845, 535, 9, 29, 0, 0, 4.88%, 0, 0, 3, 21258.21, 38204316, 206
1850, 536, 9, 29, 0, 0, 4.88%, 0, 0, 3, 20945.17, 38307177, 206
1855, 538, 15, 29, 0, 0, 4.88%, 0, 0, 3, 21008.06, 38417844, 206
1860, 539, 7, 29, 0, 0, 4.88%, 0, 0, 3, 21365.46, 38527527, 206
1865, 541, 25, 29, 0, 0, 4.88%, 0, 0, 3, 20463.11, 38631413, 206
1870, 542, 7, 29, 0, 0, 4.88%, 0, 0, 3, 21366.64, 38741199, 206
1876, 544, 2, 29, 0, 0, 4.88%, 0, 0, 3, 21282.67, 38853974, 206
1881, 546, 7, 29, 0, 0, 4.88%, 0, 0, 3, 21350.62, 38962911, 206
1886, 547, 8, 29, 0, 0, 4.88%, 0, 0, 3, 20247.21, 39065400, 206
1891, 549, 7, 29, 0, 0, 4.88%, 0, 0, 3, 21037.79, 39172377, 206
1896, 550, 19, 29, 0, 0, 4.88%, 0, 0, 3, 20948.16, 39282457, 206
1901, 552, 20, 29, 0, 0, 4.88%, 0, 0, 3, 21341.33, 39392622, 206
1906, 553, 8, 29, 0, 0, 4.88%, 0, 0, 3, 20927.40, 39502412, 206
1911, 555, 15, 29, 0, 0, 4.88%, 0, 0, 3, 21408.43, 39608406, 206
1917, 556, 7, 29, 0, 0, 4.88%, 0, 0, 3, 20950.01, 39715392, 206
1922, 558, 7, 29, 0, 0, 4.88%, 0, 0, 3, 21295.55, 39825842, 206
1927, 559, 7, 29, 0, 0, 4.88%, 0, 0, 3, 20552.37, 39929617, 206
1932, 561, 26, 29, 0, 0, 4.88%, 0, 0, 3, 21065.12, 40035474, 206
1937, 562, 7, 29, 0, 0, 4.88%, 0, 0, 3, 20186.60, 40141293, 206
1942, 564, 7, 29, 0, 0, 4.88%, 0, 0, 3, 21104.24, 40250940, 206
1947, 565, 19, 29, 0, 0, 4.88%, 0, 0, 3, 20430.56, 40356698, 206
1953, 567, 10, 29, 0, 0, 4.88%, 0, 0, 3, 20982.08, 40466471, 206
1958, 568, 13, 29, 0, 0, 4.88%, 0, 0, 3, 20241.91, 40569040, 206
1963, 570, 27, 29, 0, 0, 4.88%, 0, 0, 3, 21315.67, 40676617, 206
1968, 571, 18, 29, 0, 0, 4.88%, 0, 0, 3, 20237.42, 40777522, 206
1973, 573, 10, 29, 0, 0, 4.88%, 0, 0, 3, 21545.58, 40886930, 206
1978, 574, 20, 29, 0, 0, 4.88%, 0, 0, 3, 20813.27, 40991750, 206
1983, 576, 7, 29, 0, 0, 4.88%, 0, 0, 3, 21468.45, 41103967, 206
1988, 577, 7, 29, 0, 0, 4.88%, 0, 0, 3, 20137.65, 41203932, 206
1993, 579, 7, 29, 0, 0, 4.88%, 0, 0, 3, 21338.58, 41316824, 206
1998, 580, 7, 29, 0, 0, 4.88%, 0, 0, 3, 20464.01, 41421926, 206
2003, 582, 7, 29, 0, 0, 4.88%, 0, 0, 3, 21723.01, 41536250, 206
2008, 583, 15, 29, 0, 0, 4.88%, 0, 0, 3, 20210.62, 41634676, 206
2014, 585, 7, 29, 0, 0, 4.88%, 0, 0, 3, 21492.37, 41748206, 206
2019, 586, 7, 29, 0, 0, 4.88%, 0, 0, 3, 20711.29, 41851297, 206
2024, 588, 7, 29, 0, 0, 4.88%, 0, 0, 3, 21307.78, 41962841, 206
2029, 589, 25, 29, 0, 0, 4.88%, 0, 0, 3, 20504.11, 42067218, 206
2034, 591, 3, 29, 0, 0, 4.88%, 0, 0, 3, 21321.00, 42179144, 206
2039, 592, 7, 29, 0, 0, 4.88%, 0, 0, 3, 21062.26, 42286510, 206
2044, 594, 25, 29, 0, 0, 4.88%, 0, 0, 3, 20725.13, 42391119, 206
2050, 595, 27, 29, 0, 0, 4.88%, 0, 0, 3, 20859.59, 42495544, 206
2055, 597, 7, 29, 0, 0, 4.88%, 0, 0, 3, 21572.40, 42608053, 206
2060, 598, 18, 29, 0, 0, 4.88%, 0, 0, 3, 20947.61, 42713731, 206
2065, 600, 16, 29, 0, 0, 4.88%, 0, 0, 3, 20442.21, 42822111, 206
2070, 601, 25, 29, 0, 0, 4.88%, 0, 0, 3, 20855.72, 42928942, 206
2075, 603, 10, 29, 0, 0, 4.88%, 0, 0, 3, 20967.33, 43035714, 206
2080, 604, 25, 29, 0, 0, 4.88%, 0, 0, 3, 21314.23, 43141593, 206
2085, 606, 7, 29, 0, 0, 4.88%, 0, 0, 3, 20930.69, 43248014, 206
2091, 607, 15, 29, 0, 0, 4.88%, 0, 0, 3, 21516.13, 43358381, 206
2096, 609, 21, 29, 0, 0, 4.88%, 0, 0, 3, 20967.13, 43468442, 206
2101, 610, 16, 29, 0, 0, 4.88%, 0, 0, 3, 21400.09, 43579672, 206
2106, 612, 19, 29, 0, 0, 4.88%, 0, 0, 3, 20782.44, 43685944, 206
2111, 613, 8, 29, 0, 0, 4.88%, 0, 0, 3, 21518.39, 43797548, 206
2116, 615, 27, 29, 0, 0, 4.88%, 0, 0, 3, 20799.71, 43904990, 206
2121, 616, 7, 29, 0, 0, 4.88%, 0, 0, 3, 21413.15, 44011247, 206
2127, 618, 7, 29, 0, 0, 4.88%, 0, 0, 3, 20213.74, 44118374, 206
2132, 619, 7, 29, 0, 0, 4.88%, 0, 0, 3, 21371.79, 44227121, 206
2137, 621, 27, 29, 0, 0, 4.88%, 0, 0, 3, 20489.13, 44334871, 206
2142, 622, 25, 29, 0, 0, 4.88%, 0, 0, 3, 21425.08, 44445892, 206
2147, 624, 7, 29, 0, 0, 4.88%, 0, 0, 3, 20522.30, 44550430, 206
2152, 625, 10, 29, 0, 0, 4.88%, 0, 0, 3, 21534.72, 44660500, 206
2157, 627, 19, 29, 0, 0, 4.88%, 0, 0, 3, 20775.46, 44764817, 206
2162, 628, 7, 29, 0, 0, 4.88%, 0, 0, 3, 21380.10, 44875441, 206
2168, 630, 26, 29, 0, 0, 4.88%, 0, 0, 3, 20349.04, 44978337, 206
2173, 631, 7, 29, 0, 0, 4.88%, 0, 0, 3, 21339.88, 45090347, 206
2178, 633, 19, 29, 0, 0, 4.88%, 0, 0, 3, 20477.94, 45196901, 206
2183, 635, 7, 29, 0, 0, 4.88%, 0, 0, 3, 21164.44, 45307695, 206
2188, 636, 7, 29, 0, 0, 4.88%, 0, 0, 3, 19643.19, 45404701, 206
2193, 637, 7, 29, 0, 0, 4.88%, 0, 0, 3, 21682.49, 45518331, 206
2198, 639, 16, 29, 0, 0, 4.88%, 0, 0, 3, 20314.89, 45618018, 206
2203, 640, 9, 29, 0, 0, 4.88%, 0, 0, 3, 21613.38, 45731709, 206
2208, 642, 7, 29, 0, 0, 4.88%, 0, 0, 3, 20651.84, 45833727, 206
2214, 643, 7, 29, 0, 0, 4.88%, 0, 0, 3, 21613.81, 45945218, 206
2219, 645, 24, 29, 0, 0, 4.88%, 0, 0, 3, 20777.83, 46050292, 206
2224, 646, 7, 29, 0, 0, 4.88%, 0, 0, 3, 21675.74, 46160854, 206
2229, 648, 7, 29, 0, 0, 4.88%, 0, 0, 3, 20555.67, 46263056, 206
2234, 649, 8, 29, 0, 0, 4.88%, 0, 0, 3, 21488.12, 46371470, 206
2239, 651, 18, 29, 0, 0, 4.88%, 0, 0, 3, 20985.40, 46478309, 206
2244, 652, 20, 29, 0, 0, 4.88%, 0, 0, 3, 21222.58, 46589242, 206
2249, 654, 6, 29, 0, 0, 4.88%, 0, 0, 3, 20106.26, 46687929, 206
2254, 655, 8, 29, 0, 0, 4.88%, 0, 0, 3, 21773.04, 46801280, 206
2260, 657, 8, 29, 0, 0, 4.88%, 0, 0, 3, 21021.39, 46905403, 206
2265, 658, 25, 29, 0, 0, 4.88%, 0, 0, 3, 21954.06, 47016129, 206
2270, 660, 2, 29, 0, 0, 4.88%, 0, 0, 3, 21381.12, 47119935, 206
2275, 661, 25, 29, 0, 0, 4.88%, 0, 0, 3, 21763.46, 47229556, 206
2280, 663, 7, 29, 0, 0, 4.88%, 0, 0, 3, 21407.53, 47336486, 206
2285, 664, 16, 29, 0, 0, 4.88%, 0, 0, 3, 21629.69, 47446419, 206
2290, 666, 13, 29, 0, 0, 4.88%, 0, 0, 3, 21506.32, 47556444, 206
2295, 667, 7, 29, 0, 0, 4.88%, 0, 0, 3, 21304.25, 47667999, 206
2300, 669, 25, 29, 0, 0, 4.88%, 0, 0, 3, 21214.23, 47773556, 206
2305, 671, 7, 29, 0, 0, 4.88%, 0, 0, 3, 20802.72, 47883656, 206
2311, 672, 7, 29, 0, 0, 4.88%, 0, 0, 3, 21333.60, 47993355, 206
2316, 674, 7, 29, 0, 0, 4.88%, 0, 0, 3, 20686.12, 48098258, 206
2321, 675, 7, 29, 0, 0, 4.88%, 0, 0, 3, 21388.70, 48209161, 206
2326, 677, 25, 29, 0, 0, 4.88%, 0, 0, 3, 21362.61, 48318651, 206
2331, 678, 7, 29, 0, 0, 4.88%, 0, 0, 3, 21706.98, 48431349, 206
2336, 680, 20, 29, 0, 0, 4.88%, 0, 0, 3, 21657.61, 48544957, 206
2341, 681, 7, 29, 0, 0, 4.88%, 0, 0, 3, 22031.96, 48655026, 206
2346, 683, 7, 29, 0, 0, 4.88%, 0, 0, 3, 20821.24, 48763540, 206
2352, 684, 7, 29, 0, 0, 4.88%, 0, 0, 3, 21497.07, 48875142, 206
2357, 686, 13, 29, 0, 0, 4.88%, 0, 0, 3, 21093.78, 48986214, 206
2362, 687, 7, 29, 0, 0, 4.88%, 0, 0, 3, 21788.36, 49097404, 206
2367, 689, 25, 29, 0, 0, 4.88%, 0, 0, 3, 20661.16, 49200494, 206
2372, 690, 7, 29, 0, 0, 4.88%, 0, 0, 3, 21521.90, 49311868, 206
2377, 692, 25, 29, 0, 0, 4.88%, 0, 0, 3, 21209.98, 49418786, 206
2382, 694, 13, 29, 0, 0, 4.88%, 0, 0, 3, 21742.54, 49532227, 206
2387, 695, 19, 29, 0, 0, 4.88%, 0, 0, 3, 21158.00, 49639305, 206
2393, 697, 7, 29, 0, 0, 4.88%, 0, 0, 3, 21661.94, 49752678, 206
2398, 698, 2, 29, 0, 0, 4.88%, 0, 0, 3, 21208.94, 49862361, 206
2403, 700, 15, 29, 0, 0, 4.88%, 0, 0, 3, 21739.01, 49975499, 206
2408, 701, 19, 29, 0, 0, 4.88%, 0, 0, 3, 20760.15, 50081194, 206
2413, 703, 27, 29, 0, 0, 4.88%, 0, 0, 3, 22081.44, 50196482, 206
2418, 704, 25, 29, 0, 0, 4.88%, 0, 0, 3, 21379.56, 50302769, 206
2423, 706, 19, 29, 0, 0, 4.88%, 0, 0, 3, 21898.95, 50412810, 206
2428, 707, 6, 29, 0, 0, 4.88%, 0, 0, 3, 20849.89, 50512770, 206
2434, 709, 7, 29, 0, 0, 4.88%, 0, 0, 3, 22055.26, 50627400, 206
2439, 711, 7, 29, 0, 0, 4.88%, 0, 0, 3, 21318.87, 50732234, 206
2444, 712, 27, 29, 0, 0, 4.88%, 0, 0, 3, 21760.18, 50845985, 206
2449, 714, 10, 29, 0, 0, 4.88%, 0, 0, 3, 21487.29, 50954994, 206
2454, 715, 25, 29, 0, 0, 4.88%, 0, 0, 3, 22669.62, 51077969, 206
2459, 717, 6, 29, 0, 0, 4.88%, 0, 0, 3, 21295.35, 51185342, 206
2464, 719, 9, 29, 0, 0, 4.88%, 0, 0, 3, 22234.00, 51301416, 206
2469, 720, 7, 29, 0, 0, 4.88%, 0, 0, 3, 21164.61, 51405501, 206
2474, 722, 6, 29, 0, 0, 4.88%, 0, 0, 3, 22247.15, 51518282, 206
2479, 723, 15, 29, 0, 0, 4.88%, 0, 0, 3, 21885.63, 51629752, 206
2485, 725, 20, 29, 0, 0, 4.88%, 0, 0, 3, 21814.28, 51744651, 206
2490, 726, 3, 29, 0, 0, 4.88%, 0, 0, 3, 21229.16, 51848605, 206
2495, 728, 9, 29, 0, 0, 4.88%, 0, 0, 3, 21587.81, 51961168, 206
2500, 729, 7, 29, 0, 0, 4.88%, 0, 0, 3, 21581.83, 52067369, 206
2505, 731, 7, 29, 0, 0, 4.88%, 0, 0, 3, 21794.57, 52180341, 206
2510, 732, 13, 29, 0, 0, 4.88%, 0, 0, 3, 21560.69, 52290317, 206
2515, 734, 13, 29, 0, 0, 4.88%, 0, 0, 3, 21771.33, 52400745, 206
2520, 735, 7, 29, 0, 0, 4.88%, 0, 0, 3, 21338.92, 52506253, 206
2525, 737, 7, 29, 0, 0, 4.88%, 0, 0, 3, 21100.09, 52617441, 206
2530, 738, 7, 29, 0, 0, 4.88%, 0, 0, 3, 21465.21, 52724161, 206
2535, 740, 13, 29, 0, 0, 4.88%, 0, 0, 3, 21689.36, 52834450, 206
2541, 742, 25, 29, 0, 0, 4.88%, 0, 0, 3, 22026.31, 52946678, 206
2546, 743, 24, 29, 0, 0, 4.88%, 0, 0, 3, 20224.05, 53052833, 206
2551, 745, 13, 29, 0, 0, 4.88%, 0, 0, 3, 21425.88, 53162597, 206
2556, 746, 2, 29, 0, 0, 4.88%, 0, 0, 3, 20865.68, 53272600, 206
2561, 748, 7, 29, 0, 0, 4.88%, 0, 0, 3, 21871.72, 53384959, 206
2566, 749, 16, 29, 0, 0, 4.88%, 0, 0, 3, 21427.28, 53493607, 206
2571, 751, 7, 29, 0, 0, 4.88%, 0, 0, 3, 22145.45, 53606410, 206
2577, 752, 25, 29, 0, 0, 4.88%, 0, 0, 3, 21607.98, 53719091, 206
2582, 754, 7, 29, 0, 0, 4.88%, 0, 0, 3, 21671.76, 53830329, 206
2587, 755, 7, 29, 0, 0, 4.88%, 0, 0, 3, 20908.28, 53938738, 206
2592, 757, 7, 29, 0, 0, 4.88%, 0, 0, 3, 21509.10, 54050294, 206
2597, 759, 7, 29, 0, 0, 4.88%, 0, 0, 3, 20787.05, 54155503, 206
2602, 760, 7, 29, 0, 0, 4.88%, 0, 0, 3, 21594.01, 54265343, 206
2607, 762, 7, 29, 0, 0, 4.88%, 0, 0, 3, 20755.57, 54374536, 206
2613, 763, 7, 29, 0, 0, 4.88%, 0, 0, 3, 21537.39, 54487409, 206
2618, 765, 7, 29, 0, 0, 4.88%, 0, 0, 3, 20852.19, 54592001, 206
2623, 766, 25, 29, 0, 0, 4.88%, 0, 0, 3, 21868.81, 54703217, 206
2628, 768, 7, 29, 0, 0, 4.88%, 0, 0, 3, 21344.27, 54810140, 206
2633, 769, 7, 29, 0, 0, 4.88%, 0, 0, 3, 22100.11, 54924832, 206
2638, 771, 7, 29, 0, 0, 4.88%, 0, 0, 3, 21199.10, 55032312, 206
2643, 772, 25, 29, 0, 0, 4.88%, 0, 0, 3, 22551.85, 55150677, 206
2648, 774, 7, 29, 0, 0, 4.88%, 0, 0, 3, 20932.92, 55253796, 206
2653, 775, 3, 29, 0, 0, 4.88%, 0, 0, 3, 22013.85, 55365010, 206
2658, 777, 6, 29, 0, 0, 4.88%, 0, 0, 3, 20855.18, 55468307, 206
2664, 779, 15, 29, 0, 0, 4.88%, 0, 0, 3, 21877.27, 55583631, 206
2669, 780, 7, 29, 0, 0, 4.88%, 0, 0, 3, 20842.47, 55688534, 206
2674, 782, 18, 29, 0, 0, 4.88%, 0, 0, 3, 22166.99, 55803821, 206
2679, 783, 3, 29, 0, 0, 4.88%, 0, 0, 3, 21090.37, 55909224, 206
2684, 785, 7, 29, 0, 0, 4.88%, 0, 0, 3, 22390.01, 56026450, 206
2689, 786, 7, 29, 0, 0, 4.88%, 0, 0, 3, 21656.97, 56134118, 206
2695, 788, 25, 29, 0, 0, 4.88%, 0, 0, 3, 22009.77, 56249822, 206
2700, 790, 8, 29, 0, 0, 4.88%, 0, 0, 3, 21655.78, 56360764, 206
2705, 791, 7, 29, 0, 0, 4.88%, 0, 0, 3, 22661.06, 56476042, 206
2710, 793, 7, 29, 0, 0, 4.88%, 0, 0, 3, 21712.64, 56582255, 206
2715, 794, 16, 29, 0, 0, 4.88%, 0, 0, 3, 22194.17, 56694012, 206
2720, 796, 27, 29, 0, 0, 4.88%, 0, 0, 3, 21301.94, 56801632, 206
2725, 797, 7, 29, 0, 0, 4.88%, 0, 0, 3, 21069.40, 56910727, 206
2730, 799, 3, 29, 0, 0, 4.88%, 0, 0, 3, 21663.08, 57021061, 206
2735, 800, 7, 29, 0, 0, 4.88%, 0, 0, 3, 21359.45, 57134159, 206
2740, 802, 7, 29, 0, 0, 4.88%, 0, 0, 3, 21764.64, 57242274, 206
2746, 803, 7, 29, 0, 0, 4.88%, 0, 0, 3, 21317.57, 57350978, 206
2751, 805, 7, 29, 0, 0, 4.88%, 0, 0, 3, 21790.34, 57462798, 206
2756, 807, 13, 29, 0, 0, 4.88%, 0, 0, 3, 21430.33, 57576295, 206
2761, 808, 19, 29, 0, 0, 4.88%, 0, 0, 3, 21850.38, 57690110, 206
2766, 810, 7, 29, 0, 0, 4.88%, 0, 0, 3, 21504.61, 57803446, 206
2771, 811, 3, 29, 0, 0, 4.88%, 0, 0, 3, 22207.77, 57915193, 206
2776, 813, 15, 29, 0, 0, 4.88%, 0, 0, 3, 21390.70, 58024150, 206
2781, 815, 27, 29, 0, 0, 4.88%, 0, 0, 3, 22106.21, 58137040, 206
2787, 816, 7, 29, 0, 0, 4.88%, 0, 0, 3, 20685.52, 58244516, 206
2792, 818, 25, 29, 0, 0, 4.88%, 0, 0, 3, 21569.72, 58354982, 206
2797, 819, 25, 29, 0, 0, 4.88%, 0, 0, 3, 21054.04, 58462907, 206
2802, 821, 7, 29, 0, 0, 4.88%, 0, 0, 3, 21792.71, 58575453, 206
2807, 822, 25, 29, 0, 0, 4.88%, 0, 0, 3, 21776.10, 58688659, 206
2812, 824, 26, 29, 0, 0, 4.88%, 0, 0, 3, 21947.43, 58801658, 206
2818, 826, 9, 29, 0, 0, 4.88%, 0, 0, 3, 21518.11, 58913056, 206
2823, 827, 25, 29, 0, 0, 4.88%, 0, 0, 3, 22207.40, 59028952, 206
2828, 829, 16, 29, 0, 0, 4.88%, 0, 0, 3, 21356.61, 59139246, 206
2833, 830, 24, 29, 0, 0, 4.88%, 0, 0, 3, 22135.62, 59254909, 206
2838, 832, 8, 29, 0, 0, 4.88%, 0, 0, 3, 21252.99, 59360851, 206
2843, 833, 7, 29, 0, 0, 4.88%, 0, 0, 3, 21727.17, 59472046, 206
2848, 835, 25, 29, 0, 0, 4.88%, 0, 0, 3, 20959.74, 59577911, 206
2853, 837, 7, 29, 0, 0, 4.88%, 0, 0, 3, 22287.67, 59695838, 206
2858, 838, 25, 29, 0, 0, 4.88%, 0, 0, 3, 21412.12, 59800860, 206
2864, 840, 7, 29, 0, 0, 4.88%, 0, 0, 3, 22328.09, 59916672, 206
2869, 841, 8, 29, 0, 0, 4.88%, 0, 0, 3, 21165.98, 60020987, 206
2874, 843, 25, 29, 0, 0, 4.88%, 0, 0, 3, 22096.97, 60132497, 206
2879, 844, 25, 29, 0, 0, 4.88%, 0, 0, 3, 21026.12, 60237968, 206
2884, 846, 7, 29, 0, 0, 4.88%, 0, 0, 3, 22359.58, 60354370, 206
2889, 847, 7, 29, 0, 0, 4.88%, 0, 0, 3, 21483.21, 60459000, 206
2894, 849, 25, 29, 0, 0, 4.88%, 0, 0, 3, 22447.00, 60578724, 206
2899, 850, 7, 29, 0, 0, 4.88%, 0, 0, 3, 21594.96, 60687438, 206
2905, 852, 7, 29, 0, 0, 4.88%, 0, 0, 3, 21557.48, 60800643, 206
2910, 853, 9, 29, 0, 0, 4.88%, 0, 0, 3, 20599.17, 60904633, 206
2915, 855, 7, 29, 0, 0, 4.88%, 0, 0, 3, 22546.93, 61019433, 206
2920, 857, 7, 29, 0, 0, 4.88%, 0, 0, 3, 21307.19, 61125204, 206
2925, 858, 7, 29, 0, 0, 4.88%, 0, 0, 3, 22136.42, 61239760, 206
2930, 860, 7, 29, 0, 0, 4.88%, 0, 0, 3, 23112.84, 61352132, 206
2935, 861, 6, 29, 0, 0, 4.88%, 0, 0, 3, 21936.09, 61461564, 206
2940, 863, 2, 29, 0, 0, 4.88%, 0, 0, 3, 21641.08, 61570894, 206
2945, 864, 21, 29, 0, 0, 4.88%, 0, 0, 3, 20943.48, 61679878, 206
2951, 866, 20, 29, 0, 0, 4.88%, 0, 0, 3, 21984.37, 61792932, 206
2956, 867, 25, 29, 0, 0, 4.88%, 0, 0, 3, 21359.28, 61904034, 206
2961, 869, 18, 29, 0, 0, 4.88%, 0, 0, 3, 22016.29, 62017189, 206
2966, 870, 7, 29, 0, 0, 4.88%, 0, 0, 3, 20361.40, 62124428, 206
2971, 872, 7, 29, 0, 0, 4.88%, 0, 0, 3, 21705.83, 62234646, 206
2976, 873, 7, 29, 0, 0, 4.88%, 0, 0, 3, 20868.63, 62345043, 206
2982, 875, 15, 29, 0, 0, 4.88%, 0, 0, 3, 22151.90, 62460785, 206
2987, 877, 9, 29, 0, 0, 4.88%, 0, 0, 3, 21657.28, 62576528, 206
2992, 878, 10, 29, 0, 0, 4.88%, 0, 0, 3, 22236.20, 62691070, 206
2997, 880, 16, 29, 0, 0, 4.88%, 0, 0, 3, 21288.50, 62802232, 206
3002, 881, 7, 29, 0, 0, 4.88%, 0, 0, 3, 22368.44, 62919598, 206
3007, 883, 7, 29, 0, 0, 4.88%, 0, 0, 3, 21044.34, 63024700, 206
3012, 885, 24, 29, 0, 0, 4.88%, 0, 0, 3, 22164.68, 63138157, 206
3017, 886, 7, 29, 0, 0, 4.88%, 0, 0, 3, 21371.86, 63248121, 206
3023, 888, 7, 29, 0, 0, 4.88%, 0, 0, 3, 22257.39, 63363622, 206
3028, 889, 7, 29, 0, 0, 4.88%, 0, 0, 3, 20439.49, 63466698, 206
3033, 891, 7, 29, 0, 0, 4.88%, 0, 0, 3, 22397.29, 63583617, 206
3038, 892, 7, 29, 0, 0, 4.88%, 0, 0, 3, 21425.84, 63694006, 206
3043, 894, 15, 29, 0, 0, 4.88%, 0, 0, 3, 22701.11, 63812581, 206
3048, 895, 7, 29, 0, 0, 4.88%, 0, 0, 3, 21470.50, 63921332, 206
3054, 897, 26, 29, 0, 0, 4.88%, 0, 0, 3, 22010.61, 64036103, 206
3059, 899, 7, 29, 0, 0, 4.88%, 0, 0, 3, 21398.01, 64145971, 206
3064, 900, 19, 29, 0, 0, 4.88%, 0, 0, 3, 22085.15, 64259989, 206
3069, 902, 7, 29, 0, 0, 4.88%, 0, 0, 3, 21186.67, 64363348, 206
3074, 903, 7, 29, 0, 0, 4.88%, 0, 0, 3, 21840.98, 64474691, 206
3079, 905, 7, 29, 0, 0, 4.88%, 0, 0, 3, 21661.35, 64585609, 206
3084, 906, 26, 29, 0, 0, 4.88%, 0, 0, 3, 21798.94, 64699867, 206
3090, 908, 26, 29, 0, 0, 4.88%, 0, 0, 3, 21188.09, 64805083, 206
3095, 910, 2, 29, 0, 0, 4.88%, 0, 0, 3, 22874.24, 64925727, 206
3100, 911, 19, 29, 0, 0, 4.88%, 0, 0, 3, 22259.34, 65037335, 206
3105, 913, 3, 29, 0, 0, 4.88%, 0, 0, 3, 22476.60, 65153839, 206
3110, 915, 7, 29, 0, 0, 4.88%, 0, 0, 3, 22658.14, 65269361, 206
3115, 916, 13, 29, 0, 0, 4.88%, 0, 0, 3, 22163.66, 65385759, 206
3121, 918, 7, 29, 0, 0, 4.88%, 0, 0, 3, 23935.92, 65505760, 206
3126, 919, 7, 29, 0, 0, 4.88%, 0, 0, 3, 21574.56, 65617503, 206
3131, 921, 10, 29, 0, 0, 4.88%, 0, 0, 3, 21977.78, 65729877, 206
3136, 923, 27, 29, 0, 0, 4.88%, 0, 0, 3, 22024.16, 65841800, 206
3141, 924, 6, 29, 0, 0, 4.88%, 0, 0, 3, 22339.33, 65955125, 206
3146, 926, 13, 29, 0, 0, 4.88%, 0, 0, 3, 20695.67, 66059108, 206
3151, 927, 18, 29, 0, 0, 4.88%, 0, 0, 3, 21654.24, 66167359, 206
3156, 929, 6, 29, 0, 0, 4.88%, 0, 0, 3, 21336.30, 66280069, 206
3161, 930, 18, 29, 0, 0, 4.88%, 0, 0, 3, 21902.13, 66389607, 206
3167, 932, 7, 29, 0, 0, 4.88%, 0, 0, 3, 21283.38, 66500943, 206
3172, 934, 16, 29, 0, 0, 4.88%, 0, 0, 3, 22210.62, 66615309, 206
3177, 935, 7, 29, 0, 0, 4.88%, 0, 0, 3, 21064.45, 66725447, 206
3182, 937, 7, 29, 0, 0, 4.88%, 0, 0, 3, 21808.19, 66839534, 206
3187, 938, 25, 29, 0, 0, 4.88%, 0, 0, 3, 21578.59, 66948457, 206
3192, 940, 7, 29, 0, 0, 4.88%, 0, 0, 3, 22274.67, 67061412, 206
3197, 941, 7, 29, 0, 0, 4.88%, 0, 0, 3, 21819.20, 67170844, 206
3202, 943, 7, 29, 0, 0, 4.88%, 0, 0, 3, 22616.84, 67286038, 206
3208, 944, 25, 29, 0, 0, 4.88%, 0, 0, 3, 20204.02, 67389033, 206
3213, 946, 25, 29, 0, 0, 4.88%, 0, 0, 3, 22104.89, 67505609, 206
3218, 947, 7, 29, 0, 0, 4.88%, 0, 0, 3, 20665.03, 67612567, 206
3223, 949, 7, 29, 0, 0, 4.88%, 0, 0, 3, 22546.51, 67730261, 206
3228, 951, 8, 29, 0, 0, 4.88%, 0, 0, 3, 21492.08, 67837072, 206
3233, 952, 7, 29, 0, 0, 4.88%, 0, 0, 3, 23196.95, 67959133, 206
3238, 954, 19, 29, 0, 0, 4.88%, 0, 0, 3, 20944.69, 68061530, 206
3243, 955, 7, 29, 0, 0, 4.88%, 0, 0, 3, 22136.13, 68180332, 206
3248, 957, 7, 29, 0, 0, 4.88%, 0, 0, 3, 21007.64, 68284265, 206
3253, 958, 20, 29, 0, 0, 4.88%, 0, 0, 3, 22941.82, 68399541, 206
3258, 960, 7, 29, 0, 0, 4.88%, 0, 0, 3, 22192.46, 68510621, 206
3263, 962, 19, 29, 0, 0, 4.88%, 0, 0, 3, 23216.67, 68629226, 206
3269, 963, 18, 29, 0, 0, 4.88%, 0, 0, 3, 21476.16, 68738490, 206
3274, 965, 7, 29, 0, 0, 4.88%, 0, 0, 3, 22079.47, 68853684, 206
3279, 967, 7, 29, 0, 0, 4.88%, 0, 0, 3, 21771.90, 68962521, 206
3284, 968, 7, 29, 0, 0, 4.88%, 0, 0, 3, 22926.67, 69080201, 206
3289, 970, 7, 29, 0, 0, 4.88%, 0, 0, 3, 22110.23, 69193512, 206
3294, 971, 25, 29, 0, 0, 4.88%, 0, 0, 3, 22445.52, 69310745, 206
3300, 973, 27, 29, 0, 0, 4.88%, 0, 0, 3, 21312.77, 69417217, 206
3305, 974, 7, 29, 0, 0, 4.88%, 0, 0, 3, 22140.93, 69529947, 206
3310, 976, 7, 29, 0, 0, 4.88%, 0, 0, 3, 22041.45, 69639066, 206
3315, 978, 7, 29, 0, 0, 4.88%, 0, 0, 3, 22725.20, 69757529, 206
3320, 979, 7, 29, 0, 0, 4.88%, 0, 0, 3, 22071.06, 69869506, 206
3325, 981, 7, 29, 0, 0, 4.88%, 0, 0, 3, 21306.19, 69982064, 206
3330, 982, 7, 29, 0, 0, 4.88%, 0, 0, 3, 21654.94, 70090418, 206
3335, 984, 25, 29, 0, 0, 4.88%, 0, 0, 3, 22053.15, 70207222, 206
3341, 985, 13, 29, 0, 0, 4.88%, 0, 0, 3, 22372.48, 70321652, 206
3346, 987, 2, 29, 0, 0, 4.88%, 0, 0, 3, 22137.97, 70439374, 206
3351, 989, 8, 29, 0, 0, 4.88%, 0, 0, 3, 22737.09, 70553646, 206
3356, 990, 7, 29, 0, 0, 4.88%, 0, 0, 3, 22260.66, 70669514, 206
3361, 992, 26, 29, 0, 0, 4.88%, 0, 0, 3, 22079.72, 70778613, 206
3366, 993, 7, 29, 0, 0, 4.88%, 0, 0, 3, 21853.72, 70889088, 206
3371, 995, 7, 29, 0, 0, 4.88%, 0, 0, 3, 22255.76, 71003076, 206
3376, 997, 7, 29, 0, 0, 4.88%, 0, 0, 3, 21669.60, 71111537, 206
3381, 998, 25, 29, 0, 0, 4.88%, 0, 0, 3, 22087.12, 71221639, 206
3386, 1000, 7, 29, 0, 0, 4.88%, 0, 0, 3, 21122.66, 71331820, 206
3392, 1001, 7, 29, 0, 0, 4.88%, 0, 0, 3, 21790.66, 71444072, 206
3397, 1003, 7, 29, 0, 0, 4.88%, 0, 0, 3, 21709.21, 71554559, 206
3402, 1004, 13, 29, 0, 0, 4.88%, 0, 0, 3, 22902.62, 71671004, 206
3407, 1006, 7, 29, 0, 0, 4.88%, 0, 0, 3, 21587.73, 71782677, 206
3412, 1008, 25, 29, 0, 0, 4.88%, 0, 0, 3, 21962.23, 71893197, 206
3417, 1009, 25, 29, 0, 0, 4.88%, 0, 0, 3, 22115.56, 72013934, 206
3422, 1011, 25, 29, 0, 0, 4.88%, 0, 0, 3, 22514.05, 72126806, 206
3427, 1012, 6, 29, 0, 0, 4.88%, 0, 0, 3, 21838.33, 72235575, 206
3432, 1014, 6, 29, 0, 0, 4.88%, 0, 0, 3, 22159.97, 72350888, 206
3437, 1016, 6, 29, 0, 0, 4.88%, 0, 0, 3, 21984.02, 72463862, 206
3442, 1017, 7, 29, 0, 0, 4.88%, 0, 0, 3, 23315.39, 72579386, 206
3447, 1019, 25, 29, 0, 0, 4.88%, 0, 0, 3, 21173.19, 72683104, 206
3453, 1020, 7, 29, 0, 0, 4.88%, 0, 0, 3, 22277.64, 72800006, 206
3458, 1022, 25, 29, 0, 0, 4.88%, 0, 0, 3, 21884.56, 72912592, 206
3463, 1024, 25, 29, 0, 0, 4.88%, 0, 0, 3, 22615.10, 73029980, 206
3468, 1025, 25, 29, 0, 0, 4.88%, 0, 0, 3, 21956.08, 73143744, 206
3473, 1027, 10, 29, 0, 0, 4.88%, 0, 0, 3, 22855.90, 73261806, 206
3478, 1028, 25, 29, 0, 0, 4.88%, 0, 0, 3, 21349.67, 73371720, 206
3483, 1030, 7, 29, 0, 0, 4.88%, 0, 0, 3, 23077.04, 73490245, 206
3489, 1032, 7, 29, 0, 0, 4.88%, 0, 0, 3, 21579.28, 73597664, 206
3494, 1033, 18, 29, 0, 0, 4.88%, 0, 0, 3, 22049.17, 73708543, 206
3499, 1035, 2, 29, 0, 0, 4.88%, 0, 0, 3, 21852.49, 73820900, 206
3504, 1036, 7, 29, 0, 0, 4.88%, 0, 0, 3, 22279.26, 73937975, 206
3509, 1038, 7, 29, 0, 0, 4.88%, 0, 0, 3, 21887.15, 74048373, 206
3514, 1040, 7, 29, 0, 0, 4.88%, 0, 0, 3, 25342.57, 74174329, 206
3519, 1041, 7, 29, 0, 0, 4.88%, 0, 0, 3, 22482.80, 74282360, 206
3524, 1043, 7, 29, 0, 0, 4.88%, 0, 0, 3, 22527.41, 74394947, 206
3529, 1044, 27, 29, 0, 0, 4.88%, 0, 0, 3, 22236.70, 74507252, 206
3535, 1046, 7, 29, 0, 0, 4.88%, 0, 0, 3, 22994.21, 74628270, 206
3540, 1048, 7, 29, 0, 0, 4.88%, 0, 0, 3, 22267.66, 74738056, 206
3545, 1049, 16, 29, 0, 0, 4.88%, 0, 0, 3, 22274.96, 74854337, 206
3550, 1051, 7, 29, 0, 0, 4.88%, 0, 0, 3, 21426.77, 74959458, 206
3555, 1052, 7, 29, 0, 0, 4.88%, 0, 0, 3, 22253.77, 75078938, 206
3560, 1054, 25, 29, 0, 0, 4.88%, 0, 0, 3, 22221.47, 75189444, 206
3565, 1056, 7, 29, 0, 0, 4.88%, 0, 0, 3, 21585.06, 75302515, 206
3571, 1057, 7, 29, 0, 0, 4.88%, 0, 0, 3, 21665.10, 75412600, 206
3576, 1059, 27, 29, 0, 0, 4.88%, 0, 0, 3, 22167.46, 75531008, 206
3581, 1060, 7, 29, 0, 0, 4.88%, 0, 0, 3, 22336.24, 75645910, 206
3586, 1062, 7, 29, 0, 0, 4.88%, 0, 0, 3, 21860.85, 75760028, 206
3591, 1063, 7, 29, 0, 0, 4.88%, 0, 0, 3, 21927.14, 75869670, 206
3596, 1065, 7, 29, 0, 0, 4.88%, 0, 0, 3, 21373.94, 75978575, 206
3601, 1067, 7, 29, 0, 0, 4.88%, 0, 0, 3, 24012.32, 76100991, 206
3606, 1068, 16, 29, 0, 0, 4.88%, 0, 0, 3, 22434.95, 76216999, 206
3612, 1070, 25, 29, 0, 0, 4.88%, 0, 0, 3, 24729.85, 76341172, 206
3617, 1072, 13, 29, 0, 0, 4.88%, 0, 0, 3, 21928.53, 76455257, 206
3622, 1073, 7, 29, 0, 0, 4.88%, 0, 0, 3, 22501.97, 76569271, 206
3627, 1075, 8, 29, 0, 0, 4.88%, 0, 0, 3, 21427.89, 76684969, 206
3632, 1077, 3, 29, 0, 0, 4.88%, 0, 0, 3, 22440.79, 76800866, 206
3637, 1078, 7, 29, 0, 0, 4.88%, 0, 0, 3, 22283.45, 76916586, 206
3643, 1080, 21, 29, 0, 0, 4.88%, 0, 0, 3, 23576.78, 77037415, 206
3648, 1081, 8, 29, 0, 0, 4.88%, 0, 0, 3, 21905.45, 77147158, 206
3653, 1083, 18, 29, 0, 0, 4.88%, 0, 0, 3, 22839.59, 77266552, 206
3658, 1085, 25, 29, 0, 0, 4.88%, 0, 0, 3, 21699.24, 77373956, 206
3663, 1086, 7, 29, 0, 0, 4.88%, 0, 0, 3, 23618.64, 77497300, 206
3668, 1088, 7, 29, 0, 0, 4.88%, 0, 0, 3, 22052.74, 77608468, 206
3673, 1089, 13, 29, 0, 0, 4.88%, 0, 0, 3, 23009.35, 77724100, 206
3678, 1091, 14, 29, 0, 0, 4.88%, 0, 0, 3, 22676.29, 77842756, 206
3683, 1093, 7, 29, 0, 0, 4.88%, 0, 0, 3, 23365.69, 77963861, 206
3689, 1094, 7, 29, 0, 0, 4.88%, 0, 0, 3, 21478.45, 78074202, 206
3694, 1096, 7, 29, 0, 0, 4.88%, 0, 0, 3, 22843.15, 78192780, 206
3699, 1098, 7, 29, 0, 0, 4.88%, 0, 0, 3, 22041.25, 78305361, 206
3704, 1099, 8, 29, 0, 0, 4.88%, 0, 0, 3, 23130.25, 78426922, 206
3709, 1101, 7, 29, 0, 0, 4.88%, 0, 0, 3, 21599.29, 78535794, 206
3715, 1103, 19, 29, 0, 0, 4.88%, 0, 0, 3, 22716.74, 78654748, 206
3720, 1104, 8, 29, 0, 0, 4.88%, 0, 0, 3, 22404.65, 78766034, 206
3725, 1106, 15, 29, 0, 0, 4.88%, 0, 0, 3, 22349.43, 78881291, 206
3730, 1107, 7, 29, 0, 0, 4.88%, 0, 0, 3, 21612.22, 78989711, 206
3735, 1109, 7, 29, 0, 0, 4.88%, 0, 0, 3, 21792.94, 79100766, 206
3740, 1110, 7, 29, 0, 0, 4.88%, 0, 0, 3, 22361.54, 79216026, 206
3745, 1112, 19, 29, 0, 0, 4.88%, 0, 0, 3, 21333.54, 79327371, 206
3750, 1114, 15, 29, 0, 0, 4.88%, 0, 0, 3, 21806.96, 79435473, 206
3756, 1115, 27, 29, 0, 0, 4.88%, 0, 0, 3, 22493.54, 79553446, 206
3761, 1117, 20, 29, 0, 0, 4.88%, 0, 0, 3, 22761.69, 79670803, 206
3766, 1118, 16, 29, 0, 0, 4.88%, 0, 0, 3, 22143.28, 79784145, 206
3771, 1120, 25, 29, 0, 0, 4.88%, 0, 0, 3, 23201.57, 79903420, 206
3776, 1122, 9, 29, 0, 0, 4.88%, 0, 0, 3, 21870.66, 80018512, 206
3781, 1123, 9, 29, 0, 0, 4.88%, 0, 0, 3, 23186.84, 80137433, 206
3787, 1125, 7, 29, 0, 0, 4.88%, 0, 0, 3, 22027.18, 80253118, 206
3792, 1127, 25, 29, 0, 0, 4.88%, 0, 0, 3, 22243.63, 80365869, 206
3797, 1128, 19, 29, 0, 0, 4.88%, 0, 0, 3, 21186.46, 80477147, 206
3802, 1130, 7, 29, 0, 0, 4.88%, 0, 0, 3, 22284.32, 80591738, 206
3807, 1131, 7, 29, 0, 0, 4.88%, 0, 0, 3, 21172.70, 80696905, 206
3812, 1133, 21, 29, 0, 0, 4.88%, 0, 0, 3, 22579.78, 80812646, 206
3817, 1134, 8, 29, 0, 0, 4.88%, 0, 0, 3, 21811.17, 80928376, 206
3823, 1136, 7, 29, 0, 0, 4.88%, 0, 0, 3, 22819.17, 81045102, 206
3828, 1138, 7, 29, 0, 0, 4.88%, 0, 0, 3, 21819.24, 81155527, 206
3833, 1139, 24, 29, 0, 0, 4.88%, 0, 0, 3, 23556.82, 81276710, 206
3838, 1141, 25, 29, 0, 0, 4.88%, 0, 0, 3, 22420.27, 81391214, 206
3843, 1143, 7, 29, 0, 0, 4.88%, 0, 0, 3, 22374.00, 81504016, 206
3848, 1144, 7, 29, 0, 0, 4.88%, 0, 0, 3, 20803.82, 81606595, 206
3853, 1146, 13, 29, 0, 0, 4.88%, 0, 0, 3, 22172.47, 81721365, 206
3858, 1147, 25, 29, 0, 0, 4.88%, 0, 0, 3, 21724.49, 81830223, 206
3863, 1149, 20, 29, 0, 0, 4.88%, 0, 0, 3, 22513.09, 81948529, 206
3868, 1150, 18, 29, 0, 0, 4.88%, 0, 0, 3, 21534.06, 82055597, 206
3873, 1152, 7, 29, 0, 0, 4.88%, 0, 0, 3, 23034.06, 82175169, 206
3879, 1154, 25, 29, 0, 0, 4.88%, 0, 0, 3, 21563.99, 82284203, 206
3884, 1155, 7, 29, 0, 0, 4.88%, 0, 0, 3, 22843.72, 82402654, 206
3889, 1157, 7, 29, 0, 0, 4.88%, 0, 0, 3, 22103.34, 82515258, 206
3894, 1159, 7, 29, 0, 0, 4.88%, 0, 0, 3, 23996.63, 82640579, 206
3899, 1160, 7, 29, 0, 0, 4.88%, 0, 0, 3, 22525.00, 82752662, 206
3905, 1162, 6, 29, 0, 0, 4.88%, 0, 0, 3, 23098.80, 82873578, 206
3910, 1163, 10, 29, 0, 0, 4.88%, 0, 0, 3, 22666.36, 82981126, 206
3915, 1165, 18, 29, 0, 0, 4.88%, 0, 0, 3, 23536.04, 83102510, 206
3920, 1167, 7, 29, 0, 0, 4.88%, 0, 0, 3, 22316.41, 83213528, 206
3925, 1168, 7, 29, 0, 0, 4.88%, 0, 0, 3, 21867.72, 83329486, 206
3930, 1170, 19, 29, 0, 0, 4.88%, 0, 0, 3, 21736.67, 83436240, 206
3935, 1172, 7, 29, 0, 0, 4.88%, 0, 0, 3, 22346.84, 83553859, 206
3940, 1173, 2, 29, 0, 0, 4.88%, 0, 0, 3, 21795.02, 83663970, 206
3946, 1175, 6, 29, 0, 0, 4.88%, 0, 0, 3, 22307.33, 83783112, 206
3951, 1176, 25, 29, 0, 0, 4.88%, 0, 0, 3, 22240.98, 83893067, 206
3956, 1178, 26, 29, 0, 0, 4.88%, 0, 0, 3, 22191.81, 84010355, 206
3961, 1180, 25, 29, 0, 0, 4.88%, 0, 0, 3, 22936.86, 84126175, 206
3966, 1181, 25, 29, 0, 0, 4.88%, 0, 0, 3, 22337.80, 84242589, 206
3971, 1183, 6, 29, 0, 0, 4.88%, 0, 0, 3, 22039.30, 84354518, 206
3976, 1184, 7, 29, 0, 0, 4.88%, 0, 0, 3, 22014.57, 84467191, 206
3981, 1186, 7, 29, 0, 0, 4.88%, 0, 0, 3, 22732.98, 84582330, 206
3986, 1188, 19, 29, 0, 0, 4.88%, 0, 0, 3, 21379.75, 84690354, 206
3991, 1189, 7, 29, 0, 0, 4.88%, 0, 0, 3, 22445.53, 84804468, 206
3997, 1191, 25, 29, 0, 0, 4.88%, 0, 0, 3, 21630.35, 84916320, 206
4002, 1192, 7, 29, 0, 0, 4.88%, 0, 0, 3, 22450.63, 85032767, 206
4007, 1194, 20, 29, 0, 0, 4.88%, 0, 0, 3, 21054.72, 85139868, 206
4012, 1196, 7, 29, 0, 0, 4.88%, 0, 0, 3, 23540.22, 85264517, 206
4017, 1197, 7, 29, 0, 0, 4.88%, 0, 0, 3, 21296.88, 85375545, 206
4022, 1199, 26, 29, 0, 0, 4.88%, 0, 0, 3, 22693.47, 85495437, 206
4027, 1200, 7, 29, 0, 0, 4.88%, 0, 0, 3, 21674.30, 85606403, 206
4033, 1202, 21, 29, 0, 0, 4.88%, 0, 0, 3, 22758.15, 85722848, 206
4038, 1204, 7, 29, 0, 0, 4.88%, 0, 0, 3, 21660.36, 85835386, 206
4043, 1205, 24, 29, 0, 0, 4.88%, 0, 0, 3, 23049.65, 85955914, 206
4048, 1207, 7, 29, 0, 0, 4.88%, 0, 0, 3, 21987.50, 86063988, 206
4053, 1208, 7, 29, 0, 0, 4.88%, 0, 0, 3, 22598.37, 86181312, 206
4058, 1210, 25, 29, 0, 0, 4.88%, 0, 0, 3, 21892.30, 86293187, 206
4064, 1212, 7, 29, 0, 0, 4.88%, 0, 0, 3, 23408.26, 86415303, 206
4069, 1213, 2, 29, 0, 0, 4.88%, 0, 0, 3, 22520.14, 86526157, 206
4074, 1215, 7, 29, 0, 0, 4.88%, 0, 0, 3, 23060.68, 86642680, 206
4079, 1216, 27, 29, 0, 0, 4.88%, 0, 0, 3, 22559.67, 86756839, 206
4084, 1218, 7, 29, 0, 0, 4.88%, 0, 0, 3, 23132.63, 86877595, 206
4089, 1220, 8, 29, 0, 0, 4.88%, 0, 0, 3, 22388.17, 86990890, 206
4094, 1221, 7, 29, 0, 0, 4.88%, 0, 0, 3, 22755.31, 87106726, 206
4099, 1223, 25, 29, 0, 0, 4.88%, 0, 0, 3, 22292.30, 87219651, 206
4104, 1225, 7, 29, 0, 0, 4.88%, 0, 0, 3, 22728.70, 87340480, 206
4110, 1226, 7, 29, 0, 0, 4.88%, 0, 0, 3, 22104.84, 87446214, 206
4115, 1228, 19, 29, 0, 0, 4.88%, 0, 0, 3, 24808.94, 87572784, 206
4120, 1229, 2, 29, 0, 0, 4.88%, 0, 0, 3, 23911.80, 87687718, 206
4125, 1231, 9, 29, 0, 0, 4.88%, 0, 0, 3, 23372.77, 87808975, 206
4130, 1233, 19, 29, 0, 0, 4.88%, 0, 0, 3, 22452.08, 87921687, 206
4135, 1234, 18, 29, 0, 0, 4.88%, 0, 0, 3, 22839.29, 88041946, 206
4140, 1236, 7, 29, 0, 0, 4.88%, 0, 0, 3, 23039.06, 88157990, 206
4146, 1238, 2, 29, 0, 0, 4.88%, 0, 0, 3, 22304.41, 88274169, 206
4151, 1239, 20, 29, 0, 0, 4.88%, 0, 0, 3, 22234.75, 88383486, 206
4156, 1241, 7, 29, 0, 0, 4.88%, 0, 0, 3, 22277.97, 88500884, 206
4161, 1243, 18, 29, 0, 0, 4.88%, 0, 0, 3, 22830.83, 88618084, 206
4166, 1244, 7, 29, 0, 0, 4.88%, 0, 0, 3, 21459.65, 88729924, 206
4171, 1246, 9, 29, 0, 0, 4.88%, 0, 0, 3, 23218.85, 88851276, 206
4176, 1248, 21, 29, 0, 0, 4.88%, 0, 0, 3, 21856.05, 88966268, 206
4182, 1249, 25, 29, 0, 0, 4.88%, 0, 0, 3, 24440.09, 89088320, 206
4187, 1251, 2, 29, 0, 0, 4.88%, 0, 0, 3, 23148.68, 89209487, 206
4192, 1253, 26, 29, 0, 0, 4.88%, 0, 0, 3, 23245.82, 89327975, 206
4197, 1254, 7, 29, 0, 0, 4.88%, 0, 0, 3, 21824.14, 89441678, 206
4202, 1256, 7, 29, 0, 0, 4.88%, 0, 0, 3, 24202.67, 89567271, 206
4207, 1257, 7, 29, 0, 0, 4.88%, 0, 0, 3, 21857.30, 89679845, 206
4213, 1259, 7, 29, 0, 0, 4.88%, 0, 0, 3, 23033.94, 89797899, 206
4218, 1261, 16, 29, 0, 0, 4.88%, 0, 0, 3, 21687.19, 89909613, 206
4223, 1262, 7, 29, 0, 0, 4.88%, 0, 0, 3, 22753.15, 90030544, 206
4228, 1264, 7, 29, 0, 0, 4.88%, 0, 0, 3, 21493.58, 90141398, 206
4233, 1266, 9, 29, 0, 0, 4.88%, 0, 0, 3, 23376.37, 90262859, 206
4238, 1267, 25, 29, 0, 0, 4.88%, 0, 0, 3, 22356.61, 90373576, 206
4243, 1269, 26, 29, 0, 0, 4.88%, 0, 0, 3, 23066.27, 90494301, 206
4248, 1270, 7, 29, 0, 0, 4.88%, 0, 0, 3, 22030.15, 90603411, 206
4254, 1272, 25, 29, 0, 0, 4.88%, 0, 0, 3, 23759.45, 90730005, 206
4259, 1274, 9, 29, 0, 0, 4.88%, 0, 0, 3, 22510.72, 90844852, 206
4264, 1276, 7, 29, 0, 0, 4.88%, 0, 0, 3, 23724.18, 90969024, 206
4269, 1277, 7, 29, 0, 0, 4.88%, 0, 0, 3, 23291.77, 91088138, 206
4274, 1279, 7, 29, 0, 0, 4.88%, 0, 0, 3, 24014.59, 91210014, 206
4279, 1281, 24, 29, 0, 0, 4.88%, 0, 0, 3, 22094.44, 91320694, 206
4285, 1282, 7, 29, 0, 0, 4.88%, 0, 0, 3, 22234.96, 91434783, 206
4290, 1284, 15, 29, 0, 0, 4.88%, 0, 0, 3, 22501.25, 91548457, 206
4295, 1285, 13, 29, 0, 0, 4.88%, 0, 0, 3, 22726.19, 91667194, 206
4300, 1287, 21, 29, 0, 0, 4.88%, 0, 0, 3, 22824.97, 91782612, 206
4305, 1289, 9, 29, 0, 0, 4.88%, 0, 0, 3, 22865.49, 91904194, 206
4310, 1290, 6, 29, 0, 0, 4.88%, 0, 0, 3, 22992.74, 92017959, 206
4315, 1292, 25, 29, 0, 0, 4.88%, 0, 0, 3, 22864.27, 92138505, 206
4321, 1294, 21, 29, 0, 0, 4.88%, 0, 0, 3, 22873.67, 92257019, 206
4326, 1295, 16, 29, 0, 0, 4.88%, 0, 0, 3, 22451.31, 92375469, 206
4331, 1297, 19, 29, 0, 0, 4.88%, 0, 0, 3, 24770.36, 92499724, 206
4336, 1299, 7, 29, 0, 0, 4.88%, 0, 0, 3, 22770.84, 92618128, 206
4341, 1301, 27, 29, 0, 0, 4.88%, 0, 0, 3, 23381.51, 92737152, 206
4346, 1302, 7, 29, 0, 0, 4.88%, 0, 0, 3, 21738.59, 92850926, 206
4352, 1304, 7, 29, 0, 0, 4.88%, 0, 0, 3, 22637.26, 92966749, 206
4357, 1306, 7, 29, 0, 0, 4.88%, 0, 0, 3, 22878.90, 93088153, 206
4362, 1307, 7, 29, 0, 0, 4.88%, 0, 0, 3, 22960.72, 93205776, 206
4367, 1309, 6, 29, 0, 0, 4.88%, 0, 0, 3, 22524.06, 93323512, 206
4372, 1311, 13, 29, 0, 0, 4.88%, 0, 0, 3, 23635.48, 93447888, 206
4378, 1312, 7, 29, 0, 0, 4.88%, 0, 0, 3, 22557.74, 93564910, 206
4383, 1314, 6, 29, 0, 0, 4.88%, 0, 0, 3, 24530.48, 93693960, 206
4388, 1316, 13, 29, 0, 0, 4.88%, 0, 0, 3, 22138.82, 93802462, 206
4393, 1317, 6, 29, 0, 0, 4.88%, 0, 0, 3, 22808.85, 93922425, 206
4398, 1319, 6, 29, 0, 0, 4.88%, 0, 0, 3, 22905.18, 94041884, 206
4403, 1321, 20, 29, 0, 0, 4.88%, 0, 0, 3, 24854.18, 94168065, 206
4408, 1322, 6, 29, 0, 0, 4.88%, 0, 0, 3, 21870.48, 94277458, 206
4414, 1324, 7, 29, 0, 0, 4.88%, 0, 0, 3, 23146.68, 94401370, 206
4419, 1326, 7, 29, 0, 0, 4.88%, 0, 0, 3, 22595.28, 94517488, 206
4424, 1327, 7, 29, 0, 0, 4.88%, 0, 0, 3, 22847.71, 94637540, 206
4429, 1329, 7, 29, 0, 0, 4.88%, 0, 0, 3, 22802.55, 94753674, 206
4434, 1331, 24, 29, 0, 0, 4.88%, 0, 0, 3, 24753.50, 94886420, 206
4439, 1333, 6, 29, 0, 0, 4.88%, 0, 0, 3, 23189.24, 95001458, 206
4444, 1334, 8, 29, 0, 0, 4.88%, 0, 0, 3, 24755.88, 95125142, 206
4449, 1336, 20, 29, 0, 0, 4.88%, 0, 0, 3, 22915.16, 95235309, 206
4454, 1337, 7, 29, 0, 0, 4.88%, 0, 0, 3, 23245.02, 95355036, 206
4460, 1339, 7, 29, 0, 0, 4.88%, 0, 0, 3, 22445.57, 95468532, 206
4465, 1341, 7, 29, 0, 0, 4.88%, 0, 0, 3, 22951.37, 95590368, 206
4470, 1342, 25, 29, 0, 0, 4.88%, 0, 0, 3, 22500.66, 95700362, 206
4475, 1344, 13, 29, 0, 0, 4.88%, 0, 0, 3, 23557.69, 95824461, 206
4480, 1346, 7, 29, 0, 0, 4.88%, 0, 0, 3, 22629.93, 95937903, 206
4485, 1347, 7, 29, 0, 0, 4.88%, 0, 0, 3, 23242.72, 96059569, 206
4490, 1349, 23, 29, 0, 0, 4.88%, 0, 0, 3, 21962.75, 96169059, 206
4495, 1351, 19, 29, 0, 0, 4.88%, 0, 0, 3, 22522.33, 96287369, 206
4500, 1352, 7, 29, 0, 0, 4.88%, 0, 0, 3, 23885.82, 96406098, 206
4506, 1354, 7, 29, 0, 0, 4.88%, 0, 0, 3, 23240.75, 96523802, 206
4511, 1356, 25, 29, 0, 0, 4.88%, 0, 0, 3, 23248.52, 96643184, 206
4516, 1357, 7, 29, 0, 0, 4.88%, 0, 0, 3, 22148.74, 96757238, 206
4521, 1359, 25, 29, 0, 0, 4.88%, 0, 0, 3, 22682.26, 96870465, 206
4526, 1360, 7, 29, 0, 0, 4.88%, 0, 0, 3, 21027.14, 96980966, 206
4531, 1362, 25, 29, 0, 0, 4.88%, 0, 0, 3, 22064.55, 97095122, 206
4536, 1364, 8, 29, 0, 0, 4.88%, 0, 0, 3, 22102.24, 97212522, 206
4542, 1365, 10, 29, 0, 0, 4.88%, 0, 0, 3, 22803.09, 97331469, 206
4547, 1367, 27, 29, 0, 0, 4.88%, 0, 0, 3, 22052.10, 97446061, 206
4552, 1369, 21, 29, 0, 0, 4.88%, 0, 0, 3, 23377.18, 97564128, 206
4557, 1370, 7, 29, 0, 0, 4.88%, 0, 0, 3, 22306.53, 97677482, 206
4562, 1372, 7, 29, 0, 0, 4.88%, 0, 0, 3, 22688.99, 97794796, 206
4567, 1373, 15, 29, 0, 0, 4.88%, 0, 0, 3, 21694.32, 97908185, 206
4572, 1375, 3, 29, 0, 0, 4.88%, 0, 0, 3, 22988.50, 98028052, 206
4577, 1377, 15, 29, 0, 0, 4.88%, 0, 0, 3, 21908.01, 98137785, 206
4582, 1378, 13, 29, 0, 0, 4.88%, 0, 0, 3, 22806.26, 98253566, 206
4588, 1380, 25, 29, 0, 0, 4.88%, 0, 0, 3, 20944.36, 98361767, 206
4593, 1381, 7, 29, 0, 0, 4.88%, 0, 0, 3, 22984.03, 98481880, 206
4598, 1383, 3, 29, 0, 0, 4.88%, 0, 0, 3, 21531.05, 98590266, 206
4603, 1385, 27, 29, 0, 0, 4.88%, 0, 0, 3, 23195.91, 98710419, 206
4608, 1386, 7, 29, 0, 0, 4.88%, 0, 0, 3, 21574.47, 98818183, 206
4613, 1388, 7, 29, 0, 0, 4.88%, 0, 0, 3, 23284.56, 98942766, 206
4618, 1389, 7, 29, 0, 0, 4.88%, 0, 0, 3, 22293.82, 99055436, 206
4623, 1391, 26, 29, 0, 0, 4.88%, 0, 0, 3, 22645.94, 99173191, 206
4629, 1393, 26, 29, 0, 0, 4.88%, 0, 0, 3, 21410.81, 99282494, 206
4634, 1394, 7, 29, 0, 0, 4.88%, 0, 0, 3, 22553.74, 99402111, 206
4639, 1396, 13, 29, 0, 0, 4.88%, 0, 0, 3, 21703.70, 99508795, 206
4644, 1397, 26, 29, 0, 0, 4.88%, 0, 0, 3, 22778.74, 99629025, 206
4649, 1399, 7, 29, 0, 0, 4.88%, 0, 0, 3, 22462.20, 99742048, 206
4654, 1401, 7, 29, 0, 0, 4.88%, 0, 0, 3, 23397.17, 99866023, 206
4660, 1402, 3, 29, 0, 0, 4.88%, 0, 0, 3, 22040.93, 99975548, 206
4665, 1404, 7, 29, 0, 0, 4.88%, 0, 0, 3, 22700.31, 100095229, 206
4670, 1406, 7, 29, 0, 0, 4.88%, 0, 0, 3, 22353.79, 100206733, 206
4675, 1407, 18, 29, 0, 0, 4.88%, 0, 0, 3, 22487.99, 100325334, 206
4680, 1409, 13, 29, 0, 0, 4.88%, 0, 0, 3, 22364.91, 100438378, 206
4685, 1411, 9, 29, 0, 0, 4.88%, 0, 0, 3, 23295.73, 100561762, 206
4691, 1412, 20, 29, 0, 0, 4.88%, 0, 0, 3, 23419.28, 100679027, 206
4696, 1414, 7, 29, 0, 0, 4.88%, 0, 0, 3, 23058.35, 100800190, 206
4701, 1415, 8, 29, 0, 0, 4.88%, 0, 0, 3, 22591.54, 100910170, 206
4706, 1417, 20, 29, 0, 0, 4.88%, 0, 0, 3, 21279.08, 101024513, 206
4711, 1419, 7, 29, 0, 0, 4.88%, 0, 0, 3, 21931.22, 101137471, 206
4716, 1420, 9, 29, 0, 0, 4.88%, 0, 0, 3, 22635.03, 101257335, 206
4721, 1422, 8, 29, 0, 0, 4.88%, 0, 0, 3, 21903.53, 101369823, 206
4727, 1424, 25, 29, 0, 0, 4.88%, 0, 0, 3, 22068.25, 101486392, 206
4732, 1425, 7, 29, 0, 0, 4.88%, 0, 0, 3, 23112.24, 101607399, 206
4737, 1427, 20, 29, 0, 0, 4.88%, 0, 0, 3, 22199.46, 101723513, 206
4742, 1428, 7, 29, 0, 0, 4.88%, 0, 0, 3, 23517.43, 101840609, 206
4747, 1430, 12, 29, 0, 0, 4.88%, 0, 0, 3, 22523.25, 101951543, 206
4752, 1432, 25, 29, 0, 0, 4.88%, 0, 0, 3, 23086.33, 102069543, 206
4758, 1433, 8, 29, 0, 0, 4.88%, 0, 0, 3, 22441.75, 102186061, 206
4763, 1435, 13, 29, 0, 0, 4.88%, 0, 0, 3, 23362.91, 102307947, 206
4768, 1437, 7, 29, 0, 0, 4.88%, 0, 0, 3, 20900.49, 102412680, 206
4773, 1438, 25, 29, 0, 0, 4.88%, 0, 0, 3, 22648.09, 102531376, 206
4778, 1440, 7, 29, 0, 0, 4.88%, 0, 0, 3, 22577.01, 102643198, 206
4783, 1441, 19, 29, 0, 0, 4.88%, 0, 0, 3, 23128.62, 102762552, 206
4788, 1443, 21, 29, 0, 0, 4.88%, 0, 0, 3, 21919.01, 102874313, 206
4794, 1445, 6, 29, 0, 0, 4.88%, 0, 0, 3, 23612.38, 102999466, 206
4799, 1446, 26, 29, 0, 0, 4.88%, 0, 0, 3, 22379.88, 103115042, 206
4804, 1448, 7, 29, 0, 0, 4.88%, 0, 0, 3, 23161.36, 103235866, 206
4809, 1450, 7, 29, 0, 0, 4.88%, 0, 0, 3, 22346.20, 103344536, 206
4814, 1451, 7, 29, 0, 0, 4.88%, 0, 0, 3, 22983.49, 103464282, 206
4819, 1453, 7, 29, 0, 0, 4.88%, 0, 0, 3, 22455.91, 103574097, 206
4824, 1454, 3, 29, 0, 0, 4.88%, 0, 0, 3, 22821.39, 103692117, 206
4829, 1456, 16, 29, 0, 0, 4.88%, 0, 0, 3, 22436.67, 103801105, 206
4834, 1458, 19, 29, 0, 0, 4.88%, 0, 0, 3, 22931.17, 103917586, 206
4839, 1459, 8, 29, 0, 0, 4.88%, 0, 0, 3, 22215.63, 104026847, 206
4845, 1461, 7, 29, 0, 0, 4.88%, 0, 0, 3, 23612.52, 104147923, 206
4850, 1462, 20, 29, 0, 0, 4.88%, 0, 0, 3, 22068.28, 104257629, 206
4855, 1464, 26, 29, 0, 0, 4.88%, 0, 0, 3, 23542.48, 104382644, 206
4860, 1466, 7, 29, 0, 0, 4.88%, 0, 0, 3, 22886.21, 104497841, 206
4865, 1467, 16, 29, 0, 0, 4.88%, 0, 0, 3, 22494.68, 104611574, 206
4870, 1469, 25, 29, 0, 0, 4.88%, 0, 0, 3, 22525.65, 104723905, 206
4875, 1471, 7, 29, 0, 0, 4.88%, 0, 0, 3, 22910.37, 104842942, 206
4880, 1472, 7, 29, 0, 0, 4.88%, 0, 0, 3, 22945.53, 104956619, 206
4885, 1474, 7, 29, 0, 0, 4.88%, 0, 0, 3, 22531.82, 105076088, 206
4891, 1476, 25, 29, 0, 0, 4.88%, 0, 0, 3, 22902.82, 105191342, 206
4896, 1477, 25, 29, 0, 0, 4.88%, 0, 0, 3, 23070.23, 105312810, 206
4901, 1479, 7, 29, 0, 0, 4.88%, 0, 0, 3, 23330.80, 105431381, 206
4906, 1481, 18, 29, 0, 0, 4.88%, 0, 0, 3, 22430.09, 105545126, 206
4911, 1482, 21, 29, 0, 0, 4.88%, 0, 0, 3, 22388.29, 105656041, 206
4916, 1484, 8, 29, 0, 0, 4.88%, 0, 0, 3, 22321.01, 105773102, 206
4921, 1485, 15, 29, 0, 0, 4.88%, 0, 0, 3, 22885.63, 105891480, 206
4926, 1487, 13, 29, 0, 0, 4.88%, 0, 0, 3, 21758.63, 106001266, 206
4932, 1489, 25, 29, 0, 0, 4.88%, 0, 0, 3, 22664.32, 106118754, 206
4937, 1490, 19, 29, 0, 0, 4.88%, 0, 0, 3, 21894.04, 106234371, 206
4942, 1492, 13, 29, 0, 0, 4.88%, 0, 0, 3, 22638.12, 106349072, 206
4947, 1493, 27, 29, 0, 0, 4.88%, 0, 0, 3, 20974.77, 106453720, 206
4952, 1495, 7, 29, 0, 0, 4.88%, 0, 0, 3, 23148.57, 106574227, 206
4957, 1497, 25, 29, 0, 0, 4.88%, 0, 0, 3, 21894.54, 106685852, 206
4962, 1498, 7, 29, 0, 0, 4.88%, 0, 0, 3, 22643.49, 106804048, 206
4967, 1500, 2, 29, 0, 0, 4.88%, 0, 0, 3, 22556.71, 106921194, 206
4972, 1501, 7, 29, 0, 0, 4.88%, 0, 0, 3, 22867.47, 107035317, 206
4977, 1503, 7, 29, 0, 0, 4.88%, 0, 0, 3, 21967.65, 107143718, 206
4982, 1505, 15, 29, 0, 0, 4.88%, 0, 0, 3, 23739.85, 107263320, 206
4987, 1506, 20, 29, 0, 0, 4.88%, 0, 0, 3, 22390.21, 107378963, 206
4993, 1508, 21, 29, 0, 0, 4.88%, 0, 0, 3, 23011.93, 107498193, 206
4998, 1510, 25, 29, 0, 0, 4.88%, 0, 0, 3, 21630.93, 107607417, 206
5003, 1511, 13, 29, 0, 0, 4.88%, 0, 0, 3, 22871.87, 107726399, 206
5008, 1513, 9, 29, 0, 0, 4.88%, 0, 0, 3, 21173.56, 107835050, 206
5013, 1514, 7, 29, 0, 0, 4.88%, 0, 0, 3, 23344.12, 107955640, 206
5018, 1516, 3, 29, 0, 0, 4.88%, 0, 0, 3, 21812.29, 108066827, 206
5023, 1518, 7, 29, 0, 0, 4.88%, 0, 0, 3, 22900.13, 108187491, 206
5029, 1519, 7, 29, 0, 0, 4.88%, 0, 0, 3, 22386.89, 108302341, 206
5034, 1521, 26, 29, 0, 0, 4.88%, 0, 0, 3, 23894.59, 108427055, 206
5039, 1523, 26, 29, 0, 0, 4.88%, 0, 0, 3, 22960.97, 108544260, 206
5044, 1524, 7, 29, 0, 0, 4.88%, 0, 0, 3, 22711.24, 108659166, 206
5049, 1526, 26, 29, 0, 0, 4.88%, 0, 0, 3, 21948.19, 108768720, 206
5054, 1528, 20, 29, 0, 0, 4.88%, 0, 0, 3, 23885.19, 108893115, 206
5060, 1529, 8, 29, 0, 0, 4.88%, 0, 0, 3, 23448.31, 109011494, 206
5065, 1531, 19, 29, 0, 0, 4.88%, 0, 0, 3, 22467.20, 109125242, 206
5070, 1532, 19, 29, 0, 0, 4.88%, 0, 0, 3, 22407.83, 109236469, 206
5075, 1534, 7, 29, 0, 0, 4.88%, 0, 0, 3, 22285.67, 109352855, 206
5080, 1536, 8, 29, 0, 0, 4.88%, 0, 0, 3, 22016.81, 109466376, 206
5085, 1537, 18, 29, 0, 0, 4.88%, 0, 0, 3, 22444.86, 109581576, 206
5090, 1539, 7, 29, 0, 0, 4.88%, 0, 0, 3, 22128.57, 109688820, 206
5095, 1540, 7, 29, 0, 0, 4.88%, 0, 0, 3, 22452.69, 109807182, 206
5101, 1542, 25, 29, 0, 0, 4.88%, 0, 0, 3, 23716.16, 109929117, 206
5106, 1544, 13, 29, 0, 0, 4.88%, 0, 0, 3, 22046.47, 110045447, 206
5111, 1545, 7, 29, 0, 0, 4.88%, 0, 0, 3, 23412.10, 110165424, 206
5116, 1547, 3, 29, 0, 0, 4.88%, 0, 0, 3, 23239.91, 110284975, 206
5121, 1549, 7, 29, 0, 0, 4.88%, 0, 0, 3, 23019.09, 110401394, 206
5126, 1550, 2, 29, 0, 0, 4.88%, 0, 0, 3, 21352.80, 110514433, 206
5131, 1552, 9, 29, 0, 0, 4.88%, 0, 0, 3, 22413.08, 110627418, 206
5136, 1553, 7, 29, 0, 0, 4.88%, 0, 0, 3, 21528.49, 110738299, 206
5142, 1555, 10, 29, 0, 0, 4.88%, 0, 0, 3, 22378.27, 110852958, 206
5147, 1557, 27, 29, 0, 0, 4.88%, 0, 0, 3, 21208.68, 110965815, 206
5152, 1558, 13, 29, 0, 0, 4.88%, 0, 0, 3, 22467.74, 111079539, 206
5157, 1560, 25, 29, 0, 0, 4.88%, 0, 0, 3, 21830.91, 111191885, 206
5162, 1561, 6, 29, 0, 0, 4.88%, 0, 0, 3, 22674.42, 111306824, 206
5167, 1563, 7, 29, 0, 0, 4.88%, 0, 0, 3, 21560.29, 111416574, 206
5172, 1565, 7, 29, 0, 0, 4.88%, 0, 0, 3, 22712.56, 111539336, 206
5177, 1566, 25, 29, 0, 0, 4.88%, 0, 0, 3, 21620.41, 111648955, 206
5182, 1568, 7, 29, 0, 0, 4.88%, 0, 0, 3, 23528.36, 111768898, 206
5187, 1570, 2, 29, 0, 0, 4.88%, 0, 0, 3, 21211.26, 111873721, 206
5192, 1571, 7, 29, 0, 0, 4.88%, 0, 0, 3, 22175.43, 111988168, 206
5197, 1573, 25, 29, 0, 0, 4.88%, 0, 0, 3, 21913.66, 112107833, 206
5202, 1574, 7, 29, 0, 0, 4.88%, 0, 0, 3, 22558.18, 112221031, 206
5208, 1576, 7, 29, 0, 0, 4.88%, 0, 0, 3, 20818.29, 112330489, 206
5213, 1578, 9, 29, 0, 0, 4.88%, 0, 0, 3, 23405.15, 112452651, 206
5218, 1579, 26, 29, 0, 0, 4.88%, 0, 0, 3, 21249.53, 112561685, 206
5223, 1581, 21, 29, 0, 0, 4.88%, 0, 0, 3, 24042.74, 112690359, 206
5228, 1582, 7, 29, 0, 0, 4.88%, 0, 0, 3, 21961.82, 112797755, 206
5233, 1584, 9, 29, 0, 0, 4.88%, 0, 0, 3, 23886.12, 112921033, 206
5238, 1586, 7, 29, 0, 0, 4.88%, 0, 0, 3, 21075.43, 113025044, 206
5243, 1587, 13, 29, 0, 0, 4.88%, 0, 0, 3, 23729.74, 113150560, 206
5249, 1589, 19, 29, 0, 0, 4.88%, 0, 0, 3, 21839.63, 113260490, 206
5254, 1591, 27, 29, 0, 0, 4.88%, 0, 0, 3, 23415.63, 113379208, 206
5259, 1592, 7, 29, 0, 0, 4.88%, 0, 0, 3, 21897.82, 113487257, 206
5264, 1594, 10, 29, 0, 0, 4.88%, 0, 0, 3, 23064.18, 113607035, 206
5269, 1595, 7, 29, 0, 0, 4.88%, 0, 0, 3, 21709.76, 113719105, 206
5274, 1597, 25, 29, 0, 0, 4.88%, 0, 0, 3, 22574.75, 113837714, 206
5279, 1599, 7, 29, 0, 0, 4.88%, 0, 0, 3, 22297.93, 113951096, 206
5284, 1600, 7, 29, 0, 0, 4.88%, 0, 0, 3, 22543.94, 114066064, 206
5290, 1602, 7, 29, 0, 0, 4.88%, 0, 0, 3, 22341.81, 114179141, 206
5295, 1603, 6, 29, 0, 0, 4.88%, 0, 0, 3, 22933.87, 114296540, 206
5300, 1605, 19, 29, 0, 0, 4.88%, 0, 0, 3, 22335.27, 114410575, 206
5305, 1607, 2, 29, 0, 0, 4.88%, 0, 0, 3, 22056.22, 114524226, 206
5310, 1608, 7, 29, 0, 0, 4.88%, 0, 0, 3, 21831.00, 114630982, 206
5315, 1610, 15, 29, 0, 0, 4.88%, 0, 0, 3, 22520.84, 114744936, 206
5320, 1611, 7, 29, 0, 0, 4.88%, 0, 0, 3, 22693.39, 114861815, 206
5325, 1613, 10, 29, 0, 0, 4.88%, 0, 0, 3, 22748.30, 114981734, 206
5330, 1615, 25, 29, 0, 0, 4.88%, 0, 0, 3, 23176.88, 115100986, 206
5336, 1616, 8, 29, 0, 0, 4.88%, 0, 0, 3, 22771.73, 115219262, 206
5341, 1618, 20, 29, 0, 0, 4.88%, 0, 0, 3, 22934.73, 115332651, 206
5346, 1619, 25, 29, 0, 0, 4.88%, 0, 0, 3, 22335.84, 115446332, 206
5351, 1621, 7, 29, 0, 0, 4.88%, 0, 0, 3, 22440.98, 115557544, 206
5356, 1623, 7, 29, 0, 0, 4.88%, 0, 0, 3, 22570.44, 115678462, 206
5361, 1624, 7, 29, 0, 0, 4.88%, 0, 0, 3, 22811.30, 115794486, 206
5366, 1626, 7, 29, 0, 0, 4.88%, 0, 0, 3, 21549.84, 115907333, 206
5371, 1627, 7, 29, 0, 0, 4.88%, 0, 0, 3, 22471.14, 116024776, 206
5377, 1629, 25, 29, 0, 0, 4.88%, 0, 0, 3, 21939.15, 116142343, 206
5382, 1631, 7, 29, 0, 0, 4.88%, 0, 0, 3, 22715.23, 116259073, 206
5387, 1632, 15, 29, 0, 0, 4.88%, 0, 0, 3, 22263.48, 116371187, 206
5392, 1634, 9, 29, 0, 0, 4.88%, 0, 0, 3, 23089.99, 116492247, 206
5397, 1636, 25, 29, 0, 0, 4.88%, 0, 0, 3, 23166.74, 116609676, 206
5402, 1637, 3, 29, 0, 0, 4.88%, 0, 0, 3, 23173.83, 116732008, 206
5407, 1639, 19, 29, 0, 0, 4.88%, 0, 0, 3, 23089.21, 116849034, 206
5412, 1641, 25, 29, 0, 0, 4.88%, 0, 0, 3, 23937.58, 116971831, 206
5417, 1642, 7, 29, 0, 0, 4.88%, 0, 0, 3, 22825.42, 117084402, 206
5422, 1644, 13, 29, 0, 0, 4.88%, 0, 0, 3, 23584.07, 117205244, 206
5427, 1645, 25, 29, 0, 0, 4.88%, 0, 0, 3, 21399.77, 117309368, 206
5432, 1647, 18, 29, 0, 0, 4.88%, 0, 0, 3, 22632.34, 117427567, 206
5438, 1648, 7, 29, 0, 0, 4.88%, 0, 0, 3, 21421.67, 117538498, 206
5443, 1650, 26, 29, 0, 0, 4.88%, 0, 0, 3, 23047.55, 117655728, 206
5448, 1652, 20, 29, 0, 0, 4.88%, 0, 0, 3, 22271.56, 117769843, 206
5453, 1653, 7, 29, 0, 0, 4.88%, 0, 0, 3, 23023.94, 117888508, 206
5458, 1655, 24, 29, 0, 0, 4.88%, 0, 0, 3, 22047.92, 118001426, 206
5463, 1657, 26, 29, 0, 0, 4.88%, 0, 0, 3, 23516.33, 118126163, 206
5469, 1658, 19, 29, 0, 0, 4.88%, 0, 0, 3, 22450.48, 118241159, 206
5474, 1660, 2, 29, 0, 0, 4.88%, 0, 0, 3, 23567.09, 118364738, 206
5479, 1662, 7, 29, 0, 0, 4.88%, 0, 0, 3, 22856.61, 118481941, 206
5484, 1663, 7, 29, 0, 0, 4.88%, 0, 0, 3, 23263.81, 118600341, 206
5489, 1665, 25, 29, 0, 0, 4.88%, 0, 0, 3, 22253.89, 118708170, 206
5494, 1667, 7, 29, 0, 0, 4.88%, 0, 0, 3, 23678.94, 118832210, 206
5499, 1668, 15, 29, 0, 0, 4.88%, 0, 0, 3, 21850.92, 118939132, 206
5504, 1670, 13, 29, 0, 0, 4.88%, 0, 0, 3, 23344.30, 119062927, 206
5510, 1672, 3, 29, 0, 0, 4.88%, 0, 0, 3, 22606.68, 119177869, 206
5515, 1673, 18, 29, 0, 0, 4.88%, 0, 0, 3, 23984.81, 119302798, 206
5520, 1675, 27, 29, 0, 0, 4.88%, 0, 0, 3, 23209.44, 119421019, 206
5525, 1677, 27, 29, 0, 0, 4.88%, 0, 0, 3, 23146.19, 119540319, 206
5530, 1678, 25, 29, 0, 0, 4.88%, 0, 0, 3, 22771.93, 119654116, 206
5535, 1680, 7, 29, 0, 0, 4.88%, 0, 0, 3, 22899.28, 119772627, 206
5541, 1682, 9, 29, 0, 0, 4.88%, 0, 0, 3, 23209.53, 119890729, 206
5546, 1683, 24, 29, 0, 0, 4.88%, 0, 0, 3, 21367.19, 120002754, 206
5551, 1685, 7, 29, 0, 0, 4.88%, 0, 0, 3, 22369.50, 120118693, 206
5556, 1686, 15, 29, 0, 0, 4.88%, 0, 0, 3, 22845.87, 120239185, 206
5561, 1688, 7, 29, 0, 0, 4.88%, 0, 0, 3, 22561.49, 120351456, 206
5566, 1690, 7, 29, 0, 0, 4.88%, 0, 0, 3, 21858.51, 120468634, 206
5571, 1691, 7, 29, 0, 0, 4.88%, 0, 0, 3, 22719.64, 120583756, 206
5577, 1693, 25, 29, 0, 0, 4.88%, 0, 0, 3, 21621.07, 120696635, 206
5582, 1695, 7, 29, 0, 0, 4.88%, 0, 0, 3, 22993.45, 120817375, 206
5587, 1696, 2, 29, 0, 0, 4.88%, 0, 0, 3, 21916.05, 120933453, 206
5592, 1698, 3, 29, 0, 0, 4.88%, 0, 0, 3, 24162.24, 121059681, 206
5597, 1700, 7, 29, 0, 0, 4.88%, 0, 0, 3, 22713.13, 121173141, 206
5602, 1701, 21, 29, 0, 0, 4.88%, 0, 0, 3, 23848.05, 121294885, 206
5607, 1703, 10, 29, 0, 0, 4.88%, 0, 0, 3, 21901.15, 121405732, 206
5612, 1705, 19, 29, 0, 0, 4.88%, 0, 0, 3, 23911.88, 121528866, 206
5618, 1706, 7, 29, 0, 0, 4.88%, 0, 0, 3, 22535.79, 121646412, 206
5623, 1708, 8, 29, 0, 0, 4.88%, 0, 0, 3, 23040.39, 121765540, 206
5628, 1709, 7, 29, 0, 0, 4.88%, 0, 0, 3, 21854.57, 121879133, 206
5633, 1711, 7, 29, 0, 0, 4.88%, 0, 0, 3, 23165.18, 122000302, 206
5638, 1713, 24, 29, 0, 0, 4.88%, 0, 0, 3, 22647.10, 122113368, 206
5643, 1714, 7, 29, 0, 0, 4.88%, 0, 0, 3, 22039.33, 122229624, 206
5648, 1716, 7, 29, 0, 0, 4.88%, 0, 0, 3, 21941.27, 122342769, 206
5654, 1718, 26, 29, 0, 0, 4.88%, 0, 0, 3, 22886.36, 122463474, 206
5659, 1719, 13, 29, 0, 0, 4.88%, 0, 0, 3, 22707.23, 122579698, 206
5664, 1721, 13, 29, 0, 0, 4.88%, 0, 0, 3, 23015.81, 122700986, 206
5669, 1723, 7, 29, 0, 0, 4.88%, 0, 0, 3, 22152.03, 122810450, 206
5674, 1724, 9, 29, 0, 0, 4.88%, 0, 0, 3, 23874.81, 122936435, 206
5679, 1726, 25, 29, 0, 0, 4.88%, 0, 0, 3, 23179.61, 123049152, 206
5685, 1728, 13, 29, 0, 0, 4.88%, 0, 0, 3, 23134.61, 123167879, 206
5690, 1729, 7, 29, 0, 0, 4.88%, 0, 0, 3, 22728.08, 123278234, 206
5695, 1731, 25, 29, 0, 0, 4.88%, 0, 0, 3, 25417.91, 123409145, 206
5700, 1733, 7, 29, 0, 0, 4.88%, 0, 0, 3, 24651.28, 123529306, 206
5705, 1734, 8, 29, 0, 0, 4.88%, 0, 0, 3, 24051.42, 123651733, 206
5710, 1736, 7, 29, 0, 0, 4.88%, 0, 0, 3, 22671.59, 123764952, 206
5715, 1738, 7, 29, 0, 0, 4.88%, 0, 0, 3, 23136.39, 123882973, 206
5720, 1739, 21, 29, 0, 0, 4.88%, 0, 0, 3, 22810.82, 123998471, 206
5726, 1741, 7, 29, 0, 0, 4.88%, 0, 0, 3, 22143.43, 124116598, 206
5731, 1742, 7, 29, 0, 0, 4.88%, 0, 0, 3, 21967.82, 124226001, 206
5736, 1744, 25, 29, 0, 0, 4.88%, 0, 0, 3, 22120.97, 124340071, 206
5741, 1746, 25, 29, 0, 0, 4.88%, 0, 0, 3, 22779.27, 124458233, 206
5746, 1747, 21, 29, 0, 0, 4.88%, 0, 0, 3, 22066.99, 124574474, 206
5751, 1749, 7, 29, 0, 0, 4.88%, 0, 0, 3, 22634.40, 124687577, 206
5756, 1751, 7, 29, 0, 0, 4.88%, 0, 0, 3, 22307.84, 124805465, 206
5761, 1752, 21, 29, 0, 0, 4.88%, 0, 0, 3, 23992.21, 124927031, 206
5766, 1754, 13, 29, 0, 0, 4.88%, 0, 0, 3, 22198.07, 125042506, 206
5771, 1756, 15, 29, 0, 0, 4.88%, 0, 0, 3, 22856.58, 125157339, 206
5776, 1757, 26, 29, 0, 0, 4.88%, 0, 0, 3, 22520.44, 125272050, 206
5782, 1759, 8, 29, 0, 0, 4.88%, 0, 0, 3, 23240.57, 125391898, 206
5787, 1760, 7, 29, 0, 0, 4.88%, 0, 0, 3, 20965.86, 125500989, 206
5792, 1762, 25, 29, 0, 0, 4.88%, 0, 0, 3, 23757.68, 125626267, 206
5797, 1764, 27, 29, 0, 0, 4.88%, 0, 0, 3, 21779.21, 125737105, 206
5802, 1765, 7, 29, 0, 0, 4.88%, 0, 0, 3, 23044.10, 125856399, 206
5807, 1767, 6, 29, 0, 0, 4.88%, 0, 0, 3, 23050.38, 125975440, 206
5812, 1769, 6, 29, 0, 0, 4.88%, 0, 0, 3, 23385.29, 126094796, 206
5818, 1770, 9, 29, 0, 0, 4.88%, 0, 0, 3, 21357.56, 126207027, 206
5823, 1772, 7, 29, 0, 0, 4.88%, 0, 0, 3, 23191.00, 126328696, 206
5828, 1774, 7, 29, 0, 0, 4.88%, 0, 0, 3, 21880.77, 126440550, 206
5833, 1775, 15, 29, 0, 0, 4.88%, 0, 0, 3, 23162.58, 126557275, 206
5838, 1777, 7, 29, 0, 0, 4.88%, 0, 0, 3, 22703.55, 126676952, 206
5843, 1779, 3, 29, 0, 0, 4.88%, 0, 0, 3, 25013.22, 126806926, 206
5848, 1780, 9, 29, 0, 0, 4.88%, 0, 0, 3, 22040.52, 126917208, 206
5853, 1782, 7, 29, 0, 0, 4.88%, 0, 0, 3, 24649.31, 127042344, 206
5858, 1784, 25, 29, 0, 0, 4.88%, 0, 0, 3, 22598.35, 127153819, 206
5863, 1785, 19, 29, 0, 0, 4.88%, 0, 0, 3, 22875.50, 127273099, 206
5869, 1787, 7, 29, 0, 0, 4.88%, 0, 0, 3, 22472.65, 127388160, 206
5874, 1789, 7, 29, 0, 0, 4.88%, 0, 0, 3, 22731.98, 127506641, 206
5879, 1790, 7, 29, 0, 0, 4.88%, 0, 0, 3, 22626.63, 127621979, 206
5884, 1792, 7, 29, 0, 0, 4.88%, 0, 0, 3, 23040.29, 127738791, 206
5889, 1794, 15, 29, 0, 0, 4.88%, 0, 0, 3, 22302.45, 127853113, 206
5894, 1795, 16, 29, 0, 0, 4.88%, 0, 0, 3, 22778.26, 127973685, 206
5900, 1797, 8, 29, 0, 0, 4.88%, 0, 0, 3, 22906.13, 128090030, 206
5905, 1799, 7, 29, 0, 0, 4.88%, 0, 0, 3, 23184.05, 128214998, 206
5910, 1800, 26, 29, 0, 0, 4.88%, 0, 0, 3, 22953.39, 128327306, 206
5915, 1802, 2, 29, 0, 0, 4.88%, 0, 0, 3, 24172.07, 128456370, 206
5920, 1804, 16, 29, 0, 0, 4.88%, 0, 0, 3, 23069.35, 128572148, 206
5925, 1805, 6, 29, 0, 0, 4.88%, 0, 0, 3, 22576.03, 128690870, 206
5931, 1807, 25, 29, 0, 0, 4.88%, 0, 0, 3, 22954.23, 128803627, 206
5936, 1809, 7, 29, 0, 0, 4.88%, 0, 0, 3, 22842.23, 128922697, 206
5941, 1810, 25, 29, 0, 0, 4.88%, 0, 0, 3, 22789.39, 129035282, 206
5946, 1812, 19, 29, 0, 0, 4.88%, 0, 0, 3, 22180.77, 129147408, 206
5951, 1813, 7, 29, 0, 0, 4.88%, 0, 0, 3, 22134.44, 129256512, 206
5956, 1815, 7, 29, 0, 0, 4.88%, 0, 0, 3, 23367.64, 129380455, 206
5961, 1817, 7, 29, 0, 0, 4.88%, 0, 0, 3, 22637.59, 129495870, 206
5966, 1818, 7, 29, 0, 0, 4.88%, 0, 0, 3, 21249.42, 129607434, 206
5971, 1820, 7, 29, 0, 0, 4.88%, 0, 0, 3, 23635.01, 129723563, 206
5976, 1822, 16, 29, 0, 0, 4.88%, 0, 0, 3, 22852.44, 129847023, 206
5981, 1823, 20, 29, 0, 0, 4.88%, 0, 0, 3, 22746.83, 129964770, 206
5987, 1825, 7, 29, 0, 0, 4.88%, 0, 0, 3, 22401.79, 130082944, 206
5992, 1827, 25, 29, 0, 0, 4.88%, 0, 0, 3, 23262.45, 130201673, 206
5997, 1828, 19, 29, 0, 0, 4.88%, 0, 0, 3, 22081.15, 130317118, 206
6002, 1830, 25, 29, 0, 0, 4.88%, 0, 0, 3, 23769.91, 130438294, 206
6007, 1832, 6, 29, 0, 0, 4.88%, 0, 0, 3, 22674.65, 130555118, 206
6012, 1833, 8, 29, 0, 0, 4.88%, 0, 0, 3, 23223.50, 130674554, 206
6018, 1835, 7, 29, 0, 0, 4.88%, 0, 0, 3, 21015.61, 130782076, 206
6023, 1837, 7, 29, 0, 0, 4.88%, 0, 0, 3, 24661.47, 130909661, 206
6028, 1838, 7, 29, 0, 0, 4.88%, 0, 0, 3, 21770.22, 131017654, 206
6033, 1840, 7, 29, 0, 0, 4.88%, 0, 0, 3, 24031.03, 131144845, 206
6038, 1842, 25, 29, 0, 0, 4.88%, 0, 0, 3, 22705.76, 131262008, 206
6043, 1843, 8, 29, 0, 0, 4.88%, 0, 0, 3, 23703.48, 131386310, 206
6048, 1845, 21, 29, 0, 0, 4.88%, 0, 0, 3, 22390.69, 131497589, 206
6053, 1847, 8, 29, 0, 0, 4.88%, 0, 0, 3, 24354.74, 131624006, 206
6059, 1848, 7, 29, 0, 0, 4.88%, 0, 0, 3, 22657.45, 131738454, 206
6064, 1850, 6, 29, 0, 0, 4.88%, 0, 0, 3, 25545.08, 131880918, 206
6069, 1852, 25, 29, 0, 0, 4.88%, 0, 0, 3, 22084.36, 131991400, 206
6074, 1854, 7, 29, 0, 0, 4.88%, 0, 0, 3, 26364.21, 132131712, 206
6079, 1855, 25, 29, 0, 0, 4.88%, 0, 0, 3, 23549.59, 132252143, 206
6084, 1857, 7, 29, 0, 0, 4.88%, 0, 0, 3, 24015.35, 132373490, 206
6089, 1859, 7, 29, 0, 0, 4.88%, 0, 0, 3, 22040.48, 132481153, 206
6095, 1860, 24, 29, 0, 0, 4.88%, 0, 0, 3, 23351.10, 132602819, 206
6100, 1862, 7, 29, 0, 0, 4.88%, 0, 0, 3, 23429.55, 132719947, 206
6105, 1864, 25, 29, 0, 0, 4.88%, 0, 0, 3, 23031.97, 132841020, 206
6110, 1865, 19, 29, 0, 0, 4.88%, 0, 0, 3, 23281.87, 132961102, 206
6115, 1867, 7, 29, 0, 0, 4.88%, 0, 0, 3, 22700.79, 133078398, 206
6120, 1869, 2, 29, 0, 0, 4.88%, 0, 0, 3, 22972.00, 133193336, 206
6126, 1870, 16, 29, 0, 0, 4.88%, 0, 0, 3, 22122.78, 133310812, 206
6131, 1872, 20, 29, 0, 0, 4.88%, 0, 0, 3, 24355.36, 133428654, 206
6136, 1874, 15, 29, 0, 0, 4.88%, 0, 0, 3, 22062.62, 133544384, 206
6141, 1875, 7, 29, 0, 0, 4.88%, 0, 0, 3, 24764.77, 133669316, 206
6146, 1877, 7, 29, 0, 0, 4.88%, 0, 0, 3, 21666.57, 133780894, 206
6151, 1879, 13, 29, 0, 0, 4.88%, 0, 0, 3, 23571.51, 133901769, 206
6156, 1880, 7, 29, 0, 0, 4.88%, 0, 0, 3, 22977.32, 134021576, 206
6162, 1882, 15, 29, 0, 0, 4.88%, 0, 0, 3, 23027.13, 134137577, 206
6167, 1884, 19, 29, 0, 0, 4.88%, 0, 0, 3, 23305.36, 134259234, 206
6172, 1885, 7, 29, 0, 0, 4.88%, 0, 0, 3, 23347.81, 134374196, 206
6177, 1887, 25, 29, 0, 0, 4.88%, 0, 0, 3, 22820.30, 134491243, 206
6182, 1889, 7, 29, 0, 0, 4.88%, 0, 0, 3, 23483.80, 134610784, 206
6187, 1891, 27, 29, 0, 0, 4.88%, 0, 0, 3, 22215.66, 134723901, 206
6192, 1892, 26, 29, 0, 0, 4.88%, 0, 0, 3, 23508.00, 134843616, 206
6197, 1894, 7, 29, 0, 0, 4.88%, 0, 0, 3, 22269.36, 134957220, 206
6202, 1895, 19, 29, 0, 0, 4.88%, 0, 0, 3, 23825.82, 135081492, 206
6207, 1897, 7, 29, 0, 0, 4.88%, 0, 0, 3, 22196.83, 135194619, 206
6212, 1899, 2, 29, 0, 0, 4.88%, 0, 0, 3, 22384.21, 135312527, 206
6217, 1900, 7, 29, 0, 0, 4.88%, 0, 0, 3, 22296.77, 135431186, 206
6222, 1902, 7, 29, 0, 0, 4.88%, 0, 0, 3, 23729.54, 135554305, 206
6227, 1904, 18, 29, 0, 0, 4.88%, 0, 0, 3, 22723.10, 135667032, 206
6233, 1905, 9, 29, 0, 0, 4.88%, 0, 0, 3, 23262.23, 135787758, 206
6238, 1907, 9, 29, 0, 0, 4.88%, 0, 0, 3, 23135.45, 135905608, 206
6243, 1909, 19, 29, 0, 0, 4.88%, 0, 0, 3, 24071.13, 136031196, 206
6248, 1910, 24, 29, 0, 0, 4.88%, 0, 0, 3, 21291.58, 136134663, 206
6253, 1912, 7, 29, 0, 0, 4.88%, 0, 0, 3, 24252.77, 136262331, 206
6258, 1914, 25, 29, 0, 0, 4.88%, 0, 0, 3, 22049.25, 136370626, 206
6263, 1915, 19, 29, 0, 0, 4.88%, 0, 0, 3, 23282.70, 136490108, 206
6268, 1917, 25, 29, 0, 0, 4.88%, 0, 0, 3, 21532.49, 136598299, 206
6274, 1919, 25, 29, 0, 0, 4.88%, 0, 0, 3, 24629.35, 136728468, 206
6279, 1920, 9, 29, 0, 0, 4.88%, 0, 0, 3, 21845.25, 136838182, 206
6284, 1922, 7, 29, 0, 0, 4.88%, 0, 0, 3, 23660.41, 136963269, 206
6289, 1923, 7, 29, 0, 0, 4.88%, 0, 0, 3, 21653.16, 137071628, 206
6294, 1925, 7, 29, 0, 0, 4.88%, 0, 0, 3, 24523.50, 137198471, 206
6299, 1927, 7, 29, 0, 0, 4.88%, 0, 0, 3, 23435.71, 137316975, 206
6305, 1929, 3, 29, 0, 0, 4.88%, 0, 0, 3, 25654.53, 137448184, 206
6310, 1931, 18, 29, 0, 0, 4.88%, 0, 0, 3, 23868.06, 137567895, 206
6315, 1932, 27, 29, 0, 0, 4.88%, 0, 0, 3, 24729.47, 137696228, 206
6320, 1934, 27, 29, 0, 0, 4.88%, 0, 0, 3, 24040.83, 137816217, 206
6325, 1936, 21, 29, 0, 0, 4.88%, 0, 0, 3, 21923.14, 137927058, 206
6330, 1937, 7, 29, 0, 0, 4.88%, 0, 0, 3, 22699.43, 138038690, 206
6335, 1939, 2, 29, 0, 0, 4.88%, 0, 0, 3, 23183.23, 138159506, 206
6340, 1941, 7, 29, 0, 0, 4.88%, 0, 0, 3, 23517.85, 138279664, 206
6346, 1942, 21, 29, 0, 0, 4.88%, 0, 0, 3, 23052.84, 138400781, 206
6351, 1944, 7, 29, 0, 0, 4.88%, 0, 0, 3, 24040.46, 138522638, 206
6356, 1946, 27, 29, 0, 0, 4.88%, 0, 0, 3, 22416.42, 138641250, 206
6361, 1947, 7, 29, 0, 0, 4.88%, 0, 0, 3, 23659.09, 138760000, 206
6366, 1949, 7, 29, 0, 0, 4.88%, 0, 0, 3, 22510.21, 138879523, 206
6371, 1950, 25, 29, 0, 0, 4.88%, 0, 0, 3, 23056.06, 138994472, 206
6376, 1952, 27, 29, 0, 0, 4.88%, 0, 0, 3, 22963.96, 139111217, 206
6381, 1954, 16, 29, 0, 0, 4.88%, 0, 0, 3, 23844.94, 139228927, 206
6386, 1955, 7, 29, 0, 0, 4.88%, 0, 0, 3, 21235.93, 139339644, 206
6392, 1957, 6, 29, 0, 0, 4.88%, 0, 0, 3, 22879.38, 139456155, 206
6397, 1959, 8, 29, 0, 0, 4.88%, 0, 0, 3, 23735.88, 139574926, 206
6402, 1960, 7, 29, 0, 0, 4.88%, 0, 0, 3, 23412.33, 139694620, 206
6407, 1962, 7, 29, 0, 0, 4.88%, 0, 0, 3, 22106.63, 139809691, 206
6412, 1964, 15, 29, 0, 0, 4.88%, 0, 0, 3, 23151.24, 139931794, 206
6417, 1965, 2, 29, 0, 0, 4.88%, 0, 0, 3, 23420.36, 140053123, 206
6422, 1967, 25, 29, 0, 0, 4.88%, 0, 0, 3, 23826.63, 140171929, 206
6427, 1969, 6, 29, 0, 0, 4.88%, 0, 0, 3, 22597.48, 140285728, 206
6432, 1971, 13, 29, 0, 0, 4.88%, 0, 0, 3, 23128.96, 140406193, 206
6437, 1972, 21, 29, 0, 0, 4.88%, 0, 0, 3, 22897.72, 140519982, 206
6443, 1974, 6, 29, 0, 0, 4.88%, 0, 0, 3, 24197.70, 140645643, 206
6448, 1976, 8, 29, 0, 0, 4.88%, 0, 0, 3, 22430.13, 140760969, 206
6453, 1977, 15, 29, 0, 0, 4.88%, 0, 0, 3, 23158.72, 140881608, 206
6458, 1979, 24, 29, 0, 0, 4.88%, 0, 0, 3, 22039.71, 140993676, 206
6463, 1981, 6, 29, 0, 0, 4.88%, 0, 0, 3, 24106.02, 141118845, 206
6468, 1982, 20, 29, 0, 0, 4.88%, 0, 0, 3, 23084.95, 141236290, 206
6474, 1984, 10, 29, 0, 0, 4.88%, 0, 0, 3, 23473.95, 141353643, 206
6479, 1985, 25, 29, 0, 0, 4.88%, 0, 0, 3, 22366.36, 141462189, 206
6484, 1987, 18, 29, 0, 0, 4.88%, 0, 0, 3, 24097.35, 141587846, 206
6489, 1989, 8, 29, 0, 0, 4.88%, 0, 0, 3, 22479.85, 141699808, 206
6494, 1991, 13, 29, 0, 0, 4.88%, 0, 0, 3, 24704.01, 141825337, 206
6499, 1992, 18, 29, 0, 0, 4.88%, 0, 0, 3, 22662.46, 141940542, 206
6504, 1994, 7, 29, 0, 0, 4.88%, 0, 0, 3, 23604.59, 142063617, 206
6509, 1995, 21, 29, 0, 0, 4.88%, 0, 0, 3, 21632.89, 142169002, 206
6514, 1997, 25, 29, 0, 0, 4.88%, 0, 0, 3, 24301.06, 142301140, 206
6520, 1999, 7, 29, 0, 0, 4.88%, 0, 0, 3, 22575.63, 142414702, 206
6525, 2000, 10, 29, 0, 0, 4.88%, 0, 0, 3, 23008.45, 142533310, 206
6530, 2002, 10, 29, 0, 0, 4.88%, 0, 0, 3, 22584.00, 142645793, 206
6535, 2004, 24, 29, 0, 0, 4.88%, 0, 0, 3, 23839.55, 142765618, 206
6540, 2005, 7, 29, 0, 0, 4.88%, 0, 0, 3, 23569.67, 142879637, 206
6545, 2007, 7, 29, 0, 0, 4.88%, 0, 0, 3, 22399.04, 142995241, 206
6550, 2009, 25, 29, 0, 0, 4.88%, 0, 0, 3, 22658.00, 143112111, 206
6556, 2010, 7, 29, 0, 0, 4.88%, 0, 0, 3, 22628.62, 143230988, 206
6561, 2012, 7, 29, 0, 0, 4.88%, 0, 0, 3, 22854.42, 143348908, 206
6566, 2014, 19, 29, 0, 0, 4.88%, 0, 0, 3, 21388.44, 143461476, 206
6571, 2015, 18, 29, 0, 0, 4.88%, 0, 0, 3, 22958.98, 143580111, 206
6576, 2017, 25, 29, 0, 0, 4.88%, 0, 0, 3, 22346.36, 143692577, 206
6581, 2019, 2, 29, 0, 0, 4.88%, 0, 0, 3, 23577.82, 143815599, 206
6586, 2020, 7, 29, 0, 0, 4.88%, 0, 0, 3, 23021.67, 143940597, 206
6591, 2022, 7, 29, 0, 0, 4.88%, 0, 0, 3, 23166.14, 144055544, 206
6597, 2024, 26, 29, 0, 0, 4.88%, 0, 0, 3, 21412.62, 144168897, 206
6602, 2025, 21, 29, 0, 0, 4.88%, 0, 0, 3, 22994.41, 144287373, 206
6607, 2027, 8, 29, 0, 0, 4.88%, 0, 0, 3, 22290.69, 144401057, 206
6612, 2028, 25, 29, 0, 0, 4.88%, 0, 0, 3, 23614.05, 144522475, 206
6617, 2030, 2, 29, 0, 0, 4.88%, 0, 0, 3, 22369.45, 144639907, 206
6622, 2032, 7, 29, 0, 0, 4.88%, 0, 0, 3, 23758.19, 144764124, 206
6627, 2033, 7, 29, 0, 0, 4.88%, 0, 0, 3, 22442.78, 144876121, 206
6633, 2035, 15, 29, 0, 0, 4.88%, 0, 0, 3, 23288.79, 144995217, 206
6638, 2037, 18, 29, 0, 0, 4.88%, 0, 0, 3, 22233.91, 145109944, 206
6643, 2038, 7, 29, 0, 0, 4.88%, 0, 0, 3, 23694.61, 145232389, 206
6648, 2040, 24, 29, 0, 0, 4.88%, 0, 0, 3, 22192.14, 145343790, 206
6653, 2042, 25, 29, 0, 0, 4.88%, 0, 0, 3, 23312.92, 145468373, 206
6658, 2043, 2, 29, 0, 0, 4.88%, 0, 0, 3, 22094.93, 145578251, 206
6663, 2045, 7, 29, 0, 0, 4.88%, 0, 0, 3, 22966.05, 145698496, 206
6668, 2047, 7, 29, 0, 0, 4.88%, 0, 0, 3, 22537.29, 145811087, 206
6673, 2048, 27, 29, 0, 0, 4.88%, 0, 0, 3, 23738.32, 145934662, 206
6679, 2050, 3, 29, 0, 0, 4.88%, 0, 0, 3, 22767.78, 146048749, 206
6684, 2052, 25, 29, 0, 0, 4.88%, 0, 0, 3, 24733.32, 146177218, 206
6689, 2053, 26, 29, 0, 0, 4.88%, 0, 0, 3, 23227.19, 146287844, 206
6694, 2055, 9, 29, 0, 0, 4.88%, 0, 0, 3, 23895.48, 146412154, 206
6699, 2057, 7, 29, 0, 0, 4.88%, 0, 0, 3, 22626.60, 146525552, 206
6704, 2058, 7, 29, 0, 0, 4.88%, 0, 0, 3, 23661.04, 146649392, 206
6710, 2060, 7, 29, 0, 0, 4.88%, 0, 0, 3, 24161.48, 146769622, 206
6715, 2062, 2, 29, 0, 0, 4.88%, 0, 0, 3, 24429.10, 146895588, 206
6720, 2063, 7, 29, 0, 0, 4.88%, 0, 0, 3, 23897.62, 147011020, 206
6725, 2065, 8, 29, 0, 0, 4.88%, 0, 0, 3, 23849.25, 147132323, 206
6730, 2067, 7, 29, 0, 0, 4.88%, 0, 0, 3, 23363.02, 147251543, 206
6735, 2069, 6, 29, 0, 0, 4.88%, 0, 0, 3, 22940.86, 147370412, 206
6740, 2070, 8, 29, 0, 0, 4.88%, 0, 0, 3, 22551.48, 147484564, 206
6746, 2072, 7, 29, 0, 0, 4.88%, 0, 0, 3, 21934.48, 147601294, 206
6751, 2073, 7, 29, 0, 0, 4.88%, 0, 0, 3, 22201.55, 147714464, 206
6756, 2075, 8, 29, 0, 0, 4.88%, 0, 0, 3, 22712.47, 147833537, 206
6761, 2077, 7, 29, 0, 0, 4.88%, 0, 0, 3, 24135.69, 147959449, 206
6766, 2078, 25, 29, 0, 0, 4.88%, 0, 0, 3, 22836.02, 148077729, 206
6771, 2080, 15, 29, 0, 0, 4.88%, 0, 0, 3, 23773.42, 148199361, 206
6776, 2082, 18, 29, 0, 0, 4.88%, 0, 0, 3, 23170.76, 148319904, 206
6782, 2084, 15, 29, 0, 0, 4.88%, 0, 0, 3, 24099.81, 148444581, 206
6787, 2085, 20, 29, 0, 0, 4.88%, 0, 0, 3, 21835.03, 148556984, 206
6792, 2087, 25, 29, 0, 0, 4.88%, 0, 0, 3, 24018.12, 148686864, 206
6797, 2089, 18, 29, 0, 0, 4.88%, 0, 0, 3, 22519.61, 148802866, 206
6802, 2090, 7, 29, 0, 0, 4.88%, 0, 0, 3, 24045.14, 148925952, 206
6807, 2092, 7, 29, 0, 0, 4.88%, 0, 0, 3, 21815.31, 149039113, 206
6813, 2094, 7, 29, 0, 0, 4.88%, 0, 0, 3, 23941.89, 149166964, 206
6818, 2095, 7, 29, 0, 0, 4.88%, 0, 0, 3, 21895.61, 149276311, 206
6823, 2097, 7, 29, 0, 0, 4.88%, 0, 0, 3, 23228.59, 149397093, 206
6828, 2099, 9, 29, 0, 0, 4.88%, 0, 0, 3, 22075.06, 149512309, 206
6833, 2100, 25, 29, 0, 0, 4.88%, 0, 0, 3, 23518.75, 149635713, 206
6838, 2102, 20, 29, 0, 0, 4.88%, 0, 0, 3, 22143.88, 149749189, 206
6843, 2104, 7, 29, 0, 0, 4.88%, 0, 0, 3, 23124.44, 149867092, 206
6848, 2105, 7, 29, 0, 0, 4.88%, 0, 0, 3, 21429.65, 149977538, 206
6854, 2107, 25, 29, 0, 0, 4.88%, 0, 0, 3, 23232.44, 150100007, 206
6859, 2109, 7, 29, 0, 0, 4.88%, 0, 0, 3, 24416.18, 150225068, 206
6864, 2110, 25, 29, 0, 0, 4.88%, 0, 0, 3, 23881.73, 150347906, 206
6869, 2112, 21, 29, 0, 0, 4.88%, 0, 0, 3, 21935.09, 150451611, 206
6874, 2114, 7, 29, 0, 0, 4.88%, 0, 0, 3, 24148.53, 150576662, 206
6879, 2115, 19, 29, 0, 0, 4.88%, 0, 0, 3, 22976.49, 150687591, 206
6884, 2117, 7, 29, 0, 0, 4.88%, 0, 0, 3, 23841.70, 150810140, 206
6889, 2119, 7, 29, 0, 0, 4.88%, 0, 0, 3, 23207.20, 150924457, 206
6894, 2120, 7, 29, 0, 0, 4.88%, 0, 0, 3, 23940.50, 151045060, 206
6900, 2122, 3, 29, 0, 0, 4.88%, 0, 0, 3, 23174.85, 151161469, 206
6905, 2124, 7, 29, 0, 0, 4.88%, 0, 0, 3, 23280.47, 151283612, 206
6910, 2125, 7, 29, 0, 0, 4.88%, 0, 0, 3, 22871.81, 151396789, 206
6915, 2127, 15, 29, 0, 0, 4.88%, 0, 0, 3, 23680.34, 151523467, 206
6920, 2129, 20, 29, 0, 0, 4.88%, 0, 0, 3, 23023.19, 151635544, 206
6925, 2130, 24, 29, 0, 0, 4.88%, 0, 0, 3, 22585.74, 151756514, 206
6931, 2132, 7, 29, 0, 0, 4.88%, 0, 0, 3, 22662.24, 151870562, 206
6936, 2133, 27, 29, 0, 0, 4.88%, 0, 0, 3, 22554.12, 151989241, 206
6941, 2135, 7, 29, 0, 0, 4.88%, 0, 0, 3, 23126.50, 152105991, 206
6946, 2137, 15, 29, 0, 0, 4.88%, 0, 0, 3, 22897.58, 152227828, 206
6951, 2139, 26, 29, 0, 0, 4.88%, 0, 0, 3, 23986.23, 152349176, 206
6956, 2140, 7, 29, 0, 0, 4.88%, 0, 0, 3, 25145.16, 152482996, 206
6961, 2142, 8, 29, 0, 0, 4.88%, 0, 0, 3, 24328.68, 152606015, 206
6967, 2144, 7, 29, 0, 0, 4.88%, 0, 0, 3, 22769.56, 152727189, 206
6972, 2145, 3, 29, 0, 0, 4.88%, 0, 0, 3, 23220.42, 152846054, 206
6977, 2147, 7, 29, 0, 0, 4.88%, 0, 0, 3, 22672.17, 152965735, 206
6982, 2149, 20, 29, 0, 0, 4.88%, 0, 0, 3, 23883.44, 153094392, 206
6987, 2151, 27, 29, 0, 0, 4.88%, 0, 0, 3, 22397.03, 153206551, 206
6992, 2152, 7, 29, 0, 0, 4.88%, 0, 0, 3, 24810.24, 153332797, 206
6997, 2154, 7, 29, 0, 0, 4.88%, 0, 0, 3, 22535.98, 153448035, 206
7003, 2156, 20, 29, 0, 0, 4.88%, 0, 0, 3, 23912.85, 153571543, 206
7008, 2157, 25, 29, 0, 0, 4.88%, 0, 0, 3, 22863.37, 153685258, 206
7013, 2159, 25, 29, 0, 0, 4.88%, 0, 0, 3, 23484.18, 153807235, 206
7018, 2161, 7, 29, 0, 0, 4.88%, 0, 0, 3, 23243.14, 153928634, 206
7023, 2162, 6, 29, 0, 0, 4.88%, 0, 0, 3, 23778.21, 154052824, 206
7028, 2164, 25, 29, 0, 0, 4.88%, 0, 0, 3, 23104.26, 154170500, 206
7033, 2166, 7, 29, 0, 0, 4.88%, 0, 0, 3, 25557.45, 154307329, 206
7038, 2168, 25, 29, 0, 0, 4.88%, 0, 0, 3, 22802.97, 154421674, 206
7044, 2169, 7, 29, 0, 0, 4.88%, 0, 0, 3, 24047.07, 154547743, 206
7049, 2171, 15, 29, 0, 0, 4.88%, 0, 0, 3, 21775.97, 154654210, 206
7054, 2173, 24, 29, 0, 0, 4.88%, 0, 0, 3, 25040.06, 154786894, 206
7059, 2174, 7, 29, 0, 0, 4.88%, 0, 0, 3, 22974.06, 154903724, 206
7064, 2176, 7, 29, 0, 0, 4.88%, 0, 0, 3, 25863.05, 155035570, 206
7070, 2178, 7, 29, 0, 0, 4.88%, 0, 0, 3, 23355.65, 155153262, 206
7075, 2180, 2, 29, 0, 0, 4.88%, 0, 0, 3, 24268.41, 155279249, 206
7080, 2181, 25, 29, 0, 0, 4.88%, 0, 0, 3, 23254.51, 155395892, 206
7085, 2183, 25, 29, 0, 0, 4.88%, 0, 0, 3, 23928.16, 155520015, 206
7090, 2184, 13, 29, 0, 0, 4.88%, 0, 0, 3, 22709.52, 155630594, 206
7095, 2186, 18, 29, 0, 0, 4.88%, 0, 0, 3, 23585.40, 155756855, 206
7100, 2188, 7, 29, 0, 0, 4.88%, 0, 0, 3, 23796.53, 155878012, 206
7106, 2190, 25, 29, 0, 0, 4.88%, 0, 0, 3, 22209.79, 155993710, 206
7111, 2191, 7, 29, 0, 0, 4.88%, 0, 0, 3, 23539.45, 156113001, 206
7116, 2193, 25, 29, 0, 0, 4.88%, 0, 0, 3, 22729.86, 156230118, 206
7121, 2194, 19, 29, 0, 0, 4.88%, 0, 0, 3, 23245.62, 156344443, 206
7126, 2196, 7, 29, 0, 0, 4.88%, 0, 0, 3, 23179.45, 156470225, 206
7131, 2198, 25, 29, 0, 0, 4.88%, 0, 0, 3, 23007.00, 156585483, 206
7136, 2199, 7, 29, 0, 0, 4.88%, 0, 0, 3, 22120.01, 156700271, 206
7141, 2201, 7, 29, 0, 0, 4.88%, 0, 0, 3, 23245.13, 156816412, 206
7146, 2203, 7, 29, 0, 0, 4.88%, 0, 0, 3, 22440.33, 156933114, 206
7152, 2204, 25, 29, 0, 0, 4.88%, 0, 0, 3, 23115.63, 157049561, 206
7157, 2206, 25, 29, 0, 0, 4.88%, 0, 0, 3, 21887.49, 157162076, 206
7162, 2208, 6, 29, 0, 0, 4.88%, 0, 0, 3, 22831.57, 157280084, 206
7167, 2209, 25, 29, 0, 0, 4.88%, 0, 0, 3, 21896.79, 157392001, 206
7172, 2211, 15, 29, 0, 0, 4.88%, 0, 0, 3, 23059.48, 157509354, 206
7177, 2212, 2, 29, 0, 0, 4.88%, 0, 0, 3, 21593.28, 157618609, 206
7182, 2214, 26, 29, 0, 0, 4.88%, 0, 0, 3, 22796.41, 157734832, 206
7187, 2216, 7, 29, 0, 0, 4.88%, 0, 0, 3, 22203.36, 157851207, 206
7192, 2218, 8, 29, 0, 0, 4.88%, 0, 0, 3, 25974.95, 157984857, 206
7198, 2219, 7, 29, 0, 0, 4.88%, 0, 0, 3, 22962.06, 158101389, 206
7200, 2220, 25, 29, 0, 0, 4.88%, 0, 0, 3, 22702.26, 158142173, 206
