# relative_time, cycles_done, cur_item, corpus_count, pending_total, pending_favs, map_size, saved_crashes, saved_hangs, max_depth, execs_per_sec, total_execs, edges_found
61, 0, 31, 65, 63, 32, 8.68%, 0, 0, 2, 6902.28, 379408, 500
67, 0, 10, 65, 62, 31, 8.68%, 0, 0, 2, 6338.94, 412158, 500
72, 0, 10, 65, 62, 31, 8.68%, 0, 0, 2, 6376.99, 445105, 500
77, 0, 10, 65, 62, 31, 8.68%, 0, 0, 2, 7053.64, 464545, 500
82, 0, 10, 65, 62, 31, 8.68%, 0, 0, 2, 6475.67, 495954, 500
87, 0, 10, 65, 62, 31, 8.68%, 0, 0, 2, 6111.56, 527376, 500
92, 0, 10, 65, 62, 31, 8.68%, 0, 0, 2, 6591.05, 563446, 500
97, 0, 10, 65, 62, 31, 8.68%, 0, 0, 2, 10133.10, 621155, 500
103, 0, 10, 65, 62, 31, 8.68%, 0, 0, 2, 7807.51, 657056, 500
109, 0, 10, 65, 62, 31, 8.68%, 0, 0, 2, 340.05, 690647, 500
114, 0, 10, 65, 62, 31, 8.68%, 0, 0, 2, 6401.99, 722815, 500
120, 0, 10, 65, 62, 31, 8.68%, 0, 0, 2, 13676.99, 788767, 500
125, 0, 10, 65, 62, 31, 8.68%, 0, 0, 2, 10214.89, 844913, 500
130, 0, 10, 65, 62, 31, 8.68%, 0, 0, 2, 7542.76, 879431, 500
135, 0, 10, 65, 62, 31, 8.68%, 0, 0, 2, 6837.61, 914126, 500
140, 0, 10, 65, 62, 31, 8.68%, 0, 0, 2, 7285.52, 951483, 500
145, 0, 10, 65, 62, 31, 8.68%, 0, 0, 2, 6045.10, 971699, 500
151, 0, 10, 65, 62, 31, 8.68%, 0, 0, 2, 6711.00, 1006186, 500
156, 0, 27, 65, 61, 30, 8.68%, 0, 0, 2, 6340.74, 1037763, 500
161, 0, 27, 65, 61, 30, 8.68%, 0, 0, 2, 5977.71, 1067354, 500
166, 0, 27, 65, 61, 30, 8.68%, 0, 0, 2, 6545.75, 1101167, 500
171, 0, 27, 65, 61, 30, 8.68%, 0, 0, 2, 6453.89, 1135505, 500
175, 0, 27, 65, 61, 30, 8.68%, 0, 0, 2, 6999.96, 1165068, 500
