# relative_time, cycles_done, cur_item, corpus_count, pending_total, pending_favs, map_size, saved_crashes, saved_hangs, max_depth, execs_per_sec, total_execs, edges_found
61, 0, 134, 206, 202, 69, 13.90%, 0, 0, 3, 27052.97, 1390027, 1014
66, 0, 100, 212, 207, 73, 13.98%, 0, 0, 3, 21657.27, 1497337, 1020
71, 0, 88, 212, 206, 73, 13.98%, 0, 0, 3, 28472.30, 1655220, 1020
76, 0, 88, 214, 208, 73, 13.98%, 0, 0, 3, 24942.08, 1775453, 1020
81, 0, 88, 223, 217, 73, 13.98%, 0, 0, 3, 27291.31, 1911296, 1020
87, 0, 133, 226, 219, 72, 13.98%, 0, 0, 3, 26285.47, 2046445, 1020
92, 0, 177, 226, 218, 71, 13.98%, 0, 0, 3, 31182.66, 2212470, 1020
97, 0, 177, 226, 218, 71, 13.98%, 0, 0, 3, 28230.74, 2342227, 1020
102, 0, 54, 230, 221, 70, 13.99%, 0, 0, 4, 33040.30, 2512957, 1021
107, 0, 54, 238, 229, 70, 13.99%, 0, 0, 4, 29119.08, 2651157, 1021
112, 0, 62, 245, 235, 73, 14.07%, 0, 0, 4, 30109.68, 2809600, 1027
117, 0, 62, 245, 235, 73, 14.07%, 0, 0, 4, 25242.17, 2913419, 1027
122, 0, 63, 247, 236, 71, 14.12%, 0, 0, 4, 28420.58, 3063903, 1030
128, 0, 63, 247, 236, 71, 14.12%, 0, 0, 4, 22753.14, 3159086, 1030
133, 0, 63, 247, 236, 71, 14.12%, 0, 0, 4, 27725.02, 3309173, 1030
138, 0, 60, 247, 235, 71, 14.12%, 0, 0, 4, 23254.64, 3405802, 1030
143, 0, 60, 247, 235, 71, 14.12%, 0, 0, 4, 24191.12, 3535940, 1030
148, 0, 79, 249, 236, 72, 14.14%, 0, 0, 4, 21191.46, 3632609, 1032
153, 0, 79, 249, 236, 72, 14.14%, 0, 0, 4, 22726.82, 3750460, 1032
158, 0, 79, 249, 236, 72, 14.14%, 0, 0, 4, 22482.73, 3860394, 1032
164, 0, 79, 249, 236, 72, 14.14%, 0, 0, 4, 21362.27, 3966250, 1032
169, 0, 246, 251, 237, 71, 14.18%, 0, 0, 4, 24233.87, 4086548, 1035
174, 0, 246, 251, 237, 71, 14.18%, 0, 0, 4, 23058.62, 4207516, 1035
179, 0, 246, 254, 240, 71, 14.18%, 0, 0, 4, 23422.89, 4315834, 1035
184, 0, 114, 256, 241, 69, 14.18%, 0, 0, 4, 21719.22, 4435968, 1035
189, 0, 59, 256, 240, 68, 14.18%, 0, 0, 4, 25177.78, 4563146, 1035
194, 0, 59, 256, 240, 68, 14.18%, 0, 0, 4, 21413.38, 4667744, 1035
199, 0, 45, 259, 242, 67, 14.18%, 0, 0, 4, 27877.66, 4811290, 1035
205, 0, 35, 262, 244, 66, 14.18%, 0, 0, 4, 24407.71, 4940405, 1035
210, 0, 229, 262, 242, 64, 14.18%, 0, 0, 4, 31432.55, 5112576, 1035
215, 0, 229, 262, 242, 64, 14.18%, 0, 0, 4, 25430.76, 5232119, 1035
220, 0, 157, 263, 242, 63, 14.18%, 0, 0, 4, 27935.16, 5378832, 1035
225, 0, 157, 267, 246, 63, 14.18%, 0, 0, 4, 27682.07, 5521226, 1035
230, 0, 245, 267, 245, 62, 14.18%, 0, 0, 4, 27061.28, 5664917, 1035
235, 0, 245, 267, 245, 62, 14.18%, 0, 0, 4, 24043.49, 5780912, 1035
241, 0, 254, 268, 245, 61, 14.18%, 0, 0, 4, 26014.70, 5916038, 1035
246, 0, 254, 268, 245, 61, 14.18%, 0, 0, 4, 22186.95, 6026705, 1035
251, 0, 89, 268, 244, 60, 14.18%, 0, 0, 4, 24686.79, 6159553, 1035
256, 0, 89, 268, 244, 60, 14.18%, 0, 0, 4, 22724.25, 6264553, 1035
261, 0, 89, 268, 244, 60, 14.18%, 0, 0, 4, 25506.10, 6399175, 1035
266, 0, 7, 268, 243, 59, 14.18%, 0, 0, 4, 25881.61, 6537537, 1035
272, 0, 7, 274, 249, 59, 14.18%, 0, 0, 4, 27542.04, 6684063, 1035
277, 0, 194, 274, 248, 58, 14.18%, 0, 0, 4, 28039.74, 6822152, 1035
282, 0, 156, 296, 269, 58, 14.18%, 0, 0, 4, 26576.71, 6941675, 1035
287, 0, 207, 296, 268, 57, 14.18%, 0, 0, 4, 24354.69, 7061390, 1035
292, 0, 124, 299, 270, 56, 14.18%, 0, 0, 4, 25725.86, 7207736, 1035
297, 0, 57, 299, 269, 55, 14.18%, 0, 0, 4, 28938.43, 7347070, 1035
302, 0, 57, 299, 269, 55, 14.18%, 0, 0, 4, 33561.95, 7517400, 1035
308, 0, 57, 303, 273, 55, 14.18%, 0, 0, 4, 27464.56, 7647483, 1035
313, 0, 211, 304, 273, 54, 14.18%, 0, 0, 4, 29164.50, 7791999, 1035
318, 0, 247, 308, 276, 53, 14.18%, 0, 0, 4, 26185.91, 7913088, 1035
323, 0, 247, 308, 276, 53, 14.18%, 0, 0, 4, 27603.12, 8054744, 1035
328, 0, 247, 308, 276, 53, 14.18%, 0, 0, 4, 24799.04, 8166800, 1035
333, 0, 150, 313, 280, 52, 14.18%, 0, 0, 4, 26115.22, 8298342, 1035
338, 0, 150, 316, 283, 52, 14.18%, 0, 0, 4, 22383.46, 8404733, 1035
343, 0, 67, 317, 283, 51, 14.18%, 0, 0, 4, 25819.63, 8542094, 1035
349, 0, 85, 321, 286, 50, 14.18%, 0, 0, 4, 25403.71, 8660008, 1035
354, 0, 85, 321, 286, 50, 14.18%, 0, 0, 4, 24441.14, 8787023, 1035
359, 0, 85, 321, 286, 50, 14.18%, 0, 0, 4, 22230.24, 8893133, 1035
364, 0, 61, 321, 285, 49, 14.18%, 0, 0, 4, 20063.39, 9000470, 1035
369, 0, 61, 321, 285, 49, 14.18%, 0, 0, 4, 24143.38, 9121421, 1035
374, 0, 31, 321, 284, 48, 14.18%, 0, 0, 4, 28261.17, 9270279, 1035
380, 0, 192, 327, 289, 47, 14.20%, 0, 0, 4, 28082.06, 9412534, 1036
385, 0, 192, 327, 289, 47, 14.20%, 0, 0, 4, 20993.27, 9515712, 1036
390, 0, 192, 327, 289, 47, 14.20%, 0, 0, 4, 20273.13, 9607096, 1036
395, 0, 192, 327, 289, 47, 14.20%, 0, 0, 4, 21021.70, 9719169, 1036
400, 0, 192, 327, 289, 47, 14.20%, 0, 0, 4, 19316.90, 9813527, 1036
405, 0, 192, 338, 300, 47, 14.20%, 0, 0, 4, 17804.57, 9911763, 1036
410, 0, 192, 341, 303, 47, 14.20%, 0, 0, 4, 20775.79, 10016137, 1036
415, 0, 155, 343, 304, 47, 14.20%, 0, 0, 4, 19773.37, 10114100, 1036
421, 0, 249, 346, 306, 46, 14.20%, 0, 0, 4, 29169.63, 10284454, 1036
426, 0, 249, 351, 311, 46, 14.20%, 0, 0, 4, 20702.30, 10382341, 1036
431, 0, 205, 352, 311, 45, 14.21%, 0, 0, 4, 22952.77, 10504874, 1037
436, 0, 205, 352, 311, 45, 14.21%, 0, 0, 4, 18877.42, 10585990, 1037
441, 0, 205, 352, 311, 45, 14.21%, 0, 0, 4, 20904.10, 10695703, 1037
446, 0, 205, 352, 311, 45, 14.21%, 0, 0, 4, 19355.77, 10791115, 1037
451, 0, 205, 357, 316, 45, 14.21%, 0, 0, 4, 22599.30, 10916511, 1037
456, 0, 205, 359, 318, 45, 14.21%, 0, 0, 4, 17994.83, 10996018, 1037
462, 0, 149, 362, 320, 45, 14.21%, 0, 0, 4, 20960.63, 11095269, 1037
467, 0, 128, 362, 319, 44, 14.21%, 0, 0, 4, 24295.76, 11217096, 1037
472, 0, 128, 366, 323, 44, 14.21%, 0, 0, 4, 29376.33, 11371911, 1037
477, 0, 329, 367, 323, 43, 14.23%, 0, 0, 5, 21430.22, 11461758, 1038
482, 0, 329, 367, 323, 43, 14.23%, 0, 0, 5, 20876.01, 11566759, 1038
487, 0, 329, 367, 323, 43, 14.23%, 0, 0, 5, 18222.68, 11651512, 1038
492, 0, 329, 367, 323, 43, 14.23%, 0, 0, 5, 18479.64, 11746254, 1038
497, 0, 329, 367, 323, 43, 14.23%, 0, 0, 5, 17876.37, 11829326, 1038
502, 0, 51, 370, 325, 42, 14.23%, 0, 0, 5, 22121.40, 11943209, 1038
507, 0, 51, 370, 325, 42, 14.23%, 0, 0, 5, 21110.81, 12037164, 1038
512, 0, 51, 370, 325, 42, 14.23%, 0, 0, 5, 23284.33, 12163832, 1038
518, 0, 34, 370, 324, 41, 14.23%, 0, 0, 5, 20961.37, 12259515, 1038
523, 0, 116, 370, 323, 40, 14.23%, 0, 0, 5, 26180.89, 12398342, 1038
528, 0, 116, 370, 323, 40, 14.23%, 0, 0, 5, 25249.85, 12520833, 1038
533, 0, 116, 370, 323, 40, 14.23%, 0, 0, 5, 27467.18, 12666964, 1038
538, 0, 113, 370, 322, 39, 14.23%, 0, 0, 5, 27769.70, 12785069, 1038
543, 0, 191, 371, 322, 38, 14.24%, 0, 0, 5, 24388.25, 12910472, 1039
548, 0, 191, 371, 322, 38, 14.24%, 0, 0, 5, 22737.12, 13019242, 1039
553, 0, 209, 372, 322, 38, 14.24%, 0, 0, 5, 21755.64, 13135017, 1039
559, 0, 209, 372, 322, 38, 14.24%, 0, 0, 5, 24613.13, 13257463, 1039
564, 0, 241, 375, 324, 37, 14.24%, 0, 0, 5, 24929.39, 13393012, 1039
569, 0, 241, 375, 324, 37, 14.24%, 0, 0, 5, 27104.25, 13526602, 1039
574, 0, 104, 380, 328, 36, 14.25%, 0, 0, 5, 26909.13, 13664237, 1040
579, 0, 104, 380, 328, 36, 14.25%, 0, 0, 5, 21540.78, 13774175, 1040
585, 0, 101, 380, 327, 36, 14.25%, 0, 0, 5, 18552.32, 13875111, 1040
590, 0, 101, 380, 327, 36, 14.25%, 0, 0, 5, 23206.91, 13998516, 1040
595, 0, 101, 380, 327, 36, 14.25%, 0, 0, 5, 21207.89, 14111245, 1040
600, 0, 137, 380, 326, 35, 14.25%, 0, 0, 5, 25916.48, 14246470, 1040
605, 0, 239, 383, 328, 34, 14.25%, 0, 0, 5, 21255.30, 14357244, 1040
611, 0, 239, 383, 328, 34, 14.25%, 0, 0, 5, 23709.42, 14475348, 1040
616, 0, 239, 383, 328, 34, 14.25%, 0, 0, 5, 21733.75, 14590009, 1040
621, 0, 274, 386, 330, 33, 14.25%, 0, 0, 5, 29373.95, 14730899, 1040
626, 0, 153, 386, 328, 31, 14.25%, 0, 0, 5, 24963.81, 14857214, 1040
631, 0, 95, 389, 330, 30, 14.25%, 0, 0, 5, 23930.89, 14981854, 1040
636, 0, 95, 389, 330, 30, 14.25%, 0, 0, 5, 21729.91, 15088956, 1040
641, 0, 368, 389, 329, 29, 14.25%, 0, 0, 5, 21221.88, 15185475, 1040
647, 0, 368, 389, 329, 29, 14.25%, 0, 0, 5, 18746.76, 15269929, 1040
652, 0, 368, 389, 329, 29, 14.25%, 0, 0, 5, 19947.31, 15372885, 1040
657, 0, 368, 389, 329, 29, 14.25%, 0, 0, 5, 16638.80, 15449359, 1040
662, 0, 368, 389, 329, 29, 14.25%, 0, 0, 5, 18888.81, 15544303, 1040
667, 0, 368, 403, 343, 29, 14.27%, 0, 0, 6, 16320.10, 15621146, 1041
672, 0, 368, 406, 346, 29, 14.27%, 0, 0, 6, 18774.07, 15722615, 1041
677, 0, 389, 406, 345, 29, 14.27%, 0, 0, 6, 17292.34, 15809728, 1041
682, 0, 389, 406, 345, 29, 14.27%, 0, 0, 6, 18689.04, 15905388, 1041
688, 0, 389, 406, 345, 29, 14.27%, 0, 0, 6, 15781.31, 15978107, 1041
693, 0, 389, 406, 345, 29, 14.27%, 0, 0, 6, 17365.43, 16072625, 1041
698, 0, 389, 406, 345, 29, 14.27%, 0, 0, 6, 14308.54, 16140468, 1041
703, 0, 389, 406, 345, 29, 14.27%, 0, 0, 6, 16590.82, 16227723, 1041
708, 0, 389, 408, 347, 29, 14.27%, 0, 0, 7, 15485.66, 16304384, 1041
713, 0, 379, 409, 346, 28, 14.27%, 0, 0, 7, 15975.44, 16384827, 1041
718, 0, 379, 409, 346, 28, 14.27%, 0, 0, 7, 20356.24, 16489743, 1041
723, 0, 107, 409, 345, 27, 14.27%, 0, 0, 7, 23918.12, 16617190, 1041
729, 0, 108, 409, 343, 26, 14.27%, 0, 0, 7, 24608.13, 16742816, 1041
734, 0, 242, 409, 342, 25, 14.27%, 0, 0, 7, 26654.60, 16888592, 1041
739, 0, 326, 412, 344, 26, 14.27%, 0, 0, 7, 27532.46, 17024769, 1041
744, 0, 326, 412, 344, 26, 14.27%, 0, 0, 7, 21690.59, 17130552, 1041
749, 0, 326, 412, 344, 26, 14.27%, 0, 0, 7, 23424.69, 17253116, 1041
754, 0, 326, 412, 344, 26, 14.27%, 0, 0, 7, 18519.95, 17345023, 1041
759, 0, 326, 412, 344, 26, 14.27%, 0, 0, 7, 15113.47, 17414688, 1041
764, 0, 72, 413, 344, 26, 14.27%, 0, 0, 7, 16233.88, 17502443, 1041
770, 0, 72, 413, 344, 26, 14.27%, 0, 0, 7, 25728.30, 17645249, 1041
775, 0, 84, 416, 346, 25, 14.27%, 0, 0, 7, 24860.61, 17768791, 1041
780, 0, 84, 416, 346, 25, 14.27%, 0, 0, 7, 26471.25, 17903354, 1041
785, 0, 84, 416, 346, 25, 14.27%, 0, 0, 7, 22356.10, 18015173, 1041
790, 0, 125, 416, 345, 24, 14.27%, 0, 0, 7, 28578.49, 18165222, 1041
795, 0, 40, 416, 343, 23, 14.27%, 0, 0, 7, 20632.16, 18264957, 1041
800, 0, 181, 419, 345, 22, 14.27%, 0, 0, 7, 27508.82, 18423467, 1041
805, 0, 370, 419, 344, 22, 14.27%, 0, 0, 7, 18558.84, 18500784, 1041
811, 0, 370, 419, 344, 22, 14.27%, 0, 0, 7, 22731.99, 18621681, 1041
816, 0, 370, 419, 344, 22, 14.27%, 0, 0, 7, 19819.14, 18714310, 1041
821, 0, 146, 419, 342, 20, 14.27%, 0, 0, 7, 24483.74, 18836572, 1041
826, 0, 146, 423, 346, 20, 14.27%, 0, 0, 7, 21707.73, 18946837, 1041
831, 0, 3, 426, 347, 18, 14.27%, 0, 0, 7, 28584.76, 19096383, 1041
836, 0, 206, 426, 346, 17, 14.27%, 0, 0, 7, 23205.68, 19196223, 1041
841, 0, 395, 429, 348, 16, 14.27%, 0, 0, 7, 28771.53, 19357110, 1041
846, 0, 395, 429, 348, 16, 14.27%, 0, 0, 7, 18877.37, 19437813, 1041
851, 0, 395, 429, 348, 16, 14.27%, 0, 0, 7, 18945.15, 19531799, 1041
856, 0, 395, 429, 348, 16, 14.27%, 0, 0, 7, 15106.38, 19600488, 1041
861, 0, 395, 429, 348, 16, 14.27%, 0, 0, 7, 17812.62, 19695543, 1041
867, 0, 395, 429, 348, 16, 14.27%, 0, 0, 7, 16411.08, 19776282, 1041
872, 0, 395, 429, 348, 16, 14.27%, 0, 0, 7, 19223.30, 19876909, 1041
877, 0, 395, 429, 348, 16, 14.27%, 0, 0, 7, 16798.21, 19955390, 1041
882, 0, 395, 432, 351, 16, 14.27%, 0, 0, 7, 15451.18, 20030029, 1041
887, 0, 395, 435, 354, 16, 14.27%, 0, 0, 7, 15297.11, 20108272, 1041
892, 0, 395, 436, 355, 16, 14.27%, 0, 0, 7, 18585.19, 20197296, 1041
897, 0, 102, 436, 352, 15, 14.27%, 0, 0, 7, 23717.59, 20318175, 1041
902, 0, 13, 436, 351, 14, 14.27%, 0, 0, 7, 27537.45, 20463423, 1041
907, 0, 149, 436, 350, 14, 14.27%, 0, 0, 7, 22182.87, 20568254, 1041
912, 0, 407, 444, 357, 13, 14.27%, 0, 0, 8, 19333.57, 20679735, 1041
917, 0, 407, 444, 357, 13, 14.27%, 0, 0, 8, 13094.31, 20734769, 1041
923, 0, 222, 445, 357, 13, 14.27%, 0, 0, 8, 16474.73, 20818479, 1041
928, 0, 222, 445, 357, 13, 14.27%, 0, 0, 8, 21817.82, 20932138, 1041
933, 0, 112, 449, 360, 12, 14.27%, 0, 0, 8, 23690.61, 21066308, 1041
938, 0, 112, 449, 360, 12, 14.27%, 0, 0, 8, 20451.80, 21161031, 1041
943, 0, 112, 449, 360, 12, 14.27%, 0, 0, 8, 22373.45, 21290181, 1041
948, 0, 68, 449, 358, 11, 14.27%, 0, 0, 8, 19911.82, 21378663, 1041
953, 0, 121, 449, 357, 10, 14.27%, 0, 0, 8, 26193.63, 21527854, 1041
959, 0, 361, 449, 356, 9, 14.27%, 0, 0, 8, 22607.79, 21637547, 1041
964, 0, 361, 449, 356, 9, 14.27%, 0, 0, 8, 19009.74, 21728993, 1041
969, 0, 361, 449, 356, 9, 14.27%, 0, 0, 8, 19715.34, 21829203, 1041
974, 0, 361, 449, 356, 9, 14.27%, 0, 0, 8, 18681.84, 21929396, 1041
980, 0, 361, 449, 356, 9, 14.27%, 0, 0, 8, 19956.41, 22033949, 1041
985, 0, 407, 449, 355, 8, 14.27%, 0, 0, 8, 15637.17, 22113724, 1041
990, 0, 248, 449, 351, 6, 14.27%, 0, 0, 8, 22217.50, 22241631, 1041
995, 0, 248, 449, 351, 6, 14.27%, 0, 0, 8, 19136.01, 22328043, 1041
1000, 0, 248, 449, 351, 6, 14.27%, 0, 0, 8, 21128.05, 22445017, 1041
1006, 0, 152, 451, 352, 5, 14.27%, 0, 0, 8, 22127.64, 22557578, 1041
1011, 0, 136, 453, 352, 4, 14.27%, 0, 0, 8, 20222.87, 22641588, 1041
1016, 0, 136, 453, 352, 4, 14.27%, 0, 0, 8, 22314.37, 22757553, 1041
1021, 0, 335, 457, 355, 3, 14.27%, 0, 0, 8, 16907.77, 22849502, 1041
1026, 0, 328, 457, 354, 3, 14.27%, 0, 0, 8, 17089.87, 22926374, 1041
1031, 0, 328, 457, 354, 3, 14.27%, 0, 0, 8, 24350.77, 23064564, 1041
1036, 0, 328, 457, 354, 3, 14.27%, 0, 0, 8, 19463.42, 23158756, 1041
1042, 0, 328, 457, 354, 3, 14.27%, 0, 0, 8, 15455.08, 23229399, 1041
1047, 0, 451, 457, 351, 2, 14.27%, 0, 0, 8, 14751.07, 23308113, 1041
1052, 0, 196, 460, 350, 1, 14.27%, 0, 0, 8, 24729.90, 23439166, 1041
1057, 0, 196, 460, 350, 1, 14.27%, 0, 0, 8, 19605.80, 23531070, 1041
1062, 0, 196, 460, 350, 1, 14.27%, 0, 0, 8, 21858.17, 23636686, 1041
1067, 0, 67, 463, 352, 0, 14.27%, 0, 0, 8, 24416.07, 23750728, 1041
1072, 0, 72, 463, 351, 0, 14.27%, 0, 0, 8, 21854.87, 23861897, 1041
1078, 0, 88, 463, 351, 0, 14.27%, 0, 0, 8, 24632.58, 23976945, 1041
1083, 0, 333, 464, 351, 0, 14.27%, 0, 0, 8, 20129.89, 24085071, 1041
1088, 0, 404, 470, 356, 0, 14.27%, 0, 0, 8, 14698.85, 24148092, 1041
1093, 0, 404, 471, 357, 0, 14.27%, 0, 0, 8, 15193.44, 24226468, 1041
1098, 0, 308, 474, 358, 0, 14.27%, 0, 0, 8, 20011.56, 24326832, 1041
1103, 0, 308, 475, 359, 0, 14.27%, 0, 0, 8, 16817.70, 24406340, 1041
1108, 0, 2, 476, 357, 0, 14.27%, 0, 0, 8, 15834.95, 24482849, 1041
1114, 0, 439, 477, 358, 0, 14.27%, 0, 0, 9, 15818.84, 24577481, 1041
1119, 0, 328, 478, 358, 0, 14.27%, 0, 0, 9, 16531.56, 24653000, 1041
1124, 0, 336, 481, 361, 0, 14.27%, 0, 0, 9, 16649.12, 24745234, 1041
1129, 0, 176, 481, 359, 0, 14.27%, 0, 0, 9, 19779.11, 24849364, 1041
1134, 0, 477, 484, 359, 0, 14.27%, 0, 0, 10, 13456.85, 24921261, 1041
1139, 0, 392, 484, 358, 0, 14.27%, 0, 0, 10, 18838.95, 25010836, 1041
1144, 0, 249, 486, 356, 0, 14.27%, 0, 0, 10, 16254.41, 25091269, 1041
1149, 0, 149, 486, 355, 0, 14.27%, 0, 0, 10, 23711.50, 25213459, 1041
1154, 0, 149, 486, 354, 0, 14.27%, 0, 0, 10, 21283.65, 25328267, 1041
1159, 0, 193, 486, 354, 0, 14.27%, 0, 0, 10, 22738.23, 25451376, 1041
1164, 0, 22, 488, 355, 0, 14.27%, 0, 0, 10, 18777.94, 25553350, 1041
1170, 0, 351, 489, 355, 0, 14.27%, 0, 0, 10, 24058.48, 25690067, 1041
1175, 0, 351, 489, 355, 0, 14.27%, 0, 0, 10, 16633.37, 25757740, 1041
1180, 0, 351, 489, 355, 0, 14.27%, 0, 0, 10, 14709.40, 25825594, 1041
1185, 0, 351, 489, 355, 0, 14.27%, 0, 0, 10, 15814.08, 25913417, 1041
1190, 0, 351, 489, 355, 0, 14.27%, 0, 0, 10, 21207.54, 26031335, 1041
1195, 0, 337, 489, 354, 0, 14.27%, 0, 0, 10, 19809.40, 26135852, 1041
1200, 0, 267, 492, 356, 0, 14.27%, 0, 0, 10, 19885.11, 26233968, 1041
1205, 0, 468, 494, 355, 0, 14.27%, 0, 0, 10, 13937.62, 26310085, 1041
1210, 0, 468, 500, 361, 0, 14.27%, 0, 0, 10, 13938.88, 26379602, 1041
1215, 0, 205, 501, 361, 0, 14.27%, 0, 0, 10, 12207.74, 26441274, 1041
1221, 0, 40, 501, 360, 0, 14.27%, 0, 0, 10, 21884.75, 26561941, 1041
1226, 0, 72, 502, 358, 0, 14.27%, 0, 0, 10, 15361.60, 26635593, 1041
1231, 0, 393, 502, 358, 0, 14.27%, 0, 0, 10, 22426.94, 26759577, 1041
1236, 0, 242, 502, 357, 0, 14.27%, 0, 0, 10, 18847.85, 26856548, 1041
1241, 0, 329, 502, 355, 0, 14.27%, 0, 0, 10, 18017.13, 26937875, 1041
1246, 0, 284, 503, 356, 0, 14.27%, 0, 0, 10, 13346.40, 27014309, 1041
1251, 0, 284, 504, 357, 0, 14.27%, 0, 0, 10, 11460.54, 27069224, 1041
1256, 0, 284, 505, 358, 0, 14.27%, 0, 0, 10, 9428.13, 27110727, 1041
1261, 0, 284, 506, 359, 0, 14.27%, 0, 0, 10, 11402.46, 27168893, 1041
1266, 0, 284, 508, 361, 0, 14.27%, 0, 0, 10, 10488.09, 27220976, 1041
1271, 0, 284, 508, 361, 0, 14.27%, 0, 0, 10, 11462.88, 27278792, 1041
1277, 0, 284, 508, 361, 0, 14.27%, 0, 0, 10, 10184.80, 27327233, 1041
1282, 0, 284, 508, 361, 0, 14.27%, 0, 0, 10, 10713.85, 27382112, 1041
1287, 0, 284, 509, 362, 0, 14.27%, 0, 0, 10, 8308.53, 27422197, 1041
1292, 0, 284, 509, 362, 0, 14.27%, 0, 0, 10, 10437.59, 27476409, 1041
1297, 0, 284, 509, 362, 0, 14.27%, 0, 0, 10, 8512.35, 27516221, 1041
1302, 0, 284, 509, 362, 0, 14.27%, 0, 0, 10, 8536.47, 27558373, 1041
1307, 0, 284, 509, 362, 0, 14.27%, 0, 0, 10, 9351.51, 27605997, 1041
1312, 0, 425, 510, 362, 0, 14.27%, 0, 0, 10, 12548.32, 27669906, 1041
1317, 0, 249, 510, 359, 0, 14.27%, 0, 0, 10, 17094.37, 27766459, 1041
1322, 0, 2, 511, 358, 0, 14.27%, 0, 0, 10, 23143.19, 27875351, 1041
1327, 0, 506, 511, 357, 0, 14.27%, 0, 0, 10, 15387.69, 27949279, 1041
1333, 0, 149, 511, 355, 0, 14.27%, 0, 0, 10, 23401.64, 28086289, 1041
1338, 0, 482, 512, 355, 0, 14.27%, 0, 0, 11, 17668.36, 28174325, 1041
1343, 0, 133, 512, 352, 0, 14.27%, 0, 0, 11, 16201.86, 28262793, 1041
1348, 0, 62, 514, 353, 0, 14.27%, 0, 0, 11, 21127.38, 28363173, 1041
1353, 0, 2, 514, 353, 0, 14.27%, 0, 0, 11, 25066.99, 28494978, 1041
1358, 0, 34, 514, 353, 0, 14.27%, 0, 0, 11, 18559.46, 28580612, 1041
1363, 0, 2, 514, 352, 0, 14.27%, 0, 0, 11, 19168.72, 28687168, 1041
1368, 0, 133, 515, 352, 0, 14.27%, 0, 0, 11, 20334.50, 28786795, 1041
1373, 0, 62, 517, 352, 0, 14.28%, 0, 0, 11, 21636.84, 28895145, 1042
1378, 0, 483, 517, 350, 0, 14.28%, 0, 0, 11, 15396.03, 28968388, 1042
1383, 0, 395, 517, 348, 0, 14.28%, 0, 0, 11, 17748.37, 29063618, 1042
1388, 0, 370, 518, 347, 0, 14.28%, 0, 0, 11, 19850.24, 29151901, 1042
1393, 0, 245, 518, 346, 0, 14.28%, 0, 0, 11, 20335.65, 29268788, 1042
1399, 0, 254, 518, 346, 0, 14.28%, 0, 0, 11, 22554.04, 29374424, 1042
1404, 0, 205, 518, 344, 0, 14.28%, 0, 0, 11, 20501.37, 29473578, 1042
1409, 0, 149, 518, 343, 0, 14.28%, 0, 0, 11, 26272.21, 29609592, 1042
1414, 1, 487, 520, 344, 0, 14.28%, 0, 0, 11, 14836.54, 29677529, 1042
1419, 1, 358, 521, 341, 0, 14.28%, 0, 0, 11, 12572.53, 29738036, 1042
1424, 1, 287, 522, 338, 0, 14.28%, 0, 0, 11, 16005.58, 29825018, 1042
1429, 1, 0, 523, 336, 0, 14.28%, 0, 0, 11, 14232.32, 29893059, 1042
1434, 1, 485, 527, 339, 0, 14.28%, 0, 0, 11, 13766.75, 29974865, 1042
1439, 1, 39, 527, 338, 0, 14.28%, 0, 0, 11, 17937.60, 30052446, 1042
1444, 1, 7, 527, 337, 0, 14.28%, 0, 0, 11, 23005.16, 30193087, 1042
1449, 1, 391, 527, 334, 0, 14.28%, 0, 0, 11, 20810.59, 30282978, 1042
1455, 1, 480, 528, 332, 0, 14.28%, 0, 0, 11, 16009.44, 30365213, 1042
1460, 1, 0, 528, 328, 0, 14.28%, 0, 0, 11, 17091.65, 30452463, 1042
1465, 1, 248, 528, 325, 0, 14.28%, 0, 0, 11, 12510.29, 30514188, 1042
1470, 1, 61, 529, 323, 0, 14.28%, 0, 0, 11, 14347.43, 30581884, 1042
1475, 1, 332, 529, 323, 0, 14.28%, 0, 0, 11, 15488.42, 30670315, 1042
1480, 1, 332, 529, 323, 0, 14.28%, 0, 0, 11, 16299.90, 30748849, 1042
1485, 1, 497, 531, 324, 0, 14.28%, 0, 0, 11, 13363.90, 30826845, 1042
1490, 1, 62, 532, 324, 0, 14.28%, 0, 0, 11, 18411.63, 30911024, 1042
1495, 1, 255, 532, 324, 0, 14.28%, 0, 0, 11, 18654.79, 31012963, 1042
1500, 1, 382, 533, 323, 0, 14.28%, 0, 0, 11, 20606.53, 31130799, 1042
1505, 1, 61, 533, 320, 0, 14.28%, 0, 0, 11, 13185.85, 31186105, 1042
1511, 1, 527, 533, 320, 0, 14.28%, 0, 0, 11, 22977.77, 31307717, 1042
1516, 1, 389, 534, 316, 0, 14.28%, 0, 0, 11, 16192.50, 31391767, 1042
1521, 1, 2, 534, 311, 0, 14.28%, 0, 0, 11, 17003.84, 31467188, 1042
1526, 1, 526, 538, 313, 0, 14.28%, 0, 0, 11, 11730.28, 31522119, 1042
1531, 1, 526, 538, 313, 0, 14.28%, 0, 0, 11, 11891.78, 31583933, 1042
1536, 1, 526, 539, 314, 0, 14.28%, 0, 0, 11, 9472.73, 31627809, 1042
1541, 1, 526, 539, 314, 0, 14.28%, 0, 0, 11, 10454.09, 31681216, 1042
1546, 1, 149, 539, 313, 0, 14.28%, 0, 0, 11, 18695.00, 31770404, 1042
1552, 1, 0, 540, 310, 0, 14.28%, 0, 0, 11, 18837.14, 31869194, 1042
1557, 1, 208, 541, 310, 0, 14.28%, 0, 0, 11, 19246.42, 31960740, 1042
1562, 1, 262, 541, 307, 0, 14.28%, 0, 0, 11, 24688.29, 32093937, 1042
1567, 1, 67, 542, 306, 0, 14.28%, 0, 0, 11, 14801.43, 32152232, 1042
1572, 1, 157, 542, 302, 0, 14.28%, 0, 0, 11, 18545.87, 32248742, 1042
1577, 1, 530, 545, 303, 0, 14.28%, 0, 0, 11, 13782.19, 32328435, 1042
1582, 1, 530, 546, 304, 0, 14.28%, 0, 0, 11, 11712.97, 32383980, 1042
1587, 1, 254, 546, 302, 0, 14.28%, 0, 0, 11, 15207.17, 32457397, 1042
1592, 1, 360, 546, 302, 0, 14.28%, 0, 0, 11, 21206.01, 32574143, 1042
1598, 1, 360, 546, 302, 0, 14.28%, 0, 0, 11, 19723.18, 32668175, 1042
1603, 1, 534, 546, 301, 0, 14.28%, 0, 0, 11, 16894.60, 32754897, 1042
1608, 1, 395, 546, 299, 0, 14.28%, 0, 0, 11, 17295.16, 32826321, 1042
1613, 1, 461, 547, 298, 0, 14.28%, 0, 0, 11, 19651.27, 32923608, 1042
1618, 1, 518, 549, 299, 0, 14.28%, 0, 0, 11, 10059.56, 32962133, 1042
1623, 1, 149, 549, 296, 0, 14.28%, 0, 0, 11, 14680.79, 33034348, 1042
1628, 1, 56, 549, 294, 0, 14.28%, 0, 0, 11, 13549.32, 33100835, 1042
1633, 1, 324, 549, 292, 0, 14.28%, 0, 0, 11, 18909.12, 33212889, 1042
1638, 1, 511, 552, 292, 0, 14.28%, 0, 0, 12, 13056.97, 33272307, 1042
1643, 1, 511, 554, 294, 0, 14.28%, 0, 0, 12, 8960.78, 33311749, 1042
1649, 1, 511, 554, 294, 0, 14.28%, 0, 0, 12, 6549.36, 33343559, 1042
1654, 1, 133, 554, 292, 0, 14.28%, 0, 0, 12, 8875.41, 33387252, 1042
1659, 1, 0, 555, 292, 0, 14.28%, 0, 0, 12, 10890.85, 33449689, 1042
1664, 1, 67, 555, 292, 0, 14.28%, 0, 0, 12, 12648.03, 33513972, 1042
1669, 1, 149, 555, 290, 0, 14.28%, 0, 0, 12, 19280.23, 33600499, 1042
1674, 1, 499, 555, 289, 0, 14.28%, 0, 0, 12, 20088.93, 33711759, 1042
1679, 1, 242, 555, 281, 0, 14.28%, 0, 0, 12, 18163.37, 33798673, 1042
1684, 1, 553, 557, 282, 0, 14.28%, 0, 0, 13, 12809.43, 33868689, 1042
1689, 1, 553, 560, 285, 0, 14.28%, 0, 0, 13, 9084.61, 33907460, 1042
1694, 1, 553, 560, 285, 0, 14.28%, 0, 0, 13, 7980.59, 33948746, 1042
1699, 1, 243, 560, 284, 0, 14.28%, 0, 0, 13, 13204.31, 34014881, 1042
1704, 1, 0, 560, 281, 0, 14.28%, 0, 0, 13, 15261.80, 34088961, 1042
1709, 1, 406, 560, 278, 0, 14.28%, 0, 0, 13, 20757.95, 34194953, 1042
1715, 1, 369, 560, 276, 0, 14.28%, 0, 0, 13, 16797.78, 34278534, 1042
1720, 1, 369, 560, 276, 0, 14.28%, 0, 0, 13, 18187.12, 34370516, 1042
1725, 1, 369, 560, 276, 0, 14.28%, 0, 0, 13, 16164.43, 34456910, 1042
1730, 1, 544, 560, 273, 0, 14.28%, 0, 0, 13, 13828.79, 34521538, 1042
1735, 1, 77, 560, 270, 0, 14.28%, 0, 0, 13, 16992.91, 34615494, 1042
1740, 1, 548, 560, 269, 0, 14.28%, 0, 0, 13, 18790.46, 34733321, 1042
1745, 1, 550, 563, 269, 0, 14.28%, 0, 0, 13, 12133.85, 34797153, 1042
1750, 1, 550, 564, 270, 0, 14.28%, 0, 0, 13, 8903.75, 34837661, 1042
1755, 1, 550, 565, 271, 0, 14.28%, 0, 0, 13, 7098.04, 34872993, 1042
1760, 1, 510, 566, 271, 0, 14.28%, 0, 0, 13, 9929.01, 34927022, 1042
1766, 1, 139, 568, 269, 0, 14.28%, 0, 0, 13, 16346.69, 35011067, 1042
1771, 1, 149, 568, 264, 0, 14.28%, 0, 0, 13, 22223.84, 35122440, 1042
1776, 1, 327, 568, 261, 0, 14.28%, 0, 0, 13, 15084.23, 35199859, 1042
1781, 1, 556, 568, 256, 0, 14.28%, 0, 0, 13, 11345.09, 35263468, 1042
1786, 1, 563, 568, 252, 0, 14.28%, 0, 0, 13, 10667.46, 35318132, 1042
1791, 1, 157, 568, 250, 0, 14.28%, 0, 0, 13, 17613.32, 35407330, 1042
1796, 1, 564, 573, 255, 0, 14.28%, 0, 0, 14, 8976.98, 35447314, 1042
1801, 1, 564, 574, 256, 0, 14.28%, 0, 0, 14, 8260.69, 35486899, 1042
1806, 1, 564, 574, 256, 0, 14.28%, 0, 0, 14, 6697.30, 35519247, 1042
1811, 1, 290, 652, 329, 0, 14.28%, 0, 0, 14, 15503.92, 35609722, 1042
1816, 1, 486, 652, 326, 0, 14.28%, 0, 0, 14, 13812.70, 35678149, 1042
1822, 1, 594, 652, 323, 0, 14.28%, 0, 0, 14, 13395.65, 35753085, 1042
1827, 1, 571, 652, 320, 0, 14.28%, 0, 0, 14, 9793.84, 35800922, 1042
1832, 1, 555, 652, 317, 0, 14.28%, 0, 0, 14, 13468.84, 35879855, 1042
1837, 1, 0, 652, 315, 0, 14.28%, 0, 0, 14, 15357.09, 35946523, 1042
1842, 1, 371, 652, 313, 0, 14.28%, 0, 0, 14, 15409.93, 36024668, 1042
1847, 1, 282, 652, 305, 0, 14.28%, 0, 0, 14, 12662.91, 36086593, 1042
1852, 1, 572, 652, 303, 0, 14.28%, 0, 0, 14, 11181.63, 36144504, 1042
1857, 1, 7, 652, 301, 0, 14.28%, 0, 0, 14, 11066.20, 36196572, 1042
1862, 1, 411, 652, 297, 0, 14.28%, 0, 0, 14, 15178.22, 36278548, 1042
1867, 1, 568, 652, 294, 0, 14.28%, 0, 0, 14, 12173.47, 36338704, 1042
1873, 1, 399, 652, 290, 0, 14.28%, 0, 0, 14, 9893.60, 36386050, 1042
1878, 1, 205, 652, 287, 0, 14.28%, 0, 0, 14, 13040.46, 36445963, 1042
1883, 1, 146, 652, 284, 0, 14.28%, 0, 0, 14, 12815.57, 36509887, 1042
1888, 1, 254, 652, 283, 0, 14.28%, 0, 0, 14, 8724.07, 36555961, 1042
1893, 1, 339, 652, 281, 0, 14.28%, 0, 0, 14, 13117.05, 36626088, 1042
1898, 1, 643, 652, 276, 0, 14.28%, 0, 0, 14, 10895.49, 36680934, 1042
1903, 1, 457, 652, 273, 0, 14.28%, 0, 0, 14, 13551.23, 36750339, 1042
1908, 1, 149, 652, 271, 0, 14.28%, 0, 0, 14, 19300.22, 36846977, 1042
1913, 1, 0, 652, 269, 0, 14.28%, 0, 0, 14, 19971.15, 36949091, 1042
1918, 1, 149, 652, 268, 0, 14.28%, 0, 0, 14, 17873.28, 37034522, 1042
1924, 1, 550, 653, 267, 0, 14.28%, 0, 0, 14, 12886.03, 37108592, 1042
1929, 1, 307, 653, 265, 0, 14.28%, 0, 0, 14, 14922.18, 37182540, 1042
1934, 1, 552, 653, 264, 0, 14.28%, 0, 0, 14, 15259.28, 37278270, 1042
1939, 1, 33, 653, 260, 0, 14.28%, 0, 0, 14, 11919.66, 37326216, 1042
1944, 1, 606, 653, 258, 0, 14.28%, 0, 0, 14, 15748.56, 37421845, 1042
1949, 1, 507, 653, 254, 0, 14.28%, 0, 0, 14, 12110.27, 37483883, 1042
1954, 1, 0, 653, 250, 0, 14.28%, 0, 0, 14, 14361.72, 37570411, 1042
1959, 1, 34, 653, 250, 0, 14.28%, 0, 0, 14, 15368.61, 37646192, 1042
1964, 1, 14, 653, 248, 0, 14.28%, 0, 0, 14, 14058.33, 37715474, 1042
1969, 1, 548, 653, 247, 0, 14.28%, 0, 0, 14, 5588.51, 37814010, 1042
1975, 1, 0, 653, 246, 0, 14.28%, 0, 0, 14, 10596.63, 37876713, 1042
1980, 1, 357, 653, 244, 0, 14.28%, 0, 0, 14, 17571.61, 37968588, 1042
1985, 1, 561, 653, 240, 0, 14.28%, 0, 0, 14, 13586.91, 38040910, 1042
1990, 1, 133, 653, 238, 0, 14.28%, 0, 0, 14, 16919.70, 38123228, 1042
1995, 1, 79, 653, 237, 0, 14.28%, 0, 0, 14, 15317.28, 38207864, 1042
2000, 1, 436, 654, 235, 0, 14.28%, 0, 0, 14, 15254.81, 38284342, 1042
2005, 1, 549, 654, 234, 0, 14.28%, 0, 0, 14, 11977.93, 38349836, 1042
2010, 2, 124, 654, 229, 0, 14.28%, 0, 0, 14, 15224.17, 38426793, 1042
2015, 2, 62, 654, 228, 0, 14.28%, 0, 0, 14, 15126.40, 38494831, 1042
2020, 2, 121, 654, 226, 0, 14.28%, 0, 0, 14, 17140.68, 38578540, 1042
2025, 2, 573, 654, 224, 0, 14.28%, 0, 0, 14, 19873.83, 38688544, 1042
2030, 2, 102, 654, 222, 0, 14.28%, 0, 0, 14, 12302.53, 38733940, 1042
2035, 2, 38, 654, 222, 0, 14.28%, 0, 0, 14, 15175.82, 38807813, 1042
2041, 2, 128, 654, 220, 0, 14.28%, 0, 0, 14, 24219.01, 38947321, 1042
2046, 2, 149, 654, 219, 0, 14.28%, 0, 0, 14, 14113.79, 39002259, 1042
2051, 2, 147, 654, 218, 0, 14.28%, 0, 0, 14, 15931.13, 39087580, 1042
2056, 2, 249, 654, 217, 0, 14.28%, 0, 0, 14, 17633.12, 39181629, 1042
2061, 2, 0, 654, 215, 0, 14.28%, 0, 0, 14, 18346.85, 39268825, 1042
2066, 2, 650, 654, 214, 0, 14.28%, 0, 0, 14, 16282.69, 39342642, 1042
2071, 2, 34, 654, 212, 0, 14.28%, 0, 0, 14, 20222.54, 39446260, 1042
2076, 2, 560, 654, 211, 0, 14.28%, 0, 0, 14, 10860.12, 39497942, 1042
2081, 2, 556, 654, 210, 0, 14.28%, 0, 0, 14, 14692.59, 39571964, 1042
2086, 2, 617, 654, 208, 0, 14.28%, 0, 0, 14, 10385.38, 39619611, 1042
2091, 2, 569, 654, 207, 0, 14.28%, 0, 0, 14, 18666.47, 39733458, 1042
2096, 2, 487, 654, 204, 0, 14.28%, 0, 0, 14, 15673.59, 39799411, 1042
2102, 2, 114, 654, 200, 0, 14.28%, 0, 0, 14, 17549.83, 39886281, 1042
2107, 2, 128, 654, 196, 0, 14.28%, 0, 0, 14, 14726.14, 39959185, 1042
2112, 2, 505, 654, 195, 0, 14.28%, 0, 0, 14, 5471.77, 40042265, 1042
2117, 2, 464, 654, 194, 0, 14.28%, 0, 0, 14, 11840.68, 40107074, 1042
2122, 2, 556, 654, 193, 0, 14.28%, 0, 0, 14, 25053.77, 40182072, 1042
2127, 2, 508, 654, 192, 0, 14.28%, 0, 0, 14, 11650.45, 40221862, 1042
2132, 2, 618, 654, 190, 0, 14.28%, 0, 0, 14, 2708.45, 40316945, 1042
2137, 2, 149, 654, 189, 0, 14.28%, 0, 0, 14, 10883.21, 40376060, 1042
2142, 2, 0, 654, 188, 0, 14.28%, 0, 0, 14, 16476.64, 40466457, 1042
2148, 2, 527, 654, 187, 0, 14.28%, 0, 0, 14, 14269.07, 40527491, 1042
2153, 2, 62, 654, 187, 0, 14.28%, 0, 0, 14, 14849.68, 40603642, 1042
2158, 2, 651, 654, 186, 0, 14.28%, 0, 0, 14, 1862.52, 40651277, 1042
2163, 2, 559, 654, 182, 0, 14.28%, 0, 0, 14, 14367.62, 40717148, 1042
2168, 2, 205, 654, 179, 0, 14.28%, 0, 0, 14, 13822.84, 40781090, 1042
2173, 2, 311, 654, 179, 0, 14.28%, 0, 0, 14, 15919.54, 40872809, 1042
2178, 2, 613, 654, 178, 0, 14.28%, 0, 0, 14, 15754.23, 40953944, 1042
2183, 2, 149, 654, 175, 0, 14.28%, 0, 0, 14, 11465.83, 41003602, 1042
2188, 2, 0, 654, 170, 0, 14.28%, 0, 0, 14, 16448.63, 41077461, 1042
2194, 2, 542, 654, 168, 0, 14.28%, 0, 0, 14, 15447.10, 41166949, 1042
2199, 2, 573, 654, 168, 0, 14.28%, 0, 0, 14, 13593.16, 41228111, 1042
2204, 2, 149, 654, 168, 0, 14.28%, 0, 0, 14, 16370.08, 41301723, 1042
2209, 2, 628, 654, 165, 0, 14.28%, 0, 0, 14, 14606.77, 41366968, 1042
2214, 2, 38, 654, 163, 0, 14.28%, 0, 0, 14, 13072.96, 41429481, 1042
2219, 2, 67, 654, 160, 0, 14.28%, 0, 0, 14, 18459.71, 41525779, 1042
2224, 2, 527, 654, 159, 0, 14.28%, 0, 0, 14, 16273.01, 41614122, 1042
2229, 2, 571, 654, 159, 0, 14.28%, 0, 0, 14, 16484.20, 41699306, 1042
2235, 2, 0, 654, 159, 0, 14.28%, 0, 0, 14, 18737.83, 41788218, 1042
2240, 2, 395, 654, 157, 0, 14.28%, 0, 0, 14, 22128.41, 41910829, 1042
2245, 2, 603, 654, 155, 0, 14.28%, 0, 0, 14, 16567.22, 41993264, 1042
2250, 2, 149, 654, 154, 0, 14.28%, 0, 0, 14, 21025.70, 42094086, 1042
2255, 2, 95, 654, 150, 0, 14.28%, 0, 0, 14, 21087.83, 42215076, 1042
2260, 2, 395, 654, 147, 0, 14.28%, 0, 0, 14, 18578.19, 42299338, 1042
2265, 2, 31, 654, 142, 0, 14.28%, 0, 0, 14, 16298.32, 42383908, 1042
2270, 2, 67, 654, 140, 0, 14.28%, 0, 0, 14, 21608.97, 42486403, 1042
2275, 2, 112, 654, 139, 0, 14.28%, 0, 0, 14, 21591.96, 42599105, 1042
2281, 2, 62, 654, 137, 0, 14.28%, 0, 0, 14, 21305.89, 42710103, 1042
2286, 2, 207, 654, 137, 0, 14.28%, 0, 0, 14, 21981.57, 42819090, 1042
2291, 2, 157, 654, 135, 0, 14.28%, 0, 0, 14, 21735.44, 42938636, 1042
2296, 2, 395, 654, 132, 0, 14.28%, 0, 0, 14, 16602.72, 43017705, 1042
2301, 2, 396, 654, 132, 0, 14.28%, 0, 0, 14, 16660.20, 43110340, 1042
2306, 2, 396, 654, 132, 0, 14.28%, 0, 0, 14, 13604.76, 43176352, 1042
2311, 2, 396, 654, 132, 0, 14.28%, 0, 0, 14, 17754.59, 43273593, 1042
2317, 2, 301, 654, 132, 0, 14.28%, 0, 0, 14, 17957.64, 43364348, 1042
2322, 2, 301, 654, 132, 0, 14.28%, 0, 0, 14, 23372.84, 43490541, 1042
2327, 2, 289, 654, 132, 0, 14.28%, 0, 0, 14, 17614.21, 43577773, 1042
2332, 2, 188, 654, 131, 0, 14.28%, 0, 0, 14, 19292.20, 43674824, 1042
2338, 2, 188, 654, 131, 0, 14.28%, 0, 0, 14, 18805.86, 43763855, 1042
2343, 2, 405, 654, 130, 0, 14.28%, 0, 0, 14, 20158.45, 43871611, 1042
2348, 2, 405, 654, 130, 0, 14.28%, 0, 0, 14, 17021.82, 43947859, 1042
2353, 2, 405, 654, 130, 0, 14.28%, 0, 0, 14, 17674.81, 44039669, 1042
2358, 2, 405, 654, 130, 0, 14.28%, 0, 0, 14, 17236.37, 44117538, 1042
2363, 2, 481, 654, 130, 0, 14.28%, 0, 0, 14, 17663.27, 44209899, 1042
2368, 2, 381, 654, 129, 0, 14.28%, 0, 0, 14, 20039.97, 44305300, 1042
2373, 2, 569, 654, 129, 0, 14.28%, 0, 0, 14, 19367.24, 44411037, 1042
2378, 2, 395, 654, 129, 0, 14.28%, 0, 0, 14, 12142.19, 44458962, 1042
2383, 2, 17, 654, 129, 0, 14.28%, 0, 0, 14, 21681.16, 44579027, 1042
2389, 2, 149, 654, 129, 0, 14.28%, 0, 0, 14, 20894.87, 44679886, 1042
2394, 2, 592, 654, 129, 0, 14.28%, 0, 0, 14, 18108.38, 44776971, 1042
2399, 2, 592, 654, 129, 0, 14.28%, 0, 0, 14, 15874.70, 44851562, 1042
2404, 2, 592, 654, 129, 0, 14.28%, 0, 0, 14, 15307.21, 44929174, 1042
2409, 2, 592, 654, 129, 0, 14.28%, 0, 0, 14, 15809.80, 45011334, 1042
2415, 2, 524, 654, 128, 0, 14.28%, 0, 0, 14, 14876.94, 45090911, 1042
2420, 2, 524, 654, 128, 0, 14.28%, 0, 0, 14, 14246.30, 45164833, 1042
2425, 2, 128, 654, 128, 0, 14.28%, 0, 0, 14, 14744.62, 45238673, 1042
2430, 2, 597, 654, 128, 0, 14.28%, 0, 0, 14, 16520.59, 45329998, 1042
2435, 2, 597, 654, 128, 0, 14.28%, 0, 0, 14, 15769.17, 45412671, 1042
2440, 2, 597, 654, 128, 0, 14.28%, 0, 0, 14, 14209.14, 45482336, 1042
2445, 2, 597, 654, 128, 0, 14.28%, 0, 0, 14, 13288.96, 45550300, 1042
2451, 2, 597, 654, 128, 0, 14.28%, 0, 0, 14, 15576.72, 45634516, 1042
2456, 2, 597, 654, 128, 0, 14.28%, 0, 0, 14, 14678.95, 45704092, 1042
2461, 2, 597, 654, 128, 0, 14.28%, 0, 0, 14, 15948.72, 45786632, 1042
2466, 2, 597, 654, 128, 0, 14.28%, 0, 0, 14, 13992.42, 45856330, 1042
2471, 2, 597, 654, 128, 0, 14.28%, 0, 0, 14, 15401.36, 45937289, 1042
2476, 2, 597, 654, 128, 0, 14.28%, 0, 0, 14, 13305.63, 46003677, 1042
2481, 2, 597, 654, 128, 0, 14.28%, 0, 0, 14, 14429.62, 46079773, 1042
2486, 2, 597, 654, 128, 0, 14.28%, 0, 0, 14, 14648.70, 46155915, 1042
2492, 2, 198, 654, 127, 0, 14.28%, 0, 0, 14, 18830.43, 46252674, 1042
2497, 2, 369, 654, 127, 0, 14.28%, 0, 0, 14, 17859.16, 46348732, 1042
2502, 2, 340, 654, 127, 0, 14.28%, 0, 0, 14, 17636.01, 46431913, 1042
2507, 2, 340, 654, 127, 0, 14.28%, 0, 0, 14, 16211.79, 46504908, 1042
2512, 2, 130, 654, 127, 0, 14.28%, 0, 0, 14, 23500.28, 46640389, 1042
2517, 2, 573, 654, 127, 0, 14.28%, 0, 0, 14, 16934.14, 46719574, 1042
2522, 2, 553, 654, 126, 0, 14.28%, 0, 0, 14, 18185.17, 46822651, 1042
2528, 2, 369, 654, 125, 0, 14.28%, 0, 0, 14, 10797.50, 46879975, 1042
2533, 2, 153, 654, 123, 0, 14.28%, 0, 0, 14, 15823.78, 46966740, 1042
2538, 2, 531, 654, 122, 0, 14.28%, 0, 0, 14, 16915.95, 47053848, 1042
2543, 2, 623, 654, 122, 0, 14.28%, 0, 0, 14, 12604.61, 47111533, 1042
2548, 2, 623, 654, 122, 0, 14.28%, 0, 0, 14, 10954.03, 47164565, 1042
2553, 2, 623, 654, 122, 0, 14.28%, 0, 0, 14, 11063.46, 47221864, 1042
2558, 2, 623, 654, 122, 0, 14.28%, 0, 0, 14, 10819.82, 47277081, 1042
2564, 2, 623, 654, 122, 0, 14.28%, 0, 0, 14, 10453.49, 47332300, 1042
2569, 2, 623, 654, 122, 0, 14.28%, 0, 0, 14, 10386.49, 47384221, 1042
2574, 2, 623, 654, 122, 0, 14.28%, 0, 0, 14, 10741.54, 47439431, 1042
2579, 2, 623, 654, 122, 0, 14.28%, 0, 0, 14, 11234.22, 47495675, 1042
2584, 2, 623, 654, 122, 0, 14.28%, 0, 0, 14, 10320.61, 47548630, 1042
2589, 2, 623, 654, 122, 0, 14.28%, 0, 0, 14, 10811.84, 47605853, 1042
2594, 2, 623, 654, 122, 0, 14.28%, 0, 0, 14, 10686.99, 47662180, 1042
2600, 2, 623, 654, 122, 0, 14.28%, 0, 0, 14, 10721.01, 47718379, 1042
2605, 2, 623, 654, 122, 0, 14.28%, 0, 0, 14, 10517.90, 47774626, 1042
2610, 2, 623, 654, 122, 0, 14.28%, 0, 0, 14, 11071.20, 47834111, 1042
2615, 2, 623, 654, 122, 0, 14.28%, 0, 0, 14, 10565.49, 47888115, 1042
2620, 2, 623, 654, 122, 0, 14.28%, 0, 0, 14, 9983.21, 47936826, 1042
2625, 2, 359, 654, 121, 0, 14.28%, 0, 0, 14, 12134.53, 47997733, 1042
2630, 2, 359, 654, 121, 0, 14.28%, 0, 0, 14, 17652.67, 48096105, 1042
2636, 2, 366, 654, 120, 0, 14.28%, 0, 0, 14, 19397.54, 48199583, 1042
2641, 2, 62, 654, 120, 0, 14.28%, 0, 0, 14, 23954.47, 48325973, 1042
2646, 2, 627, 654, 119, 0, 14.28%, 0, 0, 14, 15597.08, 48403291, 1042
2651, 2, 421, 654, 116, 0, 14.28%, 0, 0, 14, 17354.52, 48490354, 1042
2656, 2, 602, 654, 116, 0, 14.28%, 0, 0, 14, 19546.88, 48595188, 1042
2661, 2, 602, 654, 116, 0, 14.28%, 0, 0, 14, 13059.54, 48648119, 1042
2666, 2, 602, 654, 116, 0, 14.28%, 0, 0, 14, 9239.50, 48686513, 1042
2671, 2, 602, 654, 116, 0, 14.28%, 0, 0, 14, 9603.44, 48734258, 1042
2676, 2, 602, 654, 116, 0, 14.28%, 0, 0, 14, 8566.28, 48776781, 1042
2682, 2, 602, 654, 116, 0, 14.28%, 0, 0, 14, 9256.55, 48825568, 1042
2687, 2, 602, 654, 116, 0, 14.28%, 0, 0, 14, 9405.97, 48873341, 1042
2692, 2, 602, 654, 116, 0, 14.28%, 0, 0, 14, 10323.93, 48926257, 1042
2697, 2, 602, 654, 116, 0, 14.28%, 0, 0, 14, 9518.62, 48970918, 1042
2702, 2, 602, 654, 116, 0, 14.28%, 0, 0, 14, 10317.94, 49023862, 1042
2707, 2, 602, 654, 116, 0, 14.28%, 0, 0, 14, 9500.22, 49069490, 1042
2712, 2, 429, 654, 114, 0, 14.28%, 0, 0, 14, 20880.00, 49180505, 1042
2717, 2, 429, 654, 114, 0, 14.28%, 0, 0, 14, 18674.84, 49261215, 1042
2722, 2, 7, 654, 114, 0, 14.28%, 0, 0, 14, 19932.17, 49364183, 1042
2728, 2, 353, 654, 114, 0, 14.28%, 0, 0, 14, 18954.42, 49460231, 1042
2733, 2, 205, 654, 114, 0, 14.28%, 0, 0, 14, 18690.03, 49554219, 1042
2738, 2, 381, 654, 114, 0, 14.28%, 0, 0, 14, 16529.53, 49634898, 1042
2743, 2, 315, 654, 113, 0, 14.28%, 0, 0, 14, 22238.04, 49765277, 1042
2748, 2, 288, 654, 111, 0, 14.28%, 0, 0, 14, 18559.29, 49860352, 1042
2753, 2, 529, 654, 109, 0, 14.28%, 0, 0, 14, 21884.79, 49977888, 1042
2758, 2, 67, 654, 109, 0, 14.28%, 0, 0, 14, 17021.65, 50045715, 1042
2764, 2, 519, 654, 109, 0, 14.28%, 0, 0, 14, 19221.89, 50152001, 1042
2769, 2, 430, 654, 108, 0, 14.28%, 0, 0, 14, 20405.81, 50259641, 1042
2774, 2, 430, 654, 108, 0, 14.28%, 0, 0, 14, 15177.93, 50335221, 1042
2779, 2, 430, 654, 108, 0, 14.28%, 0, 0, 14, 15734.58, 50409676, 1042
2784, 2, 257, 654, 107, 0, 14.28%, 0, 0, 14, 23527.34, 50534108, 1042
2789, 2, 256, 654, 106, 0, 14.28%, 0, 0, 14, 28209.11, 50678816, 1042
2795, 2, 523, 654, 105, 0, 14.28%, 0, 0, 14, 18844.07, 50780945, 1042
2800, 2, 523, 654, 105, 0, 14.28%, 0, 0, 14, 12325.25, 50833948, 1042
2805, 2, 624, 654, 103, 0, 14.28%, 0, 0, 14, 14564.14, 50904935, 1042
2810, 3, 527, 662, 109, 0, 14.28%, 0, 0, 14, 22783.95, 51016973, 1042
2815, 3, 157, 662, 109, 0, 14.28%, 0, 0, 14, 20036.61, 51126361, 1042
2820, 3, 149, 662, 109, 0, 14.28%, 0, 0, 14, 26782.19, 51252825, 1042
2825, 3, 62, 662, 107, 0, 14.28%, 0, 0, 14, 13469.78, 51307679, 1042
2830, 3, 369, 662, 107, 0, 14.28%, 0, 0, 14, 12778.11, 51369930, 1042
2835, 3, 149, 662, 107, 0, 14.28%, 0, 0, 14, 11547.32, 51429415, 1042
2841, 3, 311, 662, 106, 0, 14.28%, 0, 0, 14, 24089.55, 51524421, 1042
2846, 3, 494, 662, 106, 0, 14.28%, 0, 0, 14, 16954.83, 51606684, 1042
2851, 3, 149, 662, 105, 0, 14.28%, 0, 0, 14, 19625.27, 51698578, 1042
2856, 3, 527, 662, 104, 0, 14.28%, 0, 0, 14, 15879.02, 51776960, 1042
2861, 3, 436, 662, 104, 0, 14.28%, 0, 0, 14, 14568.19, 51850222, 1042
2866, 3, 0, 662, 104, 0, 14.28%, 0, 0, 14, 17110.75, 51955793, 1042
2871, 3, 34, 662, 103, 0, 14.28%, 0, 0, 14, 22446.78, 52077678, 1042
2876, 3, 62, 662, 103, 0, 14.28%, 0, 0, 14, 20410.59, 52167730, 1042
2881, 3, 0, 662, 103, 0, 14.28%, 0, 0, 14, 27120.12, 52313634, 1042
2886, 3, 436, 662, 100, 0, 14.28%, 0, 0, 14, 20171.99, 52405636, 1042
2892, 3, 211, 662, 98, 0, 14.28%, 0, 0, 14, 18938.82, 52504605, 1042
2897, 3, 511, 662, 98, 0, 14.28%, 0, 0, 14, 11903.39, 52559667, 1042
2902, 3, 249, 662, 96, 0, 14.28%, 0, 0, 14, 15987.83, 52635202, 1042
2907, 3, 0, 662, 96, 0, 14.28%, 0, 0, 14, 16248.49, 52709928, 1042
2912, 3, 72, 662, 94, 0, 14.28%, 0, 0, 14, 23040.00, 52786579, 1042
2917, 3, 331, 662, 94, 0, 14.28%, 0, 0, 14, 14282.60, 52846106, 1042
2922, 3, 7, 662, 93, 0, 14.28%, 0, 0, 14, 18002.53, 52940523, 1042
2927, 3, 184, 662, 92, 0, 14.28%, 0, 0, 14, 15466.39, 53015576, 1042
2933, 3, 0, 662, 90, 0, 14.28%, 0, 0, 14, 21662.49, 53119834, 1042
2938, 3, 22, 662, 89, 0, 14.28%, 0, 0, 14, 20410.60, 53210062, 1042
2943, 3, 645, 662, 89, 0, 14.28%, 0, 0, 14, 18919.84, 53320247, 1042
2948, 3, 643, 662, 86, 0, 14.28%, 0, 0, 14, 16958.21, 53401062, 1042
2953, 3, 7, 662, 85, 0, 14.28%, 0, 0, 14, 14216.33, 53470697, 1042
2958, 3, 281, 662, 85, 0, 14.28%, 0, 0, 14, 18439.90, 53560046, 1042
2963, 3, 555, 662, 84, 0, 14.28%, 0, 0, 14, 14807.44, 53636270, 1042
2968, 3, 128, 662, 82, 0, 14.28%, 0, 0, 14, 17861.41, 53732948, 1042
2973, 3, 559, 662, 82, 0, 14.28%, 0, 0, 14, 19665.05, 53843148, 1042
2978, 3, 7, 662, 82, 0, 14.28%, 0, 0, 14, 15631.64, 53916443, 1042
2983, 3, 0, 662, 82, 0, 14.28%, 0, 0, 14, 18251.26, 54022738, 1042
2988, 3, 493, 662, 81, 0, 14.28%, 0, 0, 14, 22122.41, 54131806, 1042
2994, 3, 62, 662, 79, 0, 14.28%, 0, 0, 14, 15945.95, 54211695, 1042
2999, 3, 0, 662, 79, 0, 14.28%, 0, 0, 14, 19260.94, 54307235, 1042
3004, 3, 238, 662, 78, 0, 14.28%, 0, 0, 14, 21193.11, 54425143, 1042
3009, 3, 360, 662, 77, 0, 14.28%, 0, 0, 14, 27061.54, 54563319, 1042
3014, 3, 149, 662, 76, 0, 14.28%, 0, 0, 14, 18071.88, 54651639, 1042
3019, 3, 420, 662, 75, 0, 14.28%, 0, 0, 14, 18576.54, 54747480, 1042
3024, 3, 527, 662, 75, 0, 14.28%, 0, 0, 14, 19061.31, 54855148, 1042
3029, 3, 255, 662, 73, 0, 14.28%, 0, 0, 14, 18195.30, 54948825, 1042
3035, 3, 67, 662, 73, 0, 14.28%, 0, 0, 14, 19864.05, 55051357, 1042
3040, 3, 149, 662, 72, 0, 14.28%, 0, 0, 14, 19657.49, 55155713, 1042
3045, 3, 108, 662, 71, 0, 14.28%, 0, 0, 14, 17782.02, 55253792, 1042
3050, 3, 454, 662, 71, 0, 14.28%, 0, 0, 14, 16114.09, 55335244, 1042
3055, 3, 284, 662, 70, 0, 14.28%, 0, 0, 14, 13954.43, 55410957, 1042
3060, 3, 137, 662, 70, 0, 14.28%, 0, 0, 14, 23370.63, 55533316, 1042
3065, 3, 88, 662, 69, 0, 14.28%, 0, 0, 14, 21438.25, 55648395, 1042
3070, 3, 395, 662, 68, 0, 14.28%, 0, 0, 14, 22396.38, 55758523, 1042
3075, 3, 133, 662, 68, 0, 14.28%, 0, 0, 14, 20975.40, 55873267, 1042
3080, 3, 507, 662, 67, 0, 14.28%, 0, 0, 14, 24829.25, 56005337, 1042
3085, 3, 0, 662, 66, 0, 14.28%, 0, 0, 14, 17731.42, 56084698, 1042
3091, 3, 578, 662, 66, 0, 14.28%, 0, 0, 14, 27309.64, 56225665, 1042
3096, 3, 313, 662, 65, 0, 14.28%, 0, 0, 14, 20202.39, 56322002, 1042
3101, 3, 562, 662, 65, 0, 14.28%, 0, 0, 14, 17896.63, 56415651, 1042
3106, 3, 2, 662, 64, 0, 14.28%, 0, 0, 14, 17577.45, 56501822, 1042
3111, 3, 53, 662, 64, 0, 14.28%, 0, 0, 14, 23104.81, 56623891, 1042
3116, 3, 547, 662, 62, 0, 14.28%, 0, 0, 14, 17546.71, 56714034, 1042
3121, 3, 573, 662, 61, 0, 14.28%, 0, 0, 14, 16120.79, 56796104, 1042
3126, 3, 622, 662, 61, 0, 14.28%, 0, 0, 14, 15205.77, 56870816, 1042
3131, 3, 369, 662, 60, 0, 14.28%, 0, 0, 14, 19355.48, 56967177, 1042
3136, 3, 583, 662, 60, 0, 14.28%, 0, 0, 14, 16245.41, 57046072, 1042
3142, 3, 149, 662, 59, 0, 14.28%, 0, 0, 14, 25327.61, 57169537, 1042
3147, 3, 0, 662, 59, 0, 14.28%, 0, 0, 14, 15960.45, 57247669, 1042
3152, 3, 99, 662, 59, 0, 14.28%, 0, 0, 14, 15481.70, 57319230, 1042
3157, 3, 162, 662, 58, 0, 14.28%, 0, 0, 14, 19843.71, 57423794, 1042
3162, 3, 67, 662, 58, 0, 14.28%, 0, 0, 14, 19829.90, 57511987, 1042
3167, 3, 569, 662, 57, 0, 14.28%, 0, 0, 14, 16672.94, 57599684, 1042
3172, 3, 0, 662, 57, 0, 14.28%, 0, 0, 14, 20145.20, 57688439, 1042
3177, 3, 460, 662, 57, 0, 14.28%, 0, 0, 14, 24242.94, 57804114, 1042
3182, 3, 315, 662, 54, 0, 14.28%, 0, 0, 14, 19423.18, 57887164, 1042
3187, 3, 469, 662, 54, 0, 14.28%, 0, 0, 14, 16593.35, 57969552, 1042
3192, 3, 235, 662, 54, 0, 14.28%, 0, 0, 14, 18026.27, 58051722, 1042
3198, 3, 521, 662, 53, 0, 14.28%, 0, 0, 14, 17602.21, 58151346, 1042
3203, 3, 521, 662, 53, 0, 14.28%, 0, 0, 14, 15790.72, 58223179, 1042
3208, 3, 521, 662, 53, 0, 14.28%, 0, 0, 14, 12527.31, 58283793, 1042
3213, 3, 521, 662, 53, 0, 14.28%, 0, 0, 14, 11815.52, 58339679, 1042
3219, 3, 521, 662, 53, 0, 14.28%, 0, 0, 14, 11271.04, 58398756, 1042
3224, 3, 521, 662, 53, 0, 14.28%, 0, 0, 14, 12960.98, 58462582, 1042
3229, 3, 521, 662, 53, 0, 14.28%, 0, 0, 14, 13698.60, 58534437, 1042
3234, 3, 402, 662, 53, 0, 14.28%, 0, 0, 14, 16677.02, 58619212, 1042
3239, 3, 402, 662, 53, 0, 14.28%, 0, 0, 14, 16594.94, 58707143, 1042
3244, 3, 365, 662, 53, 0, 14.28%, 0, 0, 14, 18917.74, 58797500, 1042
3249, 3, 88, 662, 52, 0, 14.28%, 0, 0, 14, 18554.05, 58897771, 1042
3254, 4, 422, 665, 55, 0, 14.28%, 0, 0, 14, 22528.24, 59024790, 1042
3259, 4, 555, 665, 54, 0, 14.28%, 0, 0, 14, 17329.77, 59121403, 1042
3264, 4, 67, 665, 53, 0, 14.28%, 0, 0, 14, 20677.15, 59221560, 1042
3270, 4, 124, 665, 51, 0, 14.28%, 0, 0, 14, 16836.50, 59316531, 1042
3275, 4, 527, 665, 50, 0, 14.28%, 0, 0, 14, 19506.25, 59386363, 1042
3280, 4, 7, 665, 49, 0, 14.28%, 0, 0, 14, 3728.88, 59423971, 1042
3285, 4, 534, 665, 49, 0, 14.28%, 0, 0, 14, 16171.58, 59521791, 1042
3290, 4, 564, 665, 49, 0, 14.28%, 0, 0, 14, 3574.47, 59601359, 1042
3295, 4, 0, 665, 48, 0, 14.28%, 0, 0, 14, 20131.32, 59705945, 1042
3300, 4, 149, 665, 47, 0, 14.28%, 0, 0, 14, 20570.00, 59811503, 1042
3306, 4, 0, 665, 47, 0, 14.28%, 0, 0, 14, 26112.77, 59934133, 1042
3311, 4, 133, 665, 47, 0, 14.28%, 0, 0, 14, 23626.54, 60053873, 1042
3316, 4, 100, 665, 47, 0, 14.28%, 0, 0, 14, 25714.51, 60166485, 1042
3321, 4, 0, 665, 47, 0, 14.28%, 0, 0, 14, 22420.81, 60286008, 1042
3326, 4, 616, 665, 45, 0, 14.28%, 0, 0, 14, 24213.16, 60422241, 1042
3331, 4, 67, 666, 44, 0, 14.28%, 0, 0, 14, 21495.54, 60522216, 1042
3336, 4, 591, 666, 44, 0, 14.28%, 0, 0, 14, 20883.13, 60630680, 1042
3341, 4, 255, 666, 43, 0, 14.28%, 0, 0, 14, 19024.02, 60709598, 1042
3346, 4, 107, 666, 41, 0, 14.28%, 0, 0, 14, 15391.35, 60792584, 1042
3351, 4, 17, 666, 41, 0, 14.28%, 0, 0, 14, 20788.85, 60890776, 1042
3356, 4, 635, 666, 40, 0, 14.28%, 0, 0, 14, 20146.65, 60996040, 1042
3361, 4, 7, 666, 39, 0, 14.28%, 0, 0, 14, 24994.10, 61119934, 1042
3366, 4, 246, 666, 39, 0, 14.28%, 0, 0, 14, 23794.41, 61236896, 1042
3371, 4, 7, 666, 38, 0, 14.28%, 0, 0, 14, 22515.44, 61334309, 1042
3377, 4, 149, 666, 38, 0, 14.28%, 0, 0, 14, 20148.71, 61439982, 1042
3382, 4, 571, 666, 37, 0, 14.28%, 0, 0, 14, 19109.79, 61543376, 1042
3387, 4, 500, 666, 37, 0, 14.28%, 0, 0, 14, 19239.37, 61640098, 1042
3392, 4, 563, 666, 37, 0, 14.28%, 0, 0, 14, 18030.74, 61735076, 1042
3397, 4, 62, 667, 38, 0, 14.28%, 0, 0, 14, 21352.19, 61853892, 1042
3402, 4, 7, 667, 38, 0, 14.28%, 0, 0, 14, 23896.68, 61973182, 1042
3407, 4, 0, 667, 38, 0, 14.28%, 0, 0, 14, 25108.53, 62101069, 1042
3413, 4, 296, 667, 38, 0, 14.28%, 0, 0, 14, 17831.01, 62183582, 1042
3418, 4, 149, 667, 38, 0, 14.28%, 0, 0, 14, 21903.74, 62287473, 1042
3423, 4, 149, 667, 38, 0, 14.28%, 0, 0, 14, 25851.63, 62423626, 1042
3428, 4, 0, 667, 36, 0, 14.28%, 0, 0, 14, 24913.73, 62552319, 1042
3433, 4, 67, 667, 35, 0, 14.28%, 0, 0, 14, 23160.02, 62670092, 1042
3438, 4, 0, 667, 34, 0, 14.28%, 0, 0, 14, 22425.54, 62788712, 1042
3443, 4, 0, 667, 33, 0, 14.28%, 0, 0, 14, 21749.84, 62896609, 1042
3448, 4, 35, 667, 33, 0, 14.28%, 0, 0, 14, 20008.41, 63003168, 1042
3453, 4, 133, 667, 33, 0, 14.28%, 0, 0, 14, 21754.33, 63116871, 1042
3458, 4, 525, 667, 33, 0, 14.28%, 0, 0, 14, 18291.94, 63222965, 1042
3464, 4, 0, 667, 33, 0, 14.28%, 0, 0, 14, 21466.41, 63323175, 1042
3469, 4, 571, 667, 31, 0, 14.28%, 0, 0, 14, 16218.42, 63410926, 1042
3474, 4, 62, 667, 31, 0, 14.28%, 0, 0, 14, 21012.15, 63516502, 1042
3479, 4, 67, 667, 28, 0, 14.28%, 0, 0, 14, 21814.46, 63635101, 1042
3484, 4, 255, 667, 28, 0, 14.28%, 0, 0, 14, 23504.80, 63739804, 1042
3489, 4, 249, 667, 28, 0, 14.28%, 0, 0, 14, 22917.87, 63868582, 1042
3494, 4, 68, 667, 28, 0, 14.28%, 0, 0, 14, 27219.78, 64014574, 1042
3499, 4, 0, 667, 27, 0, 14.28%, 0, 0, 14, 23101.64, 64120354, 1042
3504, 4, 82, 667, 26, 0, 14.28%, 0, 0, 14, 20541.83, 64226080, 1042
3509, 4, 67, 667, 26, 0, 14.28%, 0, 0, 14, 24829.53, 64364736, 1042
3514, 4, 67, 667, 26, 0, 14.28%, 0, 0, 14, 25133.14, 64496859, 1042
3519, 4, 0, 667, 26, 0, 14.28%, 0, 0, 14, 22280.09, 64613560, 1042
3524, 4, 0, 667, 26, 0, 14.28%, 0, 0, 14, 24918.63, 64744186, 1042
3530, 4, 121, 667, 26, 0, 14.28%, 0, 0, 14, 27492.89, 64896769, 1042
3535, 4, 555, 667, 26, 0, 14.28%, 0, 0, 14, 21752.69, 65008714, 1042
3540, 4, 328, 667, 24, 0, 14.28%, 0, 0, 14, 22275.80, 65122884, 1042
3545, 5, 67, 667, 22, 0, 14.28%, 0, 0, 14, 21883.99, 65236363, 1042
3550, 5, 38, 667, 21, 0, 14.28%, 0, 0, 14, 19431.02, 65326789, 1042
3555, 5, 437, 667, 20, 0, 14.28%, 0, 0, 14, 23783.39, 65454151, 1042
3560, 5, 255, 667, 20, 0, 14.28%, 0, 0, 14, 27955.47, 65606805, 1042
3565, 5, 134, 667, 20, 0, 14.28%, 0, 0, 14, 30670.13, 65765332, 1042
3570, 5, 549, 667, 20, 0, 14.28%, 0, 0, 14, 20246.17, 65860806, 1042
3576, 5, 149, 667, 20, 0, 14.28%, 0, 0, 14, 26789.85, 65999923, 1042
3581, 5, 157, 667, 19, 0, 14.28%, 0, 0, 14, 15678.48, 66071509, 1042
3586, 5, 526, 667, 18, 0, 14.28%, 0, 0, 14, 21389.97, 66194693, 1042
3591, 5, 89, 667, 18, 0, 14.28%, 0, 0, 14, 21407.56, 66290421, 1042
3596, 5, 552, 667, 18, 0, 14.28%, 0, 0, 14, 27180.11, 66436340, 1042
3600, 5, 0, 667, 18, 0, 14.28%, 0, 0, 14, 20016.52, 66480850, 1042
