# relative_time, cycles_done, cur_item, corpus_count, pending_total, pending_favs, map_size, saved_crashes, saved_hangs, max_depth, execs_per_sec, total_execs, edges_found
61, 0, 141, 160, 125, 0, 7.75%, 0, 0, 5, 13055.57, 1073486, 377
66, 0, 155, 165, 129, 0, 7.75%, 0, 0, 5, 19963.45, 1181790, 377
71, 0, 155, 169, 133, 0, 7.75%, 0, 0, 5, 14452.94, 1249076, 377
76, 0, 155, 170, 134, 0, 7.75%, 0, 0, 5, 14137.99, 1319766, 377
81, 0, 164, 172, 133, 0, 7.75%, 0, 0, 6, 13922.01, 1397809, 377
86, 0, 164, 175, 136, 0, 7.75%, 0, 0, 6, 11718.39, 1452135, 377
91, 0, 164, 176, 137, 0, 7.75%, 0, 0, 6, 10349.71, 1505971, 377
96, 0, 0, 179, 137, 0, 7.75%, 0, 0, 6, 14143.32, 1586164, 377
101, 0, 107, 179, 137, 0, 7.75%, 0, 0, 6, 17778.75, 1683132, 377
107, 0, 0, 179, 136, 0, 7.75%, 0, 0, 6, 20537.94, 1795845, 377
112, 0, 0, 180, 134, 0, 7.75%, 0, 0, 6, 16187.92, 1873507, 377
117, 0, 0, 180, 133, 0, 7.75%, 0, 0, 6, 17712.22, 1971727, 377
122, 0, 0, 180, 133, 0, 7.75%, 0, 0, 6, 20859.52, 2086617, 377
127, 0, 107, 180, 131, 0, 7.75%, 0, 0, 6, 22330.42, 2192394, 377
132, 0, 179, 188, 139, 0, 7.75%, 0, 0, 7, 13307.71, 2256252, 377
137, 0, 179, 190, 141, 0, 7.75%, 0, 0, 7, 10209.04, 2302830, 377
142, 0, 179, 190, 141, 0, 7.75%, 0, 0, 7, 7884.11, 2341076, 377
147, 0, 179, 190, 141, 0, 7.75%, 0, 0, 7, 7384.94, 2378956, 377
152, 0, 179, 190, 141, 0, 7.75%, 0, 0, 7, 8887.79, 2426532, 377
157, 0, 179, 190, 141, 0, 7.75%, 0, 0, 7, 9312.54, 2473626, 377
162, 0, 175, 190, 140, 0, 7.75%, 0, 0, 7, 12655.32, 2535926, 377
168, 0, 0, 190, 138, 0, 7.75%, 0, 0, 7, 20420.19, 2649959, 377
173, 0, 71, 190, 138, 0, 7.75%, 0, 0, 7, 21044.32, 2758776, 377
178, 0, 0, 191, 138, 0, 7.75%, 0, 0, 7, 21055.31, 2873717, 377
183, 0, 107, 191, 137, 0, 7.75%, 0, 0, 7, 24038.46, 2993681, 377
188, 0, 186, 194, 138, 0, 7.75%, 0, 0, 8, 25006.22, 3114668, 377
193, 0, 186, 197, 141, 0, 7.75%, 0, 0, 8, 15403.70, 3181855, 377
198, 0, 0, 197, 138, 0, 7.75%, 0, 0, 8, 25860.96, 3310729, 377
203, 0, 102, 197, 137, 0, 7.75%, 0, 0, 8, 25105.54, 3427199, 377
208, 0, 51, 197, 136, 0, 7.75%, 0, 0, 8, 26389.31, 3557208, 377
214, 1, 185, 198, 135, 0, 7.75%, 0, 0, 8, 16740.11, 3641254, 377
219, 1, 84, 201, 135, 0, 7.75%, 0, 0, 8, 15591.81, 3714101, 377
224, 1, 194, 203, 133, 0, 7.75%, 0, 0, 9, 10722.08, 3767932, 377
229, 1, 194, 204, 134, 0, 7.75%, 0, 0, 9, 8843.55, 3810941, 377
234, 1, 194, 206, 136, 0, 7.75%, 0, 0, 9, 8470.80, 3852180, 377
239, 1, 0, 206, 133, 0, 7.75%, 0, 0, 9, 17546.46, 3943750, 377
244, 1, 124, 206, 130, 0, 7.75%, 0, 0, 9, 18444.32, 4032563, 377
249, 1, 205, 211, 134, 0, 7.75%, 0, 0, 10, 12727.40, 4088294, 377
255, 1, 205, 212, 135, 0, 7.75%, 0, 0, 10, 10910.81, 4140755, 377
260, 1, 205, 212, 135, 0, 7.75%, 0, 0, 10, 9744.89, 4191653, 377
265, 1, 14, 212, 127, 0, 7.75%, 0, 0, 10, 13828.54, 4264312, 377
270, 1, 207, 212, 123, 0, 7.75%, 0, 0, 10, 11032.29, 4315353, 377
275, 1, 209, 213, 121, 0, 7.75%, 0, 0, 11, 15000.49, 4395988, 377
280, 1, 209, 214, 122, 0, 7.75%, 0, 0, 11, 9808.01, 4440235, 377
285, 1, 0, 214, 121, 0, 7.75%, 0, 0, 11, 12414.65, 4494017, 377
290, 1, 212, 214, 121, 0, 7.75%, 0, 0, 11, 17526.63, 4593759, 377
296, 1, 212, 215, 122, 0, 7.75%, 0, 0, 12, 9330.59, 4631591, 377
301, 1, 212, 217, 124, 0, 7.75%, 0, 0, 12, 7384.63, 4666657, 377
306, 1, 183, 218, 124, 0, 7.75%, 0, 0, 12, 11807.97, 4719695, 377
311, 1, 10, 218, 121, 0, 7.75%, 0, 0, 12, 16592.75, 4803605, 377
316, 1, 0, 218, 121, 0, 7.75%, 0, 0, 12, 22598.45, 4920082, 377
321, 1, 203, 218, 119, 0, 7.75%, 0, 0, 12, 14625.94, 4986761, 377
326, 1, 107, 220, 119, 0, 7.75%, 0, 0, 12, 10894.94, 5033739, 377
331, 1, 10, 221, 115, 0, 7.75%, 0, 0, 12, 15544.64, 5123189, 377
336, 1, 211, 223, 115, 0, 7.75%, 0, 0, 12, 6281.30, 5169355, 377
341, 1, 211, 223, 115, 0, 7.75%, 0, 0, 12, 7416.12, 5210089, 377
346, 1, 211, 224, 116, 0, 7.75%, 0, 0, 12, 8491.63, 5253905, 377
351, 1, 211, 224, 116, 0, 7.75%, 0, 0, 12, 7868.03, 5294477, 377
356, 1, 211, 224, 116, 0, 7.75%, 0, 0, 12, 7259.80, 5331161, 377
361, 1, 211, 224, 116, 0, 7.75%, 0, 0, 12, 6243.04, 5363495, 377
366, 1, 205, 224, 112, 0, 7.75%, 0, 0, 12, 11756.66, 5434550, 377
371, 1, 102, 225, 111, 0, 7.75%, 0, 0, 12, 15732.72, 5512132, 377
377, 1, 100, 225, 105, 0, 7.75%, 0, 0, 12, 11247.58, 5564402, 377
382, 1, 170, 225, 105, 0, 7.75%, 0, 0, 12, 13526.29, 5640331, 377
387, 1, 0, 225, 103, 0, 7.75%, 0, 0, 12, 24761.51, 5774403, 377
392, 1, 216, 226, 102, 0, 7.75%, 0, 0, 12, 15698.67, 5848381, 377
397, 1, 213, 227, 101, 0, 7.75%, 0, 0, 12, 14803.85, 5911848, 377
402, 1, 102, 227, 97, 0, 7.75%, 0, 0, 12, 16344.90, 5994623, 377
407, 1, 0, 227, 96, 0, 7.75%, 0, 0, 12, 19552.76, 6092337, 377
412, 1, 102, 228, 92, 0, 7.75%, 0, 0, 12, 14479.76, 6160781, 377
418, 1, 221, 228, 92, 0, 7.75%, 0, 0, 12, 4426.36, 6251726, 377
423, 1, 107, 228, 90, 0, 7.75%, 0, 0, 12, 17917.26, 6342917, 377
428, 1, 161, 228, 90, 0, 7.75%, 0, 0, 12, 22536.78, 6467709, 377
433, 1, 219, 228, 88, 0, 7.75%, 0, 0, 12, 5636.14, 6539254, 377
438, 1, 20, 228, 86, 0, 7.75%, 0, 0, 12, 21714.18, 6669265, 377
443, 1, 163, 228, 84, 0, 7.75%, 0, 0, 12, 16829.05, 6752568, 377
448, 1, 214, 228, 82, 0, 7.75%, 0, 0, 12, 11776.47, 6812678, 377
453, 2, 10, 243, 93, 0, 7.75%, 0, 0, 12, 16068.60, 6888500, 377
458, 2, 0, 243, 92, 0, 7.75%, 0, 0, 12, 19863.79, 6988381, 377
464, 2, 0, 243, 90, 0, 7.75%, 0, 0, 12, 20508.24, 7088343, 377
469, 2, 201, 243, 87, 0, 7.75%, 0, 0, 12, 9390.61, 7146524, 377
474, 2, 194, 243, 86, 0, 7.75%, 0, 0, 12, 14769.78, 7233526, 377
479, 2, 222, 243, 84, 0, 7.75%, 0, 0, 12, 3695.93, 7291159, 377
484, 2, 215, 243, 82, 0, 7.75%, 0, 0, 12, 7427.89, 7328979, 377
489, 2, 107, 243, 79, 0, 7.75%, 0, 0, 12, 21105.83, 7433667, 377
494, 2, 215, 243, 77, 0, 7.75%, 0, 0, 12, 25275.51, 7556554, 377
499, 2, 14, 243, 77, 0, 7.75%, 0, 0, 12, 24999.82, 7662401, 377
504, 2, 0, 243, 75, 0, 7.75%, 0, 0, 12, 24721.24, 7786563, 377
510, 2, 0, 243, 75, 0, 7.75%, 0, 0, 12, 27104.69, 7930635, 377
515, 2, 235, 243, 75, 0, 7.75%, 0, 0, 12, 27041.57, 8059388, 377
520, 2, 223, 243, 72, 0, 7.75%, 0, 0, 12, 7700.04, 8127608, 377
525, 2, 0, 243, 71, 0, 7.75%, 0, 0, 12, 10851.42, 8175140, 377
530, 2, 229, 243, 67, 0, 7.75%, 0, 0, 12, 22791.49, 8315399, 377
535, 2, 227, 243, 65, 0, 7.75%, 0, 0, 12, 18124.20, 8406229, 377
540, 2, 102, 243, 64, 0, 7.75%, 0, 0, 12, 23742.85, 8532315, 377
545, 2, 0, 243, 63, 0, 7.75%, 0, 0, 12, 17494.22, 8608652, 377
551, 2, 211, 243, 62, 0, 7.75%, 0, 0, 12, 15321.11, 8706398, 377
556, 2, 0, 243, 62, 0, 7.75%, 0, 0, 12, 16000.21, 8774006, 377
561, 2, 41, 243, 61, 0, 7.75%, 0, 0, 12, 21776.77, 8883265, 377
566, 2, 215, 244, 60, 0, 7.75%, 0, 0, 13, 11878.02, 8931712, 377
571, 2, 102, 244, 60, 0, 7.75%, 0, 0, 13, 21254.41, 9041033, 377
576, 2, 210, 244, 59, 0, 7.75%, 0, 0, 13, 22243.53, 9166716, 377
581, 2, 0, 244, 59, 0, 7.75%, 0, 0, 13, 15723.31, 9229779, 377
586, 2, 222, 244, 58, 0, 7.75%, 0, 0, 13, 17116.99, 9324544, 377
591, 2, 216, 244, 58, 0, 7.75%, 0, 0, 13, 10855.69, 9374550, 377
597, 2, 107, 244, 57, 0, 7.75%, 0, 0, 13, 21997.73, 9491974, 377
602, 2, 146, 244, 53, 0, 7.75%, 0, 0, 13, 19752.89, 9584868, 377
607, 3, 133, 255, 62, 0, 7.75%, 0, 0, 13, 18037.40, 9679205, 377
612, 3, 0, 255, 61, 0, 7.75%, 0, 0, 13, 21903.39, 9793600, 377
617, 3, 204, 255, 58, 0, 7.75%, 0, 0, 13, 18612.07, 9907225, 377
622, 3, 0, 255, 56, 0, 7.75%, 0, 0, 13, 17708.52, 9986643, 377
627, 3, 219, 255, 54, 0, 7.75%, 0, 0, 13, 19554.64, 10098722, 377
632, 3, 171, 255, 53, 0, 7.75%, 0, 0, 13, 15254.59, 10168673, 377
638, 3, 0, 255, 51, 0, 7.75%, 0, 0, 13, 17377.67, 10249988, 377
643, 3, 251, 255, 51, 0, 7.75%, 0, 0, 13, 4614.19, 10308762, 377
648, 3, 0, 255, 50, 0, 7.75%, 0, 0, 13, 19182.74, 10411285, 377
653, 3, 0, 255, 49, 0, 7.75%, 0, 0, 13, 22888.37, 10521840, 377
658, 3, 20, 255, 48, 0, 7.75%, 0, 0, 13, 27240.22, 10663951, 377
663, 3, 9, 255, 48, 0, 7.75%, 0, 0, 13, 24332.59, 10775309, 377
668, 3, 0, 255, 46, 0, 7.75%, 0, 0, 13, 12598.10, 10832978, 377
673, 3, 47, 255, 46, 0, 7.75%, 0, 0, 13, 26165.87, 10973266, 377
678, 3, 254, 255, 44, 0, 7.75%, 0, 0, 13, 8391.77, 11049617, 377
683, 3, 0, 255, 43, 0, 7.75%, 0, 0, 13, 10084.04, 11091605, 377
689, 3, 102, 255, 42, 0, 7.75%, 0, 0, 13, 20373.73, 11220104, 377
694, 3, 243, 255, 42, 0, 7.75%, 0, 0, 13, 5957.23, 11262286, 377
699, 3, 0, 255, 41, 0, 7.75%, 0, 0, 13, 26760.79, 11394999, 377
704, 3, 161, 255, 40, 0, 7.75%, 0, 0, 13, 21013.94, 11495589, 377
709, 3, 207, 255, 40, 0, 7.75%, 0, 0, 13, 20409.47, 11618777, 377
714, 3, 253, 255, 39, 0, 7.75%, 0, 0, 13, 4150.50, 11750973, 377
719, 3, 253, 256, 40, 0, 7.75%, 0, 0, 13, 6901.08, 11789806, 377
724, 3, 216, 256, 38, 0, 7.75%, 0, 0, 13, 20786.81, 11917694, 377
729, 3, 14, 256, 38, 0, 7.75%, 0, 0, 13, 20258.23, 12000702, 377
734, 3, 65, 256, 38, 0, 7.75%, 0, 0, 13, 23317.78, 12128902, 377
740, 3, 208, 256, 38, 0, 7.75%, 0, 0, 13, 17345.96, 12228757, 377
745, 3, 0, 256, 36, 0, 7.75%, 0, 0, 13, 24204.20, 12353910, 377
750, 3, 0, 256, 36, 0, 7.75%, 0, 0, 13, 16677.70, 12423950, 377
755, 4, 0, 256, 35, 0, 7.75%, 0, 0, 13, 23660.74, 12547218, 377
760, 4, 102, 256, 33, 0, 7.75%, 0, 0, 13, 22812.81, 12656635, 377
765, 4, 127, 256, 33, 0, 7.75%, 0, 0, 13, 21798.66, 12757288, 377
770, 4, 107, 256, 32, 0, 7.75%, 0, 0, 13, 26483.19, 12905664, 377
775, 4, 53, 256, 31, 0, 7.75%, 0, 0, 13, 14817.67, 12969571, 377
780, 4, 35, 256, 30, 0, 7.75%, 0, 0, 13, 22453.44, 13095395, 377
785, 4, 65, 256, 29, 0, 7.75%, 0, 0, 13, 27304.30, 13235084, 377
790, 4, 0, 256, 28, 0, 7.75%, 0, 0, 13, 23838.15, 13347084, 377
795, 4, 216, 256, 28, 0, 7.75%, 0, 0, 13, 18341.69, 13445383, 377
800, 4, 0, 256, 28, 0, 7.75%, 0, 0, 13, 24015.19, 13571653, 377
805, 4, 197, 256, 26, 0, 7.75%, 0, 0, 13, 21198.50, 13680486, 377
810, 4, 0, 256, 26, 0, 7.75%, 0, 0, 13, 23746.82, 13794837, 377
815, 4, 62, 256, 25, 0, 7.75%, 0, 0, 13, 25099.54, 13917861, 377
821, 4, 214, 256, 25, 0, 7.75%, 0, 0, 13, 20987.22, 14035498, 377
826, 4, 127, 256, 24, 0, 7.75%, 0, 0, 13, 27405.43, 14166245, 377
831, 4, 250, 256, 24, 0, 7.75%, 0, 0, 13, 21225.48, 14269047, 377
836, 4, 54, 256, 22, 0, 7.75%, 0, 0, 13, 19280.83, 14358552, 377
841, 4, 0, 256, 20, 0, 7.75%, 0, 0, 13, 19397.65, 14462572, 377
846, 4, 158, 256, 20, 0, 7.75%, 0, 0, 13, 27600.34, 14616805, 377
851, 4, 185, 256, 20, 0, 7.75%, 0, 0, 13, 21631.72, 14724547, 377
856, 4, 196, 256, 20, 0, 7.75%, 0, 0, 13, 24563.35, 14862055, 377
861, 5, 242, 258, 22, 0, 7.75%, 0, 0, 13, 5718.03, 14919286, 377
866, 5, 107, 258, 21, 0, 7.75%, 0, 0, 13, 27704.98, 15034964, 377
871, 5, 102, 258, 21, 0, 7.75%, 0, 0, 13, 27057.49, 15178301, 377
876, 5, 62, 258, 20, 0, 7.75%, 0, 0, 13, 27354.86, 15321601, 377
882, 5, 212, 258, 20, 0, 7.75%, 0, 0, 13, 19210.72, 15426588, 377
887, 5, 0, 258, 20, 0, 7.75%, 0, 0, 13, 20991.09, 15526168, 377
892, 5, 217, 258, 20, 0, 7.75%, 0, 0, 13, 11104.55, 15574845, 377
897, 5, 107, 258, 20, 0, 7.75%, 0, 0, 13, 15527.77, 15647227, 377
902, 5, 102, 258, 19, 0, 7.75%, 0, 0, 13, 23410.02, 15777346, 377
907, 5, 254, 258, 19, 0, 7.75%, 0, 0, 13, 17569.11, 15867183, 377
912, 5, 13, 258, 18, 0, 7.75%, 0, 0, 13, 18037.79, 15940488, 377
917, 5, 62, 258, 15, 0, 7.75%, 0, 0, 13, 12936.84, 16011783, 377
923, 5, 255, 258, 15, 0, 7.75%, 0, 0, 13, 4297.60, 16054997, 377
928, 5, 168, 258, 14, 0, 7.75%, 0, 0, 13, 29096.52, 16149965, 377
933, 5, 221, 258, 14, 0, 7.75%, 0, 0, 13, 19935.99, 16243400, 377
938, 5, 14, 258, 13, 0, 7.75%, 0, 0, 13, 23367.07, 16347322, 377
943, 5, 210, 258, 13, 0, 7.75%, 0, 0, 13, 24665.74, 16479653, 377
948, 5, 107, 258, 13, 0, 7.75%, 0, 0, 13, 28215.70, 16616078, 377
953, 5, 0, 258, 13, 0, 7.75%, 0, 0, 13, 27798.17, 16751976, 377
958, 5, 0, 258, 13, 0, 7.75%, 0, 0, 13, 24759.26, 16868795, 377
963, 5, 161, 258, 13, 0, 7.75%, 0, 0, 13, 16787.69, 16959510, 377
968, 5, 102, 258, 12, 0, 7.75%, 0, 0, 13, 19710.41, 17052548, 377
973, 5, 109, 258, 11, 0, 7.75%, 0, 0, 13, 20363.64, 17167509, 377
978, 5, 219, 258, 11, 0, 7.75%, 0, 0, 13, 19618.08, 17256423, 377
983, 5, 65, 258, 11, 0, 7.75%, 0, 0, 13, 23981.68, 17365197, 377
989, 6, 0, 258, 11, 0, 7.75%, 0, 0, 13, 22253.43, 17469668, 377
994, 6, 185, 258, 10, 0, 7.75%, 0, 0, 13, 23152.00, 17597709, 377
999, 6, 217, 258, 10, 0, 7.75%, 0, 0, 13, 16323.94, 17683748, 377
1004, 6, 65, 258, 9, 0, 7.75%, 0, 0, 13, 17441.65, 17761057, 377
1009, 6, 257, 258, 9, 0, 7.75%, 0, 0, 13, 5571.01, 17795951, 377
1014, 6, 0, 258, 8, 0, 7.75%, 0, 0, 13, 20754.98, 17901103, 377
1019, 6, 107, 258, 8, 0, 7.75%, 0, 0, 13, 26681.56, 18025342, 377
1024, 6, 252, 258, 7, 0, 7.75%, 0, 0, 13, 5982.50, 18091200, 377
1029, 6, 216, 258, 6, 0, 7.75%, 0, 0, 13, 17789.87, 18204461, 377
1034, 6, 209, 258, 6, 0, 7.75%, 0, 0, 13, 17776.48, 18291495, 377
1039, 6, 59, 258, 6, 0, 7.75%, 0, 0, 13, 29827.30, 18445275, 377
1044, 6, 212, 258, 6, 0, 7.75%, 0, 0, 13, 26754.45, 18586363, 377
1049, 6, 222, 258, 6, 0, 7.75%, 0, 0, 13, 18914.70, 18673393, 377
1055, 6, 24, 258, 6, 0, 7.75%, 0, 0, 13, 24106.95, 18779269, 377
1060, 6, 102, 258, 5, 0, 7.75%, 0, 0, 13, 27230.42, 18925314, 377
1065, 6, 202, 258, 5, 0, 7.75%, 0, 0, 13, 19608.54, 19016015, 377
1070, 6, 247, 258, 5, 0, 7.75%, 0, 0, 13, 26029.00, 19161795, 377
1075, 6, 221, 258, 5, 0, 7.75%, 0, 0, 13, 13108.82, 19208092, 377
1080, 6, 107, 258, 5, 0, 7.75%, 0, 0, 13, 14543.54, 19288380, 377
1085, 6, 102, 258, 5, 0, 7.75%, 0, 0, 13, 15839.17, 19369501, 377
1090, 6, 211, 258, 3, 0, 7.75%, 0, 0, 13, 18682.84, 19486083, 377
1095, 6, 222, 258, 3, 0, 7.75%, 0, 0, 13, 16247.74, 19570708, 377
1101, 6, 20, 258, 3, 0, 7.75%, 0, 0, 13, 30973.30, 19731103, 377
1106, 6, 215, 258, 3, 0, 7.75%, 0, 0, 13, 25438.60, 19868327, 377
1111, 6, 107, 258, 3, 0, 7.75%, 0, 0, 13, 21336.69, 19958923, 377
1116, 6, 223, 258, 2, 0, 7.75%, 0, 0, 13, 16383.45, 20051921, 377
1121, 6, 253, 258, 2, 0, 7.75%, 0, 0, 13, 20268.91, 20163431, 377
1126, 6, 257, 258, 2, 0, 7.75%, 0, 0, 13, 14051.12, 20234789, 377
1131, 7, 102, 258, 2, 0, 7.75%, 0, 0, 13, 22938.41, 20348998, 377
1136, 7, 0, 258, 2, 0, 7.75%, 0, 0, 13, 28998.74, 20515175, 377
1142, 7, 219, 258, 2, 0, 7.75%, 0, 0, 13, 18840.88, 20599518, 377
1147, 7, 0, 258, 2, 0, 7.75%, 0, 0, 13, 17300.32, 20680980, 377
1152, 7, 210, 258, 2, 0, 7.75%, 0, 0, 13, 21519.03, 20787600, 377
1157, 7, 0, 258, 2, 0, 7.75%, 0, 0, 13, 26882.08, 20925850, 377
1162, 7, 0, 258, 2, 0, 7.75%, 0, 0, 13, 29673.33, 21089479, 377
1167, 7, 256, 258, 2, 0, 7.75%, 0, 0, 13, 26612.57, 21228714, 377
1172, 7, 211, 259, 3, 0, 7.75%, 0, 0, 13, 20785.69, 21329839, 377
1177, 7, 0, 259, 3, 0, 7.75%, 0, 0, 13, 17254.92, 21405638, 377
1182, 7, 258, 259, 3, 0, 7.75%, 0, 0, 13, 6034.81, 21477182, 377
1188, 7, 174, 259, 2, 0, 7.75%, 0, 0, 13, 23224.98, 21614099, 377
1193, 7, 0, 259, 1, 0, 7.75%, 0, 0, 13, 25541.30, 21738800, 377
1198, 7, 0, 259, 1, 0, 7.75%, 0, 0, 13, 29534.91, 21885060, 377
1203, 7, 170, 259, 1, 0, 7.75%, 0, 0, 13, 22081.76, 21991011, 377
1208, 7, 218, 259, 1, 0, 7.75%, 0, 0, 13, 21427.55, 22099995, 377
1213, 7, 61, 259, 1, 0, 7.75%, 0, 0, 13, 25005.49, 22203492, 377
1218, 7, 203, 259, 1, 0, 7.75%, 0, 0, 13, 27231.29, 22352617, 377
1223, 7, 212, 259, 1, 0, 7.75%, 0, 0, 13, 20889.01, 22455921, 377
1228, 7, 0, 259, 1, 0, 7.75%, 0, 0, 13, 25386.27, 22565609, 377
1233, 7, 170, 259, 1, 0, 7.75%, 0, 0, 13, 22026.31, 22676176, 377
1238, 7, 242, 259, 1, 0, 7.75%, 0, 0, 13, 17987.38, 22777834, 377
1244, 7, 102, 259, 1, 0, 7.75%, 0, 0, 13, 29081.10, 22925343, 377
1249, 8, 52, 259, 1, 0, 7.75%, 0, 0, 13, 18270.38, 23019902, 377
1254, 8, 126, 259, 1, 0, 7.75%, 0, 0, 13, 18912.17, 23108316, 377
1259, 8, 126, 259, 1, 0, 7.75%, 0, 0, 13, 20614.84, 23210413, 377
1264, 8, 107, 259, 1, 0, 7.75%, 0, 0, 13, 21895.55, 23312531, 377
1269, 8, 62, 259, 1, 0, 7.75%, 0, 0, 13, 26892.14, 23464818, 377
1274, 8, 0, 259, 1, 0, 7.75%, 0, 0, 13, 23564.31, 23575061, 377
1279, 8, 27, 259, 1, 0, 7.75%, 0, 0, 13, 16497.27, 23659309, 377
1284, 8, 214, 259, 1, 0, 7.75%, 0, 0, 13, 25197.96, 23802390, 377
1289, 8, 221, 259, 1, 0, 7.75%, 0, 0, 13, 24147.36, 23911661, 377
1295, 8, 62, 259, 1, 0, 7.75%, 0, 0, 13, 25012.23, 24017394, 377
1300, 8, 0, 259, 0, 0, 7.75%, 0, 0, 13, 26522.87, 24142445, 377
1305, 8, 214, 259, 0, 0, 7.75%, 0, 0, 13, 25010.16, 24267954, 377
1310, 8, 0, 259, 0, 0, 7.75%, 0, 0, 13, 24610.28, 24380233, 377
1315, 8, 21, 259, 0, 0, 7.75%, 0, 0, 13, 28451.62, 24523987, 377
1320, 8, 214, 259, 0, 0, 7.75%, 0, 0, 13, 13706.48, 24568258, 377
1325, 8, 0, 259, 0, 0, 7.75%, 0, 0, 13, 27514.62, 24699945, 377
1330, 8, 174, 259, 0, 0, 7.75%, 0, 0, 13, 33226.74, 24877265, 377
1336, 8, 15, 259, 0, 0, 7.75%, 0, 0, 13, 28553.45, 25009095, 377
1341, 8, 222, 259, 0, 0, 7.75%, 0, 0, 13, 22920.60, 25141456, 377
1346, 8, 0, 259, 0, 0, 7.75%, 0, 0, 13, 28360.15, 25274565, 377
1351, 8, 14, 259, 0, 0, 7.75%, 0, 0, 13, 28304.31, 25424094, 377
1356, 8, 107, 259, 0, 0, 7.75%, 0, 0, 13, 25353.07, 25530810, 377
1361, 9, 102, 259, 0, 0, 7.75%, 0, 0, 13, 23668.20, 25652457, 377
1366, 9, 203, 259, 0, 0, 7.75%, 0, 0, 13, 17738.58, 25744982, 377
1371, 9, 0, 259, 0, 0, 7.75%, 0, 0, 13, 19149.03, 25836462, 377
1377, 9, 14, 259, 0, 0, 7.75%, 0, 0, 13, 22591.93, 25934520, 377
1382, 9, 168, 259, 0, 0, 7.75%, 0, 0, 13, 21722.62, 26048080, 377
1387, 9, 0, 259, 0, 0, 7.75%, 0, 0, 13, 27093.98, 26201455, 377
1392, 9, 34, 259, 0, 0, 7.75%, 0, 0, 13, 24294.19, 26321496, 377
1397, 9, 0, 259, 0, 0, 7.75%, 0, 0, 13, 29031.44, 26474106, 377
1402, 9, 257, 259, 0, 0, 7.75%, 0, 0, 13, 22477.57, 26572298, 377
1407, 9, 0, 259, 0, 0, 7.75%, 0, 0, 13, 14573.14, 26626132, 377
1412, 9, 174, 259, 0, 0, 7.75%, 0, 0, 13, 12265.82, 26694318, 377
1417, 9, 251, 259, 0, 0, 7.75%, 0, 0, 13, 14447.84, 26766532, 377
1423, 9, 213, 259, 0, 0, 7.75%, 0, 0, 13, 20160.32, 26860300, 377
1428, 9, 0, 259, 0, 0, 7.75%, 0, 0, 13, 22179.61, 26984232, 377
1433, 9, 138, 259, 0, 0, 7.75%, 0, 0, 13, 26101.20, 27122167, 377
1438, 9, 13, 259, 0, 0, 7.75%, 0, 0, 13, 20633.13, 27216340, 377
1443, 9, 213, 259, 0, 0, 7.75%, 0, 0, 13, 20102.07, 27325217, 377
1448, 9, 102, 259, 0, 0, 7.75%, 0, 0, 13, 29058.81, 27482716, 377
1453, 9, 0, 259, 0, 0, 7.75%, 0, 0, 13, 23630.71, 27586373, 377
1458, 9, 56, 259, 0, 0, 7.75%, 0, 0, 13, 25726.25, 27715061, 377
1463, 9, 201, 259, 0, 0, 7.75%, 0, 0, 13, 24258.07, 27844851, 377
1469, 10, 217, 259, 0, 0, 7.75%, 0, 0, 13, 22000.91, 27964404, 377
1474, 10, 214, 259, 0, 0, 7.75%, 0, 0, 13, 21407.95, 28053172, 377
1479, 10, 0, 259, 0, 0, 7.75%, 0, 0, 13, 22439.93, 28148088, 377
1484, 10, 172, 259, 0, 0, 7.75%, 0, 0, 13, 24709.29, 28275842, 377
1489, 10, 34, 259, 0, 0, 7.75%, 0, 0, 13, 27953.58, 28412529, 377
1494, 10, 221, 259, 0, 0, 7.75%, 0, 0, 13, 16309.23, 28488832, 377
1499, 10, 102, 259, 0, 0, 7.75%, 0, 0, 13, 20248.25, 28589960, 377
1504, 10, 218, 259, 0, 0, 7.75%, 0, 0, 13, 24475.16, 28729752, 377
1509, 10, 104, 259, 0, 0, 7.75%, 0, 0, 13, 32291.71, 28897989, 377
1514, 10, 201, 259, 0, 0, 7.75%, 0, 0, 13, 30550.02, 29053531, 377
1520, 10, 126, 259, 0, 0, 7.75%, 0, 0, 13, 24366.90, 29171104, 377
1525, 10, 0, 259, 0, 0, 7.75%, 0, 0, 13, 19607.47, 29273303, 377
1530, 10, 0, 259, 0, 0, 7.75%, 0, 0, 13, 25571.00, 29410328, 377
1535, 10, 223, 259, 0, 0, 7.75%, 0, 0, 13, 19283.82, 29511676, 377
1540, 10, 102, 259, 0, 0, 7.75%, 0, 0, 13, 21267.06, 29604085, 377
1545, 10, 133, 259, 0, 0, 7.75%, 0, 0, 13, 28580.46, 29760588, 377
1550, 10, 0, 259, 0, 0, 7.75%, 0, 0, 13, 18650.84, 29839407, 377
1555, 10, 14, 259, 0, 0, 7.75%, 0, 0, 13, 25242.56, 29971388, 377
1561, 10, 258, 259, 0, 0, 7.75%, 0, 0, 13, 13091.39, 30021754, 377
1566, 10, 232, 259, 0, 0, 7.75%, 0, 0, 13, 20688.70, 30129918, 377
1571, 10, 34, 259, 0, 0, 7.75%, 0, 0, 13, 15155.57, 30197090, 377
1576, 10, 197, 259, 0, 0, 7.75%, 0, 0, 13, 16848.26, 30278542, 377
1581, 10, 0, 259, 0, 0, 7.75%, 0, 0, 13, 22661.71, 30398269, 377
1586, 11, 203, 259, 0, 0, 7.75%, 0, 0, 13, 22554.59, 30525985, 377
1591, 11, 35, 259, 0, 0, 7.75%, 0, 0, 13, 15874.76, 30590819, 377
1596, 11, 219, 259, 0, 0, 7.75%, 0, 0, 13, 23246.79, 30717436, 377
1601, 11, 0, 259, 0, 0, 7.75%, 0, 0, 13, 25206.90, 30849309, 377
1607, 11, 243, 259, 0, 0, 7.75%, 0, 0, 13, 14417.95, 30923622, 377
1612, 11, 217, 259, 0, 0, 7.75%, 0, 0, 13, 11103.59, 30977020, 377
1617, 11, 0, 259, 0, 0, 7.75%, 0, 0, 13, 18594.91, 31090214, 377
1622, 11, 204, 259, 0, 0, 7.75%, 0, 0, 13, 17427.51, 31185961, 377
1627, 11, 257, 259, 0, 0, 7.75%, 0, 0, 13, 14080.03, 31250169, 377
1632, 11, 0, 259, 0, 0, 7.75%, 0, 0, 13, 17375.12, 31324196, 377
1637, 11, 218, 259, 0, 0, 7.75%, 0, 0, 13, 24889.45, 31466498, 377
1642, 11, 0, 259, 0, 0, 7.75%, 0, 0, 13, 25725.24, 31579750, 377
1647, 11, 185, 259, 0, 0, 7.75%, 0, 0, 13, 21205.05, 31692010, 377
1652, 11, 256, 259, 0, 0, 7.75%, 0, 0, 13, 24107.35, 31805655, 377
1657, 11, 207, 259, 0, 0, 7.75%, 0, 0, 13, 22014.82, 31895410, 377
1663, 11, 255, 259, 0, 0, 7.75%, 0, 0, 13, 12226.85, 31949623, 377
1668, 11, 107, 259, 0, 0, 7.75%, 0, 0, 13, 16635.72, 32045296, 377
1673, 11, 29, 259, 0, 0, 7.75%, 0, 0, 13, 22108.30, 32153633, 377
1678, 11, 243, 259, 0, 0, 7.75%, 0, 0, 13, 4129.15, 32253094, 377
1683, 11, 258, 259, 0, 0, 7.75%, 0, 0, 13, 12159.84, 32319534, 377
1688, 11, 179, 259, 0, 0, 7.75%, 0, 0, 13, 20819.37, 32426500, 377
1693, 11, 255, 259, 0, 0, 7.75%, 0, 0, 13, 19448.19, 32529067, 377
1698, 11, 0, 259, 0, 0, 7.75%, 0, 0, 13, 13884.68, 32579262, 377
1703, 11, 14, 259, 0, 0, 7.75%, 0, 0, 13, 18388.16, 32681323, 377
1708, 11, 208, 259, 0, 0, 7.75%, 0, 0, 13, 13123.87, 32753616, 377
1713, 11, 170, 259, 0, 0, 7.75%, 0, 0, 13, 13564.50, 32816494, 377
1719, 12, 0, 259, 0, 0, 7.75%, 0, 0, 13, 17679.99, 32910752, 377
1724, 12, 202, 259, 0, 0, 7.75%, 0, 0, 13, 18871.88, 33009488, 377
1729, 12, 126, 259, 0, 0, 7.75%, 0, 0, 13, 21654.56, 33115317, 377
1734, 12, 192, 259, 0, 0, 7.75%, 0, 0, 13, 12417.35, 33164107, 377
1739, 12, 195, 259, 0, 0, 7.75%, 0, 0, 13, 16387.54, 33249546, 377
1744, 12, 0, 259, 0, 0, 7.75%, 0, 0, 13, 27889.03, 33397993, 377
1749, 12, 0, 259, 0, 0, 7.75%, 0, 0, 13, 23317.61, 33519679, 377
1754, 12, 203, 259, 0, 0, 7.75%, 0, 0, 13, 23177.47, 33638126, 377
1759, 12, 0, 259, 0, 0, 7.75%, 0, 0, 13, 28326.58, 33780021, 377
1765, 12, 221, 259, 0, 0, 7.75%, 0, 0, 13, 19802.06, 33887710, 377
1770, 12, 0, 259, 0, 0, 7.75%, 0, 0, 13, 25304.60, 34008175, 377
1775, 12, 10, 259, 0, 0, 7.75%, 0, 0, 13, 26579.31, 34149633, 377
1780, 12, 223, 259, 0, 0, 7.75%, 0, 0, 13, 22049.48, 34267439, 377
1785, 12, 0, 259, 0, 0, 7.75%, 0, 0, 13, 23654.72, 34361860, 377
1790, 12, 173, 259, 0, 0, 7.75%, 0, 0, 13, 18877.40, 34461227, 377
1795, 12, 107, 259, 0, 0, 7.75%, 0, 0, 13, 21708.19, 34568508, 377
1800, 12, 153, 259, 0, 0, 7.75%, 0, 0, 13, 21328.41, 34675912, 377
1805, 12, 223, 259, 0, 0, 7.75%, 0, 0, 13, 23690.17, 34798081, 377
1810, 12, 190, 259, 0, 0, 7.75%, 0, 0, 13, 21799.00, 34881211, 377
1815, 12, 0, 259, 0, 0, 7.75%, 0, 0, 13, 22975.91, 34993436, 377
1821, 12, 215, 259, 0, 0, 7.75%, 0, 0, 13, 18489.82, 35094271, 377
1826, 12, 207, 259, 0, 0, 7.75%, 0, 0, 13, 18327.74, 35173690, 377
1831, 12, 126, 259, 0, 0, 7.75%, 0, 0, 13, 14302.16, 35233564, 377
1836, 12, 0, 259, 0, 0, 7.75%, 0, 0, 13, 28139.09, 35378133, 377
1841, 13, 102, 259, 0, 0, 7.75%, 0, 0, 13, 21837.05, 35479287, 377
1846, 13, 186, 259, 0, 0, 7.75%, 0, 0, 13, 23933.02, 35610145, 377
1851, 13, 0, 259, 0, 0, 7.75%, 0, 0, 13, 20693.16, 35700396, 377
1856, 13, 62, 259, 0, 0, 7.75%, 0, 0, 13, 24563.91, 35835943, 377
1862, 13, 151, 259, 0, 0, 7.75%, 0, 0, 13, 27271.42, 35971364, 377
1867, 13, 214, 259, 0, 0, 7.75%, 0, 0, 13, 19345.38, 36082352, 377
1872, 13, 168, 259, 0, 0, 7.75%, 0, 0, 13, 21313.24, 36198227, 377
1877, 13, 189, 259, 0, 0, 7.75%, 0, 0, 13, 20304.95, 36285191, 377
1882, 13, 0, 259, 0, 0, 7.75%, 0, 0, 13, 24826.54, 36401089, 377
1887, 13, 0, 259, 0, 0, 7.75%, 0, 0, 13, 27452.87, 36526801, 377
1892, 13, 107, 259, 0, 0, 7.75%, 0, 0, 13, 27433.87, 36673067, 377
1897, 13, 223, 259, 0, 0, 7.75%, 0, 0, 13, 16331.41, 36754720, 377
1902, 13, 13, 259, 0, 0, 7.75%, 0, 0, 13, 23569.70, 36874474, 377
1908, 13, 0, 259, 0, 0, 7.75%, 0, 0, 13, 19805.94, 36959244, 377
1913, 13, 214, 259, 0, 0, 7.75%, 0, 0, 13, 17702.40, 37040475, 377
1918, 13, 0, 259, 0, 0, 7.75%, 0, 0, 13, 25957.70, 37158148, 377
1923, 13, 156, 259, 0, 0, 7.75%, 0, 0, 13, 25104.62, 37284083, 377
1928, 13, 246, 259, 0, 0, 7.75%, 0, 0, 13, 20750.02, 37384945, 377
1933, 13, 126, 259, 0, 0, 7.75%, 0, 0, 13, 26461.94, 37522218, 377
1938, 14, 238, 259, 0, 0, 7.75%, 0, 0, 13, 27369.00, 37668149, 377
1943, 14, 56, 259, 0, 0, 7.75%, 0, 0, 13, 22072.57, 37756581, 377
1948, 14, 0, 259, 0, 0, 7.75%, 0, 0, 13, 20333.56, 37842497, 377
1953, 14, 154, 259, 0, 0, 7.75%, 0, 0, 13, 18875.48, 37950240, 377
1958, 14, 209, 259, 0, 0, 7.75%, 0, 0, 13, 23318.23, 38075437, 377
1964, 14, 211, 259, 0, 0, 7.75%, 0, 0, 13, 17976.86, 38163403, 377
1969, 14, 217, 259, 0, 0, 7.75%, 0, 0, 13, 17120.65, 38260045, 377
1974, 14, 0, 259, 0, 0, 7.75%, 0, 0, 13, 17881.91, 38340112, 377
1979, 14, 200, 259, 0, 0, 7.75%, 0, 0, 13, 28123.51, 38483511, 377
1984, 14, 35, 259, 0, 0, 7.75%, 0, 0, 13, 21317.48, 38561461, 377
1989, 14, 160, 259, 0, 0, 7.75%, 0, 0, 13, 15796.77, 38628486, 377
1994, 14, 216, 259, 0, 0, 7.75%, 0, 0, 13, 17882.98, 38741648, 377
1999, 14, 197, 259, 0, 0, 7.75%, 0, 0, 13, 26661.92, 38893525, 377
2005, 14, 255, 259, 0, 0, 7.75%, 0, 0, 13, 23171.23, 39013619, 377
2010, 14, 223, 259, 0, 0, 7.75%, 0, 0, 13, 12476.80, 39062291, 377
2015, 14, 211, 259, 0, 0, 7.75%, 0, 0, 13, 15361.17, 39138242, 377
2020, 14, 222, 259, 0, 0, 7.75%, 0, 0, 13, 10893.65, 39185683, 377
2025, 14, 202, 259, 0, 0, 7.75%, 0, 0, 13, 16275.98, 39279656, 377
2030, 14, 203, 259, 0, 0, 7.75%, 0, 0, 13, 16578.10, 39362718, 377
2035, 14, 34, 259, 0, 0, 7.75%, 0, 0, 13, 16337.47, 39447344, 377
2040, 14, 221, 259, 0, 0, 7.75%, 0, 0, 13, 14145.12, 39527143, 377
2045, 14, 211, 259, 0, 0, 7.75%, 0, 0, 13, 13938.41, 39609661, 377
2050, 14, 174, 259, 0, 0, 7.75%, 0, 0, 13, 16287.14, 39689538, 377
2055, 14, 102, 259, 0, 0, 7.75%, 0, 0, 13, 24894.56, 39809257, 377
2060, 14, 149, 259, 0, 0, 7.75%, 0, 0, 13, 27291.60, 39959413, 377
2066, 14, 102, 259, 0, 0, 7.75%, 0, 0, 13, 16453.93, 40032116, 377
2071, 14, 34, 259, 0, 0, 7.75%, 0, 0, 13, 23648.32, 40163358, 377
2076, 15, 208, 259, 0, 0, 7.75%, 0, 0, 13, 18435.52, 40260441, 377
2081, 15, 0, 259, 0, 0, 7.75%, 0, 0, 13, 27987.45, 40409849, 377
2086, 15, 172, 259, 0, 0, 7.75%, 0, 0, 13, 22715.92, 40535842, 377
2091, 15, 205, 259, 0, 0, 7.75%, 0, 0, 13, 21951.59, 40650829, 377
2096, 15, 207, 259, 0, 0, 7.75%, 0, 0, 13, 16987.15, 40736653, 377
2101, 15, 211, 259, 0, 0, 7.75%, 0, 0, 13, 24049.38, 40855023, 377
2106, 15, 243, 259, 0, 0, 7.75%, 0, 0, 13, 14474.32, 40918256, 377
2111, 15, 0, 259, 0, 0, 7.75%, 0, 0, 13, 21911.60, 41025541, 377
2116, 15, 156, 259, 0, 0, 7.75%, 0, 0, 13, 25044.19, 41156847, 377
2122, 15, 204, 259, 0, 0, 7.75%, 0, 0, 13, 16232.87, 41230801, 377
2127, 15, 223, 259, 0, 0, 7.75%, 0, 0, 13, 12296.27, 41296658, 377
2132, 15, 209, 259, 0, 0, 7.75%, 0, 0, 13, 13173.68, 41363402, 377
2137, 15, 0, 259, 0, 0, 7.75%, 0, 0, 13, 20218.00, 41455441, 377
2142, 15, 233, 259, 0, 0, 7.75%, 0, 0, 13, 21917.47, 41576661, 377
2147, 15, 236, 259, 0, 0, 7.75%, 0, 0, 13, 20061.25, 41672264, 377
2152, 15, 15, 259, 0, 0, 7.75%, 0, 0, 13, 20751.22, 41762839, 377
2157, 15, 0, 259, 0, 0, 7.75%, 0, 0, 13, 18395.76, 41863860, 377
2163, 15, 0, 259, 0, 0, 7.75%, 0, 0, 13, 18510.37, 41957067, 377
2168, 15, 222, 259, 0, 0, 7.75%, 0, 0, 13, 20262.04, 42085063, 377
2173, 15, 257, 259, 0, 0, 7.75%, 0, 0, 13, 11485.43, 42132908, 377
2178, 15, 182, 259, 0, 0, 7.75%, 0, 0, 13, 20887.96, 42246938, 377
2183, 15, 0, 259, 0, 0, 7.75%, 0, 0, 13, 21986.65, 42351291, 377
2188, 15, 204, 259, 0, 0, 7.75%, 0, 0, 13, 23735.60, 42470658, 377
2193, 15, 0, 259, 0, 0, 7.75%, 0, 0, 13, 23651.21, 42576341, 377
2198, 16, 100, 259, 0, 0, 7.75%, 0, 0, 13, 29290.06, 42728658, 377
2203, 16, 201, 259, 0, 0, 7.75%, 0, 0, 13, 20594.12, 42827284, 377
2209, 16, 223, 259, 0, 0, 7.75%, 0, 0, 13, 14700.80, 42911710, 377
2214, 16, 245, 259, 0, 0, 7.75%, 0, 0, 13, 16782.96, 43006600, 377
2219, 16, 217, 259, 0, 0, 7.75%, 0, 0, 13, 12778.11, 43073132, 377
2224, 16, 10, 259, 0, 0, 7.75%, 0, 0, 13, 14039.45, 43156989, 377
2229, 16, 102, 259, 0, 0, 7.75%, 0, 0, 13, 23341.20, 43276396, 377
2234, 16, 197, 259, 0, 0, 7.75%, 0, 0, 13, 17810.18, 43349838, 377
2239, 16, 204, 259, 0, 0, 7.75%, 0, 0, 13, 20533.28, 43465611, 377
2245, 16, 0, 259, 0, 0, 7.75%, 0, 0, 13, 31107.81, 43636896, 377
2250, 16, 217, 259, 0, 0, 7.75%, 0, 0, 13, 18623.69, 43726164, 377
2255, 16, 212, 259, 0, 0, 7.75%, 0, 0, 13, 18499.25, 43827274, 377
2260, 16, 52, 259, 0, 0, 7.75%, 0, 0, 13, 28378.32, 43963163, 377
2265, 16, 0, 259, 0, 0, 7.75%, 0, 0, 13, 21177.53, 44060132, 377
2270, 16, 214, 259, 0, 0, 7.75%, 0, 0, 13, 21807.08, 44193651, 377
2275, 16, 235, 259, 0, 0, 7.75%, 0, 0, 13, 18450.30, 44283716, 377
2280, 16, 207, 259, 0, 0, 7.75%, 0, 0, 13, 21259.30, 44389073, 377
2285, 16, 34, 259, 0, 0, 7.75%, 0, 0, 13, 27935.53, 44525845, 377
2290, 16, 214, 259, 0, 0, 7.75%, 0, 0, 13, 17608.08, 44595345, 377
2295, 16, 208, 259, 0, 0, 7.75%, 0, 0, 13, 21519.71, 44706901, 377
2300, 16, 0, 259, 0, 0, 7.75%, 0, 0, 13, 22216.68, 44797990, 377
2306, 16, 0, 259, 0, 0, 7.75%, 0, 0, 13, 15602.41, 44878394, 377
2311, 16, 0, 259, 0, 0, 7.75%, 0, 0, 13, 29516.66, 45049798, 377
2316, 16, 102, 259, 0, 0, 7.75%, 0, 0, 13, 29316.63, 45201671, 377
2321, 17, 102, 259, 0, 0, 7.75%, 0, 0, 13, 24889.14, 45320926, 377
2326, 17, 221, 259, 0, 0, 7.75%, 0, 0, 13, 24716.77, 45447233, 377
2331, 17, 65, 259, 0, 0, 7.75%, 0, 0, 13, 14998.27, 45505183, 377
2336, 17, 0, 259, 0, 0, 7.75%, 0, 0, 13, 13846.79, 45566432, 377
2341, 17, 207, 259, 0, 0, 7.75%, 0, 0, 13, 28138.53, 45723710, 377
2347, 17, 214, 259, 0, 0, 7.75%, 0, 0, 13, 20374.97, 45821991, 377
2352, 17, 102, 259, 0, 0, 7.75%, 0, 0, 13, 22344.65, 45923165, 377
2357, 17, 169, 259, 0, 0, 7.75%, 0, 0, 13, 24365.66, 46059132, 377
2362, 17, 65, 259, 0, 0, 7.75%, 0, 0, 13, 17999.79, 46133852, 377
2367, 17, 0, 259, 0, 0, 7.75%, 0, 0, 13, 31273.37, 46311171, 377
2372, 17, 0, 259, 0, 0, 7.75%, 0, 0, 13, 18228.09, 46385506, 377
2377, 17, 149, 259, 0, 0, 7.75%, 0, 0, 13, 23525.24, 46506575, 377
2382, 17, 62, 259, 0, 0, 7.75%, 0, 0, 13, 25532.24, 46624771, 377
2388, 17, 0, 259, 0, 0, 7.75%, 0, 0, 13, 26691.76, 46762116, 377
2393, 17, 0, 259, 0, 0, 7.75%, 0, 0, 13, 28939.62, 46900287, 377
2398, 17, 107, 259, 0, 0, 7.75%, 0, 0, 13, 29132.11, 47037990, 377
2403, 17, 186, 259, 0, 0, 7.75%, 0, 0, 13, 23501.87, 47156564, 377
2408, 17, 0, 259, 0, 0, 7.75%, 0, 0, 13, 27035.58, 47308282, 377
2413, 17, 0, 259, 0, 0, 7.75%, 0, 0, 13, 21959.27, 47408352, 377
2418, 17, 212, 259, 0, 0, 7.75%, 0, 0, 13, 20566.80, 47513657, 377
2423, 17, 201, 259, 0, 0, 7.75%, 0, 0, 13, 15559.73, 47589722, 377
2428, 17, 0, 259, 0, 0, 7.75%, 0, 0, 13, 12913.23, 47658842, 377
2433, 18, 186, 259, 0, 0, 7.75%, 0, 0, 13, 24765.96, 47801838, 377
2438, 18, 62, 259, 0, 0, 7.75%, 0, 0, 13, 27275.12, 47947491, 377
2443, 18, 251, 259, 0, 0, 7.75%, 0, 0, 13, 21093.86, 48038199, 377
2449, 18, 212, 259, 0, 0, 7.75%, 0, 0, 13, 19427.22, 48120312, 377
2454, 18, 0, 259, 0, 0, 7.75%, 0, 0, 13, 21202.03, 48213369, 377
2459, 18, 126, 259, 0, 0, 7.75%, 0, 0, 13, 28848.19, 48359655, 377
2464, 18, 243, 259, 0, 0, 7.75%, 0, 0, 13, 9821.47, 48434842, 377
2469, 18, 212, 259, 0, 0, 7.75%, 0, 0, 13, 22497.83, 48569775, 377
2474, 18, 14, 259, 0, 0, 7.75%, 0, 0, 13, 13046.81, 48616381, 377
2479, 18, 208, 259, 0, 0, 7.75%, 0, 0, 13, 18029.43, 48721179, 377
2484, 18, 211, 259, 0, 0, 7.75%, 0, 0, 13, 17780.06, 48823105, 377
2489, 18, 208, 259, 0, 0, 7.75%, 0, 0, 13, 23922.20, 48942267, 377
2495, 18, 212, 259, 0, 0, 7.75%, 0, 0, 13, 17069.79, 49019490, 377
2500, 18, 251, 259, 0, 0, 7.75%, 0, 0, 13, 23414.27, 49159331, 377
2505, 18, 0, 259, 0, 0, 7.75%, 0, 0, 13, 26430.24, 49272310, 377
2510, 18, 0, 259, 0, 0, 7.75%, 0, 0, 13, 19365.78, 49358580, 377
2515, 18, 173, 259, 0, 0, 7.75%, 0, 0, 13, 19220.80, 49452669, 377
2520, 18, 0, 259, 0, 0, 7.75%, 0, 0, 13, 25481.84, 49592667, 377
2525, 18, 0, 259, 0, 0, 7.75%, 0, 0, 13, 21388.75, 49679789, 377
2530, 18, 0, 259, 0, 0, 7.75%, 0, 0, 13, 30771.74, 49844284, 377
2536, 18, 254, 259, 0, 0, 7.75%, 0, 0, 13, 22490.15, 49962354, 377
2541, 18, 221, 259, 0, 0, 7.75%, 0, 0, 13, 15556.42, 50031547, 377
2546, 18, 223, 259, 0, 0, 7.75%, 0, 0, 13, 13816.72, 50098132, 377
2551, 18, 201, 259, 0, 0, 7.75%, 0, 0, 13, 17860.73, 50184419, 377
2556, 18, 211, 259, 0, 0, 7.75%, 0, 0, 13, 15590.67, 50273116, 377
2561, 19, 212, 261, 2, 0, 7.75%, 0, 0, 13, 19083.54, 50377451, 377
2567, 19, 209, 261, 2, 0, 7.75%, 0, 0, 13, 21578.28, 50490212, 377
2572, 19, 102, 261, 2, 0, 7.75%, 0, 0, 13, 19047.82, 50581403, 377
2577, 19, 202, 261, 2, 0, 7.75%, 0, 0, 13, 16973.33, 50678336, 377
2582, 19, 242, 261, 1, 0, 7.75%, 0, 0, 13, 14613.66, 50753390, 377
2587, 19, 0, 261, 1, 0, 7.75%, 0, 0, 13, 24933.32, 50884302, 377
2592, 19, 243, 261, 1, 0, 7.75%, 0, 0, 13, 16461.73, 50972006, 377
2597, 19, 0, 261, 1, 0, 7.75%, 0, 0, 13, 21681.12, 51068280, 377
2602, 19, 204, 261, 1, 0, 7.75%, 0, 0, 13, 19666.01, 51163350, 377
2608, 19, 0, 261, 1, 0, 7.75%, 0, 0, 13, 23013.99, 51271783, 377
2613, 19, 194, 261, 1, 0, 7.75%, 0, 0, 13, 20566.36, 51386632, 377
2618, 19, 170, 261, 1, 0, 7.75%, 0, 0, 13, 19068.92, 51493952, 377
2623, 19, 201, 261, 1, 0, 7.75%, 0, 0, 13, 14974.28, 51569208, 377
2628, 19, 126, 261, 1, 0, 7.75%, 0, 0, 13, 21002.65, 51680089, 377
2633, 19, 156, 261, 1, 0, 7.75%, 0, 0, 13, 19219.27, 51783500, 377
2638, 19, 245, 261, 1, 0, 7.75%, 0, 0, 13, 16880.53, 51873907, 377
2643, 19, 107, 261, 1, 0, 7.75%, 0, 0, 13, 17551.46, 51949594, 377
2648, 19, 107, 261, 0, 0, 7.75%, 0, 0, 13, 27203.81, 52090884, 377
2653, 19, 223, 261, 0, 0, 7.75%, 0, 0, 13, 16666.94, 52162540, 377
2659, 19, 201, 261, 0, 0, 7.75%, 0, 0, 13, 15792.14, 52232935, 377
2664, 19, 197, 261, 0, 0, 7.75%, 0, 0, 13, 20544.14, 52348542, 377
2669, 19, 201, 261, 0, 0, 7.75%, 0, 0, 13, 15363.87, 52426304, 377
2674, 19, 14, 261, 0, 0, 7.75%, 0, 0, 13, 25179.93, 52547561, 377
2679, 19, 170, 261, 0, 0, 7.75%, 0, 0, 13, 21972.87, 52669136, 377
2684, 19, 203, 261, 0, 0, 7.75%, 0, 0, 13, 16929.67, 52759496, 377
2689, 20, 102, 261, 0, 0, 7.75%, 0, 0, 13, 23842.18, 52893583, 377
2695, 20, 254, 261, 0, 0, 7.75%, 0, 0, 13, 18852.69, 52991009, 377
2700, 20, 221, 261, 0, 0, 7.75%, 0, 0, 13, 16505.02, 53071840, 377
2705, 20, 102, 261, 0, 0, 7.75%, 0, 0, 13, 24953.71, 53199839, 377
2710, 20, 34, 261, 0, 0, 7.75%, 0, 0, 13, 27370.03, 53333551, 377
2715, 20, 216, 261, 0, 0, 7.75%, 0, 0, 13, 15832.65, 53403849, 377
2720, 20, 0, 261, 0, 0, 7.75%, 0, 0, 13, 18503.67, 53500916, 377
2725, 20, 251, 261, 0, 0, 7.75%, 0, 0, 13, 17135.79, 53597533, 377
2730, 20, 65, 261, 0, 0, 7.75%, 0, 0, 13, 21106.66, 53725519, 377
2735, 20, 34, 261, 0, 0, 7.75%, 0, 0, 13, 27664.60, 53856569, 377
2740, 20, 211, 261, 0, 0, 7.75%, 0, 0, 13, 19551.22, 53961193, 377
2746, 20, 111, 261, 0, 0, 7.75%, 0, 0, 13, 11410.90, 54008250, 377
2751, 20, 208, 261, 0, 0, 7.75%, 0, 0, 13, 22938.07, 54144228, 377
2756, 20, 0, 261, 0, 0, 7.75%, 0, 0, 13, 15022.71, 54204275, 377
2761, 20, 14, 261, 0, 0, 7.75%, 0, 0, 13, 14461.30, 54278183, 377
2766, 20, 0, 261, 0, 0, 7.75%, 0, 0, 13, 15476.43, 54365376, 377
2771, 20, 0, 261, 0, 0, 7.75%, 0, 0, 13, 21852.95, 54486715, 377
2776, 20, 194, 261, 0, 0, 7.75%, 0, 0, 13, 20440.46, 54604263, 377
2781, 20, 221, 261, 0, 0, 7.75%, 0, 0, 13, 16507.53, 54696716, 377
2786, 20, 0, 261, 0, 0, 7.75%, 0, 0, 13, 26956.88, 54824110, 377
2791, 20, 14, 261, 0, 0, 7.75%, 0, 0, 13, 24472.55, 54949462, 377
2797, 20, 34, 261, 0, 0, 7.75%, 0, 0, 13, 27653.91, 55095873, 377
2802, 21, 203, 261, 0, 0, 7.75%, 0, 0, 13, 24101.77, 55220452, 377
2807, 21, 54, 261, 0, 0, 7.75%, 0, 0, 13, 20246.08, 55298586, 377
2812, 21, 214, 261, 0, 0, 7.75%, 0, 0, 13, 18037.60, 55404346, 377
2817, 21, 14, 261, 0, 0, 7.75%, 0, 0, 13, 23140.80, 55518387, 377
2822, 21, 217, 261, 0, 0, 7.75%, 0, 0, 13, 15034.81, 55598627, 377
2827, 21, 102, 261, 0, 0, 7.75%, 0, 0, 13, 25395.68, 55737805, 377
2832, 21, 205, 261, 0, 0, 7.75%, 0, 0, 13, 22738.54, 55851232, 377
2837, 21, 172, 261, 0, 0, 7.75%, 0, 0, 13, 23165.89, 55970562, 377
2843, 21, 102, 261, 0, 0, 7.75%, 0, 0, 13, 25300.81, 56104924, 377
2848, 21, 212, 261, 0, 0, 7.75%, 0, 0, 13, 29404.62, 56262985, 377
2853, 21, 102, 261, 0, 0, 7.75%, 0, 0, 13, 21069.03, 56344038, 377
2858, 21, 0, 261, 0, 0, 7.75%, 0, 0, 13, 25347.02, 56478925, 377
2863, 21, 172, 261, 0, 0, 7.75%, 0, 0, 13, 22663.98, 56601378, 377
2868, 21, 0, 261, 0, 0, 7.75%, 0, 0, 13, 24789.11, 56721536, 377
2873, 21, 0, 261, 0, 0, 7.75%, 0, 0, 13, 25524.47, 56848470, 377
2878, 21, 0, 261, 0, 0, 7.75%, 0, 0, 13, 17906.99, 56919234, 377
2883, 21, 13, 261, 0, 0, 7.75%, 0, 0, 13, 27773.35, 57072132, 377
2888, 21, 0, 261, 0, 0, 7.75%, 0, 0, 13, 32120.34, 57243312, 377
2893, 21, 0, 261, 0, 0, 7.75%, 0, 0, 13, 22927.91, 57338827, 377
2898, 22, 202, 261, 0, 0, 7.75%, 0, 0, 13, 23094.17, 57436454, 377
2904, 22, 163, 261, 0, 0, 7.75%, 0, 0, 13, 23284.70, 57550716, 377
2909, 22, 62, 262, 1, 0, 7.75%, 0, 0, 13, 24091.76, 57668085, 377
2914, 22, 0, 262, 1, 0, 7.75%, 0, 0, 13, 30231.00, 57818844, 377
2919, 22, 31, 262, 1, 0, 7.75%, 0, 0, 13, 26798.28, 57951775, 377
2924, 22, 170, 262, 1, 0, 7.75%, 0, 0, 13, 14001.90, 58050524, 377
2929, 22, 242, 262, 1, 0, 7.75%, 0, 0, 13, 15068.77, 58127233, 377
2934, 22, 102, 262, 1, 0, 7.75%, 0, 0, 13, 20296.80, 58214370, 377
2939, 22, 0, 262, 1, 0, 7.75%, 0, 0, 13, 21688.09, 58318829, 377
2944, 22, 102, 262, 0, 0, 7.75%, 0, 0, 13, 25648.31, 58445112, 377
2949, 22, 255, 262, 0, 0, 7.75%, 0, 0, 13, 16092.96, 58524699, 377
2954, 22, 107, 262, 0, 0, 7.75%, 0, 0, 13, 22924.56, 58619582, 377
2959, 22, 107, 262, 0, 0, 7.75%, 0, 0, 13, 31557.30, 58785475, 377
2964, 22, 217, 262, 0, 0, 7.75%, 0, 0, 13, 22433.95, 58892184, 377
2969, 22, 72, 262, 0, 0, 7.75%, 0, 0, 13, 16929.75, 58958652, 377
2974, 22, 233, 262, 0, 0, 7.75%, 0, 0, 13, 21312.15, 59068455, 377
2980, 22, 166, 262, 0, 0, 7.75%, 0, 0, 13, 18916.51, 59156130, 377
2985, 22, 0, 262, 0, 0, 7.75%, 0, 0, 13, 25467.10, 59291234, 377
2990, 22, 0, 262, 0, 0, 7.75%, 0, 0, 13, 24692.18, 59402256, 377
2995, 22, 0, 262, 0, 0, 7.75%, 0, 0, 13, 23910.51, 59521154, 377
3000, 22, 257, 262, 0, 0, 7.75%, 0, 0, 13, 16513.14, 59616530, 377
3005, 22, 62, 262, 0, 0, 7.75%, 0, 0, 13, 25447.83, 59730870, 377
3010, 22, 0, 262, 0, 0, 7.75%, 0, 0, 13, 18247.65, 59811018, 377
3015, 23, 217, 262, 0, 0, 7.75%, 0, 0, 13, 24041.48, 59951086, 377
3020, 23, 0, 262, 0, 0, 7.75%, 0, 0, 13, 27445.27, 60071216, 377
3026, 23, 222, 262, 0, 0, 7.75%, 0, 0, 13, 20058.10, 60186852, 377
3031, 23, 0, 262, 0, 0, 7.75%, 0, 0, 13, 18150.91, 60262007, 377
3036, 23, 209, 262, 0, 0, 7.75%, 0, 0, 13, 17331.56, 60362431, 377
3041, 23, 107, 262, 0, 0, 7.75%, 0, 0, 13, 17129.84, 60438066, 377
3046, 23, 221, 262, 0, 0, 7.75%, 0, 0, 13, 14266.09, 60516222, 377
3051, 23, 126, 262, 0, 0, 7.75%, 0, 0, 13, 26677.48, 60668289, 377
3056, 23, 0, 262, 0, 0, 7.75%, 0, 0, 13, 27064.66, 60800179, 377
3061, 23, 0, 262, 0, 0, 7.75%, 0, 0, 13, 26255.51, 60935164, 377
3067, 23, 179, 262, 0, 0, 7.75%, 0, 0, 13, 19076.57, 61039065, 377
3072, 23, 102, 262, 0, 0, 7.75%, 0, 0, 13, 15630.66, 61117015, 377
3077, 23, 0, 262, 0, 0, 7.75%, 0, 0, 13, 23270.69, 61255096, 377
3082, 23, 107, 262, 0, 0, 7.75%, 0, 0, 13, 19014.82, 61356185, 377
3087, 23, 245, 262, 0, 0, 7.75%, 0, 0, 13, 14005.28, 61432118, 377
3092, 23, 223, 262, 0, 0, 7.75%, 0, 0, 13, 11736.11, 61502315, 377
3097, 23, 0, 262, 0, 0, 7.75%, 0, 0, 13, 23233.87, 61627402, 377
3102, 23, 0, 262, 0, 0, 7.75%, 0, 0, 13, 23690.90, 61738348, 377
3108, 23, 0, 262, 0, 0, 7.75%, 0, 0, 13, 19577.66, 61839502, 377
3113, 23, 56, 262, 0, 0, 7.75%, 0, 0, 13, 17806.73, 61915884, 377
3118, 23, 53, 262, 0, 0, 7.75%, 0, 0, 13, 21726.77, 62029636, 377
3123, 23, 0, 262, 0, 0, 7.75%, 0, 0, 13, 23625.44, 62149611, 377
3128, 24, 0, 262, 0, 0, 7.75%, 0, 0, 13, 19214.15, 62221659, 377
3133, 24, 201, 262, 0, 0, 7.75%, 0, 0, 13, 19826.73, 62332977, 377
3138, 24, 0, 262, 0, 0, 7.75%, 0, 0, 13, 22901.80, 62459047, 377
3143, 24, 251, 262, 0, 0, 7.75%, 0, 0, 13, 17005.17, 62552305, 377
3148, 24, 223, 262, 0, 0, 7.75%, 0, 0, 13, 12783.82, 62622078, 377
3153, 24, 193, 262, 0, 0, 7.75%, 0, 0, 13, 19678.69, 62718222, 377
3158, 24, 218, 262, 0, 0, 7.75%, 0, 0, 13, 19243.87, 62822255, 377
3163, 24, 34, 262, 0, 0, 7.75%, 0, 0, 13, 23926.18, 62933126, 377
3169, 24, 196, 262, 0, 0, 7.75%, 0, 0, 13, 20801.66, 63033098, 377
3174, 24, 107, 262, 0, 0, 7.75%, 0, 0, 13, 25186.01, 63160715, 377
3179, 24, 3, 262, 0, 0, 7.75%, 0, 0, 13, 19715.76, 63250832, 377
3184, 24, 205, 262, 0, 0, 7.75%, 0, 0, 13, 14391.12, 63320025, 377
3189, 24, 201, 262, 0, 0, 7.75%, 0, 0, 13, 24511.02, 63452978, 377
3194, 24, 107, 262, 0, 0, 7.75%, 0, 0, 13, 20422.80, 63547399, 377
3199, 24, 34, 262, 0, 0, 7.75%, 0, 0, 13, 24996.55, 63669830, 377
3205, 24, 0, 262, 0, 0, 7.75%, 0, 0, 13, 28520.72, 63810650, 377
3210, 24, 214, 262, 0, 0, 7.75%, 0, 0, 13, 17074.46, 63894125, 377
3215, 24, 142, 262, 0, 0, 7.75%, 0, 0, 13, 20430.88, 64019756, 377
3220, 24, 0, 262, 0, 0, 7.75%, 0, 0, 13, 22638.85, 64134202, 377
3225, 24, 0, 262, 0, 0, 7.75%, 0, 0, 13, 22739.42, 64248595, 377
3230, 25, 0, 262, 0, 0, 7.75%, 0, 0, 13, 23243.68, 64361940, 377
3235, 25, 102, 262, 0, 0, 7.75%, 0, 0, 13, 17839.83, 64446534, 377
3240, 25, 202, 262, 0, 0, 7.75%, 0, 0, 13, 21631.29, 64569133, 377
3245, 25, 217, 262, 0, 0, 7.75%, 0, 0, 13, 19582.62, 64666190, 377
3250, 25, 0, 262, 0, 0, 7.75%, 0, 0, 13, 23942.48, 64780484, 377
3256, 25, 208, 262, 0, 0, 7.75%, 0, 0, 13, 26866.39, 64914545, 377
3261, 25, 107, 262, 0, 0, 7.75%, 0, 0, 13, 16619.91, 64984181, 377
3266, 25, 14, 262, 0, 0, 7.75%, 0, 0, 13, 13205.46, 65050619, 377
3271, 25, 0, 262, 0, 0, 7.75%, 0, 0, 13, 18134.42, 65158517, 377
3276, 25, 102, 262, 0, 0, 7.75%, 0, 0, 13, 23869.52, 65287857, 377
3281, 25, 0, 262, 0, 0, 7.75%, 0, 0, 13, 22196.40, 65401639, 377
3286, 25, 52, 262, 0, 0, 7.75%, 0, 0, 13, 24296.16, 65528016, 377
3291, 25, 217, 262, 0, 0, 7.75%, 0, 0, 13, 20538.12, 65645025, 377
3297, 25, 0, 262, 0, 0, 7.75%, 0, 0, 13, 19727.49, 65734422, 377
3302, 25, 0, 262, 0, 0, 7.75%, 0, 0, 13, 15455.61, 65809970, 377
3307, 25, 207, 262, 0, 0, 7.75%, 0, 0, 13, 16077.51, 65897878, 377
3312, 25, 102, 262, 0, 0, 7.75%, 0, 0, 13, 25897.75, 66017753, 377
3317, 25, 225, 262, 0, 0, 7.75%, 0, 0, 13, 28300.15, 66177944, 377
3322, 25, 222, 262, 0, 0, 7.75%, 0, 0, 13, 18004.79, 66269492, 377
3327, 25, 10, 262, 0, 0, 7.75%, 0, 0, 13, 14229.14, 66349480, 377
3332, 25, 0, 262, 0, 0, 7.75%, 0, 0, 13, 24784.86, 66486875, 377
3337, 25, 12, 262, 0, 0, 7.75%, 0, 0, 13, 26000.23, 66615054, 377
3343, 26, 0, 262, 0, 0, 7.75%, 0, 0, 13, 22685.78, 66726684, 377
3348, 26, 0, 262, 0, 0, 7.75%, 0, 0, 13, 24908.88, 66853736, 377
3353, 26, 194, 262, 0, 0, 7.75%, 0, 0, 13, 20292.06, 66961897, 377
3358, 26, 261, 262, 0, 0, 7.75%, 0, 0, 13, 16049.47, 67036967, 377
3363, 26, 107, 262, 0, 0, 7.75%, 0, 0, 13, 14501.61, 67108973, 377
3368, 26, 0, 262, 0, 0, 7.75%, 0, 0, 13, 25780.10, 67259438, 377
3373, 26, 179, 262, 0, 0, 7.75%, 0, 0, 13, 18921.24, 67345823, 377
3378, 26, 0, 262, 0, 0, 7.75%, 0, 0, 13, 25066.38, 67480529, 377
3384, 26, 34, 262, 0, 0, 7.75%, 0, 0, 13, 16448.25, 67544336, 377
3389, 26, 216, 262, 0, 0, 7.75%, 0, 0, 13, 23271.63, 67681620, 377
3394, 26, 258, 262, 0, 0, 7.75%, 0, 0, 13, 23238.76, 67786607, 377
3399, 26, 0, 262, 0, 0, 7.75%, 0, 0, 13, 26450.64, 67904253, 377
3404, 26, 0, 262, 0, 0, 7.75%, 0, 0, 13, 24398.07, 68013870, 377
3409, 26, 214, 262, 0, 0, 7.75%, 0, 0, 13, 16842.36, 68098275, 377
3414, 26, 0, 262, 0, 0, 7.75%, 0, 0, 13, 17181.06, 68178204, 377
3420, 26, 173, 262, 0, 0, 7.75%, 0, 0, 13, 19159.06, 68282814, 377
3425, 26, 164, 262, 0, 0, 7.75%, 0, 0, 13, 13014.22, 68347089, 377
3430, 26, 18, 262, 0, 0, 7.75%, 0, 0, 13, 25994.84, 68489757, 377
3435, 26, 107, 262, 0, 0, 7.75%, 0, 0, 13, 17839.20, 68566981, 377
3440, 26, 0, 262, 0, 0, 7.75%, 0, 0, 13, 25200.43, 68711473, 377
3445, 26, 243, 262, 0, 0, 7.75%, 0, 0, 13, 15793.82, 68792050, 377
3450, 26, 149, 262, 0, 0, 7.75%, 0, 0, 13, 15452.70, 68882846, 377
3455, 27, 211, 262, 0, 0, 7.75%, 0, 0, 13, 18961.03, 69000521, 377
3461, 27, 0, 262, 0, 0, 7.75%, 0, 0, 13, 26602.63, 69133272, 377
3466, 27, 257, 262, 0, 0, 7.75%, 0, 0, 13, 24484.40, 69254870, 377
3471, 27, 0, 262, 0, 0, 7.75%, 0, 0, 13, 14203.79, 69304834, 377
3476, 27, 251, 262, 0, 0, 7.75%, 0, 0, 13, 20715.27, 69420771, 377
3481, 27, 175, 262, 0, 0, 7.75%, 0, 0, 13, 12684.76, 69469862, 377
3486, 27, 211, 262, 0, 0, 7.75%, 0, 0, 13, 22346.30, 69584305, 377
3491, 27, 172, 262, 0, 0, 7.75%, 0, 0, 13, 17102.67, 69654112, 377
3496, 27, 215, 262, 0, 0, 7.75%, 0, 0, 13, 15467.53, 69736574, 377
3501, 27, 0, 262, 0, 0, 7.75%, 0, 0, 13, 20713.99, 69855101, 377
3506, 27, 62, 262, 0, 0, 7.75%, 0, 0, 13, 25493.87, 69992652, 377
3511, 27, 148, 262, 0, 0, 7.75%, 0, 0, 13, 15486.99, 70064879, 377
3516, 27, 104, 262, 0, 0, 7.75%, 0, 0, 13, 28121.82, 70215782, 377
3522, 27, 124, 262, 0, 0, 7.75%, 0, 0, 13, 22841.50, 70324390, 377
3527, 27, 215, 262, 0, 0, 7.75%, 0, 0, 13, 18877.93, 70416129, 377
3532, 27, 158, 262, 0, 0, 7.75%, 0, 0, 13, 21703.26, 70534813, 377
3537, 27, 194, 262, 0, 0, 7.75%, 0, 0, 13, 16073.18, 70625676, 377
3542, 27, 170, 262, 0, 0, 7.75%, 0, 0, 13, 18762.11, 70735938, 377
3547, 27, 0, 262, 0, 0, 7.75%, 0, 0, 13, 20392.94, 70833067, 377
3552, 27, 0, 262, 0, 0, 7.75%, 0, 0, 13, 25644.78, 70967366, 377
3557, 27, 211, 262, 0, 0, 7.75%, 0, 0, 13, 20803.58, 71076484, 377
3563, 27, 0, 262, 0, 0, 7.75%, 0, 0, 13, 20014.73, 71160888, 377
3568, 28, 184, 262, 0, 0, 7.75%, 0, 0, 13, 16320.92, 71240345, 377
3573, 28, 216, 262, 0, 0, 7.75%, 0, 0, 13, 15151.68, 71329396, 377
3578, 28, 35, 262, 0, 0, 7.75%, 0, 0, 13, 6615.87, 71359652, 377
3583, 28, 0, 262, 0, 0, 7.75%, 0, 0, 13, 11281.75, 71422425, 377
3588, 28, 0, 262, 0, 0, 7.75%, 0, 0, 13, 13716.80, 71491979, 377
3593, 28, 14, 262, 0, 0, 7.75%, 0, 0, 13, 14406.52, 71565374, 377
3598, 28, 0, 262, 0, 0, 7.75%, 0, 0, 13, 13762.58, 71631720, 377
3600, 28, 114, 262, 0, 0, 7.75%, 0, 0, 13, 14768.46, 71651262, 377
