# relative_time, cycles_done, cur_item, corpus_count, pending_total, pending_favs, map_size, saved_crashes, saved_hangs, max_depth, execs_per_sec, total_execs, edges_found
60, 1, 102, 107, 66, 0, 5.50%, 0, 0, 6, 19197.82, 1255056, 238
65, 1, 105, 113, 66, 0, 5.50%, 0, 0, 7, 20472.48, 1362310, 238
70, 1, 105, 114, 67, 0, 5.50%, 0, 0, 7, 17744.04, 1453834, 238
75, 1, 108, 117, 68, 0, 5.50%, 0, 0, 8, 14871.82, 1522996, 238
80, 1, 111, 119, 63, 0, 5.50%, 0, 0, 8, 17303.89, 1630476, 238
86, 1, 111, 126, 70, 0, 5.50%, 0, 0, 8, 15728.00, 1705915, 238
91, 1, 118, 130, 72, 0, 5.50%, 0, 0, 9, 14911.33, 1784793, 238
96, 1, 13, 132, 68, 0, 5.50%, 0, 0, 9, 16240.74, 1869418, 238
101, 1, 125, 135, 69, 0, 5.50%, 0, 0, 9, 14899.19, 1952641, 238
106, 1, 125, 139, 73, 0, 5.50%, 0, 0, 9, 13622.70, 2017598, 238
111, 1, 122, 139, 69, 0, 5.50%, 0, 0, 9, 17979.60, 2125396, 238
116, 1, 133, 140, 62, 0, 5.50%, 0, 0, 9, 18253.13, 2215412, 238
121, 1, 45, 142, 58, 0, 5.50%, 0, 0, 9, 14784.60, 2292789, 238
126, 1, 138, 144, 56, 0, 5.50%, 0, 0, 10, 16007.15, 2371564, 238
131, 1, 138, 149, 61, 0, 5.50%, 0, 0, 10, 12595.51, 2434788, 238
136, 1, 138, 150, 62, 0, 5.50%, 0, 0, 10, 13841.06, 2505240, 238
141, 1, 23, 150, 59, 0, 5.50%, 0, 0, 10, 14990.55, 2588843, 238
147, 1, 149, 153, 61, 0, 5.50%, 0, 0, 11, 13441.69, 2652993, 238
152, 1, 149, 153, 61, 0, 5.50%, 0, 0, 11, 12568.65, 2717681, 238
157, 2, 160, 168, 74, 5, 5.66%, 0, 0, 11, 15403.36, 2798195, 245
162, 2, 151, 168, 68, 0, 5.66%, 0, 0, 11, 12669.21, 2860149, 245
167, 2, 30, 168, 63, 0, 5.66%, 0, 0, 11, 16465.47, 2939605, 245
172, 2, 137, 168, 62, 0, 5.66%, 0, 0, 11, 14957.15, 3012775, 245
177, 2, 152, 168, 59, 0, 5.66%, 0, 0, 11, 17028.91, 3105793, 245
182, 2, 148, 168, 57, 0, 5.66%, 0, 0, 11, 12481.14, 3165834, 245
187, 2, 30, 168, 53, 0, 5.66%, 0, 0, 11, 16941.95, 3254863, 245
192, 2, 145, 168, 52, 0, 5.66%, 0, 0, 11, 14584.53, 3334317, 245
197, 2, 139, 168, 48, 0, 5.66%, 0, 0, 11, 18343.74, 3422165, 245
202, 2, 152, 169, 49, 0, 5.66%, 0, 0, 12, 12305.25, 3476618, 245
207, 2, 168, 173, 53, 0, 5.66%, 0, 0, 13, 9828.09, 3536803, 245
213, 2, 168, 173, 53, 0, 5.66%, 0, 0, 13, 10706.50, 3590797, 245
218, 2, 123, 174, 53, 0, 5.66%, 0, 0, 13, 12462.08, 3656091, 245
223, 2, 171, 176, 54, 0, 5.66%, 0, 0, 14, 8474.22, 3717812, 245
228, 2, 171, 177, 55, 0, 5.66%, 0, 0, 14, 11749.20, 3781505, 245
233, 2, 171, 177, 55, 0, 5.66%, 0, 0, 14, 11215.93, 3835969, 245
238, 2, 176, 177, 54, 0, 5.66%, 0, 0, 14, 12270.83, 3898129, 245
243, 2, 172, 177, 53, 0, 5.66%, 0, 0, 14, 9620.50, 3943606, 245
248, 2, 30, 177, 49, 0, 5.66%, 0, 0, 14, 16616.94, 4028680, 245
253, 2, 169, 177, 48, 0, 5.66%, 0, 0, 14, 3637.05, 4099333, 245
258, 2, 98, 177, 46, 0, 5.66%, 0, 0, 14, 10097.27, 4155863, 245
264, 2, 30, 177, 45, 0, 5.66%, 0, 0, 14, 20522.21, 4261226, 245
269, 2, 30, 177, 42, 0, 5.66%, 0, 0, 14, 23130.21, 4370435, 245
274, 2, 176, 177, 41, 0, 5.66%, 0, 0, 14, 19772.59, 4468735, 245
279, 2, 30, 177, 39, 0, 5.66%, 0, 0, 14, 15712.52, 4536582, 245
284, 2, 173, 177, 39, 0, 5.66%, 0, 0, 14, 6140.67, 4592432, 245
289, 2, 175, 177, 38, 0, 5.66%, 0, 0, 14, 7891.65, 4634209, 245
294, 2, 174, 177, 37, 0, 5.66%, 0, 0, 14, 1971.06, 4703890, 245
300, 2, 0, 177, 36, 0, 5.66%, 0, 0, 14, 12118.43, 4762360, 245
305, 2, 170, 177, 36, 0, 5.66%, 0, 0, 14, 7707.82, 4800126, 245
310, 2, 33, 177, 32, 0, 5.66%, 0, 0, 14, 12949.63, 4874989, 245
315, 2, 142, 177, 31, 0, 5.66%, 0, 0, 14, 13663.47, 4946178, 245
320, 3, 0, 181, 34, 0, 5.66%, 0, 0, 14, 17640.45, 5042965, 245
325, 3, 176, 181, 33, 0, 5.66%, 0, 0, 14, 16339.25, 5130794, 245
330, 3, 179, 181, 32, 0, 5.66%, 0, 0, 14, 16620.72, 5210449, 245
335, 3, 11, 181, 31, 0, 5.66%, 0, 0, 14, 21666.48, 5317717, 245
340, 3, 30, 181, 30, 0, 5.66%, 0, 0, 14, 17656.53, 5395212, 245
345, 3, 175, 181, 30, 0, 5.66%, 0, 0, 14, 13716.41, 5464838, 245
350, 3, 148, 181, 28, 0, 5.66%, 0, 0, 14, 15197.17, 5548510, 245
355, 3, 154, 181, 27, 0, 5.66%, 0, 0, 14, 17165.38, 5643961, 245
361, 3, 129, 181, 25, 0, 5.66%, 0, 0, 14, 16785.63, 5736593, 245
366, 3, 115, 181, 23, 0, 5.66%, 0, 0, 14, 19036.17, 5834398, 245
371, 3, 175, 181, 23, 0, 5.66%, 0, 0, 14, 13106.51, 5897616, 245
376, 3, 174, 181, 21, 0, 5.66%, 0, 0, 14, 10880.57, 5955070, 245
381, 3, 176, 181, 21, 0, 5.66%, 0, 0, 14, 10188.27, 6007390, 245
386, 3, 151, 181, 21, 0, 5.66%, 0, 0, 14, 18924.37, 6113827, 245
391, 3, 147, 181, 20, 0, 5.66%, 0, 0, 14, 20026.39, 6219094, 245
396, 3, 138, 181, 19, 0, 5.66%, 0, 0, 14, 22308.65, 6338486, 245
401, 3, 30, 181, 18, 0, 5.66%, 0, 0, 14, 22621.40, 6450052, 245
406, 3, 0, 181, 18, 0, 5.66%, 0, 0, 14, 18644.00, 6541064, 245
411, 4, 155, 182, 18, 0, 5.66%, 0, 0, 14, 15462.91, 6625670, 245
416, 4, 100, 182, 16, 0, 5.66%, 0, 0, 14, 23566.37, 6739612, 245
421, 4, 0, 182, 16, 0, 5.66%, 0, 0, 14, 23269.44, 6860754, 245
427, 4, 23, 182, 16, 0, 5.66%, 0, 0, 14, 23341.08, 6973412, 245
432, 4, 30, 182, 16, 0, 5.66%, 0, 0, 14, 18529.31, 7051110, 245
437, 4, 31, 182, 13, 0, 5.66%, 0, 0, 14, 22717.38, 7163765, 245
442, 4, 0, 182, 10, 0, 5.66%, 0, 0, 14, 19496.83, 7263414, 245
447, 4, 174, 182, 10, 0, 5.66%, 0, 0, 14, 16491.24, 7352020, 245
452, 4, 0, 182, 9, 0, 5.66%, 0, 0, 14, 20844.64, 7461106, 245
457, 4, 30, 182, 7, 0, 5.66%, 0, 0, 14, 22355.11, 7574256, 245
462, 4, 30, 182, 7, 0, 5.66%, 0, 0, 14, 20816.55, 7677795, 245
467, 4, 31, 182, 7, 0, 5.66%, 0, 0, 14, 18196.32, 7775380, 245
472, 4, 30, 182, 6, 0, 5.66%, 0, 0, 14, 19861.06, 7876061, 245
478, 4, 156, 182, 6, 0, 5.66%, 0, 0, 14, 14125.01, 7939404, 245
483, 4, 175, 182, 5, 0, 5.66%, 0, 0, 14, 12132.70, 8005184, 245
488, 5, 168, 182, 5, 0, 5.66%, 0, 0, 14, 20482.46, 8125431, 245
493, 5, 0, 182, 5, 0, 5.66%, 0, 0, 14, 18223.42, 8205655, 245
498, 5, 171, 182, 5, 0, 5.66%, 0, 0, 14, 15162.62, 8277650, 245
503, 5, 0, 182, 5, 0, 5.66%, 0, 0, 14, 20339.78, 8374530, 245
508, 5, 86, 182, 5, 0, 5.66%, 0, 0, 14, 20567.43, 8480980, 245
514, 5, 175, 182, 5, 0, 5.66%, 0, 0, 14, 13800.51, 8544636, 245
519, 5, 170, 182, 5, 0, 5.66%, 0, 0, 14, 14090.50, 8614739, 245
524, 5, 122, 182, 5, 0, 5.66%, 0, 0, 14, 16798.35, 8695802, 245
529, 5, 120, 182, 5, 0, 5.66%, 0, 0, 14, 19510.77, 8800129, 245
534, 5, 155, 182, 4, 0, 5.66%, 0, 0, 14, 15101.94, 8869491, 245
539, 5, 116, 182, 4, 0, 5.66%, 0, 0, 14, 14660.08, 8942963, 245
544, 5, 148, 182, 4, 0, 5.66%, 0, 0, 14, 16483.30, 9021895, 245
549, 5, 162, 182, 4, 0, 5.66%, 0, 0, 14, 16589.01, 9110553, 245
554, 6, 32, 182, 4, 0, 5.66%, 0, 0, 14, 12036.94, 9169263, 245
559, 6, 158, 182, 4, 0, 5.66%, 0, 0, 14, 16132.69, 9256516, 245
564, 6, 132, 182, 2, 0, 5.66%, 0, 0, 14, 15247.88, 9335443, 245
570, 6, 173, 182, 1, 0, 5.66%, 0, 0, 14, 11979.94, 9396077, 245
575, 6, 0, 182, 1, 0, 5.66%, 0, 0, 14, 16126.85, 9484883, 245
580, 6, 168, 182, 1, 0, 5.66%, 0, 0, 14, 14940.90, 9566101, 245
585, 6, 168, 182, 1, 0, 5.66%, 0, 0, 14, 12454.32, 9622567, 245
590, 6, 30, 182, 1, 0, 5.66%, 0, 0, 14, 18023.84, 9721019, 245
595, 6, 23, 182, 1, 0, 5.66%, 0, 0, 14, 18596.97, 9807155, 245
600, 6, 143, 182, 1, 0, 5.66%, 0, 0, 14, 15945.72, 9892581, 245
605, 6, 142, 182, 1, 0, 5.66%, 0, 0, 14, 17630.14, 9980661, 245
610, 6, 150, 182, 1, 0, 5.66%, 0, 0, 14, 14889.79, 10062847, 245
616, 6, 23, 182, 1, 0, 5.66%, 0, 0, 14, 13502.40, 10131403, 245
621, 6, 37, 182, 1, 0, 5.66%, 0, 0, 14, 14262.68, 10205652, 245
626, 7, 30, 182, 1, 0, 5.66%, 0, 0, 14, 19274.74, 10302811, 245
631, 7, 30, 182, 1, 0, 5.66%, 0, 0, 14, 19604.84, 10408258, 245
636, 7, 30, 182, 1, 0, 5.66%, 0, 0, 14, 19513.76, 10503346, 245
641, 7, 150, 182, 1, 0, 5.66%, 0, 0, 14, 15590.84, 10581050, 245
646, 7, 144, 182, 1, 0, 5.66%, 0, 0, 14, 17958.83, 10672605, 245
651, 7, 175, 182, 1, 0, 5.66%, 0, 0, 14, 12922.97, 10737663, 245
656, 7, 143, 182, 0, 0, 5.66%, 0, 0, 14, 15078.95, 10806473, 245
661, 7, 15, 182, 0, 0, 5.66%, 0, 0, 14, 13436.53, 10874541, 245
666, 7, 30, 182, 0, 0, 5.66%, 0, 0, 14, 18128.31, 10970993, 245
671, 7, 113, 182, 0, 0, 5.66%, 0, 0, 14, 14745.31, 11041115, 245
676, 7, 149, 182, 0, 0, 5.66%, 0, 0, 14, 14144.74, 11114854, 245
682, 8, 104, 182, 0, 0, 5.66%, 0, 0, 14, 16228.14, 11202097, 245
687, 8, 178, 182, 0, 0, 5.66%, 0, 0, 14, 19411.45, 11304202, 245
692, 8, 144, 182, 0, 0, 5.66%, 0, 0, 14, 15405.53, 11381665, 245
697, 8, 165, 182, 0, 0, 5.66%, 0, 0, 14, 15433.69, 11461477, 245
702, 8, 137, 182, 0, 0, 5.66%, 0, 0, 14, 15794.12, 11547760, 245
707, 8, 0, 182, 0, 0, 5.66%, 0, 0, 14, 20262.64, 11649467, 245
712, 8, 149, 182, 0, 0, 5.66%, 0, 0, 14, 16674.15, 11736215, 245
717, 8, 173, 182, 0, 0, 5.66%, 0, 0, 14, 14012.55, 11808529, 245
722, 8, 128, 182, 0, 0, 5.66%, 0, 0, 14, 13379.64, 11877463, 245
727, 8, 151, 182, 0, 0, 5.66%, 0, 0, 14, 16824.79, 11964657, 245
732, 8, 165, 182, 0, 0, 5.66%, 0, 0, 14, 15674.97, 12042850, 245
737, 8, 149, 182, 0, 0, 5.66%, 0, 0, 14, 18088.47, 12130755, 245
742, 8, 144, 182, 0, 0, 5.66%, 0, 0, 14, 16515.79, 12206649, 245
747, 9, 174, 182, 0, 0, 5.66%, 0, 0, 14, 15518.35, 12280584, 245
752, 9, 0, 182, 0, 0, 5.66%, 0, 0, 14, 13811.53, 12342010, 245
758, 9, 152, 182, 0, 0, 5.66%, 0, 0, 14, 15571.69, 12420915, 245
763, 9, 135, 182, 0, 0, 5.66%, 0, 0, 14, 14234.15, 12489273, 245
768, 9, 111, 182, 0, 0, 5.66%, 0, 0, 14, 17124.80, 12580029, 245
773, 9, 137, 182, 0, 0, 5.66%, 0, 0, 14, 15832.14, 12664212, 245
778, 9, 123, 182, 0, 0, 5.66%, 0, 0, 14, 17368.71, 12755651, 245
783, 9, 176, 182, 0, 0, 5.66%, 0, 0, 14, 13895.27, 12825321, 245
788, 9, 97, 182, 0, 0, 5.66%, 0, 0, 14, 17673.22, 12908036, 245
793, 9, 158, 182, 0, 0, 5.66%, 0, 0, 14, 16941.45, 12995311, 245
798, 9, 159, 182, 0, 0, 5.66%, 0, 0, 14, 14256.40, 13057611, 245
803, 9, 176, 182, 0, 0, 5.66%, 0, 0, 14, 13297.66, 13128310, 245
808, 9, 171, 182, 0, 0, 5.66%, 0, 0, 14, 13151.07, 13193747, 245
813, 9, 119, 182, 0, 0, 5.66%, 0, 0, 14, 16040.00, 13288846, 245
819, 10, 146, 185, 3, 0, 5.66%, 0, 0, 14, 17656.59, 13386435, 245
824, 10, 150, 185, 3, 0, 5.66%, 0, 0, 14, 16245.21, 13461446, 245
829, 10, 136, 185, 3, 0, 5.66%, 0, 0, 14, 17256.84, 13548281, 245
834, 10, 30, 185, 3, 0, 5.66%, 0, 0, 14, 19989.22, 13647860, 245
839, 10, 182, 185, 2, 0, 5.66%, 0, 0, 14, 8102.31, 13706251, 245
844, 10, 146, 185, 1, 0, 5.66%, 0, 0, 14, 10586.62, 13758735, 245
849, 10, 173, 185, 1, 0, 5.66%, 0, 0, 14, 18071.22, 13859709, 245
854, 10, 30, 185, 1, 0, 5.66%, 0, 0, 14, 15092.45, 13923849, 245
859, 10, 157, 185, 1, 0, 5.66%, 0, 0, 14, 16776.67, 14003668, 245
864, 10, 137, 185, 1, 0, 5.66%, 0, 0, 14, 16224.37, 14080757, 245
869, 10, 173, 185, 1, 0, 5.66%, 0, 0, 14, 18519.23, 14183909, 245
874, 10, 137, 185, 1, 0, 5.66%, 0, 0, 14, 14461.50, 14244765, 245
880, 10, 160, 185, 1, 0, 5.66%, 0, 0, 14, 14709.34, 14317469, 245
885, 10, 174, 185, 1, 0, 5.66%, 0, 0, 14, 13017.60, 14387032, 245
890, 10, 183, 185, 1, 0, 5.66%, 0, 0, 14, 14441.25, 14460155, 245
895, 10, 0, 185, 1, 0, 5.66%, 0, 0, 14, 17436.91, 14540893, 245
900, 11, 148, 185, 1, 0, 5.66%, 0, 0, 14, 13255.71, 14607215, 245
905, 11, 0, 185, 1, 0, 5.66%, 0, 0, 14, 18011.97, 14705188, 245
910, 11, 23, 185, 1, 0, 5.66%, 0, 0, 14, 15914.31, 14782812, 245
915, 11, 115, 185, 1, 0, 5.66%, 0, 0, 14, 14828.94, 14860179, 245
920, 11, 15, 185, 1, 0, 5.66%, 0, 0, 14, 14327.44, 14933495, 245
925, 11, 175, 185, 1, 0, 5.66%, 0, 0, 14, 13804.56, 15009147, 245
931, 11, 120, 185, 1, 0, 5.66%, 0, 0, 14, 13213.64, 15076709, 245
936, 11, 175, 185, 1, 0, 5.66%, 0, 0, 14, 15309.22, 15161741, 245
941, 11, 173, 185, 1, 0, 5.66%, 0, 0, 14, 12970.66, 15224133, 245
946, 11, 168, 185, 1, 0, 5.66%, 0, 0, 14, 12350.55, 15285360, 245
951, 11, 142, 185, 1, 0, 5.66%, 0, 0, 14, 14379.89, 15366190, 245
956, 11, 170, 185, 1, 0, 5.66%, 0, 0, 14, 18500.99, 15462507, 245
961, 11, 171, 185, 1, 0, 5.66%, 0, 0, 14, 13967.17, 15531290, 245
966, 11, 174, 185, 1, 0, 5.66%, 0, 0, 14, 14223.01, 15609210, 245
971, 11, 183, 185, 1, 0, 5.66%, 0, 0, 14, 11958.00, 15674407, 245
977, 11, 132, 185, 1, 0, 5.66%, 0, 0, 14, 16544.04, 15763060, 245
982, 12, 122, 185, 1, 0, 5.66%, 0, 0, 14, 15770.33, 15840374, 245
987, 12, 168, 185, 1, 0, 5.66%, 0, 0, 14, 13444.63, 15911552, 245
992, 12, 30, 185, 1, 0, 5.66%, 0, 0, 14, 13131.26, 15973312, 245
997, 12, 0, 185, 1, 0, 5.66%, 0, 0, 14, 15100.72, 16044410, 245
1002, 12, 168, 185, 1, 0, 5.66%, 0, 0, 14, 16711.49, 16131301, 245
1007, 12, 30, 185, 1, 0, 5.66%, 0, 0, 14, 16948.38, 16209184, 245
1012, 12, 113, 185, 1, 0, 5.66%, 0, 0, 14, 15629.89, 16284741, 245
1017, 12, 91, 185, 1, 0, 5.66%, 0, 0, 14, 14458.80, 16354839, 245
1022, 12, 169, 185, 1, 0, 5.66%, 0, 0, 14, 15584.73, 16439334, 245
1027, 12, 175, 185, 1, 0, 5.66%, 0, 0, 14, 14619.62, 16511451, 245
1032, 12, 169, 185, 1, 0, 5.66%, 0, 0, 14, 13736.53, 16575011, 245
1037, 12, 121, 185, 1, 0, 5.66%, 0, 0, 14, 17000.65, 16656906, 245
1043, 12, 0, 185, 1, 0, 5.66%, 0, 0, 14, 15157.86, 16732981, 245
1048, 12, 184, 185, 1, 0, 5.66%, 0, 0, 14, 7647.42, 16792525, 245
1053, 12, 169, 185, 0, 0, 5.66%, 0, 0, 14, 12237.59, 16866566, 245
1058, 13, 30, 185, 0, 0, 5.66%, 0, 0, 14, 18703.12, 16962025, 245
1063, 13, 169, 185, 0, 0, 5.66%, 0, 0, 14, 14915.02, 17041650, 245
1068, 13, 176, 185, 0, 0, 5.66%, 0, 0, 14, 13418.01, 17111765, 245
1073, 13, 146, 185, 0, 0, 5.66%, 0, 0, 14, 14835.44, 17182298, 245
1078, 13, 168, 185, 0, 0, 5.66%, 0, 0, 14, 14336.56, 17257027, 245
1084, 13, 115, 185, 0, 0, 5.66%, 0, 0, 14, 17436.68, 17347676, 245
1089, 13, 174, 185, 0, 0, 5.66%, 0, 0, 14, 15831.20, 17424230, 245
1094, 13, 151, 185, 0, 0, 5.66%, 0, 0, 14, 15467.98, 17497611, 245
1099, 13, 112, 185, 0, 0, 5.66%, 0, 0, 14, 16327.06, 17578082, 245
1104, 13, 168, 185, 0, 0, 5.66%, 0, 0, 14, 13762.37, 17647693, 245
1109, 13, 169, 185, 0, 0, 5.66%, 0, 0, 14, 15847.62, 17731987, 245
1114, 13, 0, 185, 0, 0, 5.66%, 0, 0, 14, 19084.43, 17817952, 245
1119, 13, 146, 185, 0, 0, 5.66%, 0, 0, 14, 16220.48, 17903295, 245
1124, 14, 144, 185, 0, 0, 5.66%, 0, 0, 14, 14559.39, 17971599, 245
1129, 14, 172, 185, 0, 0, 5.66%, 0, 0, 14, 15552.35, 18053777, 245
1134, 14, 128, 185, 0, 0, 5.66%, 0, 0, 14, 17080.42, 18134462, 245
1139, 14, 170, 185, 0, 0, 5.66%, 0, 0, 14, 16494.34, 18227111, 245
1144, 14, 146, 185, 0, 0, 5.66%, 0, 0, 14, 18002.47, 18307238, 245
1149, 14, 143, 185, 0, 0, 5.66%, 0, 0, 14, 16817.91, 18395241, 245
1155, 14, 51, 185, 0, 0, 5.66%, 0, 0, 14, 17236.70, 18473649, 245
1160, 14, 142, 185, 0, 0, 5.66%, 0, 0, 14, 16026.36, 18557133, 245
1165, 14, 100, 185, 0, 0, 5.66%, 0, 0, 14, 14672.99, 18625005, 245
1170, 14, 136, 185, 0, 0, 5.66%, 0, 0, 14, 13782.69, 18696711, 245
1175, 14, 134, 185, 0, 0, 5.66%, 0, 0, 14, 17790.57, 18788808, 245
1180, 14, 121, 185, 0, 0, 5.66%, 0, 0, 14, 17626.97, 18881337, 245
1185, 14, 113, 185, 0, 0, 5.66%, 0, 0, 14, 17703.87, 18969564, 245
1190, 15, 149, 185, 0, 0, 5.66%, 0, 0, 14, 15057.94, 19051673, 245
1195, 15, 175, 185, 0, 0, 5.66%, 0, 0, 14, 17149.09, 19140702, 245
1200, 15, 0, 185, 0, 0, 5.66%, 0, 0, 14, 15376.79, 19209375, 245
1205, 15, 116, 185, 0, 0, 5.66%, 0, 0, 14, 15967.95, 19290589, 245
1210, 15, 30, 185, 0, 0, 5.66%, 0, 0, 14, 16573.71, 19382114, 245
1215, 15, 0, 185, 0, 0, 5.66%, 0, 0, 14, 17616.98, 19466231, 245
1221, 15, 133, 185, 0, 0, 5.66%, 0, 0, 14, 13399.94, 19527223, 245
1226, 15, 173, 185, 0, 0, 5.66%, 0, 0, 14, 12931.36, 19594470, 245
1231, 15, 121, 185, 0, 0, 5.66%, 0, 0, 14, 14285.68, 19670318, 245
1236, 15, 31, 185, 0, 0, 5.66%, 0, 0, 14, 17008.05, 19756961, 245
1241, 15, 30, 185, 0, 0, 5.66%, 0, 0, 14, 15860.93, 19834248, 245
1246, 15, 30, 185, 0, 0, 5.66%, 0, 0, 14, 18301.25, 19919777, 245
1251, 16, 136, 185, 0, 0, 5.66%, 0, 0, 14, 14457.63, 19989786, 245
1256, 16, 182, 185, 0, 0, 5.66%, 0, 0, 14, 15004.03, 20072842, 245
1261, 16, 162, 185, 0, 0, 5.66%, 0, 0, 14, 15155.84, 20149012, 245
1266, 16, 125, 185, 0, 0, 5.66%, 0, 0, 14, 16603.16, 20233703, 245
1271, 16, 181, 185, 0, 0, 5.66%, 0, 0, 14, 17358.70, 20322439, 245
1276, 16, 176, 185, 0, 0, 5.66%, 0, 0, 14, 15750.81, 20402117, 245
1281, 16, 106, 185, 0, 0, 5.66%, 0, 0, 14, 14695.94, 20470259, 245
1286, 16, 87, 185, 0, 0, 5.66%, 0, 0, 14, 16629.94, 20551771, 245
1292, 16, 174, 185, 0, 0, 5.66%, 0, 0, 14, 13642.02, 20627304, 245
1297, 16, 150, 185, 0, 0, 5.66%, 0, 0, 14, 13426.35, 20691523, 245
1302, 16, 96, 185, 0, 0, 5.66%, 0, 0, 14, 17265.99, 20783638, 245
1307, 16, 152, 185, 0, 0, 5.66%, 0, 0, 14, 18751.36, 20879015, 245
1312, 16, 176, 185, 0, 0, 5.66%, 0, 0, 14, 12596.82, 20938127, 245
1317, 16, 136, 185, 0, 0, 5.66%, 0, 0, 14, 14361.10, 21008834, 245
1322, 16, 174, 185, 0, 0, 5.66%, 0, 0, 14, 13768.30, 21087663, 245
1327, 17, 168, 185, 0, 0, 5.66%, 0, 0, 14, 15811.26, 21171417, 245
1332, 17, 116, 185, 0, 0, 5.66%, 0, 0, 14, 12120.40, 21228850, 245
1337, 17, 148, 185, 0, 0, 5.66%, 0, 0, 14, 14690.00, 21311355, 245
1342, 17, 174, 185, 0, 0, 5.66%, 0, 0, 14, 12405.34, 21376023, 245
1347, 17, 174, 185, 0, 0, 5.66%, 0, 0, 14, 14103.49, 21455984, 245
1353, 17, 145, 185, 0, 0, 5.66%, 0, 0, 14, 13632.15, 21527711, 245
1358, 17, 40, 185, 0, 0, 5.66%, 0, 0, 14, 16961.19, 21624731, 245
1363, 17, 145, 185, 0, 0, 5.66%, 0, 0, 14, 14998.00, 21697095, 245
1368, 17, 127, 185, 0, 0, 5.66%, 0, 0, 14, 17515.69, 21788898, 245
1373, 17, 118, 185, 0, 0, 5.66%, 0, 0, 14, 16783.98, 21872441, 245
1378, 17, 171, 185, 0, 0, 5.66%, 0, 0, 14, 13631.25, 21936293, 245
1383, 17, 128, 185, 0, 0, 5.66%, 0, 0, 14, 14432.60, 22006499, 245
1388, 17, 30, 185, 0, 0, 5.66%, 0, 0, 14, 18069.72, 22104960, 245
1393, 18, 115, 185, 0, 0, 5.66%, 0, 0, 14, 15838.96, 22182771, 245
1398, 18, 170, 185, 0, 0, 5.66%, 0, 0, 14, 14633.85, 22251374, 245
1403, 18, 30, 185, 0, 0, 5.66%, 0, 0, 14, 14622.14, 22316509, 245
1409, 18, 135, 185, 0, 0, 5.66%, 0, 0, 14, 16533.35, 22407229, 245
1414, 18, 125, 185, 0, 0, 5.66%, 0, 0, 14, 13149.46, 22468530, 245
1419, 18, 174, 185, 0, 0, 5.66%, 0, 0, 14, 13877.55, 22547483, 245
1424, 18, 169, 185, 0, 0, 5.66%, 0, 0, 14, 13106.76, 22610965, 245
1429, 18, 174, 185, 0, 0, 5.66%, 0, 0, 14, 13683.34, 22689067, 245
1434, 18, 134, 185, 0, 0, 5.66%, 0, 0, 14, 16560.27, 22765513, 245
1439, 18, 176, 185, 0, 0, 5.66%, 0, 0, 14, 13731.33, 22841033, 245
1444, 18, 30, 185, 0, 0, 5.66%, 0, 0, 14, 15601.01, 22912003, 245
1449, 18, 152, 185, 0, 0, 5.66%, 0, 0, 14, 15228.43, 22993439, 245
1454, 18, 30, 185, 0, 0, 5.66%, 0, 0, 14, 14572.87, 23064363, 245
1459, 18, 154, 185, 0, 0, 5.66%, 0, 0, 14, 13643.25, 23133258, 245
1464, 18, 180, 185, 0, 0, 5.66%, 0, 0, 14, 16979.31, 23216236, 245
1470, 18, 168, 185, 0, 0, 5.66%, 0, 0, 14, 14232.61, 23291796, 245
1475, 19, 119, 185, 0, 0, 5.66%, 0, 0, 14, 17563.89, 23377879, 245
1480, 19, 144, 185, 0, 0, 5.66%, 0, 0, 14, 15894.96, 23464375, 245
1485, 19, 122, 185, 0, 0, 5.66%, 0, 0, 14, 18367.76, 23554065, 245
1490, 19, 168, 185, 0, 0, 5.66%, 0, 0, 14, 13253.79, 23618213, 245
1495, 19, 123, 185, 0, 0, 5.66%, 0, 0, 14, 15325.60, 23692492, 245
1500, 19, 116, 185, 0, 0, 5.66%, 0, 0, 14, 13665.56, 23771183, 245
1505, 19, 134, 185, 0, 0, 5.66%, 0, 0, 14, 18557.19, 23867355, 245
1510, 19, 174, 185, 0, 0, 5.66%, 0, 0, 14, 13288.80, 23933263, 245
1515, 19, 30, 185, 0, 0, 5.66%, 0, 0, 14, 14612.69, 24004887, 245
1520, 19, 176, 185, 0, 0, 5.66%, 0, 0, 14, 11265.23, 24062352, 245
1525, 19, 176, 185, 0, 0, 5.66%, 0, 0, 14, 14191.88, 24135762, 245
1531, 19, 175, 185, 0, 0, 5.66%, 0, 0, 14, 14620.37, 24204355, 245
1536, 19, 116, 185, 0, 0, 5.66%, 0, 0, 14, 12591.29, 24262215, 245
1541, 19, 176, 185, 0, 0, 5.66%, 0, 0, 14, 13495.94, 24336476, 245
1546, 19, 133, 185, 0, 0, 5.66%, 0, 0, 14, 12775.16, 24395967, 245
1551, 19, 176, 185, 0, 0, 5.66%, 0, 0, 14, 12741.11, 24470241, 245
1556, 19, 175, 185, 0, 0, 5.66%, 0, 0, 14, 14558.94, 24542605, 245
1561, 19, 121, 185, 0, 0, 5.66%, 0, 0, 14, 12851.42, 24602444, 245
1566, 19, 118, 185, 0, 0, 5.66%, 0, 0, 14, 15091.84, 24675257, 245
1571, 20, 176, 185, 0, 0, 5.66%, 0, 0, 14, 14164.12, 24752897, 245
1576, 20, 138, 185, 0, 0, 5.66%, 0, 0, 14, 14257.77, 24823225, 245
1581, 20, 104, 185, 0, 0, 5.66%, 0, 0, 14, 14338.86, 24897720, 245
1586, 20, 143, 185, 0, 0, 5.66%, 0, 0, 14, 15644.79, 24981581, 245
1591, 20, 157, 185, 0, 0, 5.66%, 0, 0, 14, 14131.68, 25058907, 245
1596, 20, 144, 185, 0, 0, 5.66%, 0, 0, 14, 17180.37, 25149699, 245
1601, 20, 176, 185, 0, 0, 5.66%, 0, 0, 14, 14940.27, 25228547, 245
1606, 20, 182, 185, 0, 0, 5.66%, 0, 0, 14, 13564.79, 25293051, 245
1611, 20, 173, 185, 0, 0, 5.66%, 0, 0, 14, 12509.42, 25356409, 245
1617, 20, 144, 185, 0, 0, 5.66%, 0, 0, 14, 15379.62, 25438767, 245
1622, 20, 115, 185, 0, 0, 5.66%, 0, 0, 14, 13770.02, 25518567, 245
1627, 20, 174, 185, 0, 0, 5.66%, 0, 0, 14, 14384.75, 25595545, 245
1632, 20, 115, 185, 0, 0, 5.66%, 0, 0, 14, 15722.56, 25682187, 245
1637, 20, 30, 185, 0, 0, 5.66%, 0, 0, 14, 17967.58, 25768641, 245
1642, 21, 151, 185, 0, 0, 5.66%, 0, 0, 14, 12299.19, 25827127, 245
1647, 21, 176, 185, 0, 0, 5.66%, 0, 0, 14, 12220.33, 25890271, 245
1652, 21, 152, 185, 0, 0, 5.66%, 0, 0, 14, 13067.34, 25960900, 245
1657, 21, 171, 185, 0, 0, 5.66%, 0, 0, 14, 16048.23, 26049255, 245
1662, 21, 146, 185, 0, 0, 5.66%, 0, 0, 14, 15092.67, 26119055, 245
1667, 21, 134, 185, 0, 0, 5.66%, 0, 0, 14, 18372.54, 26214823, 245
1672, 21, 143, 185, 0, 0, 5.66%, 0, 0, 14, 15200.89, 26288713, 245
1678, 21, 174, 185, 0, 0, 5.66%, 0, 0, 14, 17613.19, 26383843, 245
1683, 21, 176, 185, 0, 0, 5.66%, 0, 0, 14, 13053.47, 26441344, 245
1688, 21, 134, 185, 0, 0, 5.66%, 0, 0, 14, 16840.70, 26521265, 245
1693, 21, 135, 185, 0, 0, 5.66%, 0, 0, 14, 13331.34, 26585388, 245
1698, 21, 170, 185, 0, 0, 5.66%, 0, 0, 14, 13102.21, 26649730, 245
1703, 21, 119, 185, 0, 0, 5.66%, 0, 0, 14, 11589.67, 26703973, 245
1708, 21, 153, 185, 0, 0, 5.66%, 0, 0, 14, 16481.84, 26794367, 245
1713, 21, 168, 185, 0, 0, 5.66%, 0, 0, 14, 14056.29, 26867969, 245
1719, 21, 154, 185, 0, 0, 5.66%, 0, 0, 14, 15380.67, 26944791, 245
1724, 21, 169, 185, 0, 0, 5.66%, 0, 0, 14, 12274.66, 27001164, 245
1729, 21, 168, 185, 0, 0, 5.66%, 0, 0, 14, 16635.06, 27092543, 245
1734, 22, 15, 185, 0, 0, 5.66%, 0, 0, 14, 18030.22, 27176089, 245
1739, 22, 172, 185, 0, 0, 5.66%, 0, 0, 14, 17214.09, 27265808, 245
1744, 22, 149, 185, 0, 0, 5.66%, 0, 0, 14, 13757.58, 27324519, 245
1749, 22, 120, 185, 0, 0, 5.66%, 0, 0, 14, 16759.72, 27407462, 245
1754, 22, 23, 185, 0, 0, 5.66%, 0, 0, 14, 12840.85, 27466503, 245
1759, 22, 128, 185, 0, 0, 5.66%, 0, 0, 14, 16080.36, 27546193, 245
1764, 22, 150, 185, 0, 0, 5.66%, 0, 0, 14, 15045.10, 27615833, 245
1769, 22, 30, 185, 0, 0, 5.66%, 0, 0, 14, 16602.80, 27704041, 245
1774, 22, 109, 185, 0, 0, 5.66%, 0, 0, 14, 14441.70, 27767697, 245
1779, 22, 148, 185, 0, 0, 5.66%, 0, 0, 14, 16658.10, 27854570, 245
1784, 22, 176, 185, 0, 0, 5.66%, 0, 0, 14, 15139.19, 27925110, 245
1789, 22, 173, 185, 0, 0, 5.66%, 0, 0, 14, 12359.06, 27982303, 245
1794, 22, 169, 185, 0, 0, 5.66%, 0, 0, 14, 13680.35, 28047432, 245
1800, 22, 160, 185, 0, 0, 5.66%, 0, 0, 14, 13959.79, 28118115, 245
1805, 22, 159, 185, 0, 0, 5.66%, 0, 0, 14, 15191.83, 28186069, 245
1810, 22, 137, 185, 0, 0, 5.66%, 0, 0, 14, 14575.12, 28256289, 245
1815, 23, 0, 185, 0, 0, 5.66%, 0, 0, 14, 16440.14, 28343117, 245
1820, 23, 182, 185, 0, 0, 5.66%, 0, 0, 14, 14709.35, 28416385, 245
1825, 23, 145, 185, 0, 0, 5.66%, 0, 0, 14, 15399.38, 28488063, 245
1830, 23, 137, 185, 0, 0, 5.66%, 0, 0, 14, 16559.86, 28576593, 245
1835, 23, 0, 185, 0, 0, 5.66%, 0, 0, 14, 19796.77, 28672392, 245
1840, 23, 111, 185, 0, 0, 5.66%, 0, 0, 14, 19073.48, 28772319, 245
1845, 23, 111, 185, 0, 0, 5.66%, 0, 0, 14, 19098.91, 28871619, 245
1850, 23, 150, 185, 0, 0, 5.66%, 0, 0, 14, 15673.69, 28950279, 245
1856, 23, 170, 185, 0, 0, 5.66%, 0, 0, 14, 15529.56, 29029623, 245
1861, 23, 0, 185, 0, 0, 5.66%, 0, 0, 14, 13947.13, 29098252, 245
1866, 23, 168, 185, 0, 0, 5.66%, 0, 0, 14, 13671.20, 29168917, 245
1871, 24, 176, 185, 0, 0, 5.66%, 0, 0, 14, 14263.17, 29252943, 245
1876, 24, 174, 185, 0, 0, 5.66%, 0, 0, 14, 10523.31, 29300269, 245
1881, 24, 175, 185, 0, 0, 5.66%, 0, 0, 14, 10790.72, 29359125, 245
1886, 24, 111, 185, 0, 0, 5.66%, 0, 0, 14, 13831.03, 29425311, 245
1891, 24, 0, 185, 0, 0, 5.66%, 0, 0, 14, 14321.79, 29498301, 245
1896, 24, 176, 185, 0, 0, 5.66%, 0, 0, 14, 12207.88, 29560026, 245
1901, 24, 30, 185, 0, 0, 5.66%, 0, 0, 14, 15534.39, 29645102, 245
1906, 24, 152, 185, 0, 0, 5.66%, 0, 0, 14, 15324.26, 29725437, 245
1912, 24, 174, 185, 0, 0, 5.66%, 0, 0, 14, 12741.83, 29797588, 245
1917, 24, 129, 185, 0, 0, 5.66%, 0, 0, 14, 15231.49, 29875816, 245
1922, 24, 176, 185, 0, 0, 5.66%, 0, 0, 14, 13251.07, 29948051, 245
1927, 24, 162, 185, 0, 0, 5.66%, 0, 0, 14, 16242.21, 30026008, 245
1932, 24, 0, 185, 0, 0, 5.66%, 0, 0, 14, 18108.35, 30127469, 245
1937, 24, 148, 185, 0, 0, 5.66%, 0, 0, 14, 13006.88, 30190312, 245
1942, 24, 145, 185, 0, 0, 5.66%, 0, 0, 14, 14079.40, 30268429, 245
1947, 25, 147, 185, 0, 0, 5.66%, 0, 0, 14, 18994.43, 30370549, 245
1952, 25, 0, 185, 0, 0, 5.66%, 0, 0, 14, 17398.15, 30449848, 245
1957, 25, 117, 185, 0, 0, 5.66%, 0, 0, 14, 18760.75, 30546035, 245
1962, 25, 30, 185, 0, 0, 5.66%, 0, 0, 14, 16465.45, 30626162, 245
1967, 25, 134, 185, 0, 0, 5.66%, 0, 0, 14, 18128.72, 30717483, 245
1973, 25, 169, 185, 0, 0, 5.66%, 0, 0, 14, 13863.88, 30787803, 245
1978, 25, 0, 185, 0, 0, 5.66%, 0, 0, 14, 14355.27, 30863617, 245
1983, 25, 176, 185, 0, 0, 5.66%, 0, 0, 14, 11164.24, 30917388, 245
1988, 25, 175, 185, 0, 0, 5.66%, 0, 0, 14, 20116.40, 31021055, 245
1993, 25, 175, 185, 0, 0, 5.66%, 0, 0, 14, 12204.18, 31071199, 245
1998, 25, 182, 185, 0, 0, 5.66%, 0, 0, 14, 13689.21, 31138690, 245
2003, 25, 118, 185, 0, 0, 5.66%, 0, 0, 14, 14836.19, 31207338, 245
2008, 25, 174, 185, 0, 0, 5.66%, 0, 0, 14, 18382.13, 31301617, 245
2013, 25, 133, 185, 0, 0, 5.66%, 0, 0, 14, 14947.73, 31364106, 245
2018, 25, 174, 185, 0, 0, 5.66%, 0, 0, 14, 14959.27, 31449388, 245
2023, 26, 16, 185, 0, 0, 5.66%, 0, 0, 14, 14899.39, 31518639, 245
2029, 26, 174, 185, 0, 0, 5.66%, 0, 0, 14, 13448.70, 31587934, 245
2034, 26, 183, 185, 0, 0, 5.66%, 0, 0, 14, 11703.54, 31645256, 245
2039, 26, 175, 185, 0, 0, 5.66%, 0, 0, 14, 14116.78, 31717648, 245
2044, 26, 30, 185, 0, 0, 5.66%, 0, 0, 14, 13255.92, 31775093, 245
2049, 26, 37, 185, 0, 0, 5.66%, 0, 0, 14, 19356.15, 31881611, 245
2054, 26, 175, 185, 0, 0, 5.66%, 0, 0, 14, 12094.99, 31937099, 245
2059, 26, 144, 185, 0, 0, 5.66%, 0, 0, 14, 13074.98, 32000684, 245
2064, 26, 133, 185, 0, 0, 5.66%, 0, 0, 14, 15978.36, 32078501, 245
2069, 26, 174, 185, 0, 0, 5.66%, 0, 0, 14, 15160.99, 32158147, 245
2074, 26, 174, 185, 0, 0, 5.66%, 0, 0, 14, 11425.21, 32207055, 245
2079, 26, 142, 185, 0, 0, 5.66%, 0, 0, 14, 15112.22, 32284972, 245
2084, 26, 175, 185, 0, 0, 5.66%, 0, 0, 14, 16205.99, 32372343, 245
2089, 26, 142, 185, 0, 0, 5.66%, 0, 0, 14, 16543.37, 32448028, 245
2095, 26, 172, 185, 0, 0, 5.66%, 0, 0, 14, 15071.34, 32523765, 245
2100, 26, 174, 185, 0, 0, 5.66%, 0, 0, 14, 15716.88, 32608792, 245
2105, 26, 30, 185, 0, 0, 5.66%, 0, 0, 14, 15876.13, 32676739, 245
2110, 26, 175, 185, 0, 0, 5.66%, 0, 0, 14, 13932.11, 32751179, 245
2115, 26, 174, 185, 0, 0, 5.66%, 0, 0, 14, 14018.76, 32818597, 245
2120, 27, 160, 185, 0, 0, 5.66%, 0, 0, 14, 14687.42, 32890075, 245
2125, 27, 136, 185, 0, 0, 5.66%, 0, 0, 14, 16674.89, 32973279, 245
2130, 27, 31, 185, 0, 0, 5.66%, 0, 0, 14, 16864.23, 33059259, 245
2135, 27, 182, 185, 0, 0, 5.66%, 0, 0, 14, 14373.64, 33133132, 245
2140, 27, 171, 185, 0, 0, 5.66%, 0, 0, 14, 12224.86, 33192591, 245
2145, 27, 0, 185, 0, 0, 5.66%, 0, 0, 14, 17769.55, 33283745, 245
2150, 27, 23, 185, 0, 0, 5.66%, 0, 0, 14, 15309.96, 33365137, 245
2155, 27, 150, 185, 0, 0, 5.66%, 0, 0, 14, 15416.73, 33443923, 245
2160, 27, 30, 185, 0, 0, 5.66%, 0, 0, 14, 17406.22, 33538932, 245
2165, 27, 110, 185, 0, 0, 5.66%, 0, 0, 14, 16147.02, 33613772, 245
2170, 27, 176, 185, 0, 0, 5.66%, 0, 0, 14, 13196.25, 33680041, 245
2176, 27, 125, 185, 0, 0, 5.66%, 0, 0, 14, 13520.35, 33749705, 245
2181, 28, 107, 185, 0, 0, 5.66%, 0, 0, 14, 15069.68, 33830994, 245
2186, 28, 123, 185, 0, 0, 5.66%, 0, 0, 14, 14551.63, 33906079, 245
2191, 28, 173, 185, 0, 0, 5.66%, 0, 0, 14, 12309.29, 33973495, 245
2196, 28, 169, 185, 0, 0, 5.66%, 0, 0, 14, 14827.75, 34051513, 245
2201, 28, 169, 185, 0, 0, 5.66%, 0, 0, 14, 12997.79, 34117742, 245
2206, 28, 172, 185, 0, 0, 5.66%, 0, 0, 14, 17073.91, 34202454, 245
2211, 28, 172, 185, 0, 0, 5.66%, 0, 0, 14, 14181.39, 34274825, 245
2216, 28, 171, 185, 0, 0, 5.66%, 0, 0, 14, 15568.11, 34354754, 245
2221, 28, 175, 185, 0, 0, 5.66%, 0, 0, 14, 12264.70, 34414997, 245
2226, 28, 182, 185, 0, 0, 5.66%, 0, 0, 14, 13554.80, 34483438, 245
2231, 28, 30, 185, 0, 0, 5.66%, 0, 0, 14, 15094.33, 34555685, 245
2236, 28, 174, 185, 0, 0, 5.66%, 0, 0, 14, 12302.95, 34617225, 245
2241, 28, 173, 185, 0, 0, 5.66%, 0, 0, 14, 12622.15, 34695793, 245
2246, 28, 0, 185, 0, 0, 5.66%, 0, 0, 14, 16563.06, 34776291, 245
2252, 28, 175, 185, 0, 0, 5.66%, 0, 0, 14, 11284.55, 34833968, 245
2257, 28, 120, 185, 0, 0, 5.66%, 0, 0, 14, 17619.46, 34929033, 245
2262, 28, 170, 185, 0, 0, 5.66%, 0, 0, 14, 12156.80, 34985307, 245
2267, 29, 166, 185, 0, 0, 5.66%, 0, 0, 14, 14089.91, 35058473, 245
2272, 29, 152, 185, 0, 0, 5.66%, 0, 0, 14, 13446.61, 35129999, 245
2277, 29, 115, 185, 0, 0, 5.66%, 0, 0, 14, 17975.55, 35229949, 245
2282, 29, 120, 185, 0, 0, 5.66%, 0, 0, 14, 15830.82, 35312075, 245
2287, 29, 155, 185, 0, 0, 5.66%, 0, 0, 14, 17172.85, 35399735, 245
2292, 29, 150, 185, 0, 0, 5.66%, 0, 0, 14, 11821.90, 35458243, 245
2297, 29, 138, 185, 0, 0, 5.66%, 0, 0, 14, 12304.47, 35520939, 245
2302, 29, 134, 185, 0, 0, 5.66%, 0, 0, 14, 13353.88, 35591519, 245
2307, 29, 101, 185, 0, 0, 5.66%, 0, 0, 14, 19275.97, 35698656, 245
2312, 29, 149, 185, 0, 0, 5.66%, 0, 0, 14, 15066.62, 35773195, 245
2317, 29, 173, 185, 0, 0, 5.66%, 0, 0, 14, 14884.66, 35856855, 245
2323, 29, 0, 185, 0, 0, 5.66%, 0, 0, 14, 17304.79, 35936818, 245
2328, 30, 151, 185, 0, 0, 5.66%, 0, 0, 14, 17652.86, 36032129, 245
2333, 30, 174, 185, 0, 0, 5.66%, 0, 0, 14, 18708.34, 36127551, 245
2338, 30, 175, 185, 0, 0, 5.66%, 0, 0, 14, 17230.59, 36203871, 245
2343, 30, 172, 185, 0, 0, 5.66%, 0, 0, 14, 12912.89, 36261627, 245
2348, 30, 129, 185, 0, 0, 5.66%, 0, 0, 14, 16142.85, 36340711, 245
2353, 30, 103, 185, 0, 0, 5.66%, 0, 0, 14, 18035.25, 36440137, 245
2358, 30, 105, 185, 0, 0, 5.66%, 0, 0, 14, 18538.04, 36523953, 245
2363, 30, 146, 185, 0, 0, 5.66%, 0, 0, 14, 12488.54, 36582924, 245
2368, 30, 176, 185, 0, 0, 5.66%, 0, 0, 14, 14391.53, 36664099, 245
2373, 30, 145, 185, 0, 0, 5.66%, 0, 0, 14, 11848.82, 36718123, 245
2378, 30, 96, 185, 0, 0, 5.66%, 0, 0, 14, 18404.87, 36818136, 245
2383, 30, 155, 185, 0, 0, 5.66%, 0, 0, 14, 13760.56, 36883573, 245
2388, 30, 174, 185, 0, 0, 5.66%, 0, 0, 14, 15188.41, 36961638, 245
2394, 30, 171, 185, 0, 0, 5.66%, 0, 0, 14, 14302.65, 37026051, 245
2399, 31, 155, 185, 0, 0, 5.66%, 0, 0, 14, 14753.00, 37100408, 245
2404, 31, 174, 185, 0, 0, 5.66%, 0, 0, 14, 13871.95, 37174307, 245
2409, 31, 176, 185, 0, 0, 5.66%, 0, 0, 14, 15945.23, 37250101, 245
2414, 31, 30, 185, 0, 0, 5.66%, 0, 0, 14, 12739.29, 37305127, 245
2419, 31, 183, 185, 0, 0, 5.66%, 0, 0, 14, 16933.75, 37392101, 245
2424, 31, 149, 185, 0, 0, 5.66%, 0, 0, 14, 17613.16, 37467506, 245
2429, 31, 174, 185, 0, 0, 5.66%, 0, 0, 14, 13609.12, 37532374, 245
2434, 31, 174, 185, 0, 0, 5.66%, 0, 0, 14, 14898.31, 37610873, 245
2439, 31, 145, 185, 0, 0, 5.66%, 0, 0, 14, 14680.19, 37680555, 245
2444, 31, 65, 185, 0, 0, 5.66%, 0, 0, 14, 17442.34, 37762211, 245
2450, 31, 152, 185, 0, 0, 5.66%, 0, 0, 14, 14782.44, 37841202, 245
2455, 31, 170, 185, 0, 0, 5.66%, 0, 0, 14, 13345.24, 37907810, 245
2460, 31, 135, 185, 0, 0, 5.66%, 0, 0, 14, 17126.92, 38004070, 245
2465, 31, 30, 185, 0, 0, 5.66%, 0, 0, 14, 15416.54, 38075334, 245
2470, 31, 0, 185, 0, 0, 5.66%, 0, 0, 14, 17803.54, 38169820, 245
2475, 32, 134, 185, 0, 0, 5.66%, 0, 0, 14, 14654.78, 38245533, 245
2480, 32, 138, 185, 0, 0, 5.66%, 0, 0, 14, 11831.65, 38302616, 245
2485, 32, 0, 185, 0, 0, 5.66%, 0, 0, 14, 16991.67, 38389305, 245
2490, 32, 49, 185, 0, 0, 5.66%, 0, 0, 14, 15059.50, 38470853, 245
2495, 32, 169, 185, 0, 0, 5.66%, 0, 0, 14, 13194.84, 38540975, 245
2500, 32, 154, 185, 0, 0, 5.66%, 0, 0, 14, 16869.05, 38636432, 245
2505, 32, 0, 185, 0, 0, 5.66%, 0, 0, 14, 17915.72, 38716248, 245
2510, 32, 184, 185, 0, 0, 5.66%, 0, 0, 14, 13570.60, 38786683, 245
2515, 32, 169, 185, 0, 0, 5.66%, 0, 0, 14, 12450.05, 38845363, 245
2521, 32, 133, 185, 0, 0, 5.66%, 0, 0, 14, 16016.77, 38937209, 245
2526, 32, 149, 185, 0, 0, 5.66%, 0, 0, 14, 16927.30, 39018560, 245
2531, 32, 148, 185, 0, 0, 5.66%, 0, 0, 14, 15633.23, 39102603, 245
2536, 33, 45, 185, 0, 0, 5.66%, 0, 0, 14, 15906.13, 39181095, 245
2541, 33, 145, 185, 0, 0, 5.66%, 0, 0, 14, 12071.65, 39240361, 245
2546, 33, 132, 185, 0, 0, 5.66%, 0, 0, 14, 15088.12, 39314787, 245
2551, 33, 151, 185, 0, 0, 5.66%, 0, 0, 14, 12871.63, 39384225, 245
2556, 33, 175, 185, 0, 0, 5.66%, 0, 0, 14, 12752.62, 39452665, 245
2561, 33, 176, 185, 0, 0, 5.66%, 0, 0, 14, 12864.83, 39519303, 245
2566, 33, 146, 185, 0, 0, 5.66%, 0, 0, 14, 13780.07, 39586688, 245
2571, 33, 0, 185, 0, 0, 5.66%, 0, 0, 14, 13234.84, 39651417, 245
2576, 33, 116, 185, 0, 0, 5.66%, 0, 0, 14, 16009.95, 39736507, 245
2581, 33, 182, 185, 0, 0, 5.66%, 0, 0, 14, 15158.26, 39813981, 245
2587, 33, 35, 185, 0, 0, 5.66%, 0, 0, 14, 14660.80, 39880665, 245
2592, 33, 168, 185, 0, 0, 5.66%, 0, 0, 14, 12075.86, 39946253, 245
2597, 33, 120, 185, 0, 0, 5.66%, 0, 0, 14, 16118.85, 40037431, 245
2602, 33, 175, 185, 0, 0, 5.66%, 0, 0, 14, 15682.74, 40125233, 245
2607, 33, 23, 185, 0, 0, 5.66%, 0, 0, 14, 13233.85, 40183371, 245
2612, 33, 121, 185, 0, 0, 5.66%, 0, 0, 14, 15067.67, 40263159, 245
2617, 33, 151, 185, 0, 0, 5.66%, 0, 0, 14, 16963.32, 40353809, 245
2622, 34, 30, 185, 0, 0, 5.66%, 0, 0, 14, 17079.45, 40442023, 245
2627, 34, 171, 185, 0, 0, 5.66%, 0, 0, 14, 15723.77, 40525435, 245
2632, 34, 175, 185, 0, 0, 5.66%, 0, 0, 14, 13499.76, 40590559, 245
2638, 34, 145, 185, 0, 0, 5.66%, 0, 0, 14, 14376.37, 40657435, 245
2643, 34, 16, 185, 0, 0, 5.66%, 0, 0, 14, 16732.53, 40739032, 245
2648, 34, 176, 185, 0, 0, 5.66%, 0, 0, 14, 12575.73, 40798106, 245
2653, 34, 111, 185, 0, 0, 5.66%, 0, 0, 14, 15835.07, 40886079, 245
2658, 34, 170, 185, 0, 0, 5.66%, 0, 0, 14, 14425.15, 40953392, 245
2663, 34, 135, 185, 0, 0, 5.66%, 0, 0, 14, 15355.84, 41025076, 245
2668, 34, 175, 185, 0, 0, 5.66%, 0, 0, 14, 13711.76, 41094985, 245
2673, 34, 168, 185, 0, 0, 5.66%, 0, 0, 14, 13469.04, 41167465, 245
2678, 34, 171, 185, 0, 0, 5.66%, 0, 0, 14, 14719.72, 41248827, 245
2683, 34, 152, 185, 0, 0, 5.66%, 0, 0, 14, 13429.35, 41314583, 245
2688, 34, 172, 185, 0, 0, 5.66%, 0, 0, 14, 16850.45, 41410107, 245
2694, 35, 0, 185, 0, 0, 5.66%, 0, 0, 14, 17922.17, 41497214, 245
2699, 35, 15, 185, 0, 0, 5.66%, 0, 0, 14, 16874.59, 41582553, 245
2704, 35, 102, 185, 0, 0, 5.66%, 0, 0, 14, 12623.41, 41637124, 245
2709, 35, 172, 185, 0, 0, 5.66%, 0, 0, 14, 14538.47, 41719315, 245
2714, 35, 182, 185, 0, 0, 5.66%, 0, 0, 14, 13396.58, 41788609, 245
2719, 35, 153, 185, 0, 0, 5.66%, 0, 0, 14, 15581.69, 41863813, 245
2724, 35, 176, 185, 0, 0, 5.66%, 0, 0, 14, 12630.11, 41925506, 245
2729, 35, 183, 185, 0, 0, 5.66%, 0, 0, 14, 15183.14, 42003830, 245
2734, 35, 150, 185, 0, 0, 5.66%, 0, 0, 14, 16357.49, 42078971, 245
2739, 35, 151, 185, 0, 0, 5.66%, 0, 0, 14, 17410.08, 42167684, 245
2744, 35, 169, 185, 0, 0, 5.66%, 0, 0, 14, 12828.32, 42226156, 245
2749, 35, 152, 185, 0, 0, 5.66%, 0, 0, 14, 15384.34, 42300903, 245
2754, 35, 0, 185, 0, 0, 5.66%, 0, 0, 14, 16373.98, 42371787, 245
2759, 35, 118, 185, 0, 0, 5.66%, 0, 0, 14, 16865.24, 42458197, 245
2764, 35, 137, 185, 0, 0, 5.66%, 0, 0, 14, 17494.48, 42544994, 245
2770, 36, 145, 185, 0, 0, 5.66%, 0, 0, 14, 16784.06, 42636705, 245
2775, 36, 138, 185, 0, 0, 5.66%, 0, 0, 14, 16304.54, 42718275, 245
2780, 36, 128, 185, 0, 0, 5.66%, 0, 0, 14, 16720.19, 42808123, 245
2785, 36, 173, 185, 0, 0, 5.66%, 0, 0, 14, 12866.96, 42865996, 245
2790, 36, 176, 185, 0, 0, 5.66%, 0, 0, 14, 12386.60, 42939925, 245
2795, 36, 137, 185, 0, 0, 5.66%, 0, 0, 14, 14938.27, 43010223, 245
2800, 36, 102, 185, 0, 0, 5.66%, 0, 0, 14, 14493.19, 43086121, 245
2805, 36, 122, 185, 0, 0, 5.66%, 0, 0, 14, 13544.59, 43155360, 245
2810, 36, 137, 185, 0, 0, 5.66%, 0, 0, 14, 10114.46, 43206079, 245
2815, 36, 30, 185, 0, 0, 5.66%, 0, 0, 14, 12120.32, 43264600, 245
2820, 36, 146, 185, 0, 0, 5.66%, 0, 0, 14, 9390.50, 43311985, 245
2825, 36, 170, 185, 0, 0, 5.66%, 0, 0, 14, 11199.40, 43372409, 245
2830, 36, 152, 185, 0, 0, 5.66%, 0, 0, 14, 11418.02, 43435941, 245
2836, 36, 146, 185, 0, 0, 5.66%, 0, 0, 14, 11971.33, 43501567, 245
2841, 36, 171, 185, 0, 0, 5.66%, 0, 0, 14, 12211.23, 43571498, 245
2846, 36, 168, 185, 0, 0, 5.66%, 0, 0, 14, 12866.43, 43638416, 245
2851, 37, 145, 185, 0, 0, 5.66%, 0, 0, 14, 13073.58, 43707439, 245
2856, 37, 0, 185, 0, 0, 5.66%, 0, 0, 14, 16941.48, 43797803, 245
2861, 37, 111, 185, 0, 0, 5.66%, 0, 0, 14, 13857.88, 43865774, 245
2866, 37, 168, 185, 0, 0, 5.66%, 0, 0, 14, 12928.85, 43932097, 245
2871, 37, 147, 185, 0, 0, 5.66%, 0, 0, 14, 14962.22, 44011993, 245
2876, 37, 97, 185, 0, 0, 5.66%, 0, 0, 14, 15842.04, 44097011, 245
2881, 37, 173, 185, 0, 0, 5.66%, 0, 0, 14, 12022.21, 44160788, 245
2886, 37, 128, 185, 0, 0, 5.66%, 0, 0, 14, 13693.23, 44220321, 245
2891, 37, 162, 185, 0, 0, 5.66%, 0, 0, 14, 13266.98, 44284633, 245
2896, 37, 117, 185, 0, 0, 5.66%, 0, 0, 14, 12492.32, 44347897, 245
2902, 37, 150, 185, 0, 0, 5.66%, 0, 0, 14, 11047.81, 44409326, 245
2907, 37, 129, 185, 0, 0, 5.66%, 0, 0, 14, 13623.84, 44478101, 245
2912, 37, 171, 185, 0, 0, 5.66%, 0, 0, 14, 9275.32, 44525547, 245
2917, 37, 23, 185, 0, 0, 5.66%, 0, 0, 14, 9196.06, 44573364, 245
2922, 37, 173, 185, 0, 0, 5.66%, 0, 0, 14, 7939.69, 44613261, 245
2927, 37, 123, 185, 0, 0, 5.66%, 0, 0, 14, 10718.32, 44669467, 245
2932, 37, 183, 185, 0, 0, 5.66%, 0, 0, 14, 8104.79, 44710333, 245
2938, 37, 169, 185, 0, 0, 5.66%, 0, 0, 14, 8403.25, 44753277, 245
2943, 37, 173, 185, 0, 0, 5.66%, 0, 0, 14, 7748.44, 44795181, 245
2948, 37, 173, 185, 0, 0, 5.66%, 0, 0, 14, 9393.38, 44844519, 245
2953, 38, 0, 185, 0, 0, 5.66%, 0, 0, 14, 12046.20, 44903408, 245
2958, 38, 168, 185, 0, 0, 5.66%, 0, 0, 14, 10837.88, 44958919, 245
2963, 38, 146, 185, 0, 0, 5.66%, 0, 0, 14, 10853.27, 45012936, 245
2968, 38, 171, 185, 0, 0, 5.66%, 0, 0, 14, 11083.31, 45072026, 245
2973, 38, 154, 185, 0, 0, 5.66%, 0, 0, 14, 11310.61, 45131449, 245
2978, 38, 174, 185, 0, 0, 5.66%, 0, 0, 14, 12099.47, 45194789, 245
2983, 38, 131, 185, 0, 0, 5.66%, 0, 0, 14, 11535.57, 45248369, 245
2988, 38, 176, 185, 0, 0, 5.66%, 0, 0, 14, 12329.99, 45315127, 245
2993, 38, 107, 185, 0, 0, 5.66%, 0, 0, 14, 10684.72, 45361368, 245
2998, 38, 30, 185, 0, 0, 5.66%, 0, 0, 14, 14195.42, 45438804, 245
3004, 38, 174, 185, 0, 0, 5.66%, 0, 0, 14, 13158.29, 45502869, 245
3009, 38, 0, 185, 0, 0, 5.66%, 0, 0, 14, 14934.23, 45572799, 245
3014, 38, 152, 185, 0, 0, 5.66%, 0, 0, 14, 10506.25, 45623937, 245
3019, 38, 173, 185, 0, 0, 5.66%, 0, 0, 14, 13288.46, 45689593, 245
3024, 38, 146, 185, 0, 0, 5.66%, 0, 0, 14, 10290.11, 45735521, 245
3029, 38, 152, 185, 0, 0, 5.66%, 0, 0, 14, 12186.54, 45803814, 245
3034, 38, 183, 185, 0, 0, 5.66%, 0, 0, 14, 11141.27, 45856398, 245
3039, 38, 0, 185, 0, 0, 5.66%, 0, 0, 14, 12894.04, 45918955, 245
3044, 39, 116, 185, 0, 0, 5.66%, 0, 0, 14, 12505.23, 45977899, 245
3049, 39, 144, 185, 0, 0, 5.66%, 0, 0, 14, 15342.90, 46056147, 245
3054, 39, 30, 185, 0, 0, 5.66%, 0, 0, 14, 13842.25, 46116893, 245
3059, 39, 30, 185, 0, 0, 5.66%, 0, 0, 14, 12008.24, 46168986, 245
3064, 39, 118, 185, 0, 0, 5.66%, 0, 0, 14, 13100.23, 46228155, 245
3070, 39, 150, 185, 0, 0, 5.66%, 0, 0, 14, 11879.91, 46289273, 245
3075, 39, 0, 185, 0, 0, 5.66%, 0, 0, 14, 13220.46, 46351113, 245
3080, 39, 123, 185, 0, 0, 5.66%, 0, 0, 14, 12254.33, 46413029, 245
3085, 39, 146, 185, 0, 0, 5.66%, 0, 0, 14, 11199.04, 46468305, 245
3090, 39, 162, 185, 0, 0, 5.66%, 0, 0, 14, 15559.24, 46553177, 245
3095, 39, 150, 185, 0, 0, 5.66%, 0, 0, 14, 12336.33, 46612177, 245
3100, 39, 176, 185, 0, 0, 5.66%, 0, 0, 14, 10067.99, 46663673, 245
3105, 39, 152, 185, 0, 0, 5.66%, 0, 0, 14, 10617.36, 46714693, 245
3110, 39, 173, 185, 0, 0, 5.66%, 0, 0, 14, 9726.15, 46767973, 245
3115, 39, 137, 185, 0, 0, 5.66%, 0, 0, 14, 10648.89, 46820713, 245
3120, 39, 120, 185, 0, 0, 5.66%, 0, 0, 14, 11237.39, 46882029, 245
3125, 39, 117, 185, 0, 0, 5.66%, 0, 0, 14, 13572.81, 46949819, 245
3130, 40, 0, 185, 0, 0, 5.66%, 0, 0, 14, 12672.15, 47014072, 245
3136, 40, 184, 185, 0, 0, 5.66%, 0, 0, 14, 8995.59, 47056568, 245
3141, 40, 168, 185, 0, 0, 5.66%, 0, 0, 14, 8952.20, 47104532, 245
3146, 40, 30, 185, 0, 0, 5.66%, 0, 0, 14, 12959.42, 47170323, 245
3151, 40, 174, 185, 0, 0, 5.66%, 0, 0, 14, 9633.11, 47216478, 245
3156, 40, 184, 185, 0, 0, 5.66%, 0, 0, 14, 11679.81, 47281611, 245
3161, 40, 23, 185, 0, 0, 5.66%, 0, 0, 14, 10644.63, 47333836, 245
3166, 40, 176, 185, 0, 0, 5.66%, 0, 0, 14, 12352.71, 47402491, 245
3171, 40, 154, 185, 0, 0, 5.66%, 0, 0, 14, 8449.63, 47443079, 245
3176, 40, 173, 185, 0, 0, 5.66%, 0, 0, 14, 10687.53, 47499657, 245
3181, 40, 0, 185, 0, 0, 5.66%, 0, 0, 14, 13147.55, 47575105, 245
3187, 40, 168, 185, 0, 0, 5.66%, 0, 0, 14, 11918.05, 47631222, 245
3192, 40, 128, 185, 0, 0, 5.66%, 0, 0, 14, 11923.95, 47687981, 245
3197, 40, 122, 185, 0, 0, 5.66%, 0, 0, 14, 11388.49, 47741817, 245
3202, 40, 116, 185, 0, 0, 5.66%, 0, 0, 14, 10135.39, 47794184, 245
3207, 40, 0, 185, 0, 0, 5.66%, 0, 0, 14, 14931.93, 47877064, 245
3212, 40, 136, 185, 0, 0, 5.66%, 0, 0, 14, 13672.45, 47944323, 245
3217, 40, 0, 185, 0, 0, 5.66%, 0, 0, 14, 15296.12, 48020535, 245
3222, 41, 30, 185, 0, 0, 5.66%, 0, 0, 14, 11632.54, 48076915, 245
3227, 41, 0, 185, 0, 0, 5.66%, 0, 0, 14, 13618.06, 48142763, 245
3232, 41, 0, 185, 0, 0, 5.66%, 0, 0, 14, 13960.94, 48212708, 245
3237, 41, 0, 185, 0, 0, 5.66%, 0, 0, 14, 15672.15, 48289084, 245
3243, 41, 151, 185, 0, 0, 5.66%, 0, 0, 14, 11543.60, 48348179, 245
3248, 41, 0, 185, 0, 0, 5.66%, 0, 0, 14, 12824.05, 48409951, 245
3253, 41, 134, 185, 0, 0, 5.66%, 0, 0, 14, 13287.30, 48476404, 245
3258, 41, 151, 185, 0, 0, 5.66%, 0, 0, 14, 13408.37, 48538199, 245
3263, 41, 171, 185, 0, 0, 5.66%, 0, 0, 14, 11532.96, 48599109, 245
3268, 41, 168, 185, 0, 0, 5.66%, 0, 0, 14, 12604.38, 48662691, 245
3273, 41, 150, 185, 0, 0, 5.66%, 0, 0, 14, 8530.30, 48701861, 245
3278, 41, 134, 185, 0, 0, 5.66%, 0, 0, 14, 14294.59, 48779565, 245
3283, 41, 174, 185, 0, 0, 5.66%, 0, 0, 14, 12286.85, 48842525, 245
3288, 41, 168, 185, 0, 0, 5.66%, 0, 0, 14, 11146.72, 48899355, 245
3293, 41, 151, 185, 0, 0, 5.66%, 0, 0, 14, 9483.19, 48943066, 245
3298, 41, 159, 185, 0, 0, 5.66%, 0, 0, 14, 12905.08, 49011698, 245
3303, 41, 30, 185, 0, 0, 5.66%, 0, 0, 14, 12267.04, 49069449, 245
3309, 42, 150, 185, 0, 0, 5.66%, 0, 0, 14, 14752.10, 49145021, 245
3314, 42, 146, 185, 0, 0, 5.66%, 0, 0, 14, 11448.50, 49200119, 245
3319, 42, 159, 185, 0, 0, 5.66%, 0, 0, 14, 13871.21, 49263766, 245
3324, 42, 139, 185, 0, 0, 5.66%, 0, 0, 14, 13205.22, 49324321, 245
3329, 42, 170, 185, 0, 0, 5.66%, 0, 0, 14, 11604.35, 49379781, 245
3334, 42, 172, 185, 0, 0, 5.66%, 0, 0, 14, 14205.29, 49451625, 245
3339, 42, 159, 185, 0, 0, 5.66%, 0, 0, 14, 12626.80, 49508878, 245
3344, 42, 121, 185, 0, 0, 5.66%, 0, 0, 14, 11141.43, 49557467, 245
3349, 42, 176, 185, 0, 0, 5.66%, 0, 0, 14, 10908.51, 49615209, 245
3354, 42, 145, 185, 0, 0, 5.66%, 0, 0, 14, 11003.66, 49664664, 245
3359, 42, 145, 185, 0, 0, 5.66%, 0, 0, 14, 14220.30, 49745145, 245
3365, 42, 176, 185, 0, 0, 5.66%, 0, 0, 14, 10979.18, 49797129, 245
3370, 42, 174, 185, 0, 0, 5.66%, 0, 0, 14, 12526.88, 49860901, 245
3375, 42, 174, 185, 0, 0, 5.66%, 0, 0, 14, 8765.90, 49900432, 245
3380, 42, 144, 185, 0, 0, 5.66%, 0, 0, 14, 10975.12, 49964807, 245
3385, 42, 145, 185, 0, 0, 5.66%, 0, 0, 14, 11508.13, 50022476, 245
3390, 42, 172, 185, 0, 0, 5.66%, 0, 0, 14, 14169.46, 50097733, 245
3395, 42, 149, 185, 0, 0, 5.66%, 0, 0, 14, 12307.27, 50151711, 245
3400, 42, 122, 185, 0, 0, 5.66%, 0, 0, 14, 13374.34, 50224365, 245
3405, 43, 175, 185, 0, 0, 5.66%, 0, 0, 14, 12804.09, 50285486, 245
3410, 43, 175, 185, 0, 0, 5.66%, 0, 0, 14, 9856.39, 50333819, 245
3416, 43, 182, 185, 0, 0, 5.66%, 0, 0, 14, 13330.21, 50397423, 245
3421, 43, 182, 185, 0, 0, 5.66%, 0, 0, 14, 8613.77, 50437835, 245
3426, 43, 125, 185, 0, 0, 5.66%, 0, 0, 14, 12333.39, 50503509, 245
3431, 43, 170, 185, 0, 0, 5.66%, 0, 0, 14, 10133.69, 50557789, 245
3436, 43, 136, 185, 0, 0, 5.66%, 0, 0, 14, 9198.41, 50608461, 245
3441, 43, 30, 185, 0, 0, 5.66%, 0, 0, 14, 11754.46, 50672175, 245
3446, 43, 134, 185, 0, 0, 5.66%, 0, 0, 14, 12836.47, 50736861, 245
3451, 43, 136, 185, 0, 0, 5.66%, 0, 0, 14, 13611.81, 50807901, 245
3456, 43, 168, 185, 0, 0, 5.66%, 0, 0, 14, 13527.75, 50876679, 245
3461, 43, 171, 185, 0, 0, 5.66%, 0, 0, 14, 9832.34, 50926136, 245
3466, 43, 30, 185, 0, 0, 5.66%, 0, 0, 14, 13838.74, 50991943, 245
3472, 43, 0, 185, 0, 0, 5.66%, 0, 0, 14, 11170.93, 51047589, 245
3477, 43, 152, 185, 0, 0, 5.66%, 0, 0, 14, 12570.34, 51113759, 245
3482, 43, 142, 185, 0, 0, 5.66%, 0, 0, 14, 11537.17, 51174599, 245
3487, 43, 175, 185, 0, 0, 5.66%, 0, 0, 14, 10537.69, 51227377, 245
3492, 43, 149, 185, 0, 0, 5.66%, 0, 0, 14, 10971.57, 51287078, 245
3497, 43, 174, 185, 0, 0, 5.66%, 0, 0, 14, 10672.15, 51341243, 245
3502, 43, 30, 185, 0, 0, 5.66%, 0, 0, 14, 11745.15, 51399793, 245
3507, 44, 174, 185, 0, 0, 5.66%, 0, 0, 14, 12521.94, 51467063, 245
3512, 44, 96, 185, 0, 0, 5.66%, 0, 0, 14, 11171.99, 51520033, 245
3517, 44, 170, 185, 0, 0, 5.66%, 0, 0, 14, 11470.71, 51584955, 245
3522, 44, 10, 185, 0, 0, 5.66%, 0, 0, 14, 10289.90, 51632515, 245
3527, 44, 174, 185, 0, 0, 5.66%, 0, 0, 14, 11007.04, 51696051, 245
3532, 44, 98, 185, 0, 0, 5.66%, 0, 0, 14, 10457.30, 51746397, 245
3537, 44, 150, 185, 0, 0, 5.66%, 0, 0, 14, 13983.76, 51818027, 245
3542, 44, 176, 185, 0, 0, 5.66%, 0, 0, 14, 12529.14, 51879945, 245
3548, 44, 176, 185, 0, 0, 5.66%, 0, 0, 14, 10378.45, 51927423, 245
3553, 44, 173, 185, 0, 0, 5.66%, 0, 0, 14, 10437.45, 51983423, 245
3558, 44, 166, 185, 0, 0, 5.66%, 0, 0, 14, 10206.65, 52029747, 245
3563, 44, 142, 185, 0, 0, 5.66%, 0, 0, 14, 10936.85, 52084779, 245
3568, 44, 174, 185, 0, 0, 5.66%, 0, 0, 14, 8794.42, 52130795, 245
3573, 44, 30, 185, 0, 0, 5.66%, 0, 0, 14, 9783.59, 52175745, 245
3578, 44, 169, 185, 0, 0, 5.66%, 0, 0, 14, 11283.63, 52238641, 245
3583, 44, 168, 185, 0, 0, 5.66%, 0, 0, 14, 10252.45, 52290813, 245
3588, 44, 171, 185, 0, 0, 5.66%, 0, 0, 14, 11251.85, 52350246, 245
3593, 44, 171, 185, 0, 0, 5.66%, 0, 0, 14, 13050.35, 52408131, 245
3598, 44, 152, 185, 0, 0, 5.66%, 0, 0, 14, 12664.20, 52468347, 245
3600, 44, 152, 185, 0, 0, 5.66%, 0, 0, 14, 11083.42, 52477199, 245
