# relative_time, cycles_done, cur_item, corpus_count, pending_total, pending_favs, map_size, saved_crashes, saved_hangs, max_depth, execs_per_sec, total_execs, edges_found
62, 0, 40, 82, 73, 28, 8.77%, 0, 0, 3, 6008.29, 356525, 505
67, 0, 35, 85, 72, 24, 8.77%, 0, 0, 4, 5446.62, 383083, 505
72, 0, 64, 85, 67, 19, 8.77%, 0, 0, 4, 5495.93, 399936, 505
77, 0, 32, 85, 58, 10, 8.77%, 0, 0, 4, 5359.19, 427390, 505
82, 0, 67, 88, 56, 5, 8.77%, 0, 0, 4, 5526.27, 455168, 505
88, 0, 67, 90, 58, 5, 8.77%, 0, 0, 4, 6128.63, 487357, 505
93, 0, 67, 93, 61, 5, 8.96%, 0, 0, 4, 9721.08, 540838, 516
98, 0, 67, 93, 61, 5, 8.96%, 0, 0, 4, 6727.19, 570090, 516
103, 0, 90, 94, 61, 6, 8.97%, 0, 0, 5, 6370.32, 602837, 517
108, 0, 90, 94, 60, 6, 8.97%, 0, 0, 5, 6004.39, 621439, 517
113, 0, 89, 100, 66, 6, 8.97%, 0, 0, 5, 5522.84, 648616, 517
118, 0, 89, 102, 68, 6, 8.97%, 0, 0, 5, 10374.01, 710176, 517
123, 0, 89, 103, 69, 6, 8.97%, 0, 0, 5, 6905.23, 739752, 517
128, 0, 89, 103, 69, 6, 8.97%, 0, 0, 5, 6370.49, 770775, 517
133, 0, 93, 105, 70, 6, 9.25%, 0, 0, 6, 6354.69, 802079, 533
140, 0, 103, 112, 73, 4, 9.76%, 0, 0, 7, 238.14, 827112, 562
145, 0, 103, 115, 76, 4, 9.79%, 0, 0, 7, 5594.76, 855145, 564
150, 0, 103, 115, 76, 4, 9.79%, 0, 0, 7, 6030.02, 885384, 564
155, 0, 103, 115, 76, 4, 9.79%, 0, 0, 7, 5817.36, 915592, 564
160, 0, 103, 116, 77, 4, 9.82%, 0, 0, 7, 5935.24, 944332, 566
165, 0, 108, 118, 76, 11, 9.82%, 0, 0, 8, 5966.54, 975981, 566
170, 0, 108, 120, 78, 11, 10.15%, 0, 0, 8, 6159.28, 1007415, 585
171, 0, 108, 120, 78, 11, 10.15%, 0, 0, 8, 6044.27, 1012642, 585
