# relative_time, cycles_done, cur_item, corpus_count, pending_total, pending_favs, map_size, saved_crashes, saved_hangs, max_depth, execs_per_sec, total_execs, edges_found
61, 0, 85, 151, 122, 0, 7.75%, 0, 0, 4, 15361.01, 1079230, 377
66, 0, 65, 152, 122, 0, 7.75%, 0, 0, 4, 17423.44, 1172502, 377
71, 0, 63, 156, 125, 0, 7.75%, 0, 0, 4, 17173.43, 1254352, 377
76, 1, 11, 157, 124, 0, 7.75%, 0, 0, 4, 17467.91, 1342575, 377
81, 1, 63, 157, 123, 0, 7.75%, 0, 0, 4, 18954.91, 1432759, 377
86, 1, 7, 157, 121, 0, 7.75%, 0, 0, 4, 17388.14, 1519732, 377
91, 1, 96, 157, 120, 0, 7.75%, 0, 0, 4, 17698.50, 1606046, 377
96, 1, 67, 157, 119, 0, 7.75%, 0, 0, 4, 16960.36, 1691603, 377
102, 1, 63, 157, 119, 0, 7.75%, 0, 0, 4, 15755.89, 1771420, 377
107, 1, 120, 157, 119, 0, 7.75%, 0, 0, 4, 16874.53, 1861553, 377
112, 2, 79, 209, 171, 0, 7.75%, 0, 0, 4, 16346.13, 1939762, 377
117, 2, 96, 209, 171, 0, 7.75%, 0, 0, 4, 18016.64, 2029787, 377
122, 2, 96, 209, 171, 0, 7.75%, 0, 0, 4, 18094.62, 2116809, 377
127, 2, 96, 209, 171, 0, 7.75%, 0, 0, 4, 21723.64, 2227656, 377
132, 2, 120, 209, 170, 0, 7.75%, 0, 0, 4, 21758.19, 2332017, 377
137, 2, 91, 209, 169, 0, 7.75%, 0, 0, 4, 20469.77, 2434232, 377
142, 2, 11, 209, 169, 0, 7.75%, 0, 0, 4, 17921.43, 2515218, 377
147, 2, 91, 209, 167, 0, 7.75%, 0, 0, 4, 18673.54, 2597818, 377
152, 2, 105, 209, 166, 0, 7.75%, 0, 0, 4, 19671.90, 2697384, 377
158, 2, 120, 209, 166, 0, 7.75%, 0, 0, 4, 20593.98, 2806803, 377
163, 3, 96, 228, 185, 0, 7.75%, 0, 0, 4, 19732.83, 2905055, 377
168, 3, 91, 228, 185, 0, 7.75%, 0, 0, 4, 19831.47, 3007640, 377
173, 3, 91, 228, 184, 0, 7.75%, 0, 0, 4, 19550.61, 3101722, 377
178, 3, 96, 228, 183, 0, 7.75%, 0, 0, 4, 18881.21, 3193900, 377
183, 3, 96, 228, 182, 0, 7.75%, 0, 0, 4, 19844.97, 3293462, 377
188, 3, 91, 228, 181, 0, 7.75%, 0, 0, 4, 20095.06, 3391420, 377
193, 3, 96, 228, 179, 0, 7.75%, 0, 0, 4, 18531.16, 3479036, 377
198, 3, 96, 228, 179, 0, 7.75%, 0, 0, 4, 20229.65, 3590259, 377
203, 3, 96, 228, 178, 0, 7.75%, 0, 0, 4, 17814.76, 3671836, 377
208, 3, 77, 228, 178, 0, 7.75%, 0, 0, 4, 20220.00, 3778071, 377
214, 4, 91, 240, 189, 0, 7.75%, 0, 0, 4, 14842.35, 3848147, 377
219, 4, 96, 240, 188, 0, 7.75%, 0, 0, 4, 13400.35, 3916460, 377
224, 4, 91, 240, 187, 0, 7.75%, 0, 0, 4, 18233.24, 4008031, 377
229, 4, 91, 240, 187, 0, 7.75%, 0, 0, 4, 17213.36, 4097601, 377
234, 4, 96, 240, 186, 0, 7.75%, 0, 0, 4, 20409.13, 4203175, 377
239, 4, 65, 240, 186, 0, 7.75%, 0, 0, 4, 16208.05, 4284654, 377
244, 4, 96, 240, 186, 0, 7.75%, 0, 0, 4, 18994.37, 4378913, 377
249, 4, 67, 240, 186, 0, 7.75%, 0, 0, 4, 19729.13, 4476038, 377
254, 4, 11, 240, 185, 0, 7.75%, 0, 0, 4, 21439.16, 4586572, 377
259, 4, 91, 240, 184, 0, 7.75%, 0, 0, 4, 18447.37, 4671934, 377
265, 4, 10, 240, 184, 0, 7.75%, 0, 0, 4, 17939.82, 4763676, 377
270, 5, 120, 241, 184, 0, 7.75%, 0, 0, 4, 18710.12, 4855514, 377
275, 5, 96, 241, 184, 0, 7.75%, 0, 0, 4, 18934.61, 4955993, 377
280, 5, 96, 241, 184, 0, 7.75%, 0, 0, 4, 16526.36, 5036957, 377
285, 5, 146, 241, 184, 0, 7.75%, 0, 0, 4, 18509.74, 5137870, 377
290, 5, 79, 241, 183, 0, 7.75%, 0, 0, 4, 17145.64, 5221420, 377
295, 5, 96, 241, 183, 0, 7.75%, 0, 0, 4, 17567.41, 5308258, 377
300, 5, 96, 241, 183, 0, 7.75%, 0, 0, 4, 16784.65, 5390006, 377
305, 5, 64, 241, 181, 0, 7.75%, 0, 0, 4, 18681.71, 5489831, 377
310, 5, 120, 241, 179, 0, 7.75%, 0, 0, 4, 16137.17, 5572058, 377
315, 5, 120, 241, 179, 0, 7.75%, 0, 0, 4, 17913.90, 5662658, 377
320, 6, 108, 249, 187, 0, 7.75%, 0, 0, 4, 18108.95, 5756121, 377
325, 6, 120, 249, 186, 0, 7.75%, 0, 0, 4, 20182.75, 5862270, 377
331, 6, 208, 249, 186, 0, 7.75%, 0, 0, 4, 16773.93, 5946217, 377
336, 6, 65, 249, 185, 0, 7.75%, 0, 0, 4, 21299.90, 6059839, 377
341, 6, 96, 249, 184, 0, 7.75%, 0, 0, 4, 22380.87, 6169548, 377
346, 6, 91, 249, 183, 0, 7.75%, 0, 0, 4, 18865.48, 6268031, 377
351, 6, 96, 249, 183, 0, 7.75%, 0, 0, 4, 20549.19, 6366344, 377
356, 6, 91, 249, 183, 0, 7.75%, 0, 0, 4, 18081.18, 6454937, 377
361, 6, 77, 249, 183, 0, 7.75%, 0, 0, 4, 19663.31, 6555527, 377
366, 6, 96, 249, 182, 0, 7.75%, 0, 0, 4, 22146.86, 6669517, 377
371, 6, 96, 249, 182, 0, 7.75%, 0, 0, 4, 21129.70, 6770987, 377
376, 6, 91, 249, 182, 0, 7.75%, 0, 0, 4, 20714.63, 6869808, 377
381, 6, 65, 249, 182, 0, 7.75%, 0, 0, 4, 20848.96, 6966697, 377
386, 7, 96, 251, 184, 0, 7.75%, 0, 0, 4, 23765.80, 7089554, 377
391, 7, 63, 251, 184, 0, 7.75%, 0, 0, 4, 22240.97, 7190098, 377
396, 7, 105, 251, 184, 0, 7.75%, 0, 0, 4, 22570.79, 7300304, 377
401, 7, 91, 251, 184, 0, 7.75%, 0, 0, 4, 20354.22, 7392517, 377
406, 7, 96, 251, 184, 0, 7.75%, 0, 0, 4, 20925.33, 7497797, 377
412, 7, 96, 251, 184, 0, 7.75%, 0, 0, 4, 19329.50, 7591097, 377
417, 7, 120, 251, 184, 0, 7.75%, 0, 0, 4, 18141.99, 7678598, 377
422, 7, 91, 251, 184, 0, 7.75%, 0, 0, 4, 21904.22, 7788536, 377
427, 7, 66, 251, 184, 0, 7.75%, 0, 0, 4, 18940.59, 7888880, 377
432, 7, 96, 251, 184, 0, 7.75%, 0, 0, 4, 20280.70, 7988735, 377
437, 7, 120, 251, 184, 0, 7.75%, 0, 0, 4, 21817.58, 8095974, 377
442, 7, 91, 251, 183, 0, 7.75%, 0, 0, 4, 20481.45, 8195502, 377
447, 8, 96, 251, 183, 0, 7.75%, 0, 0, 4, 20462.51, 8293844, 377
452, 8, 66, 251, 182, 0, 7.75%, 0, 0, 4, 20065.48, 8391440, 377
457, 8, 105, 251, 182, 0, 7.75%, 0, 0, 4, 21643.58, 8494238, 377
462, 8, 63, 251, 182, 0, 7.75%, 0, 0, 4, 20564.41, 8596551, 377
467, 8, 120, 251, 182, 0, 7.75%, 0, 0, 4, 20817.50, 8703363, 377
472, 8, 96, 251, 182, 0, 7.75%, 0, 0, 4, 19810.77, 8799659, 377
478, 8, 91, 251, 181, 0, 7.75%, 0, 0, 4, 15545.91, 8877806, 377
483, 8, 108, 251, 181, 0, 7.75%, 0, 0, 4, 18180.08, 8968473, 377
488, 8, 64, 251, 181, 0, 7.75%, 0, 0, 4, 22438.25, 9086818, 377
493, 8, 96, 251, 181, 0, 7.75%, 0, 0, 4, 21275.76, 9193107, 377
498, 8, 65, 251, 179, 0, 7.75%, 0, 0, 4, 20818.63, 9293150, 377
503, 8, 63, 251, 179, 0, 7.75%, 0, 0, 4, 24348.28, 9417620, 377
508, 9, 96, 257, 185, 0, 7.75%, 0, 0, 4, 24743.43, 9542605, 377
513, 9, 96, 257, 184, 0, 7.75%, 0, 0, 4, 23695.26, 9668249, 377
519, 9, 63, 257, 184, 0, 7.75%, 0, 0, 4, 21723.55, 9782125, 377
524, 9, 120, 257, 182, 0, 7.75%, 0, 0, 4, 23588.70, 9890101, 377
529, 9, 96, 257, 180, 0, 7.75%, 0, 0, 4, 22493.53, 10001549, 377
534, 9, 96, 257, 179, 0, 7.75%, 0, 0, 4, 22176.13, 10115876, 377
539, 9, 77, 257, 178, 0, 7.75%, 0, 0, 4, 19895.61, 10225797, 377
544, 9, 108, 257, 177, 0, 7.75%, 0, 0, 4, 20841.39, 10336662, 377
549, 9, 64, 257, 177, 0, 7.75%, 0, 0, 4, 21823.09, 10454842, 377
555, 9, 63, 257, 177, 0, 7.75%, 0, 0, 4, 24335.08, 10584839, 377
560, 10, 64, 267, 186, 0, 7.75%, 0, 0, 4, 21622.76, 10691255, 377
565, 10, 105, 267, 185, 0, 7.75%, 0, 0, 4, 21820.50, 10799292, 377
570, 10, 96, 267, 185, 0, 7.75%, 0, 0, 4, 23618.18, 10927404, 377
575, 10, 96, 267, 185, 0, 7.75%, 0, 0, 4, 23877.06, 11071339, 377
580, 10, 91, 267, 185, 0, 7.75%, 0, 0, 4, 21014.46, 11177431, 377
585, 10, 96, 267, 185, 0, 7.75%, 0, 0, 4, 22084.01, 11288086, 377
590, 10, 108, 267, 185, 0, 7.75%, 0, 0, 4, 20983.23, 11395657, 377
595, 10, 121, 267, 185, 0, 7.75%, 0, 0, 4, 22748.93, 11513742, 377
600, 10, 64, 267, 185, 0, 7.75%, 0, 0, 4, 21339.99, 11613228, 377
605, 10, 259, 267, 185, 0, 7.75%, 0, 0, 4, 22712.65, 11733968, 377
611, 10, 96, 267, 184, 0, 7.75%, 0, 0, 4, 22651.02, 11843080, 377
616, 10, 64, 267, 184, 0, 7.75%, 0, 0, 4, 20475.04, 11950341, 377
621, 11, 91, 268, 185, 0, 7.75%, 0, 0, 4, 21815.09, 12058269, 377
626, 11, 91, 268, 185, 0, 7.75%, 0, 0, 4, 24493.55, 12185367, 377
631, 11, 91, 268, 185, 0, 7.75%, 0, 0, 4, 20050.93, 12283855, 377
636, 11, 91, 268, 185, 0, 7.75%, 0, 0, 4, 18972.01, 12373225, 377
641, 11, 108, 268, 184, 0, 7.75%, 0, 0, 4, 16195.88, 12450466, 377
646, 11, 96, 268, 184, 0, 7.75%, 0, 0, 4, 19370.83, 12549866, 377
651, 11, 96, 268, 184, 0, 7.75%, 0, 0, 4, 22615.13, 12666258, 377
656, 11, 65, 268, 184, 0, 7.75%, 0, 0, 4, 22592.61, 12779950, 377
662, 11, 64, 268, 184, 0, 7.75%, 0, 0, 4, 24007.11, 12903613, 377
667, 11, 68, 268, 184, 0, 7.75%, 0, 0, 4, 22802.39, 13022850, 377
672, 11, 215, 268, 184, 0, 7.75%, 0, 0, 4, 21700.73, 13134472, 377
677, 11, 79, 268, 183, 0, 7.75%, 0, 0, 4, 26071.01, 13268000, 377
682, 12, 105, 268, 183, 0, 7.75%, 0, 0, 4, 23557.62, 13378188, 377
687, 12, 79, 268, 182, 0, 7.75%, 0, 0, 4, 23758.71, 13508587, 377
692, 12, 120, 268, 182, 0, 7.75%, 0, 0, 4, 25875.02, 13637362, 377
697, 12, 96, 268, 182, 0, 7.75%, 0, 0, 4, 23357.65, 13757381, 377
702, 12, 64, 268, 181, 0, 7.75%, 0, 0, 4, 27747.98, 13890074, 377
708, 12, 96, 268, 181, 0, 7.75%, 0, 0, 4, 23929.55, 14010121, 377
713, 12, 66, 268, 181, 0, 7.75%, 0, 0, 4, 23398.12, 14131126, 377
718, 12, 96, 268, 180, 0, 7.75%, 0, 0, 4, 22881.44, 14245834, 377
723, 12, 91, 268, 179, 0, 7.75%, 0, 0, 4, 24300.45, 14376391, 377
728, 12, 66, 268, 178, 0, 7.75%, 0, 0, 4, 22398.65, 14485573, 377
733, 12, 91, 268, 176, 0, 7.75%, 0, 0, 4, 27215.07, 14634606, 377
738, 13, 66, 268, 175, 0, 7.75%, 0, 0, 4, 22692.89, 14744841, 377
743, 13, 64, 268, 175, 0, 7.75%, 0, 0, 4, 22828.50, 14863931, 377
749, 13, 96, 268, 175, 0, 7.75%, 0, 0, 4, 22263.11, 14985473, 377
754, 13, 91, 268, 175, 0, 7.75%, 0, 0, 4, 23857.65, 15111284, 377
759, 13, 108, 268, 174, 0, 7.75%, 0, 0, 4, 21005.17, 15213459, 377
764, 13, 91, 268, 173, 0, 7.75%, 0, 0, 4, 24981.96, 15338708, 377
769, 13, 91, 268, 173, 0, 7.75%, 0, 0, 4, 24477.36, 15464135, 377
774, 13, 79, 268, 173, 0, 7.75%, 0, 0, 4, 22477.71, 15575981, 377
779, 13, 105, 268, 173, 0, 7.75%, 0, 0, 4, 21217.96, 15689592, 377
785, 13, 91, 268, 172, 0, 7.75%, 0, 0, 4, 22907.88, 15812746, 377
790, 13, 63, 268, 172, 0, 7.75%, 0, 0, 4, 21703.38, 15922916, 377
795, 13, 96, 268, 172, 0, 7.75%, 0, 0, 4, 23922.14, 16046142, 377
800, 14, 96, 268, 172, 0, 7.75%, 0, 0, 4, 22870.59, 16157996, 377
805, 14, 96, 268, 171, 0, 7.75%, 0, 0, 4, 22604.93, 16272806, 377
810, 14, 63, 268, 171, 0, 7.75%, 0, 0, 4, 21035.15, 16381197, 377
815, 14, 91, 268, 171, 0, 7.75%, 0, 0, 4, 23766.95, 16503863, 377
820, 14, 96, 268, 170, 0, 7.75%, 0, 0, 4, 22681.75, 16622072, 377
825, 14, 91, 268, 170, 0, 7.75%, 0, 0, 4, 25404.96, 16757066, 377
830, 14, 63, 268, 170, 0, 7.75%, 0, 0, 4, 23410.04, 16872592, 377
835, 14, 96, 268, 170, 0, 7.75%, 0, 0, 4, 19038.96, 16962404, 377
841, 14, 11, 268, 170, 0, 7.75%, 0, 0, 4, 21678.36, 17077494, 377
846, 14, 96, 268, 170, 0, 7.75%, 0, 0, 4, 23370.15, 17205765, 377
851, 14, 91, 268, 169, 0, 7.75%, 0, 0, 4, 26223.48, 17331218, 377
856, 14, 96, 268, 168, 0, 7.75%, 0, 0, 4, 23949.13, 17447086, 377
861, 15, 96, 270, 170, 0, 7.75%, 0, 0, 4, 22092.01, 17554692, 377
866, 15, 66, 270, 169, 0, 7.75%, 0, 0, 4, 26619.53, 17683255, 377
871, 15, 67, 270, 168, 0, 7.75%, 0, 0, 4, 23141.37, 17788454, 377
876, 15, 96, 270, 168, 0, 7.75%, 0, 0, 4, 23676.35, 17914160, 377
881, 15, 77, 270, 168, 0, 7.75%, 0, 0, 4, 21746.55, 18024451, 377
886, 15, 46, 270, 168, 0, 7.75%, 0, 0, 4, 22985.46, 18144337, 377
891, 15, 63, 270, 167, 0, 7.75%, 0, 0, 4, 24233.38, 18267512, 377
897, 15, 64, 270, 167, 0, 7.75%, 0, 0, 4, 23858.28, 18385244, 377
902, 15, 66, 270, 166, 0, 7.75%, 0, 0, 4, 21809.82, 18486498, 377
907, 15, 96, 270, 164, 0, 7.75%, 0, 0, 4, 23619.65, 18607367, 377
912, 15, 66, 270, 164, 0, 7.75%, 0, 0, 4, 23035.30, 18719200, 377
917, 16, 67, 270, 164, 0, 7.75%, 0, 0, 4, 25443.12, 18851931, 377
922, 16, 105, 270, 164, 0, 7.75%, 0, 0, 4, 22939.21, 18969132, 377
927, 16, 96, 270, 164, 0, 7.75%, 0, 0, 4, 22952.90, 19090427, 377
932, 16, 120, 270, 164, 0, 7.75%, 0, 0, 4, 21239.30, 19199953, 377
938, 16, 96, 270, 164, 0, 7.75%, 0, 0, 4, 25788.14, 19345127, 377
943, 16, 64, 270, 163, 0, 7.75%, 0, 0, 4, 22081.15, 19452360, 377
948, 16, 105, 270, 163, 0, 7.75%, 0, 0, 4, 21697.47, 19563936, 377
953, 16, 120, 270, 163, 0, 7.75%, 0, 0, 4, 20895.49, 19676410, 377
958, 16, 65, 270, 163, 0, 7.75%, 0, 0, 4, 21175.21, 19791850, 377
963, 16, 63, 270, 163, 0, 7.75%, 0, 0, 4, 22724.97, 19908702, 377
969, 16, 105, 270, 163, 0, 7.75%, 0, 0, 4, 21848.74, 20022790, 377
974, 17, 96, 270, 163, 0, 7.75%, 0, 0, 4, 25171.01, 20152858, 377
979, 17, 96, 270, 163, 0, 7.75%, 0, 0, 4, 22271.23, 20276654, 377
984, 17, 91, 270, 163, 0, 7.75%, 0, 0, 4, 24032.60, 20401492, 377
989, 17, 226, 270, 163, 0, 7.75%, 0, 0, 4, 21714.28, 20511847, 377
994, 17, 91, 270, 161, 0, 7.75%, 0, 0, 4, 21747.87, 20616950, 377
999, 17, 96, 270, 161, 0, 7.75%, 0, 0, 4, 21868.57, 20734166, 377
1004, 17, 91, 270, 161, 0, 7.75%, 0, 0, 4, 23205.33, 20852761, 377
1009, 17, 96, 270, 160, 0, 7.75%, 0, 0, 4, 20744.48, 20959050, 377
1014, 17, 105, 270, 159, 0, 7.75%, 0, 0, 4, 18312.88, 21058905, 377
1019, 17, 96, 270, 159, 0, 7.75%, 0, 0, 4, 20859.82, 21173934, 377
1025, 17, 77, 270, 159, 0, 7.75%, 0, 0, 4, 23740.79, 21297203, 377
1030, 17, 96, 270, 158, 0, 7.75%, 0, 0, 4, 20681.05, 21405048, 377
1035, 18, 66, 270, 158, 0, 7.75%, 0, 0, 4, 22546.96, 21522809, 377
1040, 18, 90, 270, 158, 0, 7.75%, 0, 0, 4, 23034.72, 21646782, 377
1045, 18, 96, 270, 157, 0, 7.75%, 0, 0, 4, 23397.55, 21759455, 377
1050, 18, 96, 270, 157, 0, 7.75%, 0, 0, 4, 25223.76, 21886273, 377
1055, 18, 96, 270, 157, 0, 7.75%, 0, 0, 4, 25420.72, 22016837, 377
1060, 18, 96, 270, 157, 0, 7.75%, 0, 0, 4, 17626.91, 22093546, 377
1066, 18, 96, 270, 156, 0, 7.75%, 0, 0, 4, 24361.09, 22219663, 377
1071, 18, 96, 270, 155, 0, 7.75%, 0, 0, 4, 23838.11, 22337808, 377
1076, 18, 91, 270, 155, 0, 7.75%, 0, 0, 4, 24054.89, 22457282, 377
1081, 18, 222, 270, 155, 0, 7.75%, 0, 0, 4, 22836.33, 22573052, 377
1086, 18, 91, 270, 154, 0, 7.75%, 0, 0, 4, 24341.29, 22701484, 377
1091, 19, 96, 270, 153, 0, 7.75%, 0, 0, 4, 26912.55, 22839103, 377
1096, 19, 96, 270, 152, 0, 7.75%, 0, 0, 4, 26185.89, 22978425, 377
1101, 19, 67, 270, 152, 0, 7.75%, 0, 0, 4, 25503.92, 23108308, 377
1106, 19, 64, 270, 152, 0, 7.75%, 0, 0, 4, 25273.09, 23241095, 377
1112, 19, 120, 270, 151, 0, 7.75%, 0, 0, 4, 24791.81, 23360532, 377
1117, 19, 96, 270, 151, 0, 7.75%, 0, 0, 4, 25019.28, 23484385, 377
1122, 19, 120, 270, 151, 0, 7.75%, 0, 0, 4, 27044.82, 23622459, 377
1127, 19, 91, 270, 151, 0, 7.75%, 0, 0, 4, 26886.90, 23757340, 377
1132, 19, 105, 270, 151, 0, 7.75%, 0, 0, 4, 25310.20, 23882645, 377
1137, 19, 64, 270, 150, 0, 7.75%, 0, 0, 4, 26264.66, 24014800, 377
1142, 19, 105, 270, 150, 0, 7.75%, 0, 0, 4, 25227.79, 24139535, 377
1147, 20, 96, 270, 150, 0, 7.75%, 0, 0, 4, 26990.67, 24274387, 377
1152, 20, 96, 270, 150, 0, 7.75%, 0, 0, 4, 28082.01, 24410558, 377
1157, 20, 91, 270, 150, 0, 7.75%, 0, 0, 4, 27266.24, 24542831, 377
1162, 20, 64, 270, 150, 0, 7.75%, 0, 0, 4, 26485.09, 24667963, 377
1167, 20, 91, 270, 150, 0, 7.75%, 0, 0, 4, 25693.78, 24798628, 377
1172, 20, 96, 270, 150, 0, 7.75%, 0, 0, 4, 25866.70, 24929293, 377
1178, 20, 63, 270, 150, 0, 7.75%, 0, 0, 4, 27603.18, 25069154, 377
1183, 20, 11, 270, 150, 0, 7.75%, 0, 0, 4, 26487.75, 25201560, 377
1188, 20, 96, 270, 150, 0, 7.75%, 0, 0, 4, 26967.52, 25340653, 377
1193, 20, 96, 270, 149, 0, 7.75%, 0, 0, 4, 22696.82, 25453712, 377
1198, 20, 70, 270, 148, 0, 7.75%, 0, 0, 4, 23537.36, 25577252, 377
1203, 21, 63, 270, 148, 0, 7.75%, 0, 0, 4, 24365.11, 25700920, 377
1209, 21, 64, 270, 148, 0, 7.75%, 0, 0, 4, 23566.87, 25828579, 377
1214, 21, 96, 270, 148, 0, 7.75%, 0, 0, 4, 26979.59, 25968836, 377
1219, 21, 96, 270, 148, 0, 7.75%, 0, 0, 4, 23279.02, 26090501, 377
1224, 21, 64, 270, 148, 0, 7.75%, 0, 0, 4, 26880.77, 26233059, 377
1229, 21, 105, 270, 148, 0, 7.75%, 0, 0, 4, 21606.11, 26336682, 377
1234, 21, 77, 270, 147, 0, 7.75%, 0, 0, 4, 24791.61, 26457286, 377
1239, 21, 96, 270, 147, 0, 7.75%, 0, 0, 4, 24491.24, 26587735, 377
1245, 21, 64, 270, 147, 0, 7.75%, 0, 0, 4, 26513.08, 26728789, 377
1250, 21, 96, 270, 147, 0, 7.75%, 0, 0, 4, 25666.02, 26860865, 377
1255, 22, 91, 271, 148, 0, 7.75%, 0, 0, 4, 25478.16, 26996110, 377
1260, 22, 96, 271, 148, 0, 7.75%, 0, 0, 4, 25783.72, 27126061, 377
1265, 22, 96, 271, 148, 0, 7.75%, 0, 0, 4, 25980.18, 27259632, 377
1270, 22, 96, 271, 148, 0, 7.75%, 0, 0, 4, 23118.88, 27380778, 377
1276, 22, 64, 271, 147, 0, 7.75%, 0, 0, 4, 25394.62, 27512171, 377
1281, 22, 45, 271, 147, 0, 7.75%, 0, 0, 4, 25675.07, 27646908, 377
1286, 22, 105, 271, 147, 0, 7.75%, 0, 0, 4, 27219.43, 27787798, 377
1291, 22, 96, 271, 147, 0, 7.75%, 0, 0, 4, 25525.36, 27918550, 377
1296, 22, 121, 271, 147, 0, 7.75%, 0, 0, 4, 25803.23, 28046712, 377
1301, 22, 96, 271, 146, 0, 7.75%, 0, 0, 4, 24238.05, 28169881, 377
1306, 22, 96, 271, 146, 0, 7.75%, 0, 0, 4, 24226.94, 28293479, 377
1311, 23, 91, 271, 145, 0, 7.75%, 0, 0, 4, 27050.82, 28434651, 377
1317, 23, 91, 271, 144, 0, 7.75%, 0, 0, 4, 25825.78, 28567640, 377
1322, 23, 198, 271, 143, 0, 7.75%, 0, 0, 4, 23704.41, 28696059, 377
1327, 23, 96, 271, 142, 0, 7.75%, 0, 0, 4, 25465.48, 28824397, 377
1332, 23, 96, 271, 142, 0, 7.75%, 0, 0, 4, 27200.79, 28961341, 377
1337, 23, 91, 271, 142, 0, 7.75%, 0, 0, 4, 27760.16, 29101612, 377
1342, 23, 79, 271, 142, 0, 7.75%, 0, 0, 4, 25774.84, 29220351, 377
1347, 23, 91, 271, 142, 0, 7.75%, 0, 0, 4, 27032.79, 29359678, 377
1352, 23, 63, 271, 142, 0, 7.75%, 0, 0, 4, 25668.56, 29480145, 377
1357, 23, 64, 271, 142, 0, 7.75%, 0, 0, 4, 25292.35, 29607159, 377
1362, 24, 77, 271, 140, 0, 7.75%, 0, 0, 4, 25548.49, 29723945, 377
1368, 24, 63, 271, 140, 0, 7.75%, 0, 0, 4, 27877.93, 29867825, 377
1373, 24, 96, 271, 140, 0, 7.75%, 0, 0, 4, 25910.65, 29992717, 377
1378, 24, 91, 271, 140, 0, 7.75%, 0, 0, 4, 25704.57, 30124886, 377
1383, 24, 91, 271, 140, 0, 7.75%, 0, 0, 4, 25242.18, 30251230, 377
1388, 24, 66, 271, 140, 0, 7.75%, 0, 0, 4, 25776.86, 30391984, 377
1393, 24, 70, 271, 140, 0, 7.75%, 0, 0, 4, 27472.86, 30526507, 377
1398, 24, 96, 271, 138, 0, 7.75%, 0, 0, 4, 25176.60, 30656939, 377
1404, 24, 105, 271, 138, 0, 7.75%, 0, 0, 4, 24898.84, 30781834, 377
1409, 24, 96, 271, 138, 0, 7.75%, 0, 0, 4, 18836.43, 30874231, 377
1414, 24, 64, 271, 138, 0, 7.75%, 0, 0, 4, 18443.50, 30962049, 377
1419, 25, 96, 271, 138, 0, 7.75%, 0, 0, 4, 23583.66, 31083437, 377
1424, 25, 96, 271, 138, 0, 7.75%, 0, 0, 4, 25181.39, 31211976, 377
1429, 25, 120, 271, 138, 0, 7.75%, 0, 0, 4, 24538.27, 31340599, 377
1434, 25, 66, 271, 137, 0, 7.75%, 0, 0, 4, 20874.74, 31448467, 377
1439, 25, 79, 271, 137, 0, 7.75%, 0, 0, 4, 21932.29, 31566441, 377
1444, 25, 96, 271, 136, 0, 7.75%, 0, 0, 4, 24094.07, 31689668, 377
1450, 25, 96, 271, 135, 0, 7.75%, 0, 0, 4, 22269.13, 31809288, 377
1455, 25, 96, 271, 134, 0, 7.75%, 0, 0, 4, 25060.41, 31946799, 377
1460, 25, 96, 271, 134, 0, 7.75%, 0, 0, 4, 24816.99, 32078210, 377
1465, 25, 96, 271, 134, 0, 7.75%, 0, 0, 4, 27151.85, 32216645, 377
1470, 25, 45, 271, 134, 0, 7.75%, 0, 0, 4, 24882.03, 32339210, 377
1475, 26, 96, 271, 133, 0, 7.75%, 0, 0, 4, 24906.25, 32464348, 377
1480, 26, 96, 271, 133, 0, 7.75%, 0, 0, 4, 23896.66, 32583129, 377
1485, 26, 79, 271, 133, 0, 7.75%, 0, 0, 4, 25530.47, 32714544, 377
1490, 26, 96, 271, 133, 0, 7.75%, 0, 0, 4, 21468.96, 32824079, 377
1495, 26, 45, 271, 131, 0, 7.75%, 0, 0, 4, 21656.24, 32934299, 377
1501, 26, 91, 271, 131, 0, 7.75%, 0, 0, 4, 22649.16, 33052284, 377
1506, 26, 45, 271, 131, 0, 7.75%, 0, 0, 4, 26207.14, 33192012, 377
1511, 26, 70, 271, 131, 0, 7.75%, 0, 0, 4, 23941.75, 33312995, 377
1516, 26, 96, 271, 131, 0, 7.75%, 0, 0, 4, 25467.72, 33447205, 377
1521, 26, 91, 271, 131, 0, 7.75%, 0, 0, 4, 24956.84, 33573290, 377
1526, 27, 96, 271, 130, 0, 7.75%, 0, 0, 4, 25638.10, 33708235, 377
1531, 27, 91, 271, 129, 0, 7.75%, 0, 0, 4, 24638.01, 33836287, 377
1536, 27, 96, 271, 128, 0, 7.75%, 0, 0, 4, 27962.73, 33973527, 377
1542, 27, 96, 271, 128, 0, 7.75%, 0, 0, 4, 26908.24, 34112407, 377
1547, 27, 91, 271, 127, 0, 7.75%, 0, 0, 4, 25381.97, 34246048, 377
1552, 27, 91, 271, 127, 0, 7.75%, 0, 0, 4, 25960.45, 34369111, 377
1557, 27, 96, 271, 127, 0, 7.75%, 0, 0, 4, 24549.77, 34485484, 377
1562, 27, 64, 271, 127, 0, 7.75%, 0, 0, 4, 23635.21, 34605102, 377
1567, 27, 91, 271, 127, 0, 7.75%, 0, 0, 4, 24132.15, 34731296, 377
1572, 27, 91, 271, 127, 0, 7.75%, 0, 0, 4, 24787.50, 34859998, 377
1577, 27, 45, 271, 127, 0, 7.75%, 0, 0, 4, 25628.61, 34998751, 377
1582, 28, 96, 271, 127, 0, 7.75%, 0, 0, 4, 26466.81, 35131582, 377
1588, 28, 91, 271, 127, 0, 7.75%, 0, 0, 4, 24113.53, 35254564, 377
1593, 28, 96, 271, 127, 0, 7.75%, 0, 0, 4, 23954.48, 35372430, 377
1598, 28, 96, 271, 127, 0, 7.75%, 0, 0, 4, 24555.53, 35502270, 377
1603, 28, 96, 271, 127, 0, 7.75%, 0, 0, 4, 26491.69, 35639260, 377
1608, 28, 45, 271, 127, 0, 7.75%, 0, 0, 4, 26352.85, 35777252, 377
1613, 28, 66, 271, 127, 0, 7.75%, 0, 0, 4, 23956.47, 35896304, 377
1619, 28, 45, 271, 127, 0, 7.75%, 0, 0, 4, 24443.69, 36022771, 377
1624, 28, 96, 271, 127, 0, 7.75%, 0, 0, 4, 27410.65, 36166898, 377
1629, 28, 96, 271, 127, 0, 7.75%, 0, 0, 4, 28345.53, 36310344, 377
1634, 29, 96, 271, 126, 0, 7.75%, 0, 0, 4, 26330.00, 36443663, 377
1639, 29, 63, 271, 126, 0, 7.75%, 0, 0, 4, 24496.85, 36564248, 377
1644, 29, 70, 271, 126, 0, 7.75%, 0, 0, 4, 25608.40, 36703477, 377
1649, 29, 91, 271, 126, 0, 7.75%, 0, 0, 4, 24621.15, 36836163, 377
1655, 29, 96, 271, 126, 0, 7.75%, 0, 0, 4, 25726.38, 36971599, 377
1660, 29, 91, 271, 125, 0, 7.75%, 0, 0, 4, 24981.07, 37107418, 377
1665, 29, 96, 271, 124, 0, 7.75%, 0, 0, 4, 22974.92, 37226961, 377
1670, 29, 91, 271, 124, 0, 7.75%, 0, 0, 4, 19631.37, 37316160, 377
1675, 29, 79, 271, 124, 0, 7.75%, 0, 0, 4, 22899.15, 37431521, 377
1680, 29, 96, 271, 124, 0, 7.75%, 0, 0, 4, 23440.98, 37547601, 377
1685, 29, 96, 271, 123, 0, 7.75%, 0, 0, 4, 22774.48, 37660813, 377
1690, 30, 108, 271, 123, 0, 7.75%, 0, 0, 4, 21479.96, 37770136, 377
1695, 30, 91, 271, 123, 0, 7.75%, 0, 0, 4, 17940.12, 37861694, 377
1701, 30, 53, 271, 123, 0, 7.75%, 0, 0, 4, 21672.90, 37969757, 377
1706, 30, 45, 271, 123, 0, 7.75%, 0, 0, 4, 23413.90, 38090573, 377
1711, 30, 96, 271, 123, 0, 7.75%, 0, 0, 4, 21698.42, 38191331, 377
1716, 30, 120, 271, 123, 0, 7.75%, 0, 0, 4, 21404.19, 38293052, 377
1721, 30, 64, 271, 123, 0, 7.75%, 0, 0, 4, 19207.24, 38379412, 377
1726, 30, 96, 271, 123, 0, 7.75%, 0, 0, 4, 23778.25, 38505318, 377
1731, 30, 91, 271, 123, 0, 7.75%, 0, 0, 4, 18189.52, 38592031, 377
1736, 30, 96, 271, 123, 0, 7.75%, 0, 0, 4, 19069.99, 38682169, 377
1741, 30, 91, 271, 123, 0, 7.75%, 0, 0, 4, 24359.71, 38803626, 377
1747, 30, 105, 271, 123, 0, 7.75%, 0, 0, 4, 22669.19, 38927157, 377
1752, 30, 96, 271, 123, 0, 7.75%, 0, 0, 4, 25016.07, 39049584, 377
1757, 31, 67, 271, 123, 0, 7.75%, 0, 0, 4, 25176.96, 39177840, 377
1762, 31, 91, 271, 121, 0, 7.75%, 0, 0, 4, 25322.28, 39307906, 377
1767, 31, 96, 271, 121, 0, 7.75%, 0, 0, 4, 27050.56, 39441992, 377
1772, 31, 64, 271, 120, 0, 7.75%, 0, 0, 4, 23734.97, 39557704, 377
1777, 31, 120, 271, 119, 0, 7.75%, 0, 0, 4, 25711.05, 39691649, 377
1782, 31, 79, 271, 119, 0, 7.75%, 0, 0, 4, 26670.14, 39822686, 377
1787, 31, 96, 271, 119, 0, 7.75%, 0, 0, 4, 26271.71, 39952891, 377
1793, 31, 63, 271, 119, 0, 7.75%, 0, 0, 4, 23552.64, 40072501, 377
1798, 31, 45, 271, 118, 0, 7.75%, 0, 0, 4, 23409.62, 40192754, 377
1803, 31, 66, 271, 118, 0, 7.75%, 0, 0, 4, 25975.05, 40321365, 377
1808, 32, 64, 271, 118, 0, 7.75%, 0, 0, 4, 24163.44, 40447121, 377
1813, 32, 91, 271, 118, 0, 7.75%, 0, 0, 4, 23218.97, 40557097, 377
1818, 32, 96, 271, 117, 0, 7.75%, 0, 0, 4, 20601.54, 40661646, 377
1823, 32, 64, 271, 116, 0, 7.75%, 0, 0, 4, 18819.44, 40754561, 377
1828, 32, 96, 271, 116, 0, 7.75%, 0, 0, 4, 21468.76, 40867170, 377
1833, 32, 96, 271, 116, 0, 7.75%, 0, 0, 4, 26108.27, 41007676, 377
1838, 32, 64, 271, 116, 0, 7.75%, 0, 0, 4, 23352.50, 41124464, 377
1844, 32, 64, 271, 116, 0, 7.75%, 0, 0, 4, 25652.33, 41258817, 377
1849, 32, 96, 271, 116, 0, 7.75%, 0, 0, 4, 27016.73, 41398702, 377
1854, 32, 64, 271, 116, 0, 7.75%, 0, 0, 4, 24814.10, 41524349, 377
1859, 32, 96, 271, 116, 0, 7.75%, 0, 0, 4, 26454.71, 41657886, 377
1864, 33, 91, 271, 116, 0, 7.75%, 0, 0, 4, 25677.41, 41784925, 377
1869, 33, 105, 271, 116, 0, 7.75%, 0, 0, 4, 24475.63, 41918883, 377
1874, 33, 96, 271, 116, 0, 7.75%, 0, 0, 4, 25483.80, 42053244, 377
1879, 33, 91, 271, 116, 0, 7.75%, 0, 0, 4, 23282.07, 42179288, 377
1884, 33, 70, 271, 116, 0, 7.75%, 0, 0, 4, 25380.74, 42316066, 377
1889, 33, 96, 271, 116, 0, 7.75%, 0, 0, 4, 23274.99, 42438504, 377
1895, 33, 63, 271, 115, 0, 7.75%, 0, 0, 4, 24880.02, 42563770, 377
1900, 33, 64, 271, 115, 0, 7.75%, 0, 0, 4, 22798.83, 42676825, 377
1905, 33, 45, 271, 115, 0, 7.75%, 0, 0, 4, 20823.20, 42787279, 377
1910, 33, 91, 271, 115, 0, 7.75%, 0, 0, 4, 24954.66, 42925376, 377
1915, 34, 91, 271, 115, 0, 7.75%, 0, 0, 4, 24114.29, 43046028, 377
1920, 34, 63, 271, 114, 0, 7.75%, 0, 0, 4, 23893.35, 43164906, 377
1925, 34, 96, 271, 114, 0, 7.75%, 0, 0, 4, 26510.48, 43301024, 377
1930, 34, 91, 271, 114, 0, 7.75%, 0, 0, 4, 23720.20, 43420337, 377
1935, 34, 96, 271, 114, 0, 7.75%, 0, 0, 4, 25179.24, 43557530, 377
1941, 34, 63, 271, 114, 0, 7.75%, 0, 0, 4, 25533.87, 43689376, 377
1946, 34, 64, 271, 114, 0, 7.75%, 0, 0, 4, 26541.70, 43826783, 377
1951, 34, 105, 271, 114, 0, 7.75%, 0, 0, 4, 24832.08, 43953067, 377
1956, 34, 96, 271, 114, 0, 7.75%, 0, 0, 4, 27667.08, 44097240, 377
1961, 34, 64, 271, 113, 0, 7.75%, 0, 0, 4, 21887.85, 44200441, 377
1966, 34, 120, 271, 113, 0, 7.75%, 0, 0, 4, 26774.50, 44339078, 377
1971, 35, 91, 271, 112, 0, 7.75%, 0, 0, 4, 24883.05, 44462365, 377
1976, 35, 96, 271, 112, 0, 7.75%, 0, 0, 4, 23045.92, 44577511, 377
1981, 35, 64, 271, 112, 0, 7.75%, 0, 0, 4, 23294.19, 44701029, 377
1987, 35, 96, 271, 112, 0, 7.75%, 0, 0, 4, 24721.16, 44834277, 377
1992, 35, 96, 271, 112, 0, 7.75%, 0, 0, 4, 28266.14, 44984249, 377
1997, 35, 96, 271, 112, 0, 7.75%, 0, 0, 4, 26069.83, 45115135, 377
2002, 35, 96, 271, 112, 0, 7.75%, 0, 0, 4, 25425.19, 45248122, 377
2007, 35, 91, 271, 112, 0, 7.75%, 0, 0, 4, 26848.28, 45385341, 377
2012, 35, 96, 271, 112, 0, 7.75%, 0, 0, 4, 25929.37, 45513125, 377
2018, 35, 67, 271, 111, 0, 7.75%, 0, 0, 4, 25411.96, 45647696, 377
2023, 36, 66, 271, 110, 0, 7.75%, 0, 0, 4, 26344.56, 45785663, 377
2028, 36, 108, 271, 109, 0, 7.75%, 0, 0, 4, 26338.67, 45922050, 377
2033, 36, 64, 271, 109, 0, 7.75%, 0, 0, 4, 24013.68, 46047196, 377
2038, 36, 96, 271, 108, 0, 7.75%, 0, 0, 4, 24829.10, 46170444, 377
2043, 36, 96, 271, 108, 0, 7.75%, 0, 0, 4, 23563.71, 46285614, 377
2048, 36, 96, 271, 108, 0, 7.75%, 0, 0, 4, 25437.31, 46427276, 377
2054, 36, 96, 271, 108, 0, 7.75%, 0, 0, 4, 26509.91, 46564062, 377
2059, 36, 108, 271, 108, 0, 7.75%, 0, 0, 4, 23914.20, 46682327, 377
2064, 36, 79, 271, 108, 0, 7.75%, 0, 0, 4, 26208.93, 46822236, 377
2069, 36, 96, 271, 108, 0, 7.75%, 0, 0, 4, 24661.44, 46950311, 377
2074, 37, 91, 271, 108, 0, 7.75%, 0, 0, 4, 23395.59, 47064155, 377
2079, 37, 96, 271, 107, 0, 7.75%, 0, 0, 4, 23869.36, 47186101, 377
2084, 37, 96, 271, 107, 0, 7.75%, 0, 0, 4, 26730.61, 47330127, 377
2089, 37, 96, 271, 107, 0, 7.75%, 0, 0, 4, 24519.60, 47449927, 377
2094, 37, 96, 271, 107, 0, 7.75%, 0, 0, 4, 19076.80, 47543907, 377
2099, 37, 96, 271, 107, 0, 7.75%, 0, 0, 4, 21116.69, 47656798, 377
2104, 37, 63, 271, 107, 0, 7.75%, 0, 0, 4, 25285.08, 47794384, 377
2110, 37, 96, 271, 106, 0, 7.75%, 0, 0, 4, 21972.47, 47900800, 377
2115, 37, 96, 271, 106, 0, 7.75%, 0, 0, 4, 24584.10, 48030728, 377
2120, 37, 91, 271, 106, 0, 7.75%, 0, 0, 4, 17608.60, 48116290, 377
2125, 37, 64, 271, 106, 0, 7.75%, 0, 0, 4, 20214.62, 48225692, 377
2130, 38, 64, 271, 106, 0, 7.75%, 0, 0, 4, 18822.18, 48317053, 377
2135, 38, 65, 271, 106, 0, 7.75%, 0, 0, 4, 23232.17, 48443158, 377
2140, 38, 91, 271, 106, 0, 7.75%, 0, 0, 4, 20751.78, 48545457, 377
2145, 38, 67, 271, 106, 0, 7.75%, 0, 0, 4, 19990.61, 48645879, 377
2150, 38, 96, 271, 106, 0, 7.75%, 0, 0, 4, 18116.48, 48738151, 377
2155, 38, 91, 271, 106, 0, 7.75%, 0, 0, 4, 15966.98, 48823547, 377
2160, 38, 105, 271, 105, 0, 7.75%, 0, 0, 4, 16880.09, 48907645, 377
2165, 38, 96, 271, 105, 0, 7.75%, 0, 0, 4, 21433.35, 49021616, 377
2171, 38, 67, 271, 105, 0, 7.75%, 0, 0, 4, 25169.33, 49162637, 377
2176, 38, 66, 271, 105, 0, 7.75%, 0, 0, 4, 26259.48, 49291637, 377
2181, 38, 96, 271, 105, 0, 7.75%, 0, 0, 4, 24468.68, 49413415, 377
2186, 38, 96, 271, 104, 0, 7.75%, 0, 0, 4, 26213.03, 49540087, 377
2191, 38, 79, 271, 104, 0, 7.75%, 0, 0, 4, 24557.22, 49661411, 377
2196, 39, 63, 271, 104, 0, 7.75%, 0, 0, 4, 24492.31, 49778476, 377
2201, 39, 44, 271, 104, 0, 7.75%, 0, 0, 4, 23669.81, 49897431, 377
2206, 39, 96, 271, 104, 0, 7.75%, 0, 0, 4, 25509.69, 50035011, 377
2211, 39, 230, 271, 102, 0, 7.75%, 0, 0, 4, 23092.88, 50147976, 377
2216, 39, 96, 271, 101, 0, 7.75%, 0, 0, 4, 23184.08, 50264272, 377
2221, 39, 96, 271, 101, 0, 7.75%, 0, 0, 4, 24293.52, 50385310, 377
2226, 39, 96, 271, 100, 0, 7.75%, 0, 0, 4, 26101.02, 50513879, 377
2231, 39, 96, 271, 100, 0, 7.75%, 0, 0, 4, 23605.46, 50632791, 377
2236, 39, 65, 271, 100, 0, 7.75%, 0, 0, 4, 25754.49, 50762929, 377
2241, 39, 91, 271, 100, 0, 7.75%, 0, 0, 4, 23025.20, 50876704, 377
2247, 40, 96, 271, 100, 0, 7.75%, 0, 0, 4, 25909.24, 51017086, 377
2252, 40, 53, 271, 100, 0, 7.75%, 0, 0, 4, 23775.04, 51134327, 377
2257, 40, 105, 271, 99, 0, 7.75%, 0, 0, 4, 25156.70, 51264515, 377
2262, 40, 252, 271, 99, 0, 7.75%, 0, 0, 4, 23777.73, 51390944, 377
2267, 40, 96, 271, 98, 0, 7.75%, 0, 0, 4, 17264.00, 51482742, 377
2272, 40, 96, 271, 97, 0, 7.75%, 0, 0, 4, 19545.76, 51591193, 377
2277, 40, 96, 271, 97, 0, 7.75%, 0, 0, 4, 23963.87, 51719930, 377
2282, 40, 67, 271, 96, 0, 7.75%, 0, 0, 4, 23258.62, 51830367, 377
2288, 40, 91, 271, 96, 0, 7.75%, 0, 0, 4, 25433.21, 51967340, 377
2293, 40, 11, 271, 96, 0, 7.75%, 0, 0, 4, 25123.52, 52091594, 377
2298, 40, 96, 271, 96, 0, 7.75%, 0, 0, 4, 27575.54, 52237642, 377
2303, 41, 96, 271, 96, 0, 7.75%, 0, 0, 4, 22054.69, 52342200, 377
2308, 41, 105, 271, 96, 0, 7.75%, 0, 0, 4, 24032.47, 52469407, 377
2313, 41, 64, 271, 96, 0, 7.75%, 0, 0, 4, 24607.51, 52601122, 377
2318, 41, 96, 271, 96, 0, 7.75%, 0, 0, 4, 24383.39, 52724872, 377
2323, 41, 64, 271, 96, 0, 7.75%, 0, 0, 4, 26136.34, 52858317, 377
2328, 41, 96, 271, 96, 0, 7.75%, 0, 0, 4, 25990.07, 52993100, 377
2334, 41, 120, 271, 95, 0, 7.75%, 0, 0, 4, 20523.12, 53091347, 377
2339, 41, 91, 271, 95, 0, 7.75%, 0, 0, 4, 22074.70, 53210137, 377
2344, 41, 91, 271, 95, 0, 7.75%, 0, 0, 4, 24351.43, 53334564, 377
2349, 41, 96, 271, 95, 0, 7.75%, 0, 0, 4, 24977.27, 53456377, 377
2354, 41, 96, 271, 95, 0, 7.75%, 0, 0, 4, 25499.56, 53587375, 377
2359, 42, 79, 271, 95, 0, 7.75%, 0, 0, 4, 22743.25, 53709712, 377
2364, 42, 96, 271, 95, 0, 7.75%, 0, 0, 4, 25050.83, 53843137, 377
2369, 42, 96, 271, 95, 0, 7.75%, 0, 0, 4, 23326.02, 53960735, 377
2374, 42, 96, 271, 95, 0, 7.75%, 0, 0, 4, 24491.20, 54085748, 377
2380, 42, 96, 271, 94, 0, 7.75%, 0, 0, 4, 23959.17, 54213050, 377
2385, 42, 105, 271, 93, 0, 7.75%, 0, 0, 4, 22011.72, 54322173, 377
2390, 42, 79, 271, 93, 0, 7.75%, 0, 0, 4, 22502.35, 54436751, 377
2395, 42, 120, 271, 93, 0, 7.75%, 0, 0, 4, 22621.62, 54552648, 377
2400, 42, 96, 271, 93, 0, 7.75%, 0, 0, 4, 22992.15, 54675436, 377
2405, 42, 96, 271, 93, 0, 7.75%, 0, 0, 4, 25503.57, 54818157, 377
2410, 42, 91, 271, 93, 0, 7.75%, 0, 0, 4, 20774.43, 54914018, 377
2415, 43, 64, 271, 93, 0, 7.75%, 0, 0, 4, 22867.34, 55032313, 377
2420, 43, 96, 271, 92, 0, 7.75%, 0, 0, 4, 23075.96, 55155021, 377
2426, 43, 96, 271, 92, 0, 7.75%, 0, 0, 4, 24606.70, 55280824, 377
2431, 43, 77, 271, 92, 0, 7.75%, 0, 0, 4, 25868.81, 55409873, 377
2436, 43, 96, 271, 92, 0, 7.75%, 0, 0, 4, 23639.97, 55533239, 377
2441, 43, 91, 271, 92, 0, 7.75%, 0, 0, 4, 24649.38, 55653043, 377
2446, 43, 96, 271, 92, 0, 7.75%, 0, 0, 4, 24625.35, 55772103, 377
2451, 43, 96, 271, 92, 0, 7.75%, 0, 0, 4, 25062.12, 55900028, 377
2456, 43, 96, 271, 92, 0, 7.75%, 0, 0, 4, 23063.58, 56010199, 377
2461, 43, 96, 271, 92, 0, 7.75%, 0, 0, 4, 25802.00, 56137988, 377
2467, 44, 91, 271, 92, 0, 7.75%, 0, 0, 4, 26677.66, 56270000, 377
2472, 44, 96, 271, 92, 0, 7.75%, 0, 0, 4, 26220.75, 56388383, 377
2477, 44, 91, 271, 92, 0, 7.75%, 0, 0, 4, 27993.14, 56532152, 377
2482, 44, 105, 271, 91, 0, 7.75%, 0, 0, 4, 23005.99, 56643114, 377
2487, 44, 91, 271, 91, 0, 7.75%, 0, 0, 4, 22670.64, 56753715, 377
2492, 44, 96, 271, 91, 0, 7.75%, 0, 0, 4, 23925.51, 56879847, 377
2497, 44, 96, 271, 91, 0, 7.75%, 0, 0, 4, 27673.42, 57021873, 377
2502, 44, 96, 271, 91, 0, 7.75%, 0, 0, 4, 25930.20, 57148902, 377
2508, 44, 64, 271, 90, 0, 7.75%, 0, 0, 4, 26384.21, 57284960, 377
2513, 44, 64, 271, 89, 0, 7.75%, 0, 0, 4, 22257.37, 57395459, 377
2518, 44, 96, 271, 89, 0, 7.75%, 0, 0, 4, 25500.90, 57525540, 377
2523, 45, 96, 271, 89, 0, 7.75%, 0, 0, 4, 24131.00, 57643910, 377
2528, 45, 240, 271, 89, 0, 7.75%, 0, 0, 4, 20448.80, 57756690, 377
2533, 45, 108, 271, 87, 0, 7.75%, 0, 0, 4, 22916.92, 57871118, 377
2538, 45, 68, 271, 87, 0, 7.75%, 0, 0, 4, 22284.62, 57991731, 377
2543, 45, 91, 271, 87, 0, 7.75%, 0, 0, 4, 24472.31, 58111140, 377
2549, 45, 64, 271, 87, 0, 7.75%, 0, 0, 4, 25249.46, 58245681, 377
2554, 45, 91, 271, 87, 0, 7.75%, 0, 0, 4, 23946.02, 58369729, 377
2559, 45, 105, 271, 86, 0, 7.75%, 0, 0, 4, 21741.01, 58486881, 377
2564, 45, 96, 271, 86, 0, 7.75%, 0, 0, 4, 22630.90, 58605660, 377
2569, 45, 96, 271, 86, 0, 7.75%, 0, 0, 4, 18375.98, 58701440, 377
2574, 45, 70, 271, 86, 0, 7.75%, 0, 0, 4, 21708.88, 58822614, 377
2580, 46, 96, 273, 88, 0, 7.75%, 0, 0, 4, 21746.98, 58939528, 377
2585, 46, 79, 273, 88, 0, 7.75%, 0, 0, 4, 22802.47, 59067515, 377
2590, 46, 66, 273, 88, 0, 7.75%, 0, 0, 4, 18155.96, 59148965, 377
2595, 46, 91, 273, 87, 0, 7.75%, 0, 0, 4, 19773.94, 59256700, 377
2600, 46, 64, 273, 87, 0, 7.75%, 0, 0, 4, 24378.72, 59392314, 377
2605, 46, 11, 273, 86, 0, 7.75%, 0, 0, 4, 24987.63, 59516177, 377
2610, 46, 96, 273, 86, 0, 7.75%, 0, 0, 4, 21718.66, 59622592, 377
2615, 46, 91, 273, 86, 0, 7.75%, 0, 0, 4, 25654.47, 59762755, 377
2620, 46, 91, 273, 86, 0, 7.75%, 0, 0, 4, 25298.27, 59889679, 377
2626, 46, 91, 273, 86, 0, 7.75%, 0, 0, 4, 25966.28, 60022147, 377
2631, 46, 96, 273, 86, 0, 7.75%, 0, 0, 4, 22264.08, 60132283, 377
2636, 47, 96, 273, 86, 0, 7.75%, 0, 0, 4, 22304.29, 60243400, 377
2641, 47, 96, 273, 86, 0, 7.75%, 0, 0, 4, 25620.93, 60378796, 377
2646, 47, 64, 273, 86, 0, 7.75%, 0, 0, 4, 25116.07, 60510506, 377
2651, 47, 105, 273, 86, 0, 7.75%, 0, 0, 4, 24145.52, 60624316, 377
2656, 47, 96, 273, 86, 0, 7.75%, 0, 0, 4, 25849.14, 60756815, 377
2661, 47, 63, 273, 85, 0, 7.75%, 0, 0, 4, 25459.23, 60874934, 377
2666, 47, 96, 273, 85, 0, 7.75%, 0, 0, 4, 26539.21, 61007555, 377
2671, 47, 96, 273, 85, 0, 7.75%, 0, 0, 4, 22459.18, 61113366, 377
2677, 47, 91, 273, 85, 0, 7.75%, 0, 0, 4, 26609.56, 61258389, 377
2682, 47, 65, 273, 85, 0, 7.75%, 0, 0, 4, 26660.13, 61396083, 377
2687, 48, 91, 273, 85, 0, 7.75%, 0, 0, 4, 25661.38, 61528627, 377
2692, 48, 65, 273, 84, 0, 7.75%, 0, 0, 4, 23389.50, 61638752, 377
2697, 48, 91, 273, 84, 0, 7.75%, 0, 0, 4, 25959.99, 61767553, 377
2702, 48, 91, 273, 84, 0, 7.75%, 0, 0, 4, 22120.20, 61874990, 377
2707, 48, 91, 273, 84, 0, 7.75%, 0, 0, 4, 23788.38, 61988726, 377
2712, 48, 44, 273, 84, 0, 7.75%, 0, 0, 4, 21074.79, 62088025, 377
2717, 48, 96, 273, 84, 0, 7.75%, 0, 0, 4, 24409.15, 62210693, 377
2722, 48, 91, 273, 84, 0, 7.75%, 0, 0, 4, 24078.86, 62332890, 377
2727, 48, 105, 273, 83, 0, 7.75%, 0, 0, 4, 23400.66, 62450768, 377
2732, 48, 96, 273, 82, 0, 7.75%, 0, 0, 4, 22289.58, 62551863, 377
2738, 48, 96, 273, 82, 0, 7.75%, 0, 0, 4, 26107.76, 62689786, 377
2743, 48, 91, 273, 82, 0, 7.75%, 0, 0, 4, 23979.57, 62802751, 377
2748, 49, 91, 273, 82, 0, 7.75%, 0, 0, 4, 25967.68, 62939925, 377
2753, 49, 96, 273, 82, 0, 7.75%, 0, 0, 4, 19890.09, 63035923, 377
2758, 49, 91, 273, 82, 0, 7.75%, 0, 0, 4, 26273.56, 63173585, 377
2763, 49, 70, 273, 82, 0, 7.75%, 0, 0, 4, 25856.18, 63298719, 377
2768, 49, 105, 273, 82, 0, 7.75%, 0, 0, 4, 22871.51, 63420179, 377
2773, 49, 96, 273, 82, 0, 7.75%, 0, 0, 4, 23237.69, 63537189, 377
2778, 49, 96, 273, 82, 0, 7.75%, 0, 0, 4, 23879.31, 63663489, 377
2783, 49, 96, 273, 82, 0, 7.75%, 0, 0, 4, 24910.47, 63789941, 377
2789, 49, 63, 273, 81, 0, 7.75%, 0, 0, 4, 26344.81, 63931261, 377
2794, 49, 11, 273, 81, 0, 7.75%, 0, 0, 4, 25382.65, 64056437, 377
2799, 49, 269, 273, 81, 0, 7.75%, 0, 0, 4, 6372.51, 64106834, 377
2804, 50, 91, 273, 80, 0, 7.75%, 0, 0, 4, 28306.01, 64239459, 377
2809, 50, 96, 273, 79, 0, 7.75%, 0, 0, 4, 26825.12, 64376122, 377
2814, 50, 64, 273, 78, 0, 7.75%, 0, 0, 4, 24042.43, 64490132, 377
2819, 50, 96, 273, 78, 0, 7.75%, 0, 0, 4, 23044.14, 64614013, 377
2825, 50, 115, 273, 78, 0, 7.75%, 0, 0, 4, 24492.46, 64745755, 377
2830, 50, 96, 273, 77, 0, 7.75%, 0, 0, 4, 23141.29, 64869422, 377
2835, 50, 64, 273, 77, 0, 7.75%, 0, 0, 4, 25881.02, 65007589, 377
2840, 50, 105, 273, 77, 0, 7.75%, 0, 0, 4, 24792.04, 65140446, 377
2845, 50, 96, 273, 77, 0, 7.75%, 0, 0, 4, 23716.98, 65261341, 377
2850, 50, 11, 273, 77, 0, 7.75%, 0, 0, 4, 22918.36, 65379271, 377
2856, 51, 96, 273, 76, 0, 7.75%, 0, 0, 4, 26204.25, 65515225, 377
2861, 51, 96, 273, 76, 0, 7.75%, 0, 0, 4, 24611.23, 65640639, 377
2866, 51, 64, 273, 76, 0, 7.75%, 0, 0, 4, 24554.74, 65775550, 377
2871, 51, 96, 273, 76, 0, 7.75%, 0, 0, 4, 24037.11, 65900708, 377
2876, 51, 96, 273, 74, 0, 7.75%, 0, 0, 4, 22700.67, 66018539, 377
2881, 51, 77, 273, 74, 0, 7.75%, 0, 0, 4, 22873.62, 66134713, 377
2886, 51, 11, 273, 74, 0, 7.75%, 0, 0, 4, 24152.55, 66257450, 377
2891, 51, 91, 273, 74, 0, 7.75%, 0, 0, 4, 24469.29, 66379523, 377
2897, 51, 96, 273, 74, 0, 7.75%, 0, 0, 4, 24322.09, 66504061, 377
2902, 51, 91, 273, 74, 0, 7.75%, 0, 0, 4, 22498.02, 66611722, 377
2907, 51, 63, 273, 72, 0, 7.75%, 0, 0, 4, 26024.14, 66746267, 377
2912, 52, 96, 273, 72, 0, 7.75%, 0, 0, 4, 25388.06, 66873687, 377
2917, 52, 64, 273, 72, 0, 7.75%, 0, 0, 4, 26140.28, 67006407, 377
2922, 52, 96, 273, 72, 0, 7.75%, 0, 0, 4, 25538.41, 67132583, 377
2927, 52, 96, 273, 72, 0, 7.75%, 0, 0, 4, 27640.68, 67269373, 377
2933, 52, 91, 273, 72, 0, 7.75%, 0, 0, 4, 24820.56, 67398228, 377
2938, 52, 91, 273, 72, 0, 7.75%, 0, 0, 4, 22381.51, 67503232, 377
2943, 52, 105, 273, 72, 0, 7.75%, 0, 0, 4, 24280.55, 67625049, 377
2948, 52, 163, 273, 72, 0, 7.75%, 0, 0, 4, 25580.55, 67762174, 377
2953, 52, 91, 273, 71, 0, 7.75%, 0, 0, 4, 27361.43, 67895921, 377
2958, 52, 61, 273, 71, 0, 7.75%, 0, 0, 4, 27327.33, 68042989, 377
2963, 53, 67, 273, 71, 0, 7.75%, 0, 0, 4, 24666.64, 68170812, 377
2969, 53, 96, 273, 71, 0, 7.75%, 0, 0, 4, 26113.25, 68303238, 377
2974, 53, 91, 273, 71, 0, 7.75%, 0, 0, 4, 25456.21, 68432605, 377
2979, 53, 96, 273, 71, 0, 7.75%, 0, 0, 4, 25778.97, 68568713, 377
2984, 53, 77, 273, 70, 0, 7.75%, 0, 0, 4, 24957.57, 68693917, 377
2989, 53, 64, 273, 70, 0, 7.75%, 0, 0, 4, 26219.24, 68833778, 377
2994, 53, 96, 273, 70, 0, 7.75%, 0, 0, 4, 21918.50, 68942828, 377
2999, 53, 64, 273, 70, 0, 7.75%, 0, 0, 4, 21709.86, 69061361, 377
3004, 53, 96, 273, 70, 0, 7.75%, 0, 0, 4, 25129.38, 69184136, 377
3009, 53, 102, 273, 70, 0, 7.75%, 0, 0, 4, 23727.46, 69305698, 377
3015, 54, 91, 273, 70, 0, 7.75%, 0, 0, 4, 27699.70, 69449981, 377
3020, 54, 91, 273, 70, 0, 7.75%, 0, 0, 4, 23672.08, 69570648, 377
3025, 54, 67, 273, 70, 0, 7.75%, 0, 0, 4, 24917.80, 69705015, 377
3030, 54, 96, 273, 70, 0, 7.75%, 0, 0, 4, 23287.19, 69830507, 377
3035, 54, 66, 273, 70, 0, 7.75%, 0, 0, 4, 25730.05, 69964495, 377
3040, 54, 63, 273, 70, 0, 7.75%, 0, 0, 4, 23802.21, 70088515, 377
3045, 54, 96, 273, 70, 0, 7.75%, 0, 0, 4, 26276.12, 70227050, 377
3050, 54, 96, 273, 70, 0, 7.75%, 0, 0, 4, 24128.45, 70346025, 377
3055, 54, 96, 273, 70, 0, 7.75%, 0, 0, 4, 22848.52, 70460396, 377
3060, 54, 96, 273, 70, 0, 7.75%, 0, 0, 4, 23339.17, 70575063, 377
3066, 54, 96, 273, 70, 0, 7.75%, 0, 0, 4, 25109.11, 70705847, 377
3071, 55, 64, 273, 70, 0, 7.75%, 0, 0, 4, 24942.12, 70837976, 377
3076, 55, 96, 273, 70, 0, 7.75%, 0, 0, 4, 25632.68, 70976306, 377
3081, 55, 77, 273, 70, 0, 7.75%, 0, 0, 4, 26132.51, 71106286, 377
3086, 55, 45, 273, 69, 0, 7.75%, 0, 0, 4, 22724.33, 71221677, 377
3091, 55, 64, 273, 69, 0, 7.75%, 0, 0, 4, 24347.56, 71338084, 377
3096, 55, 120, 273, 69, 0, 7.75%, 0, 0, 4, 24810.73, 71468583, 377
3102, 55, 96, 273, 69, 0, 7.75%, 0, 0, 4, 24148.76, 71590372, 377
3107, 55, 105, 273, 69, 0, 7.75%, 0, 0, 4, 21844.85, 71707887, 377
3112, 55, 96, 273, 69, 0, 7.75%, 0, 0, 4, 22408.26, 71826335, 377
3117, 55, 105, 273, 68, 0, 7.75%, 0, 0, 4, 26426.11, 71957840, 377
3122, 56, 96, 273, 68, 0, 7.75%, 0, 0, 4, 25680.55, 72079628, 377
3127, 56, 105, 273, 68, 0, 7.75%, 0, 0, 4, 23689.53, 72199304, 377
3132, 56, 120, 273, 68, 0, 7.75%, 0, 0, 4, 25505.75, 72326670, 377
3137, 56, 66, 273, 68, 0, 7.75%, 0, 0, 4, 26029.73, 72458772, 377
3142, 56, 91, 273, 68, 0, 7.75%, 0, 0, 4, 27499.33, 72595460, 377
3147, 56, 96, 273, 68, 0, 7.75%, 0, 0, 4, 25241.28, 72727385, 377
3153, 56, 105, 273, 68, 0, 7.75%, 0, 0, 4, 23526.64, 72841024, 377
3158, 56, 96, 273, 67, 0, 7.75%, 0, 0, 4, 24295.40, 72965397, 377
3163, 56, 91, 273, 67, 0, 7.75%, 0, 0, 4, 23433.40, 73083988, 377
3168, 56, 91, 273, 67, 0, 7.75%, 0, 0, 4, 23496.81, 73208250, 377
3173, 56, 96, 273, 67, 0, 7.75%, 0, 0, 4, 21319.18, 73314263, 377
3178, 56, 91, 273, 67, 0, 7.75%, 0, 0, 4, 20306.25, 73414876, 377
3183, 57, 61, 273, 67, 0, 7.75%, 0, 0, 4, 17592.58, 73499835, 377
3188, 57, 105, 273, 67, 0, 7.75%, 0, 0, 4, 23026.36, 73620557, 377
3193, 57, 65, 273, 67, 0, 7.75%, 0, 0, 4, 22123.07, 73732148, 377
3198, 57, 91, 273, 67, 0, 7.75%, 0, 0, 4, 23600.74, 73853736, 377
3203, 57, 96, 273, 67, 0, 7.75%, 0, 0, 4, 21896.92, 73955479, 377
3209, 57, 63, 273, 67, 0, 7.75%, 0, 0, 4, 22337.02, 74070392, 377
3214, 57, 63, 273, 67, 0, 7.75%, 0, 0, 4, 21143.14, 74177285, 377
3219, 57, 96, 273, 67, 0, 7.75%, 0, 0, 4, 21849.83, 74295475, 377
3224, 57, 11, 273, 67, 0, 7.75%, 0, 0, 4, 21474.41, 74402142, 377
3229, 57, 64, 273, 67, 0, 7.75%, 0, 0, 4, 21651.86, 74519225, 377
3234, 57, 61, 273, 67, 0, 7.75%, 0, 0, 4, 18939.43, 74614210, 377
3239, 58, 96, 273, 67, 0, 7.75%, 0, 0, 4, 21916.13, 74730741, 377
3244, 58, 91, 273, 67, 0, 7.75%, 0, 0, 4, 23120.55, 74848350, 377
3249, 58, 120, 273, 67, 0, 7.75%, 0, 0, 4, 22258.92, 74964364, 377
3254, 58, 120, 273, 66, 0, 7.75%, 0, 0, 4, 23226.47, 75080749, 377
3259, 58, 91, 273, 66, 0, 7.75%, 0, 0, 4, 21346.40, 75186987, 377
3264, 58, 63, 273, 66, 0, 7.75%, 0, 0, 4, 23475.31, 75307136, 377
3270, 58, 91, 273, 66, 0, 7.75%, 0, 0, 4, 23008.25, 75428556, 377
3275, 58, 96, 273, 66, 0, 7.75%, 0, 0, 4, 23094.35, 75551580, 377
3280, 58, 91, 273, 66, 0, 7.75%, 0, 0, 4, 21518.85, 75664178, 377
3285, 58, 147, 273, 66, 0, 7.75%, 0, 0, 4, 20551.88, 75771402, 377
3290, 58, 91, 273, 65, 0, 7.75%, 0, 0, 4, 21666.53, 75889656, 377
3295, 59, 105, 273, 65, 0, 7.75%, 0, 0, 4, 22356.12, 76008742, 377
3300, 59, 63, 273, 65, 0, 7.75%, 0, 0, 4, 22542.14, 76117165, 377
3305, 59, 91, 273, 65, 0, 7.75%, 0, 0, 4, 22812.27, 76232043, 377
3311, 59, 64, 273, 65, 0, 7.75%, 0, 0, 4, 24815.40, 76359200, 377
3316, 59, 64, 273, 65, 0, 7.75%, 0, 0, 4, 25731.72, 76490759, 377
3321, 59, 96, 273, 65, 0, 7.75%, 0, 0, 4, 22327.94, 76603374, 377
3326, 59, 96, 273, 65, 0, 7.75%, 0, 0, 4, 23774.77, 76732709, 377
3331, 59, 96, 273, 64, 0, 7.75%, 0, 0, 4, 24141.01, 76849362, 377
3336, 59, 96, 273, 64, 0, 7.75%, 0, 0, 4, 23735.23, 76964817, 377
3341, 59, 96, 273, 64, 0, 7.75%, 0, 0, 4, 20908.53, 77064803, 377
3346, 59, 117, 273, 64, 0, 7.75%, 0, 0, 4, 22500.49, 77185883, 377
3351, 59, 64, 273, 64, 0, 7.75%, 0, 0, 4, 20942.32, 77286816, 377
3357, 60, 120, 273, 63, 0, 7.75%, 0, 0, 4, 23393.07, 77409488, 377
3362, 60, 63, 273, 62, 0, 7.75%, 0, 0, 4, 22581.99, 77521041, 377
3367, 60, 96, 273, 62, 0, 7.75%, 0, 0, 4, 26010.91, 77655100, 377
3372, 60, 96, 273, 62, 0, 7.75%, 0, 0, 4, 25690.21, 77783169, 377
3377, 60, 96, 273, 62, 0, 7.75%, 0, 0, 4, 23144.45, 77900986, 377
3382, 60, 68, 273, 61, 0, 7.75%, 0, 0, 4, 21547.42, 78001692, 377
3387, 60, 96, 273, 61, 0, 7.75%, 0, 0, 4, 21850.36, 78110886, 377
3392, 60, 96, 273, 61, 0, 7.75%, 0, 0, 4, 22538.44, 78218104, 377
3397, 60, 91, 273, 61, 0, 7.75%, 0, 0, 4, 25534.68, 78348578, 377
3402, 60, 91, 273, 61, 0, 7.75%, 0, 0, 4, 23232.31, 78463762, 377
3407, 61, 96, 273, 61, 0, 7.75%, 0, 0, 4, 21650.93, 78572637, 377
3412, 61, 96, 273, 61, 0, 7.75%, 0, 0, 4, 24178.40, 78690560, 377
3417, 61, 64, 273, 61, 0, 7.75%, 0, 0, 4, 22073.86, 78795251, 377
3423, 61, 105, 273, 61, 0, 7.75%, 0, 0, 4, 22669.15, 78907799, 377
3428, 61, 91, 273, 61, 0, 7.75%, 0, 0, 4, 24165.12, 79029884, 377
3433, 61, 96, 273, 61, 0, 7.75%, 0, 0, 4, 26715.14, 79162366, 377
3438, 61, 68, 273, 60, 0, 7.75%, 0, 0, 4, 28684.90, 79301159, 377
3443, 61, 120, 273, 60, 0, 7.75%, 0, 0, 4, 24214.26, 79418242, 377
3448, 61, 96, 273, 59, 0, 7.75%, 0, 0, 4, 24819.87, 79534924, 377
3453, 61, 67, 273, 59, 0, 7.75%, 0, 0, 4, 22573.65, 79644078, 377
3458, 61, 91, 273, 59, 0, 7.75%, 0, 0, 4, 24114.30, 79766946, 377
3463, 62, 64, 273, 59, 0, 7.75%, 0, 0, 4, 23862.88, 79885300, 377
3468, 62, 91, 273, 59, 0, 7.75%, 0, 0, 4, 25765.39, 80013913, 377
3473, 62, 45, 273, 59, 0, 7.75%, 0, 0, 4, 23377.81, 80129971, 377
3478, 62, 96, 273, 59, 0, 7.75%, 0, 0, 4, 22223.63, 80239805, 377
3483, 62, 120, 273, 59, 0, 7.75%, 0, 0, 4, 21955.37, 80351766, 377
3488, 62, 67, 273, 59, 0, 7.75%, 0, 0, 4, 23805.00, 80479834, 377
3493, 62, 105, 273, 59, 0, 7.75%, 0, 0, 4, 22202.71, 80589600, 377
3498, 62, 96, 273, 59, 0, 7.75%, 0, 0, 4, 25402.64, 80727587, 377
3504, 62, 120, 273, 59, 0, 7.75%, 0, 0, 4, 24762.75, 80849315, 377
3509, 62, 96, 273, 59, 0, 7.75%, 0, 0, 4, 25279.09, 80974326, 377
3514, 62, 45, 273, 59, 0, 7.75%, 0, 0, 4, 24277.79, 81098756, 377
3519, 63, 77, 273, 59, 0, 7.75%, 0, 0, 4, 24506.04, 81215860, 377
3524, 63, 96, 273, 59, 0, 7.75%, 0, 0, 4, 24103.24, 81334657, 377
3529, 63, 91, 273, 59, 0, 7.75%, 0, 0, 4, 19699.24, 81430719, 377
3534, 63, 63, 273, 59, 0, 7.75%, 0, 0, 4, 18032.08, 81528450, 377
3539, 63, 105, 273, 59, 0, 7.75%, 0, 0, 4, 17895.73, 81619300, 377
3544, 63, 96, 273, 59, 0, 7.75%, 0, 0, 4, 20950.73, 81722592, 377
3549, 63, 96, 273, 59, 0, 7.75%, 0, 0, 4, 19673.90, 81818026, 377
3554, 63, 91, 273, 59, 0, 7.75%, 0, 0, 4, 25345.78, 81951412, 377
3560, 63, 108, 273, 59, 0, 7.75%, 0, 0, 4, 18728.03, 82042679, 377
3565, 63, 91, 273, 59, 0, 7.75%, 0, 0, 4, 15334.87, 82118262, 377
3570, 63, 64, 273, 59, 0, 7.75%, 0, 0, 4, 17500.91, 82219737, 377
3575, 63, 96, 273, 59, 0, 7.75%, 0, 0, 4, 10701.23, 82263481, 377
3580, 63, 91, 273, 59, 0, 7.75%, 0, 0, 4, 11596.93, 82324456, 377
3585, 63, 96, 273, 59, 0, 7.75%, 0, 0, 4, 12802.50, 82390868, 377
3590, 63, 66, 273, 59, 0, 7.75%, 0, 0, 4, 13325.16, 82461708, 377
3595, 64, 96, 273, 59, 0, 7.75%, 0, 0, 4, 12713.05, 82523496, 377
3598, 64, 96, 273, 59, 0, 7.75%, 0, 0, 4, 15338.73, 82567291, 377
