# relative_time, cycles_done, cur_item, corpus_count, pending_total, pending_favs, map_size, saved_crashes, saved_hangs, max_depth, execs_per_sec, total_execs, edges_found
60, 0, 56, 151, 117, 0, 7.75%, 0, 0, 5, 15055.16, 1102635, 377
65, 0, 84, 153, 118, 0, 7.75%, 0, 0, 5, 15348.54, 1178651, 377
70, 1, 90, 153, 117, 0, 7.75%, 0, 0, 5, 16585.57, 1271250, 377
75, 1, 111, 153, 113, 0, 7.75%, 0, 0, 5, 16322.91, 1353779, 377
81, 1, 84, 155, 114, 0, 7.75%, 0, 0, 5, 16709.87, 1437583, 377
86, 1, 86, 156, 113, 0, 7.75%, 0, 0, 5, 15920.22, 1516395, 377
91, 1, 86, 161, 118, 0, 7.75%, 0, 0, 5, 16560.48, 1603413, 377
96, 1, 69, 161, 117, 0, 7.75%, 0, 0, 5, 18288.97, 1693896, 377
101, 1, 57, 162, 114, 0, 7.75%, 0, 0, 5, 16094.85, 1773553, 377
106, 1, 92, 162, 112, 0, 7.75%, 0, 0, 5, 14531.70, 1844488, 377
111, 2, 21, 209, 159, 0, 7.75%, 0, 0, 5, 14183.60, 1917422, 377
116, 2, 84, 209, 157, 0, 7.75%, 0, 0, 5, 12439.49, 1978946, 377
121, 2, 13, 209, 157, 0, 7.75%, 0, 0, 5, 14367.10, 2052650, 377
126, 2, 90, 209, 157, 0, 7.75%, 0, 0, 5, 15330.07, 2131446, 377
131, 2, 14, 209, 157, 0, 7.75%, 0, 0, 5, 18054.38, 2225879, 377
136, 2, 69, 209, 156, 0, 7.75%, 0, 0, 5, 17679.77, 2316776, 377
141, 2, 13, 209, 156, 0, 7.75%, 0, 0, 5, 15906.58, 2397107, 377
146, 2, 56, 209, 154, 0, 7.75%, 0, 0, 5, 17239.31, 2485062, 377
151, 3, 196, 225, 166, 0, 7.75%, 0, 0, 5, 15934.87, 2563652, 377
157, 3, 56, 225, 162, 0, 7.75%, 0, 0, 5, 15511.77, 2637138, 377
162, 3, 116, 228, 163, 0, 7.75%, 0, 0, 5, 17788.79, 2731623, 377
167, 3, 84, 229, 162, 0, 7.75%, 0, 0, 5, 18625.10, 2835083, 377
172, 3, 84, 229, 162, 0, 7.75%, 0, 0, 5, 18292.40, 2930070, 377
177, 3, 40, 229, 159, 0, 7.75%, 0, 0, 5, 18871.46, 3031117, 377
182, 3, 84, 229, 158, 0, 7.75%, 0, 0, 5, 17092.31, 3116811, 377
187, 3, 113, 229, 157, 0, 7.75%, 0, 0, 5, 17311.68, 3206456, 377
193, 3, 92, 229, 155, 0, 7.75%, 0, 0, 5, 16263.20, 3292011, 377
198, 4, 84, 237, 161, 0, 7.75%, 0, 0, 5, 20552.03, 3396714, 377
203, 4, 92, 237, 161, 0, 7.75%, 0, 0, 5, 17746.01, 3490806, 377
208, 4, 29, 237, 160, 0, 7.75%, 0, 0, 5, 20586.85, 3603730, 377
213, 4, 39, 237, 158, 0, 7.75%, 0, 0, 5, 18094.87, 3693682, 377
218, 4, 69, 237, 155, 0, 7.75%, 0, 0, 5, 17876.78, 3781114, 377
223, 4, 69, 237, 155, 0, 7.75%, 0, 0, 5, 15686.01, 3857870, 377
228, 4, 93, 237, 152, 0, 7.75%, 0, 0, 5, 18017.96, 3959165, 377
233, 4, 40, 237, 151, 0, 7.75%, 0, 0, 5, 16628.47, 4042773, 377
239, 4, 84, 237, 151, 0, 7.75%, 0, 0, 5, 16830.05, 4127527, 377
244, 4, 84, 237, 150, 0, 7.75%, 0, 0, 5, 16186.68, 4214271, 377
249, 4, 13, 237, 150, 0, 7.75%, 0, 0, 5, 19848.76, 4314277, 377
254, 5, 90, 242, 155, 0, 7.75%, 0, 0, 5, 19979.82, 4415928, 377
259, 5, 60, 242, 155, 0, 7.75%, 0, 0, 5, 20332.03, 4516916, 377
264, 5, 15, 242, 154, 0, 7.75%, 0, 0, 5, 22003.36, 4626592, 377
269, 5, 47, 242, 152, 0, 7.75%, 0, 0, 5, 17279.23, 4713067, 377
274, 5, 84, 242, 149, 0, 7.75%, 0, 0, 5, 18852.92, 4807383, 377
279, 5, 116, 242, 149, 0, 7.75%, 0, 0, 5, 18977.28, 4902535, 377
284, 5, 36, 242, 148, 0, 7.75%, 0, 0, 5, 17109.69, 4983321, 377
289, 5, 84, 242, 147, 0, 7.75%, 0, 0, 5, 16842.35, 5069944, 377
295, 5, 92, 242, 147, 0, 7.75%, 0, 0, 5, 17639.48, 5160672, 377
300, 5, 84, 242, 146, 0, 7.75%, 0, 0, 5, 15530.10, 5237293, 377
305, 6, 116, 248, 149, 0, 7.75%, 0, 0, 5, 18173.25, 5331460, 377
310, 6, 56, 248, 149, 0, 7.75%, 0, 0, 5, 20199.20, 5437840, 377
315, 6, 90, 248, 148, 0, 7.75%, 0, 0, 5, 17631.27, 5520813, 377
320, 6, 56, 248, 148, 0, 7.75%, 0, 0, 5, 17836.43, 5614881, 377
325, 6, 35, 248, 147, 0, 7.75%, 0, 0, 5, 17114.71, 5701993, 377
331, 6, 55, 248, 145, 0, 7.75%, 0, 0, 5, 15643.76, 5784529, 377
336, 6, 56, 248, 145, 0, 7.75%, 0, 0, 5, 16883.69, 5871931, 377
341, 6, 55, 248, 141, 0, 7.75%, 0, 0, 5, 17710.15, 5963281, 377
346, 6, 40, 248, 141, 0, 7.75%, 0, 0, 5, 18977.79, 6059278, 377
351, 6, 40, 248, 140, 0, 7.75%, 0, 0, 5, 17507.92, 6147919, 377
356, 7, 29, 252, 143, 0, 7.75%, 0, 0, 5, 15492.20, 6229405, 377
361, 7, 68, 252, 142, 0, 7.75%, 0, 0, 5, 17016.14, 6317516, 377
366, 7, 69, 252, 141, 0, 7.75%, 0, 0, 5, 16252.91, 6403697, 377
371, 7, 63, 252, 138, 0, 7.75%, 0, 0, 5, 15545.93, 6476478, 377
376, 7, 55, 252, 136, 0, 7.75%, 0, 0, 5, 17578.17, 6570266, 377
381, 7, 24, 252, 136, 0, 7.75%, 0, 0, 5, 19474.87, 6670917, 377
387, 7, 116, 252, 135, 0, 7.75%, 0, 0, 5, 19183.76, 6763259, 377
392, 7, 55, 252, 135, 0, 7.75%, 0, 0, 5, 18375.61, 6857661, 377
397, 7, 14, 252, 134, 0, 7.75%, 0, 0, 5, 18405.35, 6949862, 377
402, 7, 90, 252, 133, 0, 7.75%, 0, 0, 5, 14498.33, 7021584, 377
407, 7, 55, 252, 133, 0, 7.75%, 0, 0, 5, 19315.79, 7124190, 377
412, 8, 24, 252, 133, 0, 7.75%, 0, 0, 5, 16486.69, 7206496, 377
417, 8, 69, 252, 132, 0, 7.75%, 0, 0, 5, 18575.21, 7307765, 377
422, 8, 84, 252, 129, 0, 7.75%, 0, 0, 5, 15198.56, 7380264, 377
427, 8, 55, 252, 129, 0, 7.75%, 0, 0, 5, 20268.21, 7487573, 377
432, 8, 84, 252, 129, 0, 7.75%, 0, 0, 5, 18594.02, 7577242, 377
437, 8, 24, 252, 128, 0, 7.75%, 0, 0, 5, 20314.66, 7679716, 377
442, 8, 90, 252, 126, 0, 7.75%, 0, 0, 5, 16891.79, 7769611, 377
448, 8, 55, 252, 126, 0, 7.75%, 0, 0, 5, 18634.97, 7872538, 377
453, 8, 84, 252, 125, 0, 7.75%, 0, 0, 5, 15591.82, 7947738, 377
458, 8, 36, 252, 123, 0, 7.75%, 0, 0, 5, 16253.31, 8029428, 377
463, 9, 69, 258, 129, 0, 7.75%, 0, 0, 5, 16458.58, 8115182, 377
468, 9, 69, 258, 128, 0, 7.75%, 0, 0, 5, 18165.04, 8210387, 377
473, 9, 55, 258, 128, 0, 7.75%, 0, 0, 5, 15723.29, 8294264, 377
478, 9, 9, 258, 127, 0, 7.75%, 0, 0, 5, 16187.84, 8376532, 377
484, 9, 21, 258, 127, 0, 7.75%, 0, 0, 5, 15060.93, 8443478, 377
489, 9, 241, 258, 127, 0, 7.75%, 0, 0, 5, 14028.35, 8520648, 377
494, 9, 56, 258, 125, 0, 7.75%, 0, 0, 5, 18614.49, 8621596, 377
499, 9, 90, 258, 124, 0, 7.75%, 0, 0, 5, 18559.87, 8716863, 377
504, 9, 55, 258, 123, 0, 7.75%, 0, 0, 5, 17739.59, 8800979, 377
509, 9, 92, 258, 123, 0, 7.75%, 0, 0, 5, 21698.94, 8918485, 377
514, 10, 29, 267, 132, 0, 7.75%, 0, 0, 5, 22640.53, 9035131, 377
519, 10, 69, 267, 132, 0, 7.75%, 0, 0, 5, 20701.97, 9140247, 377
524, 10, 84, 267, 131, 0, 7.75%, 0, 0, 5, 21705.13, 9244056, 377
529, 10, 113, 267, 131, 0, 7.75%, 0, 0, 5, 24413.19, 9376578, 377
534, 10, 68, 267, 130, 0, 7.75%, 0, 0, 5, 21209.70, 9479429, 377
539, 10, 9, 267, 130, 0, 7.75%, 0, 0, 5, 20331.19, 9577742, 377
544, 10, 60, 267, 129, 0, 7.75%, 0, 0, 5, 20265.84, 9678995, 377
549, 10, 40, 267, 129, 0, 7.75%, 0, 0, 5, 21151.31, 9781688, 377
554, 10, 36, 267, 128, 0, 7.75%, 0, 0, 5, 21498.64, 9883753, 377
559, 10, 39, 267, 126, 0, 7.75%, 0, 0, 5, 20654.78, 9992932, 377
564, 11, 84, 268, 126, 0, 7.75%, 0, 0, 5, 19921.70, 10087049, 377
570, 11, 14, 268, 125, 0, 7.75%, 0, 0, 5, 23302.24, 10210277, 377
575, 11, 69, 268, 124, 0, 7.75%, 0, 0, 5, 21909.43, 10318997, 377
580, 11, 251, 268, 122, 0, 7.75%, 0, 0, 5, 19389.84, 10417384, 377
585, 11, 90, 268, 121, 0, 7.75%, 0, 0, 5, 12225.19, 10478899, 377
590, 11, 56, 268, 121, 0, 7.75%, 0, 0, 5, 22138.80, 10602795, 377
595, 11, 34, 268, 120, 0, 7.75%, 0, 0, 5, 21735.00, 10716526, 377
600, 11, 9, 268, 119, 0, 7.75%, 0, 0, 5, 22348.84, 10827492, 377
605, 11, 105, 268, 119, 0, 7.75%, 0, 0, 5, 19298.70, 10917706, 377
610, 11, 105, 268, 118, 0, 7.75%, 0, 0, 5, 20387.60, 11024537, 377
616, 12, 84, 269, 119, 0, 7.75%, 0, 0, 5, 19777.52, 11127332, 377
621, 12, 56, 269, 117, 0, 7.75%, 0, 0, 5, 15350.96, 11207036, 377
626, 12, 49, 269, 116, 0, 7.75%, 0, 0, 5, 19203.94, 11309952, 377
631, 12, 90, 269, 116, 0, 7.75%, 0, 0, 5, 19310.65, 11411509, 377
636, 12, 69, 269, 116, 0, 7.75%, 0, 0, 5, 15717.37, 11487911, 377
641, 12, 9, 269, 116, 0, 7.75%, 0, 0, 5, 15933.32, 11571730, 377
646, 12, 9, 269, 115, 0, 7.75%, 0, 0, 5, 15332.85, 11650585, 377
652, 12, 29, 269, 115, 0, 7.75%, 0, 0, 5, 18021.81, 11752548, 377
657, 12, 105, 269, 113, 0, 7.75%, 0, 0, 5, 19682.80, 11850677, 377
662, 12, 90, 269, 113, 0, 7.75%, 0, 0, 5, 19228.65, 11948787, 377
667, 13, 113, 269, 112, 0, 7.75%, 0, 0, 5, 20021.19, 12047185, 377
672, 13, 92, 269, 112, 0, 7.75%, 0, 0, 5, 19759.22, 12149391, 377
677, 13, 90, 269, 111, 0, 7.75%, 0, 0, 5, 21332.63, 12264346, 377
682, 13, 24, 269, 109, 0, 7.75%, 0, 0, 5, 20960.66, 12375727, 377
687, 13, 24, 269, 108, 0, 7.75%, 0, 0, 5, 24228.60, 12497299, 377
692, 13, 95, 269, 108, 0, 7.75%, 0, 0, 5, 19083.71, 12585343, 377
698, 13, 69, 269, 107, 0, 7.75%, 0, 0, 5, 21870.35, 12699461, 377
703, 13, 69, 269, 107, 0, 7.75%, 0, 0, 5, 18198.36, 12786895, 377
708, 13, 56, 269, 106, 0, 7.75%, 0, 0, 5, 21792.58, 12898338, 377
713, 14, 55, 269, 106, 0, 7.75%, 0, 0, 5, 19829.66, 12993686, 377
718, 14, 29, 269, 104, 0, 7.75%, 0, 0, 5, 19169.68, 13090190, 377
723, 14, 116, 269, 103, 0, 7.75%, 0, 0, 5, 22663.89, 13200112, 377
728, 14, 25, 269, 102, 0, 7.75%, 0, 0, 5, 21485.33, 13310878, 377
733, 14, 69, 269, 101, 0, 7.75%, 0, 0, 5, 20826.66, 13415444, 377
738, 14, 69, 269, 99, 0, 7.75%, 0, 0, 5, 22106.96, 13536440, 377
743, 14, 92, 269, 99, 0, 7.75%, 0, 0, 5, 21983.53, 13643023, 377
748, 14, 49, 269, 99, 0, 7.75%, 0, 0, 5, 21843.67, 13760483, 377
753, 14, 14, 269, 99, 0, 7.75%, 0, 0, 5, 20413.33, 13860869, 377
759, 15, 90, 269, 99, 0, 7.75%, 0, 0, 5, 21743.19, 13971938, 377
764, 15, 55, 269, 99, 0, 7.75%, 0, 0, 5, 20869.39, 14075484, 377
769, 15, 188, 269, 99, 0, 7.75%, 0, 0, 5, 21242.96, 14183351, 377
774, 15, 69, 269, 97, 0, 7.75%, 0, 0, 5, 19382.32, 14276246, 377
779, 15, 55, 269, 97, 0, 7.75%, 0, 0, 5, 19976.52, 14386837, 377
784, 15, 105, 269, 96, 0, 7.75%, 0, 0, 5, 19004.48, 14483762, 377
789, 15, 68, 269, 96, 0, 7.75%, 0, 0, 5, 20731.74, 14590028, 377
794, 15, 69, 269, 96, 0, 7.75%, 0, 0, 5, 22583.48, 14706839, 377
799, 15, 201, 269, 96, 0, 7.75%, 0, 0, 5, 19813.32, 14807673, 377
804, 15, 69, 269, 95, 0, 7.75%, 0, 0, 5, 19933.39, 14910863, 377
809, 16, 24, 269, 94, 0, 7.75%, 0, 0, 5, 21192.03, 15013091, 377
814, 16, 84, 269, 94, 0, 7.75%, 0, 0, 5, 20069.17, 15115647, 377
820, 16, 183, 269, 93, 0, 7.75%, 0, 0, 5, 19937.03, 15217899, 377
825, 16, 9, 269, 92, 0, 7.75%, 0, 0, 5, 21182.38, 15321075, 377
830, 16, 69, 269, 92, 0, 7.75%, 0, 0, 5, 22135.35, 15430834, 377
835, 16, 56, 269, 92, 0, 7.75%, 0, 0, 5, 23213.09, 15541550, 377
840, 16, 24, 269, 92, 0, 7.75%, 0, 0, 5, 18914.18, 15631186, 377
845, 16, 84, 269, 92, 0, 7.75%, 0, 0, 5, 23331.31, 15744573, 377
850, 16, 197, 269, 90, 0, 7.75%, 0, 0, 5, 19160.88, 15833775, 377
855, 17, 56, 271, 90, 0, 7.75%, 0, 0, 5, 19098.58, 15927347, 377
860, 17, 69, 271, 90, 0, 7.75%, 0, 0, 5, 19258.23, 16029174, 377
866, 17, 24, 271, 90, 0, 7.75%, 0, 0, 5, 20618.04, 16133240, 377
871, 17, 57, 271, 90, 0, 7.75%, 0, 0, 5, 18392.77, 16226333, 377
876, 17, 226, 271, 90, 0, 7.75%, 0, 0, 5, 20307.12, 16333142, 377
881, 17, 56, 271, 89, 0, 7.75%, 0, 0, 5, 20201.27, 16439082, 377
886, 17, 40, 271, 88, 0, 7.75%, 0, 0, 5, 18604.45, 16529534, 377
891, 17, 40, 271, 87, 0, 7.75%, 0, 0, 5, 21247.43, 16637861, 377
896, 17, 62, 271, 87, 0, 7.75%, 0, 0, 5, 18562.11, 16728670, 377
901, 18, 14, 271, 87, 0, 7.75%, 0, 0, 5, 20623.45, 16840763, 377
906, 18, 49, 271, 87, 0, 7.75%, 0, 0, 5, 21710.79, 16950606, 377
911, 18, 29, 271, 86, 0, 7.75%, 0, 0, 5, 20374.48, 17060489, 377
917, 18, 69, 271, 86, 0, 7.75%, 0, 0, 5, 20711.80, 17165247, 377
922, 18, 55, 271, 86, 0, 7.75%, 0, 0, 5, 20473.78, 17264241, 377
927, 18, 113, 271, 85, 0, 7.75%, 0, 0, 5, 19353.71, 17365293, 377
932, 18, 254, 271, 85, 0, 7.75%, 0, 0, 5, 3295.86, 17445121, 377
937, 18, 60, 271, 84, 0, 7.75%, 0, 0, 5, 29510.80, 17525300, 377
942, 18, 105, 271, 84, 0, 7.75%, 0, 0, 5, 21241.52, 17628065, 377
947, 18, 49, 271, 84, 0, 7.75%, 0, 0, 5, 21580.28, 17741791, 377
952, 19, 105, 271, 83, 0, 7.75%, 0, 0, 5, 17925.91, 17834806, 377
958, 19, 68, 271, 83, 0, 7.75%, 0, 0, 5, 20929.97, 17944721, 377
963, 19, 56, 271, 83, 0, 7.75%, 0, 0, 5, 19714.92, 18042426, 377
968, 19, 105, 271, 83, 0, 7.75%, 0, 0, 5, 21039.67, 18146133, 377
973, 19, 69, 271, 82, 0, 7.75%, 0, 0, 5, 19721.03, 18246577, 377
978, 19, 55, 271, 82, 0, 7.75%, 0, 0, 5, 22817.22, 18359788, 377
983, 19, 9, 271, 81, 0, 7.75%, 0, 0, 5, 20684.52, 18458276, 377
988, 19, 68, 271, 80, 0, 7.75%, 0, 0, 5, 19782.23, 18557253, 377
993, 19, 9, 271, 80, 0, 7.75%, 0, 0, 5, 20231.72, 18663667, 377
998, 20, 90, 271, 80, 0, 7.75%, 0, 0, 5, 20651.80, 18774335, 377
1003, 20, 105, 271, 79, 0, 7.75%, 0, 0, 5, 20980.23, 18875050, 377
1009, 20, 84, 271, 78, 0, 7.75%, 0, 0, 5, 31163.07, 18957874, 377
1014, 20, 29, 271, 78, 0, 7.75%, 0, 0, 5, 22751.10, 19056682, 377
1019, 20, 67, 271, 77, 0, 7.75%, 0, 0, 5, 16554.23, 19139457, 377
1024, 20, 69, 271, 77, 0, 7.75%, 0, 0, 5, 20487.32, 19247040, 377
1029, 20, 69, 271, 77, 0, 7.75%, 0, 0, 5, 21954.06, 19360771, 377
1034, 20, 263, 271, 76, 0, 7.75%, 0, 0, 5, 3152.17, 19462244, 377
1039, 20, 24, 271, 75, 0, 7.75%, 0, 0, 5, 33017.85, 19547580, 377
1044, 20, 92, 271, 75, 0, 7.75%, 0, 0, 5, 23058.01, 19653392, 377
1050, 21, 9, 271, 74, 0, 7.75%, 0, 0, 5, 21670.74, 19763352, 377
1055, 21, 69, 271, 74, 0, 7.75%, 0, 0, 5, 21572.16, 19870218, 377
1060, 21, 56, 271, 73, 0, 7.75%, 0, 0, 5, 19253.42, 19968567, 377
1065, 21, 84, 271, 73, 0, 7.75%, 0, 0, 5, 17940.43, 20051734, 377
1070, 21, 29, 271, 72, 0, 7.75%, 0, 0, 5, 22614.65, 20179347, 377
1075, 21, 84, 271, 70, 0, 7.75%, 0, 0, 5, 24269.78, 20299347, 377
1080, 21, 55, 271, 70, 0, 7.75%, 0, 0, 5, 24502.65, 20417317, 377
1085, 21, 69, 271, 69, 0, 7.75%, 0, 0, 5, 26703.38, 20553728, 377
1090, 21, 69, 271, 69, 0, 7.75%, 0, 0, 5, 24030.80, 20671608, 377
1095, 22, 49, 271, 69, 0, 7.75%, 0, 0, 5, 25188.88, 20796662, 377
1100, 22, 105, 271, 68, 0, 7.75%, 0, 0, 5, 22759.49, 20905122, 377
1105, 22, 56, 271, 68, 0, 7.75%, 0, 0, 5, 22419.16, 21020514, 377
1111, 22, 113, 271, 68, 0, 7.75%, 0, 0, 5, 23358.86, 21142726, 377
1116, 22, 69, 271, 68, 0, 7.75%, 0, 0, 5, 22753.02, 21254740, 377
1121, 22, 56, 271, 68, 0, 7.75%, 0, 0, 5, 23596.54, 21377254, 377
1126, 22, 105, 271, 68, 0, 7.75%, 0, 0, 5, 24016.27, 21496024, 377
1131, 23, 29, 271, 67, 0, 7.75%, 0, 0, 5, 22493.64, 21609858, 377
1136, 23, 69, 271, 66, 0, 7.75%, 0, 0, 5, 21844.18, 21721144, 377
1141, 23, 40, 271, 66, 0, 7.75%, 0, 0, 5, 25127.39, 21851248, 377
1146, 23, 29, 271, 66, 0, 7.75%, 0, 0, 5, 27265.62, 21984419, 377
1151, 23, 116, 271, 66, 0, 7.75%, 0, 0, 5, 23082.08, 22102594, 377
1157, 23, 113, 271, 66, 0, 7.75%, 0, 0, 5, 23993.69, 22221237, 377
1162, 23, 56, 271, 66, 0, 7.75%, 0, 0, 5, 21584.59, 22336518, 377
1167, 23, 69, 271, 66, 0, 7.75%, 0, 0, 5, 23458.14, 22458732, 377
1172, 24, 90, 271, 65, 0, 7.75%, 0, 0, 5, 22229.05, 22569816, 377
1177, 24, 24, 271, 65, 0, 7.75%, 0, 0, 5, 24551.35, 22692874, 377
1182, 24, 69, 271, 65, 0, 7.75%, 0, 0, 5, 23324.67, 22812310, 377
1187, 24, 186, 271, 65, 0, 7.75%, 0, 0, 5, 26548.85, 22953610, 377
1192, 24, 90, 271, 64, 0, 7.75%, 0, 0, 5, 22125.71, 23066813, 377
1197, 24, 61, 271, 64, 0, 7.75%, 0, 0, 5, 21966.83, 23184297, 377
1202, 24, 29, 271, 64, 0, 7.75%, 0, 0, 5, 23776.26, 23306785, 377
1208, 24, 105, 271, 64, 0, 7.75%, 0, 0, 5, 23348.78, 23425915, 377
1213, 25, 61, 271, 63, 0, 7.75%, 0, 0, 5, 17960.32, 23517218, 377
1218, 25, 90, 271, 62, 0, 7.75%, 0, 0, 5, 24140.93, 23650907, 377
1223, 25, 10, 271, 61, 0, 7.75%, 0, 0, 5, 24057.49, 23777423, 377
1228, 25, 56, 271, 61, 0, 7.75%, 0, 0, 5, 25881.91, 23909568, 377
1233, 25, 21, 271, 61, 0, 7.75%, 0, 0, 5, 24626.31, 24029601, 377
1238, 25, 116, 271, 60, 0, 7.75%, 0, 0, 5, 24568.90, 24155839, 377
1243, 25, 69, 271, 60, 0, 7.75%, 0, 0, 5, 23506.50, 24277207, 377
1249, 26, 55, 272, 61, 0, 7.75%, 0, 0, 5, 25374.09, 24410140, 377
1254, 26, 40, 272, 61, 0, 7.75%, 0, 0, 5, 25213.22, 24534628, 377
1259, 26, 40, 272, 61, 0, 7.75%, 0, 0, 5, 23459.97, 24649191, 377
1264, 26, 55, 272, 60, 0, 7.75%, 0, 0, 5, 23134.17, 24763700, 377
1269, 26, 24, 272, 60, 0, 7.75%, 0, 0, 5, 22809.76, 24881929, 377
1274, 26, 69, 272, 60, 0, 7.75%, 0, 0, 5, 23067.96, 24998563, 377
1279, 26, 90, 272, 60, 0, 7.75%, 0, 0, 5, 25015.23, 25129427, 377
1284, 26, 9, 272, 60, 0, 7.75%, 0, 0, 5, 23759.99, 25252274, 377
1290, 27, 10, 272, 59, 0, 7.75%, 0, 0, 5, 25156.97, 25385262, 377
1295, 27, 67, 272, 59, 0, 7.75%, 0, 0, 5, 23629.38, 25499244, 377
1300, 27, 134, 272, 59, 0, 7.75%, 0, 0, 5, 25209.64, 25622422, 377
1305, 27, 40, 272, 58, 0, 7.75%, 0, 0, 5, 24126.22, 25744258, 377
1310, 27, 90, 272, 57, 0, 7.75%, 0, 0, 5, 24676.61, 25873074, 377
1315, 27, 105, 272, 57, 0, 7.75%, 0, 0, 5, 25386.68, 26001454, 377
1320, 27, 9, 272, 57, 0, 7.75%, 0, 0, 5, 22934.54, 26116140, 377
1325, 28, 14, 272, 57, 0, 7.75%, 0, 0, 5, 23742.50, 26240018, 377
1330, 28, 69, 272, 57, 0, 7.75%, 0, 0, 5, 24135.37, 26361124, 377
1336, 28, 92, 272, 57, 0, 7.75%, 0, 0, 5, 24200.18, 26491816, 377
1341, 28, 68, 272, 56, 0, 7.75%, 0, 0, 5, 26076.16, 26623471, 377
1346, 28, 40, 272, 56, 0, 7.75%, 0, 0, 5, 24384.57, 26745052, 377
1351, 28, 69, 272, 56, 0, 7.75%, 0, 0, 5, 23514.77, 26871924, 377
1356, 28, 9, 272, 56, 0, 7.75%, 0, 0, 5, 23349.06, 26987318, 377
1361, 28, 92, 272, 56, 0, 7.75%, 0, 0, 5, 22884.05, 27112235, 377
1367, 29, 40, 272, 56, 0, 7.75%, 0, 0, 5, 26987.43, 27247616, 377
1372, 29, 105, 272, 56, 0, 7.75%, 0, 0, 5, 23898.35, 27368408, 377
1377, 29, 90, 272, 55, 0, 7.75%, 0, 0, 5, 21751.52, 27476381, 377
1382, 29, 116, 272, 53, 0, 7.75%, 0, 0, 5, 20945.82, 27594269, 377
1387, 29, 69, 272, 52, 0, 7.75%, 0, 0, 5, 19674.37, 27686532, 377
1393, 29, 13, 272, 52, 0, 7.75%, 0, 0, 5, 21279.44, 27802867, 377
1398, 29, 56, 272, 51, 0, 7.75%, 0, 0, 5, 24128.16, 27928262, 377
1403, 30, 56, 272, 50, 0, 7.75%, 0, 0, 5, 24322.08, 28064615, 377
1408, 30, 105, 272, 50, 0, 7.75%, 0, 0, 5, 23616.92, 28185351, 377
1413, 30, 14, 272, 50, 0, 7.75%, 0, 0, 5, 14534.81, 28253828, 377
1418, 30, 49, 272, 50, 0, 7.75%, 0, 0, 5, 17929.37, 28354074, 377
1423, 30, 116, 272, 50, 0, 7.75%, 0, 0, 5, 22698.01, 28470589, 377
1428, 30, 208, 272, 49, 0, 7.75%, 0, 0, 5, 18481.68, 28570704, 377
1434, 30, 84, 272, 48, 0, 7.75%, 0, 0, 5, 20457.00, 28675282, 377
1439, 30, 90, 272, 48, 0, 7.75%, 0, 0, 5, 22561.06, 28788290, 377
1444, 30, 22, 272, 48, 0, 7.75%, 0, 0, 5, 20109.00, 28890565, 377
1449, 30, 116, 272, 48, 0, 7.75%, 0, 0, 5, 21960.45, 29005949, 377
1454, 31, 22, 272, 47, 0, 7.75%, 0, 0, 5, 21694.98, 29115309, 377
1459, 31, 69, 272, 47, 0, 7.75%, 0, 0, 5, 24507.48, 29244457, 377
1464, 31, 22, 272, 47, 0, 7.75%, 0, 0, 5, 23057.19, 29360970, 377
1469, 31, 55, 272, 46, 0, 7.75%, 0, 0, 5, 20295.62, 29456801, 377
1475, 31, 69, 272, 46, 0, 7.75%, 0, 0, 5, 21760.10, 29565016, 377
1480, 31, 69, 272, 46, 0, 7.75%, 0, 0, 5, 21054.30, 29674735, 377
1485, 31, 69, 272, 46, 0, 7.75%, 0, 0, 5, 22872.54, 29791865, 377
1490, 31, 105, 272, 46, 0, 7.75%, 0, 0, 5, 25350.92, 29925942, 377
1495, 32, 40, 272, 46, 0, 7.75%, 0, 0, 5, 20271.46, 30026385, 377
1500, 32, 213, 272, 46, 0, 7.75%, 0, 0, 5, 20843.45, 30136319, 377
1505, 32, 116, 272, 45, 0, 7.75%, 0, 0, 5, 24979.75, 30262765, 377
1511, 32, 56, 272, 45, 0, 7.75%, 0, 0, 5, 22984.98, 30384256, 377
1516, 32, 70, 272, 44, 0, 7.75%, 0, 0, 5, 21998.61, 30493169, 377
1521, 32, 55, 272, 44, 0, 7.75%, 0, 0, 5, 25293.88, 30620546, 377
1526, 32, 60, 272, 44, 0, 7.75%, 0, 0, 5, 22786.21, 30731185, 377
1531, 32, 56, 272, 44, 0, 7.75%, 0, 0, 5, 22795.10, 30852925, 377
1536, 33, 56, 272, 44, 0, 7.75%, 0, 0, 5, 21932.63, 30966706, 377
1541, 33, 40, 272, 44, 0, 7.75%, 0, 0, 5, 22296.54, 31089001, 377
1546, 33, 40, 272, 44, 0, 7.75%, 0, 0, 5, 23648.04, 31211098, 377
1551, 33, 56, 272, 43, 0, 7.75%, 0, 0, 5, 21933.66, 31329327, 377
1557, 33, 55, 272, 43, 0, 7.75%, 0, 0, 5, 24608.39, 31461373, 377
1562, 33, 56, 272, 43, 0, 7.75%, 0, 0, 5, 22915.21, 31581322, 377
1567, 33, 24, 272, 43, 0, 7.75%, 0, 0, 5, 21818.27, 31688758, 377
1572, 34, 69, 272, 43, 0, 7.75%, 0, 0, 5, 23635.63, 31821795, 377
1577, 34, 22, 272, 43, 0, 7.75%, 0, 0, 5, 23107.76, 31938460, 377
1582, 34, 105, 272, 43, 0, 7.75%, 0, 0, 5, 21985.94, 32055456, 377
1587, 34, 56, 272, 43, 0, 7.75%, 0, 0, 5, 24979.49, 32183639, 377
1593, 34, 69, 272, 43, 0, 7.75%, 0, 0, 5, 21937.15, 32296491, 377
1598, 34, 105, 272, 43, 0, 7.75%, 0, 0, 5, 22692.95, 32411080, 377
1603, 34, 56, 272, 42, 0, 7.75%, 0, 0, 5, 20685.33, 32509867, 377
1608, 34, 70, 272, 42, 0, 7.75%, 0, 0, 5, 23610.64, 32638949, 377
1613, 35, 105, 272, 41, 0, 7.75%, 0, 0, 5, 23131.61, 32749086, 377
1618, 35, 105, 272, 40, 0, 7.75%, 0, 0, 5, 24677.61, 32871413, 377
1623, 35, 84, 272, 40, 0, 7.75%, 0, 0, 5, 25972.95, 33002204, 377
1628, 35, 36, 272, 39, 0, 7.75%, 0, 0, 5, 25427.12, 33129180, 377
1634, 35, 171, 272, 39, 0, 7.75%, 0, 0, 5, 22075.81, 33246051, 377
1639, 35, 55, 272, 39, 0, 7.75%, 0, 0, 5, 24277.70, 33371862, 377
1644, 35, 84, 272, 38, 0, 7.75%, 0, 0, 5, 22035.32, 33477198, 377
1649, 35, 69, 272, 38, 0, 7.75%, 0, 0, 5, 26912.53, 33614277, 377
1654, 36, 69, 272, 38, 0, 7.75%, 0, 0, 5, 25911.10, 33739635, 377
1659, 36, 55, 272, 38, 0, 7.75%, 0, 0, 5, 27514.55, 33879333, 377
1664, 36, 69, 272, 38, 0, 7.75%, 0, 0, 5, 24695.04, 34011263, 377
1670, 36, 69, 272, 38, 0, 7.75%, 0, 0, 5, 21981.97, 34119784, 377
1675, 36, 9, 272, 38, 0, 7.75%, 0, 0, 5, 17727.36, 34201531, 377
1680, 36, 90, 272, 38, 0, 7.75%, 0, 0, 5, 20376.30, 34304127, 377
1685, 36, 13, 272, 38, 0, 7.75%, 0, 0, 5, 18052.38, 34391230, 377
1690, 36, 69, 272, 37, 0, 7.75%, 0, 0, 5, 31018.27, 34464699, 377
1695, 36, 92, 272, 37, 0, 7.75%, 0, 0, 5, 21204.28, 34554825, 377
1700, 36, 90, 272, 37, 0, 7.75%, 0, 0, 5, 19951.51, 34651305, 377
1705, 37, 13, 272, 37, 0, 7.75%, 0, 0, 5, 23192.98, 34759391, 377
1710, 37, 9, 272, 37, 0, 7.75%, 0, 0, 5, 16858.86, 34842246, 377
1715, 37, 24, 272, 37, 0, 7.75%, 0, 0, 5, 18000.48, 34937563, 377
1721, 37, 69, 272, 37, 0, 7.75%, 0, 0, 5, 17668.82, 35025493, 377
1726, 37, 40, 272, 37, 0, 7.75%, 0, 0, 5, 15987.28, 35106349, 377
1731, 37, 29, 272, 37, 0, 7.75%, 0, 0, 5, 18922.01, 35207298, 377
1736, 37, 56, 272, 36, 0, 7.75%, 0, 0, 5, 17606.09, 35297174, 377
1741, 37, 69, 272, 35, 0, 7.75%, 0, 0, 5, 14785.48, 35364846, 377
1746, 37, 56, 272, 35, 0, 7.75%, 0, 0, 5, 21833.34, 35484849, 377
1751, 37, 13, 272, 35, 0, 7.75%, 0, 0, 5, 18338.19, 35579010, 377
1756, 38, 9, 272, 35, 0, 7.75%, 0, 0, 5, 24116.33, 35710959, 377
1761, 38, 90, 272, 35, 0, 7.75%, 0, 0, 5, 23570.15, 35836393, 377
1766, 38, 13, 272, 35, 0, 7.75%, 0, 0, 5, 23422.81, 35954029, 377
1772, 38, 13, 272, 35, 0, 7.75%, 0, 0, 5, 24098.64, 36074721, 377
1777, 38, 55, 272, 35, 0, 7.75%, 0, 0, 5, 25931.19, 36200056, 377
1782, 38, 13, 272, 35, 0, 7.75%, 0, 0, 5, 24066.24, 36325057, 377
1787, 38, 90, 272, 35, 0, 7.75%, 0, 0, 5, 26566.01, 36461153, 377
1792, 39, 13, 272, 35, 0, 7.75%, 0, 0, 5, 23314.24, 36582165, 377
1797, 39, 105, 272, 35, 0, 7.75%, 0, 0, 5, 23713.82, 36705355, 377
1802, 39, 14, 272, 35, 0, 7.75%, 0, 0, 5, 23493.24, 36827363, 377
1807, 39, 56, 272, 35, 0, 7.75%, 0, 0, 5, 25008.21, 36957311, 377
1812, 39, 69, 272, 35, 0, 7.75%, 0, 0, 5, 21368.99, 37065083, 377
1818, 39, 270, 272, 35, 0, 7.75%, 0, 0, 5, 4913.90, 37130991, 377
1823, 39, 55, 272, 34, 0, 7.75%, 0, 0, 5, 15315.14, 37207294, 377
1828, 39, 69, 272, 34, 0, 7.75%, 0, 0, 5, 19299.93, 37306964, 377
1833, 40, 9, 272, 34, 0, 7.75%, 0, 0, 5, 23567.79, 37428890, 377
1838, 40, 11, 272, 33, 0, 7.75%, 0, 0, 5, 24025.48, 37543992, 377
1843, 40, 70, 272, 33, 0, 7.75%, 0, 0, 5, 24836.81, 37667861, 377
1848, 40, 13, 272, 33, 0, 7.75%, 0, 0, 5, 26132.19, 37803639, 377
1853, 40, 56, 272, 33, 0, 7.75%, 0, 0, 5, 24954.12, 37923071, 377
1858, 40, 9, 272, 33, 0, 7.75%, 0, 0, 5, 22588.37, 38032105, 377
1863, 40, 55, 272, 33, 0, 7.75%, 0, 0, 5, 24035.31, 38158723, 377
1869, 40, 61, 272, 33, 0, 7.75%, 0, 0, 5, 25236.57, 38289424, 377
1874, 41, 69, 272, 33, 0, 7.75%, 0, 0, 5, 25982.94, 38417557, 377
1879, 41, 40, 272, 33, 0, 7.75%, 0, 0, 5, 23688.96, 38540910, 377
1884, 41, 105, 272, 33, 0, 7.75%, 0, 0, 5, 21984.11, 38651415, 377
1889, 41, 113, 272, 33, 0, 7.75%, 0, 0, 5, 22161.36, 38768478, 377
1894, 41, 105, 272, 33, 0, 7.75%, 0, 0, 5, 22328.55, 38882435, 377
1899, 41, 40, 272, 33, 0, 7.75%, 0, 0, 5, 23590.23, 39002596, 377
1905, 41, 49, 272, 32, 0, 7.75%, 0, 0, 5, 22215.75, 39113493, 377
1910, 41, 128, 272, 32, 0, 7.75%, 0, 0, 5, 22497.69, 39215955, 377
1915, 42, 60, 272, 32, 0, 7.75%, 0, 0, 5, 24409.42, 39338273, 377
1920, 42, 9, 272, 32, 0, 7.75%, 0, 0, 5, 24446.94, 39460196, 377
1925, 42, 105, 272, 32, 0, 7.75%, 0, 0, 5, 26487.71, 39591959, 377
1930, 42, 105, 272, 32, 0, 7.75%, 0, 0, 5, 25281.22, 39713765, 377
1935, 42, 9, 272, 32, 0, 7.75%, 0, 0, 5, 24396.36, 39835914, 377
1940, 42, 69, 272, 32, 0, 7.75%, 0, 0, 5, 24305.32, 39959294, 377
1945, 42, 13, 272, 32, 0, 7.75%, 0, 0, 5, 26206.18, 40084868, 377
1950, 43, 55, 272, 32, 0, 7.75%, 0, 0, 5, 25779.47, 40217357, 377
1956, 43, 9, 272, 32, 0, 7.75%, 0, 0, 5, 24464.77, 40341980, 377
1961, 43, 13, 272, 32, 0, 7.75%, 0, 0, 5, 24598.14, 40472041, 377
1966, 43, 116, 272, 32, 0, 7.75%, 0, 0, 5, 23429.65, 40584993, 377
1971, 43, 29, 272, 32, 0, 7.75%, 0, 0, 5, 24083.92, 40713257, 377
1976, 43, 105, 272, 32, 0, 7.75%, 0, 0, 5, 22399.23, 40826113, 377
1981, 43, 69, 272, 32, 0, 7.75%, 0, 0, 5, 21987.83, 40940494, 377
1986, 43, 56, 272, 31, 0, 7.75%, 0, 0, 5, 21878.47, 41050457, 377
1991, 44, 24, 272, 31, 0, 7.75%, 0, 0, 5, 25236.21, 41183409, 377
1996, 44, 56, 272, 31, 0, 7.75%, 0, 0, 5, 24409.74, 41297484, 377
2002, 44, 13, 272, 31, 0, 7.75%, 0, 0, 5, 24833.54, 41426219, 377
2007, 44, 56, 272, 31, 0, 7.75%, 0, 0, 5, 23437.98, 41543786, 377
2012, 44, 116, 272, 31, 0, 7.75%, 0, 0, 5, 23183.54, 41669289, 377
2017, 44, 57, 272, 31, 0, 7.75%, 0, 0, 5, 24057.69, 41795966, 377
2022, 44, 13, 272, 31, 0, 7.75%, 0, 0, 5, 22017.10, 41909629, 377
2027, 45, 116, 272, 31, 0, 7.75%, 0, 0, 5, 22892.27, 42033421, 377
2032, 45, 56, 272, 30, 0, 7.75%, 0, 0, 5, 21036.33, 42142176, 377
2038, 45, 90, 272, 30, 0, 7.75%, 0, 0, 5, 23292.08, 42266445, 377
2043, 45, 105, 272, 30, 0, 7.75%, 0, 0, 5, 23594.81, 42384288, 377
2048, 45, 90, 272, 30, 0, 7.75%, 0, 0, 5, 24249.04, 42510411, 377
2053, 45, 13, 273, 31, 0, 7.75%, 0, 0, 6, 22095.96, 42624726, 377
2058, 45, 69, 273, 31, 0, 7.75%, 0, 0, 6, 22716.06, 42740602, 377
2063, 45, 67, 273, 30, 0, 7.75%, 0, 0, 6, 23304.59, 42861235, 377
2068, 46, 84, 273, 30, 0, 7.75%, 0, 0, 6, 23587.22, 42988171, 377
2074, 46, 69, 273, 30, 0, 7.75%, 0, 0, 6, 23675.11, 43114844, 377
2079, 46, 29, 273, 30, 0, 7.75%, 0, 0, 6, 24156.95, 43242646, 377
2084, 46, 92, 273, 30, 0, 7.75%, 0, 0, 6, 25686.10, 43372426, 377
2089, 46, 105, 273, 30, 0, 7.75%, 0, 0, 6, 25424.19, 43503935, 377
2094, 46, 13, 273, 30, 0, 7.75%, 0, 0, 6, 26949.95, 43633325, 377
2099, 46, 84, 273, 30, 0, 7.75%, 0, 0, 6, 21275.22, 43731671, 377
2104, 46, 13, 273, 30, 0, 7.75%, 0, 0, 6, 21495.09, 43844604, 377
2110, 47, 24, 273, 30, 0, 7.75%, 0, 0, 6, 24189.41, 43970908, 377
2115, 47, 84, 273, 30, 0, 7.75%, 0, 0, 6, 23088.36, 44094507, 377
2120, 47, 90, 273, 29, 0, 7.75%, 0, 0, 6, 20824.35, 44203860, 377
2125, 47, 60, 273, 29, 0, 7.75%, 0, 0, 6, 16410.48, 44281548, 377
2130, 47, 14, 273, 29, 0, 7.75%, 0, 0, 6, 14310.80, 44350451, 377
2135, 47, 56, 273, 29, 0, 7.75%, 0, 0, 6, 18714.07, 44455003, 377
2140, 47, 105, 273, 29, 0, 7.75%, 0, 0, 6, 23358.70, 44576912, 377
2145, 47, 56, 273, 29, 0, 7.75%, 0, 0, 6, 17496.86, 44662156, 377
2151, 48, 69, 273, 29, 0, 7.75%, 0, 0, 6, 17475.54, 44756032, 377
2156, 48, 69, 273, 29, 0, 7.75%, 0, 0, 6, 17831.94, 44837864, 377
2161, 48, 84, 273, 29, 0, 7.75%, 0, 0, 6, 15643.48, 44913207, 377
2166, 48, 69, 273, 29, 0, 7.75%, 0, 0, 6, 18432.80, 45003595, 377
2171, 48, 13, 273, 29, 0, 7.75%, 0, 0, 6, 18824.67, 45102270, 377
2176, 48, 105, 273, 29, 0, 7.75%, 0, 0, 6, 21146.79, 45208498, 377
2181, 48, 69, 273, 29, 0, 7.75%, 0, 0, 6, 22860.94, 45331791, 377
2186, 48, 61, 273, 29, 0, 7.75%, 0, 0, 6, 22587.94, 45445759, 377
2191, 48, 13, 273, 29, 0, 7.75%, 0, 0, 6, 22344.01, 45557655, 377
2196, 49, 25, 273, 29, 0, 7.75%, 0, 0, 6, 21620.53, 45664397, 377
2202, 49, 69, 273, 29, 0, 7.75%, 0, 0, 6, 21722.23, 45779281, 377
2207, 49, 105, 273, 29, 0, 7.75%, 0, 0, 6, 21939.66, 45892230, 377
2212, 49, 40, 273, 29, 0, 7.75%, 0, 0, 6, 21870.43, 46007776, 377
2217, 49, 113, 273, 29, 0, 7.75%, 0, 0, 6, 22174.41, 46125338, 377
2222, 49, 261, 273, 29, 0, 7.75%, 0, 0, 6, 5141.50, 46181273, 377
2227, 49, 55, 273, 28, 0, 7.75%, 0, 0, 6, 19288.04, 46298736, 377
2232, 49, 56, 273, 27, 0, 7.75%, 0, 0, 6, 20769.45, 46414804, 377
2237, 50, 11, 273, 27, 0, 7.75%, 0, 0, 6, 22829.68, 46533196, 377
2242, 50, 69, 273, 26, 0, 7.75%, 0, 0, 6, 12316.78, 46640970, 377
2248, 50, 9, 273, 26, 0, 7.75%, 0, 0, 6, 19657.40, 46749904, 377
2253, 50, 13, 273, 26, 0, 7.75%, 0, 0, 6, 22629.60, 46869938, 377
2258, 50, 55, 273, 26, 0, 7.75%, 0, 0, 6, 22066.54, 46980267, 377
2263, 50, 116, 273, 26, 0, 7.75%, 0, 0, 6, 23116.63, 47108123, 377
2268, 50, 56, 273, 26, 0, 7.75%, 0, 0, 6, 20646.99, 47216806, 377
2273, 50, 69, 273, 26, 0, 7.75%, 0, 0, 6, 20181.98, 47320412, 377
2278, 50, 220, 273, 26, 0, 7.75%, 0, 0, 6, 18990.94, 47416562, 377
2283, 51, 40, 273, 25, 0, 7.75%, 0, 0, 6, 22110.06, 47533984, 377
2289, 51, 105, 273, 25, 0, 7.75%, 0, 0, 6, 22088.81, 47645189, 377
2294, 51, 56, 273, 25, 0, 7.75%, 0, 0, 6, 26020.22, 47775002, 377
2299, 51, 9, 273, 25, 0, 7.75%, 0, 0, 6, 24262.34, 47898740, 377
2304, 51, 13, 273, 25, 0, 7.75%, 0, 0, 6, 21139.43, 48002359, 377
2309, 51, 56, 273, 25, 0, 7.75%, 0, 0, 6, 23268.88, 48116636, 377
2314, 51, 55, 273, 25, 0, 7.75%, 0, 0, 6, 26175.42, 48243367, 377
2319, 52, 40, 273, 25, 0, 7.75%, 0, 0, 6, 25883.07, 48368895, 377
2324, 52, 56, 273, 25, 0, 7.75%, 0, 0, 6, 22713.51, 48473785, 377
2329, 52, 56, 273, 25, 0, 7.75%, 0, 0, 6, 23714.64, 48595456, 377
2334, 52, 68, 273, 25, 0, 7.75%, 0, 0, 6, 21545.13, 48697386, 377
2340, 52, 266, 273, 25, 0, 7.75%, 0, 0, 6, 4742.94, 48774226, 377
2345, 52, 56, 273, 24, 0, 7.75%, 0, 0, 6, 28643.21, 48874790, 377
2350, 52, 29, 273, 24, 0, 7.75%, 0, 0, 6, 19633.65, 48965441, 377
2355, 52, 105, 273, 24, 0, 7.75%, 0, 0, 6, 22926.16, 49089362, 377
2360, 52, 13, 273, 23, 0, 7.75%, 0, 0, 6, 22082.66, 49201648, 377
2365, 53, 14, 273, 23, 0, 7.75%, 0, 0, 6, 22934.80, 49317949, 377
2370, 53, 40, 273, 22, 0, 7.75%, 0, 0, 6, 23303.01, 49430730, 377
2375, 53, 13, 273, 22, 0, 7.75%, 0, 0, 6, 22431.49, 49539050, 377
2380, 53, 105, 273, 22, 0, 7.75%, 0, 0, 6, 22535.49, 49654470, 377
2385, 53, 13, 273, 22, 0, 7.75%, 0, 0, 6, 18243.50, 49740329, 377
2390, 53, 90, 273, 22, 0, 7.75%, 0, 0, 6, 20898.04, 49846340, 377
2395, 53, 13, 273, 22, 0, 7.75%, 0, 0, 6, 21810.11, 49959605, 377
2401, 53, 128, 273, 22, 0, 7.75%, 0, 0, 6, 22639.39, 50077447, 377
2406, 54, 24, 273, 22, 0, 7.75%, 0, 0, 6, 22943.39, 50197822, 377
2411, 54, 56, 273, 22, 0, 7.75%, 0, 0, 6, 18134.41, 50292432, 377
2416, 54, 55, 273, 22, 0, 7.75%, 0, 0, 6, 21098.56, 50394750, 377
2421, 54, 69, 273, 22, 0, 7.75%, 0, 0, 6, 21593.39, 50511582, 377
2426, 54, 9, 273, 22, 0, 7.75%, 0, 0, 6, 23278.95, 50635734, 377
2431, 54, 69, 273, 22, 0, 7.75%, 0, 0, 6, 24293.74, 50758074, 377
2437, 54, 84, 273, 22, 0, 7.75%, 0, 0, 6, 24405.32, 50881105, 377
2442, 55, 105, 273, 22, 0, 7.75%, 0, 0, 6, 23799.52, 51008047, 377
2447, 55, 13, 273, 22, 0, 7.75%, 0, 0, 6, 22348.02, 51114687, 377
2452, 55, 56, 273, 22, 0, 7.75%, 0, 0, 6, 21411.87, 51230254, 377
2457, 55, 40, 273, 22, 0, 7.75%, 0, 0, 6, 18266.58, 51316374, 377
2462, 55, 69, 273, 22, 0, 7.75%, 0, 0, 6, 20028.93, 51423837, 377
2467, 55, 84, 273, 22, 0, 7.75%, 0, 0, 6, 23159.85, 51542926, 377
2472, 55, 90, 273, 22, 0, 7.75%, 0, 0, 6, 20674.71, 51649672, 377
2477, 55, 60, 273, 22, 0, 7.75%, 0, 0, 6, 24095.01, 51774696, 377
2482, 55, 56, 273, 22, 0, 7.75%, 0, 0, 6, 19597.36, 51877624, 377
2487, 56, 56, 273, 21, 0, 7.75%, 0, 0, 6, 19454.44, 51987999, 377
2492, 56, 9, 273, 21, 0, 7.75%, 0, 0, 6, 23399.29, 52111645, 377
2498, 56, 69, 273, 21, 0, 7.75%, 0, 0, 6, 22867.89, 52232468, 377
2503, 56, 92, 273, 21, 0, 7.75%, 0, 0, 6, 21907.08, 52347540, 377
2508, 56, 84, 273, 21, 0, 7.75%, 0, 0, 6, 24632.86, 52471011, 377
2513, 56, 24, 273, 21, 0, 7.75%, 0, 0, 6, 22070.58, 52589061, 377
2518, 56, 24, 273, 21, 0, 7.75%, 0, 0, 6, 21026.61, 52692184, 377
2523, 56, 69, 273, 21, 0, 7.75%, 0, 0, 6, 19649.03, 52794863, 377
2528, 57, 69, 273, 21, 0, 7.75%, 0, 0, 6, 23054.15, 52922026, 377
2533, 57, 24, 273, 21, 0, 7.75%, 0, 0, 6, 22742.91, 53036657, 377
2538, 57, 56, 273, 21, 0, 7.75%, 0, 0, 6, 22059.28, 53146264, 377
2543, 57, 13, 273, 21, 0, 7.75%, 0, 0, 6, 19441.88, 53245363, 377
2548, 57, 13, 273, 21, 0, 7.75%, 0, 0, 6, 23634.24, 53380976, 377
2554, 57, 92, 273, 21, 0, 7.75%, 0, 0, 6, 21526.40, 53491693, 377
2559, 57, 198, 273, 21, 0, 7.75%, 0, 0, 6, 23083.05, 53613514, 377
2564, 58, 29, 274, 21, 0, 7.75%, 0, 0, 6, 22217.15, 53711219, 377
2569, 58, 105, 274, 21, 0, 7.75%, 0, 0, 6, 21894.34, 53828391, 377
2574, 58, 116, 274, 21, 0, 7.75%, 0, 0, 6, 18174.73, 53907745, 377
2579, 58, 69, 274, 21, 0, 7.75%, 0, 0, 6, 22017.98, 54020897, 377
2584, 58, 56, 274, 21, 0, 7.75%, 0, 0, 6, 23730.93, 54147877, 377
2589, 58, 90, 274, 21, 0, 7.75%, 0, 0, 6, 18864.21, 54246363, 377
2594, 58, 13, 274, 21, 0, 7.75%, 0, 0, 6, 18837.08, 54339213, 377
2599, 58, 40, 274, 21, 0, 7.75%, 0, 0, 6, 19108.78, 54427203, 377
2604, 59, 69, 274, 21, 0, 7.75%, 0, 0, 6, 20743.31, 54540712, 377
2610, 59, 69, 274, 21, 0, 7.75%, 0, 0, 6, 22168.67, 54653047, 377
2615, 59, 56, 274, 21, 0, 7.75%, 0, 0, 6, 21342.31, 54754137, 377
2620, 59, 13, 274, 21, 0, 7.75%, 0, 0, 6, 24224.34, 54882744, 377
2625, 59, 69, 274, 21, 0, 7.75%, 0, 0, 6, 21044.65, 54985428, 377
2630, 59, 29, 274, 21, 0, 7.75%, 0, 0, 6, 22801.67, 55102000, 377
2635, 59, 90, 274, 21, 0, 7.75%, 0, 0, 6, 22195.62, 55212863, 377
2640, 59, 55, 274, 21, 0, 7.75%, 0, 0, 6, 21268.34, 55315317, 377
2645, 60, 40, 274, 21, 0, 7.75%, 0, 0, 6, 23126.89, 55430976, 377
2650, 60, 69, 274, 21, 0, 7.75%, 0, 0, 6, 25262.46, 55565286, 377
2656, 60, 56, 274, 21, 0, 7.75%, 0, 0, 6, 23420.55, 55677242, 377
2661, 60, 40, 274, 21, 0, 7.75%, 0, 0, 6, 23077.69, 55790304, 377
2666, 60, 84, 274, 21, 0, 7.75%, 0, 0, 6, 22601.17, 55903429, 377
2671, 60, 40, 274, 21, 0, 7.75%, 0, 0, 6, 22435.12, 56017007, 377
2676, 60, 70, 274, 21, 0, 7.75%, 0, 0, 6, 22688.39, 56126276, 377
2681, 60, 84, 274, 21, 0, 7.75%, 0, 0, 6, 24600.20, 56259255, 377
2686, 61, 55, 274, 21, 0, 7.75%, 0, 0, 6, 25502.87, 56385343, 377
2691, 61, 69, 274, 21, 0, 7.75%, 0, 0, 6, 22561.03, 56498406, 377
2696, 61, 256, 274, 21, 0, 7.75%, 0, 0, 6, 4024.04, 56578872, 377
2701, 61, 10, 274, 20, 0, 7.75%, 0, 0, 6, 29120.88, 56685815, 377
2706, 61, 69, 274, 20, 0, 7.75%, 0, 0, 6, 19581.61, 56775713, 377
2711, 61, 69, 274, 20, 0, 7.75%, 0, 0, 6, 21598.14, 56883955, 377
2717, 61, 105, 274, 20, 0, 7.75%, 0, 0, 6, 20399.56, 56979030, 377
2722, 61, 269, 274, 20, 0, 7.75%, 0, 0, 6, 4472.88, 57066532, 377
2727, 61, 56, 274, 19, 0, 7.75%, 0, 0, 6, 18712.02, 57170281, 377
2732, 62, 40, 274, 19, 0, 7.75%, 0, 0, 6, 19504.70, 57276124, 377
2737, 62, 56, 274, 19, 0, 7.75%, 0, 0, 6, 24498.70, 57406487, 377
2742, 62, 69, 274, 19, 0, 7.75%, 0, 0, 6, 23685.27, 57524151, 377
2747, 62, 69, 274, 19, 0, 7.75%, 0, 0, 6, 22086.88, 57638207, 377
2753, 62, 84, 274, 19, 0, 7.75%, 0, 0, 6, 19025.01, 57736437, 377
2758, 62, 105, 274, 19, 0, 7.75%, 0, 0, 6, 18323.82, 57828825, 377
2763, 62, 56, 274, 19, 0, 7.75%, 0, 0, 6, 20509.59, 57943943, 377
2768, 62, 56, 274, 19, 0, 7.75%, 0, 0, 6, 23420.50, 58064418, 377
2773, 63, 105, 274, 19, 0, 7.75%, 0, 0, 6, 22147.75, 58175694, 377
2778, 63, 13, 274, 18, 0, 7.75%, 0, 0, 6, 24291.13, 58303169, 377
2783, 63, 49, 274, 18, 0, 7.75%, 0, 0, 6, 24074.52, 58425435, 377
2788, 63, 63, 274, 18, 0, 7.75%, 0, 0, 6, 23158.90, 58542861, 377
2793, 63, 13, 274, 18, 0, 7.75%, 0, 0, 6, 21486.62, 58656782, 377
2798, 63, 67, 274, 18, 0, 7.75%, 0, 0, 6, 25060.34, 58786083, 377
2804, 63, 49, 274, 18, 0, 7.75%, 0, 0, 6, 23105.95, 58904517, 377
2809, 64, 24, 274, 18, 0, 7.75%, 0, 0, 6, 21658.91, 59015560, 377
2814, 64, 68, 274, 18, 0, 7.75%, 0, 0, 6, 22156.69, 59129165, 377
2819, 64, 40, 274, 18, 0, 7.75%, 0, 0, 6, 21354.40, 59237923, 377
2824, 64, 10, 274, 18, 0, 7.75%, 0, 0, 6, 22190.14, 59354143, 377
2829, 64, 68, 274, 18, 0, 7.75%, 0, 0, 6, 23673.02, 59476053, 377
2834, 64, 70, 274, 18, 0, 7.75%, 0, 0, 6, 23168.84, 59592802, 377
2840, 64, 92, 274, 18, 0, 7.75%, 0, 0, 6, 24886.77, 59723038, 377
2845, 65, 13, 274, 18, 0, 7.75%, 0, 0, 6, 24026.02, 59843326, 377
2850, 65, 105, 274, 18, 0, 7.75%, 0, 0, 6, 23119.35, 59964941, 377
2855, 65, 13, 274, 17, 0, 7.75%, 0, 0, 6, 22104.49, 60072846, 377
2860, 65, 9, 274, 17, 0, 7.75%, 0, 0, 6, 24584.81, 60205984, 377
2865, 65, 24, 274, 17, 0, 7.75%, 0, 0, 6, 23364.23, 60320404, 377
2870, 65, 13, 274, 17, 0, 7.75%, 0, 0, 6, 24613.19, 60450799, 377
2875, 65, 21, 274, 17, 0, 7.75%, 0, 0, 6, 23908.20, 60571359, 377
2881, 65, 56, 274, 17, 0, 7.75%, 0, 0, 6, 22117.90, 60682624, 377
2886, 66, 9, 274, 17, 0, 7.75%, 0, 0, 6, 24240.77, 60805455, 377
2891, 66, 14, 274, 17, 0, 7.75%, 0, 0, 6, 25382.65, 60937350, 377
2896, 66, 13, 274, 17, 0, 7.75%, 0, 0, 6, 24205.07, 61061304, 377
2901, 66, 56, 274, 17, 0, 7.75%, 0, 0, 6, 23429.32, 61183723, 377
2906, 66, 69, 274, 17, 0, 7.75%, 0, 0, 6, 24252.38, 61306120, 377
2912, 66, 13, 274, 17, 0, 7.75%, 0, 0, 6, 23603.10, 61429319, 377
2917, 66, 56, 274, 17, 0, 7.75%, 0, 0, 6, 23777.98, 61546120, 377
2922, 67, 13, 274, 17, 0, 7.75%, 0, 0, 6, 23758.87, 61668684, 377
2927, 67, 69, 274, 17, 0, 7.75%, 0, 0, 6, 24294.66, 61787872, 377
2932, 67, 90, 274, 17, 0, 7.75%, 0, 0, 6, 23708.46, 61910033, 377
2937, 67, 9, 274, 17, 0, 7.75%, 0, 0, 6, 21681.58, 62024410, 377
2942, 67, 57, 274, 17, 0, 7.75%, 0, 0, 6, 21114.84, 62131216, 377
2948, 67, 60, 274, 17, 0, 7.75%, 0, 0, 6, 23935.62, 62262696, 377
2953, 67, 13, 274, 17, 0, 7.75%, 0, 0, 6, 22243.80, 62380798, 377
2958, 68, 13, 274, 17, 0, 7.75%, 0, 0, 6, 25347.01, 62514307, 377
2963, 68, 40, 274, 17, 0, 7.75%, 0, 0, 6, 23430.91, 62630702, 377
2968, 68, 24, 274, 17, 0, 7.75%, 0, 0, 6, 27028.43, 62777359, 377
2973, 68, 13, 274, 17, 0, 7.75%, 0, 0, 6, 25515.98, 62901949, 377
2978, 68, 24, 274, 17, 0, 7.75%, 0, 0, 6, 24317.60, 63028001, 377
2984, 68, 40, 274, 17, 0, 7.75%, 0, 0, 6, 21940.93, 63142117, 377
2989, 68, 13, 274, 17, 0, 7.75%, 0, 0, 6, 24086.40, 63269920, 377
2994, 69, 163, 274, 17, 0, 7.75%, 0, 0, 6, 25602.62, 63400484, 377
2999, 69, 56, 274, 17, 0, 7.75%, 0, 0, 6, 23144.56, 63513903, 377
3004, 69, 84, 274, 17, 0, 7.75%, 0, 0, 6, 22314.74, 63626744, 377
3009, 69, 11, 274, 16, 0, 7.75%, 0, 0, 6, 21781.98, 63739386, 377
3014, 69, 84, 274, 16, 0, 7.75%, 0, 0, 6, 22195.33, 63851844, 377
3020, 69, 69, 274, 16, 0, 7.75%, 0, 0, 6, 23760.51, 63971203, 377
3025, 69, 69, 274, 16, 0, 7.75%, 0, 0, 6, 24892.87, 64095279, 377
3030, 69, 105, 274, 16, 0, 7.75%, 0, 0, 6, 23035.44, 64214544, 377
3035, 70, 113, 274, 16, 0, 7.75%, 0, 0, 6, 24372.31, 64337066, 377
3040, 70, 84, 274, 16, 0, 7.75%, 0, 0, 6, 25896.13, 64472061, 377
3045, 70, 69, 274, 16, 0, 7.75%, 0, 0, 6, 24223.74, 64592160, 377
3051, 70, 91, 274, 16, 0, 7.75%, 0, 0, 6, 24145.67, 64722497, 377
3056, 70, 9, 274, 16, 0, 7.75%, 0, 0, 6, 24932.36, 64850979, 377
3061, 70, 49, 274, 16, 0, 7.75%, 0, 0, 6, 22543.45, 64960504, 377
3066, 70, 36, 274, 16, 0, 7.75%, 0, 0, 6, 22315.86, 65070636, 377
3071, 71, 40, 274, 16, 0, 7.75%, 0, 0, 6, 25389.72, 65204646, 377
3076, 71, 13, 274, 16, 0, 7.75%, 0, 0, 6, 24972.05, 65331959, 377
3081, 71, 24, 274, 16, 0, 7.75%, 0, 0, 6, 22355.85, 65446951, 377
3086, 71, 92, 274, 16, 0, 7.75%, 0, 0, 6, 23524.01, 65566640, 377
3092, 71, 29, 274, 16, 0, 7.75%, 0, 0, 6, 20656.58, 65663588, 377
3097, 71, 69, 274, 16, 0, 7.75%, 0, 0, 6, 24707.98, 65799137, 377
3102, 71, 29, 274, 16, 0, 7.75%, 0, 0, 6, 22144.30, 65909990, 377
3107, 71, 69, 274, 16, 0, 7.75%, 0, 0, 6, 23524.36, 66030029, 377
3112, 72, 67, 274, 16, 0, 7.75%, 0, 0, 6, 19029.73, 66120755, 377
3117, 72, 21, 274, 16, 0, 7.75%, 0, 0, 6, 21869.93, 66241485, 377
3122, 72, 92, 274, 16, 0, 7.75%, 0, 0, 6, 22167.83, 66362950, 377
3127, 72, 113, 274, 16, 0, 7.75%, 0, 0, 6, 22902.27, 66475789, 377
3133, 72, 84, 274, 16, 0, 7.75%, 0, 0, 6, 21731.62, 66592634, 377
3138, 72, 128, 274, 16, 0, 7.75%, 0, 0, 6, 23345.27, 66712694, 377
3143, 72, 56, 274, 16, 0, 7.75%, 0, 0, 6, 22454.00, 66828140, 377
3148, 73, 69, 274, 16, 0, 7.75%, 0, 0, 6, 24066.57, 66949525, 377
3153, 73, 13, 274, 16, 0, 7.75%, 0, 0, 6, 22610.79, 67064176, 377
3158, 73, 40, 274, 16, 0, 7.75%, 0, 0, 6, 22435.79, 67176697, 377
3163, 73, 9, 274, 16, 0, 7.75%, 0, 0, 6, 21203.10, 67284319, 377
3168, 73, 24, 274, 16, 0, 7.75%, 0, 0, 6, 23895.62, 67404180, 377
3173, 73, 55, 274, 16, 0, 7.75%, 0, 0, 6, 23533.49, 67525812, 377
3178, 73, 13, 274, 16, 0, 7.75%, 0, 0, 6, 21654.19, 67625165, 377
3183, 73, 116, 274, 16, 0, 7.75%, 0, 0, 6, 15766.38, 67695628, 377
3189, 73, 105, 274, 16, 0, 7.75%, 0, 0, 6, 18715.74, 67790582, 377
3194, 74, 21, 274, 16, 0, 7.75%, 0, 0, 6, 19717.31, 67896643, 377
3199, 74, 69, 274, 16, 0, 7.75%, 0, 0, 6, 20278.48, 67997915, 377
3204, 74, 69, 274, 16, 0, 7.75%, 0, 0, 6, 20812.03, 68102210, 377
3209, 74, 69, 274, 16, 0, 7.75%, 0, 0, 6, 21797.87, 68217300, 377
3214, 74, 13, 274, 15, 0, 7.75%, 0, 0, 6, 20122.43, 68313372, 377
3219, 74, 185, 274, 15, 0, 7.75%, 0, 0, 6, 19236.51, 68414814, 377
3225, 74, 40, 274, 15, 0, 7.75%, 0, 0, 6, 20425.76, 68521570, 377
3230, 74, 84, 274, 15, 0, 7.75%, 0, 0, 6, 20400.30, 68625317, 377
3235, 74, 24, 274, 15, 0, 7.75%, 0, 0, 6, 21441.94, 68733219, 377
3240, 75, 9, 274, 15, 0, 7.75%, 0, 0, 6, 20796.70, 68833150, 377
3245, 75, 69, 274, 15, 0, 7.75%, 0, 0, 6, 22322.06, 68945022, 377
3250, 75, 13, 274, 15, 0, 7.75%, 0, 0, 6, 19977.43, 69043434, 377
3256, 75, 21, 274, 15, 0, 7.75%, 0, 0, 6, 19648.52, 69149572, 377
3261, 75, 9, 274, 15, 0, 7.75%, 0, 0, 6, 18863.76, 69245727, 377
3266, 75, 90, 274, 15, 0, 7.75%, 0, 0, 6, 19806.78, 69346090, 377
3271, 75, 24, 274, 15, 0, 7.75%, 0, 0, 6, 20618.64, 69448088, 377
3276, 75, 40, 274, 15, 0, 7.75%, 0, 0, 6, 23889.85, 69568774, 377
3281, 76, 13, 274, 15, 0, 7.75%, 0, 0, 6, 20516.50, 69668361, 377
3286, 76, 36, 274, 15, 0, 7.75%, 0, 0, 6, 21349.94, 69774648, 377
3291, 76, 56, 274, 15, 0, 7.75%, 0, 0, 6, 21205.23, 69881461, 377
3296, 76, 11, 274, 15, 0, 7.75%, 0, 0, 6, 19319.96, 69975222, 377
3302, 76, 105, 274, 15, 0, 7.75%, 0, 0, 6, 19963.46, 70083846, 377
3307, 76, 24, 274, 15, 0, 7.75%, 0, 0, 6, 22626.94, 70209224, 377
3312, 76, 40, 274, 15, 0, 7.75%, 0, 0, 6, 21415.42, 70316142, 377
3317, 76, 45, 274, 14, 0, 7.75%, 0, 0, 6, 20367.88, 70414725, 377
3322, 77, 234, 274, 14, 0, 7.75%, 0, 0, 6, 19951.80, 70525187, 377
3327, 77, 105, 274, 13, 0, 7.75%, 0, 0, 6, 23196.76, 70646213, 377
3333, 77, 56, 274, 13, 0, 7.75%, 0, 0, 6, 19898.23, 70748034, 377
3338, 77, 69, 274, 13, 0, 7.75%, 0, 0, 6, 20383.04, 70858034, 377
3343, 77, 56, 274, 13, 0, 7.75%, 0, 0, 6, 20539.46, 70971781, 377
3348, 77, 69, 274, 13, 0, 7.75%, 0, 0, 6, 22265.41, 71089240, 377
3353, 77, 55, 274, 13, 0, 7.75%, 0, 0, 6, 20599.67, 71193820, 377
3358, 77, 9, 274, 13, 0, 7.75%, 0, 0, 6, 19928.22, 71299967, 377
3363, 77, 90, 274, 13, 0, 7.75%, 0, 0, 6, 22498.62, 71418027, 377
3368, 78, 40, 274, 13, 0, 7.75%, 0, 0, 6, 19997.12, 71516814, 377
3373, 78, 24, 274, 13, 0, 7.75%, 0, 0, 6, 20595.71, 71624612, 377
3378, 78, 105, 274, 13, 0, 7.75%, 0, 0, 6, 21570.95, 71739232, 377
3384, 78, 253, 274, 13, 0, 7.75%, 0, 0, 6, 16484.36, 71824847, 377
3389, 78, 84, 274, 12, 0, 7.75%, 0, 0, 6, 17877.73, 71911129, 377
3394, 78, 40, 274, 12, 0, 7.75%, 0, 0, 6, 19989.91, 72023518, 377
3399, 78, 9, 274, 12, 0, 7.75%, 0, 0, 6, 22826.79, 72146830, 377
3404, 78, 84, 274, 12, 0, 7.75%, 0, 0, 6, 22688.49, 72264988, 377
3409, 79, 55, 274, 12, 0, 7.75%, 0, 0, 6, 22296.21, 72378289, 377
3414, 79, 21, 274, 12, 0, 7.75%, 0, 0, 6, 20377.40, 72478448, 377
3419, 79, 55, 274, 12, 0, 7.75%, 0, 0, 6, 19423.24, 72572550, 377
3425, 79, 55, 274, 12, 0, 7.75%, 0, 0, 6, 21947.49, 72683997, 377
3430, 79, 69, 274, 12, 0, 7.75%, 0, 0, 6, 22576.57, 72797922, 377
3435, 79, 56, 274, 12, 0, 7.75%, 0, 0, 6, 24944.38, 72926868, 377
3440, 79, 90, 274, 12, 0, 7.75%, 0, 0, 6, 24912.69, 73053205, 377
3445, 80, 90, 274, 12, 0, 7.75%, 0, 0, 6, 24544.53, 73174003, 377
3450, 80, 13, 274, 12, 0, 7.75%, 0, 0, 6, 23308.34, 73295166, 377
3456, 80, 9, 274, 12, 0, 7.75%, 0, 0, 6, 23416.64, 73414812, 377
3461, 80, 84, 274, 12, 0, 7.75%, 0, 0, 6, 24232.60, 73540605, 377
3466, 80, 56, 274, 12, 0, 7.75%, 0, 0, 6, 22995.48, 73652076, 377
3471, 80, 198, 274, 12, 0, 7.75%, 0, 0, 6, 20335.87, 73763347, 377
3476, 80, 13, 274, 12, 0, 7.75%, 0, 0, 6, 21648.12, 73870770, 377
3481, 80, 92, 274, 12, 0, 7.75%, 0, 0, 6, 23783.85, 73995642, 377
3486, 81, 69, 274, 12, 0, 7.75%, 0, 0, 6, 21571.09, 74102896, 377
3491, 81, 69, 274, 12, 0, 7.75%, 0, 0, 6, 21848.24, 74212564, 377
3496, 81, 36, 274, 12, 0, 7.75%, 0, 0, 6, 21250.48, 74315101, 377
3501, 81, 69, 274, 12, 0, 7.75%, 0, 0, 6, 21282.01, 74429644, 377
3506, 81, 56, 274, 12, 0, 7.75%, 0, 0, 6, 22103.87, 74535776, 377
3512, 81, 57, 274, 12, 0, 7.75%, 0, 0, 6, 20246.46, 74641286, 377
3517, 81, 90, 274, 12, 0, 7.75%, 0, 0, 6, 23378.54, 74759856, 377
3522, 81, 116, 274, 12, 0, 7.75%, 0, 0, 6, 25808.70, 74892236, 377
3527, 82, 24, 274, 12, 0, 7.75%, 0, 0, 6, 25035.47, 75018140, 377
3532, 82, 13, 274, 12, 0, 7.75%, 0, 0, 6, 18093.90, 75098560, 377
3537, 82, 84, 274, 12, 0, 7.75%, 0, 0, 6, 15824.67, 75188220, 377
3542, 82, 29, 274, 12, 0, 7.75%, 0, 0, 6, 19266.05, 75292186, 377
3547, 82, 56, 274, 12, 0, 7.75%, 0, 0, 6, 21452.02, 75403354, 377
3552, 82, 55, 274, 12, 0, 7.75%, 0, 0, 6, 16993.17, 75484090, 377
3558, 82, 61, 274, 12, 0, 7.75%, 0, 0, 6, 20277.07, 75594327, 377
3563, 82, 13, 274, 12, 0, 7.75%, 0, 0, 6, 20784.29, 75702398, 377
3568, 82, 84, 274, 12, 0, 7.75%, 0, 0, 6, 16647.94, 75786885, 377
3573, 83, 24, 274, 12, 0, 7.75%, 0, 0, 6, 18209.87, 75884678, 377
3578, 83, 56, 274, 12, 0, 7.75%, 0, 0, 6, 9872.41, 75928074, 377
3583, 83, 13, 274, 12, 0, 7.75%, 0, 0, 6, 12005.04, 75991400, 377
3588, 83, 105, 274, 12, 0, 7.75%, 0, 0, 6, 12849.51, 76056979, 377
3593, 83, 24, 274, 12, 0, 7.75%, 0, 0, 6, 13444.22, 76124875, 377
3599, 83, 13, 274, 12, 0, 7.75%, 0, 0, 6, 13205.86, 76188998, 377
3600, 83, 40, 274, 12, 0, 7.75%, 0, 0, 6, 13820.02, 76203695, 377
