# relative_time, cycles_done, cur_item, corpus_count, pending_total, pending_favs, map_size, saved_crashes, saved_hangs, max_depth, execs_per_sec, total_execs, edges_found
60, 0, 213, 338, 301, 46, 14.21%, 0, 0, 4, 15682.76, 1262145, 1037
66, 0, 298, 361, 321, 44, 14.27%, 0, 0, 5, 24501.85, 1394126, 1041
71, 0, 298, 372, 332, 44, 14.27%, 0, 0, 5, 20568.58, 1487346, 1041
76, 0, 193, 380, 339, 46, 14.27%, 0, 0, 5, 24239.19, 1612342, 1041
81, 0, 193, 384, 343, 46, 14.27%, 0, 0, 5, 16996.58, 1688636, 1041
86, 0, 237, 392, 346, 41, 14.27%, 0, 0, 5, 22455.42, 1809378, 1041
91, 0, 335, 402, 355, 40, 14.27%, 0, 0, 5, 20169.49, 1906086, 1041
96, 0, 335, 408, 361, 40, 14.27%, 0, 0, 5, 20323.46, 2006233, 1041
101, 0, 348, 411, 360, 36, 14.27%, 0, 0, 5, 22504.18, 2109186, 1041
106, 0, 140, 421, 362, 28, 14.27%, 0, 0, 5, 20386.83, 2208472, 1041
111, 0, 221, 426, 358, 20, 14.27%, 0, 0, 5, 16798.30, 2281800, 1041
116, 0, 254, 437, 362, 14, 14.27%, 0, 0, 5, 19796.38, 2382183, 1041
121, 0, 401, 444, 366, 13, 14.27%, 0, 0, 5, 15484.83, 2459469, 1041
127, 0, 401, 447, 369, 13, 14.27%, 0, 0, 5, 17353.58, 2552066, 1041
132, 0, 401, 448, 370, 13, 14.27%, 0, 0, 5, 17170.49, 2627587, 1041
137, 0, 253, 460, 379, 11, 14.27%, 0, 0, 5, 25145.53, 2762492, 1041
142, 0, 227, 464, 381, 9, 14.27%, 0, 0, 5, 18845.99, 2845037, 1041
147, 0, 58, 469, 383, 8, 14.27%, 0, 0, 5, 22503.54, 2960187, 1041
152, 0, 228, 474, 387, 7, 14.27%, 0, 0, 5, 21871.51, 3065085, 1041
157, 0, 432, 477, 383, 4, 14.27%, 0, 0, 5, 17240.29, 3146601, 1041
162, 0, 407, 480, 379, 1, 14.27%, 0, 0, 5, 13612.44, 3208795, 1041
167, 0, 294, 482, 377, 0, 14.27%, 0, 0, 5, 15888.08, 3285286, 1041
172, 0, 161, 483, 377, 0, 14.27%, 0, 0, 5, 22467.69, 3392699, 1041
177, 0, 474, 485, 379, 0, 14.27%, 0, 0, 5, 18230.92, 3493459, 1041
182, 0, 0, 486, 379, 0, 14.27%, 0, 0, 5, 22092.99, 3590656, 1041
187, 0, 294, 488, 381, 0, 14.27%, 0, 0, 5, 24029.68, 3732261, 1041
192, 0, 0, 490, 382, 0, 14.27%, 0, 0, 5, 24101.28, 3844482, 1041
197, 0, 77, 492, 383, 0, 14.27%, 0, 0, 5, 22545.75, 3964431, 1041
203, 0, 231, 493, 381, 0, 14.27%, 0, 0, 5, 24471.48, 4078363, 1041
208, 0, 38, 493, 378, 0, 14.27%, 0, 0, 5, 5842.65, 4194475, 1041
213, 0, 225, 493, 377, 0, 14.27%, 0, 0, 5, 17142.37, 4301230, 1041
218, 0, 2, 494, 378, 0, 14.27%, 0, 0, 5, 21393.86, 4424996, 1041
223, 0, 9, 494, 377, 0, 14.27%, 0, 0, 5, 24579.76, 4542699, 1041
228, 0, 136, 496, 376, 0, 14.27%, 0, 0, 5, 17824.14, 4631503, 1041
233, 0, 366, 496, 374, 0, 14.27%, 0, 0, 5, 23772.81, 4755132, 1041
238, 0, 9, 496, 371, 0, 14.27%, 0, 0, 5, 19492.73, 4852385, 1041
243, 0, 0, 497, 372, 0, 14.27%, 0, 0, 5, 24644.77, 4982148, 1041
248, 0, 276, 499, 373, 0, 14.27%, 0, 0, 5, 21073.43, 5096041, 1041
254, 0, 0, 500, 371, 0, 14.27%, 0, 0, 5, 22371.32, 5202338, 1041
259, 0, 108, 500, 369, 0, 14.27%, 0, 0, 5, 19499.09, 5308702, 1041
264, 0, 396, 502, 368, 0, 14.27%, 0, 0, 5, 14705.95, 5380680, 1041
269, 0, 479, 507, 372, 0, 14.27%, 0, 0, 5, 12952.26, 5444628, 1041
274, 0, 297, 508, 372, 0, 14.27%, 0, 0, 5, 15613.16, 5520785, 1041
279, 0, 228, 510, 371, 0, 14.27%, 0, 0, 5, 14361.85, 5593984, 1041
284, 0, 507, 514, 374, 0, 14.27%, 0, 0, 6, 15978.21, 5678268, 1041
289, 0, 507, 514, 374, 0, 14.27%, 0, 0, 6, 10247.20, 5725168, 1041
294, 0, 507, 518, 378, 0, 14.27%, 0, 0, 6, 10443.71, 5780831, 1041
299, 0, 30, 518, 377, 0, 14.27%, 0, 0, 6, 12872.33, 5842054, 1041
304, 0, 115, 521, 378, 0, 14.27%, 0, 0, 6, 21260.30, 5954146, 1041
309, 0, 231, 521, 377, 0, 14.27%, 0, 0, 6, 19525.58, 6056738, 1041
315, 0, 30, 522, 377, 0, 14.27%, 0, 0, 6, 28363.84, 6204436, 1041
320, 0, 272, 522, 377, 0, 14.27%, 0, 0, 6, 21798.42, 6316939, 1041
325, 0, 0, 524, 376, 0, 14.27%, 0, 0, 6, 21150.96, 6423398, 1041
330, 0, 513, 528, 380, 0, 14.27%, 0, 0, 7, 10561.76, 6461628, 1041
335, 0, 513, 528, 380, 0, 14.27%, 0, 0, 7, 8419.77, 6501112, 1041
340, 0, 513, 528, 380, 0, 14.27%, 0, 0, 7, 7624.74, 6539833, 1041
345, 0, 513, 528, 380, 0, 14.27%, 0, 0, 7, 7674.66, 6581353, 1041
350, 0, 0, 528, 379, 0, 14.27%, 0, 0, 7, 9716.77, 6629262, 1041
355, 0, 356, 531, 381, 0, 14.27%, 0, 0, 7, 13756.30, 6707212, 1041
360, 0, 86, 531, 377, 0, 14.27%, 0, 0, 7, 14274.72, 6777948, 1041
366, 0, 9, 531, 377, 0, 14.27%, 0, 0, 7, 22685.12, 6901557, 1041
371, 0, 136, 531, 374, 0, 14.27%, 0, 0, 7, 16909.16, 6980040, 1041
376, 0, 396, 533, 372, 0, 14.27%, 0, 0, 7, 18374.46, 7073272, 1041
381, 0, 0, 533, 371, 0, 14.27%, 0, 0, 7, 16285.93, 7147734, 1041
386, 0, 445, 534, 371, 0, 14.27%, 0, 0, 7, 20631.62, 7266114, 1041
391, 0, 86, 534, 368, 0, 14.27%, 0, 0, 7, 18746.23, 7363018, 1041
396, 0, 526, 534, 368, 0, 14.27%, 0, 0, 7, 19339.51, 7458482, 1041
401, 0, 0, 535, 367, 0, 14.27%, 0, 0, 7, 19495.57, 7540455, 1041
406, 0, 43, 536, 364, 0, 14.27%, 0, 0, 7, 21848.71, 7654624, 1041
411, 0, 38, 536, 363, 0, 14.27%, 0, 0, 7, 21449.10, 7755092, 1041
417, 1, 522, 539, 363, 0, 14.27%, 0, 0, 7, 21032.69, 7866591, 1041
422, 1, 473, 542, 365, 0, 14.27%, 0, 0, 7, 14022.10, 7943137, 1041
427, 1, 525, 544, 362, 0, 14.27%, 0, 0, 8, 11300.57, 8003000, 1041
432, 1, 9, 544, 359, 0, 14.27%, 0, 0, 8, 14266.11, 8069926, 1041
437, 1, 85, 544, 355, 0, 14.27%, 0, 0, 8, 17911.39, 8167888, 1041
442, 1, 536, 547, 353, 0, 14.27%, 0, 0, 8, 14903.56, 8236739, 1041
447, 1, 417, 551, 356, 0, 14.27%, 0, 0, 8, 13625.85, 8304275, 1041
452, 1, 99, 553, 352, 0, 14.27%, 0, 0, 8, 14658.73, 8380746, 1041
457, 1, 122, 555, 352, 0, 14.27%, 0, 0, 8, 12153.83, 8442191, 1041
462, 1, 86, 556, 348, 0, 14.27%, 0, 0, 8, 14732.32, 8512972, 1041
468, 1, 553, 559, 351, 0, 14.27%, 0, 0, 9, 11377.67, 8570826, 1041
473, 1, 553, 559, 351, 0, 14.27%, 0, 0, 9, 10492.97, 8618994, 1041
478, 1, 553, 559, 351, 0, 14.27%, 0, 0, 9, 10061.34, 8670383, 1041
483, 1, 553, 559, 351, 0, 14.27%, 0, 0, 9, 8456.59, 8711633, 1041
488, 1, 543, 560, 349, 0, 14.27%, 0, 0, 9, 13476.42, 8793771, 1041
493, 1, 504, 560, 348, 0, 14.27%, 0, 0, 9, 16565.88, 8864830, 1041
498, 1, 86, 560, 344, 0, 14.27%, 0, 0, 9, 17201.56, 8955130, 1041
503, 1, 358, 560, 343, 0, 14.27%, 0, 0, 9, 23120.15, 9083855, 1041
508, 1, 310, 561, 338, 0, 14.27%, 0, 0, 9, 15002.86, 9152531, 1041
513, 1, 362, 561, 332, 0, 14.27%, 0, 0, 9, 13977.68, 9218436, 1041
518, 1, 393, 562, 327, 0, 14.27%, 0, 0, 9, 12037.76, 9280970, 1041
523, 1, 561, 564, 329, 0, 14.27%, 0, 0, 9, 13198.94, 9343189, 1041
529, 1, 335, 564, 326, 0, 14.27%, 0, 0, 9, 13892.47, 9424695, 1041
534, 1, 38, 564, 321, 0, 14.27%, 0, 0, 9, 18838.19, 9521102, 1041
539, 1, 0, 564, 320, 0, 14.27%, 0, 0, 9, 15426.37, 9584416, 1041
544, 1, 123, 564, 317, 0, 14.27%, 0, 0, 9, 19201.73, 9691938, 1041
549, 1, 136, 564, 315, 0, 14.27%, 0, 0, 9, 9200.62, 9749458, 1041
554, 1, 368, 564, 313, 0, 14.27%, 0, 0, 9, 19215.70, 9861184, 1041
559, 1, 65, 564, 309, 0, 14.27%, 0, 0, 9, 12897.28, 9924924, 1041
564, 1, 217, 565, 306, 0, 14.27%, 0, 0, 9, 17666.98, 10018655, 1041
569, 1, 529, 567, 305, 0, 14.27%, 0, 0, 9, 15385.84, 10099504, 1041
575, 1, 110, 567, 301, 0, 14.27%, 0, 0, 9, 17589.08, 10185756, 1041
580, 1, 260, 567, 298, 0, 14.27%, 0, 0, 9, 13323.81, 10245103, 1041
585, 1, 550, 570, 299, 0, 14.27%, 0, 0, 9, 18609.35, 10347453, 1041
590, 1, 550, 571, 300, 0, 14.27%, 0, 0, 9, 13467.88, 10411667, 1041
595, 1, 405, 571, 297, 0, 14.27%, 0, 0, 9, 17973.80, 10506287, 1041
600, 1, 185, 571, 291, 0, 14.27%, 0, 0, 9, 18925.40, 10597435, 1041
605, 1, 548, 572, 289, 0, 14.27%, 0, 0, 9, 14149.64, 10669490, 1041
610, 1, 34, 572, 287, 0, 14.27%, 0, 0, 9, 17469.89, 10765875, 1041
615, 1, 0, 572, 285, 0, 14.27%, 0, 0, 9, 23153.93, 10896337, 1041
620, 1, 394, 572, 284, 0, 14.27%, 0, 0, 9, 15284.69, 10966953, 1041
625, 1, 558, 574, 284, 0, 14.27%, 0, 0, 9, 3048.68, 11045382, 1041
631, 1, 507, 574, 282, 0, 14.27%, 0, 0, 9, 7137.79, 11085448, 1041
636, 1, 502, 576, 281, 0, 14.27%, 0, 0, 9, 14190.85, 11165011, 1041
641, 1, 38, 576, 279, 0, 14.27%, 0, 0, 9, 19151.90, 11256400, 1041
646, 1, 197, 577, 276, 0, 14.27%, 0, 0, 9, 18296.00, 11350762, 1041
651, 1, 489, 580, 277, 0, 14.27%, 0, 0, 9, 12077.25, 11402749, 1041
656, 1, 489, 581, 278, 0, 14.27%, 0, 0, 9, 13691.73, 11472831, 1041
661, 1, 381, 581, 272, 0, 14.27%, 0, 0, 9, 17278.92, 11556440, 1041
667, 1, 57, 581, 267, 0, 14.27%, 0, 0, 9, 17549.25, 11650525, 1041
672, 1, 136, 582, 265, 0, 14.27%, 0, 0, 9, 15788.35, 11724082, 1041
677, 1, 0, 583, 262, 0, 14.27%, 0, 0, 9, 19343.59, 11827687, 1041
682, 1, 579, 583, 261, 0, 14.27%, 0, 0, 9, 16645.52, 11905198, 1041
687, 1, 86, 584, 258, 0, 14.27%, 0, 0, 9, 17609.18, 11996259, 1041
692, 1, 85, 584, 255, 0, 14.27%, 0, 0, 9, 15237.85, 12069536, 1041
697, 1, 134, 584, 252, 0, 14.27%, 0, 0, 9, 15506.26, 12147800, 1041
702, 1, 113, 584, 249, 0, 14.27%, 0, 0, 9, 13596.07, 12214235, 1041
707, 1, 85, 584, 246, 0, 14.27%, 0, 0, 9, 14018.88, 12291318, 1041
712, 1, 134, 584, 242, 0, 14.27%, 0, 0, 9, 14579.77, 12368201, 1041
717, 1, 185, 584, 238, 0, 14.27%, 0, 0, 9, 16395.52, 12456294, 1041
722, 1, 549, 586, 240, 0, 14.27%, 0, 0, 9, 16909.02, 12556636, 1041
727, 1, 509, 587, 241, 0, 14.27%, 0, 0, 9, 13233.90, 12617312, 1041
733, 1, 2, 587, 239, 0, 14.27%, 0, 0, 9, 19290.97, 12719381, 1041
738, 1, 43, 588, 239, 0, 14.27%, 0, 0, 9, 14224.26, 12785819, 1041
743, 1, 64, 588, 238, 0, 14.27%, 0, 0, 9, 20652.97, 12889160, 1041
748, 1, 113, 588, 235, 0, 14.27%, 0, 0, 9, 15421.98, 12969014, 1041
753, 1, 123, 588, 233, 0, 14.27%, 0, 0, 9, 6181.57, 13022867, 1041
758, 1, 564, 588, 229, 0, 14.27%, 0, 0, 9, 10837.69, 13086650, 1041
763, 1, 134, 589, 225, 0, 14.27%, 0, 0, 9, 13523.91, 13160163, 1041
768, 1, 339, 589, 223, 0, 14.27%, 0, 0, 9, 18687.01, 13266556, 1041
773, 1, 417, 589, 219, 0, 14.27%, 0, 0, 9, 16252.30, 13355315, 1041
779, 1, 20, 589, 215, 0, 14.27%, 0, 0, 9, 13152.46, 13420812, 1041
784, 2, 0, 622, 246, 0, 14.27%, 0, 0, 9, 18219.24, 13516711, 1041
789, 2, 603, 622, 244, 0, 14.27%, 0, 0, 9, 13844.31, 13591814, 1041
794, 2, 0, 622, 242, 0, 14.27%, 0, 0, 9, 23195.02, 13718450, 1041
799, 2, 184, 622, 241, 0, 14.27%, 0, 0, 9, 14713.99, 13789619, 1041
804, 2, 228, 622, 239, 0, 14.27%, 0, 0, 9, 18949.13, 13898559, 1041
809, 2, 233, 622, 236, 0, 14.27%, 0, 0, 9, 16370.44, 13981810, 1041
814, 2, 38, 622, 234, 0, 14.27%, 0, 0, 9, 18035.53, 14068123, 1041
820, 2, 163, 622, 232, 0, 14.27%, 0, 0, 9, 13239.86, 14131647, 1041
825, 2, 566, 622, 228, 0, 14.27%, 0, 0, 9, 16669.58, 14220347, 1041
830, 2, 580, 622, 225, 0, 14.27%, 0, 0, 9, 11663.37, 14279138, 1041
835, 2, 123, 622, 219, 0, 14.27%, 0, 0, 9, 17378.03, 14372500, 1041
840, 2, 239, 622, 218, 0, 14.27%, 0, 0, 9, 18395.66, 14460202, 1041
845, 2, 134, 623, 218, 0, 14.27%, 0, 0, 9, 9558.45, 14510276, 1041
850, 2, 571, 623, 216, 0, 14.27%, 0, 0, 9, 8785.13, 14557378, 1041
855, 2, 6, 623, 213, 0, 14.27%, 0, 0, 9, 19787.66, 14666848, 1041
860, 2, 86, 623, 211, 0, 14.27%, 0, 0, 9, 10198.91, 14746304, 1041
866, 2, 546, 623, 210, 0, 14.27%, 0, 0, 9, 21339.63, 14873225, 1041
871, 2, 136, 623, 205, 0, 14.27%, 0, 0, 9, 15886.63, 14945777, 1041
876, 2, 596, 623, 205, 0, 14.27%, 0, 0, 9, 17637.15, 15037022, 1041
881, 2, 0, 623, 202, 0, 14.27%, 0, 0, 9, 17362.18, 15117926, 1041
886, 2, 113, 623, 199, 0, 14.27%, 0, 0, 9, 18316.95, 15212726, 1041
891, 2, 2, 623, 197, 0, 14.27%, 0, 0, 9, 17756.18, 15304645, 1041
896, 2, 551, 623, 195, 0, 14.27%, 0, 0, 9, 19502.05, 15408152, 1041
901, 2, 184, 623, 192, 0, 14.27%, 0, 0, 9, 19946.90, 15498902, 1041
906, 2, 134, 623, 192, 0, 14.27%, 0, 0, 9, 17619.06, 15580707, 1041
911, 2, 228, 623, 192, 0, 14.27%, 0, 0, 9, 20340.49, 15674821, 1041
916, 2, 65, 623, 189, 0, 14.27%, 0, 0, 9, 20471.98, 15768355, 1041
921, 2, 559, 623, 185, 0, 14.27%, 0, 0, 9, 11112.97, 15813212, 1041
926, 2, 69, 623, 184, 0, 14.27%, 0, 0, 9, 19927.63, 15935033, 1041
931, 2, 136, 623, 183, 0, 14.27%, 0, 0, 9, 17512.04, 16017486, 1041
937, 2, 136, 624, 182, 0, 14.27%, 0, 0, 9, 18605.09, 16112038, 1041
942, 2, 623, 624, 181, 0, 14.27%, 0, 0, 9, 14986.96, 16181238, 1041
947, 2, 85, 625, 181, 0, 14.27%, 0, 0, 9, 19781.65, 16280254, 1041
952, 2, 0, 625, 180, 0, 14.27%, 0, 0, 9, 17068.98, 16360121, 1041
957, 2, 293, 625, 179, 0, 14.27%, 0, 0, 9, 21938.64, 16486659, 1041
962, 2, 293, 625, 176, 0, 14.27%, 0, 0, 9, 19296.04, 16575948, 1041
967, 2, 194, 625, 173, 0, 14.27%, 0, 0, 9, 19802.52, 16682837, 1041
972, 2, 343, 625, 171, 0, 14.27%, 0, 0, 9, 19570.63, 16772987, 1041
977, 2, 0, 625, 169, 0, 14.27%, 0, 0, 9, 17061.28, 16861389, 1041
982, 2, 573, 625, 168, 0, 14.27%, 0, 0, 9, 21017.29, 16953233, 1041
987, 2, 525, 625, 167, 0, 14.27%, 0, 0, 9, 17117.67, 17044207, 1041
992, 2, 135, 625, 164, 0, 14.27%, 0, 0, 9, 20680.76, 17143817, 1041
997, 2, 0, 625, 162, 0, 14.27%, 0, 0, 9, 17908.19, 17242082, 1041
1003, 2, 527, 625, 161, 0, 14.27%, 0, 0, 9, 12502.84, 17304808, 1041
1008, 2, 624, 627, 161, 0, 14.27%, 0, 0, 9, 9186.73, 17352410, 1041
1013, 2, 9, 627, 160, 0, 14.27%, 0, 0, 9, 15903.89, 17429512, 1041
1018, 2, 622, 627, 158, 0, 14.27%, 0, 0, 9, 12104.62, 17483733, 1041
1023, 2, 123, 627, 157, 0, 14.27%, 0, 0, 9, 13381.19, 17551064, 1041
1028, 2, 556, 627, 156, 0, 14.27%, 0, 0, 9, 16498.98, 17656760, 1041
1033, 2, 134, 627, 154, 0, 14.27%, 0, 0, 9, 13331.96, 17719042, 1041
1038, 2, 0, 627, 154, 0, 14.27%, 0, 0, 9, 15655.55, 17792882, 1041
1043, 2, 381, 627, 153, 0, 14.27%, 0, 0, 9, 20941.28, 17905695, 1041
1048, 2, 456, 627, 152, 0, 14.27%, 0, 0, 9, 19041.27, 18008433, 1041
1054, 2, 2, 627, 151, 0, 14.27%, 0, 0, 9, 15745.51, 18071134, 1041
1059, 2, 0, 627, 150, 0, 14.27%, 0, 0, 9, 18536.88, 18174641, 1041
1064, 2, 543, 627, 148, 0, 14.27%, 0, 0, 9, 21678.48, 18297078, 1041
1069, 2, 20, 627, 148, 0, 14.27%, 0, 0, 9, 18608.92, 18380854, 1041
1074, 2, 38, 627, 145, 0, 14.27%, 0, 0, 9, 19294.50, 18479471, 1041
1079, 2, 515, 627, 143, 0, 14.27%, 0, 0, 9, 12384.21, 18542216, 1041
1084, 2, 123, 628, 140, 0, 14.27%, 0, 0, 9, 17897.66, 18633192, 1041
1089, 2, 30, 628, 140, 0, 14.27%, 0, 0, 9, 17474.22, 18724578, 1041
1094, 2, 136, 628, 138, 0, 14.27%, 0, 0, 9, 22200.42, 18847449, 1041
1099, 3, 237, 630, 136, 0, 14.27%, 0, 0, 9, 16855.00, 18934496, 1041
1104, 3, 65, 630, 134, 0, 14.27%, 0, 0, 9, 20009.44, 19026318, 1041
1110, 3, 0, 630, 133, 0, 14.27%, 0, 0, 9, 16462.11, 19107291, 1041
1115, 3, 136, 630, 132, 0, 14.27%, 0, 0, 9, 22847.70, 19224534, 1041
1120, 3, 0, 630, 127, 0, 14.27%, 0, 0, 9, 19626.40, 19321083, 1041
1125, 3, 513, 630, 126, 0, 14.27%, 0, 0, 9, 21820.94, 19442762, 1041
1130, 3, 86, 630, 125, 0, 14.27%, 0, 0, 9, 19803.90, 19531421, 1041
1135, 3, 123, 630, 122, 0, 14.27%, 0, 0, 9, 13822.55, 19622488, 1041
1140, 3, 30, 630, 121, 0, 14.27%, 0, 0, 9, 18438.32, 19721004, 1041
1145, 3, 629, 630, 120, 0, 14.27%, 0, 0, 9, 3921.89, 19817042, 1041
1150, 3, 237, 630, 116, 0, 14.27%, 0, 0, 9, 24229.69, 19912261, 1041
1156, 3, 123, 630, 113, 0, 14.27%, 0, 0, 9, 21294.04, 20007779, 1041
1161, 3, 329, 630, 112, 0, 14.27%, 0, 0, 9, 16845.29, 20086299, 1041
1166, 3, 86, 630, 111, 0, 14.27%, 0, 0, 9, 18967.69, 20193407, 1041
1171, 3, 244, 630, 107, 0, 14.27%, 0, 0, 9, 2501.80, 20251056, 1041
1176, 3, 123, 630, 107, 0, 14.27%, 0, 0, 9, 14645.97, 20328433, 1041
1181, 3, 0, 630, 106, 0, 14.27%, 0, 0, 9, 18959.59, 20422543, 1041
1186, 3, 136, 630, 105, 0, 14.27%, 0, 0, 9, 26855.52, 20566738, 1041
1191, 3, 0, 630, 105, 0, 14.27%, 0, 0, 9, 25969.50, 20682069, 1041
1196, 3, 43, 630, 104, 0, 14.27%, 0, 0, 9, 24245.98, 20814206, 1041
1202, 3, 494, 630, 104, 0, 14.27%, 0, 0, 9, 20563.56, 20908685, 1041
1207, 3, 110, 630, 102, 0, 14.27%, 0, 0, 9, 22032.07, 21020523, 1041
1212, 3, 553, 630, 100, 0, 14.27%, 0, 0, 9, 21751.76, 21112996, 1041
1217, 3, 293, 630, 98, 0, 14.27%, 0, 0, 9, 19282.72, 21200477, 1041
1222, 3, 122, 630, 97, 0, 14.27%, 0, 0, 9, 14702.88, 21266532, 1041
1227, 3, 337, 631, 97, 0, 14.27%, 0, 0, 9, 20212.43, 21376226, 1041
1232, 3, 237, 631, 96, 0, 14.27%, 0, 0, 9, 18761.12, 21468576, 1041
1237, 3, 136, 631, 96, 0, 14.27%, 0, 0, 9, 20903.15, 21574392, 1041
1242, 3, 0, 631, 95, 0, 14.27%, 0, 0, 9, 16424.92, 21642660, 1041
1247, 3, 123, 631, 94, 0, 14.27%, 0, 0, 9, 20035.92, 21763180, 1041
1253, 3, 46, 631, 93, 0, 14.27%, 0, 0, 9, 19263.35, 21855846, 1041
1258, 3, 587, 633, 95, 0, 14.27%, 0, 0, 9, 11241.36, 21905779, 1041
1263, 3, 27, 633, 94, 0, 14.27%, 0, 0, 9, 17863.43, 21982851, 1041
1268, 3, 237, 633, 93, 0, 14.27%, 0, 0, 9, 14967.18, 22049034, 1041
1273, 3, 134, 633, 93, 0, 14.27%, 0, 0, 9, 21858.19, 22156529, 1041
1278, 3, 631, 633, 93, 0, 14.27%, 0, 0, 9, 5278.52, 22239404, 1041
1283, 3, 184, 633, 92, 0, 14.27%, 0, 0, 9, 9199.17, 22308321, 1041
1288, 3, 46, 633, 89, 0, 14.27%, 0, 0, 9, 17601.10, 22424327, 1041
1293, 3, 136, 633, 86, 0, 14.27%, 0, 0, 9, 14250.11, 22486461, 1041
1299, 3, 343, 633, 85, 0, 14.27%, 0, 0, 9, 19247.48, 22597577, 1041
1304, 3, 0, 633, 85, 0, 14.27%, 0, 0, 9, 26137.19, 22728627, 1041
1309, 3, 0, 633, 84, 0, 14.27%, 0, 0, 9, 14587.73, 22795418, 1041
1314, 3, 558, 633, 83, 0, 14.27%, 0, 0, 9, 15534.76, 22887582, 1041
1319, 3, 631, 633, 83, 0, 14.27%, 0, 0, 9, 14314.17, 22963950, 1041
1324, 3, 115, 633, 82, 0, 14.27%, 0, 0, 9, 20405.29, 23076842, 1041
1329, 3, 79, 633, 81, 0, 14.27%, 0, 0, 9, 17832.27, 23177268, 1041
1334, 3, 186, 633, 80, 0, 14.27%, 0, 0, 9, 22818.07, 23283421, 1041
1339, 3, 507, 633, 80, 0, 14.27%, 0, 0, 9, 14933.91, 23351916, 1041
1345, 3, 569, 633, 80, 0, 14.27%, 0, 0, 9, 23076.13, 23478372, 1041
1350, 3, 239, 633, 79, 0, 14.27%, 0, 0, 9, 18635.56, 23569559, 1041
1355, 3, 145, 633, 79, 0, 14.27%, 0, 0, 9, 19206.14, 23665008, 1041
1360, 3, 136, 633, 78, 0, 14.27%, 0, 0, 9, 18164.31, 23755775, 1041
1365, 3, 254, 633, 77, 0, 14.27%, 0, 0, 9, 19601.03, 23848577, 1041
1370, 3, 34, 633, 77, 0, 14.27%, 0, 0, 9, 13847.69, 23921118, 1041
1375, 3, 30, 633, 75, 0, 14.27%, 0, 0, 9, 19991.84, 24027838, 1041
1380, 3, 461, 633, 74, 0, 14.27%, 0, 0, 9, 15872.84, 24107027, 1041
1385, 3, 557, 633, 73, 0, 14.27%, 0, 0, 9, 18582.76, 24215938, 1041
1390, 3, 631, 633, 73, 0, 14.27%, 0, 0, 9, 12984.94, 24276530, 1041
1396, 3, 575, 633, 73, 0, 14.27%, 0, 0, 9, 19135.91, 24381996, 1041
1401, 4, 123, 640, 79, 0, 14.27%, 0, 0, 9, 20774.12, 24472717, 1041
1406, 4, 135, 640, 78, 0, 14.27%, 0, 0, 9, 23339.85, 24596260, 1041
1411, 4, 123, 640, 77, 0, 14.27%, 0, 0, 9, 14141.42, 24654744, 1041
1416, 4, 9, 642, 78, 0, 14.27%, 0, 0, 9, 20786.36, 24765264, 1041
1421, 4, 46, 642, 78, 0, 14.27%, 0, 0, 9, 17979.21, 24848040, 1041
1426, 4, 604, 642, 78, 0, 14.27%, 0, 0, 9, 15928.64, 24930103, 1041
1431, 4, 241, 642, 77, 0, 14.27%, 0, 0, 9, 23507.20, 25044519, 1041
1436, 4, 209, 642, 76, 0, 14.27%, 0, 0, 9, 21220.98, 25153525, 1041
1441, 4, 184, 642, 74, 0, 14.27%, 0, 0, 9, 20252.97, 25250730, 1041
1447, 4, 580, 642, 72, 0, 14.27%, 0, 0, 9, 19244.47, 25352585, 1041
1452, 4, 132, 642, 71, 0, 14.27%, 0, 0, 9, 14374.99, 25409389, 1041
1457, 4, 0, 642, 71, 0, 14.27%, 0, 0, 9, 19020.84, 25509909, 1041
1462, 4, 86, 642, 71, 0, 14.27%, 0, 0, 9, 17175.49, 25594384, 1041
1467, 4, 27, 642, 69, 0, 14.27%, 0, 0, 9, 20926.46, 25712493, 1041
1472, 4, 163, 642, 68, 0, 14.27%, 0, 0, 9, 13506.60, 25773851, 1041
1477, 4, 86, 642, 68, 0, 14.27%, 0, 0, 9, 17192.94, 25863643, 1041
1483, 4, 386, 642, 67, 0, 14.27%, 0, 0, 9, 19753.74, 25955413, 1041
1488, 4, 559, 642, 66, 0, 14.27%, 0, 0, 9, 5130.88, 26029563, 1041
1493, 4, 0, 642, 66, 0, 14.27%, 0, 0, 9, 18017.13, 26126151, 1041
1498, 4, 228, 642, 66, 0, 14.27%, 0, 0, 9, 17139.01, 26221426, 1041
1503, 4, 548, 643, 66, 0, 14.27%, 0, 0, 9, 16755.29, 26307678, 1041
1508, 4, 123, 643, 65, 0, 14.27%, 0, 0, 9, 14598.32, 26380590, 1041
1513, 4, 184, 643, 65, 0, 14.27%, 0, 0, 9, 23153.48, 26498050, 1041
1518, 4, 604, 643, 64, 0, 14.27%, 0, 0, 9, 19125.21, 26592782, 1041
1524, 4, 255, 643, 62, 0, 14.27%, 0, 0, 9, 16090.93, 26667762, 1041
1529, 4, 311, 643, 62, 0, 14.27%, 0, 0, 9, 19726.40, 26779065, 1041
1534, 4, 479, 643, 62, 0, 14.27%, 0, 0, 9, 19498.53, 26876972, 1041
1539, 4, 0, 643, 61, 0, 14.27%, 0, 0, 9, 17795.67, 26971906, 1041
1544, 4, 34, 644, 62, 0, 14.27%, 0, 0, 9, 26448.78, 27109847, 1041
1549, 4, 515, 644, 60, 0, 14.27%, 0, 0, 9, 15056.53, 27183841, 1041
1554, 4, 1, 644, 59, 0, 14.27%, 0, 0, 9, 17295.89, 27282743, 1041
1559, 4, 631, 644, 59, 0, 14.27%, 0, 0, 9, 14362.21, 27365559, 1041
1564, 4, 0, 644, 58, 0, 14.27%, 0, 0, 9, 20986.68, 27472284, 1041
1569, 4, 25, 644, 57, 0, 14.27%, 0, 0, 9, 16890.04, 27559772, 1041
1574, 4, 260, 644, 57, 0, 14.27%, 0, 0, 9, 20674.66, 27668119, 1041
1579, 4, 9, 644, 56, 0, 14.27%, 0, 0, 9, 6524.69, 27732801, 1041
1584, 4, 122, 644, 55, 0, 14.27%, 0, 0, 9, 19506.99, 27843695, 1041
1590, 4, 642, 645, 54, 0, 14.27%, 0, 0, 9, 14215.63, 27912705, 1041
1595, 4, 85, 646, 54, 0, 14.27%, 0, 0, 9, 16860.32, 27986230, 1041
1600, 4, 632, 646, 53, 0, 14.27%, 0, 0, 9, 13304.88, 28060284, 1041
1605, 4, 0, 646, 53, 0, 14.27%, 0, 0, 9, 22496.00, 28158751, 1041
1610, 4, 355, 646, 53, 0, 14.27%, 0, 0, 9, 17340.97, 28250925, 1041
1615, 4, 524, 646, 53, 0, 14.27%, 0, 0, 9, 12240.67, 28306289, 1041
1620, 4, 558, 646, 52, 0, 14.27%, 0, 0, 9, 12371.43, 28371160, 1041
1625, 4, 27, 646, 52, 0, 14.27%, 0, 0, 9, 15321.04, 28439909, 1041
1630, 4, 46, 646, 51, 0, 14.27%, 0, 0, 9, 13918.70, 28513531, 1041
1636, 4, 38, 646, 48, 0, 14.27%, 0, 0, 9, 19244.82, 28610042, 1041
1641, 4, 9, 646, 47, 0, 14.27%, 0, 0, 9, 17185.61, 28696686, 1041
1646, 4, 139, 646, 47, 0, 14.27%, 0, 0, 9, 31230.49, 28771055, 1041
1651, 4, 260, 646, 45, 0, 14.27%, 0, 0, 9, 14480.90, 28817126, 1041
1656, 4, 418, 646, 45, 0, 14.27%, 0, 0, 9, 15745.80, 28892627, 1041
1661, 4, 46, 646, 44, 0, 14.27%, 0, 0, 9, 15010.70, 28966521, 1041
1666, 4, 557, 646, 43, 0, 14.27%, 0, 0, 9, 18533.20, 29058550, 1041
1671, 4, 34, 646, 43, 0, 14.27%, 0, 0, 9, 22903.22, 29160623, 1041
1676, 4, 201, 646, 43, 0, 14.27%, 0, 0, 9, 21911.46, 29271153, 1041
1681, 4, 331, 646, 43, 0, 14.27%, 0, 0, 9, 22538.65, 29371845, 1041
1686, 4, 9, 646, 43, 0, 14.27%, 0, 0, 9, 26136.03, 29508043, 1041
1692, 4, 556, 646, 43, 0, 14.27%, 0, 0, 9, 17060.35, 29586356, 1041
1697, 4, 25, 646, 43, 0, 14.27%, 0, 0, 9, 23112.79, 29701659, 1041
1702, 4, 2, 646, 42, 0, 14.27%, 0, 0, 9, 19482.87, 29786319, 1041
1707, 4, 395, 646, 41, 0, 14.27%, 0, 0, 9, 21390.29, 29907853, 1041
1712, 4, 643, 646, 40, 0, 14.27%, 0, 0, 9, 15005.35, 29981667, 1041
1717, 4, 0, 646, 39, 0, 14.27%, 0, 0, 9, 22937.44, 30094880, 1041
1722, 5, 652, 655, 48, 0, 14.27%, 0, 0, 9, 2630.43, 30176266, 1041
1727, 5, 136, 655, 47, 0, 14.27%, 0, 0, 9, 11061.00, 30238537, 1041
1733, 5, 86, 655, 46, 0, 14.27%, 0, 0, 9, 22382.05, 30358982, 1041
1738, 5, 34, 655, 46, 0, 14.27%, 0, 0, 9, 18837.37, 30457783, 1041
1743, 5, 561, 655, 46, 0, 14.27%, 0, 0, 9, 19595.07, 30565406, 1041
1748, 5, 0, 655, 45, 0, 14.27%, 0, 0, 9, 11404.04, 30659477, 1041
1753, 5, 533, 655, 45, 0, 14.27%, 0, 0, 9, 23270.75, 30786375, 1041
1758, 5, 0, 655, 45, 0, 14.27%, 0, 0, 9, 19680.81, 30889089, 1041
1763, 5, 512, 655, 43, 0, 14.27%, 0, 0, 9, 18134.86, 30984130, 1041
1768, 5, 149, 655, 43, 0, 14.27%, 0, 0, 9, 18896.24, 31079295, 1041
1773, 5, 136, 655, 43, 0, 14.27%, 0, 0, 9, 18908.31, 31174253, 1041
1778, 5, 383, 655, 42, 0, 14.27%, 0, 0, 9, 16769.75, 31266661, 1041
1783, 5, 0, 655, 41, 0, 14.27%, 0, 0, 9, 18561.13, 31356707, 1041
1788, 5, 138, 655, 40, 0, 14.27%, 0, 0, 9, 16613.79, 31451246, 1041
1794, 5, 25, 655, 39, 0, 14.27%, 0, 0, 9, 18049.48, 31535771, 1041
1799, 5, 25, 655, 36, 0, 14.27%, 0, 0, 9, 12236.75, 31591365, 1041
1804, 5, 34, 656, 36, 0, 14.27%, 0, 0, 9, 20007.43, 31693372, 1041
1809, 5, 638, 656, 36, 0, 14.27%, 0, 0, 9, 16566.75, 31786929, 1041
1814, 5, 443, 656, 35, 0, 14.27%, 0, 0, 9, 17407.52, 31868427, 1041
1819, 5, 237, 656, 34, 0, 14.27%, 0, 0, 9, 16394.74, 31956431, 1041
1824, 5, 534, 656, 33, 0, 14.27%, 0, 0, 9, 20396.63, 32069745, 1041
1829, 5, 636, 656, 32, 0, 14.27%, 0, 0, 9, 16763.77, 32156654, 1041
1834, 5, 584, 656, 31, 0, 14.27%, 0, 0, 9, 11288.20, 32216994, 1041
1840, 5, 335, 656, 31, 0, 14.27%, 0, 0, 9, 18249.61, 32323747, 1041
1845, 5, 396, 656, 30, 0, 14.27%, 0, 0, 9, 14764.53, 32396544, 1041
1850, 5, 0, 656, 30, 0, 14.27%, 0, 0, 9, 13881.65, 32461407, 1041
1855, 5, 615, 656, 30, 0, 14.27%, 0, 0, 9, 20470.07, 32582109, 1041
1860, 5, 553, 656, 30, 0, 14.27%, 0, 0, 9, 15351.58, 32653391, 1041
1865, 5, 20, 656, 29, 0, 14.27%, 0, 0, 9, 19492.41, 32751550, 1041
1870, 5, 237, 656, 29, 0, 14.27%, 0, 0, 9, 16906.35, 32827755, 1041
1876, 5, 34, 656, 27, 0, 14.27%, 0, 0, 9, 15216.92, 32905256, 1041
1881, 5, 0, 656, 27, 0, 14.27%, 0, 0, 9, 10446.04, 32955106, 1041
1886, 5, 2, 656, 27, 0, 14.27%, 0, 0, 9, 19365.39, 33069016, 1041
1891, 5, 86, 656, 27, 0, 14.27%, 0, 0, 9, 16678.01, 33156312, 1041
1896, 5, 25, 656, 27, 0, 14.27%, 0, 0, 9, 21461.51, 33258821, 1041
1901, 5, 134, 656, 27, 0, 14.27%, 0, 0, 9, 14836.33, 33330874, 1041
1906, 5, 86, 656, 26, 0, 14.27%, 0, 0, 9, 18519.74, 33430516, 1041
1911, 5, 254, 656, 26, 0, 14.27%, 0, 0, 9, 17180.56, 33519050, 1041
1916, 5, 395, 656, 26, 0, 14.27%, 0, 0, 9, 22230.22, 33644080, 1041
1921, 5, 251, 656, 26, 0, 14.27%, 0, 0, 9, 20042.44, 33727432, 1041
1927, 5, 46, 656, 26, 0, 14.27%, 0, 0, 9, 21344.51, 33848598, 1041
1932, 5, 0, 656, 26, 0, 14.27%, 0, 0, 9, 24854.33, 33963750, 1041
1937, 5, 46, 656, 26, 0, 14.27%, 0, 0, 9, 24994.38, 34084184, 1041
1942, 5, 0, 656, 26, 0, 14.27%, 0, 0, 9, 21425.55, 34176313, 1041
1947, 5, 46, 656, 26, 0, 14.27%, 0, 0, 9, 22899.84, 34306333, 1041
1952, 5, 57, 656, 26, 0, 14.27%, 0, 0, 9, 16706.09, 34387073, 1041
1957, 5, 558, 656, 26, 0, 14.27%, 0, 0, 9, 5024.00, 34450784, 1041
1962, 5, 164, 656, 26, 0, 14.27%, 0, 0, 9, 15943.24, 34534739, 1041
1967, 5, 228, 656, 25, 0, 14.27%, 0, 0, 9, 13330.33, 34607426, 1041
1972, 5, 346, 656, 25, 0, 14.27%, 0, 0, 9, 19151.99, 34702042, 1041
1977, 5, 11, 656, 25, 0, 14.27%, 0, 0, 9, 17674.61, 34788452, 1041
1983, 5, 604, 656, 25, 0, 14.27%, 0, 0, 9, 18775.76, 34879990, 1041
1988, 5, 555, 656, 25, 0, 14.27%, 0, 0, 9, 19178.63, 34980872, 1041
1993, 5, 441, 656, 25, 0, 14.27%, 0, 0, 9, 18818.84, 35068115, 1041
1998, 5, 256, 656, 25, 0, 14.27%, 0, 0, 9, 17418.76, 35161515, 1041
2003, 5, 624, 656, 25, 0, 14.27%, 0, 0, 9, 20620.69, 35266351, 1041
2008, 5, 624, 656, 25, 0, 14.27%, 0, 0, 9, 17514.22, 35357112, 1041
2013, 5, 136, 656, 25, 0, 14.27%, 0, 0, 9, 16011.92, 35437859, 1041
2018, 5, 86, 656, 25, 0, 14.27%, 0, 0, 9, 20897.80, 35561328, 1041
2024, 6, 163, 660, 29, 0, 14.27%, 0, 0, 9, 21266.36, 35665712, 1041
2029, 6, 515, 660, 29, 0, 14.27%, 0, 0, 9, 13477.53, 35728190, 1041
2034, 6, 43, 660, 28, 0, 14.27%, 0, 0, 9, 15383.65, 35795598, 1041
2039, 6, 34, 660, 28, 0, 14.27%, 0, 0, 9, 17185.71, 35892260, 1041
2044, 6, 347, 660, 27, 0, 14.27%, 0, 0, 9, 17636.41, 35978521, 1041
2049, 6, 335, 660, 27, 0, 14.27%, 0, 0, 9, 16537.22, 36065138, 1041
2054, 6, 122, 660, 27, 0, 14.27%, 0, 0, 9, 19957.95, 36165933, 1041
2059, 6, 38, 660, 27, 0, 14.27%, 0, 0, 9, 13409.36, 36217469, 1041
2064, 6, 27, 660, 26, 0, 14.27%, 0, 0, 9, 13454.98, 36285165, 1041
2069, 6, 86, 660, 26, 0, 14.27%, 0, 0, 9, 17662.62, 36381152, 1041
2075, 6, 134, 660, 26, 0, 14.27%, 0, 0, 9, 18430.99, 36472224, 1041
2080, 6, 134, 660, 25, 0, 14.27%, 0, 0, 9, 13420.25, 36539299, 1041
2085, 6, 314, 660, 25, 0, 14.27%, 0, 0, 9, 24245.65, 36679631, 1041
2090, 6, 134, 660, 25, 0, 14.27%, 0, 0, 9, 18284.17, 36765654, 1041
2095, 6, 0, 660, 24, 0, 14.27%, 0, 0, 9, 20694.63, 36863641, 1041
2100, 6, 184, 660, 24, 0, 14.27%, 0, 0, 9, 17555.10, 36945180, 1041
2105, 6, 25, 660, 24, 0, 14.27%, 0, 0, 9, 21903.69, 37061016, 1041
2110, 6, 27, 660, 23, 0, 14.27%, 0, 0, 9, 16469.16, 37138780, 1041
2116, 6, 9, 660, 22, 0, 14.27%, 0, 0, 9, 33013.38, 37259245, 1041
2121, 6, 43, 660, 22, 0, 14.27%, 0, 0, 9, 21571.08, 37348337, 1041
2126, 6, 314, 660, 21, 0, 14.27%, 0, 0, 9, 15840.29, 37423770, 1041
2131, 6, 136, 660, 21, 0, 14.27%, 0, 0, 9, 17649.96, 37513589, 1041
2136, 6, 25, 660, 21, 0, 14.27%, 0, 0, 9, 20905.55, 37613300, 1041
2141, 6, 134, 660, 21, 0, 14.27%, 0, 0, 9, 19498.26, 37697590, 1041
2146, 6, 9, 660, 20, 0, 14.27%, 0, 0, 9, 18665.66, 37791333, 1041
2151, 6, 293, 660, 20, 0, 14.27%, 0, 0, 9, 17031.58, 37873993, 1041
2156, 6, 543, 660, 20, 0, 14.27%, 0, 0, 9, 7985.42, 37917293, 1041
2161, 6, 9, 660, 20, 0, 14.27%, 0, 0, 9, 15358.19, 37990149, 1041
2167, 6, 34, 660, 18, 0, 14.27%, 0, 0, 9, 18364.78, 38082712, 1041
2172, 6, 86, 660, 18, 0, 14.27%, 0, 0, 9, 13416.66, 38138455, 1041
2177, 6, 559, 660, 18, 0, 14.27%, 0, 0, 9, 10594.12, 38202070, 1041
2182, 6, 77, 660, 17, 0, 14.27%, 0, 0, 9, 18205.47, 38284054, 1041
2187, 6, 86, 660, 16, 0, 14.27%, 0, 0, 9, 18909.05, 38392863, 1041
2192, 6, 34, 660, 16, 0, 14.27%, 0, 0, 9, 19891.79, 38484611, 1041
2197, 6, 527, 660, 16, 0, 14.27%, 0, 0, 9, 21695.94, 38591483, 1041
2202, 6, 27, 660, 16, 0, 14.27%, 0, 0, 9, 17720.92, 38669047, 1041
2207, 6, 94, 660, 16, 0, 14.27%, 0, 0, 9, 18605.28, 38764693, 1041
2212, 6, 25, 660, 16, 0, 14.27%, 0, 0, 9, 18245.86, 38853854, 1041
2218, 6, 335, 660, 15, 0, 14.27%, 0, 0, 9, 19676.07, 38952949, 1041
2223, 6, 25, 660, 15, 0, 14.27%, 0, 0, 9, 18173.42, 39039465, 1041
2228, 6, 86, 660, 15, 0, 14.27%, 0, 0, 9, 19993.08, 39138559, 1041
2233, 6, 25, 660, 15, 0, 14.27%, 0, 0, 9, 25359.03, 39267290, 1041
2238, 6, 474, 660, 15, 0, 14.27%, 0, 0, 9, 23468.49, 39392801, 1041
2243, 6, 25, 660, 15, 0, 14.27%, 0, 0, 9, 24016.02, 39497034, 1041
2248, 6, 270, 660, 15, 0, 14.27%, 0, 0, 9, 23073.15, 39626581, 1041
2253, 6, 0, 660, 14, 0, 14.27%, 0, 0, 9, 20360.49, 39713910, 1041
2258, 6, 632, 660, 14, 0, 14.27%, 0, 0, 9, 18513.24, 39826148, 1041
2264, 6, 25, 660, 14, 0, 14.27%, 0, 0, 9, 25964.16, 39949962, 1041
2269, 6, 138, 660, 14, 0, 14.27%, 0, 0, 9, 22304.68, 40066162, 1041
2274, 6, 637, 660, 14, 0, 14.27%, 0, 0, 9, 20546.79, 40167487, 1041
2279, 6, 77, 660, 14, 0, 14.27%, 0, 0, 9, 15939.42, 40241517, 1041
2284, 6, 622, 660, 13, 0, 14.27%, 0, 0, 9, 17268.69, 40339212, 1041
2289, 6, 9, 660, 13, 0, 14.27%, 0, 0, 9, 14101.78, 40403059, 1041
2294, 6, 20, 660, 13, 0, 14.27%, 0, 0, 9, 20868.64, 40524040, 1041
2299, 6, 543, 660, 13, 0, 14.27%, 0, 0, 9, 16223.16, 40614298, 1041
2304, 6, 11, 660, 13, 0, 14.27%, 0, 0, 9, 24446.41, 40728777, 1041
2309, 6, 34, 660, 13, 0, 14.27%, 0, 0, 9, 20328.58, 40838022, 1041
2314, 6, 657, 660, 13, 0, 14.27%, 0, 0, 9, 14810.70, 40912037, 1041
2319, 6, 238, 660, 12, 0, 14.27%, 0, 0, 9, 14114.99, 40985069, 1041
2325, 6, 108, 660, 12, 0, 14.27%, 0, 0, 9, 22749.03, 41107749, 1041
2330, 6, 43, 660, 12, 0, 14.27%, 0, 0, 9, 19758.22, 41205857, 1041
2335, 6, 0, 660, 12, 0, 14.27%, 0, 0, 9, 15906.95, 41285338, 1041
2340, 7, 663, 664, 14, 0, 14.27%, 0, 0, 9, 12462.37, 41358105, 1041
2345, 7, 442, 664, 13, 0, 14.27%, 0, 0, 9, 22299.34, 41480312, 1041
2350, 7, 85, 664, 13, 0, 14.27%, 0, 0, 9, 18922.52, 41572618, 1041
2355, 7, 580, 664, 13, 0, 14.27%, 0, 0, 9, 25209.19, 41698686, 1041
2360, 7, 338, 664, 13, 0, 14.27%, 0, 0, 9, 15420.68, 41766368, 1041
2365, 7, 20, 664, 13, 0, 14.27%, 0, 0, 9, 18503.71, 41864076, 1041
2370, 7, 9, 664, 13, 0, 14.27%, 0, 0, 9, 13022.24, 41925081, 1041
2375, 7, 556, 664, 13, 0, 14.27%, 0, 0, 9, 18199.02, 42013264, 1041
2381, 7, 625, 664, 13, 0, 14.27%, 0, 0, 9, 13149.78, 42071594, 1041
2386, 7, 0, 664, 12, 0, 14.27%, 0, 0, 9, 25904.04, 42217083, 1041
2391, 7, 46, 665, 12, 0, 14.27%, 0, 0, 9, 23779.03, 42327982, 1041
2396, 7, 516, 666, 12, 0, 14.27%, 0, 0, 9, 26013.16, 42464443, 1041
2401, 7, 134, 666, 11, 0, 14.27%, 0, 0, 9, 23579.28, 42572162, 1041
2406, 7, 0, 666, 11, 0, 14.27%, 0, 0, 9, 28578.08, 42717275, 1041
2411, 7, 70, 666, 11, 0, 14.27%, 0, 0, 9, 20856.74, 42804336, 1041
2416, 7, 0, 666, 11, 0, 14.27%, 0, 0, 9, 22770.42, 42914163, 1041
2421, 7, 525, 666, 10, 0, 14.27%, 0, 0, 9, 19826.94, 43018855, 1041
2426, 7, 25, 666, 10, 0, 14.27%, 0, 0, 9, 26832.33, 43156471, 1041
2431, 7, 293, 666, 10, 0, 14.27%, 0, 0, 9, 22466.89, 43271527, 1041
2436, 7, 137, 666, 10, 0, 14.27%, 0, 0, 9, 26349.88, 43406304, 1041
2442, 7, 85, 666, 10, 0, 14.27%, 0, 0, 9, 25967.99, 43526994, 1041
2447, 7, 86, 666, 9, 0, 14.27%, 0, 0, 9, 24448.41, 43660160, 1041
2452, 7, 2, 666, 9, 0, 14.27%, 0, 0, 9, 25099.27, 43777073, 1041
2457, 7, 506, 666, 9, 0, 14.27%, 0, 0, 9, 27395.06, 43922639, 1041
2462, 7, 134, 666, 9, 0, 14.27%, 0, 0, 9, 25508.89, 44045673, 1041
2467, 7, 0, 666, 9, 0, 14.27%, 0, 0, 9, 23102.17, 44171488, 1041
2473, 7, 27, 666, 9, 0, 14.27%, 0, 0, 9, 22335.51, 44272064, 1041
2478, 7, 120, 666, 9, 0, 14.27%, 0, 0, 9, 22232.79, 44396635, 1041
2483, 7, 572, 666, 9, 0, 14.27%, 0, 0, 9, 24910.23, 44523357, 1041
2488, 7, 314, 666, 9, 0, 14.27%, 0, 0, 9, 20484.46, 44627495, 1041
2493, 7, 530, 666, 9, 0, 14.27%, 0, 0, 9, 17976.43, 44718243, 1041
2498, 7, 516, 666, 9, 0, 14.27%, 0, 0, 9, 16878.02, 44813936, 1041
2503, 7, 149, 666, 9, 0, 14.27%, 0, 0, 9, 19279.81, 44900587, 1041
2508, 7, 46, 666, 9, 0, 14.27%, 0, 0, 9, 17066.66, 44996060, 1041
2514, 7, 321, 666, 9, 0, 14.27%, 0, 0, 9, 22457.94, 45116190, 1041
2519, 7, 558, 666, 9, 0, 14.27%, 0, 0, 9, 22814.38, 45246204, 1041
2524, 7, 0, 666, 9, 0, 14.27%, 0, 0, 9, 20052.02, 45324585, 1041
2529, 7, 38, 666, 9, 0, 14.27%, 0, 0, 9, 25521.43, 45461068, 1041
2534, 7, 549, 666, 9, 0, 14.27%, 0, 0, 9, 24706.70, 45582993, 1041
2539, 7, 34, 666, 9, 0, 14.27%, 0, 0, 9, 20824.36, 45686223, 1041
2544, 7, 237, 666, 9, 0, 14.27%, 0, 0, 9, 23031.50, 45802968, 1041
2549, 7, 642, 666, 9, 0, 14.27%, 0, 0, 9, 20424.61, 45907548, 1041
2555, 7, 27, 666, 9, 0, 14.27%, 0, 0, 9, 20171.19, 46002689, 1041
2560, 7, 532, 666, 9, 0, 14.27%, 0, 0, 9, 21274.97, 46112498, 1041
2565, 7, 208, 666, 9, 0, 14.27%, 0, 0, 9, 22995.35, 46238470, 1041
2570, 7, 631, 666, 9, 0, 14.27%, 0, 0, 9, 18173.53, 46337913, 1041
2575, 7, 345, 666, 9, 0, 14.27%, 0, 0, 9, 27428.91, 46481867, 1041
2580, 7, 439, 666, 9, 0, 14.27%, 0, 0, 9, 18039.91, 46569250, 1041
2585, 8, 656, 667, 10, 0, 14.27%, 0, 0, 9, 17124.38, 46666181, 1041
2590, 8, 136, 667, 9, 0, 14.27%, 0, 0, 9, 16249.53, 46753231, 1041
2596, 8, 558, 667, 9, 0, 14.27%, 0, 0, 9, 15803.85, 46846799, 1041
2601, 8, 510, 667, 9, 0, 14.27%, 0, 0, 9, 15897.02, 46915639, 1041
2606, 8, 642, 667, 9, 0, 14.27%, 0, 0, 9, 22767.01, 47043382, 1041
2611, 8, 516, 667, 9, 0, 14.27%, 0, 0, 9, 19882.15, 47143330, 1041
2616, 8, 256, 667, 9, 0, 14.27%, 0, 0, 9, 22915.35, 47258331, 1041
2621, 8, 628, 667, 8, 0, 14.27%, 0, 0, 9, 17832.57, 47341804, 1041
2626, 8, 569, 668, 9, 0, 14.27%, 0, 0, 9, 21651.46, 47458468, 1041
2631, 8, 667, 668, 9, 0, 14.27%, 0, 0, 9, 18137.44, 47543103, 1041
2636, 8, 0, 668, 8, 0, 14.27%, 0, 0, 9, 23069.23, 47661093, 1041
2641, 8, 254, 668, 8, 0, 14.27%, 0, 0, 9, 23528.28, 47771418, 1041
2646, 8, 0, 668, 8, 0, 14.27%, 0, 0, 9, 34955.67, 47911735, 1041
2651, 8, 137, 668, 7, 0, 14.27%, 0, 0, 9, 24831.08, 48018097, 1041
2657, 8, 25, 668, 7, 0, 14.27%, 0, 0, 9, 27258.40, 48145684, 1041
2662, 8, 367, 668, 7, 0, 14.27%, 0, 0, 9, 22597.69, 48242869, 1041
2667, 8, 343, 668, 7, 0, 14.27%, 0, 0, 9, 19987.81, 48335453, 1041
2672, 8, 34, 668, 7, 0, 14.27%, 0, 0, 9, 15113.00, 48400861, 1041
2677, 8, 666, 668, 7, 0, 14.27%, 0, 0, 9, 3334.81, 48505182, 1041
2682, 8, 432, 668, 6, 0, 14.27%, 0, 0, 9, 17874.26, 48600528, 1041
2687, 8, 241, 668, 6, 0, 14.27%, 0, 0, 9, 16846.38, 48694901, 1041
2692, 8, 136, 668, 6, 0, 14.27%, 0, 0, 9, 19315.10, 48793441, 1041
2697, 8, 20, 668, 6, 0, 14.27%, 0, 0, 9, 19369.04, 48898978, 1041
2703, 8, 228, 668, 6, 0, 14.27%, 0, 0, 9, 22015.88, 49012162, 1041
2708, 8, 25, 668, 6, 0, 14.27%, 0, 0, 9, 23465.39, 49134891, 1041
2713, 8, 83, 668, 6, 0, 14.27%, 0, 0, 9, 16723.62, 49207229, 1041
2718, 8, 85, 668, 6, 0, 14.27%, 0, 0, 9, 21208.14, 49319420, 1041
2723, 8, 293, 668, 6, 0, 14.27%, 0, 0, 9, 25287.98, 49441891, 1041
2728, 8, 38, 668, 6, 0, 14.27%, 0, 0, 9, 19735.89, 49529302, 1041
2733, 8, 274, 668, 6, 0, 14.27%, 0, 0, 9, 16456.46, 49603374, 1041
2738, 8, 38, 668, 6, 0, 14.27%, 0, 0, 9, 17208.65, 49699474, 1041
2743, 8, 0, 668, 6, 0, 14.27%, 0, 0, 9, 22966.88, 49827108, 1041
2748, 8, 0, 668, 6, 0, 14.27%, 0, 0, 9, 19733.97, 49942182, 1041
2754, 8, 202, 668, 6, 0, 14.27%, 0, 0, 9, 24306.07, 50083574, 1041
2759, 8, 136, 668, 6, 0, 14.27%, 0, 0, 9, 26349.58, 50223451, 1041
2764, 8, 25, 668, 6, 0, 14.27%, 0, 0, 9, 29852.55, 50374350, 1041
2769, 8, 516, 668, 6, 0, 14.27%, 0, 0, 9, 5165.21, 50464469, 1041
2774, 8, 637, 668, 6, 0, 14.27%, 0, 0, 9, 14620.03, 50556565, 1041
2779, 8, 624, 668, 6, 0, 14.27%, 0, 0, 9, 19715.14, 50658205, 1041
2784, 8, 25, 668, 6, 0, 14.27%, 0, 0, 9, 23582.32, 50773081, 1041
2789, 8, 134, 668, 6, 0, 14.27%, 0, 0, 9, 19429.76, 50870316, 1041
2794, 8, 0, 668, 6, 0, 14.27%, 0, 0, 9, 19865.65, 50966754, 1041
2799, 8, 25, 668, 6, 0, 14.27%, 0, 0, 9, 19577.18, 51081826, 1041
2804, 8, 38, 668, 6, 0, 14.27%, 0, 0, 9, 26054.61, 51208771, 1041
2810, 8, 502, 668, 6, 0, 14.27%, 0, 0, 9, 15868.41, 51289591, 1041
2815, 8, 556, 668, 6, 0, 14.27%, 0, 0, 9, 15470.33, 51367052, 1041
2820, 8, 257, 668, 6, 0, 14.27%, 0, 0, 9, 14953.02, 51446098, 1041
2825, 8, 0, 668, 5, 0, 14.27%, 0, 0, 9, 15601.75, 51523282, 1041
2830, 8, 2, 668, 5, 0, 14.27%, 0, 0, 9, 13296.16, 51581545, 1041
2835, 8, 637, 668, 5, 0, 14.27%, 0, 0, 9, 20259.98, 51692130, 1041
2840, 8, 524, 668, 5, 0, 14.27%, 0, 0, 9, 15259.51, 51754495, 1041
2845, 8, 195, 668, 5, 0, 14.27%, 0, 0, 9, 18565.89, 51840135, 1041
2850, 8, 276, 668, 5, 0, 14.27%, 0, 0, 9, 18005.48, 51928562, 1041
2855, 8, 25, 668, 5, 0, 14.27%, 0, 0, 9, 17539.92, 52004744, 1041
2861, 8, 247, 668, 5, 0, 14.27%, 0, 0, 9, 20737.14, 52107335, 1041
2866, 8, 86, 668, 5, 0, 14.27%, 0, 0, 9, 17384.52, 52188086, 1041
2871, 8, 25, 668, 4, 0, 14.27%, 0, 0, 9, 17883.07, 52270634, 1041
2876, 9, 34, 668, 4, 0, 14.27%, 0, 0, 9, 23695.88, 52393701, 1041
2881, 9, 449, 668, 4, 0, 14.27%, 0, 0, 9, 18644.17, 52477237, 1041
2886, 9, 449, 668, 4, 0, 14.27%, 0, 0, 9, 17603.01, 52566357, 1041
2891, 9, 587, 668, 4, 0, 14.27%, 0, 0, 9, 13473.10, 52627379, 1041
2896, 9, 508, 668, 4, 0, 14.27%, 0, 0, 9, 18637.35, 52719449, 1041
2901, 9, 34, 668, 4, 0, 14.27%, 0, 0, 9, 18042.62, 52806012, 1041
2906, 9, 431, 668, 4, 0, 14.27%, 0, 0, 9, 19382.04, 52906946, 1041
2912, 9, 25, 668, 4, 0, 14.27%, 0, 0, 9, 13859.95, 52970852, 1041
2917, 9, 666, 668, 4, 0, 14.27%, 0, 0, 9, 16687.62, 53070326, 1041
2922, 9, 136, 668, 4, 0, 14.27%, 0, 0, 9, 17019.96, 53144684, 1041
2927, 9, 113, 668, 4, 0, 14.27%, 0, 0, 9, 21763.40, 53252616, 1041
2932, 9, 136, 668, 4, 0, 14.27%, 0, 0, 9, 22560.91, 53359859, 1041
2937, 9, 558, 668, 4, 0, 14.27%, 0, 0, 9, 5473.70, 53459716, 1041
2942, 9, 25, 668, 4, 0, 14.27%, 0, 0, 9, 19863.51, 53560606, 1041
2947, 9, 0, 668, 4, 0, 14.27%, 0, 0, 9, 19721.60, 53665851, 1041
2952, 9, 665, 668, 4, 0, 14.27%, 0, 0, 9, 15978.49, 53745293, 1041
2957, 9, 399, 668, 4, 0, 14.27%, 0, 0, 9, 16531.04, 53833743, 1041
2963, 9, 89, 668, 4, 0, 14.27%, 0, 0, 9, 24259.30, 53960899, 1041
2968, 9, 65, 668, 4, 0, 14.27%, 0, 0, 9, 21724.61, 54081652, 1041
2973, 9, 94, 668, 4, 0, 14.27%, 0, 0, 9, 18873.19, 54175345, 1041
2978, 9, 85, 668, 4, 0, 14.27%, 0, 0, 9, 20007.70, 54282162, 1041
2983, 9, 228, 668, 4, 0, 14.27%, 0, 0, 9, 19546.00, 54379441, 1041
2988, 9, 25, 668, 4, 0, 14.27%, 0, 0, 9, 19797.67, 54493279, 1041
2993, 9, 46, 668, 4, 0, 14.27%, 0, 0, 9, 22047.81, 54605010, 1041
2998, 9, 46, 668, 4, 0, 14.27%, 0, 0, 9, 22813.77, 54729975, 1041
3003, 9, 462, 668, 4, 0, 14.27%, 0, 0, 9, 24658.62, 54850606, 1041
3008, 9, 550, 668, 4, 0, 14.27%, 0, 0, 9, 17224.98, 54928880, 1041
3013, 9, 653, 668, 4, 0, 14.27%, 0, 0, 9, 20329.63, 55029103, 1041
3018, 9, 502, 668, 4, 0, 14.27%, 0, 0, 9, 17532.34, 55133424, 1041
3023, 9, 293, 668, 4, 0, 14.27%, 0, 0, 9, 19571.36, 55231046, 1041
3029, 9, 38, 668, 4, 0, 14.27%, 0, 0, 9, 18179.21, 55313273, 1041
3034, 9, 121, 668, 4, 0, 14.27%, 0, 0, 9, 18314.71, 55412688, 1041
3039, 9, 253, 668, 4, 0, 14.27%, 0, 0, 9, 18431.90, 55515730, 1041
3044, 9, 11, 668, 4, 0, 14.27%, 0, 0, 9, 24805.78, 55643301, 1041
3049, 9, 392, 668, 4, 0, 14.27%, 0, 0, 9, 16401.74, 55722156, 1041
3054, 9, 640, 668, 4, 0, 14.27%, 0, 0, 9, 23589.92, 55839774, 1041
3059, 9, 115, 668, 4, 0, 14.27%, 0, 0, 9, 19254.70, 55934889, 1041
3064, 9, 237, 668, 4, 0, 14.27%, 0, 0, 9, 27111.92, 56071907, 1041
3069, 9, 11, 668, 4, 0, 14.27%, 0, 0, 9, 19895.41, 56176404, 1041
3074, 9, 577, 668, 4, 0, 14.27%, 0, 0, 9, 22330.07, 56297819, 1041
3079, 9, 606, 668, 4, 0, 14.27%, 0, 0, 9, 18910.55, 56399048, 1041
3085, 9, 85, 668, 4, 0, 14.27%, 0, 0, 9, 24180.49, 56524130, 1041
3090, 9, 293, 668, 4, 0, 14.27%, 0, 0, 9, 21197.72, 56623693, 1041
3095, 9, 0, 668, 4, 0, 14.27%, 0, 0, 9, 22360.80, 56727737, 1041
3100, 9, 38, 668, 4, 0, 14.27%, 0, 0, 9, 18134.58, 56824983, 1041
3105, 9, 156, 668, 4, 0, 14.27%, 0, 0, 9, 23687.56, 56944866, 1041
3110, 9, 582, 668, 4, 0, 14.27%, 0, 0, 9, 21287.16, 57040633, 1041
3115, 9, 0, 668, 4, 0, 14.27%, 0, 0, 9, 21465.67, 57140146, 1041
3120, 9, 85, 668, 4, 0, 14.27%, 0, 0, 9, 21397.17, 57252547, 1041
3125, 9, 25, 668, 4, 0, 14.27%, 0, 0, 9, 25148.18, 57381042, 1041
3130, 9, 184, 668, 4, 0, 14.27%, 0, 0, 9, 23047.80, 57485387, 1041
3135, 9, 548, 668, 4, 0, 14.27%, 0, 0, 9, 22875.59, 57614303, 1041
3140, 10, 2, 669, 5, 0, 14.27%, 0, 0, 9, 13484.11, 57673794, 1041
3145, 10, 626, 669, 4, 0, 14.27%, 0, 0, 9, 11609.22, 57729027, 1041
3151, 10, 25, 669, 4, 0, 14.27%, 0, 0, 9, 15262.92, 57809382, 1041
3156, 10, 22, 669, 4, 0, 14.27%, 0, 0, 9, 18925.86, 57899181, 1041
3161, 10, 185, 669, 4, 0, 14.27%, 0, 0, 9, 25155.03, 58030614, 1041
3166, 10, 566, 669, 4, 0, 14.27%, 0, 0, 9, 18123.02, 58119833, 1041
3171, 10, 25, 669, 3, 0, 14.27%, 0, 0, 9, 21363.46, 58220950, 1041
3176, 10, 632, 669, 3, 0, 14.27%, 0, 0, 9, 13882.57, 58286289, 1041
3181, 10, 9, 669, 3, 0, 14.27%, 0, 0, 9, 16327.80, 58368831, 1041
3186, 10, 254, 669, 3, 0, 14.27%, 0, 0, 9, 18940.84, 58461764, 1041
3191, 10, 128, 669, 3, 0, 14.27%, 0, 0, 9, 21004.12, 58567862, 1041
3196, 10, 184, 669, 3, 0, 14.27%, 0, 0, 9, 25213.90, 58692477, 1041
3201, 10, 237, 669, 3, 0, 14.27%, 0, 0, 9, 20426.50, 58798572, 1041
3206, 10, 46, 669, 3, 0, 14.27%, 0, 0, 9, 19685.91, 58891327, 1041
3211, 10, 30, 669, 3, 0, 14.27%, 0, 0, 9, 3317.61, 58961305, 1041
3217, 10, 43, 669, 3, 0, 14.27%, 0, 0, 9, 12579.38, 59037202, 1041
3222, 10, 559, 669, 3, 0, 14.27%, 0, 0, 9, 12666.62, 59110933, 1041
3227, 10, 199, 669, 3, 0, 14.27%, 0, 0, 9, 17706.41, 59197097, 1041
3232, 10, 586, 669, 3, 0, 14.27%, 0, 0, 9, 19214.64, 59308898, 1041
3237, 10, 46, 669, 3, 0, 14.27%, 0, 0, 9, 19163.66, 59397624, 1041
3242, 10, 587, 669, 3, 0, 14.27%, 0, 0, 9, 21410.72, 59515500, 1041
3247, 10, 178, 669, 3, 0, 14.27%, 0, 0, 9, 23338.55, 59619359, 1041
3252, 10, 25, 669, 3, 0, 14.27%, 0, 0, 9, 25019.53, 59749257, 1041
3257, 10, 27, 669, 3, 0, 14.27%, 0, 0, 9, 20337.57, 59840703, 1041
3262, 10, 2, 669, 3, 0, 14.27%, 0, 0, 9, 21159.28, 59963477, 1041
3268, 10, 0, 669, 3, 0, 14.27%, 0, 0, 9, 15280.26, 60036336, 1041
3273, 10, 0, 669, 3, 0, 14.27%, 0, 0, 9, 9949.97, 60088064, 1041
3278, 10, 86, 669, 3, 0, 14.27%, 0, 0, 9, 12534.09, 60145447, 1041
3283, 10, 439, 669, 3, 0, 14.27%, 0, 0, 9, 17089.48, 60246968, 1041
3288, 10, 46, 669, 3, 0, 14.27%, 0, 0, 9, 24260.04, 60368981, 1041
3293, 10, 293, 669, 3, 0, 14.27%, 0, 0, 9, 22185.88, 60480552, 1041
3298, 10, 122, 669, 3, 0, 14.27%, 0, 0, 9, 25583.27, 60605263, 1041
3303, 10, 553, 669, 3, 0, 14.27%, 0, 0, 9, 20858.03, 60717690, 1041
3309, 10, 25, 669, 3, 0, 14.27%, 0, 0, 9, 19259.51, 60811761, 1041
3314, 10, 543, 669, 3, 0, 14.27%, 0, 0, 9, 20997.74, 60933831, 1041
3319, 10, 25, 669, 3, 0, 14.27%, 0, 0, 9, 22651.16, 61037183, 1041
3324, 10, 140, 669, 3, 0, 14.27%, 0, 0, 9, 21901.31, 61158807, 1041
3329, 10, 136, 669, 3, 0, 14.27%, 0, 0, 9, 23712.85, 61277877, 1041
3334, 10, 653, 669, 3, 0, 14.27%, 0, 0, 9, 16598.23, 61361597, 1041
3339, 10, 439, 669, 3, 0, 14.27%, 0, 0, 9, 23072.53, 61496499, 1041
3344, 10, 9, 669, 3, 0, 14.27%, 0, 0, 9, 22725.43, 61615164, 1041
3349, 10, 0, 669, 3, 0, 14.27%, 0, 0, 9, 24256.26, 61725066, 1041
3354, 10, 136, 669, 3, 0, 14.27%, 0, 0, 9, 22578.14, 61839363, 1041
3359, 10, 661, 669, 3, 0, 14.27%, 0, 0, 9, 21520.93, 61953286, 1041
3364, 10, 185, 669, 2, 0, 14.27%, 0, 0, 9, 24344.14, 62080042, 1041
3369, 10, 295, 669, 2, 0, 14.27%, 0, 0, 9, 21876.52, 62182917, 1041
3374, 10, 185, 669, 2, 0, 14.27%, 0, 0, 9, 23292.67, 62300617, 1041
3379, 10, 0, 669, 2, 0, 14.27%, 0, 0, 9, 25494.57, 62429107, 1041
3384, 10, 115, 669, 2, 0, 14.27%, 0, 0, 9, 25357.41, 62554223, 1041
3390, 11, 108, 671, 4, 0, 14.27%, 0, 0, 9, 31702.19, 62723482, 1041
3395, 11, 547, 671, 4, 0, 14.27%, 0, 0, 9, 19219.34, 62809928, 1041
3400, 11, 85, 671, 4, 0, 14.27%, 0, 0, 9, 23539.76, 62935220, 1041
3405, 11, 65, 671, 4, 0, 14.27%, 0, 0, 9, 24579.38, 63042776, 1041
3410, 11, 446, 671, 4, 0, 14.27%, 0, 0, 9, 26540.39, 63180090, 1041
3415, 11, 135, 671, 4, 0, 14.27%, 0, 0, 9, 26837.69, 63319484, 1041
3420, 11, 0, 671, 4, 0, 14.27%, 0, 0, 9, 28438.31, 63469176, 1041
3425, 11, 25, 671, 4, 0, 14.27%, 0, 0, 9, 21106.56, 63570363, 1041
3430, 11, 669, 671, 4, 0, 14.27%, 0, 0, 9, 19579.95, 63683974, 1041
3436, 11, 607, 671, 3, 0, 14.27%, 0, 0, 9, 20836.86, 63790478, 1041
3441, 11, 163, 671, 3, 0, 14.27%, 0, 0, 9, 23450.61, 63914204, 1041
3446, 11, 545, 671, 3, 0, 14.27%, 0, 0, 9, 21465.68, 64013579, 1041
3451, 11, 343, 671, 3, 0, 14.27%, 0, 0, 9, 24583.20, 64141462, 1041
3456, 11, 136, 671, 3, 0, 14.27%, 0, 0, 9, 24494.46, 64251176, 1041
3461, 11, 43, 671, 3, 0, 14.27%, 0, 0, 9, 25718.37, 64386228, 1041
3466, 11, 413, 671, 3, 0, 14.27%, 0, 0, 9, 23828.16, 64507597, 1041
3471, 11, 0, 671, 3, 0, 14.27%, 0, 0, 9, 24437.98, 64626682, 1041
3476, 11, 530, 671, 3, 0, 14.27%, 0, 0, 9, 22673.17, 64736572, 1041
3481, 11, 657, 671, 3, 0, 14.27%, 0, 0, 9, 20326.88, 64850365, 1041
3487, 11, 632, 671, 3, 0, 14.27%, 0, 0, 9, 17174.68, 64948035, 1041
3492, 11, 38, 671, 3, 0, 14.27%, 0, 0, 9, 23280.98, 65072978, 1041
3497, 11, 0, 671, 3, 0, 14.27%, 0, 0, 9, 21046.54, 65176918, 1041
3502, 11, 58, 671, 3, 0, 14.27%, 0, 0, 9, 21760.79, 65284960, 1041
3507, 11, 108, 671, 3, 0, 14.27%, 0, 0, 9, 24677.88, 65404362, 1041
3512, 11, 547, 671, 3, 0, 14.27%, 0, 0, 9, 23021.44, 65527072, 1041
3517, 11, 2, 671, 3, 0, 14.27%, 0, 0, 9, 20739.51, 65618512, 1041
3522, 11, 184, 671, 3, 0, 14.27%, 0, 0, 9, 24269.07, 65738312, 1041
3527, 11, 122, 671, 3, 0, 14.27%, 0, 0, 9, 22697.93, 65839457, 1041
3532, 11, 254, 671, 3, 0, 14.27%, 0, 0, 9, 21056.74, 65942876, 1041
3537, 11, 313, 671, 3, 0, 14.27%, 0, 0, 9, 24180.11, 66066360, 1041
3543, 11, 653, 671, 2, 0, 14.27%, 0, 0, 9, 21837.06, 66181563, 1041
3548, 11, 553, 671, 2, 0, 14.27%, 0, 0, 9, 20195.87, 66285331, 1041
3553, 11, 0, 671, 2, 0, 14.27%, 0, 0, 9, 26604.51, 66416332, 1041
3558, 11, 86, 671, 2, 0, 14.27%, 0, 0, 9, 26159.24, 66547324, 1041
3563, 11, 529, 671, 2, 0, 14.27%, 0, 0, 9, 27086.86, 66688720, 1041
3568, 11, 0, 671, 1, 0, 14.27%, 0, 0, 9, 24124.10, 66803782, 1041
3573, 11, 134, 671, 1, 0, 14.27%, 0, 0, 9, 20164.39, 66916402, 1041
3579, 11, 9, 671, 1, 0, 14.27%, 0, 0, 9, 25968.62, 67062295, 1041
3584, 11, 440, 671, 1, 0, 14.27%, 0, 0, 9, 24828.00, 67190323, 1041
3589, 11, 211, 671, 1, 0, 14.27%, 0, 0, 9, 23841.88, 67302509, 1041
3594, 11, 578, 671, 1, 0, 14.27%, 0, 0, 9, 21031.66, 67406130, 1041
3597, 12, 85, 671, 1, 0, 14.27%, 0, 0, 9, 17210.14, 67445652, 1041
