# relative_time, cycles_done, cur_item, corpus_count, pending_total, pending_favs, map_size, saved_crashes, saved_hangs, max_depth, execs_per_sec, total_execs, edges_found
61, 0, 113, 285, 253, 47, 14.18%, 0, 0, 7, 21767.59, 1302433, 1035
66, 0, 230, 295, 258, 42, 14.18%, 0, 0, 7, 23647.21, 1413910, 1035
71, 0, 204, 307, 266, 40, 14.18%, 0, 0, 7, 28195.63, 1560281, 1035
76, 0, 205, 314, 265, 33, 14.18%, 0, 0, 7, 23637.75, 1663053, 1035
81, 0, 261, 337, 283, 28, 14.18%, 0, 0, 7, 21630.90, 1767964, 1035
86, 0, 261, 350, 296, 28, 14.18%, 0, 0, 7, 16763.00, 1835533, 1035
91, 0, 147, 357, 302, 27, 14.21%, 0, 0, 7, 24542.84, 1968525, 1037
97, 0, 353, 379, 322, 25, 14.27%, 0, 0, 7, 20645.11, 2068818, 1041
102, 0, 353, 382, 325, 25, 14.27%, 0, 0, 7, 22961.32, 2186642, 1041
107, 0, 97, 388, 330, 28, 14.27%, 0, 0, 7, 19556.85, 2279735, 1041
112, 0, 241, 393, 332, 25, 14.27%, 0, 0, 8, 4015.62, 2412379, 1041
117, 0, 82, 398, 336, 24, 14.27%, 0, 0, 8, 16022.51, 2504357, 1041
122, 0, 202, 402, 339, 23, 14.27%, 0, 0, 8, 19471.96, 2610759, 1041
127, 0, 327, 407, 341, 20, 14.27%, 0, 0, 8, 17318.66, 2688596, 1041
132, 0, 327, 409, 343, 20, 14.27%, 0, 0, 8, 18952.04, 2792532, 1041
137, 0, 239, 413, 345, 18, 14.27%, 0, 0, 8, 21983.51, 2892149, 1041
142, 0, 170, 417, 345, 14, 14.27%, 0, 0, 8, 18310.99, 2986124, 1041
147, 0, 413, 422, 346, 11, 14.27%, 0, 0, 8, 17051.56, 3067258, 1041
152, 0, 413, 425, 349, 11, 14.27%, 0, 0, 8, 19255.32, 3167968, 1041
157, 0, 363, 432, 352, 8, 14.27%, 0, 0, 8, 18037.20, 3268885, 1041
163, 0, 138, 438, 355, 7, 14.27%, 0, 0, 8, 17901.65, 3357993, 1041
168, 0, 184, 441, 356, 5, 14.27%, 0, 0, 8, 23267.32, 3475484, 1041
173, 0, 209, 444, 354, 2, 14.27%, 0, 0, 8, 18773.07, 3570918, 1041
178, 0, 239, 450, 359, 2, 14.27%, 0, 0, 8, 18691.72, 3654474, 1041
183, 0, 254, 453, 360, 1, 14.27%, 0, 0, 8, 16371.22, 3743402, 1041
188, 0, 191, 454, 359, 1, 14.27%, 0, 0, 8, 20492.89, 3839173, 1041
193, 0, 381, 458, 362, 1, 14.27%, 0, 0, 8, 18334.46, 3940601, 1041
198, 0, 381, 460, 364, 1, 14.27%, 0, 0, 8, 18050.87, 4029531, 1041
203, 0, 381, 460, 364, 1, 14.27%, 0, 0, 8, 15790.16, 4116075, 1041
208, 0, 232, 463, 365, 0, 14.27%, 0, 0, 8, 24150.25, 4244655, 1041
213, 0, 361, 463, 363, 1, 14.27%, 0, 0, 8, 7586.31, 4341155, 1041
218, 0, 463, 466, 365, 0, 14.27%, 0, 0, 8, 19922.82, 4455989, 1041
224, 0, 187, 466, 364, 0, 14.27%, 0, 0, 8, 19401.89, 4563715, 1041
229, 0, 239, 467, 365, 0, 14.27%, 0, 0, 8, 23520.36, 4683453, 1041
234, 0, 192, 468, 366, 0, 14.27%, 0, 0, 8, 20074.72, 4793932, 1041
239, 0, 191, 468, 366, 0, 14.27%, 0, 0, 8, 22594.42, 4914168, 1041
244, 0, 241, 468, 366, 0, 14.27%, 0, 0, 8, 19422.08, 5016667, 1041
249, 0, 232, 468, 366, 0, 14.27%, 0, 0, 8, 22339.42, 5134185, 1041
254, 0, 232, 468, 366, 0, 14.27%, 0, 0, 8, 17512.64, 5223490, 1041
259, 0, 36, 468, 366, 0, 14.27%, 0, 0, 8, 20578.87, 5326278, 1041
264, 0, 191, 468, 366, 0, 14.27%, 0, 0, 8, 17917.97, 5424845, 1041
269, 0, 192, 469, 367, 0, 14.27%, 0, 0, 8, 22771.04, 5539413, 1041
274, 0, 191, 469, 367, 0, 14.27%, 0, 0, 8, 20935.80, 5644703, 1041
280, 0, 209, 469, 367, 0, 14.27%, 0, 0, 8, 23391.07, 5764302, 1041
285, 0, 191, 469, 367, 0, 14.27%, 0, 0, 8, 15334.72, 5841339, 1041
290, 0, 232, 470, 368, 0, 14.27%, 0, 0, 8, 22795.52, 5967385, 1041
295, 0, 191, 470, 368, 0, 14.27%, 0, 0, 8, 19464.26, 6057614, 1041
300, 0, 254, 470, 368, 0, 14.27%, 0, 0, 8, 21026.98, 6164021, 1041
305, 0, 191, 470, 368, 0, 14.27%, 0, 0, 8, 16512.49, 6251477, 1041
310, 0, 39, 470, 368, 0, 14.27%, 0, 0, 8, 24569.18, 6378574, 1041
316, 1, 187, 471, 368, 0, 14.27%, 0, 0, 8, 15940.45, 6451077, 1041
321, 1, 72, 472, 368, 0, 14.27%, 0, 0, 8, 22719.22, 6574002, 1041
326, 1, 82, 472, 368, 0, 14.27%, 0, 0, 8, 19895.13, 6668383, 1041
331, 1, 239, 472, 368, 0, 14.27%, 0, 0, 8, 25402.20, 6799027, 1041
336, 1, 413, 472, 368, 0, 14.27%, 0, 0, 8, 17160.42, 6868562, 1041
341, 1, 239, 472, 368, 0, 14.27%, 0, 0, 8, 18197.70, 6960103, 1041
346, 1, 191, 473, 369, 0, 14.27%, 0, 0, 8, 19278.14, 7061013, 1041
351, 1, 239, 474, 370, 0, 14.27%, 0, 0, 8, 23364.19, 7183057, 1041
356, 1, 39, 474, 370, 0, 14.27%, 0, 0, 8, 17786.06, 7266740, 1041
361, 1, 191, 474, 370, 0, 14.27%, 0, 0, 8, 19792.68, 7365822, 1041
366, 1, 190, 475, 371, 0, 14.27%, 0, 0, 8, 18325.40, 7446504, 1041
371, 1, 239, 475, 371, 0, 14.27%, 0, 0, 8, 23324.12, 7569108, 1041
376, 1, 52, 476, 372, 0, 14.27%, 0, 0, 8, 21441.28, 7674986, 1041
381, 1, 191, 476, 372, 0, 14.27%, 0, 0, 8, 24976.39, 7802279, 1041
386, 1, 191, 476, 371, 0, 14.27%, 0, 0, 8, 18025.55, 7885013, 1041
392, 1, 413, 477, 372, 0, 14.27%, 0, 0, 8, 24156.33, 8013785, 1041
397, 1, 239, 477, 372, 0, 14.27%, 0, 0, 8, 18062.23, 8095305, 1041
402, 1, 187, 477, 371, 0, 14.27%, 0, 0, 8, 20849.04, 8198804, 1041
407, 1, 118, 478, 372, 0, 14.27%, 0, 0, 8, 17259.54, 8278168, 1041
412, 1, 202, 478, 372, 0, 14.27%, 0, 0, 8, 18871.46, 8382805, 1041
417, 1, 227, 478, 372, 0, 14.27%, 0, 0, 8, 23073.74, 8494618, 1041
422, 1, 191, 478, 372, 0, 14.27%, 0, 0, 8, 19339.93, 8593884, 1041
427, 1, 191, 478, 372, 0, 14.27%, 0, 0, 8, 17528.50, 8675078, 1041
432, 1, 226, 478, 371, 0, 14.27%, 0, 0, 8, 17896.47, 8769592, 1041
437, 1, 147, 478, 370, 0, 14.27%, 0, 0, 8, 17286.00, 8855345, 1041
442, 1, 191, 478, 370, 0, 14.27%, 0, 0, 8, 17722.89, 8951580, 1041
447, 1, 232, 478, 370, 0, 14.27%, 0, 0, 8, 20007.20, 9049024, 1041
453, 1, 239, 479, 371, 0, 14.27%, 0, 0, 8, 18795.43, 9149541, 1041
458, 1, 413, 479, 371, 0, 14.27%, 0, 0, 8, 18351.71, 9247029, 1041
463, 1, 254, 479, 371, 0, 14.27%, 0, 0, 8, 19786.09, 9354785, 1041
468, 1, 222, 479, 371, 0, 14.27%, 0, 0, 8, 22028.69, 9456832, 1041
473, 1, 254, 480, 372, 0, 14.27%, 0, 0, 8, 20296.33, 9564500, 1041
478, 1, 187, 480, 371, 0, 14.27%, 0, 0, 8, 18972.27, 9659769, 1041
483, 1, 413, 480, 371, 0, 14.27%, 0, 0, 8, 17870.09, 9754639, 1041
488, 2, 192, 585, 475, 0, 14.27%, 0, 0, 8, 14288.37, 9822149, 1041
493, 2, 226, 585, 475, 0, 14.27%, 0, 0, 8, 17426.09, 9909535, 1041
498, 2, 191, 585, 475, 0, 14.27%, 0, 0, 8, 21603.61, 10025124, 1041
503, 2, 66, 585, 474, 0, 14.27%, 0, 0, 8, 20684.02, 10137946, 1041
508, 2, 232, 585, 474, 0, 14.27%, 0, 0, 8, 23799.04, 10257819, 1041
513, 2, 239, 585, 474, 0, 14.27%, 0, 0, 8, 19149.66, 10358582, 1041
518, 2, 262, 585, 474, 0, 14.27%, 0, 0, 8, 23077.60, 10473510, 1041
523, 2, 187, 585, 474, 0, 14.27%, 0, 0, 8, 21364.18, 10588570, 1041
528, 2, 191, 585, 474, 0, 14.27%, 0, 0, 8, 22863.46, 10700968, 1041
534, 2, 428, 585, 474, 0, 14.27%, 0, 0, 8, 19931.75, 10809012, 1041
539, 2, 191, 585, 474, 0, 14.27%, 0, 0, 8, 23902.28, 10929906, 1041
544, 2, 225, 585, 474, 0, 14.27%, 0, 0, 8, 21456.83, 11047684, 1041
549, 2, 187, 585, 474, 0, 14.27%, 0, 0, 8, 24273.25, 11171030, 1041
554, 2, 235, 585, 474, 0, 14.27%, 0, 0, 8, 20365.11, 11271342, 1041
559, 2, 373, 585, 473, 0, 14.27%, 0, 0, 8, 24689.24, 11398540, 1041
564, 2, 428, 585, 472, 0, 14.27%, 0, 0, 8, 20032.43, 11495264, 1041
569, 2, 209, 585, 470, 0, 14.27%, 0, 0, 8, 24929.40, 11626131, 1041
575, 2, 232, 585, 470, 0, 14.27%, 0, 0, 8, 23318.97, 11743898, 1041
580, 2, 232, 585, 469, 0, 14.27%, 0, 0, 8, 20096.91, 11841145, 1041
585, 2, 254, 585, 469, 0, 14.27%, 0, 0, 8, 15863.65, 11919477, 1041
590, 2, 226, 585, 469, 0, 14.27%, 0, 0, 8, 23579.12, 12048560, 1041
595, 2, 209, 585, 468, 0, 14.27%, 0, 0, 8, 18617.00, 12146246, 1041
600, 2, 113, 585, 468, 0, 14.27%, 0, 0, 8, 24488.89, 12273999, 1041
605, 2, 113, 585, 468, 0, 14.27%, 0, 0, 8, 18932.59, 12357408, 1041
610, 2, 232, 585, 468, 0, 14.27%, 0, 0, 8, 23989.13, 12482847, 1041
615, 2, 187, 585, 468, 0, 14.27%, 0, 0, 8, 21832.02, 12589946, 1041
621, 2, 239, 585, 468, 0, 14.27%, 0, 0, 8, 25670.28, 12731125, 1041
626, 2, 191, 585, 468, 0, 14.27%, 0, 0, 8, 20162.23, 12819861, 1041
631, 2, 254, 585, 468, 0, 14.27%, 0, 0, 8, 24361.10, 12952094, 1041
636, 2, 254, 585, 468, 0, 14.27%, 0, 0, 8, 17339.81, 13028601, 1041
641, 2, 254, 585, 466, 0, 14.27%, 0, 0, 8, 21103.71, 13131388, 1041
646, 2, 444, 585, 466, 0, 14.27%, 0, 0, 8, 18232.71, 13212335, 1041
651, 2, 226, 585, 466, 0, 14.27%, 0, 0, 8, 22260.43, 13330207, 1041
656, 2, 239, 585, 465, 0, 14.27%, 0, 0, 8, 20513.84, 13424259, 1041
661, 2, 211, 585, 465, 0, 14.27%, 0, 0, 8, 23549.42, 13547323, 1041
666, 2, 425, 585, 465, 0, 14.27%, 0, 0, 8, 23027.96, 13656462, 1041
671, 2, 239, 585, 465, 0, 14.27%, 0, 0, 8, 24130.17, 13782982, 1041
676, 2, 225, 585, 465, 0, 14.27%, 0, 0, 8, 19165.79, 13863766, 1041
682, 2, 191, 585, 465, 0, 14.27%, 0, 0, 8, 21856.05, 13980603, 1041
687, 2, 191, 585, 465, 0, 14.27%, 0, 0, 8, 16368.04, 14048399, 1041
692, 2, 307, 585, 465, 0, 14.27%, 0, 0, 8, 21145.72, 14164104, 1041
697, 2, 82, 585, 464, 0, 14.27%, 0, 0, 8, 16428.30, 14239746, 1041
702, 2, 254, 585, 464, 0, 14.27%, 0, 0, 8, 19111.67, 14339836, 1041
707, 2, 192, 585, 464, 0, 14.27%, 0, 0, 8, 19795.07, 14433891, 1041
712, 2, 232, 585, 464, 0, 14.27%, 0, 0, 8, 17805.77, 14527630, 1041
717, 2, 254, 585, 464, 0, 14.27%, 0, 0, 8, 18957.81, 14621620, 1041
723, 2, 191, 585, 464, 0, 14.27%, 0, 0, 8, 23283.30, 14752632, 1041
728, 2, 36, 585, 464, 0, 14.27%, 0, 0, 8, 24590.97, 14876473, 1041
733, 2, 239, 585, 464, 0, 14.27%, 0, 0, 8, 20763.27, 14982561, 1041
738, 2, 191, 585, 462, 0, 14.27%, 0, 0, 8, 24200.15, 15098595, 1041
743, 2, 239, 585, 462, 0, 14.27%, 0, 0, 8, 20544.23, 15211122, 1041
748, 2, 191, 585, 462, 0, 14.27%, 0, 0, 8, 22203.61, 15320748, 1041
753, 3, 239, 600, 477, 0, 14.27%, 0, 0, 8, 16405.02, 15407592, 1041
758, 3, 191, 600, 476, 0, 14.27%, 0, 0, 8, 18286.37, 15503374, 1041
763, 3, 191, 600, 476, 0, 14.27%, 0, 0, 8, 17903.25, 15606083, 1041
768, 3, 191, 600, 476, 0, 14.27%, 0, 0, 8, 22142.50, 15722188, 1041
774, 3, 191, 600, 475, 0, 14.27%, 0, 0, 8, 17836.41, 15810389, 1041
779, 3, 36, 600, 475, 0, 14.27%, 0, 0, 8, 20294.28, 15917475, 1041
784, 3, 413, 600, 475, 0, 14.27%, 0, 0, 8, 17135.12, 16006686, 1041
789, 3, 113, 600, 475, 0, 14.27%, 0, 0, 8, 24960.59, 16139060, 1041
794, 3, 209, 600, 475, 0, 14.27%, 0, 0, 8, 18626.62, 16232656, 1041
799, 3, 239, 600, 475, 0, 14.27%, 0, 0, 8, 23701.19, 16357499, 1041
804, 3, 209, 600, 475, 0, 14.27%, 0, 0, 8, 17621.36, 16447382, 1041
810, 3, 191, 600, 475, 0, 14.27%, 0, 0, 8, 23294.31, 16570910, 1041
815, 3, 39, 600, 475, 0, 14.27%, 0, 0, 8, 19302.09, 16663725, 1041
820, 3, 191, 600, 475, 0, 14.27%, 0, 0, 8, 21404.77, 16766664, 1041
825, 3, 191, 600, 475, 0, 14.27%, 0, 0, 8, 18378.34, 16854228, 1041
830, 3, 192, 600, 474, 0, 14.27%, 0, 0, 8, 22772.87, 16972012, 1041
835, 3, 5, 600, 474, 0, 14.27%, 0, 0, 8, 19704.80, 17057761, 1041
840, 3, 113, 600, 474, 0, 14.27%, 0, 0, 8, 24272.20, 17176976, 1041
845, 3, 147, 600, 474, 0, 14.27%, 0, 0, 8, 20641.48, 17274039, 1041
850, 3, 191, 600, 474, 0, 14.27%, 0, 0, 8, 24331.28, 17400513, 1041
855, 3, 239, 600, 474, 0, 14.27%, 0, 0, 8, 19091.32, 17490312, 1041
861, 3, 192, 600, 474, 0, 14.27%, 0, 0, 8, 21663.55, 17605666, 1041
866, 3, 232, 600, 474, 0, 14.27%, 0, 0, 8, 19232.38, 17696887, 1041
871, 3, 254, 600, 473, 0, 14.27%, 0, 0, 8, 21755.95, 17799698, 1041
876, 3, 239, 600, 473, 0, 14.27%, 0, 0, 8, 18691.24, 17888758, 1041
881, 3, 413, 600, 473, 0, 14.27%, 0, 0, 8, 18096.05, 17978931, 1041
886, 3, 239, 600, 472, 0, 14.27%, 0, 0, 8, 18636.64, 18074149, 1041
891, 3, 239, 600, 472, 0, 14.27%, 0, 0, 8, 20947.72, 18172752, 1041
896, 3, 191, 600, 471, 0, 14.27%, 0, 0, 8, 20182.25, 18263409, 1041
901, 3, 191, 600, 471, 0, 14.27%, 0, 0, 8, 23274.42, 18385637, 1041
906, 3, 191, 600, 471, 0, 14.27%, 0, 0, 8, 19247.15, 18470588, 1041
912, 3, 187, 600, 471, 0, 14.27%, 0, 0, 8, 22600.54, 18593251, 1041
917, 3, 66, 600, 471, 0, 14.27%, 0, 0, 8, 18011.60, 18668912, 1041
922, 3, 254, 600, 471, 0, 14.27%, 0, 0, 8, 21803.37, 18783811, 1041
927, 3, 191, 600, 471, 0, 14.27%, 0, 0, 8, 20508.33, 18878937, 1041
932, 3, 239, 600, 471, 0, 14.27%, 0, 0, 8, 22726.76, 19003366, 1041
937, 3, 307, 600, 471, 0, 14.27%, 0, 0, 8, 16419.76, 19080879, 1041
942, 3, 239, 600, 471, 0, 14.27%, 0, 0, 8, 20175.22, 19191623, 1041
947, 3, 187, 600, 471, 0, 14.27%, 0, 0, 8, 21386.28, 19294479, 1041
952, 3, 191, 600, 471, 0, 14.27%, 0, 0, 8, 21335.88, 19405943, 1041
957, 3, 191, 600, 470, 0, 14.27%, 0, 0, 8, 21097.01, 19505709, 1041
962, 3, 52, 600, 469, 0, 14.27%, 0, 0, 8, 21873.07, 19624732, 1041
967, 3, 191, 600, 469, 0, 14.27%, 0, 0, 8, 21631.90, 19728313, 1041
972, 3, 191, 600, 469, 0, 14.27%, 0, 0, 8, 22949.95, 19851773, 1041
977, 3, 191, 600, 469, 0, 14.27%, 0, 0, 8, 23956.22, 19966590, 1041
983, 3, 191, 600, 468, 0, 14.27%, 0, 0, 8, 20273.45, 20080289, 1041
988, 3, 209, 600, 467, 0, 14.27%, 0, 0, 8, 23736.71, 20193506, 1041
993, 3, 362, 600, 467, 0, 14.27%, 0, 0, 8, 17794.04, 20280417, 1041
998, 3, 191, 600, 466, 0, 14.27%, 0, 0, 8, 20745.86, 20397232, 1041
1003, 3, 239, 600, 466, 0, 14.27%, 0, 0, 8, 18343.75, 20492302, 1041
1008, 3, 232, 600, 466, 0, 14.27%, 0, 0, 8, 13983.42, 20559194, 1041
1013, 3, 239, 600, 466, 0, 14.27%, 0, 0, 8, 16970.89, 20659374, 1041
1019, 4, 254, 607, 473, 0, 14.27%, 0, 0, 8, 17328.73, 20751881, 1041
1024, 4, 191, 607, 473, 0, 14.27%, 0, 0, 8, 14311.25, 20819330, 1041
1029, 4, 413, 607, 472, 0, 14.27%, 0, 0, 8, 20369.53, 20933394, 1041
1034, 4, 191, 607, 471, 0, 14.27%, 0, 0, 8, 19437.51, 21040256, 1041
1039, 4, 147, 607, 471, 0, 14.27%, 0, 0, 8, 16418.22, 21129328, 1041
1044, 4, 187, 607, 471, 0, 14.27%, 0, 0, 8, 17413.17, 21213663, 1041
1049, 4, 191, 607, 471, 0, 14.27%, 0, 0, 8, 21294.76, 21323458, 1041
1054, 4, 191, 607, 471, 0, 14.27%, 0, 0, 8, 22422.86, 21442578, 1041
1059, 4, 191, 607, 471, 0, 14.27%, 0, 0, 8, 20552.83, 21538680, 1041
1064, 4, 36, 607, 470, 0, 14.27%, 0, 0, 8, 13016.06, 21641509, 1041
1070, 4, 191, 607, 469, 0, 14.27%, 0, 0, 8, 22037.51, 21761707, 1041
1075, 4, 239, 607, 469, 0, 14.27%, 0, 0, 8, 18908.91, 21856784, 1041
1080, 4, 239, 607, 469, 0, 14.27%, 0, 0, 8, 21850.75, 21976814, 1041
1085, 4, 209, 607, 469, 0, 14.27%, 0, 0, 8, 18296.51, 22070203, 1041
1090, 4, 7, 607, 469, 0, 14.27%, 0, 0, 8, 23172.38, 22190040, 1041
1095, 4, 446, 607, 469, 0, 14.27%, 0, 0, 8, 17945.18, 22279614, 1041
1100, 4, 232, 607, 468, 0, 14.27%, 0, 0, 8, 22356.44, 22391985, 1041
1105, 4, 191, 607, 467, 0, 14.27%, 0, 0, 8, 20034.54, 22491209, 1041
1110, 4, 239, 607, 467, 0, 14.27%, 0, 0, 8, 24054.59, 22613339, 1041
1115, 4, 230, 607, 466, 0, 14.27%, 0, 0, 8, 20282.33, 22710293, 1041
1120, 4, 204, 607, 466, 0, 14.27%, 0, 0, 8, 23029.14, 22825501, 1041
1125, 4, 187, 607, 466, 0, 14.27%, 0, 0, 8, 20348.35, 22921229, 1041
1131, 4, 192, 607, 465, 0, 14.27%, 0, 0, 8, 24411.63, 23051637, 1041
1136, 4, 191, 607, 465, 0, 14.27%, 0, 0, 8, 22511.37, 23154992, 1041
1141, 4, 232, 607, 464, 0, 14.27%, 0, 0, 8, 22324.57, 23271885, 1041
1146, 4, 65, 607, 463, 0, 14.27%, 0, 0, 8, 18465.32, 23364464, 1041
1151, 4, 254, 607, 463, 0, 14.27%, 0, 0, 8, 22664.73, 23487821, 1041
1156, 4, 307, 607, 462, 0, 14.27%, 0, 0, 8, 18061.18, 23575188, 1041
1161, 4, 183, 607, 462, 0, 14.27%, 0, 0, 8, 21522.41, 23680520, 1041
1166, 4, 191, 607, 462, 0, 14.27%, 0, 0, 8, 19120.11, 23763680, 1041
1171, 4, 187, 607, 462, 0, 14.27%, 0, 0, 8, 19298.31, 23865027, 1041
1176, 4, 232, 607, 462, 0, 14.27%, 0, 0, 8, 16224.65, 23941871, 1041
1181, 4, 192, 607, 462, 0, 14.27%, 0, 0, 8, 16502.37, 24022874, 1041
1186, 4, 239, 607, 462, 0, 14.27%, 0, 0, 8, 20633.22, 24118217, 1041
1191, 4, 230, 607, 461, 0, 14.27%, 0, 0, 8, 23171.33, 24230751, 1041
1196, 4, 52, 607, 460, 0, 14.27%, 0, 0, 8, 18226.96, 24305643, 1041
1202, 4, 413, 607, 460, 0, 14.27%, 0, 0, 8, 24637.87, 24443281, 1041
1207, 4, 187, 607, 460, 0, 14.27%, 0, 0, 8, 20139.57, 24533591, 1041
1212, 4, 113, 607, 460, 0, 14.27%, 0, 0, 8, 21869.38, 24647359, 1041
1217, 4, 184, 607, 460, 0, 14.27%, 0, 0, 8, 20924.01, 24743200, 1041
1222, 4, 147, 607, 460, 0, 14.27%, 0, 0, 8, 24545.93, 24870532, 1041
1227, 4, 186, 607, 460, 0, 14.27%, 0, 0, 8, 23373.82, 24976364, 1041
1232, 4, 191, 607, 460, 0, 14.27%, 0, 0, 8, 23480.43, 25095643, 1041
1237, 4, 192, 607, 460, 0, 14.27%, 0, 0, 8, 20662.07, 25194045, 1041
1242, 4, 241, 607, 460, 0, 14.27%, 0, 0, 8, 21372.12, 25301901, 1041
1247, 4, 187, 607, 460, 0, 14.27%, 0, 0, 8, 20891.39, 25395417, 1041
1252, 4, 187, 607, 460, 0, 14.27%, 0, 0, 8, 19307.31, 25498729, 1041
1257, 4, 191, 607, 460, 0, 14.27%, 0, 0, 8, 24133.45, 25613508, 1041
1262, 5, 191, 613, 465, 0, 14.27%, 0, 0, 8, 22142.87, 25724076, 1041
1267, 5, 191, 613, 465, 0, 14.27%, 0, 0, 8, 24170.50, 25834985, 1041
1272, 5, 413, 613, 465, 0, 14.27%, 0, 0, 8, 24105.30, 25965041, 1041
1277, 5, 232, 613, 465, 0, 14.27%, 0, 0, 8, 22846.39, 26073254, 1041
1283, 5, 187, 613, 465, 0, 14.27%, 0, 0, 8, 22406.07, 26185075, 1041
1288, 5, 191, 613, 465, 0, 14.27%, 0, 0, 8, 20362.85, 26282499, 1041
1293, 5, 191, 613, 465, 0, 14.27%, 0, 0, 8, 20760.58, 26398967, 1041
1298, 5, 191, 613, 465, 0, 14.27%, 0, 0, 8, 19254.29, 26485472, 1041
1303, 5, 7, 613, 465, 0, 14.27%, 0, 0, 8, 20594.00, 26593629, 1041
1308, 5, 232, 613, 465, 0, 14.27%, 0, 0, 8, 24227.35, 26713900, 1041
1313, 5, 191, 613, 465, 0, 14.27%, 0, 0, 8, 20386.59, 26821487, 1041
1318, 5, 225, 613, 465, 0, 14.27%, 0, 0, 8, 20666.72, 26919308, 1041
1323, 5, 413, 613, 465, 0, 14.27%, 0, 0, 8, 19551.90, 27025836, 1041
1328, 5, 191, 613, 465, 0, 14.27%, 0, 0, 8, 24110.09, 27149890, 1041
1333, 5, 191, 613, 465, 0, 14.27%, 0, 0, 8, 20954.74, 27265902, 1041
1338, 5, 191, 613, 465, 0, 14.27%, 0, 0, 8, 24663.86, 27386957, 1041
1344, 5, 232, 613, 465, 0, 14.27%, 0, 0, 8, 19932.63, 27494325, 1041
1349, 5, 254, 613, 465, 0, 14.27%, 0, 0, 8, 25505.01, 27616669, 1041
1354, 5, 254, 613, 465, 0, 14.27%, 0, 0, 8, 20666.01, 27724469, 1041
1359, 5, 82, 613, 464, 0, 14.27%, 0, 0, 8, 21446.21, 27828117, 1041
1364, 5, 191, 613, 464, 0, 14.27%, 0, 0, 8, 18891.57, 27931627, 1041
1369, 5, 232, 613, 464, 0, 14.27%, 0, 0, 8, 19614.84, 28033471, 1041
1374, 5, 239, 613, 464, 0, 14.27%, 0, 0, 8, 19402.56, 28146074, 1041
1379, 5, 191, 613, 464, 0, 14.27%, 0, 0, 8, 21442.07, 28253748, 1041
1384, 5, 191, 613, 464, 0, 14.27%, 0, 0, 8, 18097.93, 28346532, 1041
1390, 5, 254, 613, 464, 0, 14.27%, 0, 0, 8, 24951.45, 28481111, 1041
1395, 5, 191, 613, 464, 0, 14.27%, 0, 0, 8, 20105.29, 28579727, 1041
1400, 5, 262, 613, 464, 0, 14.27%, 0, 0, 8, 24529.46, 28711053, 1041
1405, 5, 254, 613, 463, 0, 14.27%, 0, 0, 8, 20200.04, 28810174, 1041
1410, 5, 191, 613, 463, 0, 14.27%, 0, 0, 8, 21213.58, 28926458, 1041
1415, 5, 254, 613, 463, 0, 14.27%, 0, 0, 8, 19078.55, 29017769, 1041
1420, 5, 254, 613, 463, 0, 14.27%, 0, 0, 8, 20858.82, 29120695, 1041
1425, 5, 232, 613, 463, 0, 14.27%, 0, 0, 8, 16950.63, 29210135, 1041
1430, 5, 327, 613, 462, 0, 14.27%, 0, 0, 8, 20755.10, 29322966, 1041
1435, 5, 239, 613, 462, 0, 14.27%, 0, 0, 8, 23231.62, 29433981, 1041
1440, 5, 202, 613, 462, 0, 14.27%, 0, 0, 8, 24882.32, 29567042, 1041
1446, 5, 147, 613, 462, 0, 14.27%, 0, 0, 8, 22642.44, 29678203, 1041
1451, 5, 239, 613, 461, 0, 14.27%, 0, 0, 8, 16865.45, 29764553, 1041
1456, 5, 191, 613, 461, 0, 14.27%, 0, 0, 8, 18305.39, 29851924, 1041
1461, 5, 254, 613, 461, 0, 14.27%, 0, 0, 8, 21158.66, 29967590, 1041
1466, 5, 82, 613, 461, 0, 14.27%, 0, 0, 8, 18382.18, 30050520, 1041
1471, 5, 444, 613, 460, 0, 14.27%, 0, 0, 8, 20329.08, 30153073, 1041
1476, 5, 191, 613, 460, 0, 14.27%, 0, 0, 8, 16890.00, 30234765, 1041
1481, 5, 187, 613, 460, 0, 14.27%, 0, 0, 8, 20643.38, 30334983, 1041
1486, 5, 413, 613, 460, 0, 14.27%, 0, 0, 8, 20697.05, 30431751, 1041
1491, 5, 362, 613, 459, 0, 14.27%, 0, 0, 8, 20372.19, 30533413, 1041
1496, 5, 113, 613, 459, 0, 14.27%, 0, 0, 8, 20557.68, 30626597, 1041
1502, 5, 191, 613, 459, 0, 14.27%, 0, 0, 8, 23627.87, 30753915, 1041
1507, 5, 191, 613, 459, 0, 14.27%, 0, 0, 8, 24089.69, 30861956, 1041
1512, 6, 230, 625, 471, 0, 14.27%, 0, 0, 8, 22093.38, 30969416, 1041
1517, 6, 97, 625, 471, 0, 14.27%, 0, 0, 8, 20137.09, 31059398, 1041
1522, 6, 36, 625, 471, 0, 14.27%, 0, 0, 8, 20830.01, 31164937, 1041
1527, 6, 254, 625, 471, 0, 14.27%, 0, 0, 8, 23323.04, 31273987, 1041
1532, 6, 239, 625, 471, 0, 14.27%, 0, 0, 8, 23205.09, 31395982, 1041
1537, 6, 254, 625, 471, 0, 14.27%, 0, 0, 8, 17167.43, 31476780, 1041
1542, 6, 239, 625, 471, 0, 14.27%, 0, 0, 8, 19521.58, 31579193, 1041
1547, 6, 239, 625, 471, 0, 14.27%, 0, 0, 8, 20314.13, 31680474, 1041
1552, 6, 39, 625, 471, 0, 14.27%, 0, 0, 8, 19077.08, 31779038, 1041
1557, 6, 239, 625, 471, 0, 14.27%, 0, 0, 8, 20640.76, 31875261, 1041
1563, 6, 362, 625, 471, 0, 14.27%, 0, 0, 8, 19987.56, 31991816, 1041
1568, 6, 239, 625, 471, 0, 14.27%, 0, 0, 8, 18540.55, 32078109, 1041
1573, 6, 239, 625, 471, 0, 14.27%, 0, 0, 8, 18547.77, 32180982, 1041
1578, 6, 81, 625, 471, 0, 14.27%, 0, 0, 8, 17351.18, 32268109, 1041
1583, 6, 187, 625, 471, 0, 14.27%, 0, 0, 8, 18598.59, 32378914, 1041
1588, 6, 239, 625, 471, 0, 14.27%, 0, 0, 8, 24465.47, 32500463, 1041
1593, 6, 254, 625, 471, 0, 14.27%, 0, 0, 8, 21239.51, 32610472, 1041
1598, 6, 187, 625, 471, 0, 14.27%, 0, 0, 8, 17636.57, 32702194, 1041
1603, 6, 192, 625, 471, 0, 14.27%, 0, 0, 8, 14811.00, 32782844, 1041
1608, 6, 191, 625, 471, 0, 14.27%, 0, 0, 8, 20930.28, 32890031, 1041
1614, 6, 191, 625, 471, 0, 14.27%, 0, 0, 8, 17473.85, 32986451, 1041
1619, 6, 191, 625, 470, 0, 14.27%, 0, 0, 8, 13416.43, 33048321, 1041
1624, 6, 191, 625, 470, 0, 14.27%, 0, 0, 8, 16029.43, 33144327, 1041
1629, 6, 192, 625, 470, 0, 14.27%, 0, 0, 8, 19303.30, 33249949, 1041
1634, 6, 191, 625, 470, 0, 14.27%, 0, 0, 8, 16147.84, 33333420, 1041
1639, 6, 239, 625, 470, 0, 14.27%, 0, 0, 8, 19617.26, 33429311, 1041
1644, 6, 254, 625, 470, 0, 14.27%, 0, 0, 8, 18455.86, 33528695, 1041
1649, 6, 187, 625, 470, 0, 14.27%, 0, 0, 8, 14743.98, 33600609, 1041
1654, 6, 72, 625, 470, 0, 14.27%, 0, 0, 8, 12357.37, 33669539, 1041
1659, 6, 191, 625, 470, 0, 14.27%, 0, 0, 8, 13295.82, 33734359, 1041
1664, 6, 191, 625, 470, 0, 14.27%, 0, 0, 8, 13486.66, 33809506, 1041
1669, 6, 239, 625, 470, 0, 14.27%, 0, 0, 8, 23517.78, 33938596, 1041
1674, 6, 36, 625, 469, 0, 14.27%, 0, 0, 8, 22873.02, 34055232, 1041
1680, 6, 191, 625, 469, 0, 14.27%, 0, 0, 8, 24777.17, 34179583, 1041
1685, 6, 239, 625, 469, 0, 14.27%, 0, 0, 8, 19967.43, 34276048, 1041
1690, 6, 191, 625, 469, 0, 14.27%, 0, 0, 8, 27084.89, 34420162, 1041
1695, 6, 191, 625, 469, 0, 14.27%, 0, 0, 8, 22581.14, 34530646, 1041
1700, 6, 187, 625, 469, 0, 14.27%, 0, 0, 8, 22407.72, 34637217, 1041
1705, 6, 239, 625, 469, 0, 14.27%, 0, 0, 8, 19258.04, 34731222, 1041
1710, 6, 191, 625, 468, 0, 14.27%, 0, 0, 8, 24411.75, 34865570, 1041
1715, 6, 191, 625, 468, 0, 14.27%, 0, 0, 8, 19439.84, 34960579, 1041
1720, 6, 239, 625, 468, 0, 14.27%, 0, 0, 8, 19572.93, 35051194, 1041
1725, 6, 209, 625, 468, 0, 14.27%, 0, 0, 8, 21304.10, 35154760, 1041
1730, 6, 191, 625, 468, 0, 14.27%, 0, 0, 8, 21369.10, 35262323, 1041
1736, 6, 86, 625, 468, 0, 14.27%, 0, 0, 8, 20530.65, 35362089, 1041
1741, 6, 191, 625, 467, 0, 14.27%, 0, 0, 8, 21831.41, 35466939, 1041
1746, 6, 254, 625, 467, 0, 14.27%, 0, 0, 8, 18841.66, 35554406, 1041
1751, 6, 191, 625, 467, 0, 14.27%, 0, 0, 8, 25189.73, 35684684, 1041
1756, 6, 413, 625, 467, 0, 14.27%, 0, 0, 8, 17756.34, 35756408, 1041
1761, 6, 254, 625, 467, 0, 14.27%, 0, 0, 8, 23250.47, 35884746, 1041
1766, 6, 191, 625, 467, 0, 14.27%, 0, 0, 8, 19387.41, 35971272, 1041
1771, 6, 232, 625, 466, 0, 14.27%, 0, 0, 8, 24433.58, 36091814, 1041
1776, 6, 113, 625, 466, 0, 14.27%, 0, 0, 8, 4443.70, 36169968, 1041
1781, 6, 191, 625, 466, 0, 14.27%, 0, 0, 8, 16826.62, 36267051, 1041
1786, 6, 36, 625, 466, 0, 14.27%, 0, 0, 8, 16269.48, 36343502, 1041
1792, 7, 187, 636, 477, 0, 14.27%, 0, 0, 8, 21221.57, 36457555, 1041
1797, 7, 254, 636, 477, 0, 14.27%, 0, 0, 8, 18238.41, 36536473, 1041
1802, 7, 192, 636, 477, 0, 14.27%, 0, 0, 8, 22320.00, 36659206, 1041
1807, 7, 413, 636, 477, 0, 14.27%, 0, 0, 8, 22533.17, 36755020, 1041
1812, 7, 191, 636, 477, 0, 14.27%, 0, 0, 8, 22103.40, 36872455, 1041
1817, 7, 191, 636, 476, 0, 14.27%, 0, 0, 8, 18938.36, 36960169, 1041
1822, 7, 230, 636, 476, 0, 14.27%, 0, 0, 8, 19117.59, 37061379, 1041
1827, 7, 191, 636, 476, 0, 14.27%, 0, 0, 8, 21090.87, 37164409, 1041
1832, 7, 7, 636, 476, 0, 14.27%, 0, 0, 8, 22776.10, 37289134, 1041
1837, 7, 187, 636, 476, 0, 14.27%, 0, 0, 8, 19299.25, 37380909, 1041
1842, 7, 191, 636, 476, 0, 14.27%, 0, 0, 8, 23494.45, 37509146, 1041
1847, 7, 191, 636, 476, 0, 14.27%, 0, 0, 8, 22844.14, 37618408, 1041
1852, 7, 191, 636, 476, 0, 14.27%, 0, 0, 8, 22378.30, 37741180, 1041
1858, 7, 239, 636, 476, 0, 14.27%, 0, 0, 8, 20244.85, 37831113, 1041
1863, 7, 191, 636, 476, 0, 14.27%, 0, 0, 8, 16310.30, 37914393, 1041
1868, 7, 307, 636, 476, 0, 14.27%, 0, 0, 8, 20992.72, 38022573, 1041
1873, 7, 191, 636, 476, 0, 14.27%, 0, 0, 8, 16652.97, 38113158, 1041
1878, 7, 191, 636, 476, 0, 14.27%, 0, 0, 8, 20214.95, 38212613, 1041
1883, 7, 191, 636, 476, 0, 14.27%, 0, 0, 8, 15094.07, 38292207, 1041
1888, 7, 191, 636, 476, 0, 14.27%, 0, 0, 8, 15622.65, 38374045, 1041
1893, 7, 191, 636, 476, 0, 14.27%, 0, 0, 8, 16647.33, 38471373, 1041
1898, 7, 36, 636, 476, 0, 14.27%, 0, 0, 8, 17293.07, 38560048, 1041
1903, 7, 254, 636, 476, 0, 14.27%, 0, 0, 8, 17153.41, 38655035, 1041
1908, 7, 307, 636, 476, 0, 14.27%, 0, 0, 8, 23877.20, 38771545, 1041
1913, 7, 76, 636, 476, 0, 14.27%, 0, 0, 8, 20678.79, 38877196, 1041
1918, 7, 191, 636, 476, 0, 14.27%, 0, 0, 8, 22597.68, 38982923, 1041
1924, 7, 191, 636, 476, 0, 14.27%, 0, 0, 8, 18249.11, 39077203, 1041
1929, 7, 191, 636, 476, 0, 14.27%, 0, 0, 8, 21736.01, 39188172, 1041
1934, 7, 191, 636, 476, 0, 14.27%, 0, 0, 8, 20520.94, 39302995, 1041
1939, 7, 191, 636, 476, 0, 14.27%, 0, 0, 8, 23510.96, 39428076, 1041
1944, 7, 230, 636, 476, 0, 14.27%, 0, 0, 8, 20255.75, 39536818, 1041
1949, 7, 191, 636, 476, 0, 14.27%, 0, 0, 8, 23191.23, 39652522, 1041
1954, 7, 191, 636, 476, 0, 14.27%, 0, 0, 8, 17082.21, 39742255, 1041
1959, 7, 81, 636, 476, 0, 14.27%, 0, 0, 8, 17110.97, 39826000, 1041
1964, 7, 191, 636, 476, 0, 14.27%, 0, 0, 8, 15104.69, 39905600, 1041
1969, 7, 89, 636, 476, 0, 14.27%, 0, 0, 8, 19039.67, 40013852, 1041
1974, 7, 191, 636, 476, 0, 14.27%, 0, 0, 8, 14765.01, 40083467, 1041
1980, 7, 77, 636, 476, 0, 14.27%, 0, 0, 8, 21743.60, 40199838, 1041
1985, 7, 75, 636, 476, 0, 14.27%, 0, 0, 8, 21789.89, 40309741, 1041
1990, 7, 191, 636, 474, 0, 14.27%, 0, 0, 8, 20197.39, 40417170, 1041
1995, 7, 191, 636, 473, 0, 14.27%, 0, 0, 8, 17082.94, 40505129, 1041
2000, 7, 192, 636, 473, 0, 14.27%, 0, 0, 8, 22447.69, 40629931, 1041
2005, 7, 192, 636, 473, 0, 14.27%, 0, 0, 8, 20293.42, 40731510, 1041
2010, 7, 209, 636, 473, 0, 14.27%, 0, 0, 8, 23898.51, 40851284, 1041
2015, 7, 97, 636, 473, 0, 14.27%, 0, 0, 8, 19620.13, 40943882, 1041
2020, 7, 230, 636, 473, 0, 14.27%, 0, 0, 8, 19991.93, 41032690, 1041
2025, 7, 191, 636, 473, 0, 14.27%, 0, 0, 8, 18232.19, 41129737, 1041
2030, 7, 191, 636, 473, 0, 14.27%, 0, 0, 8, 17163.58, 41221258, 1041
2035, 7, 239, 636, 473, 0, 14.27%, 0, 0, 8, 18248.65, 41306084, 1041
2040, 7, 254, 636, 473, 0, 14.27%, 0, 0, 8, 23434.25, 41435588, 1041
2045, 7, 118, 636, 473, 0, 14.27%, 0, 0, 8, 18459.08, 41518428, 1041
2050, 7, 191, 636, 473, 0, 14.27%, 0, 0, 8, 18813.61, 41612571, 1041
2056, 7, 192, 636, 473, 0, 14.27%, 0, 0, 8, 18072.65, 41698911, 1041
2061, 7, 232, 636, 473, 0, 14.27%, 0, 0, 8, 23628.45, 41822776, 1041
2066, 8, 239, 639, 476, 0, 14.27%, 0, 0, 8, 16353.39, 41893097, 1041
2071, 8, 191, 639, 476, 0, 14.27%, 0, 0, 8, 25319.40, 42033643, 1041
2076, 8, 36, 639, 476, 0, 14.27%, 0, 0, 8, 20572.86, 42135771, 1041
2081, 8, 72, 639, 475, 0, 14.27%, 0, 0, 8, 21432.23, 42232763, 1041
2086, 8, 192, 639, 475, 0, 14.27%, 0, 0, 8, 21009.58, 42320599, 1041
2091, 8, 209, 639, 475, 0, 14.27%, 0, 0, 8, 20936.99, 42428447, 1041
2096, 8, 187, 639, 475, 0, 14.27%, 0, 0, 8, 20161.02, 42516146, 1041
2101, 8, 239, 639, 475, 0, 14.27%, 0, 0, 8, 25387.31, 42647763, 1041
2106, 8, 239, 639, 475, 0, 14.27%, 0, 0, 8, 22823.99, 42749477, 1041
2111, 8, 239, 639, 474, 0, 14.27%, 0, 0, 8, 19963.69, 42848177, 1041
2116, 8, 113, 639, 474, 0, 14.27%, 0, 0, 8, 15958.68, 42916821, 1041
2121, 8, 413, 639, 474, 0, 14.27%, 0, 0, 8, 23208.00, 43037770, 1041
2126, 8, 191, 639, 474, 0, 14.27%, 0, 0, 8, 17400.87, 43121406, 1041
2132, 8, 239, 639, 474, 0, 14.27%, 0, 0, 8, 18781.50, 43225106, 1041
2137, 8, 184, 639, 474, 0, 14.27%, 0, 0, 8, 15168.44, 43292631, 1041
2142, 8, 413, 639, 474, 0, 14.27%, 0, 0, 8, 18622.11, 43401616, 1041
2147, 8, 239, 639, 474, 0, 14.27%, 0, 0, 8, 18709.97, 43495767, 1041
2152, 8, 191, 639, 474, 0, 14.27%, 0, 0, 8, 17908.46, 43587729, 1041
2157, 8, 192, 639, 474, 0, 14.27%, 0, 0, 8, 15603.78, 43657714, 1041
2162, 8, 191, 639, 474, 0, 14.27%, 0, 0, 8, 16659.68, 43755229, 1041
2167, 8, 191, 639, 474, 0, 14.27%, 0, 0, 8, 16881.34, 43834333, 1041
2172, 8, 77, 639, 474, 0, 14.27%, 0, 0, 8, 20707.56, 43957124, 1041
2177, 8, 89, 639, 474, 0, 14.27%, 0, 0, 8, 21156.22, 44055029, 1041
2182, 8, 187, 639, 474, 0, 14.27%, 0, 0, 8, 18619.87, 44147438, 1041
2187, 8, 462, 639, 474, 0, 14.27%, 0, 0, 8, 19344.41, 44231091, 1041
2192, 8, 239, 639, 474, 0, 14.27%, 0, 0, 8, 19478.80, 44342474, 1041
2198, 8, 239, 639, 474, 0, 14.27%, 0, 0, 8, 17265.24, 44429592, 1041
2203, 8, 191, 639, 474, 0, 14.27%, 0, 0, 8, 17095.35, 44512067, 1041
2208, 8, 187, 639, 474, 0, 14.27%, 0, 0, 8, 19339.66, 44612752, 1041
2213, 8, 239, 639, 474, 0, 14.27%, 0, 0, 8, 18611.45, 44708692, 1041
2218, 8, 239, 639, 474, 0, 14.27%, 0, 0, 8, 18243.30, 44795472, 1041
2223, 8, 239, 639, 474, 0, 14.27%, 0, 0, 8, 19465.60, 44902058, 1041
2228, 8, 187, 639, 474, 0, 14.27%, 0, 0, 8, 21326.46, 45011364, 1041
2233, 8, 209, 639, 474, 0, 14.27%, 0, 0, 8, 19693.76, 45109357, 1041
2238, 8, 209, 639, 473, 0, 14.27%, 0, 0, 8, 25271.73, 45231983, 1041
2243, 8, 239, 639, 473, 0, 14.27%, 0, 0, 8, 22059.96, 45350482, 1041
2249, 8, 192, 639, 473, 0, 14.27%, 0, 0, 8, 27138.57, 45484403, 1041
2254, 8, 327, 639, 473, 0, 14.27%, 0, 0, 8, 25066.23, 45620359, 1041
2259, 8, 191, 639, 473, 0, 14.27%, 0, 0, 8, 20998.85, 45715559, 1041
2264, 8, 191, 639, 473, 0, 14.27%, 0, 0, 8, 20375.82, 45827205, 1041
2269, 8, 187, 639, 473, 0, 14.27%, 0, 0, 8, 25644.42, 45962852, 1041
2274, 8, 39, 639, 473, 0, 14.27%, 0, 0, 8, 21507.50, 46073512, 1041
2279, 8, 239, 639, 473, 0, 14.27%, 0, 0, 8, 23739.18, 46197416, 1041
2284, 8, 413, 639, 473, 0, 14.27%, 0, 0, 8, 24780.85, 46326672, 1041
2289, 8, 192, 639, 472, 0, 14.27%, 0, 0, 8, 23823.21, 46451590, 1041
2294, 8, 191, 639, 472, 0, 14.27%, 0, 0, 8, 25397.78, 46586704, 1041
2299, 8, 413, 639, 472, 0, 14.27%, 0, 0, 8, 31044.13, 46712993, 1041
2305, 8, 191, 639, 472, 0, 14.27%, 0, 0, 8, 18666.19, 46805917, 1041
2310, 8, 187, 639, 472, 0, 14.27%, 0, 0, 8, 26344.66, 46945607, 1041
2315, 8, 209, 639, 472, 0, 14.27%, 0, 0, 8, 21540.82, 47058667, 1041
2320, 9, 191, 642, 474, 0, 14.27%, 0, 0, 8, 19032.69, 47151833, 1041
2325, 9, 239, 642, 473, 0, 14.27%, 0, 0, 8, 17782.50, 47250414, 1041
2330, 9, 53, 642, 473, 0, 14.27%, 0, 0, 8, 26459.46, 47398409, 1041
2335, 9, 232, 642, 473, 0, 14.27%, 0, 0, 8, 20459.62, 47495322, 1041
2340, 9, 187, 642, 473, 0, 14.27%, 0, 0, 8, 24530.40, 47619051, 1041
2346, 9, 254, 642, 472, 0, 14.27%, 0, 0, 8, 16958.32, 47704511, 1041
2351, 9, 239, 642, 472, 0, 14.27%, 0, 0, 8, 24091.22, 47834126, 1041
2356, 9, 225, 642, 472, 0, 14.27%, 0, 0, 8, 21584.88, 47931959, 1041
2361, 9, 191, 642, 472, 0, 14.27%, 0, 0, 8, 26264.90, 48069607, 1041
2366, 9, 239, 642, 472, 0, 14.27%, 0, 0, 8, 21466.57, 48166829, 1041
2371, 9, 191, 642, 472, 0, 14.27%, 0, 0, 8, 22978.93, 48284901, 1041
2376, 9, 191, 642, 472, 0, 14.27%, 0, 0, 8, 20474.20, 48391712, 1041
2381, 9, 191, 642, 472, 0, 14.27%, 0, 0, 8, 23156.33, 48503565, 1041
2386, 9, 187, 642, 472, 0, 14.27%, 0, 0, 8, 23213.97, 48614013, 1041
2391, 9, 191, 642, 471, 0, 14.27%, 0, 0, 8, 27384.75, 48758738, 1041
2396, 9, 191, 642, 471, 0, 14.27%, 0, 0, 8, 27054.28, 48884854, 1041
2402, 9, 239, 642, 471, 0, 14.27%, 0, 0, 8, 27899.94, 49030151, 1041
2407, 9, 191, 642, 471, 0, 14.27%, 0, 0, 8, 26530.11, 49156670, 1041
2412, 9, 273, 642, 471, 0, 14.27%, 0, 0, 8, 25292.19, 49289087, 1041
2417, 9, 239, 642, 470, 0, 14.27%, 0, 0, 8, 24205.11, 49397503, 1041
2422, 9, 239, 642, 469, 0, 14.27%, 0, 0, 8, 27872.99, 49541417, 1041
2427, 9, 191, 642, 469, 0, 14.27%, 0, 0, 8, 25680.91, 49662693, 1041
2432, 9, 239, 642, 469, 0, 14.27%, 0, 0, 8, 28409.31, 49810277, 1041
2437, 9, 191, 642, 469, 0, 14.27%, 0, 0, 8, 21656.29, 49919295, 1041
2442, 9, 239, 642, 468, 0, 14.27%, 0, 0, 8, 23088.47, 50041572, 1041
2447, 9, 307, 642, 468, 0, 14.27%, 0, 0, 8, 27264.10, 50182786, 1041
2452, 9, 211, 642, 468, 0, 14.27%, 0, 0, 8, 26009.99, 50322044, 1041
2457, 9, 191, 642, 466, 0, 14.27%, 0, 0, 8, 24015.34, 50426545, 1041
2462, 9, 191, 642, 466, 0, 14.27%, 0, 0, 8, 27054.54, 50570730, 1041
2468, 9, 191, 642, 465, 0, 14.27%, 0, 0, 8, 25702.15, 50700401, 1041
2473, 9, 191, 642, 465, 0, 14.27%, 0, 0, 8, 21402.59, 50815582, 1041
2478, 9, 187, 642, 465, 0, 14.27%, 0, 0, 8, 21846.15, 50924166, 1041
2483, 9, 413, 642, 465, 0, 14.27%, 0, 0, 8, 18695.11, 51027819, 1041
2488, 9, 239, 642, 465, 0, 14.27%, 0, 0, 8, 23224.24, 51145117, 1041
2493, 9, 114, 642, 465, 0, 14.27%, 0, 0, 8, 21877.63, 51267164, 1041
2498, 9, 191, 642, 464, 0, 14.27%, 0, 0, 8, 19292.60, 51365660, 1041
2503, 9, 191, 642, 464, 0, 14.27%, 0, 0, 8, 18338.64, 51474283, 1041
2509, 9, 240, 642, 464, 0, 14.27%, 0, 0, 8, 25411.16, 51608153, 1041
2514, 9, 81, 642, 464, 0, 14.27%, 0, 0, 8, 20620.01, 51717302, 1041
2519, 9, 327, 642, 464, 0, 14.27%, 0, 0, 8, 25541.74, 51849100, 1041
2524, 9, 36, 642, 463, 0, 14.27%, 0, 0, 8, 18928.28, 51948600, 1041
2529, 9, 191, 642, 463, 0, 14.27%, 0, 0, 8, 22840.33, 52061849, 1041
2534, 9, 191, 642, 463, 0, 14.27%, 0, 0, 8, 24971.32, 52191473, 1041
2539, 9, 183, 642, 463, 0, 14.27%, 0, 0, 8, 25593.31, 52331436, 1041
2544, 9, 39, 642, 463, 0, 14.27%, 0, 0, 8, 20136.28, 52435466, 1041
2549, 10, 362, 646, 467, 0, 14.27%, 0, 0, 8, 24737.50, 52570165, 1041
2554, 10, 191, 646, 467, 0, 14.27%, 0, 0, 8, 25017.77, 52702814, 1041
2560, 10, 239, 646, 467, 0, 14.27%, 0, 0, 8, 28267.97, 52847593, 1041
2565, 10, 191, 646, 467, 0, 14.27%, 0, 0, 8, 27431.63, 52992365, 1041
2570, 10, 624, 646, 466, 0, 14.27%, 0, 0, 8, 25838.21, 53129404, 1041
2575, 10, 191, 646, 465, 0, 14.27%, 0, 0, 8, 23975.42, 53241844, 1041
2580, 10, 225, 646, 464, 0, 14.27%, 0, 0, 8, 29257.46, 53394971, 1041
2585, 10, 262, 646, 464, 0, 14.27%, 0, 0, 8, 25466.98, 53513598, 1041
2590, 10, 232, 646, 464, 0, 14.27%, 0, 0, 8, 26388.16, 53651389, 1041
2595, 10, 226, 646, 464, 0, 14.27%, 0, 0, 8, 18345.74, 53740836, 1041
2601, 10, 222, 646, 464, 0, 14.27%, 0, 0, 8, 26959.71, 53888299, 1041
2606, 10, 239, 646, 464, 0, 14.27%, 0, 0, 8, 24623.27, 54002058, 1041
2611, 10, 186, 646, 463, 0, 14.27%, 0, 0, 8, 24877.59, 54120550, 1041
2616, 10, 76, 646, 463, 0, 14.27%, 0, 0, 8, 27179.01, 54257582, 1041
2621, 10, 254, 646, 463, 0, 14.27%, 0, 0, 8, 22866.93, 54373984, 1041
2626, 10, 413, 646, 463, 0, 14.27%, 0, 0, 8, 20891.05, 54466653, 1041
2631, 10, 191, 646, 463, 0, 14.27%, 0, 0, 8, 21611.31, 54576098, 1041
2636, 10, 307, 646, 463, 0, 14.27%, 0, 0, 8, 27238.31, 54722893, 1041
2641, 10, 191, 646, 463, 0, 14.27%, 0, 0, 8, 27753.84, 54863009, 1041
2646, 10, 361, 646, 463, 0, 14.27%, 0, 0, 8, 26770.16, 54988085, 1041
2651, 10, 187, 646, 463, 0, 14.27%, 0, 0, 8, 24542.48, 55113431, 1041
2656, 10, 191, 646, 463, 0, 14.27%, 0, 0, 8, 24496.99, 55235695, 1041
2662, 10, 239, 646, 463, 0, 14.27%, 0, 0, 8, 24070.93, 55360046, 1041
2667, 10, 307, 646, 462, 0, 14.27%, 0, 0, 8, 18805.14, 55439242, 1041
2672, 10, 191, 646, 462, 0, 14.27%, 0, 0, 8, 25397.49, 55570701, 1041
2677, 10, 191, 646, 461, 0, 14.27%, 0, 0, 8, 17118.32, 55645296, 1041
2682, 10, 239, 646, 461, 0, 14.27%, 0, 0, 8, 23233.68, 55767681, 1041
2687, 10, 113, 646, 461, 0, 14.27%, 0, 0, 8, 20787.35, 55854818, 1041
2692, 10, 254, 646, 461, 0, 14.27%, 0, 0, 8, 22494.31, 55970019, 1041
2697, 10, 192, 646, 461, 0, 14.27%, 0, 0, 8, 20074.75, 56056484, 1041
2702, 10, 239, 646, 460, 0, 14.27%, 0, 0, 8, 24095.36, 56188131, 1041
2707, 10, 307, 646, 459, 0, 14.27%, 0, 0, 8, 23621.48, 56297484, 1041
2712, 10, 361, 646, 459, 0, 14.27%, 0, 0, 8, 23503.85, 56424027, 1041
2717, 10, 232, 646, 459, 0, 14.27%, 0, 0, 8, 24234.12, 56543101, 1041
2722, 10, 191, 646, 459, 0, 14.27%, 0, 0, 8, 23398.02, 56664335, 1041
2727, 10, 239, 646, 459, 0, 14.27%, 0, 0, 8, 23071.01, 56769672, 1041
2733, 10, 113, 646, 459, 0, 14.27%, 0, 0, 8, 21412.13, 56878380, 1041
2738, 10, 254, 646, 459, 0, 14.27%, 0, 0, 8, 17426.95, 56957560, 1041
2743, 10, 113, 646, 459, 0, 14.27%, 0, 0, 8, 18400.92, 57058682, 1041
2748, 10, 192, 646, 459, 0, 14.27%, 0, 0, 8, 22098.72, 57171774, 1041
2753, 10, 320, 646, 459, 0, 14.27%, 0, 0, 8, 22474.98, 57296471, 1041
2758, 10, 191, 646, 458, 0, 14.27%, 0, 0, 8, 26961.97, 57429585, 1041
2763, 10, 191, 646, 458, 0, 14.27%, 0, 0, 8, 25347.04, 57561524, 1041
2768, 10, 191, 646, 456, 0, 14.27%, 0, 0, 8, 26277.19, 57691879, 1041
2773, 10, 191, 646, 456, 0, 14.27%, 0, 0, 8, 19665.38, 57795548, 1041
2778, 10, 191, 646, 456, 0, 14.27%, 0, 0, 8, 23063.25, 57908610, 1041
2783, 11, 191, 646, 456, 0, 14.27%, 0, 0, 8, 22451.21, 58027650, 1041
2788, 11, 239, 646, 456, 0, 14.27%, 0, 0, 8, 23187.13, 58144557, 1041
2793, 11, 76, 646, 456, 0, 14.27%, 0, 0, 8, 22062.56, 58259559, 1041
2798, 11, 191, 646, 455, 0, 14.27%, 0, 0, 8, 18681.85, 58352025, 1041
2803, 11, 191, 646, 455, 0, 14.27%, 0, 0, 8, 19261.94, 58458170, 1041
2809, 11, 254, 646, 455, 0, 14.27%, 0, 0, 8, 23647.75, 58577045, 1041
2814, 11, 556, 646, 455, 0, 14.27%, 0, 0, 8, 19418.66, 58684336, 1041
2819, 11, 239, 646, 454, 0, 14.27%, 0, 0, 8, 22623.94, 58793236, 1041
2824, 11, 239, 646, 454, 0, 14.27%, 0, 0, 8, 14133.03, 58861499, 1041
2829, 11, 239, 646, 453, 0, 14.27%, 0, 0, 8, 16311.07, 58941383, 1041
2834, 11, 191, 646, 453, 0, 14.27%, 0, 0, 8, 12602.96, 59009921, 1041
2839, 11, 232, 646, 453, 0, 14.27%, 0, 0, 8, 21684.00, 59128269, 1041
2845, 11, 191, 646, 453, 0, 14.27%, 0, 0, 8, 17585.11, 59213579, 1041
2850, 11, 192, 646, 453, 0, 14.27%, 0, 0, 8, 22439.32, 59338097, 1041
2855, 11, 362, 646, 453, 0, 14.27%, 0, 0, 8, 15809.95, 59422965, 1041
2860, 11, 307, 646, 453, 0, 14.27%, 0, 0, 8, 17861.69, 59507363, 1041
2865, 11, 192, 646, 453, 0, 14.27%, 0, 0, 8, 18776.68, 59607245, 1041
2870, 11, 225, 646, 453, 0, 14.27%, 0, 0, 8, 25282.29, 59740726, 1041
2875, 11, 209, 646, 453, 0, 14.27%, 0, 0, 8, 21126.91, 59838407, 1041
2880, 11, 240, 646, 453, 0, 14.27%, 0, 0, 8, 25300.11, 59961500, 1041
2885, 11, 76, 646, 453, 0, 14.27%, 0, 0, 8, 20040.12, 60056394, 1041
2890, 11, 232, 646, 453, 0, 14.27%, 0, 0, 8, 22652.02, 60176527, 1041
2895, 11, 89, 646, 453, 0, 14.27%, 0, 0, 8, 14938.56, 60243805, 1041
2900, 11, 191, 646, 453, 0, 14.27%, 0, 0, 8, 18288.11, 60339501, 1041
2905, 11, 413, 646, 453, 0, 14.27%, 0, 0, 8, 16591.86, 60423074, 1041
2910, 11, 191, 646, 453, 0, 14.27%, 0, 0, 8, 18931.07, 60523128, 1041
2915, 11, 191, 646, 453, 0, 14.27%, 0, 0, 8, 14586.91, 60587985, 1041
2920, 11, 254, 646, 453, 0, 14.27%, 0, 0, 8, 18957.30, 60679219, 1041
2925, 11, 254, 646, 453, 0, 14.27%, 0, 0, 8, 16924.12, 60765358, 1041
2931, 11, 191, 646, 453, 0, 14.27%, 0, 0, 8, 24268.72, 60896148, 1041
2936, 11, 254, 646, 453, 0, 14.27%, 0, 0, 8, 18617.15, 60979544, 1041
2941, 11, 192, 646, 453, 0, 14.27%, 0, 0, 8, 24633.06, 61113408, 1041
2946, 11, 462, 646, 453, 0, 14.27%, 0, 0, 8, 19465.57, 61200269, 1041
2951, 11, 192, 646, 453, 0, 14.27%, 0, 0, 8, 21572.43, 61319442, 1041
2956, 11, 77, 646, 453, 0, 14.27%, 0, 0, 8, 19672.04, 61407964, 1041
2961, 11, 532, 646, 453, 0, 14.27%, 0, 0, 8, 24635.78, 61523867, 1041
2966, 11, 192, 646, 452, 0, 14.27%, 0, 0, 8, 24379.14, 61632410, 1041
2971, 11, 191, 646, 452, 0, 14.27%, 0, 0, 8, 26112.74, 61757845, 1041
2976, 11, 9, 646, 451, 0, 14.27%, 0, 0, 8, 20925.22, 61849731, 1041
2981, 11, 254, 646, 450, 0, 14.27%, 0, 0, 8, 24519.56, 61971087, 1041
2986, 11, 206, 646, 450, 0, 14.27%, 0, 0, 8, 23910.18, 62082332, 1041
2992, 11, 75, 646, 449, 0, 14.27%, 0, 0, 8, 23598.49, 62208506, 1041
2997, 11, 413, 646, 449, 0, 14.27%, 0, 0, 8, 20502.85, 62298641, 1041
3002, 11, 191, 646, 449, 0, 14.27%, 0, 0, 8, 23280.03, 62425003, 1041
3007, 11, 425, 646, 449, 0, 14.27%, 0, 0, 8, 21912.36, 62523748, 1041
3012, 11, 191, 646, 449, 0, 14.27%, 0, 0, 8, 22397.09, 62640064, 1041
3017, 11, 191, 646, 449, 0, 14.27%, 0, 0, 8, 17309.77, 62721727, 1041
3022, 11, 191, 646, 449, 0, 14.27%, 0, 0, 8, 24298.89, 62857591, 1041
3027, 11, 192, 646, 449, 0, 14.27%, 0, 0, 8, 20125.34, 62941494, 1041
3032, 11, 254, 646, 449, 0, 14.27%, 0, 0, 8, 20782.55, 63050635, 1041
3037, 11, 93, 646, 449, 0, 14.27%, 0, 0, 8, 18596.46, 63143127, 1041
3042, 12, 239, 647, 450, 0, 14.27%, 0, 0, 8, 24138.58, 63270596, 1041
3048, 12, 192, 647, 450, 0, 14.27%, 0, 0, 8, 25860.76, 63391153, 1041
3053, 12, 187, 647, 450, 0, 14.27%, 0, 0, 8, 20683.56, 63501419, 1041
3058, 12, 191, 647, 450, 0, 14.27%, 0, 0, 8, 23588.05, 63624171, 1041
3063, 12, 77, 647, 450, 0, 14.27%, 0, 0, 8, 22460.37, 63745814, 1041
3068, 12, 413, 647, 450, 0, 14.27%, 0, 0, 8, 22674.34, 63854535, 1041
3073, 12, 413, 647, 450, 0, 14.27%, 0, 0, 8, 22061.02, 63970970, 1041
3078, 12, 39, 647, 450, 0, 14.27%, 0, 0, 8, 24745.28, 64094073, 1041
3083, 12, 18, 647, 450, 0, 14.27%, 0, 0, 8, 22272.41, 64215896, 1041
3089, 12, 36, 647, 450, 0, 14.27%, 0, 0, 8, 25151.07, 64340794, 1041
3094, 12, 65, 647, 450, 0, 14.27%, 0, 0, 8, 20687.35, 64450728, 1041
3099, 12, 225, 647, 450, 0, 14.27%, 0, 0, 8, 22395.13, 64567204, 1041
3104, 12, 413, 647, 450, 0, 14.27%, 0, 0, 8, 20159.49, 64675551, 1041
3109, 12, 232, 647, 450, 0, 14.27%, 0, 0, 8, 21748.20, 64779980, 1041
3114, 12, 191, 647, 450, 0, 14.27%, 0, 0, 8, 18902.98, 64879159, 1041
3119, 12, 191, 647, 449, 0, 14.27%, 0, 0, 8, 21871.17, 64990705, 1041
3124, 12, 191, 647, 448, 0, 14.27%, 0, 0, 8, 21279.02, 65104551, 1041
3129, 12, 254, 647, 448, 0, 14.27%, 0, 0, 8, 25224.15, 65238671, 1041
3134, 12, 113, 647, 448, 0, 14.27%, 0, 0, 8, 21631.44, 65355355, 1041
3139, 12, 184, 647, 448, 0, 14.27%, 0, 0, 8, 22869.82, 65463716, 1041
3144, 12, 413, 647, 448, 0, 14.27%, 0, 0, 8, 16794.67, 65559868, 1041
3150, 12, 191, 647, 448, 0, 14.27%, 0, 0, 8, 14475.56, 65622659, 1041
3155, 12, 53, 647, 448, 0, 14.27%, 0, 0, 8, 17833.38, 65722199, 1041
3160, 12, 192, 647, 448, 0, 14.27%, 0, 0, 8, 17998.44, 65816849, 1041
3165, 12, 191, 647, 446, 0, 14.27%, 0, 0, 8, 24360.71, 65943352, 1041
3170, 12, 191, 647, 446, 0, 14.27%, 0, 0, 8, 22854.46, 66057485, 1041
3175, 12, 191, 647, 446, 0, 14.27%, 0, 0, 8, 22910.22, 66174047, 1041
3180, 12, 222, 647, 445, 0, 14.27%, 0, 0, 8, 20235.26, 66275162, 1041
3185, 12, 232, 647, 445, 0, 14.27%, 0, 0, 8, 22514.91, 66393823, 1041
3190, 12, 114, 647, 445, 0, 14.27%, 0, 0, 8, 22419.43, 66497786, 1041
3195, 12, 226, 647, 445, 0, 14.27%, 0, 0, 8, 22060.57, 66604023, 1041
3200, 12, 192, 647, 445, 0, 14.27%, 0, 0, 8, 22950.95, 66717404, 1041
3206, 12, 227, 647, 445, 0, 14.27%, 0, 0, 8, 22474.45, 66834887, 1041
3211, 12, 254, 647, 445, 0, 14.27%, 0, 0, 8, 17751.35, 66908514, 1041
3216, 12, 254, 647, 445, 0, 14.27%, 0, 0, 8, 22939.95, 67030379, 1041
3221, 12, 191, 647, 445, 0, 14.27%, 0, 0, 8, 18202.29, 67114864, 1041
3226, 12, 413, 647, 445, 0, 14.27%, 0, 0, 8, 23385.37, 67237374, 1041
3231, 12, 207, 647, 445, 0, 14.27%, 0, 0, 8, 19437.21, 67324524, 1041
3236, 12, 191, 647, 445, 0, 14.27%, 0, 0, 8, 24946.92, 67457553, 1041
3241, 12, 209, 647, 445, 0, 14.27%, 0, 0, 8, 21776.61, 67565624, 1041
3246, 12, 33, 647, 445, 0, 14.27%, 0, 0, 8, 23640.99, 67686814, 1041
3252, 12, 307, 647, 445, 0, 14.27%, 0, 0, 8, 22931.70, 67792213, 1041
3257, 13, 239, 649, 447, 0, 14.27%, 0, 0, 8, 25012.32, 67910634, 1041
3262, 13, 192, 649, 447, 0, 14.27%, 0, 0, 8, 20781.14, 68002900, 1041
3267, 13, 225, 649, 446, 0, 14.27%, 0, 0, 8, 22745.49, 68125906, 1041
3272, 13, 191, 649, 446, 0, 14.27%, 0, 0, 8, 15081.26, 68192372, 1041
3277, 13, 254, 649, 446, 0, 14.27%, 0, 0, 8, 2758.02, 68254548, 1041
3282, 13, 191, 649, 445, 0, 14.27%, 0, 0, 8, 19733.87, 68315051, 1041
3287, 13, 239, 649, 445, 0, 14.27%, 0, 0, 8, 23763.83, 68442819, 1041
3292, 13, 413, 649, 445, 0, 14.27%, 0, 0, 8, 23683.77, 68558234, 1041
3297, 13, 254, 649, 445, 0, 14.27%, 0, 0, 8, 28106.18, 68699116, 1041
3302, 13, 361, 649, 445, 0, 14.27%, 0, 0, 8, 26021.67, 68828743, 1041
3307, 13, 183, 649, 444, 0, 14.27%, 0, 0, 8, 24849.49, 68963972, 1041
3313, 13, 187, 649, 444, 0, 14.27%, 0, 0, 8, 28039.99, 69097100, 1041
3318, 13, 239, 649, 442, 0, 14.27%, 0, 0, 8, 26792.11, 69228586, 1041
3323, 13, 209, 649, 440, 0, 14.27%, 0, 0, 8, 22485.31, 69335529, 1041
3328, 13, 413, 649, 440, 0, 14.27%, 0, 0, 8, 23082.96, 69459854, 1041
3333, 13, 413, 649, 440, 0, 14.27%, 0, 0, 8, 24365.83, 69589895, 1041
3338, 13, 191, 649, 440, 0, 14.27%, 0, 0, 8, 20971.94, 69707294, 1041
3343, 13, 327, 649, 440, 0, 14.27%, 0, 0, 8, 24669.52, 69833524, 1041
3348, 13, 191, 649, 440, 0, 14.27%, 0, 0, 8, 23864.79, 69961906, 1041
3353, 13, 254, 649, 440, 0, 14.27%, 0, 0, 8, 25628.30, 70095861, 1041
3358, 13, 307, 649, 440, 0, 14.27%, 0, 0, 8, 25764.11, 70231057, 1041
3364, 13, 206, 649, 440, 0, 14.27%, 0, 0, 8, 26967.82, 70368158, 1041
3369, 13, 138, 649, 440, 0, 14.27%, 0, 0, 8, 23968.46, 70489706, 1041
3374, 13, 239, 649, 440, 0, 14.27%, 0, 0, 8, 25451.46, 70620580, 1041
3379, 13, 239, 649, 440, 0, 14.27%, 0, 0, 8, 22180.51, 70737514, 1041
3384, 13, 232, 649, 436, 0, 14.27%, 0, 0, 8, 22791.19, 70853599, 1041
3389, 13, 191, 649, 436, 0, 14.27%, 0, 0, 8, 22784.12, 70970437, 1041
3394, 13, 191, 649, 436, 0, 14.27%, 0, 0, 8, 26220.25, 71108323, 1041
3399, 13, 191, 649, 436, 0, 14.27%, 0, 0, 8, 20587.70, 71206922, 1041
3404, 13, 226, 649, 436, 0, 14.27%, 0, 0, 8, 26751.74, 71350553, 1041
3409, 13, 413, 649, 436, 0, 14.27%, 0, 0, 8, 27050.21, 71489778, 1041
3414, 13, 413, 649, 436, 0, 14.27%, 0, 0, 8, 27164.68, 71629291, 1041
3419, 13, 232, 649, 436, 0, 14.27%, 0, 0, 8, 24188.12, 71746421, 1041
3424, 13, 262, 649, 436, 0, 14.27%, 0, 0, 8, 29041.68, 71892431, 1041
3430, 13, 113, 649, 436, 0, 14.27%, 0, 0, 8, 22067.69, 71994874, 1041
3435, 13, 187, 649, 436, 0, 14.27%, 0, 0, 8, 23645.26, 72122567, 1041
3440, 13, 232, 649, 436, 0, 14.27%, 0, 0, 8, 24236.94, 72247373, 1041
3445, 13, 113, 649, 436, 0, 14.27%, 0, 0, 8, 25949.13, 72386732, 1041
3450, 13, 239, 649, 436, 0, 14.27%, 0, 0, 8, 22086.78, 72493335, 1041
3455, 13, 36, 649, 436, 0, 14.27%, 0, 0, 8, 29304.63, 72652448, 1041
3460, 13, 254, 649, 436, 0, 14.27%, 0, 0, 8, 25673.88, 72767909, 1041
3465, 14, 254, 651, 438, 0, 14.27%, 0, 0, 8, 26246.86, 72904805, 1041
3470, 14, 191, 651, 438, 0, 14.27%, 0, 0, 8, 22763.04, 73015319, 1041
3475, 14, 232, 651, 438, 0, 14.27%, 0, 0, 8, 24574.37, 73143712, 1041
3480, 14, 254, 651, 438, 0, 14.27%, 0, 0, 8, 23454.69, 73256249, 1041
3486, 14, 239, 651, 437, 0, 14.27%, 0, 0, 8, 27081.71, 73396597, 1041
3491, 14, 191, 651, 437, 0, 14.27%, 0, 0, 8, 25641.99, 73522733, 1041
3496, 14, 191, 651, 437, 0, 14.27%, 0, 0, 8, 25232.38, 73645052, 1041
3501, 14, 413, 651, 437, 0, 14.27%, 0, 0, 8, 24214.62, 73760277, 1041
3506, 14, 442, 651, 437, 0, 14.27%, 0, 0, 8, 24663.16, 73888186, 1041
3511, 14, 9, 651, 436, 0, 14.27%, 0, 0, 8, 25984.43, 74018494, 1041
3516, 14, 226, 651, 435, 0, 14.27%, 0, 0, 8, 24801.74, 74145817, 1041
3521, 14, 191, 651, 435, 0, 14.27%, 0, 0, 8, 23055.28, 74250335, 1041
3526, 14, 254, 651, 435, 0, 14.27%, 0, 0, 8, 26549.39, 74396316, 1041
3532, 14, 191, 651, 435, 0, 14.27%, 0, 0, 8, 25235.83, 74517669, 1041
3537, 14, 191, 651, 435, 0, 14.27%, 0, 0, 8, 25924.22, 74645549, 1041
3542, 14, 191, 651, 434, 0, 14.27%, 0, 0, 8, 25846.54, 74772298, 1041
3547, 14, 254, 651, 433, 0, 14.27%, 0, 0, 8, 25627.89, 74901272, 1041
3552, 14, 191, 651, 433, 0, 14.27%, 0, 0, 8, 22704.54, 75010987, 1041
3557, 14, 226, 651, 433, 0, 14.27%, 0, 0, 8, 22895.78, 75123550, 1041
3562, 14, 192, 651, 433, 0, 14.27%, 0, 0, 8, 27720.36, 75273184, 1041
3567, 14, 241, 651, 433, 0, 14.27%, 0, 0, 8, 25965.98, 75408809, 1041
3572, 14, 240, 651, 433, 0, 14.27%, 0, 0, 8, 26416.80, 75548691, 1041
3578, 14, 191, 651, 433, 0, 14.27%, 0, 0, 8, 22850.06, 75664589, 1041
3583, 14, 462, 651, 433, 0, 14.27%, 0, 0, 8, 23859.22, 75788937, 1041
3588, 14, 191, 651, 433, 0, 14.27%, 0, 0, 8, 24273.61, 75926515, 1041
3593, 14, 113, 651, 433, 0, 14.27%, 0, 0, 8, 24463.13, 76041334, 1041
3598, 14, 239, 651, 433, 0, 14.27%, 0, 0, 8, 21675.42, 76145956, 1041
3600, 14, 191, 651, 433, 0, 14.27%, 0, 0, 8, 20445.91, 76177673, 1041
