# relative_time, cycles_done, cur_item, corpus_count, pending_total, pending_favs, map_size, saved_crashes, saved_hangs, max_depth, execs_per_sec, total_execs, edges_found
61, 0, 27, 65, 52, 1, 4.81%, 0, 0, 4, 24162.08, 1455769, 205
66, 0, 30, 65, 51, 0, 4.81%, 0, 0, 4, 24417.20, 1575919, 205
71, 0, 0, 65, 51, 0, 4.81%, 0, 0, 4, 23473.20, 1698900, 205
76, 0, 0, 65, 51, 0, 4.81%, 0, 0, 4, 23915.10, 1817688, 205
82, 0, 0, 65, 51, 0, 4.81%, 0, 0, 4, 22440.56, 1933495, 205
87, 0, 0, 65, 51, 0, 4.81%, 0, 0, 4, 23035.20, 2046784, 205
92, 0, 30, 65, 51, 0, 4.81%, 0, 0, 4, 23381.92, 2167300, 205
97, 0, 0, 65, 51, 0, 4.81%, 0, 0, 4, 23302.40, 2285926, 205
102, 1, 0, 66, 49, 0, 4.81%, 0, 0, 5, 20136.88, 2387516, 205
107, 1, 0, 71, 49, 0, 4.81%, 0, 0, 5, 18533.40, 2481863, 205
112, 1, 0, 71, 48, 0, 4.81%, 0, 0, 5, 18763.46, 2582709, 205
117, 1, 0, 71, 47, 0, 4.81%, 0, 0, 5, 22446.43, 2695911, 205
122, 1, 25, 71, 43, 0, 4.81%, 0, 0, 5, 19682.26, 2795587, 205
127, 1, 0, 71, 41, 0, 4.81%, 0, 0, 5, 23359.61, 2919729, 205
133, 1, 0, 71, 39, 0, 4.81%, 0, 0, 5, 21000.57, 3028686, 205
138, 1, 55, 71, 36, 0, 4.81%, 0, 0, 5, 21337.80, 3142343, 205
143, 1, 55, 71, 36, 0, 4.81%, 0, 0, 5, 18540.13, 3234952, 205
148, 1, 55, 71, 36, 0, 4.81%, 0, 0, 5, 18712.58, 3329135, 205
153, 1, 69, 77, 41, 0, 4.81%, 0, 0, 5, 16326.59, 3417649, 205
158, 1, 69, 78, 42, 0, 4.81%, 0, 0, 5, 15798.29, 3493600, 205
163, 1, 69, 78, 42, 0, 4.81%, 0, 0, 5, 13561.65, 3560864, 205
168, 1, 69, 78, 42, 0, 4.81%, 0, 0, 5, 15617.72, 3640358, 205
173, 1, 30, 78, 37, 0, 4.81%, 0, 0, 5, 16125.29, 3723605, 205
178, 1, 0, 78, 35, 0, 4.81%, 0, 0, 5, 23625.64, 3861614, 205
183, 1, 30, 79, 33, 0, 4.81%, 0, 0, 5, 20728.19, 3967394, 205
189, 2, 0, 109, 63, 0, 4.81%, 0, 0, 5, 32108.28, 4136315, 205
194, 2, 104, 112, 66, 0, 4.81%, 0, 0, 5, 13955.40, 4179971, 205
199, 2, 104, 112, 66, 0, 4.81%, 0, 0, 5, 10301.89, 4226143, 205
204, 2, 104, 112, 66, 0, 4.81%, 0, 0, 5, 8828.69, 4268829, 205
209, 2, 111, 113, 66, 0, 4.81%, 0, 0, 5, 9766.14, 4321220, 205
214, 2, 0, 114, 64, 0, 4.81%, 0, 0, 5, 20003.00, 4418341, 205
219, 2, 105, 114, 61, 0, 4.81%, 0, 0, 5, 12825.74, 4485073, 205
224, 2, 30, 114, 59, 0, 4.81%, 0, 0, 5, 26701.01, 4630103, 205
229, 2, 40, 114, 58, 0, 4.81%, 0, 0, 5, 30088.24, 4784037, 205
234, 2, 0, 114, 57, 0, 4.81%, 0, 0, 5, 24193.40, 4884605, 205
240, 2, 97, 115, 55, 0, 4.81%, 0, 0, 6, 21428.59, 4998007, 205
245, 2, 4, 115, 51, 0, 4.81%, 0, 0, 6, 20321.17, 5090557, 205
250, 2, 22, 115, 49, 0, 4.81%, 0, 0, 6, 27993.87, 5242538, 205
255, 2, 0, 115, 48, 0, 4.81%, 0, 0, 6, 28633.32, 5372658, 205
260, 2, 75, 117, 48, 0, 4.81%, 0, 0, 6, 27054.62, 5499537, 205
265, 2, 3, 117, 46, 0, 4.81%, 0, 0, 6, 21847.14, 5594213, 205
270, 2, 107, 117, 44, 0, 4.81%, 0, 0, 6, 27497.63, 5749493, 205
275, 2, 73, 117, 41, 0, 4.81%, 0, 0, 6, 22123.58, 5847726, 205
280, 2, 0, 117, 37, 0, 4.81%, 0, 0, 6, 24090.22, 5966072, 205
286, 2, 31, 117, 35, 0, 4.81%, 0, 0, 6, 21447.00, 6053734, 205
291, 3, 30, 118, 35, 0, 4.81%, 0, 0, 6, 23471.48, 6194269, 205
296, 3, 85, 118, 35, 0, 4.81%, 0, 0, 6, 22778.33, 6297447, 205
301, 3, 85, 118, 35, 0, 4.81%, 0, 0, 6, 17803.31, 6380975, 205
306, 3, 85, 118, 35, 0, 4.81%, 0, 0, 6, 17268.65, 6462735, 205
311, 3, 85, 118, 35, 0, 4.81%, 0, 0, 6, 15248.83, 6538800, 205
316, 3, 85, 118, 35, 0, 4.81%, 0, 0, 6, 15356.84, 6615047, 205
321, 3, 32, 118, 33, 0, 4.81%, 0, 0, 6, 18545.60, 6712163, 205
326, 3, 30, 118, 33, 0, 4.81%, 0, 0, 6, 24548.15, 6840329, 205
331, 3, 30, 118, 32, 0, 4.81%, 0, 0, 6, 21966.59, 6956672, 205
336, 3, 24, 118, 30, 0, 4.81%, 0, 0, 6, 23601.07, 7082767, 205
341, 3, 0, 118, 30, 0, 4.81%, 0, 0, 6, 21084.82, 7187468, 205
347, 3, 0, 118, 29, 0, 4.81%, 0, 0, 6, 18714.70, 7276262, 205
352, 3, 37, 118, 28, 0, 4.81%, 0, 0, 6, 16865.52, 7359329, 205
357, 3, 0, 118, 26, 0, 4.81%, 0, 0, 6, 16603.96, 7445179, 205
362, 3, 0, 118, 25, 0, 4.81%, 0, 0, 6, 12974.22, 7511174, 205
367, 3, 0, 118, 24, 0, 4.81%, 0, 0, 6, 11053.46, 7567832, 205
372, 3, 112, 118, 24, 0, 4.81%, 0, 0, 6, 13117.48, 7642177, 205
377, 3, 102, 118, 23, 0, 4.81%, 0, 0, 6, 11501.56, 7697784, 205
382, 3, 0, 118, 21, 0, 4.81%, 0, 0, 6, 16635.22, 7784982, 205
388, 3, 0, 118, 21, 0, 4.81%, 0, 0, 6, 23348.50, 7901945, 205
393, 3, 0, 118, 19, 0, 4.81%, 0, 0, 6, 19669.57, 7998175, 205
398, 3, 0, 118, 19, 0, 4.81%, 0, 0, 6, 22473.35, 8115812, 205
403, 4, 0, 119, 19, 0, 4.81%, 0, 0, 6, 18245.53, 8198125, 205
408, 4, 30, 119, 19, 0, 4.81%, 0, 0, 6, 22157.83, 8316820, 205
413, 4, 0, 119, 19, 0, 4.81%, 0, 0, 6, 17918.87, 8398828, 205
418, 4, 103, 119, 18, 0, 4.81%, 0, 0, 6, 20281.09, 8508574, 205
423, 4, 28, 119, 17, 0, 4.81%, 0, 0, 6, 18934.91, 8585122, 205
428, 4, 0, 119, 17, 0, 4.81%, 0, 0, 6, 29512.27, 8750876, 205
434, 4, 30, 119, 16, 0, 4.81%, 0, 0, 6, 25671.41, 8880605, 205
439, 4, 75, 119, 16, 0, 4.81%, 0, 0, 6, 21566.62, 8991160, 205
444, 4, 30, 119, 15, 0, 4.81%, 0, 0, 6, 15750.72, 9065891, 205
449, 4, 112, 119, 15, 0, 4.81%, 0, 0, 6, 18843.79, 9172961, 205
454, 4, 94, 119, 15, 0, 4.81%, 0, 0, 6, 15788.76, 9243623, 205
459, 4, 0, 119, 14, 0, 4.81%, 0, 0, 6, 18937.30, 9340204, 205
464, 4, 30, 119, 12, 0, 4.81%, 0, 0, 6, 20272.71, 9438343, 205
469, 4, 30, 119, 11, 0, 4.81%, 0, 0, 6, 19599.77, 9538924, 205
474, 4, 93, 119, 11, 0, 4.81%, 0, 0, 6, 20472.03, 9642270, 205
479, 5, 0, 119, 9, 0, 4.81%, 0, 0, 6, 19589.86, 9726321, 205
484, 5, 67, 119, 9, 0, 4.81%, 0, 0, 6, 21498.14, 9832625, 205
490, 5, 30, 119, 9, 0, 4.81%, 0, 0, 6, 22694.26, 9950115, 205
495, 5, 0, 119, 9, 0, 4.81%, 0, 0, 6, 16814.74, 10035967, 205
500, 5, 30, 119, 9, 0, 4.81%, 0, 0, 6, 29410.38, 10194656, 205
505, 5, 109, 119, 8, 0, 4.81%, 0, 0, 6, 16571.34, 10267542, 205
510, 5, 30, 119, 7, 0, 4.81%, 0, 0, 6, 14479.62, 10348150, 205
515, 5, 0, 119, 7, 0, 4.81%, 0, 0, 6, 20925.31, 10455137, 205
520, 5, 30, 119, 7, 0, 4.81%, 0, 0, 6, 20188.92, 10546711, 205
525, 5, 0, 119, 7, 0, 4.81%, 0, 0, 6, 22516.43, 10653936, 205
530, 5, 59, 119, 7, 0, 4.81%, 0, 0, 6, 19505.06, 10754062, 205
536, 5, 0, 119, 6, 0, 4.81%, 0, 0, 6, 20119.39, 10848789, 205
541, 6, 30, 119, 6, 0, 4.81%, 0, 0, 6, 17248.84, 10940120, 205
546, 6, 28, 119, 6, 0, 4.81%, 0, 0, 6, 19517.78, 11029041, 205
551, 6, 0, 119, 6, 0, 4.81%, 0, 0, 6, 19253.10, 11129757, 205
556, 6, 30, 119, 6, 0, 4.81%, 0, 0, 6, 13723.90, 11187859, 205
561, 6, 46, 119, 6, 0, 4.81%, 0, 0, 6, 14156.06, 11263060, 205
566, 6, 46, 119, 6, 0, 4.81%, 0, 0, 6, 22875.94, 11389194, 205
571, 6, 30, 119, 6, 0, 4.81%, 0, 0, 6, 21712.15, 11515192, 205
576, 6, 109, 119, 6, 0, 4.81%, 0, 0, 6, 16662.61, 11604284, 205
581, 6, 116, 119, 5, 0, 4.81%, 0, 0, 6, 21551.01, 11731414, 205
587, 6, 72, 119, 4, 0, 4.81%, 0, 0, 6, 24612.98, 11846651, 205
592, 6, 30, 119, 4, 0, 4.81%, 0, 0, 6, 20762.47, 11950419, 205
597, 6, 75, 119, 4, 0, 4.81%, 0, 0, 6, 20521.41, 12064810, 205
602, 6, 55, 119, 4, 0, 4.81%, 0, 0, 6, 22252.93, 12181754, 205
607, 6, 117, 119, 4, 0, 4.81%, 0, 0, 6, 13742.60, 12241687, 205
612, 7, 30, 119, 3, 0, 4.81%, 0, 0, 6, 16220.76, 12330687, 205
617, 7, 30, 119, 3, 0, 4.81%, 0, 0, 6, 14473.21, 12400116, 205
622, 7, 0, 119, 3, 0, 4.81%, 0, 0, 6, 17181.95, 12492451, 205
627, 7, 105, 119, 3, 0, 4.81%, 0, 0, 6, 14310.79, 12564619, 205
632, 7, 0, 119, 3, 0, 4.81%, 0, 0, 6, 16297.32, 12649501, 205
637, 7, 71, 119, 3, 0, 4.81%, 0, 0, 6, 15736.90, 12727662, 205
642, 7, 0, 119, 3, 0, 4.81%, 0, 0, 6, 20857.41, 12842780, 205
648, 7, 0, 119, 3, 0, 4.81%, 0, 0, 6, 25802.97, 12986549, 205
653, 7, 0, 119, 3, 0, 4.81%, 0, 0, 6, 19948.91, 13083618, 205
658, 7, 4, 119, 3, 0, 4.81%, 0, 0, 6, 21117.57, 13198788, 205
663, 7, 0, 119, 3, 0, 4.81%, 0, 0, 6, 18560.57, 13285960, 205
668, 8, 106, 122, 6, 0, 4.81%, 0, 0, 6, 23580.38, 13418522, 205
673, 8, 120, 122, 6, 0, 4.81%, 0, 0, 6, 19099.94, 13511818, 205
678, 8, 83, 122, 5, 0, 4.81%, 0, 0, 6, 25081.15, 13645105, 205
683, 8, 0, 122, 5, 0, 4.81%, 0, 0, 6, 20075.32, 13732514, 205
688, 8, 0, 122, 5, 0, 4.81%, 0, 0, 6, 25400.45, 13861647, 205
693, 8, 30, 122, 5, 0, 4.81%, 0, 0, 6, 23322.48, 13980309, 205
698, 8, 33, 122, 5, 0, 4.81%, 0, 0, 6, 27288.43, 14131279, 205
704, 8, 30, 122, 4, 0, 4.81%, 0, 0, 6, 22946.18, 14241222, 205
709, 8, 92, 122, 4, 0, 4.81%, 0, 0, 6, 24337.67, 14373459, 205
714, 8, 0, 122, 4, 0, 4.81%, 0, 0, 6, 22579.08, 14469907, 205
719, 8, 0, 122, 4, 0, 4.81%, 0, 0, 6, 30097.42, 14628878, 205
724, 9, 119, 122, 4, 0, 4.81%, 0, 0, 6, 27579.52, 14761648, 205
729, 9, 0, 122, 2, 0, 4.81%, 0, 0, 6, 24215.14, 14876156, 205
734, 9, 30, 122, 2, 0, 4.81%, 0, 0, 6, 23079.06, 14989230, 205
739, 9, 4, 122, 2, 0, 4.81%, 0, 0, 6, 27742.96, 15128252, 205
744, 9, 0, 122, 2, 0, 4.81%, 0, 0, 6, 26093.98, 15259319, 205
749, 9, 0, 122, 2, 0, 4.81%, 0, 0, 6, 28417.61, 15410293, 205
754, 9, 0, 122, 2, 0, 4.81%, 0, 0, 6, 24584.37, 15526112, 205
759, 9, 104, 122, 1, 0, 4.81%, 0, 0, 6, 17239.11, 15606087, 205
765, 9, 0, 122, 1, 0, 4.81%, 0, 0, 6, 25554.37, 15743411, 205
770, 10, 0, 122, 1, 0, 4.81%, 0, 0, 6, 25565.15, 15884051, 205
775, 10, 0, 122, 1, 0, 4.81%, 0, 0, 6, 23181.22, 15988400, 205
780, 10, 0, 122, 1, 0, 4.81%, 0, 0, 6, 26456.62, 16140515, 205
785, 10, 0, 122, 0, 0, 4.81%, 0, 0, 6, 25549.82, 16269708, 205
790, 10, 0, 122, 0, 0, 4.81%, 0, 0, 6, 20216.90, 16379165, 205
795, 10, 0, 122, 0, 0, 4.81%, 0, 0, 6, 25711.56, 16514090, 205
800, 10, 0, 122, 0, 0, 4.81%, 0, 0, 6, 27127.72, 16661409, 205
805, 10, 0, 122, 0, 0, 4.81%, 0, 0, 6, 24549.47, 16775525, 205
811, 10, 0, 122, 0, 0, 4.81%, 0, 0, 6, 25348.01, 16910909, 205
816, 10, 0, 122, 0, 0, 4.81%, 0, 0, 6, 24473.27, 17025434, 205
821, 11, 0, 122, 0, 0, 4.81%, 0, 0, 6, 27801.38, 17169392, 205
826, 11, 30, 122, 0, 0, 4.81%, 0, 0, 6, 20413.92, 17261151, 205
831, 11, 0, 122, 0, 0, 4.81%, 0, 0, 6, 21410.53, 17387159, 205
836, 11, 0, 122, 0, 0, 4.81%, 0, 0, 6, 15473.88, 17459627, 205
841, 11, 0, 122, 0, 0, 4.81%, 0, 0, 6, 19601.63, 17562430, 205
846, 11, 110, 122, 0, 0, 4.81%, 0, 0, 6, 19374.57, 17669666, 205
851, 11, 30, 122, 0, 0, 4.81%, 0, 0, 6, 26430.69, 17804348, 205
856, 11, 0, 122, 0, 0, 4.81%, 0, 0, 6, 23021.86, 17918730, 205
861, 11, 0, 122, 0, 0, 4.81%, 0, 0, 6, 25177.76, 18062274, 205
866, 11, 0, 122, 0, 0, 4.81%, 0, 0, 6, 27387.38, 18189713, 205
871, 11, 37, 122, 0, 0, 4.81%, 0, 0, 6, 23225.61, 18313047, 205
876, 12, 28, 122, 0, 0, 4.81%, 0, 0, 6, 27816.71, 18453817, 205
882, 12, 0, 122, 0, 0, 4.81%, 0, 0, 6, 22232.44, 18569646, 205
887, 12, 30, 122, 0, 0, 4.81%, 0, 0, 6, 23227.38, 18678473, 205
892, 12, 0, 122, 0, 0, 4.81%, 0, 0, 6, 21550.38, 18793184, 205
897, 12, 30, 122, 0, 0, 4.81%, 0, 0, 6, 22878.62, 18901414, 205
902, 12, 30, 122, 0, 0, 4.81%, 0, 0, 6, 26213.77, 19047427, 205
907, 12, 0, 122, 0, 0, 4.81%, 0, 0, 6, 29757.55, 19197980, 205
912, 12, 101, 122, 0, 0, 4.81%, 0, 0, 6, 23118.62, 19324999, 205
917, 12, 30, 122, 0, 0, 4.81%, 0, 0, 6, 23631.61, 19444015, 205
922, 12, 0, 122, 0, 0, 4.81%, 0, 0, 6, 14650.60, 19504546, 205
927, 13, 0, 122, 0, 0, 4.81%, 0, 0, 6, 26432.92, 19662498, 205
932, 13, 0, 122, 0, 0, 4.81%, 0, 0, 6, 21508.16, 19764499, 205
938, 13, 0, 122, 0, 0, 4.81%, 0, 0, 6, 24661.34, 19898436, 205
943, 13, 0, 122, 0, 0, 4.81%, 0, 0, 6, 23156.18, 20009640, 205
948, 13, 0, 122, 0, 0, 4.81%, 0, 0, 6, 30788.75, 20176650, 205
953, 13, 0, 122, 0, 0, 4.81%, 0, 0, 6, 24097.85, 20297502, 205
958, 13, 0, 122, 0, 0, 4.81%, 0, 0, 6, 24760.23, 20423476, 205
963, 13, 84, 122, 0, 0, 4.81%, 0, 0, 6, 23019.88, 20551974, 205
968, 13, 28, 122, 0, 0, 4.81%, 0, 0, 6, 29091.75, 20688015, 205
973, 13, 45, 122, 0, 0, 4.81%, 0, 0, 6, 23240.56, 20807046, 205
978, 13, 45, 122, 0, 0, 4.81%, 0, 0, 6, 26129.21, 20946222, 205
984, 13, 45, 122, 0, 0, 4.81%, 0, 0, 6, 25027.36, 21071026, 205
989, 13, 116, 122, 0, 0, 4.81%, 0, 0, 6, 25860.27, 21215812, 205
994, 13, 116, 122, 0, 0, 4.81%, 0, 0, 6, 12561.39, 21257648, 205
999, 13, 116, 122, 0, 0, 4.81%, 0, 0, 6, 10003.08, 21304047, 205
1004, 13, 116, 122, 0, 0, 4.81%, 0, 0, 6, 8951.48, 21348560, 205
1009, 13, 116, 122, 0, 0, 4.81%, 0, 0, 6, 8833.12, 21393215, 205
1014, 13, 116, 122, 0, 0, 4.81%, 0, 0, 6, 8213.30, 21432985, 205
1019, 13, 116, 122, 0, 0, 4.81%, 0, 0, 6, 8985.48, 21480347, 205
1025, 13, 116, 122, 0, 0, 4.81%, 0, 0, 6, 8448.35, 21522099, 205
1030, 13, 116, 122, 0, 0, 4.81%, 0, 0, 6, 8843.36, 21567632, 205
1035, 13, 116, 122, 0, 0, 4.81%, 0, 0, 6, 8734.90, 21611411, 205
1040, 13, 116, 122, 0, 0, 4.81%, 0, 0, 6, 8990.68, 21657090, 205
1045, 13, 116, 122, 0, 0, 4.81%, 0, 0, 6, 8650.50, 21699728, 205
1050, 14, 103, 122, 0, 0, 4.81%, 0, 0, 6, 9611.46, 21753171, 205
1055, 14, 103, 122, 0, 0, 4.81%, 0, 0, 6, 5804.04, 21775662, 205
1060, 14, 103, 122, 0, 0, 4.81%, 0, 0, 6, 4859.62, 21799116, 205
1065, 14, 103, 122, 0, 0, 4.81%, 0, 0, 6, 4530.55, 21821163, 205
1071, 14, 103, 122, 0, 0, 4.81%, 0, 0, 6, 4395.55, 21844124, 205
1076, 14, 103, 122, 0, 0, 4.81%, 0, 0, 6, 4445.01, 21866698, 205
1081, 14, 103, 122, 0, 0, 4.81%, 0, 0, 6, 4435.02, 21890097, 205
1086, 14, 103, 122, 0, 0, 4.81%, 0, 0, 6, 4487.68, 21913511, 205
1091, 14, 103, 122, 0, 0, 4.81%, 0, 0, 6, 4380.68, 21936025, 205
1096, 14, 103, 122, 0, 0, 4.81%, 0, 0, 6, 4470.39, 21958977, 205
1101, 14, 103, 122, 0, 0, 4.81%, 0, 0, 6, 4443.15, 21981895, 205
1107, 14, 103, 122, 0, 0, 4.81%, 0, 0, 6, 4498.58, 22005337, 205
1112, 14, 103, 122, 0, 0, 4.81%, 0, 0, 6, 4370.35, 22027799, 205
1117, 14, 103, 122, 0, 0, 4.81%, 0, 0, 6, 4398.69, 22050216, 205
1122, 14, 103, 122, 0, 0, 4.81%, 0, 0, 6, 4318.21, 22072703, 205
1127, 14, 103, 122, 0, 0, 4.81%, 0, 0, 6, 4393.01, 22095650, 205
1132, 14, 103, 122, 0, 0, 4.81%, 0, 0, 6, 4279.88, 22117182, 205
1137, 14, 103, 122, 0, 0, 4.81%, 0, 0, 6, 4505.45, 22140592, 205
1142, 14, 103, 122, 0, 0, 4.81%, 0, 0, 6, 4337.64, 22162671, 205
1147, 14, 103, 122, 0, 0, 4.81%, 0, 0, 6, 4489.65, 22185688, 205
1152, 14, 103, 122, 0, 0, 4.81%, 0, 0, 6, 4414.87, 22208176, 205
1158, 14, 103, 122, 0, 0, 4.81%, 0, 0, 6, 4443.70, 22231107, 205
1163, 14, 103, 122, 0, 0, 4.81%, 0, 0, 6, 4330.52, 22253157, 205
1168, 14, 103, 122, 0, 0, 4.81%, 0, 0, 6, 4346.11, 22275639, 205
1173, 14, 103, 122, 0, 0, 4.81%, 0, 0, 6, 4312.30, 22297664, 205
1178, 14, 103, 122, 0, 0, 4.81%, 0, 0, 6, 4484.77, 22320142, 205
1183, 14, 103, 122, 0, 0, 4.81%, 0, 0, 6, 4426.66, 22342645, 205
1188, 14, 103, 122, 0, 0, 4.81%, 0, 0, 6, 4492.91, 22365588, 205
1193, 14, 103, 122, 0, 0, 4.81%, 0, 0, 6, 4251.95, 22387154, 205
1198, 14, 103, 122, 0, 0, 4.81%, 0, 0, 6, 4386.78, 22409614, 205
1203, 14, 103, 122, 0, 0, 4.81%, 0, 0, 6, 4474.57, 22433011, 205
1208, 14, 103, 122, 0, 0, 4.81%, 0, 0, 6, 4544.14, 22455954, 205
1213, 14, 103, 122, 0, 0, 4.81%, 0, 0, 6, 4291.96, 22477150, 205
1218, 14, 103, 122, 0, 0, 4.81%, 0, 0, 6, 4422.30, 22499663, 205
1224, 14, 103, 122, 0, 0, 4.81%, 0, 0, 6, 4438.47, 22522220, 205
1229, 14, 103, 122, 0, 0, 4.81%, 0, 0, 6, 4511.66, 22545145, 205
1234, 14, 103, 122, 0, 0, 4.81%, 0, 0, 6, 4382.55, 22567173, 205
1239, 14, 103, 122, 0, 0, 4.81%, 0, 0, 6, 4505.22, 22590581, 205
1244, 14, 103, 122, 0, 0, 4.81%, 0, 0, 6, 4440.99, 22613107, 205
1249, 14, 103, 122, 0, 0, 4.81%, 0, 0, 6, 4504.66, 22636576, 205
1254, 14, 103, 122, 0, 0, 4.81%, 0, 0, 6, 4250.73, 22657739, 205
1259, 14, 103, 122, 0, 0, 4.81%, 0, 0, 6, 4437.73, 22681147, 205
1264, 14, 103, 122, 0, 0, 4.81%, 0, 0, 6, 4390.04, 22703599, 205
1270, 14, 103, 122, 0, 0, 4.81%, 0, 0, 6, 4452.36, 22726111, 205
1275, 14, 103, 122, 0, 0, 4.81%, 0, 0, 6, 4471.87, 22749039, 205
1280, 14, 103, 122, 0, 0, 4.81%, 0, 0, 6, 4450.33, 22771600, 205
1285, 14, 103, 122, 0, 0, 4.81%, 0, 0, 6, 4351.87, 22793212, 205
1290, 14, 103, 122, 0, 0, 4.81%, 0, 0, 6, 4485.23, 22816248, 205
1295, 14, 103, 122, 0, 0, 4.81%, 0, 0, 6, 4422.23, 22838311, 205
1300, 14, 103, 122, 0, 0, 4.81%, 0, 0, 6, 4525.35, 22862291, 205
1305, 14, 103, 122, 0, 0, 4.81%, 0, 0, 6, 4390.29, 22884348, 205
1310, 14, 103, 122, 0, 0, 4.81%, 0, 0, 6, 4330.94, 22906441, 205
1316, 14, 103, 122, 0, 0, 4.81%, 0, 0, 6, 4359.37, 22928514, 205
1321, 14, 103, 122, 0, 0, 4.81%, 0, 0, 6, 4432.19, 22951504, 205
1326, 14, 103, 122, 0, 0, 4.81%, 0, 0, 6, 4457.13, 22974444, 205
1331, 14, 103, 122, 0, 0, 4.81%, 0, 0, 6, 4421.85, 22996903, 205
1336, 14, 103, 122, 0, 0, 4.81%, 0, 0, 6, 4437.07, 23019365, 205
1341, 14, 103, 122, 0, 0, 4.81%, 0, 0, 6, 4436.86, 23042352, 205
1346, 14, 103, 122, 0, 0, 4.81%, 0, 0, 6, 4466.75, 23064813, 205
1351, 14, 103, 122, 0, 0, 4.81%, 0, 0, 6, 4377.38, 23087311, 205
1356, 14, 103, 122, 0, 0, 4.81%, 0, 0, 6, 4363.74, 23109333, 205
1361, 14, 103, 122, 0, 0, 4.81%, 0, 0, 6, 4384.28, 23131812, 205
1367, 14, 103, 122, 0, 0, 4.81%, 0, 0, 6, 4480.29, 23154720, 205
1372, 14, 0, 122, 0, 0, 4.81%, 0, 0, 6, 12187.19, 23216332, 205
1377, 14, 95, 122, 0, 0, 4.81%, 0, 0, 6, 15992.33, 23306824, 205
1382, 14, 95, 122, 0, 0, 4.81%, 0, 0, 6, 15532.95, 23390719, 205
1387, 14, 95, 122, 0, 0, 4.81%, 0, 0, 6, 17041.38, 23480032, 205
1392, 14, 6, 122, 0, 0, 4.81%, 0, 0, 6, 15650.08, 23561003, 205
1397, 14, 78, 122, 0, 0, 4.81%, 0, 0, 6, 21878.41, 23679527, 205
1402, 14, 78, 122, 0, 0, 4.81%, 0, 0, 6, 20775.73, 23788047, 205
1407, 14, 83, 122, 0, 0, 4.81%, 0, 0, 6, 22164.62, 23899813, 205
1413, 14, 83, 122, 0, 0, 4.81%, 0, 0, 6, 21256.57, 24009937, 205
1418, 14, 83, 122, 0, 0, 4.81%, 0, 0, 6, 22480.95, 24127292, 205
1423, 14, 83, 122, 0, 0, 4.81%, 0, 0, 6, 21213.49, 24234932, 205
1428, 14, 62, 122, 0, 0, 4.81%, 0, 0, 6, 32221.75, 24408690, 205
1433, 14, 0, 122, 0, 0, 4.81%, 0, 0, 6, 28057.25, 24543655, 205
1438, 14, 0, 122, 0, 0, 4.81%, 0, 0, 6, 31134.13, 24706707, 205
1443, 14, 93, 122, 0, 0, 4.81%, 0, 0, 6, 14475.78, 24763869, 205
1448, 14, 93, 122, 0, 0, 4.81%, 0, 0, 6, 8733.27, 24801049, 205
1454, 14, 93, 122, 0, 0, 4.81%, 0, 0, 6, 7139.62, 24835302, 205
1459, 14, 93, 122, 0, 0, 4.81%, 0, 0, 6, 7498.66, 24874693, 205
1464, 14, 93, 122, 0, 0, 4.81%, 0, 0, 6, 7024.88, 24910347, 205
1469, 14, 93, 122, 0, 0, 4.81%, 0, 0, 6, 7352.70, 24949055, 205
1474, 14, 93, 122, 0, 0, 4.81%, 0, 0, 6, 7133.99, 24985591, 205
1479, 14, 93, 122, 0, 0, 4.81%, 0, 0, 6, 7278.66, 25022749, 205
1484, 14, 93, 122, 0, 0, 4.81%, 0, 0, 6, 7220.37, 25059986, 205
1490, 14, 93, 122, 0, 0, 4.81%, 0, 0, 6, 7247.56, 25097905, 205
1495, 14, 93, 122, 0, 0, 4.81%, 0, 0, 6, 6906.47, 25131420, 205
1500, 14, 93, 122, 0, 0, 4.81%, 0, 0, 6, 7356.18, 25169425, 205
1505, 14, 93, 122, 0, 0, 4.81%, 0, 0, 6, 7248.36, 25205894, 205
1510, 14, 93, 122, 0, 0, 4.81%, 0, 0, 6, 7444.69, 25244616, 205
1515, 14, 93, 122, 0, 0, 4.81%, 0, 0, 6, 7065.02, 25279537, 205
1520, 14, 93, 122, 0, 0, 4.81%, 0, 0, 6, 7326.46, 25318218, 205
1525, 14, 93, 122, 0, 0, 4.81%, 0, 0, 6, 7194.71, 25354721, 205
1530, 14, 93, 122, 0, 0, 4.81%, 0, 0, 6, 7428.70, 25392739, 205
1535, 14, 93, 122, 0, 0, 4.81%, 0, 0, 6, 7178.86, 25427695, 205
1540, 14, 93, 122, 0, 0, 4.81%, 0, 0, 6, 7904.40, 25468441, 205
1546, 14, 66, 122, 0, 0, 4.81%, 0, 0, 6, 24390.48, 25607538, 205
1551, 14, 0, 122, 0, 0, 4.81%, 0, 0, 6, 23973.98, 25740319, 205
1556, 14, 15, 122, 0, 0, 4.81%, 0, 0, 6, 27568.34, 25879891, 205
1561, 14, 107, 122, 0, 0, 4.81%, 0, 0, 6, 27186.82, 26027886, 205
1566, 14, 107, 122, 0, 0, 4.81%, 0, 0, 6, 15817.50, 26089169, 205
1571, 14, 107, 122, 0, 0, 4.81%, 0, 0, 6, 12800.94, 26151651, 205
1576, 14, 107, 122, 0, 0, 4.81%, 0, 0, 6, 12035.48, 26210238, 205
1582, 14, 107, 122, 0, 0, 4.81%, 0, 0, 6, 11891.15, 26274153, 205
1587, 14, 107, 122, 0, 0, 4.81%, 0, 0, 6, 12291.17, 26335357, 205
1592, 14, 107, 122, 0, 0, 4.81%, 0, 0, 6, 12426.08, 26399244, 205
1597, 14, 107, 122, 0, 0, 4.81%, 0, 0, 6, 12720.60, 26463136, 205
1602, 14, 107, 122, 0, 0, 4.81%, 0, 0, 6, 12168.05, 26525648, 205
1607, 14, 107, 122, 0, 0, 4.81%, 0, 0, 6, 12533.13, 26589542, 205
1612, 14, 107, 122, 0, 0, 4.81%, 0, 0, 6, 11065.61, 26646915, 205
1617, 14, 114, 122, 0, 0, 4.81%, 0, 0, 6, 13364.12, 26713949, 205
1623, 14, 114, 122, 0, 0, 4.81%, 0, 0, 6, 17206.42, 26810674, 205
1628, 14, 114, 122, 0, 0, 4.81%, 0, 0, 6, 19022.16, 26909869, 205
1633, 14, 0, 122, 0, 0, 4.81%, 0, 0, 6, 18343.56, 27001101, 205
1638, 14, 8, 122, 0, 0, 4.81%, 0, 0, 6, 29628.63, 27160131, 205
1643, 14, 101, 122, 0, 0, 4.81%, 0, 0, 6, 14745.16, 27219193, 205
1648, 14, 101, 122, 0, 0, 4.81%, 0, 0, 6, 9769.06, 27258466, 205
1653, 14, 101, 122, 0, 0, 4.81%, 0, 0, 6, 8206.49, 27297636, 205
1658, 14, 101, 122, 0, 0, 4.81%, 0, 0, 6, 8038.20, 27338848, 205
1663, 14, 101, 122, 0, 0, 4.81%, 0, 0, 6, 7538.00, 27376623, 205
1668, 14, 101, 122, 0, 0, 4.81%, 0, 0, 6, 7924.70, 27417313, 205
1673, 14, 101, 122, 0, 0, 4.81%, 0, 0, 6, 7318.67, 27454482, 205
1679, 14, 101, 122, 0, 0, 4.81%, 0, 0, 6, 7576.53, 27494387, 205
1684, 14, 101, 122, 0, 0, 4.81%, 0, 0, 6, 8052.02, 27535570, 205
1689, 14, 101, 122, 0, 0, 4.81%, 0, 0, 6, 8206.68, 27576884, 205
1694, 14, 101, 122, 0, 0, 4.81%, 0, 0, 6, 7691.81, 27614790, 205
1699, 14, 101, 122, 0, 0, 4.81%, 0, 0, 6, 7903.75, 27656029, 205
1704, 14, 101, 122, 0, 0, 4.81%, 0, 0, 6, 7442.84, 27693935, 205
1709, 14, 101, 122, 0, 0, 4.81%, 0, 0, 6, 7959.29, 27735193, 205
1715, 14, 101, 122, 0, 0, 4.81%, 0, 0, 6, 7887.03, 27775829, 205
1720, 14, 101, 122, 0, 0, 4.81%, 0, 0, 6, 8087.12, 27817901, 205
1725, 14, 101, 122, 0, 0, 4.81%, 0, 0, 6, 7674.78, 27855769, 205
1730, 14, 101, 122, 0, 0, 4.81%, 0, 0, 6, 7495.45, 27894288, 205
1735, 14, 101, 122, 0, 0, 4.81%, 0, 0, 6, 7283.88, 27930076, 205
1740, 14, 101, 122, 0, 0, 4.81%, 0, 0, 6, 7829.00, 27971612, 205
1745, 14, 56, 122, 0, 0, 4.81%, 0, 0, 6, 26168.10, 28128465, 205
1751, 14, 109, 122, 0, 0, 4.81%, 0, 0, 6, 4390.16, 28204199, 205
1756, 14, 109, 122, 0, 0, 4.81%, 0, 0, 6, 4507.14, 28226555, 205
1761, 14, 109, 122, 0, 0, 4.81%, 0, 0, 6, 4566.69, 28249837, 205
1766, 14, 109, 122, 0, 0, 4.81%, 0, 0, 6, 4579.45, 28273087, 205
1771, 14, 109, 122, 0, 0, 4.81%, 0, 0, 6, 4569.59, 28296455, 205
1776, 14, 109, 122, 0, 0, 4.81%, 0, 0, 6, 4569.45, 28319764, 205
1781, 14, 109, 122, 0, 0, 4.81%, 0, 0, 6, 4525.85, 28343087, 205
1786, 14, 109, 122, 0, 0, 4.81%, 0, 0, 6, 4574.22, 28366374, 205
1792, 14, 109, 122, 0, 0, 4.81%, 0, 0, 6, 4425.19, 28389628, 205
1797, 14, 109, 122, 0, 0, 4.81%, 0, 0, 6, 4313.07, 28411426, 205
1802, 14, 109, 122, 0, 0, 4.81%, 0, 0, 6, 4458.79, 28434712, 205
1807, 14, 109, 122, 0, 0, 4.81%, 0, 0, 6, 4598.97, 28458028, 205
1812, 14, 109, 122, 0, 0, 4.81%, 0, 0, 6, 4548.95, 28481300, 205
1817, 14, 109, 122, 0, 0, 4.81%, 0, 0, 6, 4629.21, 28504678, 205
1822, 14, 109, 122, 0, 0, 4.81%, 0, 0, 6, 4447.09, 28528055, 205
1827, 14, 109, 122, 0, 0, 4.81%, 0, 0, 6, 4626.83, 28552225, 205
1833, 14, 109, 122, 0, 0, 4.81%, 0, 0, 6, 4497.96, 28575118, 205
1838, 14, 109, 122, 0, 0, 4.81%, 0, 0, 6, 4607.81, 28598358, 205
1843, 14, 109, 122, 0, 0, 4.81%, 0, 0, 6, 4479.94, 28621602, 205
1848, 14, 109, 122, 0, 0, 4.81%, 0, 0, 6, 4571.10, 28644838, 205
1853, 14, 109, 122, 0, 0, 4.81%, 0, 0, 6, 4407.62, 28667154, 205
1858, 14, 109, 122, 0, 0, 4.81%, 0, 0, 6, 4570.88, 28690369, 205
1863, 14, 109, 122, 0, 0, 4.81%, 0, 0, 6, 4371.79, 28712621, 205
1868, 14, 109, 122, 0, 0, 4.81%, 0, 0, 6, 4564.61, 28735942, 205
1873, 14, 109, 122, 0, 0, 4.81%, 0, 0, 6, 4575.74, 28759269, 205
1878, 14, 109, 122, 0, 0, 4.81%, 0, 0, 6, 4595.39, 28782634, 205
1883, 14, 109, 122, 0, 0, 4.81%, 0, 0, 6, 4463.69, 28804964, 205
1889, 14, 109, 122, 0, 0, 4.81%, 0, 0, 6, 4498.18, 28828185, 205
1894, 14, 109, 122, 0, 0, 4.81%, 0, 0, 6, 4500.21, 28850810, 205
1899, 14, 109, 122, 0, 0, 4.81%, 0, 0, 6, 4647.74, 28875195, 205
1904, 14, 109, 122, 0, 0, 4.81%, 0, 0, 6, 4470.24, 28897482, 205
1909, 14, 109, 122, 0, 0, 4.81%, 0, 0, 6, 4816.74, 28922597, 205
1914, 14, 109, 122, 0, 0, 4.81%, 0, 0, 6, 4442.32, 28944785, 205
1919, 14, 109, 122, 0, 0, 4.81%, 0, 0, 6, 4588.68, 28968055, 205
1924, 14, 109, 122, 0, 0, 4.81%, 0, 0, 6, 4379.86, 28989905, 205
1930, 14, 109, 122, 0, 0, 4.81%, 0, 0, 6, 4630.97, 29014301, 205
1935, 14, 109, 122, 0, 0, 4.81%, 0, 0, 6, 4468.36, 29036553, 205
1940, 14, 109, 122, 0, 0, 4.81%, 0, 0, 6, 4682.35, 29060288, 205
1945, 14, 109, 122, 0, 0, 4.81%, 0, 0, 6, 4501.73, 29082566, 205
1950, 14, 109, 122, 0, 0, 4.81%, 0, 0, 6, 4523.74, 29105946, 205
1955, 14, 109, 122, 0, 0, 4.81%, 0, 0, 6, 4432.25, 29128230, 205
1960, 14, 109, 122, 0, 0, 4.81%, 0, 0, 6, 4615.30, 29152593, 205
1965, 14, 109, 122, 0, 0, 4.81%, 0, 0, 6, 4519.09, 29175870, 205
1971, 14, 109, 122, 0, 0, 4.81%, 0, 0, 6, 4414.76, 29199152, 205
1976, 14, 109, 122, 0, 0, 4.81%, 0, 0, 6, 4470.52, 29221712, 205
1981, 14, 109, 122, 0, 0, 4.81%, 0, 0, 6, 6061.21, 29251304, 205
1986, 14, 86, 122, 0, 0, 4.81%, 0, 0, 6, 15842.24, 29346866, 205
1991, 14, 86, 122, 0, 0, 4.81%, 0, 0, 6, 17197.00, 29437698, 205
1996, 14, 86, 122, 0, 0, 4.81%, 0, 0, 6, 17745.45, 29526663, 205
2001, 14, 21, 122, 0, 0, 4.81%, 0, 0, 6, 20560.47, 29628339, 205
2006, 14, 54, 122, 0, 0, 4.81%, 0, 0, 6, 25615.46, 29758815, 205
2011, 14, 74, 122, 0, 0, 4.81%, 0, 0, 6, 21691.49, 29872345, 205
2016, 14, 74, 122, 0, 0, 4.81%, 0, 0, 6, 13904.92, 29930921, 205
2021, 14, 74, 122, 0, 0, 4.81%, 0, 0, 6, 12655.95, 29992665, 205
2027, 14, 74, 122, 0, 0, 4.81%, 0, 0, 6, 12595.08, 30057433, 205
2032, 14, 74, 122, 0, 0, 4.81%, 0, 0, 6, 10983.05, 30112925, 205
2037, 14, 74, 122, 0, 0, 4.81%, 0, 0, 6, 11912.40, 30173578, 205
2042, 14, 74, 122, 0, 0, 4.81%, 0, 0, 6, 12141.27, 30237489, 205
2047, 14, 73, 122, 0, 0, 4.81%, 0, 0, 6, 20428.14, 30336832, 205
2052, 14, 73, 122, 0, 0, 4.81%, 0, 0, 6, 14158.12, 30399033, 205
2057, 14, 73, 122, 0, 0, 4.81%, 0, 0, 6, 14198.51, 30472091, 205
2062, 14, 73, 122, 0, 0, 4.81%, 0, 0, 6, 12635.54, 30536454, 205
2068, 14, 73, 122, 0, 0, 4.81%, 0, 0, 6, 14334.96, 30612851, 205
2073, 14, 73, 122, 0, 0, 4.81%, 0, 0, 6, 12789.40, 30677274, 205
2078, 14, 61, 122, 0, 0, 4.81%, 0, 0, 6, 25846.66, 30813979, 205
2083, 14, 121, 122, 0, 0, 4.81%, 0, 0, 6, 16376.93, 30883100, 205
2088, 14, 121, 122, 0, 0, 4.81%, 0, 0, 6, 13892.46, 30947427, 205
2093, 14, 121, 122, 0, 0, 4.81%, 0, 0, 6, 11452.69, 31001533, 205
2098, 14, 121, 122, 0, 0, 4.81%, 0, 0, 6, 12801.46, 31069745, 205
2103, 14, 121, 122, 0, 0, 4.81%, 0, 0, 6, 12235.32, 31132839, 205
2109, 14, 121, 122, 0, 0, 4.81%, 0, 0, 6, 12863.37, 31201176, 205
2114, 14, 107, 122, 0, 0, 4.81%, 0, 0, 6, 20965.46, 31299549, 205
2119, 15, 125, 126, 4, 0, 4.81%, 0, 0, 6, 24551.57, 31440969, 205
2124, 15, 0, 126, 3, 0, 4.81%, 0, 0, 6, 23616.22, 31550029, 205
2129, 15, 123, 126, 2, 0, 4.81%, 0, 0, 6, 14151.58, 31613970, 205
2134, 15, 0, 126, 1, 0, 4.81%, 0, 0, 6, 18280.03, 31706765, 205
2139, 15, 0, 126, 0, 0, 4.81%, 0, 0, 6, 25258.22, 31849560, 205
2144, 15, 124, 126, 0, 0, 4.81%, 0, 0, 6, 21606.99, 31959233, 205
2150, 15, 99, 126, 0, 0, 4.81%, 0, 0, 6, 21497.97, 32076998, 205
2155, 15, 123, 126, 0, 0, 4.81%, 0, 0, 6, 20659.51, 32172354, 205
2160, 15, 30, 126, 0, 0, 4.81%, 0, 0, 6, 26955.27, 32309629, 205
2165, 15, 0, 126, 0, 0, 4.81%, 0, 0, 6, 25133.73, 32424426, 205
2170, 16, 0, 126, 0, 0, 4.81%, 0, 0, 6, 24951.48, 32553694, 205
2175, 16, 0, 126, 0, 0, 4.81%, 0, 0, 6, 23764.15, 32678245, 205
2180, 16, 0, 126, 0, 0, 4.81%, 0, 0, 6, 30012.46, 32836321, 205
2185, 16, 28, 126, 0, 0, 4.81%, 0, 0, 6, 25395.53, 32953771, 205
2190, 16, 6, 126, 0, 0, 4.81%, 0, 0, 6, 28360.14, 33105353, 205
2195, 16, 69, 126, 0, 0, 4.81%, 0, 0, 6, 26195.57, 33224523, 205
2200, 16, 0, 126, 0, 0, 4.81%, 0, 0, 6, 26753.44, 33350294, 205
2206, 16, 30, 126, 0, 0, 4.81%, 0, 0, 6, 27059.16, 33473829, 205
2211, 16, 76, 126, 0, 0, 4.81%, 0, 0, 6, 21264.39, 33581930, 205
2216, 17, 0, 126, 0, 0, 4.81%, 0, 0, 6, 21523.57, 33681826, 205
2221, 17, 113, 126, 0, 0, 4.81%, 0, 0, 6, 23748.69, 33811017, 205
2226, 17, 0, 126, 0, 0, 4.81%, 0, 0, 6, 25363.45, 33928576, 205
2231, 17, 0, 126, 0, 0, 4.81%, 0, 0, 6, 27739.30, 34086432, 205
2236, 17, 0, 126, 0, 0, 4.81%, 0, 0, 6, 23263.78, 34192256, 205
2241, 17, 0, 126, 0, 0, 4.81%, 0, 0, 6, 26213.81, 34339755, 205
2247, 17, 44, 126, 0, 0, 4.81%, 0, 0, 6, 24679.50, 34453809, 205
2252, 17, 30, 126, 0, 0, 4.81%, 0, 0, 6, 23031.27, 34573481, 205
2257, 17, 30, 126, 0, 0, 4.81%, 0, 0, 6, 26722.47, 34708897, 205
2262, 17, 87, 126, 0, 0, 4.81%, 0, 0, 6, 23914.17, 34841625, 205
2267, 18, 0, 126, 0, 0, 4.81%, 0, 0, 6, 23181.86, 34943410, 205
2272, 18, 0, 126, 0, 0, 4.81%, 0, 0, 6, 22652.85, 35066001, 205
2277, 18, 0, 126, 0, 0, 4.81%, 0, 0, 6, 22508.13, 35189102, 205
2282, 18, 6, 126, 0, 0, 4.81%, 0, 0, 6, 25312.42, 35331314, 205
2287, 18, 95, 126, 0, 0, 4.81%, 0, 0, 6, 29958.41, 35481065, 205
2292, 18, 30, 126, 0, 0, 4.81%, 0, 0, 6, 22439.57, 35585690, 205
2298, 18, 0, 126, 0, 0, 4.81%, 0, 0, 6, 24483.50, 35701925, 205
2303, 18, 0, 126, 0, 0, 4.81%, 0, 0, 6, 24260.74, 35830774, 205
2308, 18, 30, 126, 0, 0, 4.81%, 0, 0, 6, 26925.50, 35961240, 205
2313, 18, 0, 126, 0, 0, 4.81%, 0, 0, 6, 22744.36, 36070546, 205
2318, 19, 0, 126, 0, 0, 4.81%, 0, 0, 6, 27285.02, 36202938, 205
2323, 19, 94, 126, 0, 0, 4.81%, 0, 0, 6, 21817.35, 36322294, 205
2328, 19, 0, 126, 0, 0, 4.81%, 0, 0, 6, 25783.07, 36445375, 205
2333, 19, 0, 126, 0, 0, 4.81%, 0, 0, 6, 20689.08, 36549335, 205
2338, 19, 0, 126, 0, 0, 4.81%, 0, 0, 6, 27924.36, 36690980, 205
2343, 19, 102, 126, 0, 0, 4.81%, 0, 0, 6, 20713.61, 36803029, 205
2348, 19, 0, 126, 0, 0, 4.81%, 0, 0, 6, 22273.25, 36911091, 205
2353, 19, 0, 126, 0, 0, 4.81%, 0, 0, 6, 26093.81, 37055093, 205
2358, 19, 6, 126, 0, 0, 4.81%, 0, 0, 6, 29475.85, 37221978, 205
2364, 20, 5, 126, 0, 0, 4.81%, 0, 0, 6, 25559.38, 37331327, 205
2369, 20, 0, 126, 0, 0, 4.81%, 0, 0, 6, 26547.87, 37476046, 205
2374, 20, 0, 126, 0, 0, 4.81%, 0, 0, 6, 28347.19, 37614102, 205
2379, 20, 30, 126, 0, 0, 4.81%, 0, 0, 6, 32146.89, 37783909, 205
2384, 20, 0, 126, 0, 0, 4.81%, 0, 0, 6, 23916.30, 37887950, 205
2389, 20, 0, 126, 0, 0, 4.81%, 0, 0, 6, 25054.09, 38016050, 205
2394, 20, 0, 126, 0, 0, 4.81%, 0, 0, 6, 20642.88, 38108083, 205
2399, 20, 71, 126, 0, 0, 4.81%, 0, 0, 6, 22663.90, 38225589, 205
2404, 20, 70, 126, 0, 0, 4.81%, 0, 0, 6, 23315.75, 38341767, 205
2409, 21, 30, 126, 0, 0, 4.81%, 0, 0, 6, 28033.92, 38483945, 205
2415, 21, 0, 126, 0, 0, 4.81%, 0, 0, 6, 28314.71, 38614356, 205
2420, 21, 108, 126, 0, 0, 4.81%, 0, 0, 6, 25453.84, 38743543, 205
2425, 21, 108, 126, 0, 0, 4.81%, 0, 0, 6, 16112.95, 38805855, 205
2430, 21, 108, 126, 0, 0, 4.81%, 0, 0, 6, 14495.64, 38877421, 205
2435, 21, 108, 126, 0, 0, 4.81%, 0, 0, 6, 13776.38, 38945849, 205
2440, 21, 108, 126, 0, 0, 4.81%, 0, 0, 6, 14019.59, 39018793, 205
2445, 21, 0, 126, 0, 0, 4.81%, 0, 0, 6, 15398.17, 39091736, 205
2450, 21, 51, 126, 0, 0, 4.81%, 0, 0, 6, 25750.85, 39248938, 205
2456, 21, 52, 126, 0, 0, 4.81%, 0, 0, 6, 27599.30, 39384875, 205
2461, 21, 52, 126, 0, 0, 4.81%, 0, 0, 6, 24699.63, 39507875, 205
2466, 21, 114, 126, 0, 0, 4.81%, 0, 0, 6, 22792.53, 39616394, 205
2471, 21, 90, 126, 0, 0, 4.81%, 0, 0, 6, 10864.31, 39654174, 205
2476, 21, 90, 126, 0, 0, 4.81%, 0, 0, 6, 8037.79, 39690062, 205
2481, 21, 90, 126, 0, 0, 4.81%, 0, 0, 6, 6897.62, 39724520, 205
2486, 21, 90, 126, 0, 0, 4.81%, 0, 0, 6, 6929.02, 39758944, 205
2491, 21, 90, 126, 0, 0, 4.81%, 0, 0, 6, 6840.83, 39795456, 205
2497, 21, 90, 126, 0, 0, 4.81%, 0, 0, 6, 7159.37, 39832062, 205
2502, 21, 90, 126, 0, 0, 4.81%, 0, 0, 6, 7087.16, 39868714, 205
2507, 21, 90, 126, 0, 0, 4.81%, 0, 0, 6, 7050.31, 39904568, 205
2512, 21, 90, 126, 0, 0, 4.81%, 0, 0, 6, 6651.40, 39938965, 205
2517, 21, 90, 126, 0, 0, 4.81%, 0, 0, 6, 6884.20, 39974125, 205
2522, 21, 90, 126, 0, 0, 4.81%, 0, 0, 6, 6008.03, 40004351, 205
2527, 21, 90, 126, 0, 0, 4.81%, 0, 0, 6, 4972.58, 40025212, 205
2532, 21, 90, 126, 0, 0, 4.81%, 0, 0, 6, 5570.32, 40054584, 205
2537, 21, 90, 126, 0, 0, 4.81%, 0, 0, 6, 6626.29, 40089774, 205
2542, 21, 90, 126, 0, 0, 4.81%, 0, 0, 6, 6481.19, 40124186, 205
2548, 21, 90, 126, 0, 0, 4.81%, 0, 0, 6, 7067.83, 40161491, 205
2553, 21, 90, 126, 0, 0, 4.81%, 0, 0, 6, 6518.61, 40194693, 205
2558, 21, 90, 126, 0, 0, 4.81%, 0, 0, 6, 6843.87, 40229947, 205
2563, 21, 90, 126, 0, 0, 4.81%, 0, 0, 6, 6405.04, 40262234, 205
2568, 21, 90, 126, 0, 0, 4.81%, 0, 0, 6, 7214.41, 40298376, 205
2573, 21, 0, 126, 0, 0, 4.81%, 0, 0, 6, 14643.50, 40386114, 205
2578, 21, 28, 126, 0, 0, 4.81%, 0, 0, 6, 21205.63, 40508959, 205
2583, 21, 125, 126, 0, 0, 4.81%, 0, 0, 6, 7585.49, 40565853, 205
2589, 21, 125, 126, 0, 0, 4.81%, 0, 0, 6, 7829.86, 40607069, 205
2594, 21, 125, 126, 0, 0, 4.81%, 0, 0, 6, 8367.90, 40651152, 205
2599, 21, 125, 126, 0, 0, 4.81%, 0, 0, 6, 9188.39, 40698576, 205
2604, 21, 125, 126, 0, 0, 4.81%, 0, 0, 6, 9153.33, 40745955, 205
2609, 21, 125, 126, 0, 0, 4.81%, 0, 0, 6, 9815.28, 40796315, 205
2614, 21, 125, 126, 0, 0, 4.81%, 0, 0, 6, 8779.66, 40840310, 205
2619, 21, 125, 126, 0, 0, 4.81%, 0, 0, 6, 7781.44, 40877445, 205
2624, 21, 125, 126, 0, 0, 4.81%, 0, 0, 6, 8654.76, 40922142, 205
2630, 21, 125, 126, 0, 0, 4.81%, 0, 0, 6, 10062.77, 40975944, 205
2635, 21, 125, 126, 0, 0, 4.81%, 0, 0, 6, 9235.07, 41019917, 205
2640, 21, 125, 126, 0, 0, 4.81%, 0, 0, 6, 10307.61, 41072910, 205
2645, 21, 125, 126, 0, 0, 4.81%, 0, 0, 6, 9528.22, 41118351, 205
2650, 21, 125, 126, 0, 0, 4.81%, 0, 0, 6, 9601.77, 41167225, 205
2655, 21, 125, 126, 0, 0, 4.81%, 0, 0, 6, 7987.00, 41205086, 205
2660, 21, 125, 126, 0, 0, 4.81%, 0, 0, 6, 8463.53, 41251196, 205
2665, 21, 125, 126, 0, 0, 4.81%, 0, 0, 6, 8490.52, 41293153, 205
2670, 21, 125, 126, 0, 0, 4.81%, 0, 0, 6, 9199.01, 41341319, 205
2675, 21, 0, 126, 0, 0, 4.81%, 0, 0, 6, 16666.23, 41416431, 205
2680, 21, 29, 126, 0, 0, 4.81%, 0, 0, 6, 24167.55, 41558392, 205
2686, 21, 0, 126, 0, 0, 4.81%, 0, 0, 6, 23873.66, 41676242, 205
2691, 21, 13, 126, 0, 0, 4.81%, 0, 0, 6, 25475.56, 41816052, 205
2696, 21, 0, 126, 0, 0, 4.81%, 0, 0, 6, 25026.94, 41934357, 205
2701, 21, 87, 126, 0, 0, 4.81%, 0, 0, 6, 19862.43, 42038528, 205
2706, 21, 87, 126, 0, 0, 4.81%, 0, 0, 6, 11024.85, 42079949, 205
2711, 21, 87, 126, 0, 0, 4.81%, 0, 0, 6, 9000.99, 42121985, 205
2716, 21, 87, 126, 0, 0, 4.81%, 0, 0, 6, 7581.72, 42158117, 205
2722, 21, 87, 126, 0, 0, 4.81%, 0, 0, 6, 6906.29, 42191858, 205
2727, 21, 87, 126, 0, 0, 4.81%, 0, 0, 6, 7076.50, 42229730, 205
2732, 21, 87, 126, 0, 0, 4.81%, 0, 0, 6, 7650.27, 42270882, 205
2737, 21, 87, 126, 0, 0, 4.81%, 0, 0, 6, 7051.68, 42305460, 205
2742, 21, 87, 126, 0, 0, 4.81%, 0, 0, 6, 7275.15, 42343313, 205
2747, 21, 87, 126, 0, 0, 4.81%, 0, 0, 6, 8162.20, 42386968, 205
2752, 21, 87, 126, 0, 0, 4.81%, 0, 0, 6, 7845.75, 42428090, 205
2758, 21, 87, 126, 0, 0, 4.81%, 0, 0, 6, 8206.36, 42471674, 205
2763, 21, 87, 126, 0, 0, 4.81%, 0, 0, 6, 8225.26, 42515314, 205
2768, 21, 87, 126, 0, 0, 4.81%, 0, 0, 6, 7514.06, 42552483, 205
2773, 21, 87, 126, 0, 0, 4.81%, 0, 0, 6, 7476.01, 42591183, 205
2778, 21, 87, 126, 0, 0, 4.81%, 0, 0, 6, 8047.95, 42633257, 205
2783, 21, 30, 126, 0, 0, 4.81%, 0, 0, 6, 20935.22, 42756728, 205
2789, 21, 57, 126, 0, 0, 4.81%, 0, 0, 6, 28609.36, 42915707, 205
2794, 21, 0, 126, 0, 0, 4.81%, 0, 0, 6, 24822.30, 43037721, 205
2799, 22, 99, 126, 0, 0, 4.81%, 0, 0, 6, 16705.40, 43121262, 205
2804, 22, 99, 126, 0, 0, 4.81%, 0, 0, 6, 11342.42, 43167734, 205
2809, 22, 99, 126, 0, 0, 4.81%, 0, 0, 6, 10439.70, 43219445, 205
2814, 22, 99, 126, 0, 0, 4.81%, 0, 0, 6, 9062.24, 43261650, 205
2819, 22, 99, 126, 0, 0, 4.81%, 0, 0, 6, 9804.55, 43313449, 205
2824, 22, 99, 126, 0, 0, 4.81%, 0, 0, 6, 9786.08, 43363055, 205
2829, 22, 99, 126, 0, 0, 4.81%, 0, 0, 6, 10127.34, 43415868, 205
2834, 22, 99, 126, 0, 0, 4.81%, 0, 0, 6, 10273.07, 43467658, 205
2840, 22, 99, 126, 0, 0, 4.81%, 0, 0, 6, 10406.47, 43522592, 205
2845, 22, 99, 126, 0, 0, 4.81%, 0, 0, 6, 9944.07, 43572227, 205
2850, 22, 99, 126, 0, 0, 4.81%, 0, 0, 6, 9956.51, 43621913, 205
2855, 22, 99, 126, 0, 0, 4.81%, 0, 0, 6, 10004.75, 43673727, 205
2860, 22, 99, 126, 0, 0, 4.81%, 0, 0, 6, 10032.22, 43724627, 205
2865, 22, 89, 126, 0, 0, 4.81%, 0, 0, 6, 8076.55, 43763123, 205
2870, 22, 89, 126, 0, 0, 4.81%, 0, 0, 6, 7035.22, 43797648, 205
2875, 22, 89, 126, 0, 0, 4.81%, 0, 0, 6, 6455.47, 43829675, 205
2881, 22, 89, 126, 0, 0, 4.81%, 0, 0, 6, 6787.44, 43864776, 205
2886, 22, 89, 126, 0, 0, 4.81%, 0, 0, 6, 7027.52, 43901128, 205
2891, 22, 89, 126, 0, 0, 4.81%, 0, 0, 6, 7150.44, 43938157, 205
2896, 22, 89, 126, 0, 0, 4.81%, 0, 0, 6, 7063.37, 43973350, 205
2901, 22, 89, 126, 0, 0, 4.81%, 0, 0, 6, 7054.33, 44010280, 205
2906, 22, 89, 126, 0, 0, 4.81%, 0, 0, 6, 7112.22, 44046662, 205
2911, 22, 89, 126, 0, 0, 4.81%, 0, 0, 6, 6882.11, 44081767, 205
2917, 22, 89, 126, 0, 0, 4.81%, 0, 0, 6, 6821.44, 44116320, 205
2922, 22, 89, 126, 0, 0, 4.81%, 0, 0, 6, 6652.62, 44150808, 205
2927, 22, 89, 126, 0, 0, 4.81%, 0, 0, 6, 6602.48, 44184789, 205
2932, 22, 89, 126, 0, 0, 4.81%, 0, 0, 6, 6343.96, 44216875, 205
2937, 22, 89, 126, 0, 0, 4.81%, 0, 0, 6, 6629.96, 44250763, 205
2942, 22, 89, 126, 0, 0, 4.81%, 0, 0, 6, 6828.37, 44285980, 205
2947, 22, 89, 126, 0, 0, 4.81%, 0, 0, 6, 6868.22, 44321853, 205
2952, 22, 89, 126, 0, 0, 4.81%, 0, 0, 6, 6732.50, 44357037, 205
2957, 22, 89, 126, 0, 0, 4.81%, 0, 0, 6, 7061.88, 44393404, 205
2963, 22, 60, 126, 0, 0, 4.81%, 0, 0, 6, 10331.98, 44441002, 205
2968, 22, 123, 126, 0, 0, 4.81%, 0, 0, 6, 24484.77, 44584346, 205
2973, 22, 123, 126, 0, 0, 4.81%, 0, 0, 6, 13730.54, 44634378, 205
2978, 22, 123, 126, 0, 0, 4.81%, 0, 0, 6, 11693.94, 44690770, 205
2983, 22, 123, 126, 0, 0, 4.81%, 0, 0, 6, 10359.96, 44744277, 205
2988, 22, 123, 126, 0, 0, 4.81%, 0, 0, 6, 10695.69, 44800768, 205
2993, 22, 123, 126, 0, 0, 4.81%, 0, 0, 6, 9277.63, 44845705, 205
2999, 22, 123, 126, 0, 0, 4.81%, 0, 0, 6, 10849.59, 44903968, 205
3004, 22, 123, 126, 0, 0, 4.81%, 0, 0, 6, 10839.18, 44959397, 205
3009, 22, 123, 126, 0, 0, 4.81%, 0, 0, 6, 11258.09, 45016871, 205
3014, 22, 123, 126, 0, 0, 4.81%, 0, 0, 6, 10404.59, 45068551, 205
3019, 22, 123, 126, 0, 0, 4.81%, 0, 0, 6, 11044.32, 45127892, 205
3024, 22, 123, 126, 0, 0, 4.81%, 0, 0, 6, 10374.74, 45180521, 205
3029, 22, 123, 126, 0, 0, 4.81%, 0, 0, 6, 9016.06, 45226467, 205
3034, 22, 123, 126, 0, 0, 4.81%, 0, 0, 6, 9316.43, 45272342, 205
3040, 22, 123, 126, 0, 0, 4.81%, 0, 0, 6, 9997.40, 45324941, 205
3045, 22, 0, 126, 0, 0, 4.81%, 0, 0, 6, 16308.83, 45399932, 205
3050, 22, 106, 126, 0, 0, 4.81%, 0, 0, 6, 9219.31, 45442810, 205
3055, 22, 106, 126, 0, 0, 4.81%, 0, 0, 6, 6291.85, 45470420, 205
3060, 22, 106, 126, 0, 0, 4.81%, 0, 0, 6, 5966.21, 45500439, 205
3065, 22, 106, 126, 0, 0, 4.81%, 0, 0, 6, 5506.87, 45528100, 205
3070, 22, 106, 126, 0, 0, 4.81%, 0, 0, 6, 5713.91, 45557505, 205
3076, 22, 106, 126, 0, 0, 4.81%, 0, 0, 6, 5181.74, 45583221, 205
3081, 22, 106, 126, 0, 0, 4.81%, 0, 0, 6, 5684.28, 45612699, 205
3086, 22, 106, 126, 0, 0, 4.81%, 0, 0, 6, 5683.67, 45641390, 205
3091, 22, 106, 126, 0, 0, 4.81%, 0, 0, 6, 5607.70, 45670141, 205
3096, 22, 106, 126, 0, 0, 4.81%, 0, 0, 6, 5792.84, 45698903, 205
3101, 22, 106, 126, 0, 0, 4.81%, 0, 0, 6, 5714.66, 45727702, 205
3106, 22, 106, 126, 0, 0, 4.81%, 0, 0, 6, 5845.01, 45757190, 205
3111, 22, 106, 126, 0, 0, 4.81%, 0, 0, 6, 5649.43, 45786619, 205
3116, 22, 106, 126, 0, 0, 4.81%, 0, 0, 6, 5849.88, 45816613, 205
3121, 22, 106, 126, 0, 0, 4.81%, 0, 0, 6, 5614.95, 45845981, 205
3127, 22, 106, 126, 0, 0, 4.81%, 0, 0, 6, 5434.77, 45872969, 205
3132, 22, 106, 126, 0, 0, 4.81%, 0, 0, 6, 4970.18, 45897486, 205
3137, 22, 106, 126, 0, 0, 4.81%, 0, 0, 6, 5758.80, 45928123, 205
3142, 22, 106, 126, 0, 0, 4.81%, 0, 0, 6, 5744.96, 45958136, 205
3147, 22, 106, 126, 0, 0, 4.81%, 0, 0, 6, 5791.65, 45987642, 205
3152, 22, 106, 126, 0, 0, 4.81%, 0, 0, 6, 5776.26, 46018292, 205
3158, 22, 106, 126, 0, 0, 4.81%, 0, 0, 6, 5907.95, 46049528, 205
3163, 22, 106, 126, 0, 0, 4.81%, 0, 0, 6, 5333.50, 46077130, 205
3168, 22, 106, 126, 0, 0, 4.81%, 0, 0, 6, 5552.68, 46107203, 205
3173, 22, 106, 126, 0, 0, 4.81%, 0, 0, 6, 5283.97, 46133597, 205
3178, 22, 106, 126, 0, 0, 4.81%, 0, 0, 6, 5466.93, 46163025, 205
3184, 22, 106, 126, 0, 0, 4.81%, 0, 0, 6, 5232.24, 46189355, 205
3189, 22, 106, 126, 0, 0, 4.81%, 0, 0, 6, 5627.76, 46218110, 205
3194, 22, 106, 126, 0, 0, 4.81%, 0, 0, 6, 5688.89, 46248175, 205
3199, 22, 106, 126, 0, 0, 4.81%, 0, 0, 6, 5794.64, 46277643, 205
3204, 22, 106, 126, 0, 0, 4.81%, 0, 0, 6, 5717.45, 46307103, 205
3209, 22, 106, 126, 0, 0, 4.81%, 0, 0, 6, 5739.02, 46335925, 205
3215, 22, 106, 126, 0, 0, 4.81%, 0, 0, 6, 5518.61, 46364147, 205
3220, 22, 106, 126, 0, 0, 4.81%, 0, 0, 6, 5866.71, 46394777, 205
3225, 22, 106, 126, 0, 0, 4.81%, 0, 0, 6, 5800.74, 46423556, 205
3230, 22, 106, 126, 0, 0, 4.81%, 0, 0, 6, 5405.37, 46451117, 205
3235, 22, 106, 126, 0, 0, 4.81%, 0, 0, 6, 5422.92, 46478069, 205
3240, 22, 106, 126, 0, 0, 4.81%, 0, 0, 6, 5786.46, 46508128, 205
3245, 22, 106, 126, 0, 0, 4.81%, 0, 0, 6, 5745.65, 46537337, 205
3250, 22, 64, 126, 0, 0, 4.81%, 0, 0, 6, 20957.59, 46649009, 205
3255, 22, 64, 126, 0, 0, 4.81%, 0, 0, 6, 23767.45, 46771210, 205
3261, 22, 68, 126, 0, 0, 4.81%, 0, 0, 6, 21113.79, 46882944, 205
3266, 22, 68, 126, 0, 0, 4.81%, 0, 0, 6, 21383.13, 46988032, 205
3271, 22, 68, 126, 0, 0, 4.81%, 0, 0, 6, 22027.40, 47108633, 205
3276, 22, 77, 126, 0, 0, 4.81%, 0, 0, 6, 17771.32, 47196484, 205
3282, 22, 77, 126, 0, 0, 4.81%, 0, 0, 6, 15451.99, 47274404, 205
3287, 22, 77, 126, 0, 0, 4.81%, 0, 0, 6, 15740.65, 47353829, 205
3292, 22, 77, 126, 0, 0, 4.81%, 0, 0, 6, 13557.06, 47422801, 205
3297, 22, 96, 126, 0, 0, 4.81%, 0, 0, 6, 15194.00, 47498486, 205
3302, 22, 96, 126, 0, 0, 4.81%, 0, 0, 6, 15710.67, 47580805, 205
3307, 22, 12, 126, 0, 0, 4.81%, 0, 0, 6, 18698.46, 47679369, 205
3312, 22, 12, 126, 0, 0, 4.81%, 0, 0, 6, 21541.75, 47799157, 205
3317, 22, 70, 126, 0, 0, 4.81%, 0, 0, 6, 26543.27, 47934303, 205
3323, 22, 70, 126, 0, 0, 4.81%, 0, 0, 6, 18908.20, 48022653, 205
3328, 22, 30, 126, 0, 0, 4.81%, 0, 0, 6, 22894.79, 48141200, 205
3333, 22, 33, 126, 0, 0, 4.81%, 0, 0, 6, 22166.67, 48256565, 205
3338, 22, 92, 126, 0, 0, 4.81%, 0, 0, 6, 16402.22, 48341071, 205
3343, 22, 92, 126, 0, 0, 4.81%, 0, 0, 6, 9111.62, 48376588, 205
3348, 22, 92, 126, 0, 0, 4.81%, 0, 0, 6, 8160.75, 48417360, 205
3353, 22, 92, 126, 0, 0, 4.81%, 0, 0, 6, 6932.24, 48451284, 205
3359, 22, 92, 126, 0, 0, 4.81%, 0, 0, 6, 7071.77, 48487460, 205
3364, 22, 92, 126, 0, 0, 4.81%, 0, 0, 6, 6738.66, 48520716, 205
3369, 22, 92, 126, 0, 0, 4.81%, 0, 0, 6, 7023.31, 48557743, 205
3374, 22, 92, 126, 0, 0, 4.81%, 0, 0, 6, 6746.11, 48591669, 205
3379, 22, 92, 126, 0, 0, 4.81%, 0, 0, 6, 7335.01, 48630132, 205
3384, 22, 92, 126, 0, 0, 4.81%, 0, 0, 6, 7043.26, 48664809, 205
3389, 22, 92, 126, 0, 0, 4.81%, 0, 0, 6, 7575.01, 48705687, 205
3395, 22, 92, 126, 0, 0, 4.81%, 0, 0, 6, 7425.62, 48744887, 205
3400, 22, 92, 126, 0, 0, 4.81%, 0, 0, 6, 7660.85, 48784142, 205
3405, 22, 92, 126, 0, 0, 4.81%, 0, 0, 6, 7313.38, 48821077, 205
3410, 22, 92, 126, 0, 0, 4.81%, 0, 0, 6, 6725.72, 48855810, 205
3415, 22, 92, 126, 0, 0, 4.81%, 0, 0, 6, 6492.07, 48886798, 205
3420, 22, 92, 126, 0, 0, 4.81%, 0, 0, 6, 6899.35, 48923093, 205
3425, 22, 92, 126, 0, 0, 4.81%, 0, 0, 6, 6655.13, 48954775, 205
3430, 22, 117, 126, 0, 0, 4.81%, 0, 0, 6, 11039.73, 49006499, 205
3435, 22, 117, 126, 0, 0, 4.81%, 0, 0, 6, 5455.10, 49024676, 205
3441, 22, 117, 126, 0, 0, 4.81%, 0, 0, 6, 3813.75, 49041759, 205
3446, 22, 117, 126, 0, 0, 4.81%, 0, 0, 6, 3434.47, 49058313, 205
3451, 22, 117, 126, 0, 0, 4.81%, 0, 0, 6, 3493.57, 49076742, 205
3456, 22, 117, 126, 0, 0, 4.81%, 0, 0, 6, 3454.89, 49094792, 205
3461, 22, 117, 126, 0, 0, 4.81%, 0, 0, 6, 3547.82, 49113166, 205
3466, 22, 117, 126, 0, 0, 4.81%, 0, 0, 6, 3566.24, 49131248, 205
3471, 22, 117, 126, 0, 0, 4.81%, 0, 0, 6, 3409.73, 49148838, 205
3477, 22, 117, 126, 0, 0, 4.81%, 0, 0, 6, 3392.93, 49165729, 205
3482, 22, 117, 126, 0, 0, 4.81%, 0, 0, 6, 3377.45, 49183712, 205
3487, 22, 117, 126, 0, 0, 4.81%, 0, 0, 6, 3350.00, 49201020, 205
3492, 22, 117, 126, 0, 0, 4.81%, 0, 0, 6, 3356.15, 49218417, 205
3497, 22, 117, 126, 0, 0, 4.81%, 0, 0, 6, 3513.34, 49236555, 205
3502, 22, 117, 126, 0, 0, 4.81%, 0, 0, 6, 3404.82, 49254166, 205
3507, 22, 117, 126, 0, 0, 4.81%, 0, 0, 6, 3271.00, 49270943, 205
3513, 22, 117, 126, 0, 0, 4.81%, 0, 0, 6, 3200.44, 49287527, 205
3518, 22, 117, 126, 0, 0, 4.81%, 0, 0, 6, 3235.81, 49304090, 205
3523, 22, 117, 126, 0, 0, 4.81%, 0, 0, 6, 3310.47, 49321068, 205
3528, 22, 117, 126, 0, 0, 4.81%, 0, 0, 6, 3426.04, 49338415, 205
3533, 22, 117, 126, 0, 0, 4.81%, 0, 0, 6, 3322.59, 49355660, 205
3538, 22, 117, 126, 0, 0, 4.81%, 0, 0, 6, 3398.96, 49373279, 205
3543, 22, 117, 126, 0, 0, 4.81%, 0, 0, 6, 3060.54, 49388633, 205
3548, 22, 117, 126, 0, 0, 4.81%, 0, 0, 6, 3350.81, 49406697, 205
3554, 22, 117, 126, 0, 0, 4.81%, 0, 0, 6, 3429.33, 49424751, 205
3559, 22, 117, 126, 0, 0, 4.81%, 0, 0, 6, 3361.46, 49442025, 205
3564, 22, 117, 126, 0, 0, 4.81%, 0, 0, 6, 3368.18, 49459357, 205
3569, 22, 117, 126, 0, 0, 4.81%, 0, 0, 6, 3363.01, 49476391, 205
3574, 22, 117, 126, 0, 0, 4.81%, 0, 0, 6, 3248.76, 49493133, 205
3579, 22, 117, 126, 0, 0, 4.81%, 0, 0, 6, 3150.24, 49509507, 205
3585, 22, 117, 126, 0, 0, 4.81%, 0, 0, 6, 3404.57, 49527849, 205
3590, 22, 117, 126, 0, 0, 4.81%, 0, 0, 6, 3444.46, 49545784, 205
3595, 22, 117, 126, 0, 0, 4.81%, 0, 0, 6, 3447.82, 49563498, 205
3600, 22, 117, 126, 0, 0, 4.81%, 0, 0, 6, 3613.80, 49580811, 205
