# relative_time, cycles_done, cur_item, corpus_count, pending_total, pending_favs, map_size, saved_crashes, saved_hangs, max_depth, execs_per_sec, total_execs, edges_found
61, 0, 256, 280, 262, 63, 14.17%, 0, 0, 5, 23313.64, 1226256, 1034
66, 0, 68, 288, 266, 62, 14.21%, 0, 0, 5, 23848.74, 1336788, 1037
71, 0, 215, 296, 273, 61, 14.21%, 0, 0, 5, 19164.43, 1437454, 1037
76, 0, 66, 305, 281, 60, 14.24%, 0, 0, 5, 24244.43, 1554329, 1039
81, 0, 247, 313, 288, 61, 14.25%, 0, 0, 5, 23603.92, 1690953, 1040
86, 0, 247, 315, 290, 61, 14.25%, 0, 0, 5, 23567.84, 1801475, 1040
91, 0, 249, 323, 296, 59, 14.25%, 0, 0, 5, 22023.63, 1927134, 1040
96, 0, 308, 327, 296, 56, 14.25%, 0, 0, 5, 21618.89, 2023671, 1040
101, 0, 238, 334, 302, 55, 14.25%, 0, 0, 5, 23379.94, 2157477, 1040
106, 0, 128, 345, 311, 53, 14.25%, 0, 0, 5, 30054.69, 2314379, 1040
112, 0, 287, 348, 313, 52, 14.25%, 0, 0, 6, 21446.76, 2422846, 1040
117, 0, 102, 353, 312, 46, 14.27%, 0, 0, 6, 22469.79, 2532717, 1041
122, 0, 245, 357, 314, 43, 14.27%, 0, 0, 6, 18005.32, 2621600, 1041
127, 0, 129, 361, 317, 42, 14.27%, 0, 0, 6, 25877.23, 2753060, 1041
132, 0, 280, 369, 320, 37, 14.27%, 0, 0, 6, 19486.27, 2858672, 1041
137, 0, 194, 376, 322, 31, 14.27%, 0, 0, 6, 22203.61, 2977785, 1041
142, 0, 88, 381, 326, 30, 14.27%, 0, 0, 6, 20222.32, 3090297, 1041
147, 0, 272, 395, 335, 27, 14.27%, 0, 0, 6, 16773.19, 3170605, 1041
152, 0, 272, 398, 338, 27, 14.27%, 0, 0, 6, 18147.98, 3267347, 1041
158, 0, 166, 402, 338, 25, 14.27%, 0, 0, 6, 13570.89, 3338842, 1041
163, 0, 237, 406, 338, 22, 14.27%, 0, 0, 6, 13443.67, 3411978, 1041
168, 0, 352, 413, 343, 20, 14.27%, 0, 0, 6, 21051.87, 3535253, 1041
173, 0, 130, 416, 345, 19, 14.27%, 0, 0, 6, 17506.27, 3623391, 1041
178, 0, 168, 426, 346, 10, 14.27%, 0, 0, 6, 22351.80, 3745286, 1041
183, 0, 338, 431, 346, 5, 14.27%, 0, 0, 6, 15220.03, 3814333, 1041
188, 0, 396, 438, 349, 3, 14.27%, 0, 0, 6, 20082.58, 3920743, 1041
193, 0, 402, 450, 353, 1, 14.27%, 0, 0, 6, 17076.50, 4005744, 1041
198, 0, 402, 451, 354, 1, 14.27%, 0, 0, 6, 18932.30, 4102584, 1041
203, 0, 395, 454, 356, 1, 14.27%, 0, 0, 6, 16396.57, 4188881, 1041
208, 0, 98, 456, 354, 1, 14.27%, 0, 0, 6, 20605.92, 4298656, 1041
213, 0, 2, 458, 351, 0, 14.27%, 0, 0, 6, 17463.52, 4397744, 1041
219, 0, 222, 465, 356, 0, 14.27%, 0, 0, 6, 21696.79, 4513465, 1041
224, 0, 222, 465, 356, 0, 14.27%, 0, 0, 6, 19203.83, 4605141, 1041
229, 0, 2, 466, 356, 0, 14.27%, 0, 0, 7, 25734.93, 4733891, 1041
234, 0, 233, 467, 356, 0, 14.27%, 0, 0, 7, 22072.83, 4842465, 1041
239, 0, 313, 470, 358, 0, 14.27%, 0, 0, 7, 19135.58, 4938777, 1041
244, 0, 287, 470, 357, 0, 14.27%, 0, 0, 7, 20117.90, 5033506, 1041
249, 0, 90, 470, 357, 0, 14.27%, 0, 0, 7, 25998.45, 5172337, 1041
254, 0, 394, 474, 361, 0, 14.27%, 0, 0, 7, 16555.93, 5243183, 1041
259, 0, 2, 474, 360, 0, 14.27%, 0, 0, 7, 19464.14, 5332152, 1041
265, 0, 464, 481, 367, 0, 14.27%, 0, 0, 7, 13467.16, 5399453, 1041
270, 0, 247, 481, 366, 0, 14.27%, 0, 0, 7, 16170.20, 5474383, 1041
275, 0, 307, 484, 368, 0, 14.27%, 0, 0, 7, 19166.94, 5580730, 1041
280, 0, 27, 484, 368, 0, 14.27%, 0, 0, 7, 22855.90, 5698447, 1041
285, 0, 2, 485, 367, 0, 14.27%, 0, 0, 7, 22049.93, 5795434, 1041
290, 0, 58, 486, 366, 0, 14.27%, 0, 0, 7, 20921.18, 5908398, 1041
295, 0, 348, 486, 365, 0, 14.27%, 0, 0, 7, 23948.66, 6027046, 1041
300, 0, 88, 487, 361, 0, 14.27%, 0, 0, 7, 20996.61, 6128485, 1041
305, 0, 102, 487, 361, 0, 14.27%, 0, 0, 7, 22344.67, 6238274, 1041
310, 0, 281, 487, 361, 0, 14.27%, 0, 0, 7, 19229.77, 6337166, 1041
315, 0, 245, 488, 359, 0, 14.27%, 0, 0, 7, 20992.26, 6432572, 1041
321, 0, 214, 488, 357, 0, 14.27%, 0, 0, 7, 21861.10, 6555373, 1041
326, 0, 102, 488, 357, 0, 14.27%, 0, 0, 7, 23560.60, 6670350, 1041
331, 0, 13, 488, 357, 0, 14.27%, 0, 0, 7, 22632.81, 6798948, 1041
336, 0, 2, 488, 357, 0, 14.27%, 0, 0, 7, 21561.31, 6904946, 1041
341, 0, 164, 489, 358, 0, 14.27%, 0, 0, 7, 23901.96, 7036232, 1041
346, 0, 430, 489, 358, 0, 14.27%, 0, 0, 7, 24072.15, 7154127, 1041
351, 0, 241, 490, 357, 0, 14.27%, 0, 0, 7, 20518.53, 7249848, 1041
356, 0, 29, 491, 356, 0, 14.27%, 0, 0, 7, 20296.70, 7350006, 1041
361, 0, 487, 492, 357, 0, 14.27%, 0, 0, 8, 16133.91, 7432457, 1041
367, 0, 88, 492, 355, 0, 14.27%, 0, 0, 8, 22690.75, 7550019, 1041
372, 0, 164, 493, 354, 0, 14.27%, 0, 0, 8, 20091.86, 7645690, 1041
377, 0, 238, 495, 354, 0, 14.27%, 0, 0, 8, 22966.31, 7754455, 1041
382, 0, 473, 496, 354, 0, 14.27%, 0, 0, 8, 18631.30, 7858843, 1041
387, 0, 492, 499, 356, 0, 14.27%, 0, 0, 8, 13376.56, 7920034, 1041
392, 0, 308, 499, 355, 0, 14.27%, 0, 0, 8, 18915.21, 8025101, 1041
397, 0, 13, 500, 354, 0, 14.27%, 0, 0, 8, 20436.09, 8127026, 1041
402, 0, 87, 500, 354, 0, 14.27%, 0, 0, 8, 17795.48, 8220217, 1041
407, 0, 29, 500, 354, 0, 14.27%, 0, 0, 8, 24301.25, 8352608, 1041
413, 0, 90, 501, 355, 0, 14.27%, 0, 0, 8, 20469.94, 8455018, 1041
418, 0, 2, 502, 356, 0, 14.27%, 0, 0, 8, 24921.11, 8590149, 1041
423, 1, 220, 506, 358, 0, 14.27%, 0, 0, 8, 16498.16, 8670162, 1041
428, 1, 393, 506, 353, 0, 14.27%, 0, 0, 8, 18178.02, 8759244, 1041
433, 1, 259, 506, 349, 0, 14.27%, 0, 0, 8, 16102.77, 8837555, 1041
438, 1, 452, 507, 346, 0, 14.27%, 0, 0, 8, 17676.29, 8926075, 1041
443, 1, 468, 512, 349, 0, 14.27%, 0, 0, 8, 15527.60, 8999874, 1041
448, 1, 229, 512, 347, 0, 14.27%, 0, 0, 8, 21337.04, 9109155, 1041
453, 1, 90, 512, 344, 0, 14.27%, 0, 0, 8, 18762.88, 9198330, 1041
458, 1, 339, 513, 340, 0, 14.27%, 0, 0, 8, 17429.77, 9274053, 1041
464, 1, 0, 515, 338, 0, 14.27%, 0, 0, 8, 16400.62, 9343572, 1041
469, 1, 507, 517, 338, 0, 14.27%, 0, 0, 8, 21353.51, 9451637, 1041
474, 1, 66, 518, 336, 0, 14.27%, 0, 0, 8, 17885.02, 9531111, 1041
479, 1, 334, 518, 333, 0, 14.27%, 0, 0, 8, 20158.67, 9640405, 1041
484, 1, 5, 518, 331, 0, 14.27%, 0, 0, 8, 19505.29, 9729385, 1041
489, 1, 130, 519, 331, 0, 14.27%, 0, 0, 8, 20851.11, 9838014, 1041
494, 1, 36, 519, 329, 0, 14.27%, 0, 0, 8, 20285.45, 9939919, 1041
499, 1, 27, 519, 324, 0, 14.27%, 0, 0, 8, 19708.72, 10035697, 1041
504, 1, 495, 520, 323, 0, 14.27%, 0, 0, 8, 15229.35, 10111294, 1041
509, 1, 495, 522, 325, 0, 14.27%, 0, 0, 8, 11050.71, 10163236, 1041
514, 1, 215, 523, 323, 0, 14.27%, 0, 0, 8, 12449.89, 10221685, 1041
519, 1, 102, 523, 322, 0, 14.27%, 0, 0, 8, 19659.03, 10331034, 1041
524, 1, 407, 524, 318, 0, 14.27%, 0, 0, 8, 14809.41, 10401212, 1041
530, 1, 522, 525, 315, 0, 14.27%, 0, 0, 9, 19860.08, 10505787, 1041
535, 1, 215, 526, 315, 0, 14.27%, 0, 0, 9, 17242.50, 10573334, 1041
540, 1, 294, 526, 312, 0, 14.27%, 0, 0, 9, 21431.83, 10690438, 1041
545, 1, 0, 526, 307, 0, 14.27%, 0, 0, 9, 18374.38, 10771822, 1041
550, 1, 405, 527, 304, 0, 14.27%, 0, 0, 9, 16968.33, 10857829, 1041
555, 1, 216, 527, 299, 0, 14.27%, 0, 0, 9, 19548.80, 10951062, 1041
560, 1, 513, 527, 294, 0, 14.27%, 0, 0, 9, 3499.27, 11036925, 1041
565, 1, 437, 527, 290, 0, 14.27%, 0, 0, 9, 15300.07, 11126641, 1041
570, 1, 427, 529, 286, 0, 14.27%, 0, 0, 9, 18139.35, 11224765, 1041
576, 1, 245, 530, 283, 0, 14.27%, 0, 0, 9, 15468.23, 11306182, 1041
581, 1, 90, 530, 278, 0, 14.27%, 0, 0, 9, 15368.32, 11386174, 1041
586, 1, 480, 531, 277, 0, 14.27%, 0, 0, 9, 13029.44, 11450161, 1041
591, 1, 530, 532, 277, 0, 14.27%, 0, 0, 9, 9392.88, 11498570, 1041
596, 1, 189, 532, 272, 0, 14.27%, 0, 0, 9, 14658.13, 11572746, 1041
601, 1, 225, 532, 269, 0, 14.27%, 0, 0, 9, 16810.65, 11667972, 1041
606, 1, 308, 532, 268, 0, 14.27%, 0, 0, 9, 21767.70, 11775892, 1041
611, 1, 195, 532, 267, 0, 14.27%, 0, 0, 9, 20818.51, 11895566, 1041
616, 1, 249, 532, 264, 0, 14.27%, 0, 0, 9, 22876.72, 12011014, 1041
621, 1, 414, 533, 264, 0, 14.27%, 0, 0, 9, 13056.44, 12068974, 1041
626, 1, 256, 533, 261, 0, 14.27%, 0, 0, 9, 21015.55, 12171811, 1041
631, 1, 2, 534, 259, 0, 14.27%, 0, 0, 9, 17258.50, 12261150, 1041
637, 1, 289, 534, 256, 0, 14.27%, 0, 0, 9, 16401.92, 12334994, 1041
642, 1, 359, 534, 251, 0, 14.27%, 0, 0, 9, 13873.44, 12413685, 1041
647, 1, 130, 534, 247, 0, 14.27%, 0, 0, 9, 20072.46, 12513186, 1041
652, 1, 242, 534, 244, 0, 14.27%, 0, 0, 9, 18151.30, 12605216, 1041
657, 1, 463, 534, 242, 0, 14.27%, 0, 0, 9, 17591.62, 12689981, 1041
662, 1, 234, 534, 239, 0, 14.27%, 0, 0, 9, 15413.15, 12768781, 1041
667, 1, 5, 534, 232, 0, 14.27%, 0, 0, 9, 17668.56, 12853944, 1041
672, 1, 32, 535, 231, 0, 14.27%, 0, 0, 9, 17568.01, 12945464, 1041
677, 1, 384, 537, 231, 0, 14.27%, 0, 0, 9, 19291.89, 13039501, 1041
682, 1, 174, 538, 230, 0, 14.27%, 0, 0, 9, 14579.79, 13115587, 1041
687, 1, 238, 538, 226, 0, 14.27%, 0, 0, 9, 17366.98, 13205481, 1041
692, 1, 66, 538, 223, 0, 14.27%, 0, 0, 9, 16264.30, 13290367, 1041
697, 1, 74, 538, 219, 0, 14.27%, 0, 0, 9, 17883.63, 13380636, 1041
703, 1, 387, 538, 218, 0, 14.27%, 0, 0, 9, 19112.18, 13481643, 1041
708, 1, 216, 539, 217, 0, 14.27%, 0, 0, 9, 17405.45, 13573911, 1041
713, 1, 496, 539, 215, 0, 14.27%, 0, 0, 9, 16184.31, 13653276, 1041
718, 2, 64, 595, 267, 0, 14.27%, 0, 0, 9, 15066.62, 13728819, 1041
723, 2, 594, 595, 267, 0, 14.27%, 0, 0, 9, 15355.82, 13815417, 1041
728, 2, 242, 595, 262, 0, 14.27%, 0, 0, 9, 19438.47, 13918467, 1041
733, 2, 128, 595, 260, 0, 14.27%, 0, 0, 9, 15774.87, 13998659, 1041
738, 2, 90, 595, 258, 0, 14.27%, 0, 0, 9, 19751.30, 14108157, 1041
743, 2, 297, 596, 257, 0, 14.27%, 0, 0, 9, 18858.25, 14197744, 1041
748, 2, 169, 596, 251, 0, 14.27%, 0, 0, 9, 19426.95, 14299320, 1041
753, 2, 594, 596, 250, 0, 14.27%, 0, 0, 9, 13573.07, 14363729, 1041
759, 2, 2, 596, 248, 0, 14.27%, 0, 0, 9, 19653.78, 14463777, 1041
764, 2, 55, 596, 247, 0, 14.27%, 0, 0, 9, 17458.02, 14547355, 1041
769, 2, 128, 596, 244, 0, 14.27%, 0, 0, 9, 19696.99, 14649470, 1041
774, 2, 581, 596, 242, 0, 14.27%, 0, 0, 9, 15509.54, 14733804, 1041
779, 2, 386, 596, 236, 0, 14.27%, 0, 0, 9, 15039.94, 14812019, 1041
784, 2, 485, 597, 235, 0, 14.27%, 0, 0, 9, 15399.64, 14884070, 1041
789, 2, 66, 597, 232, 0, 14.27%, 0, 0, 9, 19911.63, 14993610, 1041
794, 2, 2, 597, 232, 0, 14.27%, 0, 0, 9, 21609.94, 15090974, 1041
799, 2, 347, 597, 227, 0, 14.27%, 0, 0, 9, 20746.92, 15195633, 1041
804, 2, 2, 598, 226, 0, 14.27%, 0, 0, 9, 15730.21, 15260913, 1041
809, 2, 247, 598, 223, 0, 14.27%, 0, 0, 9, 16614.08, 15349878, 1041
814, 2, 102, 598, 221, 0, 14.27%, 0, 0, 9, 15873.82, 15424235, 1041
819, 2, 363, 598, 218, 0, 14.27%, 0, 0, 9, 17312.95, 15512563, 1041
825, 2, 288, 598, 215, 0, 14.27%, 0, 0, 9, 15377.93, 15580145, 1041
830, 2, 90, 598, 210, 0, 14.27%, 0, 0, 9, 13253.38, 15646039, 1041
835, 2, 532, 598, 209, 0, 14.27%, 0, 0, 9, 10676.70, 15696741, 1041
840, 2, 237, 598, 208, 0, 14.27%, 0, 0, 9, 19830.70, 15809277, 1041
845, 2, 216, 598, 208, 0, 14.27%, 0, 0, 9, 19619.01, 15900870, 1041
850, 2, 2, 598, 205, 0, 14.27%, 0, 0, 9, 18933.99, 16001968, 1041
855, 2, 150, 598, 205, 0, 14.27%, 0, 0, 9, 20686.78, 16097054, 1041
860, 2, 387, 598, 204, 0, 14.27%, 0, 0, 9, 19058.27, 16196889, 1041
865, 2, 237, 598, 201, 0, 14.27%, 0, 0, 9, 15374.08, 16265649, 1041
871, 2, 584, 598, 197, 0, 14.27%, 0, 0, 9, 16294.59, 16354356, 1041
876, 2, 102, 598, 194, 0, 14.27%, 0, 0, 9, 16690.68, 16436373, 1041
881, 2, 485, 598, 194, 0, 14.27%, 0, 0, 9, 18178.04, 16535282, 1041
886, 2, 49, 598, 193, 0, 14.27%, 0, 0, 9, 18233.28, 16626774, 1041
891, 2, 570, 598, 193, 0, 14.27%, 0, 0, 9, 15662.97, 16706254, 1041
896, 2, 134, 598, 190, 0, 14.27%, 0, 0, 9, 15488.66, 16785082, 1041
901, 2, 485, 598, 189, 0, 14.27%, 0, 0, 9, 15807.84, 16877385, 1041
906, 2, 118, 598, 187, 0, 14.27%, 0, 0, 9, 17901.49, 16974639, 1041
911, 2, 240, 598, 183, 0, 14.27%, 0, 0, 9, 14116.17, 17046468, 1041
916, 2, 536, 598, 182, 0, 14.27%, 0, 0, 9, 16450.04, 17142842, 1041
921, 2, 536, 598, 176, 0, 14.27%, 0, 0, 9, 11945.77, 17200910, 1041
927, 2, 409, 598, 170, 0, 14.27%, 0, 0, 9, 20372.19, 17311932, 1041
932, 2, 13, 598, 167, 0, 14.27%, 0, 0, 9, 16502.79, 17396747, 1041
937, 2, 578, 598, 166, 0, 14.27%, 0, 0, 9, 16903.18, 17487905, 1041
942, 2, 354, 598, 163, 0, 14.27%, 0, 0, 9, 14594.76, 17552446, 1041
947, 2, 2, 598, 161, 0, 14.27%, 0, 0, 9, 21360.92, 17663138, 1041
952, 2, 13, 598, 158, 0, 14.27%, 0, 0, 9, 20235.77, 17774046, 1041
957, 2, 297, 598, 153, 0, 14.27%, 0, 0, 9, 17276.77, 17860188, 1041
962, 2, 2, 598, 150, 0, 14.27%, 0, 0, 9, 13207.23, 17919939, 1041
968, 2, 475, 598, 149, 0, 14.27%, 0, 0, 9, 19796.41, 18032263, 1041
973, 2, 55, 598, 146, 0, 14.27%, 0, 0, 9, 16188.57, 18113404, 1041
978, 2, 2, 598, 144, 0, 14.27%, 0, 0, 9, 19836.15, 18210834, 1041
983, 2, 479, 598, 142, 0, 14.27%, 0, 0, 9, 14107.42, 18282418, 1041
988, 2, 271, 598, 140, 0, 14.27%, 0, 0, 9, 20026.69, 18395289, 1041
993, 2, 55, 598, 140, 0, 14.27%, 0, 0, 9, 20540.91, 18484812, 1041
998, 2, 597, 600, 142, 0, 14.27%, 0, 0, 10, 13946.57, 18556860, 1041
1003, 2, 2, 600, 140, 0, 14.27%, 0, 0, 10, 12998.98, 18614214, 1041
1008, 2, 0, 600, 139, 0, 14.27%, 0, 0, 10, 19153.91, 18710129, 1041
1013, 2, 167, 600, 139, 0, 14.27%, 0, 0, 10, 20830.03, 18816945, 1041
1019, 2, 58, 600, 135, 0, 14.27%, 0, 0, 10, 11867.32, 18870056, 1041
1024, 2, 90, 600, 134, 0, 14.27%, 0, 0, 10, 20615.92, 18971020, 1041
1029, 3, 275, 605, 139, 0, 14.27%, 0, 0, 10, 22584.73, 19083032, 1041
1034, 3, 157, 605, 138, 0, 14.27%, 0, 0, 10, 15818.54, 19150645, 1041
1039, 3, 164, 605, 137, 0, 14.27%, 0, 0, 10, 17126.93, 19230343, 1041
1044, 3, 256, 605, 137, 0, 14.27%, 0, 0, 10, 21593.52, 19341451, 1041
1049, 3, 66, 605, 134, 0, 14.27%, 0, 0, 10, 18838.29, 19442347, 1041
1054, 3, 90, 605, 134, 0, 14.27%, 0, 0, 10, 16122.89, 19522639, 1041
1060, 3, 601, 605, 133, 0, 14.27%, 0, 0, 10, 9356.26, 19573276, 1041
1065, 3, 186, 605, 131, 0, 14.27%, 0, 0, 10, 18555.14, 19673832, 1041
1070, 3, 102, 605, 127, 0, 14.27%, 0, 0, 10, 21820.86, 19795067, 1041
1075, 3, 87, 605, 127, 0, 14.27%, 0, 0, 10, 22950.13, 19896932, 1041
1080, 3, 2, 605, 126, 0, 14.27%, 0, 0, 10, 21591.95, 20010336, 1041
1085, 3, 600, 605, 124, 0, 14.27%, 0, 0, 10, 17661.21, 20085952, 1041
1090, 3, 2, 605, 123, 0, 14.27%, 0, 0, 10, 22587.47, 20193436, 1041
1095, 3, 43, 605, 120, 0, 14.27%, 0, 0, 10, 23616.87, 20302459, 1041
1100, 3, 2, 605, 119, 0, 14.27%, 0, 0, 10, 18551.50, 20396644, 1041
1105, 3, 164, 605, 119, 0, 14.27%, 0, 0, 10, 21518.65, 20502244, 1041
1111, 3, 428, 605, 117, 0, 14.27%, 0, 0, 10, 14299.72, 20577891, 1041
1116, 3, 551, 605, 116, 0, 14.27%, 0, 0, 10, 14855.95, 20660439, 1041
1121, 3, 2, 605, 114, 0, 14.27%, 0, 0, 10, 18035.80, 20760094, 1041
1126, 3, 327, 605, 113, 0, 14.27%, 0, 0, 10, 21214.30, 20862292, 1041
1131, 3, 482, 606, 111, 0, 14.27%, 0, 0, 10, 18510.99, 20961947, 1041
1136, 3, 15, 606, 107, 0, 14.27%, 0, 0, 10, 21684.81, 21069773, 1041
1141, 3, 61, 606, 105, 0, 14.27%, 0, 0, 10, 19742.12, 21166497, 1041
1146, 3, 0, 606, 104, 0, 14.27%, 0, 0, 10, 20370.62, 21262061, 1041
1151, 3, 298, 606, 102, 0, 14.27%, 0, 0, 10, 18477.93, 21360826, 1041
1156, 3, 102, 606, 100, 0, 14.27%, 0, 0, 10, 19792.44, 21470315, 1041
1162, 3, 0, 606, 98, 0, 14.27%, 0, 0, 10, 14027.95, 21537759, 1041
1167, 3, 66, 606, 97, 0, 14.27%, 0, 0, 10, 18344.93, 21631949, 1041
1172, 3, 66, 606, 95, 0, 14.27%, 0, 0, 10, 13991.23, 21708170, 1041
1177, 3, 271, 606, 94, 0, 14.27%, 0, 0, 10, 14878.22, 21782125, 1041
1182, 3, 605, 607, 94, 0, 14.27%, 0, 0, 10, 12949.79, 21857066, 1041
1187, 3, 256, 607, 92, 0, 14.27%, 0, 0, 10, 19798.47, 21962925, 1041
1192, 3, 13, 607, 91, 0, 14.27%, 0, 0, 10, 6956.71, 22052678, 1041
1197, 3, 169, 607, 90, 0, 14.27%, 0, 0, 10, 19264.03, 22158701, 1041
1203, 3, 161, 607, 90, 0, 14.27%, 0, 0, 10, 18032.13, 22259196, 1041
1208, 3, 352, 607, 89, 0, 14.27%, 0, 0, 10, 23985.99, 22381777, 1041
1213, 3, 606, 607, 88, 0, 14.27%, 0, 0, 10, 18341.08, 22471809, 1041
1218, 3, 29, 607, 86, 0, 14.27%, 0, 0, 10, 22454.30, 22582374, 1041
1223, 3, 13, 607, 84, 0, 14.27%, 0, 0, 10, 15719.71, 22650483, 1041
1228, 3, 271, 607, 82, 0, 14.27%, 0, 0, 10, 19679.44, 22757499, 1041
1233, 3, 298, 607, 81, 0, 14.27%, 0, 0, 10, 21050.25, 22869177, 1041
1238, 3, 66, 607, 80, 0, 14.27%, 0, 0, 10, 20383.70, 22972817, 1041
1243, 3, 211, 607, 80, 0, 14.27%, 0, 0, 10, 17764.91, 23057540, 1041
1248, 3, 100, 607, 80, 0, 14.27%, 0, 0, 10, 25360.75, 23190260, 1041
1254, 3, 240, 607, 80, 0, 14.27%, 0, 0, 10, 23755.32, 23293357, 1041
1259, 3, 194, 607, 80, 0, 14.27%, 0, 0, 10, 21467.85, 23395329, 1041
1264, 3, 97, 607, 79, 0, 14.27%, 0, 0, 10, 23192.97, 23513253, 1041
1269, 3, 169, 607, 79, 0, 14.27%, 0, 0, 10, 26545.77, 23643589, 1041
1274, 3, 453, 607, 79, 0, 14.27%, 0, 0, 10, 17483.41, 23718996, 1041
1279, 3, 352, 607, 79, 0, 14.27%, 0, 0, 10, 22397.65, 23838220, 1041
1284, 3, 90, 607, 78, 0, 14.27%, 0, 0, 10, 20174.44, 23938034, 1041
1289, 3, 271, 607, 78, 0, 14.27%, 0, 0, 10, 22805.22, 24047761, 1041
1294, 3, 298, 607, 78, 0, 14.27%, 0, 0, 10, 17274.99, 24128434, 1041
1299, 3, 2, 607, 78, 0, 14.27%, 0, 0, 10, 18425.41, 24224132, 1041
1304, 3, 66, 607, 76, 0, 14.27%, 0, 0, 10, 19022.70, 24315424, 1041
1309, 3, 90, 607, 74, 0, 14.27%, 0, 0, 10, 24609.67, 24438032, 1041
1315, 3, 604, 607, 74, 0, 14.27%, 0, 0, 10, 19119.59, 24521299, 1041
1320, 3, 211, 607, 72, 0, 14.27%, 0, 0, 10, 23434.49, 24639646, 1041
1325, 4, 0, 614, 79, 0, 14.27%, 0, 0, 10, 18908.29, 24720225, 1041
1330, 4, 157, 614, 79, 0, 14.27%, 0, 0, 10, 25526.91, 24861403, 1041
1335, 4, 296, 614, 78, 0, 14.27%, 0, 0, 10, 20611.89, 24946823, 1041
1340, 4, 271, 614, 76, 0, 14.27%, 0, 0, 10, 22485.57, 25052750, 1041
1345, 4, 613, 614, 75, 0, 14.27%, 0, 0, 10, 22023.52, 25144298, 1041
1350, 4, 2, 614, 74, 0, 14.27%, 0, 0, 10, 21612.50, 25252622, 1041
1355, 4, 2, 614, 73, 0, 14.27%, 0, 0, 10, 16954.59, 25329663, 1041
1360, 4, 256, 614, 70, 0, 14.27%, 0, 0, 10, 17713.97, 25432627, 1041
1365, 4, 271, 614, 70, 0, 14.27%, 0, 0, 10, 21567.13, 25540967, 1041
1370, 4, 157, 614, 70, 0, 14.27%, 0, 0, 10, 22472.11, 25656665, 1041
1376, 4, 238, 614, 69, 0, 14.27%, 0, 0, 10, 19540.85, 25744199, 1041
1381, 4, 441, 614, 69, 0, 14.27%, 0, 0, 10, 21825.82, 25865836, 1041
1386, 4, 66, 614, 68, 0, 14.27%, 0, 0, 10, 18272.96, 25945111, 1041
1391, 4, 2, 614, 68, 0, 14.27%, 0, 0, 10, 20091.92, 26058421, 1041
1396, 4, 237, 614, 67, 0, 14.27%, 0, 0, 10, 21447.71, 26158861, 1041
1401, 4, 0, 614, 67, 0, 14.27%, 0, 0, 10, 19944.64, 26259302, 1041
1406, 4, 27, 614, 66, 0, 14.27%, 0, 0, 10, 23629.99, 26384129, 1041
1411, 4, 102, 614, 66, 0, 14.27%, 0, 0, 10, 21279.00, 26497517, 1041
1416, 4, 369, 614, 66, 0, 14.27%, 0, 0, 10, 20968.18, 26603399, 1041
1421, 4, 598, 614, 65, 0, 14.27%, 0, 0, 10, 18012.60, 26703780, 1041
1426, 4, 271, 614, 64, 0, 14.27%, 0, 0, 10, 19482.37, 26790087, 1041
1432, 4, 238, 614, 63, 0, 14.27%, 0, 0, 10, 17752.22, 26874280, 1041
1437, 4, 102, 614, 63, 0, 14.27%, 0, 0, 10, 24651.12, 27003183, 1041
1442, 4, 582, 614, 62, 0, 14.27%, 0, 0, 10, 16117.29, 27083204, 1041
1447, 4, 66, 614, 61, 0, 14.27%, 0, 0, 10, 20872.81, 27195959, 1041
1452, 4, 308, 614, 60, 0, 14.27%, 0, 0, 10, 17002.95, 27280952, 1041
1457, 4, 2, 614, 59, 0, 14.27%, 0, 0, 10, 18091.95, 27362449, 1041
1462, 4, 304, 614, 59, 0, 14.27%, 0, 0, 10, 20287.90, 27479815, 1041
1467, 4, 216, 615, 60, 0, 14.27%, 0, 0, 10, 16436.85, 27558112, 1041
1472, 4, 164, 615, 60, 0, 14.27%, 0, 0, 10, 17651.85, 27651243, 1041
1477, 4, 615, 618, 63, 0, 14.27%, 0, 0, 10, 15661.57, 27735704, 1041
1483, 4, 615, 618, 63, 0, 14.27%, 0, 0, 10, 8880.69, 27772974, 1041
1488, 4, 23, 618, 61, 0, 14.27%, 0, 0, 10, 18299.53, 27857642, 1041
1493, 4, 90, 618, 61, 0, 14.27%, 0, 0, 10, 15429.62, 27941116, 1041
1498, 4, 58, 618, 60, 0, 14.27%, 0, 0, 10, 19492.43, 28052048, 1041
1503, 4, 602, 618, 60, 0, 14.27%, 0, 0, 10, 18249.98, 28138458, 1041
1508, 4, 281, 618, 59, 0, 14.27%, 0, 0, 10, 19957.97, 28245456, 1041
1513, 4, 90, 618, 59, 0, 14.27%, 0, 0, 10, 15154.16, 28314490, 1041
1518, 4, 315, 618, 58, 0, 14.27%, 0, 0, 10, 21547.82, 28435458, 1041
1523, 4, 598, 618, 58, 0, 14.27%, 0, 0, 10, 18350.69, 28525158, 1041
1529, 4, 102, 618, 58, 0, 14.27%, 0, 0, 10, 22595.81, 28633627, 1041
1534, 4, 237, 618, 58, 0, 14.27%, 0, 0, 10, 22155.64, 28743807, 1041
1539, 4, 188, 618, 58, 0, 14.27%, 0, 0, 10, 20308.93, 28841826, 1041
1544, 4, 271, 618, 57, 0, 14.27%, 0, 0, 10, 21021.92, 28940559, 1041
1549, 4, 70, 618, 56, 0, 14.27%, 0, 0, 10, 22683.24, 29064913, 1041
1554, 4, 216, 618, 56, 0, 14.27%, 0, 0, 10, 18093.10, 29142651, 1041
1559, 4, 582, 618, 56, 0, 14.27%, 0, 0, 10, 17477.08, 29240885, 1041
1564, 4, 13, 618, 55, 0, 14.27%, 0, 0, 10, 8129.22, 29282366, 1041
1570, 4, 445, 618, 54, 0, 14.27%, 0, 0, 10, 16156.06, 29366544, 1041
1575, 4, 2, 618, 52, 0, 14.27%, 0, 0, 10, 19078.28, 29457409, 1041
1580, 4, 55, 619, 52, 0, 14.27%, 0, 0, 10, 21005.79, 29561312, 1041
1585, 4, 487, 619, 51, 0, 14.27%, 0, 0, 10, 18881.24, 29648791, 1041
1590, 4, 585, 619, 51, 0, 14.27%, 0, 0, 10, 19896.12, 29757459, 1041
1595, 4, 17, 619, 51, 0, 14.27%, 0, 0, 10, 17455.34, 29835432, 1041
1600, 4, 43, 619, 51, 0, 14.27%, 0, 0, 10, 16739.10, 29921967, 1041
1605, 4, 611, 619, 50, 0, 14.27%, 0, 0, 10, 15884.64, 29995442, 1041
1610, 4, 215, 619, 49, 0, 14.27%, 0, 0, 10, 18157.82, 30088564, 1041
1615, 4, 244, 619, 48, 0, 14.27%, 0, 0, 10, 12996.97, 30149189, 1041
1621, 4, 425, 619, 48, 0, 14.27%, 0, 0, 10, 17701.02, 30244174, 1041
1626, 5, 169, 628, 56, 0, 14.27%, 0, 0, 10, 15129.49, 30310858, 1041
1631, 5, 102, 628, 56, 0, 14.27%, 0, 0, 10, 13441.91, 30382928, 1041
1636, 5, 293, 628, 55, 0, 14.27%, 0, 0, 10, 11785.29, 30440375, 1041
1641, 5, 7, 628, 55, 0, 14.27%, 0, 0, 10, 17396.71, 30535826, 1041
1646, 5, 618, 628, 55, 0, 14.27%, 0, 0, 10, 2552.90, 30591074, 1041
1651, 5, 64, 629, 55, 0, 14.27%, 0, 0, 10, 7559.47, 30630635, 1041
1656, 5, 56, 629, 55, 0, 14.27%, 0, 0, 10, 11688.75, 30696845, 1041
1661, 5, 248, 629, 54, 0, 14.27%, 0, 0, 10, 4479.92, 30738646, 1041
1666, 5, 245, 629, 53, 0, 14.27%, 0, 0, 10, 19885.09, 30846689, 1041
1672, 5, 66, 629, 52, 0, 14.27%, 0, 0, 10, 16156.31, 30934474, 1041
1677, 5, 90, 629, 52, 0, 14.27%, 0, 0, 10, 22960.96, 31061232, 1041
1682, 5, 157, 629, 52, 0, 14.27%, 0, 0, 10, 19946.28, 31169592, 1041
1687, 5, 281, 630, 53, 0, 14.27%, 0, 0, 10, 19187.85, 31247425, 1041
1692, 5, 211, 630, 53, 0, 14.27%, 0, 0, 10, 17759.36, 31334714, 1041
1697, 5, 102, 630, 51, 0, 14.27%, 0, 0, 10, 23503.84, 31466525, 1041
1702, 5, 308, 630, 51, 0, 14.27%, 0, 0, 10, 20448.93, 31571110, 1041
1707, 5, 566, 630, 50, 0, 14.27%, 0, 0, 10, 16428.37, 31664857, 1041
1712, 5, 58, 630, 49, 0, 14.27%, 0, 0, 10, 16540.36, 31755157, 1041
1718, 5, 129, 630, 48, 0, 14.27%, 0, 0, 10, 21933.64, 31869118, 1041
1723, 5, 49, 630, 48, 0, 14.27%, 0, 0, 10, 17157.91, 31954563, 1041
1728, 5, 0, 630, 48, 0, 14.27%, 0, 0, 10, 15182.95, 32032668, 1041
1733, 5, 102, 630, 48, 0, 14.27%, 0, 0, 10, 18323.50, 32132751, 1041
1738, 5, 476, 630, 48, 0, 14.27%, 0, 0, 10, 19503.02, 32232694, 1041
1743, 5, 216, 630, 48, 0, 14.27%, 0, 0, 10, 17201.19, 32318603, 1041
1748, 5, 185, 630, 47, 0, 14.27%, 0, 0, 10, 24487.79, 32440039, 1041
1753, 5, 240, 630, 46, 0, 14.27%, 0, 0, 10, 21702.52, 32544504, 1041
1758, 5, 162, 630, 45, 0, 14.27%, 0, 0, 10, 18872.20, 32633701, 1041
1763, 5, 212, 630, 45, 0, 14.27%, 0, 0, 10, 21825.48, 32742429, 1041
1768, 5, 338, 631, 44, 0, 14.27%, 0, 0, 10, 18297.54, 32839209, 1041
1774, 5, 383, 631, 43, 0, 14.27%, 0, 0, 10, 19821.40, 32944073, 1041
1779, 5, 66, 631, 42, 0, 14.27%, 0, 0, 10, 9513.33, 32994938, 1041
1784, 5, 167, 631, 39, 0, 14.27%, 0, 0, 10, 10931.07, 33053487, 1041
1789, 5, 352, 631, 39, 0, 14.27%, 0, 0, 10, 21375.75, 33170910, 1041
1794, 5, 624, 631, 38, 0, 14.27%, 0, 0, 10, 14615.23, 33244116, 1041
1799, 5, 243, 631, 37, 0, 14.27%, 0, 0, 10, 25293.08, 33385948, 1041
1804, 5, 297, 631, 36, 0, 14.27%, 0, 0, 10, 22893.68, 33481903, 1041
1809, 5, 243, 631, 36, 0, 14.27%, 0, 0, 10, 24238.61, 33611885, 1041
1815, 5, 58, 631, 34, 0, 14.27%, 0, 0, 10, 14594.45, 33671756, 1041
1820, 5, 43, 631, 34, 0, 14.27%, 0, 0, 10, 21807.42, 33798967, 1041
1825, 5, 169, 631, 34, 0, 14.27%, 0, 0, 10, 23464.12, 33910864, 1041
1830, 5, 159, 631, 34, 0, 14.27%, 0, 0, 10, 23793.47, 34031400, 1041
1835, 5, 271, 631, 34, 0, 14.27%, 0, 0, 10, 18915.05, 34120949, 1041
1840, 5, 102, 631, 33, 0, 14.27%, 0, 0, 10, 22177.00, 34232694, 1041
1845, 5, 2, 631, 33, 0, 14.27%, 0, 0, 10, 20250.13, 34320594, 1041
1850, 5, 247, 631, 32, 0, 14.27%, 0, 0, 10, 18235.63, 34420075, 1041
1855, 5, 271, 631, 32, 0, 14.27%, 0, 0, 10, 20665.50, 34513852, 1041
1860, 5, 387, 631, 32, 0, 14.27%, 0, 0, 10, 21991.83, 34631689, 1041
1866, 5, 2, 631, 32, 0, 14.27%, 0, 0, 10, 19750.60, 34722668, 1041
1871, 5, 216, 631, 32, 0, 14.27%, 0, 0, 10, 15919.17, 34806347, 1041
1876, 5, 214, 631, 32, 0, 14.27%, 0, 0, 10, 19826.63, 34908317, 1041
1881, 5, 102, 631, 32, 0, 14.27%, 0, 0, 10, 13739.67, 34978805, 1041
1886, 5, 244, 631, 32, 0, 14.27%, 0, 0, 10, 19524.78, 35077004, 1041
1891, 5, 614, 631, 32, 0, 14.27%, 0, 0, 10, 17544.54, 35173132, 1041
1896, 5, 164, 631, 31, 0, 14.27%, 0, 0, 10, 16779.72, 35253207, 1041
1901, 5, 87, 631, 31, 0, 14.27%, 0, 0, 10, 13904.64, 35319110, 1041
1906, 5, 528, 631, 31, 0, 14.27%, 0, 0, 10, 19912.29, 35411095, 1041
1911, 5, 66, 631, 31, 0, 14.27%, 0, 0, 10, 19062.56, 35511011, 1041
1916, 5, 87, 631, 31, 0, 14.27%, 0, 0, 10, 22799.27, 35618260, 1041
1921, 5, 271, 631, 31, 0, 14.27%, 0, 0, 10, 17535.89, 35711186, 1041
1926, 5, 27, 631, 31, 0, 14.27%, 0, 0, 10, 21635.62, 35810437, 1041
1932, 6, 228, 634, 34, 0, 14.27%, 0, 0, 10, 18390.39, 35918565, 1041
1937, 6, 157, 634, 33, 0, 14.27%, 0, 0, 10, 17461.80, 36001049, 1041
1942, 6, 2, 634, 33, 0, 14.27%, 0, 0, 10, 18460.36, 36107025, 1041
1947, 6, 115, 634, 32, 0, 14.27%, 0, 0, 10, 19463.53, 36213693, 1041
1952, 6, 2, 634, 31, 0, 14.27%, 0, 0, 10, 15751.03, 36296594, 1041
1957, 6, 87, 634, 31, 0, 14.27%, 0, 0, 10, 13832.12, 36356899, 1041
1962, 6, 514, 634, 31, 0, 14.27%, 0, 0, 10, 13560.03, 36433333, 1041
1967, 6, 7, 634, 31, 0, 14.27%, 0, 0, 10, 18647.64, 36537940, 1041
1972, 6, 394, 634, 31, 0, 14.27%, 0, 0, 10, 12989.19, 36600112, 1041
1977, 6, 387, 635, 32, 0, 14.27%, 0, 0, 10, 16715.96, 36673445, 1041
1983, 6, 287, 635, 31, 0, 14.27%, 0, 0, 10, 16487.53, 36758780, 1041
1988, 6, 297, 635, 31, 0, 14.27%, 0, 0, 10, 21847.49, 36881720, 1041
1993, 6, 513, 635, 31, 0, 14.27%, 0, 0, 10, 15461.36, 36963224, 1041
1998, 6, 157, 635, 31, 0, 14.27%, 0, 0, 10, 19611.77, 37070267, 1041
2003, 6, 438, 635, 31, 0, 14.27%, 0, 0, 10, 16904.73, 37157426, 1041
2008, 6, 625, 635, 31, 0, 14.27%, 0, 0, 10, 18060.23, 37250851, 1041
2013, 6, 216, 635, 30, 0, 14.27%, 0, 0, 10, 16893.19, 37324298, 1041
2019, 6, 74, 635, 29, 0, 14.27%, 0, 0, 10, 18237.25, 37412018, 1041
2024, 6, 164, 635, 29, 0, 14.27%, 0, 0, 10, 14588.06, 37482955, 1041
2029, 6, 169, 635, 29, 0, 14.27%, 0, 0, 10, 18931.92, 37592725, 1041
2034, 6, 169, 635, 29, 0, 14.27%, 0, 0, 10, 18395.17, 37681516, 1041
2039, 6, 102, 635, 29, 0, 14.27%, 0, 0, 10, 5643.99, 37771352, 1041
2044, 6, 157, 635, 29, 0, 14.27%, 0, 0, 10, 15685.19, 37858057, 1041
2049, 6, 280, 635, 29, 0, 14.27%, 0, 0, 10, 20474.83, 37960885, 1041
2054, 6, 308, 635, 29, 0, 14.27%, 0, 0, 10, 14979.37, 38020655, 1041
2059, 6, 102, 635, 29, 0, 14.27%, 0, 0, 10, 20708.17, 38119233, 1041
2064, 6, 631, 635, 29, 0, 14.27%, 0, 0, 10, 16984.40, 38192061, 1041
2070, 6, 169, 635, 28, 0, 14.27%, 0, 0, 10, 20121.23, 38297279, 1041
2075, 6, 74, 635, 28, 0, 14.27%, 0, 0, 10, 18328.97, 38387623, 1041
2080, 6, 387, 635, 28, 0, 14.27%, 0, 0, 10, 19152.84, 38481120, 1041
2085, 6, 236, 635, 27, 0, 14.27%, 0, 0, 10, 17310.05, 38557823, 1041
2090, 6, 0, 635, 26, 0, 14.27%, 0, 0, 10, 19175.72, 38660126, 1041
2095, 6, 261, 635, 26, 0, 14.27%, 0, 0, 10, 19653.53, 38751292, 1041
2100, 6, 49, 635, 26, 0, 14.27%, 0, 0, 10, 22006.64, 38865878, 1041
2105, 6, 238, 635, 26, 0, 14.27%, 0, 0, 10, 23942.73, 38978385, 1041
2110, 6, 0, 635, 26, 0, 14.27%, 0, 0, 10, 22738.85, 39094790, 1041
2115, 6, 70, 635, 26, 0, 14.27%, 0, 0, 10, 19068.86, 39176066, 1041
2120, 6, 531, 635, 26, 0, 14.27%, 0, 0, 10, 17195.27, 39261900, 1041
2125, 6, 247, 635, 26, 0, 14.27%, 0, 0, 10, 16732.48, 39337086, 1041
2130, 6, 315, 635, 26, 0, 14.27%, 0, 0, 10, 18355.51, 39435308, 1041
2135, 6, 215, 635, 25, 0, 14.27%, 0, 0, 10, 15077.93, 39504613, 1041
2140, 6, 56, 635, 25, 0, 14.27%, 0, 0, 10, 15994.35, 39600109, 1041
2145, 6, 373, 635, 25, 0, 14.27%, 0, 0, 10, 17779.34, 39689030, 1041
2151, 6, 630, 635, 25, 0, 14.27%, 0, 0, 10, 3359.03, 39768910, 1041
2156, 6, 66, 635, 25, 0, 14.27%, 0, 0, 10, 17641.70, 39816819, 1041
2161, 6, 262, 635, 25, 0, 14.27%, 0, 0, 10, 15462.14, 39906535, 1041
2166, 6, 2, 635, 25, 0, 14.27%, 0, 0, 10, 17915.42, 39986869, 1041
2171, 6, 157, 635, 25, 0, 14.27%, 0, 0, 10, 19198.07, 40100805, 1041
2176, 6, 497, 635, 25, 0, 14.27%, 0, 0, 10, 19836.86, 40198930, 1041
2181, 6, 2, 635, 25, 0, 14.27%, 0, 0, 10, 13199.42, 40262664, 1041
2186, 6, 243, 635, 25, 0, 14.27%, 0, 0, 10, 21438.26, 40368506, 1041
2191, 6, 429, 635, 25, 0, 14.27%, 0, 0, 10, 14044.79, 40437428, 1041
2197, 6, 194, 635, 25, 0, 14.27%, 0, 0, 10, 14054.74, 40516195, 1041
2202, 6, 102, 635, 25, 0, 14.27%, 0, 0, 10, 15773.52, 40591430, 1041
2207, 6, 256, 635, 25, 0, 14.27%, 0, 0, 10, 17953.86, 40691555, 1041
2212, 6, 0, 635, 25, 0, 14.27%, 0, 0, 10, 19851.53, 40800280, 1041
2217, 6, 615, 635, 25, 0, 14.27%, 0, 0, 10, 17589.85, 40890446, 1041
2222, 6, 308, 635, 25, 0, 14.27%, 0, 0, 10, 18841.68, 40995155, 1041
2227, 6, 215, 635, 24, 0, 14.27%, 0, 0, 10, 16886.81, 41085931, 1041
2232, 6, 506, 635, 23, 0, 14.27%, 0, 0, 10, 17922.48, 41186278, 1041
2237, 7, 66, 639, 27, 0, 14.27%, 0, 0, 10, 20961.10, 41292465, 1041
2242, 7, 638, 639, 27, 0, 14.27%, 0, 0, 10, 17412.12, 41388824, 1041
2247, 7, 280, 639, 26, 0, 14.27%, 0, 0, 10, 24176.15, 41515289, 1041
2253, 7, 58, 639, 26, 0, 14.27%, 0, 0, 10, 19571.89, 41614241, 1041
2258, 7, 90, 639, 25, 0, 14.27%, 0, 0, 10, 22213.76, 41723889, 1041
2263, 7, 66, 639, 25, 0, 14.27%, 0, 0, 10, 20043.33, 41829667, 1041
2268, 7, 298, 639, 24, 0, 14.27%, 0, 0, 10, 21111.52, 41925153, 1041
2273, 7, 100, 639, 24, 0, 14.27%, 0, 0, 10, 21137.11, 42035370, 1041
2278, 7, 66, 639, 23, 0, 14.27%, 0, 0, 10, 23364.18, 42150081, 1041
2283, 7, 102, 639, 23, 0, 14.27%, 0, 0, 10, 22984.66, 42254876, 1041
2288, 7, 58, 639, 23, 0, 14.27%, 0, 0, 10, 21991.23, 42370674, 1041
2293, 7, 27, 639, 23, 0, 14.27%, 0, 0, 10, 25727.12, 42512545, 1041
2299, 7, 66, 639, 23, 0, 14.27%, 0, 0, 10, 26182.41, 42614934, 1041
2304, 7, 463, 639, 23, 0, 14.27%, 0, 0, 10, 21045.48, 42715936, 1041
2309, 7, 243, 639, 22, 0, 14.27%, 0, 0, 10, 23417.84, 42842148, 1041
2314, 7, 157, 639, 22, 0, 14.27%, 0, 0, 10, 17329.44, 42926155, 1041
2319, 7, 593, 639, 22, 0, 14.27%, 0, 0, 10, 23593.96, 43045743, 1041
2324, 7, 2, 639, 22, 0, 14.27%, 0, 0, 10, 19322.28, 43131547, 1041
2329, 7, 2, 639, 22, 0, 14.27%, 0, 0, 10, 24068.23, 43258668, 1041
2334, 7, 169, 639, 22, 0, 14.27%, 0, 0, 10, 22271.21, 43357750, 1041
2339, 7, 298, 639, 21, 0, 14.27%, 0, 0, 10, 24037.10, 43477758, 1041
2344, 7, 555, 639, 20, 0, 14.27%, 0, 0, 10, 16817.08, 43544896, 1041
2350, 7, 218, 639, 20, 0, 14.27%, 0, 0, 10, 23660.00, 43675633, 1041
2355, 7, 476, 639, 20, 0, 14.27%, 0, 0, 10, 20071.42, 43767745, 1041
2360, 7, 532, 639, 20, 0, 14.27%, 0, 0, 10, 17263.50, 43863494, 1041
2365, 7, 256, 639, 20, 0, 14.27%, 0, 0, 10, 21162.08, 43966936, 1041
2370, 7, 271, 639, 20, 0, 14.27%, 0, 0, 10, 21763.48, 44081151, 1041
2375, 7, 271, 639, 20, 0, 14.27%, 0, 0, 10, 18134.51, 44174048, 1041
2380, 7, 242, 639, 19, 0, 14.27%, 0, 0, 10, 17351.97, 44268089, 1041
2385, 7, 55, 639, 19, 0, 14.27%, 0, 0, 10, 19078.16, 44359639, 1041
2390, 7, 411, 639, 19, 0, 14.27%, 0, 0, 10, 21893.70, 44476000, 1041
2396, 7, 13, 639, 19, 0, 14.27%, 0, 0, 10, 28194.19, 44621860, 1041
2401, 7, 146, 639, 19, 0, 14.27%, 0, 0, 10, 24934.86, 44748810, 1041
2406, 7, 56, 639, 19, 0, 14.27%, 0, 0, 10, 25192.14, 44867048, 1041
2411, 7, 87, 639, 19, 0, 14.27%, 0, 0, 10, 21428.51, 44977859, 1041
2416, 7, 344, 639, 19, 0, 14.27%, 0, 0, 10, 26792.32, 45117953, 1041
2421, 7, 88, 639, 18, 0, 14.27%, 0, 0, 10, 25214.49, 45245103, 1041
2426, 7, 90, 639, 18, 0, 14.27%, 0, 0, 10, 25406.10, 45370497, 1041
2431, 7, 188, 639, 18, 0, 14.27%, 0, 0, 10, 20712.17, 45481134, 1041
2437, 7, 102, 639, 18, 0, 14.27%, 0, 0, 10, 18994.93, 45578474, 1041
2442, 7, 66, 639, 18, 0, 14.27%, 0, 0, 10, 19899.73, 45687444, 1041
2447, 7, 164, 639, 18, 0, 14.27%, 0, 0, 10, 27758.47, 45841326, 1041
2452, 7, 87, 639, 18, 0, 14.27%, 0, 0, 10, 25941.28, 45970828, 1041
2457, 7, 531, 639, 18, 0, 14.27%, 0, 0, 10, 21935.45, 46087131, 1041
2462, 7, 2, 639, 18, 0, 14.27%, 0, 0, 10, 24329.12, 46215399, 1041
2467, 7, 256, 639, 18, 0, 14.27%, 0, 0, 10, 28622.61, 46362668, 1041
2472, 8, 610, 642, 21, 0, 14.27%, 0, 0, 10, 19354.21, 46459605, 1041
2478, 8, 254, 642, 21, 0, 14.27%, 0, 0, 10, 21339.58, 46562427, 1041
2483, 8, 354, 642, 21, 0, 14.27%, 0, 0, 10, 20784.67, 46664828, 1041
2488, 8, 390, 642, 20, 0, 14.27%, 0, 0, 10, 23511.75, 46787291, 1041
2493, 8, 29, 642, 20, 0, 14.27%, 0, 0, 10, 22156.04, 46905994, 1041
2498, 8, 90, 643, 21, 0, 14.27%, 0, 0, 10, 24325.46, 47018821, 1041
2503, 8, 36, 643, 21, 0, 14.27%, 0, 0, 10, 27227.03, 47096188, 1041
2508, 8, 129, 643, 20, 0, 14.27%, 0, 0, 10, 24190.03, 47206112, 1041
2513, 8, 89, 643, 20, 0, 14.27%, 0, 0, 10, 20231.62, 47303023, 1041
2518, 8, 100, 643, 20, 0, 14.27%, 0, 0, 10, 21783.77, 47409199, 1041
2523, 8, 100, 643, 19, 0, 14.27%, 0, 0, 10, 22635.99, 47521684, 1041
2528, 8, 583, 643, 19, 0, 14.27%, 0, 0, 10, 20191.71, 47631198, 1041
2534, 8, 271, 643, 18, 0, 14.27%, 0, 0, 10, 19231.34, 47714231, 1041
2539, 8, 642, 643, 17, 0, 14.27%, 0, 0, 10, 17600.64, 47810434, 1041
2544, 8, 240, 643, 15, 0, 14.27%, 0, 0, 10, 22416.54, 47927650, 1041
2549, 8, 599, 643, 15, 0, 14.27%, 0, 0, 10, 23483.60, 48058584, 1041
2554, 8, 2, 643, 15, 0, 14.27%, 0, 0, 10, 22913.82, 48159679, 1041
2559, 8, 0, 643, 15, 0, 14.27%, 0, 0, 10, 27220.84, 48297724, 1041
2564, 8, 315, 643, 15, 0, 14.27%, 0, 0, 10, 21650.56, 48388220, 1041
2569, 8, 97, 643, 15, 0, 14.27%, 0, 0, 10, 27203.83, 48538355, 1041
2575, 8, 2, 643, 14, 0, 14.27%, 0, 0, 10, 22011.89, 48635628, 1041
2580, 8, 55, 643, 13, 0, 14.27%, 0, 0, 10, 24016.91, 48764021, 1041
2585, 8, 249, 643, 13, 0, 14.27%, 0, 0, 10, 22573.78, 48867743, 1041
2590, 8, 52, 643, 13, 0, 14.27%, 0, 0, 10, 24393.78, 48998722, 1041
2595, 8, 27, 643, 13, 0, 14.27%, 0, 0, 10, 20352.70, 49088602, 1041
2600, 8, 164, 643, 13, 0, 14.27%, 0, 0, 10, 21055.13, 49204172, 1041
2605, 8, 211, 643, 13, 0, 14.27%, 0, 0, 10, 22801.26, 49315133, 1041
2610, 8, 102, 643, 13, 0, 14.27%, 0, 0, 10, 21837.78, 49422674, 1041
2615, 8, 88, 643, 13, 0, 14.27%, 0, 0, 10, 24849.01, 49555987, 1041
2620, 8, 520, 643, 13, 0, 14.27%, 0, 0, 10, 15676.58, 49633759, 1041
2625, 8, 476, 643, 13, 0, 14.27%, 0, 0, 10, 22099.01, 49740537, 1041
2631, 8, 247, 643, 13, 0, 14.27%, 0, 0, 10, 22884.14, 49848530, 1041
2636, 8, 352, 643, 13, 0, 14.27%, 0, 0, 10, 28303.96, 49995334, 1041
2641, 8, 159, 643, 13, 0, 14.27%, 0, 0, 10, 24132.39, 50119615, 1041
2646, 8, 347, 643, 13, 0, 14.27%, 0, 0, 10, 24359.91, 50240547, 1041
2651, 8, 66, 643, 13, 0, 14.27%, 0, 0, 10, 20473.36, 50346586, 1041
2656, 8, 282, 643, 13, 0, 14.27%, 0, 0, 10, 24779.08, 50480535, 1041
2661, 8, 129, 643, 13, 0, 14.27%, 0, 0, 10, 18150.55, 50578896, 1041
2667, 8, 66, 643, 13, 0, 14.27%, 0, 0, 10, 21518.70, 50683808, 1041
2672, 8, 630, 643, 13, 0, 14.27%, 0, 0, 10, 4372.67, 50791276, 1041
2677, 8, 66, 643, 13, 0, 14.27%, 0, 0, 10, 18331.33, 50883673, 1041
2682, 8, 287, 643, 13, 0, 14.27%, 0, 0, 10, 18909.93, 50978725, 1041
2687, 8, 189, 643, 13, 0, 14.27%, 0, 0, 10, 17504.86, 51054270, 1041
2692, 8, 97, 643, 13, 0, 14.27%, 0, 0, 10, 17499.04, 51150116, 1041
2697, 8, 225, 643, 13, 0, 14.27%, 0, 0, 10, 24759.21, 51277939, 1041
2702, 8, 164, 643, 13, 0, 14.27%, 0, 0, 10, 18610.01, 51380133, 1041
2707, 8, 194, 643, 13, 0, 14.27%, 0, 0, 10, 22273.51, 51498140, 1041
2712, 8, 2, 643, 13, 0, 14.27%, 0, 0, 10, 20213.83, 51600691, 1041
2717, 8, 66, 643, 13, 0, 14.27%, 0, 0, 10, 23548.80, 51720698, 1041
2723, 9, 66, 643, 13, 0, 14.27%, 0, 0, 10, 20643.30, 51819428, 1041
2728, 9, 55, 643, 12, 0, 14.27%, 0, 0, 10, 20391.37, 51922509, 1041
2733, 9, 164, 643, 11, 0, 14.27%, 0, 0, 10, 18343.25, 52007663, 1041
2738, 9, 169, 643, 10, 0, 14.27%, 0, 0, 10, 20529.03, 52093277, 1041
2743, 9, 2, 643, 10, 0, 14.27%, 0, 0, 10, 22024.44, 52205962, 1041
2748, 9, 249, 643, 10, 0, 14.27%, 0, 0, 10, 23432.63, 52325965, 1041
2753, 9, 66, 643, 10, 0, 14.27%, 0, 0, 10, 22902.34, 52441590, 1041
2758, 9, 598, 643, 10, 0, 14.27%, 0, 0, 10, 20312.95, 52551435, 1041
2763, 9, 2, 643, 10, 0, 14.27%, 0, 0, 10, 20505.38, 52647536, 1041
2768, 9, 129, 643, 10, 0, 14.27%, 0, 0, 10, 25408.15, 52787958, 1041
2773, 9, 639, 643, 10, 0, 14.27%, 0, 0, 10, 16774.28, 52865621, 1041
2778, 9, 2, 643, 7, 0, 14.27%, 0, 0, 10, 25017.48, 52992208, 1041
2784, 9, 525, 643, 7, 0, 14.27%, 0, 0, 10, 11186.91, 53078777, 1041
2789, 9, 17, 643, 7, 0, 14.27%, 0, 0, 10, 21576.50, 53195758, 1041
2794, 9, 76, 643, 7, 0, 14.27%, 0, 0, 10, 23955.03, 53316974, 1041
2799, 9, 404, 643, 7, 0, 14.27%, 0, 0, 10, 22029.73, 53432169, 1041
2804, 9, 0, 643, 7, 0, 14.27%, 0, 0, 10, 21616.02, 53528658, 1041
2809, 9, 87, 643, 7, 0, 14.27%, 0, 0, 10, 23757.43, 53647187, 1041
2814, 9, 242, 643, 7, 0, 14.27%, 0, 0, 10, 21784.25, 53751264, 1041
2819, 9, 297, 643, 7, 0, 14.27%, 0, 0, 10, 21234.68, 53863912, 1041
2824, 9, 287, 643, 7, 0, 14.27%, 0, 0, 10, 13569.87, 53915448, 1041
2830, 9, 66, 643, 7, 0, 14.27%, 0, 0, 10, 19667.59, 54027970, 1041
2835, 9, 68, 643, 6, 0, 14.27%, 0, 0, 10, 15346.78, 54092113, 1041
2840, 9, 194, 643, 6, 0, 14.27%, 0, 0, 10, 18925.59, 54187883, 1041
2845, 9, 255, 643, 6, 0, 14.27%, 0, 0, 10, 15651.16, 54257324, 1041
2850, 9, 271, 643, 6, 0, 14.27%, 0, 0, 10, 17641.31, 54356869, 1041
2855, 9, 0, 643, 6, 0, 14.27%, 0, 0, 10, 14808.05, 54430126, 1041
2860, 9, 74, 643, 6, 0, 14.27%, 0, 0, 10, 17974.64, 54526164, 1041
2865, 9, 66, 643, 6, 0, 14.27%, 0, 0, 10, 19825.74, 54617049, 1041
2870, 9, 271, 643, 6, 0, 14.27%, 0, 0, 10, 18400.90, 54718715, 1041
2875, 9, 231, 643, 6, 0, 14.27%, 0, 0, 10, 19861.96, 54823563, 1041
2881, 9, 618, 643, 6, 0, 14.27%, 0, 0, 10, 18299.68, 54922535, 1041
2886, 9, 212, 643, 6, 0, 14.27%, 0, 0, 10, 20261.13, 55018896, 1041
2891, 9, 582, 643, 5, 0, 14.27%, 0, 0, 10, 13967.10, 55087705, 1041
2896, 9, 51, 643, 5, 0, 14.27%, 0, 0, 10, 14377.13, 55157620, 1041
2901, 9, 271, 643, 5, 0, 14.27%, 0, 0, 10, 16979.28, 55244960, 1041
2906, 9, 429, 643, 5, 0, 14.27%, 0, 0, 10, 20227.87, 55342407, 1041
2911, 9, 245, 643, 5, 0, 14.27%, 0, 0, 10, 14977.01, 55416785, 1041
2916, 9, 271, 643, 5, 0, 14.27%, 0, 0, 10, 13681.60, 55476918, 1041
2921, 9, 212, 643, 5, 0, 14.27%, 0, 0, 10, 17119.25, 55571678, 1041
2926, 9, 17, 643, 5, 0, 14.27%, 0, 0, 10, 19371.19, 55666029, 1041
2931, 9, 88, 643, 4, 0, 14.27%, 0, 0, 10, 18345.38, 55763949, 1041
2937, 9, 467, 643, 4, 0, 14.27%, 0, 0, 10, 23446.70, 55886213, 1041
2942, 9, 66, 643, 4, 0, 14.27%, 0, 0, 10, 17032.26, 55969955, 1041
2947, 9, 245, 643, 4, 0, 14.27%, 0, 0, 10, 19355.48, 56057716, 1041
2952, 9, 15, 643, 4, 0, 14.27%, 0, 0, 10, 13753.26, 56130975, 1041
2957, 9, 574, 643, 4, 0, 14.27%, 0, 0, 10, 21245.35, 56242814, 1041
2962, 9, 2, 643, 4, 0, 14.27%, 0, 0, 10, 21021.32, 56351996, 1041
2967, 9, 271, 643, 4, 0, 14.27%, 0, 0, 10, 19364.11, 56451722, 1041
2972, 9, 260, 643, 4, 0, 14.27%, 0, 0, 10, 17535.47, 56545745, 1041
2977, 9, 2, 643, 4, 0, 14.27%, 0, 0, 10, 21884.91, 56652267, 1041
2982, 9, 540, 643, 4, 0, 14.27%, 0, 0, 10, 18679.68, 56758414, 1041
2987, 9, 271, 643, 3, 0, 14.27%, 0, 0, 10, 23364.35, 56872519, 1041
2992, 9, 13, 643, 3, 0, 14.27%, 0, 0, 10, 18094.39, 56964822, 1041
2998, 10, 66, 644, 4, 0, 14.27%, 0, 0, 10, 23691.31, 57090718, 1041
3003, 10, 583, 644, 4, 0, 14.27%, 0, 0, 10, 15693.71, 57173253, 1041
3008, 10, 90, 644, 4, 0, 14.27%, 0, 0, 10, 23959.98, 57292087, 1041
3013, 10, 352, 644, 4, 0, 14.27%, 0, 0, 10, 13007.78, 57342085, 1041
3018, 10, 58, 644, 3, 0, 14.27%, 0, 0, 10, 18231.05, 57441540, 1041
3023, 10, 243, 644, 3, 0, 14.27%, 0, 0, 10, 13072.80, 57505643, 1041
3028, 10, 587, 644, 3, 0, 14.27%, 0, 0, 10, 20224.37, 57629802, 1041
3033, 10, 583, 644, 2, 0, 14.27%, 0, 0, 10, 17400.11, 57712968, 1041
3039, 10, 634, 644, 2, 0, 14.27%, 0, 0, 10, 19671.63, 57795133, 1041
3044, 10, 76, 644, 2, 0, 14.27%, 0, 0, 10, 19642.96, 57889989, 1041
3049, 10, 2, 644, 2, 0, 14.27%, 0, 0, 10, 24211.22, 58029264, 1041
3054, 10, 216, 644, 2, 0, 14.27%, 0, 0, 10, 22310.42, 58130085, 1041
3059, 10, 64, 644, 2, 0, 14.27%, 0, 0, 10, 25673.06, 58259957, 1041
3064, 10, 515, 644, 2, 0, 14.27%, 0, 0, 10, 20797.87, 58364623, 1041
3069, 10, 235, 644, 2, 0, 14.27%, 0, 0, 10, 23131.42, 58483334, 1041
3074, 10, 333, 644, 2, 0, 14.27%, 0, 0, 10, 19032.69, 58573027, 1041
3079, 10, 240, 644, 2, 0, 14.27%, 0, 0, 10, 23753.58, 58696999, 1041
3084, 10, 164, 644, 2, 0, 14.27%, 0, 0, 10, 17006.97, 58774910, 1041
3089, 10, 492, 644, 2, 0, 14.27%, 0, 0, 10, 15891.17, 58861804, 1041
3094, 10, 13, 644, 2, 0, 14.27%, 0, 0, 10, 19016.04, 58959964, 1041
3099, 10, 159, 644, 2, 0, 14.27%, 0, 0, 10, 23616.77, 59071457, 1041
3105, 10, 157, 644, 2, 0, 14.27%, 0, 0, 10, 18179.73, 59147156, 1041
3110, 10, 315, 644, 2, 0, 14.27%, 0, 0, 10, 20601.60, 59261422, 1041
3115, 10, 0, 644, 2, 0, 14.27%, 0, 0, 10, 16942.74, 59344951, 1041
3120, 10, 2, 644, 2, 0, 14.27%, 0, 0, 10, 22117.64, 59457834, 1041
3125, 10, 459, 644, 2, 0, 14.27%, 0, 0, 10, 23885.37, 59572433, 1041
3130, 10, 489, 644, 2, 0, 14.27%, 0, 0, 10, 26388.77, 59709086, 1041
3135, 10, 211, 644, 2, 0, 14.27%, 0, 0, 10, 25600.14, 59822267, 1041
3140, 10, 238, 644, 2, 0, 14.27%, 0, 0, 10, 23744.13, 59936728, 1041
3145, 10, 164, 644, 2, 0, 14.27%, 0, 0, 10, 13063.04, 59989483, 1041
3150, 10, 164, 644, 2, 0, 14.27%, 0, 0, 10, 21012.00, 60090896, 1041
3155, 10, 90, 644, 2, 0, 14.27%, 0, 0, 10, 18474.14, 60189347, 1041
3160, 10, 298, 644, 2, 0, 14.27%, 0, 0, 10, 17524.92, 60268383, 1041
3166, 10, 438, 644, 2, 0, 14.27%, 0, 0, 10, 22802.13, 60397844, 1041
3171, 10, 20, 644, 2, 0, 14.27%, 0, 0, 10, 22939.28, 60507245, 1041
3176, 10, 152, 644, 2, 0, 14.27%, 0, 0, 10, 17271.71, 60588395, 1041
3181, 10, 102, 644, 2, 0, 14.27%, 0, 0, 10, 18502.80, 60671544, 1041
3186, 10, 2, 644, 2, 0, 14.27%, 0, 0, 10, 18411.20, 60767330, 1041
3191, 10, 240, 644, 2, 0, 14.27%, 0, 0, 10, 19675.77, 60868146, 1041
3196, 10, 243, 644, 2, 0, 14.27%, 0, 0, 10, 18821.59, 60960696, 1041
3201, 10, 240, 644, 2, 0, 14.27%, 0, 0, 10, 27220.08, 61109063, 1041
3206, 10, 531, 644, 2, 0, 14.27%, 0, 0, 10, 15065.15, 61179873, 1041
3211, 10, 315, 644, 2, 0, 14.27%, 0, 0, 10, 22624.62, 61295508, 1041
3217, 10, 425, 644, 2, 0, 14.27%, 0, 0, 10, 15188.49, 61359962, 1041
3222, 10, 102, 644, 2, 0, 14.27%, 0, 0, 10, 22116.09, 61467590, 1041
3227, 10, 271, 644, 2, 0, 14.27%, 0, 0, 10, 20215.06, 61579430, 1041
3232, 10, 583, 644, 2, 0, 14.27%, 0, 0, 10, 17049.89, 61674440, 1041
3237, 10, 271, 644, 2, 0, 14.27%, 0, 0, 10, 20461.88, 61789930, 1041
3242, 10, 565, 644, 2, 0, 14.27%, 0, 0, 10, 21700.14, 61898838, 1041
3247, 10, 87, 644, 2, 0, 14.27%, 0, 0, 10, 20358.51, 62000098, 1041
3252, 10, 27, 644, 2, 0, 14.27%, 0, 0, 10, 20393.23, 62085931, 1041
3257, 10, 76, 644, 2, 0, 14.27%, 0, 0, 10, 18474.16, 62175761, 1041
3263, 10, 352, 644, 2, 0, 14.27%, 0, 0, 10, 19817.03, 62281279, 1041
3268, 11, 387, 646, 3, 0, 14.27%, 0, 0, 10, 14639.75, 62356606, 1041
3273, 11, 2, 646, 3, 0, 14.27%, 0, 0, 10, 14574.28, 62428344, 1041
3278, 11, 313, 646, 3, 0, 14.27%, 0, 0, 10, 8407.24, 62464053, 1041
3283, 11, 616, 646, 3, 0, 14.27%, 0, 0, 10, 16167.54, 62558653, 1041
3288, 11, 271, 646, 3, 0, 14.27%, 0, 0, 10, 17145.57, 62641613, 1041
3293, 11, 102, 646, 3, 0, 14.27%, 0, 0, 10, 25182.09, 62769846, 1041
3298, 11, 280, 646, 3, 0, 14.27%, 0, 0, 10, 20707.18, 62858305, 1041
3303, 11, 19, 646, 3, 0, 14.27%, 0, 0, 10, 23997.16, 62981629, 1041
3308, 11, 552, 646, 3, 0, 14.27%, 0, 0, 10, 22211.53, 63094376, 1041
3313, 11, 516, 646, 3, 0, 14.27%, 0, 0, 10, 25334.54, 63219951, 1041
3318, 11, 56, 646, 3, 0, 14.27%, 0, 0, 10, 24096.51, 63343528, 1041
3323, 11, 311, 646, 3, 0, 14.27%, 0, 0, 10, 26127.75, 63486554, 1041
3328, 11, 2, 646, 3, 0, 14.27%, 0, 0, 10, 25907.98, 63607742, 1041
3334, 11, 271, 646, 3, 0, 14.27%, 0, 0, 10, 24893.51, 63737872, 1041
3339, 11, 298, 646, 3, 0, 14.27%, 0, 0, 10, 22513.13, 63836015, 1041
3344, 11, 249, 646, 3, 0, 14.27%, 0, 0, 10, 24666.23, 63962834, 1041
3349, 11, 176, 646, 3, 0, 14.27%, 0, 0, 10, 25550.82, 64095141, 1041
3354, 11, 102, 646, 2, 0, 14.27%, 0, 0, 10, 24638.25, 64201261, 1041
3359, 11, 49, 646, 2, 0, 14.27%, 0, 0, 10, 23589.45, 64317249, 1041
3364, 11, 2, 646, 2, 0, 14.27%, 0, 0, 10, 25252.67, 64446125, 1041
3369, 11, 476, 646, 2, 0, 14.27%, 0, 0, 10, 23067.39, 64559582, 1041
3374, 11, 291, 646, 2, 0, 14.27%, 0, 0, 10, 26916.13, 64707310, 1041
3379, 11, 464, 646, 1, 0, 14.27%, 0, 0, 10, 23985.17, 64821434, 1041
3384, 11, 308, 646, 1, 0, 14.27%, 0, 0, 10, 22000.91, 64933483, 1041
3390, 11, 287, 646, 1, 0, 14.27%, 0, 0, 10, 23496.57, 65051483, 1041
3395, 11, 29, 646, 0, 0, 14.27%, 0, 0, 10, 21244.92, 65157086, 1041
3400, 11, 76, 646, 0, 0, 14.27%, 0, 0, 10, 21401.58, 65257007, 1041
3405, 11, 2, 646, 0, 0, 14.27%, 0, 0, 10, 27108.51, 65398531, 1041
3410, 11, 561, 646, 0, 0, 14.27%, 0, 0, 10, 26718.22, 65498112, 1041
3415, 11, 598, 646, 0, 0, 14.27%, 0, 0, 10, 20921.63, 65606766, 1041
3420, 11, 583, 646, 0, 0, 14.27%, 0, 0, 10, 24528.75, 65732370, 1041
3426, 11, 279, 646, 0, 0, 14.27%, 0, 0, 10, 21227.22, 65827945, 1041
3431, 11, 76, 646, 0, 0, 14.27%, 0, 0, 10, 27364.36, 65967762, 1041
3436, 11, 298, 646, 0, 0, 14.27%, 0, 0, 10, 21342.45, 66077809, 1041
3441, 11, 414, 646, 0, 0, 14.27%, 0, 0, 10, 26435.43, 66219058, 1041
3446, 11, 215, 646, 0, 0, 14.27%, 0, 0, 10, 24648.92, 66348451, 1041
3451, 11, 169, 646, 0, 0, 14.27%, 0, 0, 10, 24648.88, 66473477, 1041
3456, 11, 43, 646, 0, 0, 14.27%, 0, 0, 10, 20925.31, 66581624, 1041
3461, 11, 17, 646, 0, 0, 14.27%, 0, 0, 10, 22303.78, 66693255, 1041
3466, 11, 17, 646, 0, 0, 14.27%, 0, 0, 10, 26402.91, 66839229, 1041
3472, 11, 479, 646, 0, 0, 14.27%, 0, 0, 10, 26852.94, 66968178, 1041
3477, 11, 212, 646, 0, 0, 14.27%, 0, 0, 10, 24216.57, 67083889, 1041
3482, 11, 216, 646, 0, 0, 14.27%, 0, 0, 10, 24938.28, 67213324, 1041
3487, 11, 27, 646, 0, 0, 14.27%, 0, 0, 10, 21872.29, 67315641, 1041
3492, 11, 298, 646, 0, 0, 14.27%, 0, 0, 10, 26623.47, 67457227, 1041
3497, 11, 17, 646, 0, 0, 14.27%, 0, 0, 10, 22795.57, 67577458, 1041
3502, 12, 312, 648, 2, 0, 14.27%, 0, 0, 10, 18091.63, 67668461, 1041
3507, 12, 215, 648, 1, 0, 14.27%, 0, 0, 10, 19864.19, 67766936, 1041
3512, 12, 535, 648, 1, 0, 14.27%, 0, 0, 10, 23233.58, 67893396, 1041
3517, 12, 271, 648, 1, 0, 14.27%, 0, 0, 10, 21810.63, 67994652, 1041
3522, 12, 13, 648, 1, 0, 14.27%, 0, 0, 10, 23624.53, 68102885, 1041
3528, 12, 7, 648, 1, 0, 14.27%, 0, 0, 10, 26767.76, 68250460, 1041
3533, 12, 66, 648, 1, 0, 14.27%, 0, 0, 10, 25332.97, 68371270, 1041
3538, 12, 119, 648, 1, 0, 14.27%, 0, 0, 10, 22737.22, 68484675, 1041
3543, 12, 215, 648, 1, 0, 14.27%, 0, 0, 10, 22995.69, 68598267, 1041
3548, 12, 2, 648, 1, 0, 14.27%, 0, 0, 10, 21977.11, 68702163, 1041
3553, 12, 280, 648, 1, 0, 14.27%, 0, 0, 10, 26050.20, 68840966, 1041
3558, 12, 55, 648, 1, 0, 14.27%, 0, 0, 10, 24152.77, 68953158, 1041
3563, 12, 647, 648, 1, 0, 14.27%, 0, 0, 10, 22133.90, 69072253, 1041
3568, 12, 29, 648, 0, 0, 14.27%, 0, 0, 10, 24156.61, 69175914, 1041
3574, 12, 215, 648, 0, 0, 14.27%, 0, 0, 10, 24854.59, 69290359, 1041
3579, 12, 102, 648, 0, 0, 14.27%, 0, 0, 10, 20897.45, 69380608, 1041
3584, 12, 54, 648, 0, 0, 14.27%, 0, 0, 10, 25476.02, 69510570, 1041
3589, 12, 616, 648, 0, 0, 14.27%, 0, 0, 10, 22821.93, 69616363, 1041
3594, 12, 2, 648, 0, 0, 14.27%, 0, 0, 10, 26671.21, 69731831, 1041
3599, 12, 315, 648, 0, 0, 14.27%, 0, 0, 10, 23298.60, 69855630, 1041
3600, 12, 280, 648, 0, 0, 14.27%, 0, 0, 10, 22898.16, 69863725, 1041
