# relative_time, cycles_done, cur_item, corpus_count, pending_total, pending_favs, map_size, saved_crashes, saved_hangs, max_depth, execs_per_sec, total_execs, edges_found
61, 3, 0, 32, 7, 0, 4.88%, 0, 0, 2, 23558.07, 1319623, 206
66, 3, 0, 32, 7, 0, 4.88%, 0, 0, 2, 21786.76, 1431917, 206
71, 4, 0, 32, 5, 0, 4.88%, 0, 0, 2, 21914.13, 1544785, 206
76, 4, 0, 32, 5, 0, 4.88%, 0, 0, 2, 21521.09, 1658369, 206
81, 4, 25, 32, 4, 0, 4.88%, 0, 0, 2, 22351.80, 1767613, 206
86, 5, 0, 32, 2, 0, 4.88%, 0, 0, 2, 20126.59, 1868379, 206
91, 5, 0, 32, 1, 0, 4.88%, 0, 0, 2, 22244.41, 1982966, 206
96, 5, 14, 32, 1, 0, 4.88%, 0, 0, 2, 22445.68, 2098867, 206
101, 5, 30, 32, 1, 0, 4.88%, 0, 0, 2, 24391.95, 2222414, 206
106, 6, 0, 32, 1, 0, 4.88%, 0, 0, 2, 21630.81, 2332578, 206
111, 6, 0, 32, 1, 0, 4.88%, 0, 0, 2, 22903.68, 2446329, 206
116, 6, 0, 32, 0, 0, 4.88%, 0, 0, 2, 21639.24, 2555745, 206
121, 6, 0, 32, 0, 0, 4.88%, 0, 0, 2, 23092.73, 2671216, 206
126, 7, 17, 32, 0, 0, 4.88%, 0, 0, 2, 21749.18, 2781459, 206
131, 7, 0, 32, 0, 0, 4.88%, 0, 0, 2, 24544.63, 2905346, 206
136, 7, 0, 32, 0, 0, 4.88%, 0, 0, 2, 21889.96, 3016293, 206
141, 7, 0, 32, 0, 0, 4.88%, 0, 0, 2, 23239.25, 3133360, 206
147, 8, 0, 32, 0, 0, 4.88%, 0, 0, 2, 20226.57, 3234950, 206
152, 8, 0, 32, 0, 0, 4.88%, 0, 0, 2, 22951.87, 3357650, 206
157, 8, 15, 32, 0, 0, 4.88%, 0, 0, 2, 21765.67, 3469581, 206
162, 9, 0, 32, 0, 0, 4.88%, 0, 0, 2, 24191.17, 3596586, 206
167, 9, 0, 32, 0, 0, 4.88%, 0, 0, 2, 21502.59, 3701718, 206
172, 9, 17, 32, 0, 0, 4.88%, 0, 0, 2, 22941.19, 3820732, 206
177, 10, 17, 32, 0, 0, 4.88%, 0, 0, 2, 22083.49, 3930730, 206
182, 10, 0, 32, 0, 0, 4.88%, 0, 0, 2, 23186.16, 4051213, 206
188, 10, 0, 32, 0, 0, 4.88%, 0, 0, 2, 21814.03, 4164911, 206
193, 10, 0, 32, 0, 0, 4.88%, 0, 0, 2, 23998.34, 4287514, 206
198, 11, 0, 32, 0, 0, 4.88%, 0, 0, 2, 22393.30, 4396910, 206
203, 11, 0, 32, 0, 0, 4.88%, 0, 0, 2, 23251.86, 4516484, 206
208, 11, 0, 32, 0, 0, 4.88%, 0, 0, 2, 20939.58, 4615748, 206
213, 12, 17, 32, 0, 0, 4.88%, 0, 0, 2, 23394.53, 4741918, 206
218, 12, 0, 32, 0, 0, 4.88%, 0, 0, 2, 22271.73, 4851429, 206
223, 12, 0, 32, 0, 0, 4.88%, 0, 0, 2, 23348.15, 4974791, 206
228, 12, 0, 32, 0, 0, 4.88%, 0, 0, 2, 22660.15, 5083944, 206
233, 13, 0, 32, 0, 0, 4.88%, 0, 0, 2, 23784.02, 5205378, 206
238, 13, 14, 32, 0, 0, 4.88%, 0, 0, 2, 22706.94, 5314562, 206
243, 13, 0, 32, 0, 0, 4.88%, 0, 0, 2, 22607.07, 5434786, 206
248, 13, 0, 32, 0, 0, 4.88%, 0, 0, 2, 22915.43, 5546253, 206
253, 13, 0, 32, 0, 0, 4.88%, 0, 0, 2, 23929.89, 5666883, 206
259, 14, 14, 32, 0, 0, 4.88%, 0, 0, 2, 22160.16, 5774634, 206
264, 14, 0, 32, 0, 0, 4.88%, 0, 0, 2, 22133.89, 5892758, 206
269, 14, 17, 32, 0, 0, 4.88%, 0, 0, 2, 21398.74, 5997537, 206
274, 15, 27, 32, 0, 0, 4.88%, 0, 0, 2, 22246.30, 6114480, 206
279, 15, 0, 32, 0, 0, 4.88%, 0, 0, 2, 21221.10, 6215752, 206
284, 15, 0, 32, 0, 0, 4.88%, 0, 0, 2, 22397.45, 6333320, 206
289, 16, 0, 32, 0, 0, 4.88%, 0, 0, 2, 22144.05, 6442770, 206
294, 16, 17, 32, 0, 0, 4.88%, 0, 0, 2, 23159.19, 6563186, 206
299, 16, 0, 32, 0, 0, 4.88%, 0, 0, 2, 23140.56, 6677128, 206
304, 16, 0, 32, 0, 0, 4.88%, 0, 0, 2, 23193.93, 6796238, 206
309, 17, 0, 32, 0, 0, 4.88%, 0, 0, 2, 22734.35, 6906543, 206
314, 17, 0, 32, 0, 0, 4.88%, 0, 0, 2, 23052.60, 7025488, 206
319, 17, 0, 32, 0, 0, 4.88%, 0, 0, 2, 23841.29, 7145537, 206
324, 18, 0, 32, 0, 0, 4.88%, 0, 0, 2, 22324.63, 7261780, 206
329, 18, 0, 32, 0, 0, 4.88%, 0, 0, 2, 22343.84, 7372630, 206
335, 18, 0, 32, 0, 0, 4.88%, 0, 0, 2, 22299.12, 7491272, 206
340, 19, 0, 32, 0, 0, 4.88%, 0, 0, 2, 23026.85, 7605680, 206
345, 19, 27, 32, 0, 0, 4.88%, 0, 0, 2, 22063.50, 7724334, 206
350, 19, 0, 32, 0, 0, 4.88%, 0, 0, 2, 23415.85, 7840490, 206
355, 19, 0, 32, 0, 0, 4.88%, 0, 0, 2, 22410.75, 7957037, 206
360, 20, 0, 32, 0, 0, 4.88%, 0, 0, 2, 22246.66, 8072043, 206
365, 20, 0, 32, 0, 0, 4.88%, 0, 0, 2, 22770.57, 8190471, 206
370, 20, 0, 32, 0, 0, 4.88%, 0, 0, 2, 24147.83, 8316445, 206
375, 20, 14, 32, 0, 0, 4.88%, 0, 0, 2, 22508.57, 8429798, 206
380, 21, 14, 32, 0, 0, 4.88%, 0, 0, 2, 21880.39, 8538426, 206
385, 21, 14, 32, 0, 0, 4.88%, 0, 0, 2, 21024.54, 8646316, 206
390, 21, 0, 32, 0, 0, 4.88%, 0, 0, 2, 22846.04, 8761779, 206
395, 22, 17, 32, 0, 0, 4.88%, 0, 0, 2, 23321.92, 8882274, 206
401, 22, 0, 32, 0, 0, 4.88%, 0, 0, 2, 22792.05, 8995801, 206
406, 22, 0, 32, 0, 0, 4.88%, 0, 0, 2, 22065.83, 9109385, 206
411, 23, 0, 32, 0, 0, 4.88%, 0, 0, 2, 22264.09, 9227130, 206
416, 23, 0, 32, 0, 0, 4.88%, 0, 0, 2, 22220.75, 9341970, 206
421, 23, 0, 32, 0, 0, 4.88%, 0, 0, 2, 23645.47, 9461486, 206
426, 23, 23, 32, 0, 0, 4.88%, 0, 0, 2, 22054.33, 9573170, 206
431, 24, 0, 32, 0, 0, 4.88%, 0, 0, 2, 22642.62, 9686083, 206
436, 24, 0, 32, 0, 0, 4.88%, 0, 0, 2, 22336.81, 9802150, 206
441, 24, 0, 32, 0, 0, 4.88%, 0, 0, 2, 23998.34, 9923362, 206
446, 25, 0, 32, 0, 0, 4.88%, 0, 0, 2, 21790.39, 10035953, 206
451, 25, 0, 32, 0, 0, 4.88%, 0, 0, 2, 23490.91, 10155166, 206
456, 25, 24, 32, 0, 0, 4.88%, 0, 0, 2, 22420.91, 10273116, 206
462, 25, 18, 32, 0, 0, 4.88%, 0, 0, 2, 23125.32, 10393285, 206
467, 26, 0, 32, 0, 0, 4.88%, 0, 0, 2, 21637.97, 10503549, 206
472, 26, 27, 32, 0, 0, 4.88%, 0, 0, 2, 23085.10, 10626353, 206
477, 26, 0, 32, 0, 0, 4.88%, 0, 0, 2, 22345.31, 10739151, 206
482, 27, 17, 32, 0, 0, 4.88%, 0, 0, 2, 22686.57, 10850265, 206
487, 27, 0, 32, 0, 0, 4.88%, 0, 0, 2, 22005.49, 10966109, 206
492, 27, 17, 32, 0, 0, 4.88%, 0, 0, 2, 24399.06, 11092417, 206
497, 28, 0, 32, 0, 0, 4.88%, 0, 0, 2, 21740.99, 11199531, 206
502, 28, 0, 32, 0, 0, 4.88%, 0, 0, 2, 23534.55, 11321602, 206
507, 28, 0, 32, 0, 0, 4.88%, 0, 0, 2, 22620.46, 11431464, 206
512, 28, 0, 32, 0, 0, 4.88%, 0, 0, 2, 23854.20, 11554054, 206
517, 29, 0, 32, 0, 0, 4.88%, 0, 0, 2, 22821.88, 11666316, 206
522, 29, 0, 32, 0, 0, 4.88%, 0, 0, 2, 23697.97, 11786151, 206
527, 29, 0, 32, 0, 0, 4.88%, 0, 0, 2, 22287.96, 11896976, 206
533, 30, 17, 32, 0, 0, 4.88%, 0, 0, 2, 23800.14, 12016791, 206
538, 30, 15, 32, 0, 0, 4.88%, 0, 0, 2, 22083.27, 12125848, 206
543, 30, 0, 32, 0, 0, 4.88%, 0, 0, 2, 22565.84, 12239597, 206
548, 31, 14, 32, 0, 0, 4.88%, 0, 0, 2, 21657.67, 12347122, 206
553, 31, 27, 32, 0, 0, 4.88%, 0, 0, 2, 24311.73, 12473963, 206
558, 31, 0, 32, 0, 0, 4.88%, 0, 0, 2, 22450.89, 12583811, 206
563, 31, 0, 32, 0, 0, 4.88%, 0, 0, 2, 23892.15, 12706442, 206
568, 32, 17, 32, 0, 0, 4.88%, 0, 0, 2, 22096.71, 12813186, 206
573, 32, 0, 32, 0, 0, 4.88%, 0, 0, 2, 22829.23, 12929848, 206
578, 32, 0, 32, 0, 0, 4.88%, 0, 0, 2, 23401.76, 13049330, 206
583, 32, 0, 32, 0, 0, 4.88%, 0, 0, 2, 23939.21, 13171817, 206
588, 33, 17, 32, 0, 0, 4.88%, 0, 0, 2, 22845.38, 13283429, 206
593, 33, 17, 32, 0, 0, 4.88%, 0, 0, 2, 24225.87, 13405030, 206
599, 33, 0, 32, 0, 0, 4.88%, 0, 0, 2, 23282.71, 13521058, 206
604, 33, 0, 32, 0, 0, 4.88%, 0, 0, 2, 24137.12, 13644602, 206
609, 34, 0, 32, 0, 0, 4.88%, 0, 0, 2, 21910.51, 13748169, 206
614, 34, 0, 32, 0, 0, 4.88%, 0, 0, 2, 22592.93, 13863470, 206
619, 35, 0, 32, 0, 0, 4.88%, 0, 0, 2, 22655.97, 13976807, 206
624, 35, 0, 32, 0, 0, 4.88%, 0, 0, 2, 22193.46, 14091136, 206
629, 35, 0, 32, 0, 0, 4.88%, 0, 0, 2, 22443.05, 14205211, 206
634, 35, 0, 32, 0, 0, 4.88%, 0, 0, 2, 23261.20, 14325432, 206
639, 36, 17, 32, 0, 0, 4.88%, 0, 0, 2, 23979.31, 14447879, 206
644, 36, 0, 32, 0, 0, 4.88%, 0, 0, 2, 22837.02, 14565162, 206
649, 36, 14, 32, 0, 0, 4.88%, 0, 0, 2, 22133.68, 14672851, 206
654, 37, 0, 32, 0, 0, 4.88%, 0, 0, 2, 22100.69, 14784150, 206
660, 37, 17, 32, 0, 0, 4.88%, 0, 0, 2, 22491.61, 14899027, 206
665, 37, 0, 32, 0, 0, 4.88%, 0, 0, 2, 22252.51, 15018353, 206
670, 37, 0, 32, 0, 0, 4.88%, 0, 0, 2, 23495.42, 15139291, 206
675, 38, 0, 32, 0, 0, 4.88%, 0, 0, 2, 22788.31, 15256271, 206
680, 38, 0, 32, 0, 0, 4.88%, 0, 0, 2, 23682.01, 15378988, 206
685, 38, 17, 32, 0, 0, 4.88%, 0, 0, 2, 21487.45, 15488811, 206
690, 38, 0, 32, 0, 0, 4.88%, 0, 0, 2, 22969.55, 15607598, 206
695, 39, 14, 32, 0, 0, 4.88%, 0, 0, 2, 21512.65, 15716440, 206
700, 39, 0, 32, 0, 0, 4.88%, 0, 0, 2, 23715.20, 15835714, 206
706, 39, 0, 32, 0, 0, 4.88%, 0, 0, 2, 22026.34, 15947487, 206
711, 40, 0, 32, 0, 0, 4.88%, 0, 0, 2, 22538.50, 16058880, 206
716, 40, 0, 32, 0, 0, 4.88%, 0, 0, 2, 22074.01, 16172255, 206
721, 40, 0, 32, 0, 0, 4.88%, 0, 0, 2, 24078.65, 16293661, 206
726, 40, 14, 32, 0, 0, 4.88%, 0, 0, 2, 22154.96, 16406639, 206
731, 41, 0, 32, 0, 0, 4.88%, 0, 0, 2, 23485.23, 16522676, 206
736, 41, 0, 32, 0, 0, 4.88%, 0, 0, 2, 22026.62, 16636229, 206
741, 41, 0, 32, 0, 0, 4.88%, 0, 0, 2, 23800.90, 16759558, 206
746, 41, 0, 32, 0, 0, 4.88%, 0, 0, 2, 20532.81, 16862520, 206
751, 41, 0, 32, 0, 0, 4.88%, 0, 0, 2, 22962.56, 16975902, 206
756, 42, 0, 32, 0, 0, 4.88%, 0, 0, 2, 22034.01, 17090294, 206
761, 42, 15, 32, 0, 0, 4.88%, 0, 0, 2, 23621.47, 17211879, 206
766, 42, 0, 32, 0, 0, 4.88%, 0, 0, 2, 22580.28, 17327007, 206
771, 42, 28, 32, 0, 0, 4.88%, 0, 0, 2, 23985.48, 17452695, 206
776, 43, 0, 32, 0, 0, 4.88%, 0, 0, 2, 21682.42, 17562508, 206
781, 43, 0, 32, 0, 0, 4.88%, 0, 0, 2, 23742.21, 17685152, 206
786, 43, 0, 32, 0, 0, 4.88%, 0, 0, 2, 20725.15, 17786645, 206
791, 44, 0, 32, 0, 0, 4.88%, 0, 0, 2, 22746.02, 17904983, 206
797, 44, 0, 32, 0, 0, 4.88%, 0, 0, 2, 21501.43, 18012031, 206
802, 44, 0, 32, 0, 0, 4.88%, 0, 0, 2, 23209.58, 18135055, 206
807, 44, 0, 32, 0, 0, 4.88%, 0, 0, 2, 21718.43, 18242999, 206
812, 45, 0, 32, 0, 0, 4.88%, 0, 0, 2, 23834.70, 18365460, 206
817, 45, 0, 32, 0, 0, 4.88%, 0, 0, 2, 22453.36, 18483358, 206
822, 45, 15, 32, 0, 0, 4.88%, 0, 0, 2, 23338.33, 18603291, 206
827, 45, 0, 32, 0, 0, 4.88%, 0, 0, 2, 21988.46, 18710018, 206
832, 46, 0, 32, 0, 0, 4.88%, 0, 0, 2, 23832.96, 18835357, 206
837, 46, 0, 32, 0, 0, 4.88%, 0, 0, 2, 22198.36, 18945589, 206
842, 46, 0, 32, 0, 0, 4.88%, 0, 0, 2, 23259.52, 19064196, 206
847, 46, 17, 32, 0, 0, 4.88%, 0, 0, 2, 22052.85, 19172013, 206
853, 47, 0, 32, 0, 0, 4.88%, 0, 0, 2, 23930.52, 19297075, 206
858, 47, 17, 32, 0, 0, 4.88%, 0, 0, 2, 22244.29, 19405200, 206
863, 47, 15, 32, 0, 0, 4.88%, 0, 0, 2, 22738.48, 19525276, 206
868, 48, 0, 32, 0, 0, 4.88%, 0, 0, 2, 22094.71, 19629680, 206
873, 48, 0, 32, 0, 0, 4.88%, 0, 0, 2, 22118.27, 19743165, 206
878, 48, 17, 32, 0, 0, 4.88%, 0, 0, 2, 21730.41, 19852070, 206
883, 49, 0, 32, 0, 0, 4.88%, 0, 0, 2, 23085.51, 19971743, 206
888, 49, 14, 32, 0, 0, 4.88%, 0, 0, 2, 22282.88, 20080454, 206
894, 50, 0, 32, 0, 0, 4.88%, 0, 0, 2, 23230.08, 20199253, 206
899, 50, 0, 32, 0, 0, 4.88%, 0, 0, 2, 22254.24, 20307479, 206
904, 50, 0, 32, 0, 0, 4.88%, 0, 0, 2, 23707.79, 20432982, 206
909, 50, 0, 32, 0, 0, 4.88%, 0, 0, 2, 22952.14, 20543411, 206
914, 51, 0, 32, 0, 0, 4.88%, 0, 0, 2, 23246.44, 20667619, 206
919, 51, 0, 32, 0, 0, 4.88%, 0, 0, 2, 23094.03, 20783775, 206
924, 51, 17, 32, 0, 0, 4.88%, 0, 0, 2, 22177.42, 20903842, 206
929, 52, 19, 32, 0, 0, 4.88%, 0, 0, 2, 22178.29, 21012215, 206
934, 52, 0, 32, 0, 0, 4.88%, 0, 0, 2, 23016.14, 21129846, 206
940, 52, 0, 32, 0, 0, 4.88%, 0, 0, 2, 23808.13, 21251746, 206
945, 52, 0, 32, 0, 0, 4.88%, 0, 0, 2, 22677.34, 21366525, 206
950, 53, 15, 32, 0, 0, 4.88%, 0, 0, 2, 21895.12, 21475151, 206
955, 53, 0, 32, 0, 0, 4.88%, 0, 0, 2, 22355.33, 21590956, 206
960, 53, 0, 32, 0, 0, 4.88%, 0, 0, 2, 23500.00, 21710310, 206
965, 53, 0, 32, 0, 0, 4.88%, 0, 0, 2, 21512.97, 21820421, 206
970, 54, 0, 32, 0, 0, 4.88%, 0, 0, 2, 22693.74, 21933817, 206
975, 54, 28, 32, 0, 0, 4.88%, 0, 0, 2, 22503.88, 22048048, 206
980, 54, 28, 32, 0, 0, 4.88%, 0, 0, 2, 23510.99, 22167948, 206
985, 54, 0, 32, 0, 0, 4.88%, 0, 0, 2, 21540.58, 22278206, 206
990, 55, 0, 32, 0, 0, 4.88%, 0, 0, 2, 22477.02, 22392712, 206
995, 55, 15, 32, 0, 0, 4.88%, 0, 0, 2, 21596.08, 22505684, 206
1001, 55, 0, 32, 0, 0, 4.88%, 0, 0, 2, 22875.39, 22621352, 206
1006, 56, 0, 32, 0, 0, 4.88%, 0, 0, 2, 21875.86, 22735294, 206
1011, 56, 0, 32, 0, 0, 4.88%, 0, 0, 2, 22702.72, 22850253, 206
1016, 56, 17, 32, 0, 0, 4.88%, 0, 0, 2, 22349.31, 22967122, 206
1021, 56, 0, 32, 0, 0, 4.88%, 0, 0, 2, 22673.37, 23081350, 206
1026, 57, 0, 32, 0, 0, 4.88%, 0, 0, 2, 21981.30, 23196300, 206
1031, 57, 0, 32, 0, 0, 4.88%, 0, 0, 2, 24278.48, 23318957, 206
1036, 57, 0, 32, 0, 0, 4.88%, 0, 0, 2, 22484.04, 23436732, 206
1041, 57, 0, 32, 0, 0, 4.88%, 0, 0, 2, 23945.85, 23561660, 206
1046, 58, 0, 32, 0, 0, 4.88%, 0, 0, 2, 21350.62, 23670005, 206
1051, 58, 0, 32, 0, 0, 4.88%, 0, 0, 2, 24178.18, 23792603, 206
1056, 58, 0, 32, 0, 0, 4.88%, 0, 0, 2, 21978.81, 23903852, 206
1061, 58, 0, 32, 0, 0, 4.88%, 0, 0, 2, 22663.79, 24015141, 206
1066, 58, 0, 32, 0, 0, 4.88%, 0, 0, 2, 21380.01, 24127739, 206
1072, 59, 0, 32, 0, 0, 4.88%, 0, 0, 2, 23345.43, 24249650, 206
1077, 59, 15, 32, 0, 0, 4.88%, 0, 0, 2, 21504.08, 24358189, 206
1082, 59, 0, 32, 0, 0, 4.88%, 0, 0, 2, 23352.01, 24474610, 206
1087, 60, 0, 32, 0, 0, 4.88%, 0, 0, 2, 21961.78, 24586719, 206
1092, 60, 0, 32, 0, 0, 4.88%, 0, 0, 2, 23594.55, 24706883, 206
1097, 60, 0, 32, 0, 0, 4.88%, 0, 0, 2, 21536.78, 24814021, 206
1102, 60, 15, 32, 0, 0, 4.88%, 0, 0, 2, 24028.28, 24937614, 206
1107, 61, 24, 32, 0, 0, 4.88%, 0, 0, 2, 21767.75, 25044501, 206
1112, 61, 17, 32, 0, 0, 4.88%, 0, 0, 2, 23447.19, 25166616, 206
1117, 61, 15, 32, 0, 0, 4.88%, 0, 0, 2, 21109.52, 25271019, 206
1122, 62, 0, 32, 0, 0, 4.88%, 0, 0, 2, 22561.74, 25385041, 206
1127, 62, 0, 32, 0, 0, 4.88%, 0, 0, 2, 22615.40, 25500858, 206
1132, 62, 0, 32, 0, 0, 4.88%, 0, 0, 2, 24018.51, 25627143, 206
1137, 62, 0, 32, 0, 0, 4.88%, 0, 0, 2, 22947.89, 25740471, 206
1142, 63, 14, 32, 0, 0, 4.88%, 0, 0, 2, 24745.84, 25865328, 206
1147, 63, 0, 32, 0, 0, 4.88%, 0, 0, 2, 21614.27, 25969840, 206
1152, 63, 0, 32, 0, 0, 4.88%, 0, 0, 2, 23534.90, 26091495, 206
1158, 64, 0, 32, 0, 0, 4.88%, 0, 0, 2, 23023.12, 26203475, 206
1163, 64, 0, 32, 0, 0, 4.88%, 0, 0, 2, 23759.78, 26321429, 206
1168, 64, 0, 32, 0, 0, 4.88%, 0, 0, 2, 21090.94, 26422856, 206
1173, 64, 0, 32, 0, 0, 4.88%, 0, 0, 2, 23996.82, 26549906, 206
1178, 65, 0, 32, 0, 0, 4.88%, 0, 0, 2, 22435.41, 26659937, 206
1183, 65, 0, 32, 0, 0, 4.88%, 0, 0, 2, 23544.10, 26779835, 206
1188, 65, 0, 32, 0, 0, 4.88%, 0, 0, 2, 21672.43, 26885456, 206
1193, 65, 0, 32, 0, 0, 4.88%, 0, 0, 2, 24176.44, 27013681, 206
1198, 66, 0, 32, 0, 0, 4.88%, 0, 0, 2, 22358.45, 27121869, 206
1203, 66, 0, 32, 0, 0, 4.88%, 0, 0, 2, 24407.51, 27249761, 206
1208, 66, 0, 32, 0, 0, 4.88%, 0, 0, 2, 22693.29, 27358447, 206
1213, 66, 5, 32, 0, 0, 4.88%, 0, 0, 2, 24439.65, 27482986, 206
1218, 67, 0, 32, 0, 0, 4.88%, 0, 0, 2, 20887.39, 27581885, 206
1223, 67, 0, 32, 0, 0, 4.88%, 0, 0, 2, 21420.12, 27693216, 206
1229, 67, 27, 32, 0, 0, 4.88%, 0, 0, 2, 22182.71, 27803905, 206
1234, 68, 0, 32, 0, 0, 4.88%, 0, 0, 2, 22132.73, 27915805, 206
1239, 68, 11, 32, 0, 0, 4.88%, 0, 0, 2, 22401.52, 28027950, 206
1244, 68, 0, 32, 0, 0, 4.88%, 0, 0, 2, 23499.26, 28145272, 206
1249, 69, 0, 32, 0, 0, 4.88%, 0, 0, 2, 22723.93, 28258161, 206
1254, 69, 0, 32, 0, 0, 4.88%, 0, 0, 2, 22138.43, 28371550, 206
1259, 69, 0, 32, 0, 0, 4.88%, 0, 0, 2, 21498.62, 28475622, 206
1264, 69, 0, 32, 0, 0, 4.88%, 0, 0, 2, 23061.91, 28599535, 206
1269, 70, 0, 32, 0, 0, 4.88%, 0, 0, 2, 23661.78, 28715873, 206
1274, 70, 0, 32, 0, 0, 4.88%, 0, 0, 2, 23336.37, 28834608, 206
1279, 70, 0, 32, 0, 0, 4.88%, 0, 0, 2, 23226.93, 28948168, 206
1284, 71, 0, 32, 0, 0, 4.88%, 0, 0, 2, 21418.00, 29057323, 206
1290, 71, 0, 32, 0, 0, 4.88%, 0, 0, 2, 21957.18, 29170065, 206
1295, 71, 0, 32, 0, 0, 4.88%, 0, 0, 2, 22580.98, 29287627, 206
1300, 71, 0, 32, 0, 0, 4.88%, 0, 0, 2, 23428.42, 29402328, 206
1305, 72, 0, 32, 0, 0, 4.88%, 0, 0, 2, 22325.32, 29516721, 206
1310, 72, 17, 32, 0, 0, 4.88%, 0, 0, 2, 23050.89, 29637735, 206
1315, 72, 0, 32, 0, 0, 4.88%, 0, 0, 2, 22268.31, 29753725, 206
1320, 72, 15, 32, 0, 0, 4.88%, 0, 0, 2, 22927.50, 29867181, 206
1325, 73, 0, 32, 0, 0, 4.88%, 0, 0, 2, 23097.96, 29990394, 206
1330, 73, 28, 32, 0, 0, 4.88%, 0, 0, 2, 22535.36, 30102349, 206
1335, 73, 0, 32, 0, 0, 4.88%, 0, 0, 2, 22659.45, 30221923, 206
1340, 74, 17, 32, 0, 0, 4.88%, 0, 0, 2, 23489.16, 30338197, 206
1345, 74, 5, 32, 0, 0, 4.88%, 0, 0, 2, 21978.66, 30449634, 206
1350, 74, 0, 32, 0, 0, 4.88%, 0, 0, 2, 23379.85, 30566115, 206
1355, 75, 17, 32, 0, 0, 4.88%, 0, 0, 2, 22629.85, 30683937, 206
1361, 75, 0, 32, 0, 0, 4.88%, 0, 0, 2, 22890.08, 30802775, 206
1366, 75, 0, 32, 0, 0, 4.88%, 0, 0, 2, 22517.21, 30919207, 206
1371, 75, 0, 32, 0, 0, 4.88%, 0, 0, 2, 22923.44, 31032118, 206
1376, 76, 0, 32, 0, 0, 4.88%, 0, 0, 2, 22633.77, 31149401, 206
1381, 76, 0, 32, 0, 0, 4.88%, 0, 0, 2, 23485.77, 31268577, 206
1386, 76, 0, 32, 0, 0, 4.88%, 0, 0, 2, 22553.55, 31384893, 206
1391, 76, 24, 32, 0, 0, 4.88%, 0, 0, 2, 23345.93, 31500860, 206
1396, 77, 14, 32, 0, 0, 4.88%, 0, 0, 2, 22773.61, 31618638, 206
1401, 77, 17, 32, 0, 0, 4.88%, 0, 0, 2, 22318.92, 31730360, 206
1406, 77, 0, 32, 0, 0, 4.88%, 0, 0, 2, 20531.28, 31834780, 206
1411, 77, 0, 32, 0, 0, 4.88%, 0, 0, 2, 22611.06, 31950810, 206
1416, 78, 24, 32, 0, 0, 4.88%, 0, 0, 2, 22735.62, 32069001, 206
1421, 78, 14, 32, 0, 0, 4.88%, 0, 0, 2, 23800.89, 32186797, 206
1426, 78, 0, 32, 0, 0, 4.88%, 0, 0, 2, 22159.75, 32300194, 206
1431, 79, 0, 32, 0, 0, 4.88%, 0, 0, 2, 22848.97, 32419239, 206
1436, 79, 0, 32, 0, 0, 4.88%, 0, 0, 2, 21208.97, 32530250, 206
1442, 79, 0, 32, 0, 0, 4.88%, 0, 0, 2, 23909.84, 32654735, 206
1447, 80, 0, 32, 0, 0, 4.88%, 0, 0, 2, 21411.73, 32762235, 206
1452, 80, 0, 32, 0, 0, 4.88%, 0, 0, 2, 24518.78, 32889050, 206
1457, 80, 0, 32, 0, 0, 4.88%, 0, 0, 2, 21480.72, 32998895, 206
1462, 81, 15, 32, 0, 0, 4.88%, 0, 0, 2, 23552.07, 33122318, 206
1467, 81, 17, 32, 0, 0, 4.88%, 0, 0, 2, 21154.70, 33224712, 206
1472, 82, 0, 32, 0, 0, 4.88%, 0, 0, 2, 22455.47, 33344463, 206
1477, 82, 26, 32, 0, 0, 4.88%, 0, 0, 2, 22208.23, 33455194, 206
1482, 82, 14, 32, 0, 0, 4.88%, 0, 0, 2, 23855.95, 33578445, 206
1487, 83, 5, 32, 0, 0, 4.88%, 0, 0, 2, 21771.17, 33686203, 206
1492, 83, 0, 32, 0, 0, 4.88%, 0, 0, 2, 24134.15, 33808198, 206
1497, 83, 15, 32, 0, 0, 4.88%, 0, 0, 2, 23573.50, 33924450, 206
1502, 83, 0, 32, 0, 0, 4.88%, 0, 0, 2, 23766.67, 34044386, 206
1507, 84, 0, 32, 0, 0, 4.88%, 0, 0, 2, 21741.62, 34148344, 206
1512, 84, 0, 32, 0, 0, 4.88%, 0, 0, 2, 24785.32, 34275930, 206
1517, 84, 0, 32, 0, 0, 4.88%, 0, 0, 2, 23248.19, 34390052, 206
1523, 85, 0, 32, 0, 0, 4.88%, 0, 0, 2, 24541.91, 34513662, 206
1528, 85, 0, 32, 0, 0, 4.88%, 0, 0, 2, 22355.68, 34621072, 206
1533, 85, 0, 32, 0, 0, 4.88%, 0, 0, 2, 23174.94, 34744183, 206
1538, 86, 0, 32, 0, 0, 4.88%, 0, 0, 2, 22692.27, 34856399, 206
1543, 86, 0, 32, 0, 0, 4.88%, 0, 0, 2, 23930.17, 34980705, 206
1548, 86, 15, 32, 0, 0, 4.88%, 0, 0, 2, 22781.42, 35094784, 206
1553, 87, 17, 32, 0, 0, 4.88%, 0, 0, 2, 24348.65, 35220869, 206
1558, 87, 0, 32, 0, 0, 4.88%, 0, 0, 2, 22910.23, 35334624, 206
1563, 87, 0, 32, 0, 0, 4.88%, 0, 0, 2, 25024.31, 35464057, 206
1568, 88, 0, 32, 0, 0, 4.88%, 0, 0, 2, 22190.83, 35569107, 206
1574, 88, 0, 32, 0, 0, 4.88%, 0, 0, 2, 25450.28, 35704113, 206
1579, 88, 14, 32, 0, 0, 4.88%, 0, 0, 2, 24754.15, 35820765, 206
1584, 89, 0, 32, 0, 0, 4.88%, 0, 0, 2, 22907.11, 35936863, 206
1589, 89, 19, 32, 0, 0, 4.88%, 0, 0, 2, 22152.20, 36043293, 206
1594, 89, 0, 32, 0, 0, 4.88%, 0, 0, 2, 23146.91, 36161691, 206
1599, 90, 0, 32, 0, 0, 4.88%, 0, 0, 2, 22802.44, 36274421, 206
1604, 90, 0, 32, 0, 0, 4.88%, 0, 0, 2, 23482.50, 36396316, 206
1609, 90, 27, 32, 0, 0, 4.88%, 0, 0, 2, 22945.59, 36507029, 206
1614, 90, 0, 32, 0, 0, 4.88%, 0, 0, 2, 24641.70, 36634832, 206
1619, 91, 0, 32, 0, 0, 4.88%, 0, 0, 2, 24121.91, 36751627, 206
1624, 91, 0, 32, 0, 0, 4.88%, 0, 0, 2, 24591.85, 36877801, 206
1629, 91, 0, 32, 0, 0, 4.88%, 0, 0, 2, 24244.29, 36995787, 206
1634, 92, 15, 32, 0, 0, 4.88%, 0, 0, 2, 24390.10, 37119564, 206
1639, 92, 0, 32, 0, 0, 4.88%, 0, 0, 2, 23653.76, 37239127, 206
1644, 92, 0, 32, 0, 0, 4.88%, 0, 0, 2, 22428.56, 37356942, 206
1649, 92, 14, 32, 0, 0, 4.88%, 0, 0, 2, 22219.59, 37466688, 206
1655, 93, 0, 32, 0, 0, 4.88%, 0, 0, 2, 22773.27, 37589259, 206
1660, 93, 0, 32, 0, 0, 4.88%, 0, 0, 2, 23356.89, 37705568, 206
1665, 93, 0, 32, 0, 0, 4.88%, 0, 0, 2, 22424.55, 37820748, 206
1670, 94, 14, 32, 0, 0, 4.88%, 0, 0, 2, 22154.40, 37929421, 206
1675, 94, 15, 32, 0, 0, 4.88%, 0, 0, 2, 22510.43, 38045136, 206
1680, 94, 0, 32, 0, 0, 4.88%, 0, 0, 2, 24158.69, 38163773, 206
1685, 95, 0, 32, 0, 0, 4.88%, 0, 0, 2, 21946.68, 38277896, 206
1690, 95, 15, 32, 0, 0, 4.88%, 0, 0, 2, 23895.64, 38400905, 206
1695, 95, 0, 32, 0, 0, 4.88%, 0, 0, 2, 22908.55, 38517443, 206
1700, 95, 5, 32, 0, 0, 4.88%, 0, 0, 2, 24277.78, 38637463, 206
1705, 96, 14, 32, 0, 0, 4.88%, 0, 0, 2, 22102.37, 38755273, 206
1710, 96, 0, 32, 0, 0, 4.88%, 0, 0, 2, 24397.21, 38879244, 206
1715, 96, 0, 32, 0, 0, 4.88%, 0, 0, 2, 22662.90, 38995540, 206
1721, 97, 17, 32, 0, 0, 4.88%, 0, 0, 2, 23609.73, 39112026, 206
1726, 97, 0, 32, 0, 0, 4.88%, 0, 0, 2, 22457.92, 39225683, 206
1731, 97, 17, 32, 0, 0, 4.88%, 0, 0, 2, 23562.76, 39349987, 206
1736, 97, 0, 32, 0, 0, 4.88%, 0, 0, 2, 22637.37, 39465464, 206
1741, 97, 0, 32, 0, 0, 4.88%, 0, 0, 2, 24598.45, 39588560, 206
1746, 98, 0, 32, 0, 0, 4.88%, 0, 0, 2, 22228.73, 39704834, 206
1751, 98, 14, 32, 0, 0, 4.88%, 0, 0, 2, 24821.10, 39834876, 206
1756, 98, 0, 32, 0, 0, 4.88%, 0, 0, 2, 22069.44, 39948082, 206
1761, 99, 0, 32, 0, 0, 4.88%, 0, 0, 2, 22692.46, 40066362, 206
1766, 99, 0, 32, 0, 0, 4.88%, 0, 0, 2, 20843.99, 40171466, 206
1772, 99, 3, 32, 0, 0, 4.88%, 0, 0, 2, 25020.67, 40302717, 206
1777, 99, 0, 32, 0, 0, 4.88%, 0, 0, 2, 22312.68, 40412125, 206
1782, 100, 15, 32, 0, 0, 4.88%, 0, 0, 2, 25438.45, 40548414, 206
1787, 100, 27, 32, 0, 0, 4.88%, 0, 0, 2, 22674.24, 40661797, 206
1792, 100, 0, 32, 0, 0, 4.88%, 0, 0, 2, 24110.90, 40782124, 206
1797, 101, 28, 32, 0, 0, 4.88%, 0, 0, 2, 22682.72, 40896627, 206
1802, 101, 0, 32, 0, 0, 4.88%, 0, 0, 2, 23180.25, 41018599, 206
1807, 101, 29, 32, 0, 0, 4.88%, 0, 0, 2, 22825.57, 41130076, 206
1812, 101, 0, 32, 0, 0, 4.88%, 0, 0, 2, 25929.32, 41265906, 206
1817, 102, 0, 32, 0, 0, 4.88%, 0, 0, 2, 23029.24, 41377091, 206
1823, 102, 0, 32, 0, 0, 4.88%, 0, 0, 2, 25776.25, 41513559, 206
1828, 102, 0, 32, 0, 0, 4.88%, 0, 0, 2, 21252.71, 41613148, 206
1833, 103, 17, 32, 0, 0, 4.88%, 0, 0, 2, 23200.63, 41737890, 206
1838, 103, 24, 32, 0, 0, 4.88%, 0, 0, 2, 22445.80, 41846510, 206
1843, 103, 14, 32, 0, 0, 4.88%, 0, 0, 2, 23457.20, 41969840, 206
1848, 104, 0, 32, 0, 0, 4.88%, 0, 0, 2, 22858.77, 42079137, 206
1853, 104, 0, 32, 0, 0, 4.88%, 0, 0, 2, 24246.68, 42209263, 206
1858, 104, 17, 32, 0, 0, 4.88%, 0, 0, 2, 24562.16, 42329832, 206
1863, 104, 0, 32, 0, 0, 4.88%, 0, 0, 2, 23962.56, 42459669, 206
1868, 105, 0, 32, 0, 0, 4.88%, 0, 0, 2, 22979.63, 42570495, 206
1873, 105, 17, 32, 0, 0, 4.88%, 0, 0, 2, 25221.16, 42699430, 206
1879, 105, 0, 32, 0, 0, 4.88%, 0, 0, 2, 23357.86, 42810302, 206
1884, 106, 0, 32, 0, 0, 4.88%, 0, 0, 2, 24177.11, 42941707, 206
1889, 106, 17, 32, 0, 0, 4.88%, 0, 0, 2, 23118.67, 43051262, 206
1894, 106, 0, 32, 0, 0, 4.88%, 0, 0, 2, 25317.88, 43185741, 206
1899, 106, 0, 32, 0, 0, 4.88%, 0, 0, 2, 23748.16, 43298794, 206
1904, 107, 26, 32, 0, 0, 4.88%, 0, 0, 2, 24180.27, 43422994, 206
1909, 107, 0, 32, 0, 0, 4.88%, 0, 0, 2, 23422.25, 43535215, 206
1914, 107, 0, 32, 0, 0, 4.88%, 0, 0, 2, 23971.49, 43667218, 206
1919, 108, 0, 32, 0, 0, 4.88%, 0, 0, 2, 23031.05, 43782033, 206
1925, 108, 15, 32, 0, 0, 4.88%, 0, 0, 2, 22613.02, 43901808, 206
1930, 108, 0, 32, 0, 0, 4.88%, 0, 0, 2, 22355.33, 44009871, 206
1935, 109, 0, 32, 0, 0, 4.88%, 0, 0, 2, 21853.32, 44122724, 206
1940, 109, 27, 32, 0, 0, 4.88%, 0, 0, 2, 24252.38, 44242898, 206
1945, 109, 11, 32, 0, 0, 4.88%, 0, 0, 2, 21338.22, 44351395, 206
1950, 110, 0, 32, 0, 0, 4.88%, 0, 0, 2, 23125.59, 44470082, 206
1955, 110, 0, 32, 0, 0, 4.88%, 0, 0, 2, 22816.22, 44585254, 206
1960, 110, 17, 32, 0, 0, 4.88%, 0, 0, 2, 23054.86, 44699732, 206
1965, 111, 14, 32, 0, 0, 4.88%, 0, 0, 2, 22362.96, 44817714, 206
1970, 111, 0, 32, 0, 0, 4.88%, 0, 0, 2, 24233.72, 44937761, 206
1975, 111, 0, 32, 0, 0, 4.88%, 0, 0, 2, 23056.67, 45057441, 206
1980, 112, 0, 32, 0, 0, 4.88%, 0, 0, 2, 23071.22, 45173943, 206
1985, 112, 27, 32, 0, 0, 4.88%, 0, 0, 2, 21622.94, 45285413, 206
1991, 112, 0, 32, 0, 0, 4.88%, 0, 0, 2, 25010.38, 45411995, 206
1996, 112, 0, 32, 0, 0, 4.88%, 0, 0, 2, 21822.69, 45525425, 206
2001, 113, 17, 32, 0, 0, 4.88%, 0, 0, 2, 24080.39, 45653123, 206
2006, 113, 0, 32, 0, 0, 4.88%, 0, 0, 2, 21176.61, 45757769, 206
2011, 113, 0, 32, 0, 0, 4.88%, 0, 0, 2, 23328.50, 45875038, 206
2016, 114, 0, 32, 0, 0, 4.88%, 0, 0, 2, 22128.23, 45988876, 206
2021, 114, 0, 32, 0, 0, 4.88%, 0, 0, 2, 24182.55, 46109188, 206
2026, 114, 0, 32, 0, 0, 4.88%, 0, 0, 2, 21834.20, 46221716, 206
2031, 114, 0, 32, 0, 0, 4.88%, 0, 0, 2, 22962.64, 46337274, 206
2036, 115, 0, 32, 0, 0, 4.88%, 0, 0, 2, 22766.79, 46453739, 206
2041, 115, 0, 32, 0, 0, 4.88%, 0, 0, 2, 24466.69, 46576095, 206
2046, 115, 0, 32, 0, 0, 4.88%, 0, 0, 2, 21558.24, 46684070, 206
2051, 116, 0, 32, 0, 0, 4.88%, 0, 0, 2, 24720.00, 46809865, 206
2056, 116, 0, 32, 0, 0, 4.88%, 0, 0, 2, 23711.55, 46930461, 206
2061, 116, 0, 32, 0, 0, 4.88%, 0, 0, 2, 26153.73, 47062814, 206
2066, 116, 0, 32, 0, 0, 4.88%, 0, 0, 2, 21959.55, 47175751, 206
2072, 117, 0, 32, 0, 0, 4.88%, 0, 0, 2, 24182.98, 47301498, 206
2077, 117, 26, 32, 0, 0, 4.88%, 0, 0, 2, 22697.90, 47417871, 206
2082, 117, 0, 32, 0, 0, 4.88%, 0, 0, 2, 23954.07, 47538432, 206
2087, 118, 0, 32, 0, 0, 4.88%, 0, 0, 2, 22430.36, 47651513, 206
2092, 118, 19, 32, 0, 0, 4.88%, 0, 0, 2, 24353.72, 47783906, 206
2097, 118, 0, 32, 0, 0, 4.88%, 0, 0, 2, 22427.68, 47895907, 206
2102, 119, 0, 32, 0, 0, 4.88%, 0, 0, 2, 23563.63, 48014269, 206
2107, 119, 15, 32, 0, 0, 4.88%, 0, 0, 2, 21896.89, 48125632, 206
2112, 119, 0, 32, 0, 0, 4.88%, 0, 0, 2, 23998.09, 48249999, 206
2117, 120, 14, 32, 0, 0, 4.88%, 0, 0, 2, 22411.50, 48362363, 206
2122, 120, 0, 32, 0, 0, 4.88%, 0, 0, 2, 25731.50, 48499008, 206
2128, 120, 0, 32, 0, 0, 4.88%, 0, 0, 2, 21658.79, 48600586, 206
2133, 121, 23, 32, 0, 0, 4.88%, 0, 0, 2, 25694.99, 48738633, 206
2138, 121, 24, 32, 0, 0, 4.88%, 0, 0, 2, 22617.48, 48852652, 206
2143, 121, 17, 32, 0, 0, 4.88%, 0, 0, 2, 24199.61, 48980776, 206
2148, 122, 0, 32, 0, 0, 4.88%, 0, 0, 2, 23212.53, 49090803, 206
2153, 122, 0, 32, 0, 0, 4.88%, 0, 0, 2, 25522.62, 49224999, 206
2158, 122, 0, 32, 0, 0, 4.88%, 0, 0, 2, 22761.38, 49333877, 206
2164, 122, 0, 32, 0, 0, 4.88%, 0, 0, 2, 26034.27, 49469626, 206
2169, 123, 15, 32, 0, 0, 4.88%, 0, 0, 2, 24024.12, 49583035, 206
2174, 123, 0, 32, 0, 0, 4.88%, 0, 0, 2, 25496.78, 49713773, 206
2179, 123, 14, 32, 0, 0, 4.88%, 0, 0, 2, 22718.18, 49819154, 206
2184, 124, 14, 32, 0, 0, 4.88%, 0, 0, 2, 21455.98, 49933285, 206
2189, 124, 11, 32, 0, 0, 4.88%, 0, 0, 2, 21694.80, 50038611, 206
2194, 124, 0, 32, 0, 0, 4.88%, 0, 0, 2, 24548.09, 50170650, 206
2199, 125, 0, 32, 0, 0, 4.88%, 0, 0, 2, 23838.96, 50287690, 206
2204, 125, 0, 32, 0, 0, 4.88%, 0, 0, 2, 24098.29, 50412040, 206
2210, 125, 0, 32, 0, 0, 4.88%, 0, 0, 2, 23834.65, 50529370, 206
2215, 126, 0, 32, 0, 0, 4.88%, 0, 0, 2, 22790.27, 50646810, 206
2220, 126, 0, 32, 0, 0, 4.88%, 0, 0, 2, 23875.78, 50761564, 206
2225, 126, 15, 32, 0, 0, 4.88%, 0, 0, 2, 22965.07, 50885362, 206
2230, 126, 0, 32, 0, 0, 4.88%, 0, 0, 2, 22983.32, 51000177, 206
2235, 127, 0, 32, 0, 0, 4.88%, 0, 0, 2, 21689.30, 51111014, 206
2240, 127, 5, 32, 0, 0, 4.88%, 0, 0, 2, 23308.94, 51225178, 206
2245, 127, 0, 32, 0, 0, 4.88%, 0, 0, 2, 21870.64, 51343553, 206
2250, 128, 15, 32, 0, 0, 4.88%, 0, 0, 2, 23290.97, 51459212, 206
2255, 128, 0, 32, 0, 0, 4.88%, 0, 0, 2, 22454.43, 51580243, 206
2260, 128, 0, 32, 0, 0, 4.88%, 0, 0, 2, 25233.19, 51708238, 206
2265, 129, 5, 32, 0, 0, 4.88%, 0, 0, 2, 24525.07, 51836550, 206
2271, 129, 0, 32, 0, 0, 4.88%, 0, 0, 2, 23715.64, 51957434, 206
2276, 130, 0, 32, 0, 0, 4.88%, 0, 0, 2, 21852.75, 52069339, 206
2281, 130, 23, 32, 0, 0, 4.88%, 0, 0, 2, 25376.58, 52198358, 206
2286, 130, 0, 32, 0, 0, 4.88%, 0, 0, 2, 23804.68, 52320616, 206
2291, 130, 0, 32, 0, 0, 4.88%, 0, 0, 2, 24933.05, 52445662, 206
2296, 131, 17, 32, 0, 0, 4.88%, 0, 0, 2, 22916.18, 52561284, 206
2301, 131, 0, 32, 0, 0, 4.88%, 0, 0, 2, 25227.98, 52688572, 206
2306, 131, 0, 32, 0, 0, 4.88%, 0, 0, 2, 22834.08, 52804731, 206
2311, 131, 0, 32, 0, 0, 4.88%, 0, 0, 2, 25444.95, 52933061, 206
2316, 132, 15, 32, 0, 0, 4.88%, 0, 0, 2, 23607.94, 53051616, 206
2321, 132, 0, 32, 0, 0, 4.88%, 0, 0, 2, 25819.00, 53184524, 206
2326, 132, 0, 32, 0, 0, 4.88%, 0, 0, 2, 24107.68, 53310556, 206
2331, 132, 0, 32, 0, 0, 4.88%, 0, 0, 2, 24885.53, 53434539, 206
2336, 133, 0, 32, 0, 0, 4.88%, 0, 0, 2, 23113.80, 53556435, 206
2341, 133, 0, 32, 0, 0, 4.88%, 0, 0, 2, 26991.05, 53699986, 206
2347, 133, 0, 32, 0, 0, 4.88%, 0, 0, 2, 23690.21, 53822286, 206
2352, 134, 0, 32, 0, 0, 4.88%, 0, 0, 2, 26028.56, 53953960, 206
2357, 134, 0, 32, 0, 0, 4.88%, 0, 0, 2, 22718.84, 54070143, 206
2362, 134, 14, 32, 0, 0, 4.88%, 0, 0, 2, 24809.10, 54200218, 206
2367, 135, 0, 32, 0, 0, 4.88%, 0, 0, 2, 21930.33, 54307903, 206
2372, 135, 0, 32, 0, 0, 4.88%, 0, 0, 2, 24526.31, 54436130, 206
2377, 135, 24, 32, 0, 0, 4.88%, 0, 0, 2, 24334.81, 54558575, 206
2382, 136, 18, 32, 0, 0, 4.88%, 0, 0, 2, 26451.29, 54690628, 206
2387, 136, 0, 32, 0, 0, 4.88%, 0, 0, 2, 23819.54, 54806955, 206
2392, 137, 0, 32, 0, 0, 4.88%, 0, 0, 2, 24661.44, 54935617, 206
2397, 137, 0, 32, 0, 0, 4.88%, 0, 0, 2, 23310.47, 55049277, 206
2402, 137, 29, 32, 0, 0, 4.88%, 0, 0, 2, 26456.26, 55183150, 206
2407, 137, 0, 32, 0, 0, 4.88%, 0, 0, 2, 23685.74, 55297392, 206
2413, 137, 0, 32, 0, 0, 4.88%, 0, 0, 2, 26279.30, 55430148, 206
2418, 138, 0, 32, 0, 0, 4.88%, 0, 0, 2, 24114.92, 55547621, 206
2423, 138, 0, 32, 0, 0, 4.88%, 0, 0, 2, 25666.10, 55678463, 206
2428, 138, 0, 32, 0, 0, 4.88%, 0, 0, 2, 22821.96, 55784195, 206
2433, 139, 0, 32, 0, 0, 4.88%, 0, 0, 2, 24678.38, 55917794, 206
2438, 139, 14, 32, 0, 0, 4.88%, 0, 0, 2, 22985.70, 56029248, 206
2443, 139, 0, 32, 0, 0, 4.88%, 0, 0, 2, 25922.95, 56163526, 206
2448, 139, 0, 32, 0, 0, 4.88%, 0, 0, 2, 24629.39, 56281877, 206
2453, 140, 5, 32, 0, 0, 4.88%, 0, 0, 2, 27400.54, 56427648, 206
2458, 140, 0, 32, 0, 0, 4.88%, 0, 0, 2, 23807.80, 56539774, 206
2463, 140, 11, 32, 0, 0, 4.88%, 0, 0, 2, 26617.37, 56683135, 206
2468, 141, 0, 32, 0, 0, 4.88%, 0, 0, 2, 23223.64, 56792775, 206
2473, 141, 0, 32, 0, 0, 4.88%, 0, 0, 2, 25262.22, 56926471, 206
2478, 141, 0, 32, 0, 0, 4.88%, 0, 0, 2, 24981.99, 57044943, 206
2484, 142, 14, 32, 0, 0, 4.88%, 0, 0, 2, 24130.18, 57175475, 206
2489, 142, 0, 32, 0, 0, 4.88%, 0, 0, 2, 23292.06, 57285394, 206
2494, 142, 14, 32, 0, 0, 4.88%, 0, 0, 2, 24539.62, 57412092, 206
2499, 143, 15, 32, 0, 0, 4.88%, 0, 0, 2, 21867.84, 57515080, 206
2504, 143, 17, 32, 0, 0, 4.88%, 0, 0, 2, 24635.08, 57643129, 206
2509, 143, 29, 32, 0, 0, 4.88%, 0, 0, 2, 23627.20, 57755358, 206
2514, 144, 0, 32, 0, 0, 4.88%, 0, 0, 2, 25054.82, 57886571, 206
2519, 144, 0, 32, 0, 0, 4.88%, 0, 0, 2, 23851.41, 58003951, 206
2524, 144, 0, 32, 0, 0, 4.88%, 0, 0, 2, 24904.13, 58134602, 206
2529, 145, 0, 32, 0, 0, 4.88%, 0, 0, 2, 22765.28, 58246713, 206
2534, 145, 28, 32, 0, 0, 4.88%, 0, 0, 2, 25422.21, 58380798, 206
2539, 145, 0, 32, 0, 0, 4.88%, 0, 0, 2, 26063.75, 58510148, 206
2544, 146, 0, 32, 0, 0, 4.88%, 0, 0, 2, 23350.39, 58636777, 206
2550, 146, 0, 32, 0, 0, 4.88%, 0, 0, 2, 23732.50, 58748515, 206
2555, 146, 0, 32, 0, 0, 4.88%, 0, 0, 2, 24117.19, 58876054, 206
2560, 147, 0, 32, 0, 0, 4.88%, 0, 0, 2, 26493.83, 59009357, 206
2565, 147, 0, 32, 0, 0, 4.88%, 0, 0, 2, 24378.45, 59134300, 206
2570, 147, 14, 32, 0, 0, 4.88%, 0, 0, 2, 25599.78, 59261465, 206
2575, 147, 0, 32, 0, 0, 4.88%, 0, 0, 2, 24634.74, 59388374, 206
2580, 148, 0, 32, 0, 0, 4.88%, 0, 0, 2, 24155.90, 59510041, 206
2585, 148, 0, 32, 0, 0, 4.88%, 0, 0, 2, 23929.76, 59637427, 206
2590, 148, 0, 32, 0, 0, 4.88%, 0, 0, 2, 23644.81, 59755461, 206
2595, 149, 14, 32, 0, 0, 4.88%, 0, 0, 2, 23449.25, 59876939, 206
2600, 149, 0, 32, 0, 0, 4.88%, 0, 0, 2, 25094.04, 60003177, 206
2605, 149, 0, 32, 0, 0, 4.88%, 0, 0, 2, 24374.15, 60129229, 206
2610, 149, 0, 32, 0, 0, 4.88%, 0, 0, 2, 26047.21, 60256327, 206
2615, 150, 3, 32, 0, 0, 4.88%, 0, 0, 2, 24027.46, 60377887, 206
2620, 150, 24, 32, 0, 0, 4.88%, 0, 0, 2, 25939.49, 60506040, 206
2626, 150, 0, 32, 0, 0, 4.88%, 0, 0, 2, 24178.30, 60629193, 206
2631, 151, 0, 32, 0, 0, 4.88%, 0, 0, 2, 25344.49, 60756027, 206
2636, 151, 0, 32, 0, 0, 4.88%, 0, 0, 2, 23235.48, 60877387, 206
2641, 151, 0, 32, 0, 0, 4.88%, 0, 0, 2, 25717.11, 61007065, 206
2646, 151, 0, 32, 0, 0, 4.88%, 0, 0, 2, 24566.96, 61137211, 206
2651, 152, 14, 32, 0, 0, 4.88%, 0, 0, 2, 25363.23, 61264881, 206
2656, 152, 0, 32, 0, 0, 4.88%, 0, 0, 2, 22690.98, 61381563, 206
2661, 152, 0, 32, 0, 0, 4.88%, 0, 0, 2, 24497.24, 61505921, 206
2666, 153, 0, 32, 0, 0, 4.88%, 0, 0, 2, 22404.32, 61618216, 206
2671, 153, 0, 32, 0, 0, 4.88%, 0, 0, 2, 24445.31, 61741468, 206
2676, 153, 0, 32, 0, 0, 4.88%, 0, 0, 2, 22896.00, 61865187, 206
2681, 154, 0, 32, 0, 0, 4.88%, 0, 0, 2, 23874.70, 61986902, 206
2686, 154, 17, 32, 0, 0, 4.88%, 0, 0, 2, 23634.90, 62108974, 206
2691, 154, 0, 32, 0, 0, 4.88%, 0, 0, 2, 26538.32, 62244503, 206
2696, 154, 0, 32, 0, 0, 4.88%, 0, 0, 2, 23019.78, 62359248, 206
2701, 155, 0, 32, 0, 0, 4.88%, 0, 0, 2, 25499.53, 62487801, 206
2707, 155, 17, 32, 0, 0, 4.88%, 0, 0, 2, 23046.05, 62609964, 206
2712, 155, 0, 32, 0, 0, 4.88%, 0, 0, 2, 26120.64, 62741698, 206
2717, 155, 0, 32, 0, 0, 4.88%, 0, 0, 2, 23447.35, 62860295, 206
2722, 156, 0, 32, 0, 0, 4.88%, 0, 0, 2, 25949.84, 62996842, 206
2727, 156, 3, 32, 0, 0, 4.88%, 0, 0, 2, 21628.40, 63102027, 206
2732, 156, 15, 32, 0, 0, 4.88%, 0, 0, 2, 25685.49, 63238097, 206
2737, 156, 0, 32, 0, 0, 4.88%, 0, 0, 2, 23255.50, 63351191, 206
2742, 157, 0, 32, 0, 0, 4.88%, 0, 0, 2, 24537.27, 63482153, 206
2747, 157, 0, 32, 0, 0, 4.88%, 0, 0, 2, 23947.36, 63601704, 206
2752, 157, 14, 32, 0, 0, 4.88%, 0, 0, 2, 27906.63, 63747846, 206
2758, 158, 0, 32, 0, 0, 4.88%, 0, 0, 2, 23594.20, 63862544, 206
2763, 158, 0, 32, 0, 0, 4.88%, 0, 0, 2, 24521.02, 63989862, 206
2768, 158, 0, 32, 0, 0, 4.88%, 0, 0, 2, 26205.16, 64126709, 206
2773, 159, 0, 32, 0, 0, 4.88%, 0, 0, 2, 26283.06, 64262439, 206
2778, 159, 0, 32, 0, 0, 4.88%, 0, 0, 2, 22663.06, 64374586, 206
2783, 159, 28, 32, 0, 0, 4.88%, 0, 0, 2, 25168.99, 64504145, 206
2788, 160, 17, 32, 0, 0, 4.88%, 0, 0, 2, 23255.45, 64613265, 206
2793, 160, 0, 32, 0, 0, 4.88%, 0, 0, 2, 26005.99, 64742422, 206
2798, 160, 17, 32, 0, 0, 4.88%, 0, 0, 2, 24823.70, 64864956, 206
2803, 161, 0, 32, 0, 0, 4.88%, 0, 0, 2, 27502.80, 65009406, 206
2808, 161, 0, 32, 0, 0, 4.88%, 0, 0, 2, 24895.07, 65130995, 206
2813, 161, 26, 32, 0, 0, 4.88%, 0, 0, 2, 26745.12, 65265590, 206
2818, 161, 0, 32, 0, 0, 4.88%, 0, 0, 2, 24198.50, 65377952, 206
2824, 162, 0, 32, 0, 0, 4.88%, 0, 0, 2, 27201.24, 65525963, 206
2829, 162, 0, 32, 0, 0, 4.88%, 0, 0, 2, 24249.42, 65639111, 206
2834, 162, 0, 32, 0, 0, 4.88%, 0, 0, 2, 26766.25, 65775493, 206
2839, 163, 0, 32, 0, 0, 4.88%, 0, 0, 2, 24012.72, 65887227, 206
2844, 163, 0, 32, 0, 0, 4.88%, 0, 0, 2, 24496.15, 66014041, 206
2849, 163, 0, 32, 0, 0, 4.88%, 0, 0, 2, 24802.98, 66135835, 206
2854, 163, 0, 32, 0, 0, 4.88%, 0, 0, 2, 25034.23, 66270061, 206
2859, 164, 0, 32, 0, 0, 4.88%, 0, 0, 2, 23103.28, 66381951, 206
2864, 164, 0, 32, 0, 0, 4.88%, 0, 0, 2, 24006.22, 66512423, 206
2869, 164, 0, 32, 0, 0, 4.88%, 0, 0, 2, 23887.44, 66628142, 206
2874, 165, 0, 32, 0, 0, 4.88%, 0, 0, 2, 24858.22, 66762694, 206
2879, 165, 0, 32, 0, 0, 4.88%, 0, 0, 2, 25136.03, 66883501, 206
2885, 165, 14, 32, 0, 0, 4.88%, 0, 0, 2, 24918.31, 67018318, 206
2890, 165, 0, 32, 0, 0, 4.88%, 0, 0, 2, 27422.94, 67149468, 206
2895, 166, 0, 32, 0, 0, 4.88%, 0, 0, 2, 24737.51, 67273415, 206
2900, 166, 0, 32, 0, 0, 4.88%, 0, 0, 2, 22661.82, 67384334, 206
2905, 166, 0, 32, 0, 0, 4.88%, 0, 0, 2, 21782.81, 67502833, 206
2910, 167, 3, 32, 0, 0, 4.88%, 0, 0, 2, 23784.33, 67620777, 206
2915, 167, 0, 32, 0, 0, 4.88%, 0, 0, 2, 25448.01, 67757113, 206
2920, 167, 0, 32, 0, 0, 4.88%, 0, 0, 2, 24835.25, 67881105, 206
2925, 168, 0, 32, 0, 0, 4.88%, 0, 0, 2, 24918.37, 68017280, 206
2930, 168, 21, 32, 0, 0, 4.88%, 0, 0, 2, 25357.30, 68144865, 206
2936, 168, 0, 32, 0, 0, 4.88%, 0, 0, 2, 22321.45, 68258477, 206
2941, 168, 0, 32, 0, 0, 4.88%, 0, 0, 2, 26410.89, 68395381, 206
2946, 169, 0, 32, 0, 0, 4.88%, 0, 0, 2, 25295.45, 68521244, 206
2951, 169, 0, 32, 0, 0, 4.88%, 0, 0, 2, 26820.56, 68660363, 206
2956, 169, 14, 32, 0, 0, 4.88%, 0, 0, 2, 24353.08, 68782673, 206
2961, 169, 21, 32, 0, 0, 4.88%, 0, 0, 2, 26600.88, 68916345, 206
2966, 170, 24, 32, 0, 0, 4.88%, 0, 0, 2, 22132.05, 69023998, 206
2971, 170, 3, 32, 0, 0, 4.88%, 0, 0, 2, 26710.24, 69163182, 206
2976, 170, 0, 32, 0, 0, 4.88%, 0, 0, 2, 22675.83, 69275775, 206
2981, 171, 0, 32, 0, 0, 4.88%, 0, 0, 2, 26038.16, 69411038, 206
2986, 171, 0, 32, 0, 0, 4.88%, 0, 0, 2, 24566.03, 69536641, 206
2991, 171, 0, 32, 0, 0, 4.88%, 0, 0, 2, 24677.52, 69662527, 206
2996, 172, 0, 32, 0, 0, 4.88%, 0, 0, 2, 21695.61, 69770712, 206
3002, 172, 0, 32, 0, 0, 4.88%, 0, 0, 2, 25004.05, 69908326, 206
3007, 172, 0, 32, 0, 0, 4.88%, 0, 0, 2, 22253.70, 70021278, 206
3012, 172, 0, 32, 0, 0, 4.88%, 0, 0, 2, 26483.73, 70158444, 206
3017, 173, 0, 32, 0, 0, 4.88%, 0, 0, 2, 23622.35, 70286318, 206
3022, 173, 0, 32, 0, 0, 4.88%, 0, 0, 2, 27808.97, 70432454, 206
3027, 173, 0, 32, 0, 0, 4.88%, 0, 0, 2, 24848.71, 70546193, 206
3033, 174, 0, 32, 0, 0, 4.88%, 0, 0, 2, 27783.86, 70693494, 206
3038, 174, 0, 32, 0, 0, 4.88%, 0, 0, 2, 24954.47, 70812927, 206
3043, 174, 21, 32, 0, 0, 4.88%, 0, 0, 2, 27843.16, 70959913, 206
3048, 174, 0, 32, 0, 0, 4.88%, 0, 0, 2, 25177.22, 71077695, 206
3053, 175, 0, 32, 0, 0, 4.88%, 0, 0, 2, 26323.03, 71212022, 206
3058, 175, 0, 32, 0, 0, 4.88%, 0, 0, 2, 22858.58, 71323722, 206
3063, 175, 0, 32, 0, 0, 4.88%, 0, 0, 2, 24728.12, 71453529, 206
3068, 176, 0, 32, 0, 0, 4.88%, 0, 0, 2, 24483.50, 71571438, 206
3073, 176, 0, 32, 0, 0, 4.88%, 0, 0, 2, 26003.65, 71704166, 206
3079, 176, 0, 32, 0, 0, 4.88%, 0, 0, 2, 23535.03, 71818805, 206
3084, 176, 11, 32, 0, 0, 4.88%, 0, 0, 2, 24845.12, 71951781, 206
3089, 177, 0, 32, 0, 0, 4.88%, 0, 0, 2, 23630.82, 72061122, 206
3094, 177, 0, 32, 0, 0, 4.88%, 0, 0, 2, 26435.75, 72203984, 206
3099, 177, 0, 32, 0, 0, 4.88%, 0, 0, 2, 24432.64, 72316561, 206
3104, 178, 0, 32, 0, 0, 4.88%, 0, 0, 2, 26418.07, 72454934, 206
3109, 178, 0, 32, 0, 0, 4.88%, 0, 0, 2, 27996.94, 72586610, 206
3114, 178, 0, 32, 0, 0, 4.88%, 0, 0, 2, 26813.86, 72725246, 206
3119, 178, 0, 32, 0, 0, 4.88%, 0, 0, 2, 29169.77, 72866248, 206
3124, 179, 0, 32, 0, 0, 4.88%, 0, 0, 2, 24980.26, 72993554, 206
3130, 179, 0, 32, 0, 0, 4.88%, 0, 0, 2, 24530.65, 73113501, 206
3135, 179, 0, 32, 0, 0, 4.88%, 0, 0, 2, 25890.73, 73250236, 206
3140, 180, 0, 32, 0, 0, 4.88%, 0, 0, 2, 24476.80, 73371289, 206
3145, 180, 24, 32, 0, 0, 4.88%, 0, 0, 2, 21638.76, 73481321, 206
3150, 180, 0, 32, 0, 0, 4.88%, 0, 0, 2, 24498.47, 73603165, 206
3155, 181, 0, 32, 0, 0, 4.88%, 0, 0, 2, 24734.27, 73732668, 206
3160, 181, 0, 32, 0, 0, 4.88%, 0, 0, 2, 26039.36, 73860381, 206
3165, 181, 15, 32, 0, 0, 4.88%, 0, 0, 2, 23523.21, 73985745, 206
3170, 181, 0, 32, 0, 0, 4.88%, 0, 0, 2, 26554.66, 74120609, 206
3175, 182, 0, 32, 0, 0, 4.88%, 0, 0, 2, 24230.27, 74246571, 206
3180, 182, 0, 32, 0, 0, 4.88%, 0, 0, 2, 26136.36, 74378845, 206
3185, 182, 0, 32, 0, 0, 4.88%, 0, 0, 2, 24761.28, 74507326, 206
3190, 183, 0, 32, 0, 0, 4.88%, 0, 0, 2, 25909.65, 74637261, 206
3195, 183, 0, 32, 0, 0, 4.88%, 0, 0, 2, 23735.39, 74761913, 206
3200, 183, 14, 32, 0, 0, 4.88%, 0, 0, 2, 25713.73, 74886754, 206
3206, 184, 11, 32, 0, 0, 4.88%, 0, 0, 2, 21944.56, 74999637, 206
3211, 184, 0, 32, 0, 0, 4.88%, 0, 0, 2, 26488.47, 75138121, 206
3216, 184, 0, 32, 0, 0, 4.88%, 0, 0, 2, 23495.64, 75260467, 206
3221, 185, 0, 32, 0, 0, 4.88%, 0, 0, 2, 26334.12, 75391027, 206
3226, 185, 0, 32, 0, 0, 4.88%, 0, 0, 2, 23369.63, 75511541, 206
3231, 185, 0, 32, 0, 0, 4.88%, 0, 0, 2, 24086.65, 75631123, 206
3236, 186, 0, 32, 0, 0, 4.88%, 0, 0, 2, 22724.29, 75751910, 206
3241, 186, 24, 32, 0, 0, 4.88%, 0, 0, 2, 27275.12, 75901013, 206
3246, 186, 14, 32, 0, 0, 4.88%, 0, 0, 2, 25005.71, 76024793, 206
3251, 186, 17, 32, 0, 0, 4.88%, 0, 0, 2, 26007.51, 76160026, 206
3256, 187, 0, 32, 0, 0, 4.88%, 0, 0, 2, 25584.22, 76294060, 206
3261, 187, 0, 32, 0, 0, 4.88%, 0, 0, 2, 29014.05, 76442104, 206
3266, 187, 23, 32, 0, 0, 4.88%, 0, 0, 2, 24102.13, 76562229, 206
3272, 188, 15, 32, 0, 0, 4.88%, 0, 0, 2, 25868.88, 76694191, 206
3277, 188, 17, 32, 0, 0, 4.88%, 0, 0, 2, 25081.34, 76819261, 206
3282, 188, 0, 32, 0, 0, 4.88%, 0, 0, 2, 24632.45, 76947086, 206
3287, 189, 0, 32, 0, 0, 4.88%, 0, 0, 2, 24351.43, 77071199, 206
3292, 189, 0, 32, 0, 0, 4.88%, 0, 0, 2, 27231.95, 77211461, 206
3297, 189, 0, 32, 0, 0, 4.88%, 0, 0, 2, 23359.75, 77331896, 206
3302, 190, 14, 32, 0, 0, 4.88%, 0, 0, 2, 27310.05, 77478262, 206
3307, 190, 0, 32, 0, 0, 4.88%, 0, 0, 2, 25208.66, 77602020, 206
3312, 190, 0, 32, 0, 0, 4.88%, 0, 0, 2, 29162.96, 77750736, 206
3317, 191, 0, 32, 0, 0, 4.88%, 0, 0, 2, 25888.87, 77881247, 206
3322, 191, 15, 32, 0, 0, 4.88%, 0, 0, 2, 27712.42, 78021297, 206
3327, 191, 15, 32, 0, 0, 4.88%, 0, 0, 2, 23409.54, 78132225, 206
3332, 192, 11, 32, 0, 0, 4.88%, 0, 0, 2, 26750.90, 78266399, 206
3337, 192, 0, 32, 0, 0, 4.88%, 0, 0, 2, 23985.48, 78380405, 206
3343, 193, 0, 32, 0, 0, 4.88%, 0, 0, 2, 25457.91, 78517226, 206
3348, 193, 0, 32, 0, 0, 4.88%, 0, 0, 2, 23938.93, 78632542, 206
3353, 193, 26, 32, 0, 0, 4.88%, 0, 0, 2, 28112.59, 78785006, 206
3358, 193, 0, 32, 0, 0, 4.88%, 0, 0, 2, 24512.52, 78901060, 206
3363, 194, 0, 32, 0, 0, 4.88%, 0, 0, 2, 25618.74, 79032989, 206
3368, 194, 0, 32, 0, 0, 4.88%, 0, 0, 2, 25521.25, 79158149, 206
3373, 194, 0, 32, 0, 0, 4.88%, 0, 0, 2, 26966.07, 79299917, 206
3378, 195, 0, 32, 0, 0, 4.88%, 0, 0, 2, 22732.89, 79406923, 206
3383, 195, 0, 32, 0, 0, 4.88%, 0, 0, 2, 24058.80, 79528780, 206
3388, 195, 0, 32, 0, 0, 4.88%, 0, 0, 2, 24283.74, 79650508, 206
3394, 196, 0, 32, 0, 0, 4.88%, 0, 0, 2, 27770.46, 79798140, 206
3399, 196, 0, 32, 0, 0, 4.88%, 0, 0, 2, 24678.76, 79914314, 206
3404, 196, 15, 32, 0, 0, 4.88%, 0, 0, 2, 28464.69, 80064319, 206
3409, 196, 0, 32, 0, 0, 4.88%, 0, 0, 2, 26649.56, 80188970, 206
3414, 197, 0, 32, 0, 0, 4.88%, 0, 0, 2, 24188.75, 80311063, 206
3419, 197, 26, 32, 0, 0, 4.88%, 0, 0, 2, 25710.26, 80437169, 206
3424, 198, 14, 32, 0, 0, 4.88%, 0, 0, 2, 27429.11, 80577602, 206
3429, 198, 27, 32, 0, 0, 4.88%, 0, 0, 2, 24393.36, 80694795, 206
3434, 198, 21, 32, 0, 0, 4.88%, 0, 0, 2, 25888.48, 80829220, 206
3439, 199, 0, 32, 0, 0, 4.88%, 0, 0, 2, 25190.48, 80957308, 206
3444, 199, 27, 32, 0, 0, 4.88%, 0, 0, 2, 24237.51, 81085626, 206
3449, 199, 0, 32, 0, 0, 4.88%, 0, 0, 2, 25146.62, 81207277, 206
3454, 199, 0, 32, 0, 0, 4.88%, 0, 0, 2, 28036.17, 81352633, 206
3459, 200, 0, 32, 0, 0, 4.88%, 0, 0, 2, 25019.62, 81470704, 206
3465, 200, 15, 32, 0, 0, 4.88%, 0, 0, 2, 26735.35, 81612788, 206
3470, 200, 17, 32, 0, 0, 4.88%, 0, 0, 2, 27785.84, 81745393, 206
3475, 201, 0, 32, 0, 0, 4.88%, 0, 0, 2, 26325.92, 81881330, 206
3480, 201, 5, 32, 0, 0, 4.88%, 0, 0, 2, 26271.07, 82011774, 206
3485, 201, 0, 32, 0, 0, 4.88%, 0, 0, 2, 26150.61, 82146600, 206
3490, 202, 17, 32, 0, 0, 4.88%, 0, 0, 2, 26206.01, 82281025, 206
3495, 202, 0, 32, 0, 0, 4.88%, 0, 0, 2, 24475.15, 82402287, 206
3500, 202, 0, 32, 0, 0, 4.88%, 0, 0, 2, 27839.42, 82546279, 206
3505, 202, 0, 32, 0, 0, 4.88%, 0, 0, 2, 24234.49, 82672753, 206
3510, 203, 0, 32, 0, 0, 4.88%, 0, 0, 2, 25642.23, 82803065, 206
3515, 203, 0, 32, 0, 0, 4.88%, 0, 0, 2, 26579.97, 82950949, 206
3521, 203, 0, 32, 0, 0, 4.88%, 0, 0, 2, 26033.65, 83081395, 206
3526, 204, 0, 32, 0, 0, 4.88%, 0, 0, 2, 24795.39, 83208031, 206
3531, 204, 0, 32, 0, 0, 4.88%, 0, 0, 2, 29599.82, 83363383, 206
3536, 205, 0, 32, 0, 0, 4.88%, 0, 0, 2, 26017.28, 83492618, 206
3541, 205, 0, 32, 0, 0, 4.88%, 0, 0, 2, 25521.20, 83621359, 206
3546, 205, 0, 32, 0, 0, 4.88%, 0, 0, 2, 24397.24, 83748746, 206
3551, 205, 0, 32, 0, 0, 4.88%, 0, 0, 2, 26818.74, 83886794, 206
3556, 206, 0, 32, 0, 0, 4.88%, 0, 0, 2, 24848.53, 84016485, 206
3561, 206, 0, 32, 0, 0, 4.88%, 0, 0, 2, 25939.27, 84150981, 206
3566, 206, 0, 32, 0, 0, 4.88%, 0, 0, 2, 23083.21, 84268654, 206
3572, 207, 28, 32, 0, 0, 4.88%, 0, 0, 2, 25646.76, 84404120, 206
3577, 207, 0, 32, 0, 0, 4.88%, 0, 0, 2, 23380.28, 84523093, 206
3582, 207, 0, 32, 0, 0, 4.88%, 0, 0, 2, 27327.26, 84670561, 206
3587, 207, 17, 32, 0, 0, 4.88%, 0, 0, 2, 24276.63, 84791582, 206
3592, 208, 14, 32, 0, 0, 4.88%, 0, 0, 2, 25225.06, 84922592, 206
3597, 208, 0, 32, 0, 0, 4.88%, 0, 0, 2, 24541.75, 85042245, 206
3602, 208, 0, 32, 0, 0, 4.88%, 0, 0, 2, 28586.70, 85189363, 206
3607, 209, 17, 32, 0, 0, 4.88%, 0, 0, 2, 24534.07, 85310907, 206
3612, 209, 14, 32, 0, 0, 4.88%, 0, 0, 2, 27465.17, 85456185, 206
3617, 209, 11, 32, 0, 0, 4.88%, 0, 0, 2, 25577.07, 85579554, 206
3622, 210, 0, 32, 0, 0, 4.88%, 0, 0, 2, 30064.02, 85739969, 206
3627, 210, 0, 32, 0, 0, 4.88%, 0, 0, 2, 24489.02, 85853019, 206
3632, 210, 0, 32, 0, 0, 4.88%, 0, 0, 2, 26691.74, 85993048, 206
3638, 211, 0, 32, 0, 0, 4.88%, 0, 0, 2, 23309.17, 86112393, 206
3643, 211, 0, 32, 0, 0, 4.88%, 0, 0, 2, 30169.86, 86262999, 206
3648, 211, 0, 32, 0, 0, 4.88%, 0, 0, 2, 28166.31, 86400836, 206
3653, 212, 18, 32, 0, 0, 4.88%, 0, 0, 2, 29012.73, 86550910, 206
3658, 212, 0, 32, 0, 0, 4.88%, 0, 0, 2, 26360.29, 86676441, 206
3663, 212, 0, 32, 0, 0, 4.88%, 0, 0, 2, 29472.86, 86833492, 206
3668, 213, 0, 32, 0, 0, 4.88%, 0, 0, 2, 24511.46, 86950699, 206
3673, 213, 0, 32, 0, 0, 4.88%, 0, 0, 2, 28826.18, 87105445, 206
3678, 213, 0, 32, 0, 0, 4.88%, 0, 0, 2, 25265.71, 87225617, 206
3684, 213, 0, 32, 0, 0, 4.88%, 0, 0, 2, 27886.94, 87373401, 206
3689, 214, 3, 32, 0, 0, 4.88%, 0, 0, 2, 23914.73, 87484786, 206
3694, 214, 0, 32, 0, 0, 4.88%, 0, 0, 2, 26626.42, 87616940, 206
3699, 215, 0, 32, 0, 0, 4.88%, 0, 0, 2, 27021.12, 87745299, 206
3704, 215, 0, 32, 0, 0, 4.88%, 0, 0, 2, 29503.35, 87902083, 206
3709, 215, 0, 32, 0, 0, 4.88%, 0, 0, 2, 25389.01, 88020534, 206
3714, 215, 14, 32, 0, 0, 4.88%, 0, 0, 2, 28262.31, 88163634, 206
3719, 216, 0, 32, 0, 0, 4.88%, 0, 0, 2, 26908.92, 88288800, 206
3724, 216, 0, 32, 0, 0, 4.88%, 0, 0, 2, 27410.71, 88427131, 206
3729, 216, 29, 32, 0, 0, 4.88%, 0, 0, 2, 26187.88, 88551401, 206
3734, 217, 0, 32, 0, 0, 4.88%, 0, 0, 2, 23750.36, 88671273, 206
3739, 217, 0, 32, 0, 0, 4.88%, 0, 0, 2, 25390.10, 88803164, 206
3744, 217, 0, 32, 0, 0, 4.88%, 0, 0, 2, 23549.68, 88926515, 206
3749, 218, 0, 32, 0, 0, 4.88%, 0, 0, 2, 23547.19, 89041178, 206
3755, 218, 0, 32, 0, 0, 4.88%, 0, 0, 2, 25982.32, 89185009, 206
3760, 219, 0, 32, 0, 0, 4.88%, 0, 0, 2, 28006.73, 89324988, 206
3765, 219, 0, 32, 0, 0, 4.88%, 0, 0, 2, 26179.09, 89455861, 206
3770, 219, 0, 32, 0, 0, 4.88%, 0, 0, 2, 29212.51, 89603320, 206
3775, 219, 0, 32, 0, 0, 4.88%, 0, 0, 2, 26849.38, 89737538, 206
3780, 220, 0, 32, 0, 0, 4.88%, 0, 0, 2, 27744.89, 89874304, 206
3785, 220, 0, 32, 0, 0, 4.88%, 0, 0, 2, 27259.65, 90021568, 206
3790, 220, 0, 32, 0, 0, 4.88%, 0, 0, 2, 25823.24, 90148338, 206
3795, 221, 0, 32, 0, 0, 4.88%, 0, 0, 2, 26179.69, 90287318, 206
3800, 221, 0, 32, 0, 0, 4.88%, 0, 0, 2, 23654.50, 90404563, 206
3806, 221, 17, 32, 0, 0, 4.88%, 0, 0, 2, 22025.27, 90525036, 206
3811, 222, 15, 32, 0, 0, 4.88%, 0, 0, 2, 26821.94, 90662082, 206
3816, 222, 0, 32, 0, 0, 4.88%, 0, 0, 2, 26776.29, 90807957, 206
3821, 222, 0, 32, 0, 0, 4.88%, 0, 0, 2, 26694.96, 90937880, 206
3826, 223, 0, 32, 0, 0, 4.88%, 0, 0, 2, 25453.57, 91069377, 206
3831, 223, 0, 32, 0, 0, 4.88%, 0, 0, 2, 28548.68, 91210703, 206
3836, 223, 0, 32, 0, 0, 4.88%, 0, 0, 2, 26514.81, 91349708, 206
3841, 224, 14, 32, 0, 0, 4.88%, 0, 0, 2, 26856.24, 91494477, 206
3846, 224, 0, 32, 0, 0, 4.88%, 0, 0, 2, 23127.19, 91607478, 206
3851, 224, 0, 32, 0, 0, 4.88%, 0, 0, 2, 23750.85, 91727423, 206
3856, 225, 0, 32, 0, 0, 4.88%, 0, 0, 2, 23734.87, 91852445, 206
3861, 225, 0, 32, 0, 0, 4.88%, 0, 0, 2, 25532.24, 91989138, 206
3866, 225, 17, 32, 0, 0, 4.88%, 0, 0, 2, 22919.48, 92100518, 206
3872, 225, 17, 32, 0, 0, 4.88%, 0, 0, 2, 26626.74, 92240738, 206
3877, 226, 24, 32, 0, 0, 4.88%, 0, 0, 2, 23981.25, 92360792, 206
3882, 226, 0, 32, 0, 0, 4.88%, 0, 0, 2, 26741.68, 92490995, 206
3887, 226, 0, 32, 0, 0, 4.88%, 0, 0, 2, 24095.11, 92616610, 206
3892, 227, 0, 32, 0, 0, 4.88%, 0, 0, 2, 28677.05, 92760382, 206
3897, 227, 0, 32, 0, 0, 4.88%, 0, 0, 2, 25509.37, 92896433, 206
3902, 227, 17, 32, 0, 0, 4.88%, 0, 0, 2, 28900.43, 93047136, 206
3907, 228, 0, 32, 0, 0, 4.88%, 0, 0, 2, 25384.64, 93168172, 206
3912, 228, 0, 32, 0, 0, 4.88%, 0, 0, 2, 28438.03, 93317585, 206
3917, 228, 0, 32, 0, 0, 4.88%, 0, 0, 2, 25339.66, 93446682, 206
3922, 229, 0, 32, 0, 0, 4.88%, 0, 0, 2, 29681.52, 93599852, 206
3927, 229, 0, 32, 0, 0, 4.88%, 0, 0, 2, 24153.51, 93714020, 206
3932, 229, 0, 32, 0, 0, 4.88%, 0, 0, 2, 26256.14, 93846625, 206
3937, 229, 0, 32, 0, 0, 4.88%, 0, 0, 2, 24102.53, 93966124, 206
3942, 230, 0, 32, 0, 0, 4.88%, 0, 0, 2, 28188.54, 94111474, 206
3947, 230, 0, 32, 0, 0, 4.88%, 0, 0, 2, 23044.77, 94227141, 206
3953, 231, 0, 32, 0, 0, 4.88%, 0, 0, 2, 26361.67, 94369929, 206
3958, 231, 0, 32, 0, 0, 4.88%, 0, 0, 2, 26868.20, 94506690, 206
3963, 231, 17, 32, 0, 0, 4.88%, 0, 0, 2, 28173.68, 94647559, 206
3968, 231, 0, 32, 0, 0, 4.88%, 0, 0, 2, 25763.27, 94773421, 206
3973, 232, 0, 32, 0, 0, 4.88%, 0, 0, 2, 27527.57, 94910715, 206
3978, 232, 0, 32, 0, 0, 4.88%, 0, 0, 2, 24283.00, 95028638, 206
3983, 232, 0, 32, 0, 0, 4.88%, 0, 0, 2, 27247.19, 95170591, 206
3988, 233, 0, 32, 0, 0, 4.88%, 0, 0, 2, 25670.15, 95290757, 206
3993, 233, 0, 32, 0, 0, 4.88%, 0, 0, 2, 26845.16, 95434444, 206
3998, 233, 17, 32, 0, 0, 4.88%, 0, 0, 2, 24893.94, 95549665, 206
4004, 234, 0, 32, 0, 0, 4.88%, 0, 0, 2, 24569.11, 95676950, 206
4009, 234, 0, 32, 0, 0, 4.88%, 0, 0, 2, 24552.66, 95796212, 206
4014, 234, 0, 32, 0, 0, 4.88%, 0, 0, 2, 28950.61, 95947323, 206
4019, 235, 0, 32, 0, 0, 4.88%, 0, 0, 2, 24439.34, 96065009, 206
4024, 235, 0, 32, 0, 0, 4.88%, 0, 0, 2, 25199.48, 96198479, 206
4029, 235, 0, 32, 0, 0, 4.88%, 0, 0, 2, 26714.38, 96330659, 206
4034, 236, 26, 32, 0, 0, 4.88%, 0, 0, 2, 28291.27, 96477809, 206
4039, 236, 0, 32, 0, 0, 4.88%, 0, 0, 2, 24810.12, 96596058, 206
4044, 236, 0, 32, 0, 0, 4.88%, 0, 0, 2, 26332.31, 96740927, 206
4049, 237, 19, 32, 0, 0, 4.88%, 0, 0, 2, 26293.63, 96872425, 206
4054, 237, 0, 32, 0, 0, 4.88%, 0, 0, 2, 24381.97, 96990613, 206
4059, 237, 0, 32, 0, 0, 4.88%, 0, 0, 2, 25044.97, 97114556, 206
4064, 238, 0, 32, 0, 0, 4.88%, 0, 0, 2, 26202.00, 97254693, 206
4069, 238, 0, 32, 0, 0, 4.88%, 0, 0, 2, 27715.22, 97385693, 206
4074, 238, 0, 32, 0, 0, 4.88%, 0, 0, 2, 27426.03, 97530746, 206
4079, 239, 0, 32, 0, 0, 4.88%, 0, 0, 2, 26531.59, 97655541, 206
4084, 239, 0, 32, 0, 0, 4.88%, 0, 0, 2, 26666.47, 97791370, 206
4089, 239, 0, 32, 0, 0, 4.88%, 0, 0, 2, 26566.42, 97917279, 206
4094, 240, 0, 32, 0, 0, 4.88%, 0, 0, 2, 25861.70, 98052063, 206
4099, 240, 0, 32, 0, 0, 4.88%, 0, 0, 2, 26442.50, 98180205, 206
4104, 240, 23, 32, 0, 0, 4.88%, 0, 0, 2, 24767.11, 98315003, 206
4109, 241, 0, 32, 0, 0, 4.88%, 0, 0, 2, 27040.81, 98443575, 206
4114, 241, 0, 32, 0, 0, 4.88%, 0, 0, 2, 27677.84, 98590558, 206
4120, 241, 0, 32, 0, 0, 4.88%, 0, 0, 2, 28482.78, 98726193, 206
4125, 242, 0, 32, 0, 0, 4.88%, 0, 0, 2, 27923.25, 98878168, 206
4130, 242, 19, 32, 0, 0, 4.88%, 0, 0, 2, 26459.63, 99005804, 206
4135, 242, 0, 32, 0, 0, 4.88%, 0, 0, 2, 26585.10, 99144855, 206
4140, 243, 0, 32, 0, 0, 4.88%, 0, 0, 2, 28449.86, 99290609, 206
4145, 243, 0, 32, 0, 0, 4.88%, 0, 0, 2, 26132.64, 99428289, 206
4150, 243, 0, 32, 0, 0, 4.88%, 0, 0, 2, 28285.04, 99566410, 206
4155, 243, 0, 32, 0, 0, 4.88%, 0, 0, 2, 25951.61, 99698871, 206
4160, 244, 14, 32, 0, 0, 4.88%, 0, 0, 2, 27866.19, 99840304, 206
4166, 244, 0, 32, 0, 0, 4.88%, 0, 0, 2, 23011.40, 99957808, 206
4171, 245, 15, 32, 0, 0, 4.88%, 0, 0, 2, 28967.44, 100111489, 206
4176, 245, 0, 32, 0, 0, 4.88%, 0, 0, 2, 25237.74, 100249057, 206
4181, 245, 0, 32, 0, 0, 4.88%, 0, 0, 2, 26795.41, 100379571, 206
4186, 245, 23, 32, 0, 0, 4.88%, 0, 0, 2, 27567.44, 100531035, 206
4191, 246, 0, 32, 0, 0, 4.88%, 0, 0, 2, 25842.96, 100652629, 206
4196, 246, 0, 32, 0, 0, 4.88%, 0, 0, 2, 24957.36, 100780627, 206
4201, 246, 0, 32, 0, 0, 4.88%, 0, 0, 2, 30842.81, 100939442, 206
4206, 247, 0, 32, 0, 0, 4.88%, 0, 0, 2, 26662.82, 101074511, 206
4211, 247, 0, 32, 0, 0, 4.88%, 0, 0, 2, 25818.05, 101205611, 206
4216, 247, 0, 32, 0, 0, 4.88%, 0, 0, 2, 23665.92, 101332392, 206
4221, 248, 0, 32, 0, 0, 4.88%, 0, 0, 2, 27217.22, 101473093, 206
4227, 248, 0, 32, 0, 0, 4.88%, 0, 0, 2, 24666.51, 101594830, 206
4232, 248, 0, 32, 0, 0, 4.88%, 0, 0, 2, 29283.39, 101752177, 206
4237, 249, 0, 32, 0, 0, 4.88%, 0, 0, 2, 23941.19, 101873123, 206
4242, 249, 0, 32, 0, 0, 4.88%, 0, 0, 2, 24798.02, 102000233, 206
4247, 249, 0, 32, 0, 0, 4.88%, 0, 0, 2, 24836.65, 102132016, 206
4252, 250, 0, 32, 0, 0, 4.88%, 0, 0, 2, 28392.62, 102280906, 206
4257, 250, 0, 32, 0, 0, 4.88%, 0, 0, 2, 26428.44, 102411789, 206
4262, 250, 3, 32, 0, 0, 4.88%, 0, 0, 2, 32322.16, 102578255, 206
4267, 251, 0, 32, 0, 0, 4.88%, 0, 0, 2, 26130.13, 102704975, 206
4272, 251, 0, 32, 0, 0, 4.88%, 0, 0, 2, 30332.50, 102861538, 206
4277, 251, 0, 32, 0, 0, 4.88%, 0, 0, 2, 25351.80, 102990062, 206
4282, 251, 0, 32, 0, 0, 4.88%, 0, 0, 2, 26408.85, 103122915, 206
4287, 252, 0, 32, 0, 0, 4.88%, 0, 0, 2, 25330.87, 103241724, 206
4292, 252, 0, 32, 0, 0, 4.88%, 0, 0, 2, 30266.67, 103404293, 206
4297, 252, 0, 32, 0, 0, 4.88%, 0, 0, 2, 27417.35, 103533070, 206
4303, 252, 0, 32, 0, 0, 4.88%, 0, 0, 2, 30646.16, 103691520, 206
4308, 253, 0, 32, 0, 0, 4.88%, 0, 0, 2, 27348.77, 103820121, 206
4313, 253, 0, 32, 0, 0, 4.88%, 0, 0, 2, 30709.12, 103977230, 206
4318, 253, 0, 32, 0, 0, 4.88%, 0, 0, 2, 25923.77, 104098746, 206
4323, 253, 0, 32, 0, 0, 4.88%, 0, 0, 2, 30249.71, 104259346, 206
4328, 254, 0, 32, 0, 0, 4.88%, 0, 0, 2, 25318.06, 104381904, 206
4333, 254, 0, 32, 0, 0, 4.88%, 0, 0, 2, 28290.39, 104535598, 206
4338, 255, 17, 32, 0, 0, 4.88%, 0, 0, 2, 27601.89, 104665901, 206
4343, 255, 0, 32, 0, 0, 4.88%, 0, 0, 2, 28216.96, 104816904, 206
4348, 255, 8, 32, 0, 0, 4.88%, 0, 0, 2, 26446.45, 104936773, 206
4353, 256, 0, 32, 0, 0, 4.88%, 0, 0, 2, 30217.74, 105093276, 206
4358, 256, 17, 32, 0, 0, 4.88%, 0, 0, 2, 26392.25, 105218705, 206
4363, 256, 0, 32, 0, 0, 4.88%, 0, 0, 2, 26330.40, 105346727, 206
4369, 257, 0, 32, 0, 0, 4.88%, 0, 0, 2, 27524.69, 105489500, 206
4374, 257, 0, 32, 0, 0, 4.88%, 0, 0, 2, 29491.79, 105638686, 206
4379, 257, 0, 32, 0, 0, 4.88%, 0, 0, 2, 29809.61, 105776123, 206
4384, 258, 29, 32, 0, 0, 4.88%, 0, 0, 2, 29982.04, 105925223, 206
4389, 258, 0, 32, 0, 0, 4.88%, 0, 0, 2, 29076.75, 106061810, 206
4394, 258, 0, 32, 0, 0, 4.88%, 0, 0, 2, 31493.44, 106223719, 206
4399, 258, 0, 32, 0, 0, 4.88%, 0, 0, 2, 25742.63, 106341188, 206
4404, 259, 0, 32, 0, 0, 4.88%, 0, 0, 2, 26822.21, 106490770, 206
4409, 259, 0, 32, 0, 0, 4.88%, 0, 0, 2, 28667.34, 106625145, 206
4414, 259, 14, 32, 0, 0, 4.88%, 0, 0, 2, 27299.89, 106767821, 206
4419, 260, 0, 32, 0, 0, 4.88%, 0, 0, 2, 25717.46, 106891926, 206
4424, 260, 0, 32, 0, 0, 4.88%, 0, 0, 2, 28663.81, 107048372, 206
4429, 260, 14, 32, 0, 0, 4.88%, 0, 0, 2, 28611.30, 107190229, 206
4434, 261, 18, 32, 0, 0, 4.88%, 0, 0, 2, 27466.42, 107333291, 206
4440, 261, 0, 32, 0, 0, 4.88%, 0, 0, 2, 25394.58, 107452949, 206
4445, 262, 29, 32, 0, 0, 4.88%, 0, 0, 2, 26088.22, 107592433, 206
4450, 262, 0, 32, 0, 0, 4.88%, 0, 0, 2, 28102.25, 107733410, 206
4455, 262, 14, 32, 0, 0, 4.88%, 0, 0, 2, 27160.23, 107881947, 206
4460, 263, 0, 32, 0, 0, 4.88%, 0, 0, 2, 29095.70, 108021464, 206
4465, 263, 0, 32, 0, 0, 4.88%, 0, 0, 2, 25257.84, 108155546, 206
4470, 263, 15, 32, 0, 0, 4.88%, 0, 0, 2, 26561.90, 108290851, 206
4475, 264, 0, 32, 0, 0, 4.88%, 0, 0, 2, 25338.49, 108429348, 206
4480, 264, 15, 32, 0, 0, 4.88%, 0, 0, 2, 27879.62, 108574995, 206
4485, 264, 0, 32, 0, 0, 4.88%, 0, 0, 2, 25883.37, 108706094, 206
4490, 265, 0, 32, 0, 0, 4.88%, 0, 0, 2, 26222.39, 108833876, 206
4495, 265, 0, 32, 0, 0, 4.88%, 0, 0, 2, 26109.11, 108972211, 206
4500, 265, 14, 32, 0, 0, 4.88%, 0, 0, 2, 29717.84, 109125302, 206
4506, 266, 0, 32, 0, 0, 4.88%, 0, 0, 2, 25155.75, 109253855, 206
4511, 266, 0, 32, 0, 0, 4.88%, 0, 0, 2, 28287.87, 109402240, 206
4516, 266, 0, 32, 0, 0, 4.88%, 0, 0, 2, 26846.08, 109542877, 206
4521, 267, 15, 32, 0, 0, 4.88%, 0, 0, 2, 26888.75, 109675789, 206
4526, 267, 0, 32, 0, 0, 4.88%, 0, 0, 2, 22685.86, 109782792, 206
4531, 267, 0, 32, 0, 0, 4.88%, 0, 0, 2, 25784.67, 109916633, 206
4536, 268, 0, 32, 0, 0, 4.88%, 0, 0, 2, 23862.20, 110039747, 206
4541, 268, 3, 32, 0, 0, 4.88%, 0, 0, 2, 28616.93, 110185062, 206
4546, 269, 0, 32, 0, 0, 4.88%, 0, 0, 2, 23912.31, 110303273, 206
4551, 269, 0, 32, 0, 0, 4.88%, 0, 0, 2, 30725.86, 110464253, 206
4556, 269, 0, 32, 0, 0, 4.88%, 0, 0, 2, 26759.60, 110600155, 206
4561, 270, 0, 32, 0, 0, 4.88%, 0, 0, 2, 28209.09, 110740163, 206
4566, 270, 0, 32, 0, 0, 4.88%, 0, 0, 2, 25060.35, 110865719, 206
4572, 270, 0, 32, 0, 0, 4.88%, 0, 0, 2, 26833.20, 110998933, 206
4577, 271, 0, 32, 0, 0, 4.88%, 0, 0, 2, 25507.65, 111130083, 206
4582, 271, 14, 32, 0, 0, 4.88%, 0, 0, 2, 29016.62, 111282695, 206
4587, 271, 14, 32, 0, 0, 4.88%, 0, 0, 2, 23174.20, 111395513, 206
4592, 272, 0, 32, 0, 0, 4.88%, 0, 0, 2, 26646.80, 111532145, 206
4597, 272, 0, 32, 0, 0, 4.88%, 0, 0, 2, 24769.33, 111658924, 206
4602, 272, 0, 32, 0, 0, 4.88%, 0, 0, 2, 28404.86, 111801888, 206
4607, 273, 28, 32, 0, 0, 4.88%, 0, 0, 2, 24715.67, 111927042, 206
4612, 273, 0, 32, 0, 0, 4.88%, 0, 0, 2, 28563.32, 112082250, 206
4617, 273, 0, 32, 0, 0, 4.88%, 0, 0, 2, 25162.99, 112208569, 206
4622, 274, 0, 32, 0, 0, 4.88%, 0, 0, 2, 27336.61, 112354257, 206
4627, 274, 0, 32, 0, 0, 4.88%, 0, 0, 2, 24434.60, 112471412, 206
4632, 274, 0, 32, 0, 0, 4.88%, 0, 0, 2, 28814.23, 112621924, 206
4637, 274, 0, 32, 0, 0, 4.88%, 0, 0, 2, 25686.79, 112747294, 206
4643, 275, 0, 32, 0, 0, 4.88%, 0, 0, 2, 26619.38, 112878676, 206
4648, 275, 0, 32, 0, 0, 4.88%, 0, 0, 2, 25180.66, 113004151, 206
4653, 275, 0, 32, 0, 0, 4.88%, 0, 0, 2, 26720.42, 113145389, 206
4658, 276, 0, 32, 0, 0, 4.88%, 0, 0, 2, 25512.01, 113268217, 206
4663, 276, 0, 32, 0, 0, 4.88%, 0, 0, 2, 25507.76, 113404002, 206
4668, 277, 0, 32, 0, 0, 4.88%, 0, 0, 2, 25010.15, 113521702, 206
4673, 277, 14, 32, 0, 0, 4.88%, 0, 0, 2, 27575.77, 113666169, 206
4678, 277, 18, 32, 0, 0, 4.88%, 0, 0, 2, 25038.89, 113783762, 206
4683, 278, 0, 32, 0, 0, 4.88%, 0, 0, 2, 29266.09, 113936968, 206
4688, 278, 0, 32, 0, 0, 4.88%, 0, 0, 2, 27087.28, 114066710, 206
4693, 278, 18, 32, 0, 0, 4.88%, 0, 0, 2, 31041.26, 114232402, 206
4699, 279, 0, 32, 0, 0, 4.88%, 0, 0, 2, 27031.10, 114359040, 206
4704, 279, 0, 32, 0, 0, 4.88%, 0, 0, 2, 27891.87, 114502481, 206
4709, 279, 0, 32, 0, 0, 4.88%, 0, 0, 2, 25496.10, 114620250, 206
4714, 279, 0, 32, 0, 0, 4.88%, 0, 0, 2, 27860.58, 114764758, 206
4719, 280, 0, 32, 0, 0, 4.88%, 0, 0, 2, 28357.38, 114901630, 206
4724, 280, 0, 32, 0, 0, 4.88%, 0, 0, 2, 29379.33, 115053187, 206
4729, 280, 15, 32, 0, 0, 4.88%, 0, 0, 2, 27480.15, 115181749, 206
4734, 281, 0, 32, 0, 0, 4.88%, 0, 0, 2, 25510.28, 115308029, 206
4739, 281, 0, 32, 0, 0, 4.88%, 0, 0, 2, 23629.96, 115429315, 206
4744, 281, 0, 32, 0, 0, 4.88%, 0, 0, 2, 24693.89, 115560659, 206
4749, 282, 0, 32, 0, 0, 4.88%, 0, 0, 2, 26273.20, 115691735, 206
4754, 282, 0, 32, 0, 0, 4.88%, 0, 0, 2, 27097.91, 115835629, 206
4759, 282, 0, 32, 0, 0, 4.88%, 0, 0, 2, 29577.47, 115976615, 206
4764, 283, 0, 32, 0, 0, 4.88%, 0, 0, 2, 24195.39, 116102577, 206
4770, 283, 0, 32, 0, 0, 4.88%, 0, 0, 2, 25170.66, 116228311, 206
4775, 283, 0, 32, 0, 0, 4.88%, 0, 0, 2, 27153.62, 116374915, 206
4780, 284, 0, 32, 0, 0, 4.88%, 0, 0, 2, 26808.12, 116505643, 206
4785, 284, 0, 32, 0, 0, 4.88%, 0, 0, 2, 26110.46, 116642596, 206
4790, 285, 0, 32, 0, 0, 4.88%, 0, 0, 2, 28988.00, 116780000, 206
4795, 285, 23, 32, 0, 0, 4.88%, 0, 0, 2, 26737.17, 116917570, 206
4800, 285, 20, 32, 0, 0, 4.88%, 0, 0, 2, 25012.63, 117036437, 206
4805, 286, 23, 32, 0, 0, 4.88%, 0, 0, 2, 25659.01, 117169403, 206
4810, 286, 0, 32, 0, 0, 4.88%, 0, 0, 2, 23905.53, 117284744, 206
4815, 286, 0, 32, 0, 0, 4.88%, 0, 0, 2, 26013.70, 117423775, 206
4820, 287, 0, 32, 0, 0, 4.88%, 0, 0, 2, 24198.47, 117547162, 206
4825, 287, 0, 32, 0, 0, 4.88%, 0, 0, 2, 23852.76, 117674868, 206
4830, 287, 17, 32, 0, 0, 4.88%, 0, 0, 2, 25847.78, 117808017, 206
4835, 288, 0, 32, 0, 0, 4.88%, 0, 0, 2, 25992.77, 117947719, 206
4840, 288, 0, 32, 0, 0, 4.88%, 0, 0, 2, 24769.56, 118068764, 206
4845, 288, 0, 32, 0, 0, 4.88%, 0, 0, 2, 26347.93, 118213291, 206
4850, 289, 0, 32, 0, 0, 4.88%, 0, 0, 2, 26016.93, 118339492, 206
4856, 289, 0, 32, 0, 0, 4.88%, 0, 0, 2, 25776.23, 118479246, 206
4861, 289, 0, 32, 0, 0, 4.88%, 0, 0, 2, 28740.33, 118622819, 206
4866, 289, 17, 32, 0, 0, 4.88%, 0, 0, 2, 25237.62, 118750071, 206
4871, 290, 29, 32, 0, 0, 4.88%, 0, 0, 2, 30053.67, 118900549, 206
4876, 290, 0, 32, 0, 0, 4.88%, 0, 0, 2, 23920.24, 119017464, 206
4881, 291, 0, 32, 0, 0, 4.88%, 0, 0, 2, 25884.52, 119149227, 206
4886, 291, 0, 32, 0, 0, 4.88%, 0, 0, 2, 24256.02, 119282642, 206
4891, 291, 0, 32, 0, 0, 4.88%, 0, 0, 2, 29323.66, 119438532, 206
4896, 291, 0, 32, 0, 0, 4.88%, 0, 0, 2, 26034.36, 119578623, 206
4901, 292, 0, 32, 0, 0, 4.88%, 0, 0, 2, 30248.26, 119733731, 206
4906, 292, 0, 32, 0, 0, 4.88%, 0, 0, 2, 25653.84, 119866770, 206
4911, 292, 0, 32, 0, 0, 4.88%, 0, 0, 2, 26753.70, 120001852, 206
4916, 293, 0, 32, 0, 0, 4.88%, 0, 0, 2, 24865.82, 120135336, 206
4922, 294, 0, 32, 0, 0, 4.88%, 0, 0, 2, 25882.91, 120273198, 206
4927, 294, 0, 32, 0, 0, 4.88%, 0, 0, 2, 24889.06, 120404094, 206
4932, 294, 0, 32, 0, 0, 4.88%, 0, 0, 2, 28321.28, 120548733, 206
4937, 294, 0, 32, 0, 0, 4.88%, 0, 0, 2, 26641.88, 120687399, 206
4942, 295, 0, 32, 0, 0, 4.88%, 0, 0, 2, 28917.24, 120838397, 206
4947, 295, 29, 32, 0, 0, 4.88%, 0, 0, 2, 23243.97, 120953305, 206
4952, 295, 0, 32, 0, 0, 4.88%, 0, 0, 2, 28452.74, 121102009, 206
4957, 296, 0, 32, 0, 0, 4.88%, 0, 0, 2, 25994.32, 121234804, 206
4962, 296, 0, 32, 0, 0, 4.88%, 0, 0, 2, 27308.52, 121375523, 206
4967, 296, 0, 32, 0, 0, 4.88%, 0, 0, 2, 23783.52, 121498417, 206
4973, 297, 0, 32, 0, 0, 4.88%, 0, 0, 2, 26863.42, 121644347, 206
4978, 297, 0, 32, 0, 0, 4.88%, 0, 0, 2, 24163.41, 121761265, 206
4983, 297, 0, 32, 0, 0, 4.88%, 0, 0, 2, 28409.33, 121915377, 206
4988, 298, 5, 32, 0, 0, 4.88%, 0, 0, 2, 26332.56, 122048831, 206
4993, 298, 14, 32, 0, 0, 4.88%, 0, 0, 2, 25870.07, 122178230, 206
4998, 298, 0, 32, 0, 0, 4.88%, 0, 0, 2, 25529.82, 122299765, 206
5003, 299, 0, 32, 0, 0, 4.88%, 0, 0, 2, 25963.57, 122433749, 206
5008, 299, 0, 32, 0, 0, 4.88%, 0, 0, 2, 24414.12, 122545294, 206
5013, 299, 0, 32, 0, 0, 4.88%, 0, 0, 2, 29776.83, 122707626, 206
5018, 300, 0, 32, 0, 0, 4.88%, 0, 0, 2, 24954.10, 122823908, 206
5024, 300, 0, 32, 0, 0, 4.88%, 0, 0, 2, 29429.81, 122980186, 206
5029, 300, 0, 32, 0, 0, 4.88%, 0, 0, 2, 23532.15, 123089950, 206
5034, 301, 0, 32, 0, 0, 4.88%, 0, 0, 2, 27309.12, 123232503, 206
5039, 301, 0, 32, 0, 0, 4.88%, 0, 0, 2, 24830.48, 123350361, 206
5044, 301, 0, 32, 0, 0, 4.88%, 0, 0, 2, 25737.30, 123491663, 206
5049, 302, 0, 32, 0, 0, 4.88%, 0, 0, 2, 27408.35, 123622745, 206
5054, 302, 14, 32, 0, 0, 4.88%, 0, 0, 2, 29332.81, 123777827, 206
5059, 302, 14, 32, 0, 0, 4.88%, 0, 0, 2, 26319.32, 123900376, 206
5064, 303, 15, 32, 0, 0, 4.88%, 0, 0, 2, 22508.28, 124011898, 206
5069, 303, 24, 32, 0, 0, 4.88%, 0, 0, 2, 27320.84, 124146596, 206
5074, 303, 0, 32, 0, 0, 4.88%, 0, 0, 2, 25153.61, 124274500, 206
5079, 304, 0, 32, 0, 0, 4.88%, 0, 0, 2, 24598.56, 124394032, 206
5084, 304, 0, 32, 0, 0, 4.88%, 0, 0, 2, 27057.27, 124541992, 206
5089, 305, 0, 32, 0, 0, 4.88%, 0, 0, 2, 27488.28, 124677214, 206
5095, 305, 0, 32, 0, 0, 4.88%, 0, 0, 2, 26961.61, 124815075, 206
5100, 305, 17, 32, 0, 0, 4.88%, 0, 0, 2, 29152.88, 124958298, 206
5105, 306, 0, 32, 0, 0, 4.88%, 0, 0, 2, 25302.12, 125092006, 206
5110, 306, 0, 32, 0, 0, 4.88%, 0, 0, 2, 26613.17, 125227722, 206
5115, 307, 0, 32, 0, 0, 4.88%, 0, 0, 2, 25803.40, 125361633, 206
5120, 307, 0, 32, 0, 0, 4.88%, 0, 0, 2, 29173.47, 125506475, 206
5125, 307, 0, 32, 0, 0, 4.88%, 0, 0, 2, 26203.75, 125644559, 206
5130, 307, 14, 32, 0, 0, 4.88%, 0, 0, 2, 28406.56, 125780390, 206
5135, 308, 0, 32, 0, 0, 4.88%, 0, 0, 2, 24851.99, 125910190, 206
5140, 308, 0, 32, 0, 0, 4.88%, 0, 0, 2, 26719.04, 126047968, 206
5145, 308, 14, 32, 0, 0, 4.88%, 0, 0, 2, 25592.67, 126190014, 206
5150, 309, 17, 32, 0, 0, 4.88%, 0, 0, 2, 25531.98, 126314953, 206
5155, 309, 15, 32, 0, 0, 4.88%, 0, 0, 2, 22831.58, 126430701, 206
5161, 310, 0, 32, 0, 0, 4.88%, 0, 0, 2, 25749.15, 126561414, 206
5166, 310, 0, 32, 0, 0, 4.88%, 0, 0, 2, 24898.23, 126692825, 206
5171, 310, 15, 32, 0, 0, 4.88%, 0, 0, 2, 26142.22, 126831147, 206
5176, 311, 0, 32, 0, 0, 4.88%, 0, 0, 2, 23387.16, 126951559, 206
5181, 311, 0, 32, 0, 0, 4.88%, 0, 0, 2, 27217.13, 127091057, 206
5186, 311, 0, 32, 0, 0, 4.88%, 0, 0, 2, 23462.37, 127210691, 206
5191, 312, 0, 32, 0, 0, 4.88%, 0, 0, 2, 24981.38, 127333123, 206
5196, 312, 15, 32, 0, 0, 4.88%, 0, 0, 2, 24513.82, 127468226, 206
5201, 312, 0, 32, 0, 0, 4.88%, 0, 0, 2, 24334.71, 127593820, 206
5206, 313, 24, 32, 0, 0, 4.88%, 0, 0, 2, 23020.46, 127714416, 206
5211, 313, 0, 32, 0, 0, 4.88%, 0, 0, 2, 26936.18, 127851728, 206
5216, 314, 0, 32, 0, 0, 4.88%, 0, 0, 2, 23901.80, 127977053, 206
5221, 314, 0, 32, 0, 0, 4.88%, 0, 0, 2, 27971.60, 128118894, 206
5226, 314, 0, 32, 0, 0, 4.88%, 0, 0, 2, 22972.33, 128238994, 206
5231, 315, 0, 32, 0, 0, 4.88%, 0, 0, 2, 25160.10, 128370854, 206
5236, 315, 17, 32, 0, 0, 4.88%, 0, 0, 2, 24012.87, 128496577, 206
5241, 315, 0, 32, 0, 0, 4.88%, 0, 0, 2, 29202.47, 128645856, 206
5246, 316, 0, 32, 0, 0, 4.88%, 0, 0, 2, 23545.30, 128766538, 206
5252, 316, 18, 32, 0, 0, 4.88%, 0, 0, 2, 26130.12, 128901385, 206
5257, 316, 0, 32, 0, 0, 4.88%, 0, 0, 2, 22710.53, 129019453, 206
5262, 317, 14, 32, 0, 0, 4.88%, 0, 0, 2, 25553.96, 129154122, 206
5267, 317, 14, 32, 0, 0, 4.88%, 0, 0, 2, 22183.03, 129267120, 206
5272, 318, 18, 32, 0, 0, 4.88%, 0, 0, 2, 26219.68, 129400506, 206
5277, 318, 0, 32, 0, 0, 4.88%, 0, 0, 2, 23461.63, 129513614, 206
5282, 319, 0, 32, 0, 0, 4.88%, 0, 0, 2, 27686.60, 129662951, 206
5287, 319, 0, 32, 0, 0, 4.88%, 0, 0, 2, 26280.55, 129795707, 206
5293, 319, 27, 32, 0, 0, 4.88%, 0, 0, 2, 27952.05, 129947937, 206
5298, 320, 0, 32, 0, 0, 4.88%, 0, 0, 2, 24368.31, 130064191, 206
5303, 320, 17, 32, 0, 0, 4.88%, 0, 0, 2, 27005.63, 130202091, 206
5308, 320, 0, 32, 0, 0, 4.88%, 0, 0, 2, 25799.02, 130322889, 206
5313, 321, 0, 32, 0, 0, 4.88%, 0, 0, 2, 27674.50, 130470215, 206
5318, 321, 0, 32, 0, 0, 4.88%, 0, 0, 2, 25841.99, 130596646, 206
5323, 321, 0, 32, 0, 0, 4.88%, 0, 0, 2, 28772.34, 130742599, 206
5328, 321, 15, 32, 0, 0, 4.88%, 0, 0, 2, 25275.15, 130866438, 206
5333, 322, 0, 32, 0, 0, 4.88%, 0, 0, 2, 26276.49, 131002150, 206
5338, 322, 14, 32, 0, 0, 4.88%, 0, 0, 2, 26880.90, 131134220, 206
5343, 323, 13, 32, 0, 0, 4.88%, 0, 0, 2, 28487.35, 131279139, 206
5348, 323, 14, 32, 0, 0, 4.88%, 0, 0, 2, 23653.14, 131388998, 206
5353, 324, 17, 32, 0, 0, 4.88%, 0, 0, 2, 30063.24, 131549356, 206
5358, 324, 19, 32, 0, 0, 4.88%, 0, 0, 2, 26199.11, 131672122, 206
5363, 324, 17, 32, 0, 0, 4.88%, 0, 0, 2, 27291.89, 131814701, 206
5369, 324, 0, 32, 0, 0, 4.88%, 0, 0, 2, 25799.56, 131940580, 206
5374, 325, 0, 32, 0, 0, 4.88%, 0, 0, 2, 29992.91, 132102917, 206
5379, 325, 0, 32, 0, 0, 4.88%, 0, 0, 2, 24648.59, 132223396, 206
5384, 326, 17, 32, 0, 0, 4.88%, 0, 0, 2, 25524.20, 132355577, 206
5389, 326, 0, 32, 0, 0, 4.88%, 0, 0, 2, 26457.25, 132490093, 206
5394, 326, 0, 32, 0, 0, 4.88%, 0, 0, 2, 30231.96, 132649425, 206
5399, 327, 0, 32, 0, 0, 4.88%, 0, 0, 2, 27158.85, 132778154, 206
5404, 327, 0, 32, 0, 0, 4.88%, 0, 0, 2, 30046.84, 132932282, 206
5409, 327, 19, 32, 0, 0, 4.88%, 0, 0, 2, 30747.72, 133078271, 206
5414, 327, 0, 32, 0, 0, 4.88%, 0, 0, 2, 30309.26, 133238445, 206
5420, 328, 0, 32, 0, 0, 4.88%, 0, 0, 2, 28261.99, 133375998, 206
5425, 328, 0, 32, 0, 0, 4.88%, 0, 0, 2, 25020.76, 133505257, 206
5430, 328, 0, 32, 0, 0, 4.88%, 0, 0, 2, 27221.61, 133643278, 206
5435, 329, 11, 32, 0, 0, 4.88%, 0, 0, 2, 26862.87, 133790068, 206
5440, 329, 21, 32, 0, 0, 4.88%, 0, 0, 2, 27231.40, 133919391, 206
5445, 329, 0, 32, 0, 0, 4.88%, 0, 0, 2, 26106.47, 134056563, 206
5450, 330, 0, 32, 0, 0, 4.88%, 0, 0, 2, 25511.53, 134182656, 206
5455, 330, 0, 32, 0, 0, 4.88%, 0, 0, 2, 24278.81, 134309531, 206
5460, 330, 0, 32, 0, 0, 4.88%, 0, 0, 2, 25177.43, 134434036, 206
5465, 331, 0, 32, 0, 0, 4.88%, 0, 0, 2, 25384.40, 134573709, 206
5470, 331, 0, 32, 0, 0, 4.88%, 0, 0, 2, 30005.16, 134720598, 206
5475, 331, 0, 32, 0, 0, 4.88%, 0, 0, 2, 28212.07, 134865070, 206
5480, 332, 0, 32, 0, 0, 4.88%, 0, 0, 2, 26396.41, 134991673, 206
5485, 332, 0, 32, 0, 0, 4.88%, 0, 0, 2, 24340.89, 135122382, 206
5490, 333, 0, 32, 0, 0, 4.88%, 0, 0, 2, 30148.54, 135278271, 206
5495, 333, 0, 32, 0, 0, 4.88%, 0, 0, 2, 28182.68, 135423724, 206
5500, 333, 17, 32, 0, 0, 4.88%, 0, 0, 2, 27195.48, 135553351, 206
5505, 334, 0, 32, 0, 0, 4.88%, 0, 0, 2, 27707.06, 135697328, 206
5510, 334, 18, 32, 0, 0, 4.88%, 0, 0, 2, 28039.27, 135836687, 206
5516, 334, 0, 32, 0, 0, 4.88%, 0, 0, 2, 27073.69, 135975020, 206
5521, 335, 0, 32, 0, 0, 4.88%, 0, 0, 2, 27067.58, 136111825, 206
5526, 335, 0, 32, 0, 0, 4.88%, 0, 0, 2, 27052.18, 136253465, 206
5531, 335, 0, 32, 0, 0, 4.88%, 0, 0, 2, 27250.89, 136388505, 206
5536, 336, 17, 32, 0, 0, 4.88%, 0, 0, 2, 24774.82, 136517841, 206
5541, 336, 0, 32, 0, 0, 4.88%, 0, 0, 2, 26306.64, 136650045, 206
5546, 337, 14, 32, 0, 0, 4.88%, 0, 0, 2, 23663.24, 136769650, 206
5551, 337, 15, 32, 0, 0, 4.88%, 0, 0, 2, 25381.34, 136895225, 206
5556, 337, 0, 32, 0, 0, 4.88%, 0, 0, 2, 25890.55, 137033449, 206
5561, 337, 0, 32, 0, 0, 4.88%, 0, 0, 2, 28972.82, 137180601, 206
5566, 338, 0, 32, 0, 0, 4.88%, 0, 0, 2, 25306.67, 137310897, 206
5571, 338, 0, 32, 0, 0, 4.88%, 0, 0, 2, 29857.75, 137462371, 206
5576, 338, 0, 32, 0, 0, 4.88%, 0, 0, 2, 24805.72, 137587115, 206
5581, 339, 0, 32, 0, 0, 4.88%, 0, 0, 2, 28616.14, 137738064, 206
5586, 339, 8, 32, 0, 0, 4.88%, 0, 0, 2, 24395.42, 137865933, 206
5591, 339, 0, 32, 0, 0, 4.88%, 0, 0, 2, 28543.66, 138017998, 206
5596, 340, 0, 32, 0, 0, 4.88%, 0, 0, 2, 25306.03, 138145537, 206
5602, 340, 0, 32, 0, 0, 4.88%, 0, 0, 2, 29137.62, 138296148, 206
5607, 340, 0, 32, 0, 0, 4.88%, 0, 0, 2, 24980.57, 138421584, 206
5612, 341, 0, 32, 0, 0, 4.88%, 0, 0, 2, 29616.80, 138569870, 206
5617, 341, 0, 32, 0, 0, 4.88%, 0, 0, 2, 27457.76, 138711569, 206
5622, 341, 0, 32, 0, 0, 4.88%, 0, 0, 2, 29034.83, 138860044, 206
5627, 341, 0, 32, 0, 0, 4.88%, 0, 0, 2, 27665.03, 139001956, 206
5632, 342, 0, 32, 0, 0, 4.88%, 0, 0, 2, 29580.28, 139154969, 206
5637, 342, 0, 32, 0, 0, 4.88%, 0, 0, 2, 26868.66, 139289540, 206
5642, 342, 0, 32, 0, 0, 4.88%, 0, 0, 2, 27297.28, 139432472, 206
5647, 343, 0, 32, 0, 0, 4.88%, 0, 0, 2, 24467.38, 139555121, 206
5652, 343, 0, 32, 0, 0, 4.88%, 0, 0, 2, 25676.45, 139688001, 206
5657, 343, 0, 32, 0, 0, 4.88%, 0, 0, 2, 25227.92, 139818543, 206
5662, 344, 0, 32, 0, 0, 4.88%, 0, 0, 2, 28881.59, 139970898, 206
5667, 344, 29, 32, 0, 0, 4.88%, 0, 0, 2, 24033.44, 140083486, 206
5673, 344, 0, 32, 0, 0, 4.88%, 0, 0, 2, 28769.00, 140233858, 206
5678, 345, 0, 32, 0, 0, 4.88%, 0, 0, 2, 28972.53, 140372922, 206
5683, 345, 14, 32, 0, 0, 4.88%, 0, 0, 2, 29196.45, 140518601, 206
5688, 345, 0, 32, 0, 0, 4.88%, 0, 0, 2, 25885.30, 140642278, 206
5693, 346, 0, 32, 0, 0, 4.88%, 0, 0, 2, 32957.94, 140814193, 206
5698, 346, 0, 32, 0, 0, 4.88%, 0, 0, 2, 25837.45, 140942760, 206
5703, 346, 0, 32, 0, 0, 4.88%, 0, 0, 2, 30395.71, 141098997, 206
5708, 347, 14, 32, 0, 0, 4.88%, 0, 0, 2, 27210.08, 141227995, 206
5713, 347, 0, 32, 0, 0, 4.88%, 0, 0, 2, 30363.68, 141383044, 206
5718, 347, 0, 32, 0, 0, 4.88%, 0, 0, 2, 24669.04, 141502376, 206
5723, 347, 0, 32, 0, 0, 4.88%, 0, 0, 2, 27730.63, 141643666, 206
5728, 348, 0, 32, 0, 0, 4.88%, 0, 0, 2, 24276.44, 141757853, 206
5733, 348, 0, 32, 0, 0, 4.88%, 0, 0, 2, 28856.92, 141906773, 206
5738, 348, 0, 32, 0, 0, 4.88%, 0, 0, 2, 27713.17, 142038450, 206
5743, 349, 14, 32, 0, 0, 4.88%, 0, 0, 2, 31804.94, 142204897, 206
5748, 349, 3, 32, 0, 0, 4.88%, 0, 0, 2, 25761.71, 142322410, 206
5753, 349, 11, 32, 0, 0, 4.88%, 0, 0, 2, 27709.50, 142457992, 206
5759, 350, 0, 32, 0, 0, 4.88%, 0, 0, 2, 25600.31, 142578726, 206
5764, 350, 0, 32, 0, 0, 4.88%, 0, 0, 2, 28098.05, 142728420, 206
5769, 350, 0, 32, 0, 0, 4.88%, 0, 0, 2, 27945.40, 142870109, 206
5774, 351, 0, 32, 0, 0, 4.88%, 0, 0, 2, 28141.53, 143012825, 206
5779, 351, 0, 32, 0, 0, 4.88%, 0, 0, 2, 25802.65, 143134742, 206
5784, 351, 0, 32, 0, 0, 4.88%, 0, 0, 2, 25257.96, 143270162, 206
5789, 352, 0, 32, 0, 0, 4.88%, 0, 0, 2, 25495.46, 143392861, 206
5794, 352, 15, 32, 0, 0, 4.88%, 0, 0, 2, 30351.39, 143550991, 206
5799, 352, 0, 32, 0, 0, 4.88%, 0, 0, 2, 25321.43, 143671027, 206
5804, 353, 0, 32, 0, 0, 4.88%, 0, 0, 2, 29673.55, 143824819, 206
5809, 353, 0, 32, 0, 0, 4.88%, 0, 0, 2, 28594.69, 143962148, 206
5814, 353, 0, 32, 0, 0, 4.88%, 0, 0, 2, 26531.38, 144099810, 206
5819, 354, 0, 32, 0, 0, 4.88%, 0, 0, 2, 25844.88, 144219875, 206
5824, 354, 0, 32, 0, 0, 4.88%, 0, 0, 2, 24791.82, 144352257, 206
5829, 354, 17, 32, 0, 0, 4.88%, 0, 0, 2, 24208.60, 144470812, 206
5834, 355, 0, 32, 0, 0, 4.88%, 0, 0, 2, 27515.57, 144614307, 206
5840, 355, 0, 32, 0, 0, 4.88%, 0, 0, 2, 28310.07, 144754105, 206
5845, 355, 0, 32, 0, 0, 4.88%, 0, 0, 2, 25704.86, 144890661, 206
5850, 356, 0, 32, 0, 0, 4.88%, 0, 0, 2, 27001.03, 145024563, 206
5855, 356, 0, 32, 0, 0, 4.88%, 0, 0, 2, 27144.27, 145165592, 206
5860, 356, 0, 32, 0, 0, 4.88%, 0, 0, 2, 26292.75, 145292435, 206
5865, 357, 18, 32, 0, 0, 4.88%, 0, 0, 2, 25108.77, 145423732, 206
5870, 357, 17, 32, 0, 0, 4.88%, 0, 0, 2, 25412.01, 145545500, 206
5875, 357, 0, 32, 0, 0, 4.88%, 0, 0, 2, 26416.76, 145679175, 206
5880, 358, 14, 32, 0, 0, 4.88%, 0, 0, 2, 26973.25, 145817065, 206
5885, 358, 0, 32, 0, 0, 4.88%, 0, 0, 2, 25561.35, 145947725, 206
5890, 359, 0, 32, 0, 0, 4.88%, 0, 0, 2, 27651.09, 146086462, 206
5895, 359, 24, 32, 0, 0, 4.88%, 0, 0, 2, 25874.59, 146222592, 206
5900, 359, 0, 32, 0, 0, 4.88%, 0, 0, 2, 28305.31, 146369269, 206
5905, 360, 14, 32, 0, 0, 4.88%, 0, 0, 2, 25002.03, 146501915, 206
5910, 360, 0, 32, 0, 0, 4.88%, 0, 0, 2, 28119.66, 146635542, 206
5915, 360, 0, 32, 0, 0, 4.88%, 0, 0, 2, 27513.40, 146783557, 206
5920, 361, 0, 32, 0, 0, 4.88%, 0, 0, 2, 28276.69, 146925502, 206
5925, 361, 5, 32, 0, 0, 4.88%, 0, 0, 2, 27425.42, 147067989, 206
5930, 361, 0, 32, 0, 0, 4.88%, 0, 0, 2, 31171.67, 147223582, 206
5935, 362, 0, 32, 0, 0, 4.88%, 0, 0, 2, 25809.70, 147349361, 206
5941, 362, 0, 32, 0, 0, 4.88%, 0, 0, 2, 29261.71, 147503061, 206
5946, 362, 0, 32, 0, 0, 4.88%, 0, 0, 2, 25711.11, 147639582, 206
5951, 363, 0, 32, 0, 0, 4.88%, 0, 0, 2, 24557.62, 147763843, 206
5956, 363, 0, 32, 0, 0, 4.88%, 0, 0, 2, 26290.35, 147910038, 206
5961, 363, 0, 32, 0, 0, 4.88%, 0, 0, 2, 26752.10, 148046032, 206
5966, 364, 17, 32, 0, 0, 4.88%, 0, 0, 2, 23334.03, 148163623, 206
5971, 364, 0, 32, 0, 0, 4.88%, 0, 0, 2, 33430.70, 148339994, 206
5976, 364, 15, 32, 0, 0, 4.88%, 0, 0, 2, 27201.38, 148479252, 206
5982, 365, 0, 32, 0, 0, 4.88%, 0, 0, 2, 28478.48, 148618481, 206
5987, 365, 0, 32, 0, 0, 4.88%, 0, 0, 2, 26946.87, 148752415, 206
5992, 365, 0, 32, 0, 0, 4.88%, 0, 0, 2, 31354.05, 148915226, 206
5997, 365, 0, 32, 0, 0, 4.88%, 0, 0, 2, 25635.60, 149046341, 206
6002, 366, 15, 32, 0, 0, 4.88%, 0, 0, 2, 29769.74, 149200533, 206
6007, 366, 0, 32, 0, 0, 4.88%, 0, 0, 2, 23498.52, 149313141, 206
6012, 367, 0, 32, 0, 0, 4.88%, 0, 0, 2, 28577.50, 149462442, 206
6017, 367, 14, 32, 0, 0, 4.88%, 0, 0, 2, 24710.18, 149582918, 206
6022, 367, 0, 32, 0, 0, 4.88%, 0, 0, 2, 31088.92, 149741406, 206
6027, 368, 0, 32, 0, 0, 4.88%, 0, 0, 2, 24559.96, 149851899, 206
6033, 368, 15, 32, 0, 0, 4.88%, 0, 0, 2, 29719.28, 150012769, 206
6038, 368, 0, 32, 0, 0, 4.88%, 0, 0, 2, 26004.77, 150141659, 206
6043, 369, 29, 32, 0, 0, 4.88%, 0, 0, 2, 27602.70, 150280700, 206
6048, 369, 0, 32, 0, 0, 4.88%, 0, 0, 2, 26043.19, 150411372, 206
6053, 369, 0, 32, 0, 0, 4.88%, 0, 0, 2, 29325.26, 150564730, 206
6058, 370, 0, 32, 0, 0, 4.88%, 0, 0, 2, 25771.73, 150690501, 206
6063, 370, 0, 32, 0, 0, 4.88%, 0, 0, 2, 30984.77, 150865719, 206
6068, 370, 0, 32, 0, 0, 4.88%, 0, 0, 2, 26574.71, 150996407, 206
6073, 371, 0, 32, 0, 0, 4.88%, 0, 0, 2, 28134.92, 151148309, 206
6078, 371, 0, 32, 0, 0, 4.88%, 0, 0, 2, 25662.68, 151269135, 206
6083, 371, 0, 32, 0, 0, 4.88%, 0, 0, 2, 29396.46, 151424581, 206
6088, 372, 0, 32, 0, 0, 4.88%, 0, 0, 2, 25310.95, 151541270, 206
6093, 372, 0, 32, 0, 0, 4.88%, 0, 0, 2, 29400.17, 151694516, 206
6098, 372, 0, 32, 0, 0, 4.88%, 0, 0, 2, 28235.20, 151823108, 206
6104, 373, 0, 32, 0, 0, 4.88%, 0, 0, 2, 30873.92, 151990937, 206
6109, 373, 0, 32, 0, 0, 4.88%, 0, 0, 2, 27104.18, 152121489, 206
6114, 373, 0, 32, 0, 0, 4.88%, 0, 0, 2, 27443.96, 152266872, 206
6119, 374, 18, 32, 0, 0, 4.88%, 0, 0, 2, 25813.69, 152393169, 206
6124, 374, 0, 32, 0, 0, 4.88%, 0, 0, 2, 28181.95, 152540128, 206
6129, 374, 0, 32, 0, 0, 4.88%, 0, 0, 2, 29367.72, 152674344, 206
6134, 375, 0, 32, 0, 0, 4.88%, 0, 0, 2, 28984.01, 152830768, 206
6139, 375, 0, 32, 0, 0, 4.88%, 0, 0, 2, 27444.76, 152956229, 206
6144, 375, 0, 32, 0, 0, 4.88%, 0, 0, 2, 25489.65, 153093341, 206
6149, 375, 0, 32, 0, 0, 4.88%, 0, 0, 2, 28957.11, 153226196, 206
6154, 376, 0, 32, 0, 0, 4.88%, 0, 0, 2, 28482.76, 153378301, 206
6159, 376, 0, 32, 0, 0, 4.88%, 0, 0, 2, 26221.26, 153502913, 206
6164, 376, 0, 32, 0, 0, 4.88%, 0, 0, 2, 29586.93, 153657689, 206
6169, 377, 0, 32, 0, 0, 4.88%, 0, 0, 2, 28076.22, 153789003, 206
6175, 377, 0, 32, 0, 0, 4.88%, 0, 0, 2, 26910.97, 153932540, 206
6180, 377, 0, 32, 0, 0, 4.88%, 0, 0, 2, 27455.77, 154065127, 206
6185, 378, 0, 32, 0, 0, 4.88%, 0, 0, 2, 26765.57, 154205765, 206
6190, 378, 0, 32, 0, 0, 4.88%, 0, 0, 2, 28469.89, 154348305, 206
6195, 378, 3, 32, 0, 0, 4.88%, 0, 0, 2, 28328.22, 154495710, 206
6200, 379, 21, 32, 0, 0, 4.88%, 0, 0, 2, 30353.08, 154649557, 206
6205, 379, 0, 32, 0, 0, 4.88%, 0, 0, 2, 27283.11, 154795623, 206
6210, 379, 17, 32, 0, 0, 4.88%, 0, 0, 2, 28599.48, 154937011, 206
6215, 380, 0, 32, 0, 0, 4.88%, 0, 0, 2, 26982.61, 155077294, 206
6220, 380, 0, 32, 0, 0, 4.88%, 0, 0, 2, 27267.41, 155212738, 206
6225, 380, 0, 32, 0, 0, 4.88%, 0, 0, 2, 24805.14, 155336726, 206
6230, 381, 0, 32, 0, 0, 4.88%, 0, 0, 2, 25692.11, 155469150, 206
6235, 381, 15, 32, 0, 0, 4.88%, 0, 0, 2, 26268.80, 155604281, 206
6240, 382, 0, 32, 0, 0, 4.88%, 0, 0, 2, 28430.39, 155745621, 206
6245, 382, 14, 32, 0, 0, 4.88%, 0, 0, 2, 26568.49, 155887301, 206
6251, 382, 14, 32, 0, 0, 4.88%, 0, 0, 2, 26186.06, 156013827, 206
6256, 383, 21, 32, 0, 0, 4.88%, 0, 0, 2, 25591.55, 156146574, 206
6261, 383, 17, 32, 0, 0, 4.88%, 0, 0, 2, 27532.01, 156279612, 206
6266, 383, 0, 32, 0, 0, 4.88%, 0, 0, 2, 22627.74, 156391293, 206
6271, 384, 0, 32, 0, 0, 4.88%, 0, 0, 2, 28294.56, 156537385, 206
6276, 384, 0, 32, 0, 0, 4.88%, 0, 0, 2, 26655.77, 156680981, 206
6281, 384, 0, 32, 0, 0, 4.88%, 0, 0, 2, 26027.30, 156812317, 206
6286, 385, 0, 32, 0, 0, 4.88%, 0, 0, 2, 25524.67, 156940563, 206
6291, 385, 14, 32, 0, 0, 4.88%, 0, 0, 2, 27859.22, 157083189, 206
6296, 385, 14, 32, 0, 0, 4.88%, 0, 0, 2, 25646.89, 157214246, 206
6301, 386, 0, 32, 0, 0, 4.88%, 0, 0, 2, 31234.27, 157372649, 206
6306, 386, 0, 32, 0, 0, 4.88%, 0, 0, 2, 27937.48, 157520779, 206
6311, 386, 14, 32, 0, 0, 4.88%, 0, 0, 2, 30397.09, 157673157, 206
6317, 387, 0, 32, 0, 0, 4.88%, 0, 0, 2, 25277.53, 157801064, 206
6322, 387, 0, 32, 0, 0, 4.88%, 0, 0, 2, 28073.45, 157954499, 206
6327, 387, 0, 32, 0, 0, 4.88%, 0, 0, 2, 23459.71, 158069665, 206
6332, 388, 15, 32, 0, 0, 4.88%, 0, 0, 2, 27981.46, 158221716, 206
6337, 388, 0, 32, 0, 0, 4.88%, 0, 0, 2, 25860.13, 158361005, 206
6342, 389, 0, 32, 0, 0, 4.88%, 0, 0, 2, 29782.05, 158522853, 206
6347, 389, 0, 32, 0, 0, 4.88%, 0, 0, 2, 26413.29, 158651533, 206
6352, 389, 0, 32, 0, 0, 4.88%, 0, 0, 2, 30316.02, 158817404, 206
6358, 390, 17, 32, 0, 0, 4.88%, 0, 0, 2, 26916.25, 158946824, 206
6363, 390, 0, 32, 0, 0, 4.88%, 0, 0, 2, 26803.13, 159087218, 206
6368, 390, 0, 32, 0, 0, 4.88%, 0, 0, 2, 26293.04, 159217265, 206
6373, 391, 0, 32, 0, 0, 4.88%, 0, 0, 2, 27943.08, 159365408, 206
6378, 391, 0, 32, 0, 0, 4.88%, 0, 0, 2, 25991.79, 159494606, 206
6383, 391, 0, 32, 0, 0, 4.88%, 0, 0, 2, 29217.73, 159644165, 206
6388, 392, 0, 32, 0, 0, 4.88%, 0, 0, 2, 23700.34, 159756732, 206
6393, 392, 0, 32, 0, 0, 4.88%, 0, 0, 2, 25159.10, 159889299, 206
6398, 392, 14, 32, 0, 0, 4.88%, 0, 0, 2, 26170.11, 160025725, 206
6403, 393, 0, 32, 0, 0, 4.88%, 0, 0, 2, 24007.22, 160145585, 206
6408, 393, 0, 32, 0, 0, 4.88%, 0, 0, 2, 24664.68, 160272511, 206
6413, 394, 0, 32, 0, 0, 4.88%, 0, 0, 2, 27924.81, 160414914, 206
6419, 394, 17, 32, 0, 0, 4.88%, 0, 0, 2, 29434.61, 160563209, 206
6424, 394, 0, 32, 0, 0, 4.88%, 0, 0, 2, 31950.45, 160724322, 206
6429, 394, 14, 32, 0, 0, 4.88%, 0, 0, 2, 29713.67, 160860371, 206
6434, 395, 0, 32, 0, 0, 4.88%, 0, 0, 2, 31377.66, 161017677, 206
6439, 395, 0, 32, 0, 0, 4.88%, 0, 0, 2, 30563.94, 161159975, 206
6444, 395, 0, 32, 0, 0, 4.88%, 0, 0, 2, 29736.07, 161317751, 206
6449, 396, 17, 32, 0, 0, 4.88%, 0, 0, 2, 27815.94, 161448550, 206
6454, 396, 0, 32, 0, 0, 4.88%, 0, 0, 2, 29705.93, 161604653, 206
6459, 396, 0, 32, 0, 0, 4.88%, 0, 0, 2, 28380.92, 161738911, 206
6464, 397, 0, 32, 0, 0, 4.88%, 0, 0, 2, 28584.02, 161884877, 206
6469, 397, 0, 32, 0, 0, 4.88%, 0, 0, 2, 29253.49, 162025152, 206
6474, 398, 0, 32, 0, 0, 4.88%, 0, 0, 2, 27488.28, 162171650, 206
6479, 398, 0, 32, 0, 0, 4.88%, 0, 0, 2, 28384.99, 162307774, 206
6484, 398, 0, 32, 0, 0, 4.88%, 0, 0, 2, 29202.42, 162464381, 206
6489, 399, 0, 32, 0, 0, 4.88%, 0, 0, 2, 27543.08, 162594287, 206
6495, 399, 0, 32, 0, 0, 4.88%, 0, 0, 2, 29919.71, 162757389, 206
6500, 399, 14, 32, 0, 0, 4.88%, 0, 0, 2, 27837.54, 162889227, 206
6505, 399, 0, 32, 0, 0, 4.88%, 0, 0, 2, 25290.26, 163019934, 206
6510, 400, 0, 32, 0, 0, 4.88%, 0, 0, 2, 28123.96, 163154905, 206
6515, 400, 0, 32, 0, 0, 4.88%, 0, 0, 2, 28066.45, 163302789, 206
6520, 401, 19, 32, 0, 0, 4.88%, 0, 0, 2, 26359.87, 163433151, 206
6525, 401, 0, 32, 0, 0, 4.88%, 0, 0, 2, 24950.25, 163562686, 206
6530, 401, 0, 32, 0, 0, 4.88%, 0, 0, 2, 26490.02, 163696092, 206
6535, 401, 24, 32, 0, 0, 4.88%, 0, 0, 2, 27874.33, 163853192, 206
6540, 402, 0, 32, 0, 0, 4.88%, 0, 0, 2, 28477.80, 163994461, 206
6545, 402, 0, 32, 0, 0, 4.88%, 0, 0, 2, 26248.83, 164132156, 206
6550, 403, 0, 32, 0, 0, 4.88%, 0, 0, 2, 25539.14, 164258235, 206
6555, 403, 0, 32, 0, 0, 4.88%, 0, 0, 2, 27039.89, 164402603, 206
6560, 403, 14, 32, 0, 0, 4.88%, 0, 0, 2, 28072.44, 164550336, 206
6565, 404, 0, 32, 0, 0, 4.88%, 0, 0, 2, 22617.82, 164659685, 206
6570, 404, 0, 32, 0, 0, 4.88%, 0, 0, 2, 26356.09, 164792920, 206
6576, 404, 19, 32, 0, 0, 4.88%, 0, 0, 2, 25342.72, 164927031, 206
6581, 404, 0, 32, 0, 0, 4.88%, 0, 0, 2, 30766.58, 165087792, 206
6586, 405, 0, 32, 0, 0, 4.88%, 0, 0, 2, 26738.43, 165225222, 206
6591, 405, 13, 32, 0, 0, 4.88%, 0, 0, 2, 29111.74, 165374179, 206
6596, 405, 0, 32, 0, 0, 4.88%, 0, 0, 2, 25737.12, 165509185, 206
6601, 406, 14, 32, 0, 0, 4.88%, 0, 0, 2, 26450.87, 165647971, 206
6606, 406, 19, 32, 0, 0, 4.88%, 0, 0, 2, 23809.33, 165768516, 206
6611, 407, 0, 32, 0, 0, 4.88%, 0, 0, 2, 25295.28, 165897122, 206
6616, 407, 14, 32, 0, 0, 4.88%, 0, 0, 2, 26856.91, 166036504, 206
6621, 407, 0, 32, 0, 0, 4.88%, 0, 0, 2, 29033.86, 166184781, 206
6626, 408, 24, 32, 0, 0, 4.88%, 0, 0, 2, 24827.22, 166310649, 206
6631, 408, 0, 32, 0, 0, 4.88%, 0, 0, 2, 29033.79, 166456363, 206
6636, 408, 0, 32, 0, 0, 4.88%, 0, 0, 2, 24606.41, 166577358, 206
6641, 408, 0, 32, 0, 0, 4.88%, 0, 0, 2, 28384.80, 166722686, 206
6646, 409, 17, 32, 0, 0, 4.88%, 0, 0, 2, 25931.32, 166857570, 206
6651, 409, 0, 32, 0, 0, 4.88%, 0, 0, 2, 27407.70, 166992100, 206
6656, 409, 0, 32, 0, 0, 4.88%, 0, 0, 2, 24828.41, 167115355, 206
6662, 410, 0, 32, 0, 0, 4.88%, 0, 0, 2, 26593.45, 167255400, 206
6667, 410, 28, 32, 0, 0, 4.88%, 0, 0, 2, 25309.05, 167386805, 206
6672, 411, 0, 32, 0, 0, 4.88%, 0, 0, 2, 29554.60, 167534528, 206
6677, 411, 24, 32, 0, 0, 4.88%, 0, 0, 2, 27715.66, 167675203, 206
6682, 411, 0, 32, 0, 0, 4.88%, 0, 0, 2, 31030.25, 167830662, 206
6687, 411, 0, 32, 0, 0, 4.88%, 0, 0, 2, 23887.18, 167944104, 206
6692, 412, 0, 32, 0, 0, 4.88%, 0, 0, 2, 29150.00, 168100145, 206
6697, 412, 0, 32, 0, 0, 4.88%, 0, 0, 2, 26156.64, 168233717, 206
6702, 413, 0, 32, 0, 0, 4.88%, 0, 0, 2, 28861.54, 168384985, 206
6707, 413, 17, 32, 0, 0, 4.88%, 0, 0, 2, 28914.72, 168528598, 206
6712, 413, 0, 32, 0, 0, 4.88%, 0, 0, 2, 32782.18, 168701981, 206
6717, 414, 0, 32, 0, 0, 4.88%, 0, 0, 2, 28688.27, 168842583, 206
6723, 414, 17, 32, 0, 0, 4.88%, 0, 0, 2, 30916.49, 169007996, 206
6728, 414, 0, 32, 0, 0, 4.88%, 0, 0, 2, 29438.66, 169151427, 206
6733, 415, 24, 32, 0, 0, 4.88%, 0, 0, 2, 28791.91, 169295073, 206
6738, 415, 0, 32, 0, 0, 4.88%, 0, 0, 2, 26634.29, 169420457, 206
6743, 415, 0, 32, 0, 0, 4.88%, 0, 0, 2, 28426.48, 169567210, 206
6748, 415, 23, 32, 0, 0, 4.88%, 0, 0, 2, 24717.99, 169678496, 206
6753, 416, 0, 32, 0, 0, 4.88%, 0, 0, 2, 27030.29, 169816221, 206
6758, 416, 0, 32, 0, 0, 4.88%, 0, 0, 2, 29147.32, 169960573, 206
6763, 416, 14, 32, 0, 0, 4.88%, 0, 0, 2, 32003.97, 170129062, 206
6768, 417, 0, 32, 0, 0, 4.88%, 0, 0, 2, 26843.27, 170256015, 206
6774, 417, 14, 32, 0, 0, 4.88%, 0, 0, 2, 28123.96, 170412062, 206
6779, 417, 0, 32, 0, 0, 4.88%, 0, 0, 2, 27097.17, 170542852, 206
6784, 418, 0, 32, 0, 0, 4.88%, 0, 0, 2, 26948.67, 170687723, 206
6789, 418, 0, 32, 0, 0, 4.88%, 0, 0, 2, 31081.63, 170836117, 206
6794, 419, 0, 32, 0, 0, 4.88%, 0, 0, 2, 30223.28, 170991291, 206
6799, 419, 0, 32, 0, 0, 4.88%, 0, 0, 2, 30248.88, 171138905, 206
6804, 419, 26, 32, 0, 0, 4.88%, 0, 0, 2, 26766.82, 171279123, 206
6809, 419, 0, 32, 0, 0, 4.88%, 0, 0, 2, 26858.48, 171409479, 206
6815, 420, 0, 32, 0, 0, 4.88%, 0, 0, 2, 28108.42, 171563830, 206
6820, 420, 0, 32, 0, 0, 4.88%, 0, 0, 2, 31011.12, 171720302, 206
6825, 420, 19, 32, 0, 0, 4.88%, 0, 0, 2, 27601.59, 171861561, 206
6830, 421, 0, 32, 0, 0, 4.88%, 0, 0, 2, 28668.55, 171999011, 206
6835, 421, 0, 32, 0, 0, 4.88%, 0, 0, 2, 27064.05, 172136144, 206
6840, 421, 0, 32, 0, 0, 4.88%, 0, 0, 2, 29489.41, 172276896, 206
6845, 422, 0, 32, 0, 0, 4.88%, 0, 0, 2, 26920.10, 172415257, 206
6850, 422, 0, 32, 0, 0, 4.88%, 0, 0, 2, 27605.16, 172557606, 206
6855, 422, 0, 32, 0, 0, 4.88%, 0, 0, 2, 25809.13, 172693135, 206
6860, 423, 0, 32, 0, 0, 4.88%, 0, 0, 2, 27613.42, 172839605, 206
6865, 423, 0, 32, 0, 0, 4.88%, 0, 0, 2, 23875.69, 172964773, 206
6871, 423, 0, 32, 0, 0, 4.88%, 0, 0, 2, 29650.28, 173120246, 206
6876, 424, 0, 32, 0, 0, 4.88%, 0, 0, 2, 28058.44, 173266724, 206
6881, 424, 0, 32, 0, 0, 4.88%, 0, 0, 2, 27179.70, 173408815, 206
6886, 424, 0, 32, 0, 0, 4.88%, 0, 0, 2, 26043.49, 173550690, 206
6891, 424, 0, 32, 0, 0, 4.88%, 0, 0, 2, 27971.34, 173690093, 206
6896, 425, 0, 32, 0, 0, 4.88%, 0, 0, 2, 26613.95, 173832226, 206
6901, 425, 0, 32, 0, 0, 4.88%, 0, 0, 2, 30746.40, 173987379, 206
6906, 425, 0, 32, 0, 0, 4.88%, 0, 0, 2, 24994.61, 174110700, 206
6911, 426, 17, 32, 0, 0, 4.88%, 0, 0, 2, 30141.19, 174270061, 206
6917, 426, 0, 32, 0, 0, 4.88%, 0, 0, 2, 25944.74, 174398419, 206
6922, 427, 27, 32, 0, 0, 4.88%, 0, 0, 2, 27697.39, 174546192, 206
6927, 427, 0, 32, 0, 0, 4.88%, 0, 0, 2, 21632.06, 174649784, 206
6932, 427, 0, 32, 0, 0, 4.88%, 0, 0, 2, 28993.19, 174809621, 206
6937, 428, 0, 32, 0, 0, 4.88%, 0, 0, 2, 26784.49, 174943218, 206
6942, 428, 0, 32, 0, 0, 4.88%, 0, 0, 2, 31394.39, 175102887, 206
6947, 428, 0, 32, 0, 0, 4.88%, 0, 0, 2, 25705.68, 175230425, 206
6952, 429, 0, 32, 0, 0, 4.88%, 0, 0, 2, 29545.24, 175380349, 206
6957, 429, 17, 32, 0, 0, 4.88%, 0, 0, 2, 26704.84, 175514785, 206
6962, 429, 0, 32, 0, 0, 4.88%, 0, 0, 2, 31187.43, 175673551, 206
6967, 430, 0, 32, 0, 0, 4.88%, 0, 0, 2, 26758.49, 175808186, 206
6972, 430, 0, 32, 0, 0, 4.88%, 0, 0, 2, 29142.03, 175957593, 206
6977, 430, 0, 32, 0, 0, 4.88%, 0, 0, 2, 28269.95, 176093542, 206
6983, 431, 27, 32, 0, 0, 4.88%, 0, 0, 2, 32191.80, 176251898, 206
6988, 431, 17, 32, 0, 0, 4.88%, 0, 0, 2, 25856.52, 176369825, 206
6993, 431, 0, 32, 0, 0, 4.88%, 0, 0, 2, 29926.45, 176525445, 206
6998, 432, 0, 32, 0, 0, 4.88%, 0, 0, 2, 28937.27, 176680099, 206
7003, 432, 19, 32, 0, 0, 4.88%, 0, 0, 2, 29302.37, 176838749, 206
7008, 432, 24, 32, 0, 0, 4.88%, 0, 0, 2, 25492.56, 176958721, 206
7013, 433, 0, 32, 0, 0, 4.88%, 0, 0, 2, 25667.79, 177088742, 206
7018, 433, 0, 32, 0, 0, 4.88%, 0, 0, 2, 30983.01, 177251634, 206
7023, 433, 0, 32, 0, 0, 4.88%, 0, 0, 2, 31454.50, 177406165, 206
7028, 434, 0, 32, 0, 0, 4.88%, 0, 0, 2, 27945.78, 177536309, 206
7033, 434, 0, 32, 0, 0, 4.88%, 0, 0, 2, 32359.31, 177706794, 206
7039, 435, 0, 32, 0, 0, 4.88%, 0, 0, 2, 26499.60, 177832563, 206
7044, 435, 0, 32, 0, 0, 4.88%, 0, 0, 2, 25803.75, 177972993, 206
7049, 435, 15, 32, 0, 0, 4.88%, 0, 0, 2, 26663.11, 178098829, 206
7054, 435, 0, 32, 0, 0, 4.88%, 0, 0, 2, 31875.45, 178267029, 206
7059, 436, 0, 32, 0, 0, 4.88%, 0, 0, 2, 26183.77, 178392185, 206
7064, 436, 0, 32, 0, 0, 4.88%, 0, 0, 2, 33179.56, 178560794, 206
7069, 437, 29, 32, 0, 0, 4.88%, 0, 0, 2, 27758.03, 178690956, 206
7074, 437, 17, 32, 0, 0, 4.88%, 0, 0, 2, 30345.32, 178850205, 206
7079, 437, 0, 32, 0, 0, 4.88%, 0, 0, 2, 30059.70, 178990442, 206
7084, 438, 0, 32, 0, 0, 4.88%, 0, 0, 2, 27902.33, 179140396, 206
7089, 438, 0, 32, 0, 0, 4.88%, 0, 0, 2, 28439.22, 179273234, 206
7094, 438, 0, 32, 0, 0, 4.88%, 0, 0, 2, 30603.78, 179436255, 206
7100, 438, 0, 32, 0, 0, 4.88%, 0, 0, 2, 31232.49, 179590929, 206
7105, 439, 0, 32, 0, 0, 4.88%, 0, 0, 2, 24706.69, 179718272, 206
7110, 439, 17, 32, 0, 0, 4.88%, 0, 0, 2, 28637.23, 179863007, 206
7115, 440, 0, 32, 0, 0, 4.88%, 0, 0, 2, 28032.61, 180006673, 206
7120, 440, 3, 32, 0, 0, 4.88%, 0, 0, 2, 29195.69, 180155314, 206
7125, 440, 0, 32, 0, 0, 4.88%, 0, 0, 2, 28202.29, 180303979, 206
7130, 440, 0, 32, 0, 0, 4.88%, 0, 0, 2, 28836.63, 180441526, 206
7135, 441, 0, 32, 0, 0, 4.88%, 0, 0, 2, 27077.42, 180587760, 206
7140, 441, 0, 32, 0, 0, 4.88%, 0, 0, 2, 28552.74, 180726788, 206
7145, 441, 0, 32, 0, 0, 4.88%, 0, 0, 2, 26171.46, 180863109, 206
7150, 442, 0, 32, 0, 0, 4.88%, 0, 0, 2, 26068.45, 180993353, 206
7155, 442, 0, 32, 0, 0, 4.88%, 0, 0, 2, 26260.90, 181134224, 206
7160, 442, 15, 32, 0, 0, 4.88%, 0, 0, 2, 27437.89, 181274542, 206
7165, 442, 24, 32, 0, 0, 4.88%, 0, 0, 2, 24948.54, 181403763, 206
7171, 443, 0, 32, 0, 0, 4.88%, 0, 0, 2, 27183.62, 181539392, 206
7176, 443, 0, 32, 0, 0, 4.88%, 0, 0, 2, 23787.03, 181664031, 206
7181, 444, 17, 32, 0, 0, 4.88%, 0, 0, 2, 24864.98, 181789654, 206
7186, 444, 24, 32, 0, 0, 4.88%, 0, 0, 2, 24478.92, 181920430, 206
7191, 444, 15, 32, 0, 0, 4.88%, 0, 0, 2, 29399.20, 182069171, 206
7196, 445, 0, 32, 0, 0, 4.88%, 0, 0, 2, 27442.33, 182216293, 206
7200, 445, 0, 32, 0, 0, 4.88%, 0, 0, 2, 24695.96, 182296175, 206
