# relative_time, cycles_done, cur_item, corpus_count, pending_total, pending_favs, map_size, saved_crashes, saved_hangs, max_depth, execs_per_sec, total_execs, edges_found
61, 15, 15, 30, 3, 0, 4.88%, 0, 0, 2, 20943.75, 1270002, 206
67, 17, 11, 30, 3, 0, 4.88%, 0, 0, 2, 20719.38, 1374521, 206
72, 18, 10, 30, 2, 0, 4.88%, 0, 0, 2, 21420.48, 1482007, 206
77, 19, 11, 30, 1, 0, 4.88%, 0, 0, 2, 20760.02, 1586132, 206
82, 21, 4, 30, 1, 0, 4.88%, 0, 0, 2, 20598.88, 1691123, 206
87, 22, 11, 30, 1, 0, 4.88%, 0, 0, 2, 20019.14, 1792192, 206
92, 24, 24, 30, 1, 0, 4.88%, 0, 0, 2, 20827.17, 1901837, 206
97, 25, 15, 30, 1, 0, 4.88%, 0, 0, 2, 20804.98, 2004592, 206
102, 26, 11, 30, 1, 0, 4.88%, 0, 0, 2, 20785.26, 2114096, 206
107, 28, 11, 30, 1, 0, 4.88%, 0, 0, 2, 20684.87, 2216073, 206
112, 29, 28, 30, 1, 0, 4.88%, 0, 0, 2, 20686.61, 2321314, 206
118, 31, 21, 30, 1, 0, 4.88%, 0, 0, 2, 20681.16, 2427697, 206
123, 32, 28, 30, 1, 0, 4.88%, 0, 0, 2, 20561.60, 2532050, 206
128, 33, 5, 30, 1, 0, 4.88%, 0, 0, 2, 20718.12, 2633919, 206
133, 35, 3, 30, 1, 0, 4.88%, 0, 0, 2, 20742.87, 2740414, 206
138, 36, 24, 30, 1, 0, 4.88%, 0, 0, 2, 20551.27, 2841520, 206
143, 38, 11, 30, 1, 0, 4.88%, 0, 0, 2, 20076.98, 2945923, 206
148, 39, 11, 30, 1, 0, 4.88%, 0, 0, 2, 20476.37, 3051227, 206
153, 40, 11, 30, 1, 0, 4.88%, 0, 0, 2, 20322.73, 3157926, 206
158, 42, 11, 30, 1, 0, 4.88%, 0, 0, 2, 20864.47, 3265659, 206
164, 43, 24, 30, 1, 0, 4.88%, 0, 0, 2, 20131.27, 3371377, 206
169, 45, 11, 30, 1, 0, 4.88%, 0, 0, 2, 21049.04, 3479073, 206
174, 46, 28, 30, 1, 0, 4.88%, 0, 0, 2, 20683.99, 3586190, 206
179, 48, 21, 30, 1, 0, 4.88%, 0, 0, 2, 21054.06, 3695474, 206
184, 49, 28, 30, 1, 0, 4.88%, 0, 0, 2, 20396.66, 3800261, 206
189, 50, 10, 30, 1, 0, 4.88%, 0, 0, 2, 21073.37, 3909188, 206
195, 52, 13, 30, 1, 0, 4.88%, 0, 0, 2, 20284.13, 4014069, 206
200, 53, 11, 30, 1, 0, 4.88%, 0, 0, 2, 21049.10, 4123915, 206
205, 55, 10, 30, 1, 0, 4.88%, 0, 0, 2, 19544.08, 4221279, 206
210, 56, 22, 30, 1, 0, 4.88%, 0, 0, 2, 20860.11, 4328084, 206
215, 57, 22, 30, 1, 0, 4.88%, 0, 0, 2, 20577.73, 4434586, 206
220, 59, 11, 30, 1, 0, 4.88%, 0, 0, 2, 21225.84, 4544415, 206
225, 60, 13, 30, 1, 0, 4.88%, 0, 0, 2, 20539.97, 4650050, 206
230, 62, 8, 30, 1, 0, 4.88%, 0, 0, 2, 21243.32, 4757485, 206
236, 63, 28, 30, 1, 0, 4.88%, 0, 0, 2, 20192.82, 4861014, 206
241, 65, 21, 30, 1, 0, 4.88%, 0, 0, 2, 20178.41, 4967298, 206
246, 66, 15, 30, 1, 0, 4.88%, 0, 0, 2, 20178.35, 5070841, 206
251, 67, 11, 30, 1, 0, 4.88%, 0, 0, 2, 20973.60, 5177215, 206
256, 69, 11, 30, 1, 0, 4.88%, 0, 0, 2, 20533.39, 5280226, 206
261, 70, 11, 30, 1, 0, 4.88%, 0, 0, 2, 20769.87, 5384919, 206
266, 71, 13, 30, 1, 0, 4.88%, 0, 0, 2, 20569.56, 5485990, 206
271, 73, 22, 30, 1, 0, 4.88%, 0, 0, 2, 21064.13, 5594702, 206
276, 74, 11, 30, 1, 0, 4.88%, 0, 0, 2, 19585.07, 5694064, 206
281, 76, 4, 30, 1, 0, 4.88%, 0, 0, 2, 20895.08, 5802774, 206
287, 77, 15, 30, 1, 0, 4.88%, 0, 0, 2, 20371.06, 5906756, 206
292, 78, 4, 30, 1, 0, 4.88%, 0, 0, 2, 20910.24, 6012115, 206
297, 80, 10, 30, 1, 0, 4.88%, 0, 0, 2, 20868.35, 6116474, 206
302, 81, 18, 30, 1, 0, 4.88%, 0, 0, 2, 20824.55, 6221362, 206
307, 82, 4, 30, 1, 0, 4.88%, 0, 0, 2, 20540.77, 6322314, 206
312, 84, 11, 30, 0, 0, 4.88%, 0, 0, 2, 20838.40, 6431675, 206
317, 85, 4, 30, 0, 0, 4.88%, 0, 0, 2, 20857.18, 6538615, 206
322, 87, 25, 30, 0, 0, 4.88%, 0, 0, 2, 20383.02, 6644987, 206
327, 88, 10, 30, 0, 0, 4.88%, 0, 0, 2, 20886.25, 6753208, 206
333, 90, 11, 30, 0, 0, 4.88%, 0, 0, 2, 20827.41, 6860732, 206
338, 91, 21, 30, 0, 0, 4.88%, 0, 0, 2, 20908.86, 6964998, 206
343, 92, 27, 30, 0, 0, 4.88%, 0, 0, 2, 20083.21, 7067160, 206
348, 94, 28, 30, 0, 0, 4.88%, 0, 0, 2, 20817.05, 7175300, 206
353, 95, 10, 30, 0, 0, 4.88%, 0, 0, 2, 20319.72, 7282102, 206
358, 97, 28, 30, 0, 0, 4.88%, 0, 0, 2, 20705.94, 7387587, 206
363, 98, 10, 30, 0, 0, 4.88%, 0, 0, 2, 20769.46, 7492419, 206
368, 99, 11, 30, 0, 0, 4.88%, 0, 0, 2, 20944.00, 7596106, 206
373, 101, 15, 30, 0, 0, 4.88%, 0, 0, 2, 20735.94, 7700080, 206
378, 102, 28, 30, 0, 0, 4.88%, 0, 0, 2, 20911.86, 7807979, 206
384, 103, 28, 30, 0, 0, 4.88%, 0, 0, 2, 19688.77, 7910759, 206
389, 105, 22, 30, 0, 0, 4.88%, 0, 0, 2, 20717.88, 8016902, 206
394, 106, 5, 30, 0, 0, 4.88%, 0, 0, 2, 20484.71, 8120389, 206
399, 108, 11, 30, 0, 0, 4.88%, 0, 0, 2, 20821.67, 8226968, 206
404, 109, 16, 30, 0, 0, 4.88%, 0, 0, 2, 20227.08, 8332506, 206
409, 111, 11, 30, 0, 0, 4.88%, 0, 0, 2, 20897.37, 8441344, 206
414, 112, 11, 30, 0, 0, 4.88%, 0, 0, 2, 20840.12, 8546295, 206
419, 113, 22, 30, 0, 0, 4.88%, 0, 0, 2, 20947.05, 8654392, 206
424, 115, 25, 30, 0, 0, 4.88%, 0, 0, 2, 20371.16, 8756909, 206
430, 116, 10, 30, 0, 0, 4.88%, 0, 0, 2, 20430.69, 8862558, 206
435, 118, 28, 30, 0, 0, 4.88%, 0, 0, 2, 20218.31, 8968052, 206
440, 119, 21, 30, 0, 0, 4.88%, 0, 0, 2, 20896.25, 9077345, 206
445, 120, 11, 30, 0, 0, 4.88%, 0, 0, 2, 20282.82, 9180792, 206
450, 122, 11, 30, 0, 0, 4.88%, 0, 0, 2, 20956.82, 9290228, 206
455, 123, 25, 30, 0, 0, 4.88%, 0, 0, 2, 20554.37, 9392196, 206
461, 125, 11, 30, 0, 0, 4.88%, 0, 0, 2, 21061.69, 9502309, 206
466, 126, 10, 30, 0, 0, 4.88%, 0, 0, 2, 20619.56, 9604808, 206
471, 127, 22, 30, 0, 0, 4.88%, 0, 0, 2, 20853.52, 9713980, 206
476, 129, 6, 30, 0, 0, 4.88%, 0, 0, 2, 20314.32, 9815444, 206
481, 130, 11, 30, 0, 0, 4.88%, 0, 0, 2, 21069.13, 9924950, 206
486, 132, 11, 30, 0, 0, 4.88%, 0, 0, 2, 20369.39, 10027539, 206
491, 133, 21, 30, 0, 0, 4.88%, 0, 0, 2, 21100.50, 10138258, 206
496, 135, 3, 30, 0, 0, 4.88%, 0, 0, 2, 20220.01, 10237274, 206
502, 136, 22, 30, 0, 0, 4.88%, 0, 0, 2, 20405.27, 10345246, 206
507, 137, 11, 30, 0, 0, 4.88%, 0, 0, 2, 20243.80, 10449173, 206
512, 139, 20, 30, 0, 0, 4.88%, 0, 0, 2, 20678.12, 10558332, 206
517, 140, 11, 30, 0, 0, 4.88%, 0, 0, 2, 20636.55, 10664947, 206
522, 142, 25, 30, 0, 0, 4.88%, 0, 0, 2, 20706.53, 10770194, 206
527, 143, 18, 30, 0, 0, 4.88%, 0, 0, 2, 20661.68, 10873696, 206
532, 144, 11, 30, 0, 0, 4.88%, 0, 0, 2, 20755.11, 10979008, 206
537, 146, 11, 30, 0, 0, 4.88%, 0, 0, 2, 20861.30, 11085735, 206
542, 147, 6, 30, 0, 0, 4.88%, 0, 0, 2, 20193.93, 11187142, 206
548, 149, 11, 30, 0, 0, 4.88%, 0, 0, 2, 20832.56, 11295358, 206
553, 150, 3, 30, 0, 0, 4.88%, 0, 0, 2, 20698.14, 11403408, 206
558, 151, 20, 30, 0, 0, 4.88%, 0, 0, 2, 20667.45, 11506583, 206
563, 153, 11, 30, 0, 0, 4.88%, 0, 0, 2, 19633.20, 11608955, 206
568, 154, 13, 30, 0, 0, 4.88%, 0, 0, 2, 20631.75, 11717056, 206
573, 156, 28, 30, 0, 0, 4.88%, 0, 0, 2, 20422.49, 11823395, 206
579, 157, 10, 30, 0, 0, 4.88%, 0, 0, 2, 20982.51, 11931896, 206
584, 158, 11, 30, 0, 0, 4.88%, 0, 0, 2, 20546.14, 12035412, 206
589, 160, 10, 30, 0, 0, 4.88%, 0, 0, 2, 20847.64, 12143208, 206
594, 161, 11, 30, 0, 0, 4.88%, 0, 0, 2, 20487.65, 12249460, 206
599, 163, 11, 30, 0, 0, 4.88%, 0, 0, 2, 21039.18, 12358054, 206
604, 164, 11, 30, 0, 0, 4.88%, 0, 0, 2, 20269.06, 12462327, 206
610, 166, 11, 30, 0, 0, 4.88%, 0, 0, 2, 20808.07, 12570358, 206
615, 167, 28, 30, 0, 0, 4.88%, 0, 0, 2, 20065.15, 12675243, 206
620, 168, 11, 30, 0, 0, 4.88%, 0, 0, 2, 21051.72, 12785354, 206
625, 170, 11, 30, 0, 0, 4.88%, 0, 0, 2, 19624.62, 12885270, 206
630, 171, 28, 30, 0, 0, 4.88%, 0, 0, 2, 21013.09, 12996120, 206
635, 173, 28, 30, 0, 0, 4.88%, 0, 0, 2, 20233.70, 13099866, 206
641, 174, 11, 30, 0, 0, 4.88%, 0, 0, 2, 20934.01, 13208757, 206
646, 175, 11, 30, 0, 0, 4.88%, 0, 0, 2, 19979.28, 13310236, 206
651, 177, 10, 30, 0, 0, 4.88%, 0, 0, 2, 21021.88, 13421134, 206
656, 178, 26, 30, 0, 0, 4.88%, 0, 0, 2, 20808.70, 13527987, 206
661, 180, 18, 30, 0, 0, 4.88%, 0, 0, 2, 21117.70, 13637782, 206
666, 181, 11, 30, 0, 0, 4.88%, 0, 0, 2, 20779.39, 13742943, 206
672, 183, 11, 30, 0, 0, 4.88%, 0, 0, 2, 21064.68, 13851423, 206
677, 184, 10, 30, 0, 0, 4.88%, 0, 0, 2, 20938.43, 13955755, 206
682, 185, 11, 30, 0, 0, 4.88%, 0, 0, 2, 20776.32, 14060732, 206
687, 187, 10, 30, 0, 0, 4.88%, 0, 0, 2, 20546.98, 14166154, 206
692, 188, 11, 30, 0, 0, 4.88%, 0, 0, 2, 20485.68, 14273102, 206
697, 189, 13, 30, 0, 0, 4.88%, 0, 0, 2, 20571.81, 14376429, 206
702, 191, 28, 30, 0, 0, 4.88%, 0, 0, 2, 20513.33, 14484009, 206
707, 192, 21, 30, 0, 0, 4.88%, 0, 0, 2, 20573.19, 14585064, 206
713, 194, 4, 30, 0, 0, 4.88%, 0, 0, 2, 20424.70, 14692250, 206
718, 195, 5, 30, 0, 0, 4.88%, 0, 0, 2, 20501.81, 14793861, 206
723, 196, 18, 30, 0, 0, 4.88%, 0, 0, 2, 20199.13, 14900597, 206
728, 198, 11, 30, 0, 0, 4.88%, 0, 0, 2, 20672.03, 15006686, 206
733, 199, 28, 30, 0, 0, 4.88%, 0, 0, 2, 20378.67, 15114183, 206
738, 201, 22, 30, 0, 0, 4.88%, 0, 0, 2, 20794.07, 15221375, 206
743, 202, 11, 30, 0, 0, 4.88%, 0, 0, 2, 19354.46, 15318975, 206
748, 203, 11, 30, 0, 0, 4.88%, 0, 0, 2, 20502.09, 15424764, 206
754, 205, 11, 30, 0, 0, 4.88%, 0, 0, 2, 20511.05, 15532822, 206
759, 206, 11, 30, 0, 0, 4.88%, 0, 0, 2, 20856.78, 15640618, 206
764, 208, 11, 30, 0, 0, 4.88%, 0, 0, 2, 20604.42, 15747722, 206
769, 209, 16, 30, 0, 0, 4.88%, 0, 0, 2, 21205.97, 15853743, 206
774, 211, 27, 30, 0, 0, 4.88%, 0, 0, 2, 20555.25, 15959959, 206
779, 212, 27, 30, 0, 0, 4.88%, 0, 0, 2, 20786.55, 16063987, 206
784, 213, 11, 30, 0, 0, 4.88%, 0, 0, 2, 19889.37, 16165671, 206
790, 215, 28, 30, 0, 0, 4.88%, 0, 0, 2, 20948.05, 16274793, 206
795, 216, 8, 30, 0, 0, 4.88%, 0, 0, 2, 20565.72, 16378598, 206
800, 218, 5, 30, 0, 0, 4.88%, 0, 0, 2, 20892.98, 16484121, 206
805, 219, 11, 30, 0, 0, 4.88%, 0, 0, 2, 19717.97, 16581830, 206
810, 220, 11, 30, 0, 0, 4.88%, 0, 0, 2, 20910.38, 16691245, 206
815, 222, 11, 30, 0, 0, 4.88%, 0, 0, 2, 19914.87, 16794962, 206
820, 223, 22, 30, 0, 0, 4.88%, 0, 0, 2, 20587.39, 16902710, 206
825, 225, 11, 30, 0, 0, 4.88%, 0, 0, 2, 20570.53, 17005981, 206
830, 226, 10, 30, 0, 0, 4.88%, 0, 0, 2, 20945.36, 17111682, 206
835, 227, 11, 30, 0, 0, 4.88%, 0, 0, 2, 20531.51, 17216840, 206
841, 229, 11, 30, 0, 0, 4.88%, 0, 0, 2, 20619.06, 17324277, 206
846, 230, 28, 30, 0, 0, 4.88%, 0, 0, 2, 20479.80, 17428730, 206
851, 232, 21, 30, 0, 0, 4.88%, 0, 0, 2, 20736.17, 17536691, 206
856, 233, 11, 30, 0, 0, 4.88%, 0, 0, 2, 20406.48, 17641483, 206
861, 234, 11, 30, 0, 0, 4.88%, 0, 0, 2, 20640.48, 17750352, 206
867, 236, 11, 30, 0, 0, 4.88%, 0, 0, 2, 20233.71, 17853194, 206
872, 237, 4, 30, 0, 0, 4.88%, 0, 0, 2, 20656.92, 17957135, 206
877, 238, 3, 30, 0, 0, 4.88%, 0, 0, 2, 20586.76, 18057897, 206
882, 240, 11, 30, 0, 0, 4.88%, 0, 0, 2, 21073.23, 18167691, 206
887, 241, 28, 30, 0, 0, 4.88%, 0, 0, 2, 20466.26, 18271715, 206
892, 243, 20, 30, 0, 0, 4.88%, 0, 0, 2, 20808.53, 18376729, 206
897, 244, 21, 30, 0, 0, 4.88%, 0, 0, 2, 20624.96, 18481960, 206
902, 246, 21, 30, 0, 0, 4.88%, 0, 0, 2, 20582.86, 18590042, 206
907, 247, 4, 30, 0, 0, 4.88%, 0, 0, 2, 20820.17, 18697469, 206
913, 248, 13, 30, 0, 0, 4.88%, 0, 0, 2, 20629.35, 18805348, 206
918, 250, 11, 30, 0, 0, 4.88%, 0, 0, 2, 20843.68, 18913221, 206
923, 251, 28, 30, 0, 0, 4.88%, 0, 0, 2, 20262.96, 19018752, 206
928, 253, 26, 30, 0, 0, 4.88%, 0, 0, 2, 20533.40, 19125680, 206
933, 254, 26, 30, 0, 0, 4.88%, 0, 0, 2, 20379.35, 19233295, 206
938, 256, 11, 30, 0, 0, 4.88%, 0, 0, 2, 20529.48, 19336845, 206
944, 257, 22, 30, 0, 0, 4.88%, 0, 0, 2, 20505.72, 19443798, 206
949, 258, 24, 30, 0, 0, 4.88%, 0, 0, 2, 20566.14, 19550803, 206
954, 260, 25, 30, 0, 0, 4.88%, 0, 0, 2, 20119.86, 19655382, 206
959, 261, 11, 30, 0, 0, 4.88%, 0, 0, 2, 20560.90, 19759894, 206
964, 262, 21, 30, 0, 0, 4.88%, 0, 0, 2, 19613.18, 19861169, 206
969, 264, 18, 30, 0, 0, 4.88%, 0, 0, 2, 20573.27, 19965628, 206
974, 265, 28, 30, 0, 0, 4.88%, 0, 0, 2, 20107.26, 20069873, 206
979, 267, 5, 30, 0, 0, 4.88%, 0, 0, 2, 20883.40, 20175879, 206
984, 268, 11, 30, 0, 0, 4.88%, 0, 0, 2, 19979.80, 20274351, 206
990, 269, 10, 30, 0, 0, 4.88%, 0, 0, 2, 21146.18, 20384278, 206
995, 271, 27, 30, 0, 0, 4.88%, 0, 0, 2, 19874.41, 20487451, 206
1000, 272, 25, 30, 0, 0, 4.88%, 0, 0, 2, 20678.48, 20595445, 206
1005, 274, 11, 30, 0, 0, 4.88%, 0, 0, 2, 20176.95, 20699296, 206
1010, 275, 28, 30, 0, 0, 4.88%, 0, 0, 2, 20969.05, 20808610, 206
1015, 276, 28, 30, 0, 0, 4.88%, 0, 0, 2, 20262.99, 20908974, 206
1020, 278, 24, 30, 0, 0, 4.88%, 0, 0, 2, 21098.86, 21018790, 206
1026, 279, 25, 30, 0, 0, 4.88%, 0, 0, 2, 19762.36, 21120075, 206
1031, 281, 22, 30, 0, 0, 4.88%, 0, 0, 2, 20822.36, 21228939, 206
1036, 282, 21, 30, 0, 0, 4.88%, 0, 0, 2, 20295.45, 21332856, 206
1041, 283, 28, 30, 0, 0, 4.88%, 0, 0, 2, 20748.40, 21442142, 206
1046, 285, 4, 30, 0, 0, 4.88%, 0, 0, 2, 20290.71, 21544829, 206
1052, 286, 3, 30, 0, 0, 4.88%, 0, 0, 2, 21100.45, 21655592, 206
1057, 288, 5, 30, 0, 0, 4.88%, 0, 0, 2, 20232.86, 21755388, 206
1062, 289, 20, 30, 0, 0, 4.88%, 0, 0, 2, 20997.99, 21865377, 206
1067, 290, 28, 30, 0, 0, 4.88%, 0, 0, 2, 20225.00, 21968536, 206
1072, 292, 11, 30, 0, 0, 4.88%, 0, 0, 2, 20431.85, 22076812, 206
1077, 293, 11, 30, 0, 0, 4.88%, 0, 0, 2, 20716.61, 22180094, 206
1082, 295, 20, 30, 0, 0, 4.88%, 0, 0, 2, 20550.88, 22288093, 206
1088, 296, 16, 30, 0, 0, 4.88%, 0, 0, 2, 20896.44, 22395982, 206
1093, 298, 11, 30, 0, 0, 4.88%, 0, 0, 2, 20430.79, 22502460, 206
1098, 299, 16, 30, 0, 0, 4.88%, 0, 0, 2, 20700.45, 22608345, 206
1103, 300, 26, 30, 0, 0, 4.88%, 0, 0, 2, 19856.98, 22708569, 206
1108, 302, 22, 30, 0, 0, 4.88%, 0, 0, 2, 20362.10, 22813885, 206
1113, 303, 11, 30, 0, 0, 4.88%, 0, 0, 2, 19991.39, 22918382, 206
1118, 304, 11, 30, 0, 0, 4.88%, 0, 0, 2, 20744.58, 23023167, 206
1123, 306, 11, 30, 0, 0, 4.88%, 0, 0, 2, 20174.31, 23125224, 206
1128, 307, 11, 30, 0, 0, 4.88%, 0, 0, 2, 20678.41, 23228428, 206
1134, 308, 28, 30, 0, 0, 4.88%, 0, 0, 2, 19842.35, 23331086, 206
1139, 310, 6, 30, 0, 0, 4.88%, 0, 0, 2, 20901.04, 23439446, 206
1144, 311, 11, 30, 0, 0, 4.88%, 0, 0, 2, 19324.02, 23536438, 206
1149, 313, 8, 30, 0, 0, 4.88%, 0, 0, 2, 20754.48, 23644898, 206
1154, 314, 11, 30, 0, 0, 4.88%, 0, 0, 2, 19985.82, 23749234, 206
1159, 315, 5, 30, 0, 0, 4.88%, 0, 0, 2, 20859.79, 23857397, 206
1165, 317, 10, 30, 0, 0, 4.88%, 0, 0, 2, 19294.61, 23957162, 206
1170, 318, 22, 30, 0, 0, 4.88%, 0, 0, 2, 20763.48, 24065598, 206
1175, 320, 11, 30, 0, 0, 4.88%, 0, 0, 2, 19767.81, 24167670, 206
1180, 321, 8, 30, 0, 0, 4.88%, 0, 0, 2, 20818.47, 24276363, 206
1185, 322, 18, 30, 0, 0, 4.88%, 0, 0, 2, 19707.75, 24375412, 206
1190, 324, 28, 30, 0, 0, 4.88%, 0, 0, 2, 20928.27, 24484708, 206
1195, 325, 20, 30, 0, 0, 4.88%, 0, 0, 2, 20159.34, 24584847, 206
1200, 327, 25, 30, 0, 0, 4.88%, 0, 0, 2, 20824.22, 24693061, 206
1205, 328, 28, 30, 0, 0, 4.88%, 0, 0, 2, 20263.13, 24794060, 206
1211, 329, 4, 30, 0, 0, 4.88%, 0, 0, 2, 20885.63, 24902303, 206
1216, 331, 11, 30, 0, 0, 4.88%, 0, 0, 2, 20351.42, 25007041, 206
1221, 332, 6, 30, 0, 0, 4.88%, 0, 0, 2, 20815.39, 25116030, 206
1226, 334, 11, 30, 0, 0, 4.88%, 0, 0, 2, 20143.23, 25215182, 206
1231, 335, 3, 30, 0, 0, 4.88%, 0, 0, 2, 20929.96, 25323080, 206
1236, 336, 11, 30, 0, 0, 4.88%, 0, 0, 2, 20413.53, 25426539, 206
1242, 338, 11, 30, 0, 0, 4.88%, 0, 0, 2, 20947.59, 25535346, 206
1247, 339, 27, 30, 0, 0, 4.88%, 0, 0, 2, 20652.30, 25640945, 206
1252, 341, 20, 30, 0, 0, 4.88%, 0, 0, 2, 20511.37, 25747335, 206
1257, 342, 16, 30, 0, 0, 4.88%, 0, 0, 2, 20565.61, 25852422, 206
1262, 343, 25, 30, 0, 0, 4.88%, 0, 0, 2, 20602.53, 25959573, 206
1267, 345, 27, 30, 0, 0, 4.88%, 0, 0, 2, 20874.00, 26065969, 206
1272, 346, 11, 30, 0, 0, 4.88%, 0, 0, 2, 20263.04, 26168169, 206
1278, 348, 24, 30, 0, 0, 4.88%, 0, 0, 2, 20501.68, 26273077, 206
1283, 349, 16, 30, 0, 0, 4.88%, 0, 0, 2, 19637.21, 26372917, 206
1288, 350, 15, 30, 0, 0, 4.88%, 0, 0, 2, 20445.67, 26478343, 206
1293, 352, 6, 30, 0, 0, 4.88%, 0, 0, 2, 20232.02, 26584996, 206
1298, 353, 8, 30, 0, 0, 4.88%, 0, 0, 2, 20898.26, 26692840, 206
1303, 355, 3, 30, 0, 0, 4.88%, 0, 0, 2, 20125.97, 26797706, 206
1308, 356, 26, 30, 0, 0, 4.88%, 0, 0, 2, 20679.71, 26901658, 206
1313, 357, 24, 30, 0, 0, 4.88%, 0, 0, 2, 20333.52, 27007836, 206
1319, 359, 11, 30, 0, 0, 4.88%, 0, 0, 2, 20727.86, 27115462, 206
1324, 360, 4, 30, 0, 0, 4.88%, 0, 0, 2, 20269.75, 27217770, 206
1329, 362, 10, 30, 0, 0, 4.88%, 0, 0, 2, 20714.96, 27324608, 206
1334, 363, 27, 30, 0, 0, 4.88%, 0, 0, 2, 20860.72, 27433068, 206
1339, 365, 11, 30, 0, 0, 4.88%, 0, 0, 2, 21085.37, 27540713, 206
1344, 366, 11, 30, 0, 0, 4.88%, 0, 0, 2, 20579.63, 27643573, 206
1349, 367, 5, 30, 0, 0, 4.88%, 0, 0, 2, 20925.91, 27751695, 206
1354, 369, 11, 30, 0, 0, 4.88%, 0, 0, 2, 20082.00, 27853050, 206
1359, 370, 11, 30, 0, 0, 4.88%, 0, 0, 2, 20635.73, 27956749, 206
1364, 371, 26, 30, 0, 0, 4.88%, 0, 0, 2, 20376.44, 28059671, 206
1370, 373, 11, 30, 0, 0, 4.88%, 0, 0, 2, 20962.38, 28166919, 206
1375, 374, 13, 30, 0, 0, 4.88%, 0, 0, 2, 20548.75, 28273555, 206
1380, 376, 18, 30, 0, 0, 4.88%, 0, 0, 2, 20908.99, 28382639, 206
1385, 377, 11, 30, 0, 0, 4.88%, 0, 0, 2, 20286.42, 28483593, 206
1390, 378, 27, 30, 0, 0, 4.88%, 0, 0, 2, 20877.40, 28592213, 206
1395, 380, 11, 30, 0, 0, 4.88%, 0, 0, 2, 20416.91, 28695109, 206
1400, 381, 11, 30, 0, 0, 4.88%, 0, 0, 2, 20935.25, 28803740, 206
1406, 383, 28, 30, 0, 0, 4.88%, 0, 0, 2, 20470.57, 28908320, 206
1411, 384, 11, 30, 0, 0, 4.88%, 0, 0, 2, 20829.53, 29013173, 206
1416, 386, 13, 30, 0, 0, 4.88%, 0, 0, 2, 20743.62, 29117189, 206
1421, 387, 11, 30, 0, 0, 4.88%, 0, 0, 2, 20938.85, 29226485, 206
1426, 388, 21, 30, 0, 0, 4.88%, 0, 0, 2, 20577.49, 29332187, 206
1431, 390, 10, 30, 0, 0, 4.88%, 0, 0, 2, 20863.40, 29441287, 206
1436, 391, 11, 30, 0, 0, 4.88%, 0, 0, 2, 20391.10, 29544141, 206
1441, 393, 11, 30, 0, 0, 4.88%, 0, 0, 2, 20812.06, 29652272, 206
1446, 394, 11, 30, 0, 0, 4.88%, 0, 0, 2, 20390.45, 29752100, 206
1452, 395, 13, 30, 0, 0, 4.88%, 0, 0, 2, 21061.30, 29862435, 206
1457, 397, 11, 30, 0, 0, 4.88%, 0, 0, 2, 20932.01, 29969790, 206
1462, 398, 28, 30, 0, 0, 4.88%, 0, 0, 2, 20585.26, 30073755, 206
1467, 400, 11, 30, 0, 0, 4.88%, 0, 0, 2, 20510.27, 30178095, 206
1472, 401, 5, 30, 0, 0, 4.88%, 0, 0, 2, 20655.50, 30283260, 206
1477, 402, 28, 30, 0, 0, 4.88%, 0, 0, 2, 20724.04, 30389878, 206
1482, 404, 13, 30, 0, 0, 4.88%, 0, 0, 2, 20653.02, 30497131, 206
1488, 405, 11, 30, 0, 0, 4.88%, 0, 0, 2, 20544.88, 30601448, 206
1493, 407, 8, 30, 0, 0, 4.88%, 0, 0, 2, 20632.65, 30709014, 206
1498, 408, 5, 30, 0, 0, 4.88%, 0, 0, 2, 20903.97, 30816785, 206
1503, 409, 11, 30, 0, 0, 4.88%, 0, 0, 2, 20324.02, 30919078, 206
1508, 411, 28, 30, 0, 0, 4.88%, 0, 0, 2, 20818.97, 31026466, 206
1513, 412, 11, 30, 0, 0, 4.88%, 0, 0, 2, 20855.81, 31132506, 206
1518, 414, 18, 30, 0, 0, 4.88%, 0, 0, 2, 21036.95, 31238231, 206
1523, 415, 11, 30, 0, 0, 4.88%, 0, 0, 2, 20414.29, 31344184, 206
1528, 417, 11, 30, 0, 0, 4.88%, 0, 0, 2, 20939.02, 31451583, 206
1534, 418, 11, 30, 0, 0, 4.88%, 0, 0, 2, 20762.75, 31560076, 206
1539, 419, 21, 30, 0, 0, 4.88%, 0, 0, 2, 21202.85, 31669271, 206
1544, 421, 16, 30, 0, 0, 4.88%, 0, 0, 2, 20943.52, 31777966, 206
1549, 422, 6, 30, 0, 0, 4.88%, 0, 0, 2, 21229.28, 31886704, 206
1554, 424, 11, 30, 0, 0, 4.88%, 0, 0, 2, 20588.12, 31993466, 206
1559, 425, 11, 30, 0, 0, 4.88%, 0, 0, 2, 21358.85, 32100554, 206
1564, 427, 20, 30, 0, 0, 4.88%, 0, 0, 2, 20407.28, 32202856, 206
1570, 428, 11, 30, 0, 0, 4.88%, 0, 0, 2, 21323.82, 32313404, 206
1575, 429, 11, 30, 0, 0, 4.88%, 0, 0, 2, 20568.47, 32419539, 206
1580, 431, 8, 30, 0, 0, 4.88%, 0, 0, 2, 21457.83, 32532567, 206
1585, 432, 11, 30, 0, 0, 4.88%, 0, 0, 2, 20011.31, 32633589, 206
1590, 434, 20, 30, 0, 0, 4.88%, 0, 0, 2, 20917.91, 32743328, 206
1595, 435, 20, 30, 0, 0, 4.88%, 0, 0, 2, 20204.19, 32844263, 206
1600, 437, 11, 30, 0, 0, 4.88%, 0, 0, 2, 21182.92, 32955279, 206
1606, 438, 3, 30, 0, 0, 4.88%, 0, 0, 2, 20516.37, 33060582, 206
1611, 439, 11, 30, 0, 0, 4.88%, 0, 0, 2, 21363.44, 33172508, 206
1616, 441, 6, 30, 0, 0, 4.88%, 0, 0, 2, 20680.02, 33274295, 206
1621, 442, 11, 30, 0, 0, 4.88%, 0, 0, 2, 21148.72, 33381077, 206
1626, 444, 28, 30, 0, 0, 4.88%, 0, 0, 2, 20578.13, 33485228, 206
1631, 445, 18, 30, 0, 0, 4.88%, 0, 0, 2, 21359.48, 33596295, 206
1636, 447, 13, 30, 0, 0, 4.88%, 0, 0, 2, 20785.89, 33702811, 206
1642, 448, 15, 30, 0, 0, 4.88%, 0, 0, 2, 20728.11, 33812007, 206
1647, 449, 15, 30, 0, 0, 4.88%, 0, 0, 2, 20378.41, 33916242, 206
1652, 451, 11, 30, 0, 0, 4.88%, 0, 0, 2, 20883.00, 34026381, 206
1657, 452, 5, 30, 0, 0, 4.88%, 0, 0, 2, 20974.16, 34133784, 206
1662, 454, 26, 30, 0, 0, 4.88%, 0, 0, 2, 20737.89, 34241165, 206
1667, 455, 11, 30, 0, 0, 4.88%, 0, 0, 2, 20757.29, 34346483, 206
1673, 457, 28, 30, 0, 0, 4.88%, 0, 0, 2, 20706.53, 34454015, 206
1678, 458, 25, 30, 0, 0, 4.88%, 0, 0, 2, 21198.12, 34564379, 206
1683, 460, 11, 30, 0, 0, 4.88%, 0, 0, 2, 20452.71, 34669372, 206
1688, 461, 11, 30, 0, 0, 4.88%, 0, 0, 2, 21069.09, 34778682, 206
1693, 462, 11, 30, 0, 0, 4.88%, 0, 0, 2, 20537.72, 34885778, 206
1699, 464, 28, 30, 0, 0, 4.88%, 0, 0, 2, 21075.96, 34995320, 206
1704, 465, 11, 30, 0, 0, 4.88%, 0, 0, 2, 19897.55, 35098610, 206
1709, 467, 28, 30, 0, 0, 4.88%, 0, 0, 2, 20971.82, 35204652, 206
1714, 468, 11, 30, 0, 0, 4.88%, 0, 0, 2, 20329.55, 35307207, 206
1719, 469, 21, 30, 0, 0, 4.88%, 0, 0, 2, 21296.82, 35417395, 206
1724, 471, 6, 30, 0, 0, 4.88%, 0, 0, 2, 20756.17, 35525081, 206
1729, 472, 11, 30, 0, 0, 4.88%, 0, 0, 2, 21203.70, 35634646, 206
1734, 474, 28, 30, 0, 0, 4.88%, 0, 0, 2, 20235.02, 35736496, 206
1739, 475, 28, 30, 0, 0, 4.88%, 0, 0, 2, 21074.64, 35842805, 206
1744, 476, 24, 30, 0, 0, 4.88%, 0, 0, 2, 20199.88, 35943151, 206
1750, 478, 11, 30, 0, 0, 4.88%, 0, 0, 2, 21173.94, 36053709, 206
1755, 479, 21, 30, 0, 0, 4.88%, 0, 0, 2, 19918.73, 36156889, 206
1760, 481, 15, 30, 0, 0, 4.88%, 0, 0, 2, 20784.83, 36265789, 206
1765, 482, 5, 30, 0, 0, 4.88%, 0, 0, 2, 19895.06, 36366710, 206
1770, 483, 11, 30, 0, 0, 4.88%, 0, 0, 2, 21351.75, 36479169, 206
1775, 485, 8, 30, 0, 0, 4.88%, 0, 0, 2, 20787.35, 36584880, 206
1781, 486, 28, 30, 0, 0, 4.88%, 0, 0, 2, 21612.55, 36698119, 206
1786, 488, 5, 30, 0, 0, 4.88%, 0, 0, 2, 20481.73, 36802380, 206
1791, 489, 11, 30, 0, 0, 4.88%, 0, 0, 2, 21334.60, 36909817, 206
1796, 491, 18, 30, 0, 0, 4.88%, 0, 0, 2, 20535.52, 37011353, 206
1801, 492, 8, 30, 0, 0, 4.88%, 0, 0, 2, 21407.25, 37121731, 206
1806, 494, 11, 30, 0, 0, 4.88%, 0, 0, 2, 20865.63, 37228321, 206
1811, 495, 15, 30, 0, 0, 4.88%, 0, 0, 2, 21563.15, 37339275, 206
1816, 496, 21, 30, 0, 0, 4.88%, 0, 0, 2, 20772.49, 37444540, 206
1822, 498, 18, 30, 0, 0, 4.88%, 0, 0, 2, 20944.95, 37552374, 206
1827, 499, 11, 30, 0, 0, 4.88%, 0, 0, 2, 20837.60, 37654127, 206
1832, 501, 28, 30, 0, 0, 4.88%, 0, 0, 2, 21185.12, 37763825, 206
1837, 502, 28, 30, 0, 0, 4.88%, 0, 0, 2, 21088.93, 37870485, 206
1842, 504, 13, 30, 0, 0, 4.88%, 0, 0, 2, 20988.70, 37980036, 206
1847, 505, 11, 30, 0, 0, 4.88%, 0, 0, 2, 20846.22, 38086287, 206
1852, 506, 18, 30, 0, 0, 4.88%, 0, 0, 2, 20698.70, 38195366, 206
1858, 508, 28, 30, 0, 0, 4.88%, 0, 0, 2, 21103.35, 38303791, 206
1863, 509, 28, 30, 0, 0, 4.88%, 0, 0, 2, 20459.86, 38409919, 206
1868, 511, 28, 30, 0, 0, 4.88%, 0, 0, 2, 21349.50, 38520828, 206
1873, 512, 11, 30, 0, 0, 4.88%, 0, 0, 2, 20552.10, 38630211, 206
1878, 514, 25, 30, 0, 0, 4.88%, 0, 0, 2, 21246.49, 38740397, 206
1884, 515, 16, 30, 0, 0, 4.88%, 0, 0, 2, 19777.18, 38844377, 206
1889, 517, 10, 30, 0, 0, 4.88%, 0, 0, 2, 21283.62, 38951629, 206
1894, 518, 11, 30, 0, 0, 4.88%, 0, 0, 2, 20475.59, 39055444, 206
1899, 519, 11, 30, 0, 0, 4.88%, 0, 0, 2, 21466.82, 39163395, 206
1904, 521, 28, 30, 0, 0, 4.88%, 0, 0, 2, 20541.48, 39270097, 206
1909, 522, 28, 30, 0, 0, 4.88%, 0, 0, 2, 21577.72, 39381419, 206
1914, 524, 11, 30, 0, 0, 4.88%, 0, 0, 2, 20566.44, 39487574, 206
1919, 525, 11, 30, 0, 0, 4.88%, 0, 0, 2, 21068.92, 39597160, 206
1925, 527, 11, 30, 0, 0, 4.88%, 0, 0, 2, 20193.43, 39702950, 206
1930, 528, 11, 30, 0, 0, 4.88%, 0, 0, 2, 21203.18, 39813068, 206
1935, 529, 11, 30, 0, 0, 4.88%, 0, 0, 2, 20493.53, 39919138, 206
1940, 531, 11, 30, 0, 0, 4.88%, 0, 0, 2, 21393.90, 40031424, 206
1945, 532, 10, 30, 0, 0, 4.88%, 0, 0, 2, 20399.25, 40135167, 206
1950, 534, 11, 30, 0, 0, 4.88%, 0, 0, 2, 21011.94, 40245287, 206
1956, 535, 11, 30, 0, 0, 4.88%, 0, 0, 2, 20341.34, 40349621, 206
1961, 537, 26, 30, 0, 0, 4.88%, 0, 0, 2, 21220.62, 40457867, 206
1966, 538, 11, 30, 0, 0, 4.88%, 0, 0, 2, 20524.67, 40561974, 206
1971, 539, 5, 30, 0, 0, 4.88%, 0, 0, 2, 21426.58, 40674415, 206
1976, 541, 8, 30, 0, 0, 4.88%, 0, 0, 2, 21437.02, 40784091, 206
1981, 542, 11, 30, 0, 0, 4.88%, 0, 0, 2, 21405.09, 40894429, 206
1987, 544, 11, 30, 0, 0, 4.88%, 0, 0, 2, 21005.83, 41000556, 206
1992, 545, 3, 30, 0, 0, 4.88%, 0, 0, 2, 21293.22, 41112323, 206
1997, 547, 24, 30, 0, 0, 4.88%, 0, 0, 2, 20822.97, 41215800, 206
2002, 548, 28, 30, 0, 0, 4.88%, 0, 0, 2, 20541.22, 41320373, 206
2007, 549, 11, 30, 0, 0, 4.88%, 0, 0, 2, 20292.90, 41421673, 206
2012, 551, 11, 30, 0, 0, 4.88%, 0, 0, 2, 20931.52, 41532543, 206
2017, 552, 11, 30, 0, 0, 4.88%, 0, 0, 2, 20824.48, 41635985, 206
2022, 554, 11, 30, 0, 0, 4.88%, 0, 0, 2, 20607.73, 41744394, 206
2027, 555, 11, 30, 0, 0, 4.88%, 0, 0, 2, 20739.24, 41846853, 206
2033, 556, 11, 30, 0, 0, 4.88%, 0, 0, 2, 20706.70, 41956377, 206
2038, 558, 24, 30, 0, 0, 4.88%, 0, 0, 2, 21008.97, 42065034, 206
2043, 559, 28, 30, 0, 0, 4.88%, 0, 0, 2, 20066.09, 42166549, 206
2048, 561, 25, 30, 0, 0, 4.88%, 0, 0, 2, 20975.78, 42276808, 206
2053, 562, 10, 30, 0, 0, 4.88%, 0, 0, 2, 20864.34, 42382803, 206
2058, 564, 10, 30, 0, 0, 4.88%, 0, 0, 2, 21526.10, 42492581, 206
2063, 565, 27, 30, 0, 0, 4.88%, 0, 0, 2, 20034.55, 42596403, 206
2069, 566, 11, 30, 0, 0, 4.88%, 0, 0, 2, 21192.53, 42704607, 206
2074, 568, 11, 30, 0, 0, 4.88%, 0, 0, 2, 20952.77, 42810694, 206
2079, 569, 28, 30, 0, 0, 4.88%, 0, 0, 2, 21485.50, 42922054, 206
2084, 571, 4, 30, 0, 0, 4.88%, 0, 0, 2, 20277.55, 43027747, 206
2089, 572, 11, 30, 0, 0, 4.88%, 0, 0, 2, 21484.69, 43139150, 206
2094, 574, 26, 30, 0, 0, 4.88%, 0, 0, 2, 20698.59, 43242561, 206
2099, 575, 26, 30, 0, 0, 4.88%, 0, 0, 2, 21279.33, 43353117, 206
2104, 576, 28, 30, 0, 0, 4.88%, 0, 0, 2, 20651.00, 43460195, 206
2110, 578, 24, 30, 0, 0, 4.88%, 0, 0, 2, 21414.24, 43571209, 206
2115, 579, 6, 30, 0, 0, 4.88%, 0, 0, 2, 20286.02, 43676882, 206
2120, 581, 10, 30, 0, 0, 4.88%, 0, 0, 2, 21693.37, 43790046, 206
2125, 582, 28, 30, 0, 0, 4.88%, 0, 0, 2, 19839.97, 43887730, 206
2130, 584, 11, 30, 0, 0, 4.88%, 0, 0, 2, 21389.25, 43999524, 206
2135, 585, 3, 30, 0, 0, 4.88%, 0, 0, 2, 20511.01, 44102157, 206
2140, 586, 26, 30, 0, 0, 4.88%, 0, 0, 2, 21410.08, 44209704, 206
2145, 588, 28, 30, 0, 0, 4.88%, 0, 0, 2, 20855.27, 44315160, 206
2150, 589, 11, 30, 0, 0, 4.88%, 0, 0, 2, 21720.39, 44425174, 206
2155, 591, 11, 30, 0, 0, 4.88%, 0, 0, 2, 20594.98, 44528260, 206
2160, 592, 11, 30, 0, 0, 4.88%, 0, 0, 2, 21358.02, 44635655, 206
2165, 593, 8, 30, 0, 0, 4.88%, 0, 0, 2, 20690.01, 44738724, 206
2170, 595, 16, 30, 0, 0, 4.88%, 0, 0, 2, 21495.24, 44851423, 206
2176, 596, 18, 30, 0, 0, 4.88%, 0, 0, 2, 20575.82, 44956191, 206
2181, 598, 11, 30, 0, 0, 4.88%, 0, 0, 2, 21099.49, 45067079, 206
2186, 599, 8, 30, 0, 0, 4.88%, 0, 0, 2, 20346.91, 45170026, 206
2191, 601, 5, 30, 0, 0, 4.88%, 0, 0, 2, 21345.13, 45280271, 206
2196, 602, 11, 30, 0, 0, 4.88%, 0, 0, 2, 20625.33, 45384688, 206
2201, 604, 3, 30, 0, 0, 4.88%, 0, 0, 2, 21785.85, 45497840, 206
2206, 605, 15, 30, 0, 0, 4.88%, 0, 0, 2, 21132.55, 45601224, 206
2212, 606, 4, 30, 0, 0, 4.88%, 0, 0, 2, 21528.78, 45713184, 206
2217, 608, 28, 30, 0, 0, 4.88%, 0, 0, 2, 21024.70, 45818662, 206
2222, 609, 28, 30, 0, 0, 4.88%, 0, 0, 2, 20801.04, 45925843, 206
2227, 611, 11, 30, 0, 0, 4.88%, 0, 0, 2, 20852.42, 46031481, 206
2232, 612, 28, 30, 0, 0, 4.88%, 0, 0, 2, 20961.77, 46141766, 206
2237, 614, 28, 30, 0, 0, 4.88%, 0, 0, 2, 20881.63, 46247590, 206
2243, 615, 27, 30, 0, 0, 4.88%, 0, 0, 2, 20659.23, 46356333, 206
2248, 616, 25, 30, 0, 0, 4.88%, 0, 0, 2, 20762.13, 46462831, 206
2253, 618, 11, 30, 0, 0, 4.88%, 0, 0, 2, 20623.79, 46572935, 206
2258, 619, 27, 30, 0, 0, 4.88%, 0, 0, 2, 21524.11, 46684012, 206
2263, 621, 27, 30, 0, 0, 4.88%, 0, 0, 2, 21260.59, 46797364, 206
2268, 622, 11, 30, 0, 0, 4.88%, 0, 0, 2, 21480.65, 46908725, 206
2274, 624, 11, 30, 0, 0, 4.88%, 0, 0, 2, 20946.80, 47017746, 206
2279, 625, 11, 30, 0, 0, 4.88%, 0, 0, 2, 21430.76, 47129437, 206
2284, 627, 16, 30, 0, 0, 4.88%, 0, 0, 2, 21159.68, 47239333, 206
2289, 628, 13, 30, 0, 0, 4.88%, 0, 0, 2, 21557.72, 47347683, 206
2294, 630, 4, 30, 0, 0, 4.88%, 0, 0, 2, 20483.42, 47453873, 206
2299, 631, 15, 30, 0, 0, 4.88%, 0, 0, 2, 21669.89, 47567282, 206
2305, 633, 11, 30, 0, 0, 4.88%, 0, 0, 2, 20088.87, 47670976, 206
2310, 634, 22, 30, 0, 0, 4.88%, 0, 0, 2, 21258.12, 47783400, 206
2315, 636, 6, 30, 0, 0, 4.88%, 0, 0, 2, 21108.43, 47892143, 206
2320, 637, 18, 30, 0, 0, 4.88%, 0, 0, 2, 22059.75, 48007070, 206
2325, 638, 27, 30, 0, 0, 4.88%, 0, 0, 2, 21111.84, 48111301, 206
2330, 640, 11, 30, 0, 0, 4.88%, 0, 0, 2, 21787.39, 48224368, 206
2335, 641, 16, 30, 0, 0, 4.88%, 0, 0, 2, 21013.54, 48329331, 206
2340, 643, 10, 30, 0, 0, 4.88%, 0, 0, 2, 22080.27, 48441633, 206
2346, 644, 4, 30, 0, 0, 4.88%, 0, 0, 2, 20778.26, 48546877, 206
2351, 646, 28, 30, 0, 0, 4.88%, 0, 0, 2, 21760.24, 48658052, 206
2356, 647, 24, 30, 0, 0, 4.88%, 0, 0, 2, 20980.30, 48763285, 206
2361, 649, 27, 30, 0, 0, 4.88%, 0, 0, 2, 21487.80, 48875875, 206
2366, 650, 11, 30, 0, 0, 4.88%, 0, 0, 2, 20578.93, 48980487, 206
2371, 651, 11, 30, 0, 0, 4.88%, 0, 0, 2, 21650.31, 49092581, 206
2376, 653, 5, 30, 0, 0, 4.88%, 0, 0, 2, 21291.08, 49197206, 206
2381, 654, 28, 30, 0, 0, 4.88%, 0, 0, 2, 21717.04, 49308807, 206
2386, 656, 20, 30, 0, 0, 4.88%, 0, 0, 2, 21388.09, 49413191, 206
2391, 657, 26, 30, 0, 0, 4.88%, 0, 0, 2, 21548.94, 49521933, 206
2396, 659, 11, 30, 0, 0, 4.88%, 0, 0, 2, 21445.72, 49628231, 206
2402, 660, 21, 30, 0, 0, 4.88%, 0, 0, 2, 21321.95, 49740169, 206
2407, 662, 11, 30, 0, 0, 4.88%, 0, 0, 2, 21320.17, 49847559, 206
2412, 663, 11, 30, 0, 0, 4.88%, 0, 0, 2, 21699.67, 49961680, 206
2417, 664, 4, 30, 0, 0, 4.88%, 0, 0, 2, 21433.36, 50066559, 206
2422, 666, 21, 30, 0, 0, 4.88%, 0, 0, 2, 20377.58, 50174883, 206
2427, 667, 28, 30, 0, 0, 4.88%, 0, 0, 2, 21317.23, 50285375, 206
2433, 669, 28, 30, 0, 0, 4.88%, 0, 0, 2, 21380.04, 50397233, 206
2438, 670, 11, 30, 0, 0, 4.88%, 0, 0, 2, 21423.07, 50502717, 206
2443, 672, 11, 30, 0, 0, 4.88%, 0, 0, 2, 22332.21, 50616123, 206
2448, 673, 5, 30, 0, 0, 4.88%, 0, 0, 2, 23345.03, 50728147, 206
2453, 675, 3, 30, 0, 0, 4.88%, 0, 0, 2, 21799.25, 50837063, 206
2458, 676, 10, 30, 0, 0, 4.88%, 0, 0, 2, 21811.13, 50944071, 206
2463, 677, 11, 30, 0, 0, 4.88%, 0, 0, 2, 21341.86, 51055707, 206
2468, 679, 18, 30, 0, 0, 4.88%, 0, 0, 2, 21785.50, 51167957, 206
2473, 680, 15, 30, 0, 0, 4.88%, 0, 0, 2, 21801.68, 51282944, 206
2478, 682, 6, 30, 0, 0, 4.88%, 0, 0, 2, 22033.13, 51396788, 206
2483, 683, 11, 30, 0, 0, 4.88%, 0, 0, 2, 20843.71, 51501173, 206
2488, 685, 6, 30, 0, 0, 4.88%, 0, 0, 2, 21384.35, 51609986, 206
2494, 686, 11, 30, 0, 0, 4.88%, 0, 0, 2, 20729.46, 51719958, 206
2499, 688, 3, 30, 0, 0, 4.88%, 0, 0, 2, 21550.74, 51831518, 206
2504, 689, 11, 30, 0, 0, 4.88%, 0, 0, 2, 21168.23, 51942669, 206
2509, 691, 11, 30, 0, 0, 4.88%, 0, 0, 2, 21801.55, 52054663, 206
2514, 692, 20, 30, 0, 0, 4.88%, 0, 0, 2, 21075.04, 52163366, 206
2519, 694, 28, 30, 0, 0, 4.88%, 0, 0, 2, 21484.97, 52274128, 206
2524, 695, 22, 30, 0, 0, 4.88%, 0, 0, 2, 20751.04, 52378225, 206
2530, 696, 5, 30, 0, 0, 4.88%, 0, 0, 2, 22103.24, 52492893, 206
2535, 698, 11, 30, 0, 0, 4.88%, 0, 0, 2, 21005.39, 52598262, 206
2540, 699, 11, 30, 0, 0, 4.88%, 0, 0, 2, 22005.98, 52714163, 206
2545, 701, 28, 30, 0, 0, 4.88%, 0, 0, 2, 20387.82, 52816676, 206
2550, 702, 11, 30, 0, 0, 4.88%, 0, 0, 2, 21773.28, 52927664, 206
2555, 704, 25, 30, 0, 0, 4.88%, 0, 0, 2, 20562.54, 53034843, 206
2560, 705, 10, 30, 0, 0, 4.88%, 0, 0, 2, 21826.49, 53149916, 206
2565, 707, 11, 30, 0, 0, 4.88%, 0, 0, 2, 20537.06, 53253125, 206
2571, 708, 28, 30, 0, 0, 4.88%, 0, 0, 2, 21986.74, 53369603, 206
2576, 710, 20, 30, 0, 0, 4.88%, 0, 0, 2, 21129.57, 53477257, 206
2581, 711, 11, 30, 0, 0, 4.88%, 0, 0, 2, 21377.13, 53588837, 206
2586, 712, 10, 30, 0, 0, 4.88%, 0, 0, 2, 20910.09, 53695649, 206
2591, 714, 11, 30, 0, 0, 4.88%, 0, 0, 2, 21481.15, 53807693, 206
2597, 715, 27, 30, 0, 0, 4.88%, 0, 0, 2, 21343.08, 53916230, 206
2602, 717, 11, 30, 0, 0, 4.88%, 0, 0, 2, 21713.71, 54025488, 206
2607, 718, 11, 30, 0, 0, 4.88%, 0, 0, 2, 20916.12, 54130840, 206
2612, 720, 11, 30, 0, 0, 4.88%, 0, 0, 2, 21382.01, 54239217, 206
2617, 721, 28, 30, 0, 0, 4.88%, 0, 0, 2, 21191.59, 54346369, 206
2622, 723, 28, 30, 0, 0, 4.88%, 0, 0, 2, 21486.75, 54459758, 206
2627, 724, 11, 30, 0, 0, 4.88%, 0, 0, 2, 21550.19, 54567247, 206
2632, 725, 28, 30, 0, 0, 4.88%, 0, 0, 2, 21262.36, 54679793, 206
2638, 727, 11, 30, 0, 0, 4.88%, 0, 0, 2, 21713.93, 54792391, 206
2643, 728, 28, 30, 0, 0, 4.88%, 0, 0, 2, 20868.20, 54902207, 206
2648, 730, 24, 30, 0, 0, 4.88%, 0, 0, 2, 21700.44, 55014724, 206
2653, 731, 27, 30, 0, 0, 4.88%, 0, 0, 2, 21207.35, 55127357, 206
2658, 733, 11, 30, 0, 0, 4.88%, 0, 0, 2, 21645.70, 55239085, 206
2663, 734, 16, 30, 0, 0, 4.88%, 0, 0, 2, 20801.06, 55344742, 206
2668, 736, 20, 30, 0, 0, 4.88%, 0, 0, 2, 21539.28, 55452285, 206
2673, 737, 13, 30, 0, 0, 4.88%, 0, 0, 2, 21140.65, 55562836, 206
2678, 739, 11, 30, 0, 0, 4.88%, 0, 0, 2, 22424.00, 55673279, 206
2684, 740, 3, 30, 0, 0, 4.88%, 0, 0, 2, 21740.70, 55787711, 206
2689, 742, 11, 30, 0, 0, 4.88%, 0, 0, 2, 21739.57, 55896153, 206
2694, 743, 28, 30, 0, 0, 4.88%, 0, 0, 2, 21368.81, 56007892, 206
2699, 745, 11, 30, 0, 0, 4.88%, 0, 0, 2, 21636.88, 56116332, 206
2704, 746, 11, 30, 0, 0, 4.88%, 0, 0, 2, 21402.33, 56229802, 206
2709, 748, 11, 30, 0, 0, 4.88%, 0, 0, 2, 22035.14, 56341958, 206
2714, 749, 5, 30, 0, 0, 4.88%, 0, 0, 2, 20563.23, 56448906, 206
2720, 751, 4, 30, 0, 0, 4.88%, 0, 0, 2, 21800.41, 56561717, 206
2725, 752, 11, 30, 0, 0, 4.88%, 0, 0, 2, 20340.71, 56666335, 206
2730, 753, 11, 30, 0, 0, 4.88%, 0, 0, 2, 21707.97, 56781810, 206
2735, 755, 6, 30, 0, 0, 4.88%, 0, 0, 2, 21067.90, 56887915, 206
2740, 756, 11, 30, 0, 0, 4.88%, 0, 0, 2, 22120.56, 57000783, 206
2745, 758, 10, 30, 0, 0, 4.88%, 0, 0, 2, 21222.71, 57105542, 206
2750, 759, 8, 30, 0, 0, 4.88%, 0, 0, 2, 22399.83, 57220311, 206
2755, 761, 11, 30, 0, 0, 4.88%, 0, 0, 2, 21253.61, 57325261, 206
2760, 762, 4, 30, 0, 0, 4.88%, 0, 0, 2, 22092.39, 57436945, 206
2765, 764, 11, 30, 0, 0, 4.88%, 0, 0, 2, 21509.76, 57543973, 206
2770, 765, 21, 30, 0, 0, 4.88%, 0, 0, 2, 22012.91, 57658780, 206
2775, 767, 3, 30, 0, 0, 4.88%, 0, 0, 2, 21166.79, 57767613, 206
2781, 768, 3, 30, 0, 0, 4.88%, 0, 0, 2, 21997.24, 57882753, 206
2786, 769, 11, 30, 0, 0, 4.88%, 0, 0, 2, 20699.22, 57983535, 206
2791, 771, 11, 30, 0, 0, 4.88%, 0, 0, 2, 22177.10, 58100366, 206
2796, 772, 11, 30, 0, 0, 4.88%, 0, 0, 2, 20771.86, 58207532, 206
2801, 774, 11, 30, 0, 0, 4.88%, 0, 0, 2, 21962.40, 58323007, 206
2806, 775, 11, 30, 0, 0, 4.88%, 0, 0, 2, 21327.45, 58431515, 206
2811, 777, 26, 30, 0, 0, 4.88%, 0, 0, 2, 22139.29, 58543079, 206
2816, 778, 11, 30, 0, 0, 4.88%, 0, 0, 2, 21726.57, 58648962, 206
2822, 780, 10, 30, 0, 0, 4.88%, 0, 0, 2, 22020.00, 58763473, 206
2827, 781, 4, 30, 0, 0, 4.88%, 0, 0, 2, 21548.94, 58871409, 206
2832, 783, 19, 30, 0, 0, 4.88%, 0, 0, 2, 21788.76, 58984662, 206
2837, 784, 18, 30, 0, 0, 4.88%, 0, 0, 2, 21431.88, 59093376, 206
2842, 786, 11, 30, 0, 0, 4.88%, 0, 0, 2, 20915.12, 59199803, 206
2847, 787, 11, 30, 0, 0, 4.88%, 0, 0, 2, 21192.66, 59308981, 206
2853, 789, 13, 30, 0, 0, 4.88%, 0, 0, 2, 21090.04, 59420893, 206
2858, 790, 26, 30, 0, 0, 4.88%, 0, 0, 2, 21325.36, 59531000, 206
2863, 792, 28, 30, 0, 0, 4.88%, 0, 0, 2, 21275.46, 59640317, 206
2868, 793, 3, 30, 0, 0, 4.88%, 0, 0, 2, 21517.55, 59747391, 206
2873, 794, 24, 30, 0, 0, 4.88%, 0, 0, 2, 20891.24, 59855045, 206
2878, 796, 11, 30, 0, 0, 4.88%, 0, 0, 2, 21607.14, 59965764, 206
2883, 797, 11, 30, 0, 0, 4.88%, 0, 0, 2, 21571.79, 60080300, 206
2888, 799, 21, 30, 0, 0, 4.88%, 0, 0, 2, 22549.47, 60192647, 206
2893, 800, 8, 30, 0, 0, 4.88%, 0, 0, 2, 21489.44, 60305188, 206
2899, 802, 10, 30, 0, 0, 4.88%, 0, 0, 2, 22065.88, 60418198, 206
2904, 803, 11, 30, 0, 0, 4.88%, 0, 0, 2, 20454.07, 60526004, 206
2909, 805, 28, 30, 0, 0, 4.88%, 0, 0, 2, 21562.67, 60636424, 206
2914, 806, 11, 30, 0, 0, 4.88%, 0, 0, 2, 21137.08, 60747568, 206
2919, 808, 11, 30, 0, 0, 4.88%, 0, 0, 2, 21904.36, 60860286, 206
2925, 809, 11, 30, 0, 0, 4.88%, 0, 0, 2, 21101.00, 60970547, 206
2930, 811, 11, 30, 0, 0, 4.88%, 0, 0, 2, 21778.83, 61081015, 206
2935, 812, 11, 30, 0, 0, 4.88%, 0, 0, 2, 21257.94, 61188814, 206
2940, 814, 11, 30, 0, 0, 4.88%, 0, 0, 2, 22197.64, 61305858, 206
2945, 815, 18, 30, 0, 0, 4.88%, 0, 0, 2, 21556.96, 61411252, 206
2950, 817, 16, 30, 0, 0, 4.88%, 0, 0, 2, 21899.70, 61522495, 206
2955, 818, 11, 30, 0, 0, 4.88%, 0, 0, 2, 21195.03, 61628928, 206
2960, 820, 26, 30, 0, 0, 4.88%, 0, 0, 2, 22133.50, 61744914, 206
2965, 821, 11, 30, 0, 0, 4.88%, 0, 0, 2, 20808.23, 61846539, 206
2970, 822, 22, 30, 0, 0, 4.88%, 0, 0, 2, 22271.06, 61960170, 206
2975, 824, 11, 30, 0, 0, 4.88%, 0, 0, 2, 21201.38, 62067139, 206
2980, 825, 16, 30, 0, 0, 4.88%, 0, 0, 2, 23322.20, 62184591, 206
2985, 827, 18, 30, 0, 0, 4.88%, 0, 0, 2, 21704.43, 62291036, 206
2991, 828, 26, 30, 0, 0, 4.88%, 0, 0, 2, 22186.87, 62407166, 206
2996, 830, 11, 30, 0, 0, 4.88%, 0, 0, 2, 21730.03, 62517706, 206
3001, 831, 12, 30, 0, 0, 4.88%, 0, 0, 2, 22285.47, 62633548, 206
3006, 833, 4, 30, 0, 0, 4.88%, 0, 0, 2, 21434.00, 62741816, 206
3011, 834, 11, 30, 0, 0, 4.88%, 0, 0, 2, 22608.16, 62855441, 206
3016, 836, 11, 30, 0, 0, 4.88%, 0, 0, 2, 21235.01, 62965158, 206
3021, 837, 28, 30, 0, 0, 4.88%, 0, 0, 2, 21667.79, 63080410, 206
3027, 839, 11, 30, 0, 0, 4.88%, 0, 0, 2, 21391.32, 63186899, 206
3032, 840, 5, 30, 0, 0, 4.88%, 0, 0, 2, 22067.23, 63301231, 206
3037, 842, 28, 30, 0, 0, 4.88%, 0, 0, 2, 21575.43, 63410394, 206
3042, 843, 11, 30, 0, 0, 4.88%, 0, 0, 2, 21772.92, 63523628, 206
3047, 845, 4, 30, 0, 0, 4.88%, 0, 0, 2, 21563.76, 63631344, 206
3052, 846, 28, 30, 0, 0, 4.88%, 0, 0, 2, 21522.74, 63743473, 206
3057, 848, 15, 30, 0, 0, 4.88%, 0, 0, 2, 21728.64, 63855575, 206
3063, 849, 15, 30, 0, 0, 4.88%, 0, 0, 2, 21211.81, 63967655, 206
3068, 851, 28, 30, 0, 0, 4.88%, 0, 0, 2, 22045.27, 64082105, 206
3073, 852, 28, 30, 0, 0, 4.88%, 0, 0, 2, 21587.45, 64191220, 206
3078, 854, 11, 30, 0, 0, 4.88%, 0, 0, 2, 22137.12, 64306166, 206
3083, 855, 5, 30, 0, 0, 4.88%, 0, 0, 2, 20508.39, 64414624, 206
3088, 856, 28, 30, 0, 0, 4.88%, 0, 0, 2, 21852.59, 64524028, 206
3093, 858, 5, 30, 0, 0, 4.88%, 0, 0, 2, 21583.45, 64635893, 206
3099, 859, 16, 30, 0, 0, 4.88%, 0, 0, 2, 22095.52, 64750158, 206
3104, 861, 8, 30, 0, 0, 4.88%, 0, 0, 2, 21782.34, 64864800, 206
3109, 862, 11, 30, 0, 0, 4.88%, 0, 0, 2, 22548.25, 64978480, 206
3114, 864, 16, 30, 0, 0, 4.88%, 0, 0, 2, 20688.12, 65087202, 206
3119, 865, 4, 30, 0, 0, 4.88%, 0, 0, 2, 22792.44, 65205563, 206
3124, 867, 11, 30, 0, 0, 4.88%, 0, 0, 2, 20705.82, 65312406, 206
3130, 868, 11, 30, 0, 0, 4.88%, 0, 0, 2, 21858.51, 65424928, 206
3135, 870, 28, 30, 0, 0, 4.88%, 0, 0, 2, 21225.70, 65532040, 206
3140, 871, 10, 30, 0, 0, 4.88%, 0, 0, 2, 21996.29, 65647195, 206
3145, 873, 11, 30, 0, 0, 4.88%, 0, 0, 2, 20558.27, 65752032, 206
3150, 874, 11, 30, 0, 0, 4.88%, 0, 0, 2, 22178.00, 65868340, 206
3155, 876, 28, 30, 0, 0, 4.88%, 0, 0, 2, 21413.66, 65975198, 206
3160, 877, 13, 30, 0, 0, 4.88%, 0, 0, 2, 22438.22, 66091136, 206
3165, 879, 11, 30, 0, 0, 4.88%, 0, 0, 2, 21073.57, 66197587, 206
3170, 880, 10, 30, 0, 0, 4.88%, 0, 0, 2, 22024.88, 66311488, 206
3176, 882, 5, 30, 0, 0, 4.88%, 0, 0, 2, 21310.49, 66419983, 206
3181, 883, 28, 30, 0, 0, 4.88%, 0, 0, 2, 22131.97, 66533773, 206
3186, 885, 11, 30, 0, 0, 4.88%, 0, 0, 2, 21257.24, 66643030, 206
3191, 886, 11, 30, 0, 0, 4.88%, 0, 0, 2, 21908.74, 66753913, 206
3196, 887, 11, 30, 0, 0, 4.88%, 0, 0, 2, 21032.00, 66860421, 206
3201, 889, 11, 30, 0, 0, 4.88%, 0, 0, 2, 22036.96, 66977168, 206
3206, 890, 24, 30, 0, 0, 4.88%, 0, 0, 2, 21081.67, 67083441, 206
3211, 892, 11, 30, 0, 0, 4.88%, 0, 0, 2, 22411.33, 67197428, 206
3216, 893, 11, 30, 0, 0, 4.88%, 0, 0, 2, 22012.54, 67305772, 206
3222, 895, 5, 30, 0, 0, 4.88%, 0, 0, 2, 22662.79, 67422846, 206
3227, 896, 10, 30, 0, 0, 4.88%, 0, 0, 2, 22608.80, 67534882, 206
3232, 898, 11, 30, 0, 0, 4.88%, 0, 0, 2, 22293.88, 67652613, 206
3237, 899, 27, 30, 0, 0, 4.88%, 0, 0, 2, 22892.68, 67763623, 206
3242, 901, 28, 30, 0, 0, 4.88%, 0, 0, 2, 21602.80, 67873442, 206
3247, 902, 11, 30, 0, 0, 4.88%, 0, 0, 2, 21385.51, 67982677, 206
3252, 904, 15, 30, 0, 0, 4.88%, 0, 0, 2, 22217.13, 68098244, 206
3258, 905, 15, 30, 0, 0, 4.88%, 0, 0, 2, 22959.65, 68214682, 206
3263, 907, 11, 30, 0, 0, 4.88%, 0, 0, 2, 21419.39, 68323223, 206
3268, 908, 11, 30, 0, 0, 4.88%, 0, 0, 2, 21414.41, 68432395, 206
3273, 910, 25, 30, 0, 0, 4.88%, 0, 0, 2, 21409.51, 68545773, 206
3278, 911, 20, 30, 0, 0, 4.88%, 0, 0, 2, 21634.00, 68658506, 206
3283, 913, 5, 30, 0, 0, 4.88%, 0, 0, 2, 21869.48, 68770509, 206
3288, 914, 11, 30, 0, 0, 4.88%, 0, 0, 2, 22318.61, 68885234, 206
3293, 916, 11, 30, 0, 0, 4.88%, 0, 0, 2, 21156.37, 68994903, 206
3298, 917, 11, 30, 0, 0, 4.88%, 0, 0, 2, 22547.41, 69109318, 206
3303, 919, 11, 30, 0, 0, 4.88%, 0, 0, 2, 21267.45, 69215042, 206
3309, 920, 3, 30, 0, 0, 4.88%, 0, 0, 2, 22556.41, 69332386, 206
3314, 922, 28, 30, 0, 0, 4.88%, 0, 0, 2, 21441.26, 69442373, 206
3319, 923, 4, 30, 0, 0, 4.88%, 0, 0, 2, 22011.15, 69554096, 206
3324, 925, 4, 30, 0, 0, 4.88%, 0, 0, 2, 21160.16, 69664412, 206
3329, 926, 25, 30, 0, 0, 4.88%, 0, 0, 2, 22092.85, 69775556, 206
3334, 928, 11, 30, 0, 0, 4.88%, 0, 0, 2, 21678.17, 69888965, 206
3339, 929, 10, 30, 0, 0, 4.88%, 0, 0, 2, 22863.45, 70007630, 206
3344, 931, 25, 30, 0, 0, 4.88%, 0, 0, 2, 21669.60, 70116101, 206
3350, 933, 26, 30, 0, 0, 4.88%, 0, 0, 2, 23004.05, 70238607, 206
3355, 934, 11, 30, 0, 0, 4.88%, 0, 0, 2, 21040.33, 70347213, 206
3360, 936, 26, 30, 0, 0, 4.88%, 0, 0, 2, 22240.66, 70461018, 206
3365, 937, 28, 30, 0, 0, 4.88%, 0, 0, 2, 20669.20, 70565512, 206
3370, 938, 28, 30, 0, 0, 4.88%, 0, 0, 2, 22198.05, 70678276, 206
3375, 940, 28, 30, 0, 0, 4.88%, 0, 0, 2, 21291.04, 70785118, 206
3380, 941, 11, 30, 0, 0, 4.88%, 0, 0, 2, 22166.75, 70900760, 206
3385, 943, 8, 30, 0, 0, 4.88%, 0, 0, 2, 21347.13, 71007916, 206
3390, 944, 11, 30, 0, 0, 4.88%, 0, 0, 2, 22250.14, 71122178, 206
3396, 946, 11, 30, 0, 0, 4.88%, 0, 0, 2, 21577.20, 71232775, 206
3401, 947, 4, 30, 0, 0, 4.88%, 0, 0, 2, 22493.11, 71346239, 206
3406, 949, 11, 30, 0, 0, 4.88%, 0, 0, 2, 21955.94, 71454491, 206
3411, 950, 4, 30, 0, 0, 4.88%, 0, 0, 2, 23458.42, 71572542, 206
3416, 952, 25, 30, 0, 0, 4.88%, 0, 0, 2, 21818.75, 71682170, 206
3421, 953, 16, 30, 0, 0, 4.88%, 0, 0, 2, 22187.20, 71797776, 206
3426, 955, 11, 30, 0, 0, 4.88%, 0, 0, 2, 21884.33, 71909952, 206
3431, 956, 27, 30, 0, 0, 4.88%, 0, 0, 2, 22150.35, 72026228, 206
3437, 958, 5, 30, 0, 0, 4.88%, 0, 0, 2, 22267.03, 72141252, 206
3442, 959, 3, 30, 0, 0, 4.88%, 0, 0, 2, 21792.80, 72252970, 206
3447, 961, 10, 30, 0, 0, 4.88%, 0, 0, 2, 21633.86, 72361732, 206
3452, 962, 21, 30, 0, 0, 4.88%, 0, 0, 2, 22680.51, 72479914, 206
3457, 964, 11, 30, 0, 0, 4.88%, 0, 0, 2, 22274.13, 72592120, 206
3462, 965, 16, 30, 0, 0, 4.88%, 0, 0, 2, 22236.94, 72709609, 206
3468, 967, 4, 30, 0, 0, 4.88%, 0, 0, 2, 22315.87, 72823379, 206
3473, 968, 6, 30, 0, 0, 4.88%, 0, 0, 2, 21420.05, 72935715, 206
3478, 970, 28, 30, 0, 0, 4.88%, 0, 0, 2, 21991.06, 73049854, 206
3483, 971, 28, 30, 0, 0, 4.88%, 0, 0, 2, 22434.32, 73168641, 206
3488, 973, 11, 30, 0, 0, 4.88%, 0, 0, 2, 22198.29, 73280181, 206
3493, 974, 11, 30, 0, 0, 4.88%, 0, 0, 2, 21170.86, 73390468, 206
3498, 976, 11, 30, 0, 0, 4.88%, 0, 0, 2, 22299.90, 73504656, 206
3504, 977, 11, 30, 0, 0, 4.88%, 0, 0, 2, 20834.79, 73613907, 206
3509, 979, 25, 30, 0, 0, 4.88%, 0, 0, 2, 21782.89, 73724411, 206
3514, 980, 28, 30, 0, 0, 4.88%, 0, 0, 2, 22259.59, 73843325, 206
3519, 982, 11, 30, 0, 0, 4.88%, 0, 0, 2, 22155.11, 73957797, 206
3524, 983, 11, 30, 0, 0, 4.88%, 0, 0, 2, 21149.05, 74064733, 206
3529, 985, 28, 30, 0, 0, 4.88%, 0, 0, 2, 23232.03, 74185789, 206
3534, 987, 11, 30, 0, 0, 4.88%, 0, 0, 2, 21902.98, 74295992, 206
3540, 988, 11, 30, 0, 0, 4.88%, 0, 0, 2, 22461.80, 74412720, 206
3545, 990, 11, 30, 0, 0, 4.88%, 0, 0, 2, 20682.88, 74518674, 206
3550, 991, 16, 30, 0, 0, 4.88%, 0, 0, 2, 22756.49, 74639616, 206
3555, 993, 11, 30, 0, 0, 4.88%, 0, 0, 2, 21610.86, 74750511, 206
3560, 994, 11, 30, 0, 0, 4.88%, 0, 0, 2, 22483.33, 74867652, 206
3565, 996, 20, 30, 0, 0, 4.88%, 0, 0, 2, 20794.54, 74969366, 206
3570, 997, 28, 30, 0, 0, 4.88%, 0, 0, 2, 22462.68, 75086698, 206
3575, 999, 3, 30, 0, 0, 4.88%, 0, 0, 2, 21635.40, 75196318, 206
3581, 1000, 11, 30, 0, 0, 4.88%, 0, 0, 2, 22532.89, 75314624, 206
3586, 1002, 4, 30, 0, 0, 4.88%, 0, 0, 2, 21790.43, 75427191, 206
3591, 1003, 11, 30, 0, 0, 4.88%, 0, 0, 2, 22423.45, 75544294, 206
3596, 1005, 28, 30, 0, 0, 4.88%, 0, 0, 2, 22017.92, 75657772, 206
3601, 1006, 25, 30, 0, 0, 4.88%, 0, 0, 2, 23272.15, 75778340, 206
3606, 1008, 11, 30, 0, 0, 4.88%, 0, 0, 2, 22419.64, 75887422, 206
3611, 1009, 11, 30, 0, 0, 4.88%, 0, 0, 2, 23328.52, 76008352, 206
3616, 1011, 11, 30, 0, 0, 4.88%, 0, 0, 2, 22164.03, 76115989, 206
3621, 1012, 4, 30, 0, 0, 4.88%, 0, 0, 2, 22056.36, 76228144, 206
3627, 1014, 10, 30, 0, 0, 4.88%, 0, 0, 2, 21968.16, 76338168, 206
3632, 1015, 11, 30, 0, 0, 4.88%, 0, 0, 2, 23801.17, 76458072, 206
3637, 1017, 11, 30, 0, 0, 4.88%, 0, 0, 2, 22401.10, 76566898, 206
3642, 1018, 15, 30, 0, 0, 4.88%, 0, 0, 2, 23869.70, 76692241, 206
3647, 1020, 3, 30, 0, 0, 4.88%, 0, 0, 2, 23111.97, 76808602, 206
3652, 1021, 11, 30, 0, 0, 4.88%, 0, 0, 2, 22282.66, 76921071, 206
3657, 1023, 11, 30, 0, 0, 4.88%, 0, 0, 2, 22175.57, 77030585, 206
3662, 1025, 10, 30, 0, 0, 4.88%, 0, 0, 2, 23127.98, 77151420, 206
3667, 1026, 11, 30, 0, 0, 4.88%, 0, 0, 2, 22416.80, 77262990, 206
3672, 1028, 3, 30, 0, 0, 4.88%, 0, 0, 2, 22800.91, 77381445, 206
3678, 1029, 28, 30, 0, 0, 4.88%, 0, 0, 2, 22590.75, 77496248, 206
3683, 1031, 22, 30, 0, 0, 4.88%, 0, 0, 2, 21514.37, 77609356, 206
3688, 1032, 28, 30, 0, 0, 4.88%, 0, 0, 2, 21759.99, 77716937, 206
3693, 1034, 24, 30, 0, 0, 4.88%, 0, 0, 2, 21897.38, 77833350, 206
3698, 1035, 11, 30, 0, 0, 4.88%, 0, 0, 2, 22463.47, 77945284, 206
3703, 1037, 11, 30, 0, 0, 4.88%, 0, 0, 2, 21975.71, 78061131, 206
3708, 1038, 11, 30, 0, 0, 4.88%, 0, 0, 2, 22135.53, 78171996, 206
3713, 1040, 4, 30, 0, 0, 4.88%, 0, 0, 2, 21757.29, 78287345, 206
3719, 1041, 25, 30, 0, 0, 4.88%, 0, 0, 2, 23144.20, 78406768, 206
3724, 1043, 11, 30, 0, 0, 4.88%, 0, 0, 2, 21480.87, 78519031, 206
3729, 1044, 28, 30, 0, 0, 4.88%, 0, 0, 2, 22389.40, 78637068, 206
3734, 1046, 11, 30, 0, 0, 4.88%, 0, 0, 2, 21830.99, 78746487, 206
3739, 1047, 11, 30, 0, 0, 4.88%, 0, 0, 2, 22292.03, 78863460, 206
3744, 1049, 11, 30, 0, 0, 4.88%, 0, 0, 2, 21422.49, 78974123, 206
3749, 1051, 15, 30, 0, 0, 4.88%, 0, 0, 2, 22920.24, 79092690, 206
3755, 1052, 11, 30, 0, 0, 4.88%, 0, 0, 2, 21040.39, 79201890, 206
3760, 1054, 5, 30, 0, 0, 4.88%, 0, 0, 2, 22521.26, 79321732, 206
3765, 1055, 3, 30, 0, 0, 4.88%, 0, 0, 2, 21093.19, 79429523, 206
3770, 1057, 10, 30, 0, 0, 4.88%, 0, 0, 2, 23155.11, 79551951, 206
3775, 1058, 11, 30, 0, 0, 4.88%, 0, 0, 2, 22509.02, 79666686, 206
3780, 1060, 25, 30, 0, 0, 4.88%, 0, 0, 2, 23239.07, 79785470, 206
3786, 1061, 4, 30, 0, 0, 4.88%, 0, 0, 2, 21718.14, 79894764, 206
3791, 1063, 11, 30, 0, 0, 4.88%, 0, 0, 2, 22918.45, 80012278, 206
3796, 1064, 16, 30, 0, 0, 4.88%, 0, 0, 2, 21890.70, 80122060, 206
3801, 1066, 11, 30, 0, 0, 4.88%, 0, 0, 2, 22488.77, 80239499, 206
3806, 1067, 11, 30, 0, 0, 4.88%, 0, 0, 2, 21506.43, 80347174, 206
3811, 1069, 13, 30, 0, 0, 4.88%, 0, 0, 2, 23185.76, 80469115, 206
3816, 1070, 11, 30, 0, 0, 4.88%, 0, 0, 2, 22523.20, 80583654, 206
3822, 1072, 25, 30, 0, 0, 4.88%, 0, 0, 2, 23255.10, 80703369, 206
3827, 1073, 28, 30, 0, 0, 4.88%, 0, 0, 2, 21565.20, 80808353, 206
3832, 1075, 11, 30, 0, 0, 4.88%, 0, 0, 2, 22817.19, 80928037, 206
3837, 1077, 13, 30, 0, 0, 4.88%, 0, 0, 2, 22695.69, 81044094, 206
3842, 1078, 11, 30, 0, 0, 4.88%, 0, 0, 2, 21422.55, 81155292, 206
3847, 1080, 28, 30, 0, 0, 4.88%, 0, 0, 2, 21852.59, 81266928, 206
3852, 1081, 11, 30, 0, 0, 4.88%, 0, 0, 2, 21766.87, 81376706, 206
3858, 1083, 25, 30, 0, 0, 4.88%, 0, 0, 2, 22738.37, 81492080, 206
3863, 1084, 10, 30, 0, 0, 4.88%, 0, 0, 2, 21184.73, 81602791, 206
3868, 1086, 11, 30, 0, 0, 4.88%, 0, 0, 2, 22860.72, 81719593, 206
3873, 1087, 26, 30, 0, 0, 4.88%, 0, 0, 2, 21931.26, 81831602, 206
3878, 1089, 24, 30, 0, 0, 4.88%, 0, 0, 2, 22088.59, 81941768, 206
3883, 1090, 11, 30, 0, 0, 4.88%, 0, 0, 2, 21748.14, 82057336, 206
3888, 1092, 11, 30, 0, 0, 4.88%, 0, 0, 2, 22239.79, 82170812, 206
3893, 1093, 4, 30, 0, 0, 4.88%, 0, 0, 2, 22925.02, 82293090, 206
3898, 1095, 3, 30, 0, 0, 4.88%, 0, 0, 2, 22749.07, 82409526, 206
3904, 1096, 4, 30, 0, 0, 4.88%, 0, 0, 2, 21373.85, 82521736, 206
3909, 1098, 27, 30, 0, 0, 4.88%, 0, 0, 2, 22528.01, 82639117, 206
3914, 1099, 3, 30, 0, 0, 4.88%, 0, 0, 2, 21980.89, 82755702, 206
3919, 1101, 11, 30, 0, 0, 4.88%, 0, 0, 2, 22762.49, 82872484, 206
3924, 1102, 11, 30, 0, 0, 4.88%, 0, 0, 2, 21229.09, 82977704, 206
3929, 1104, 10, 30, 0, 0, 4.88%, 0, 0, 2, 22672.29, 83091374, 206
3934, 1105, 6, 30, 0, 0, 4.88%, 0, 0, 2, 21554.38, 83203139, 206
3940, 1107, 11, 30, 0, 0, 4.88%, 0, 0, 2, 22690.96, 83319801, 206
3945, 1108, 28, 30, 0, 0, 4.88%, 0, 0, 2, 21552.43, 83433351, 206
3950, 1110, 27, 30, 0, 0, 4.88%, 0, 0, 2, 23344.59, 83550539, 206
3955, 1111, 11, 30, 0, 0, 4.88%, 0, 0, 2, 22254.43, 83664458, 206
3960, 1113, 11, 30, 0, 0, 4.88%, 0, 0, 2, 23151.16, 83784030, 206
3965, 1115, 28, 30, 0, 0, 4.88%, 0, 0, 2, 21631.05, 83892719, 206
3970, 1116, 13, 30, 0, 0, 4.88%, 0, 0, 2, 23105.50, 84015583, 206
3976, 1118, 11, 30, 0, 0, 4.88%, 0, 0, 2, 21840.85, 84127438, 206
3981, 1119, 24, 30, 0, 0, 4.88%, 0, 0, 2, 22876.36, 84247560, 206
3986, 1121, 24, 30, 0, 0, 4.88%, 0, 0, 2, 21422.25, 84353786, 206
3991, 1122, 4, 30, 0, 0, 4.88%, 0, 0, 2, 22356.23, 84469755, 206
3996, 1124, 11, 30, 0, 0, 4.88%, 0, 0, 2, 21322.86, 84576425, 206
4002, 1125, 10, 30, 0, 0, 4.88%, 0, 0, 2, 22610.33, 84694719, 206
4007, 1127, 10, 30, 0, 0, 4.88%, 0, 0, 2, 22475.37, 84804303, 206
4012, 1128, 27, 30, 0, 0, 4.88%, 0, 0, 2, 23697.65, 84927858, 206
4017, 1130, 26, 30, 0, 0, 4.88%, 0, 0, 2, 22401.18, 85035714, 206
4022, 1131, 4, 30, 0, 0, 4.88%, 0, 0, 2, 22512.84, 85153366, 206
4027, 1133, 11, 30, 0, 0, 4.88%, 0, 0, 2, 22590.58, 85267058, 206
4032, 1135, 3, 30, 0, 0, 4.88%, 0, 0, 2, 22474.01, 85386685, 206
4037, 1136, 11, 30, 0, 0, 4.88%, 0, 0, 2, 22493.54, 85500762, 206
4042, 1138, 11, 30, 0, 0, 4.88%, 0, 0, 2, 21692.87, 85614604, 206
4048, 1139, 25, 30, 0, 0, 4.88%, 0, 0, 2, 22266.62, 85727794, 206
4053, 1141, 11, 30, 0, 0, 4.88%, 0, 0, 2, 21749.01, 85841502, 206
4058, 1142, 11, 30, 0, 0, 4.88%, 0, 0, 2, 22132.70, 85956610, 206
4063, 1144, 11, 30, 0, 0, 4.88%, 0, 0, 2, 22110.30, 86073338, 206
4068, 1145, 28, 30, 0, 0, 4.88%, 0, 0, 2, 23052.82, 86187957, 206
4073, 1147, 28, 30, 0, 0, 4.88%, 0, 0, 2, 22917.27, 86307227, 206
4078, 1149, 3, 30, 0, 0, 4.88%, 0, 0, 2, 23057.90, 86425376, 206
4083, 1150, 11, 30, 0, 0, 4.88%, 0, 0, 2, 21953.02, 86538924, 206
4089, 1152, 11, 30, 0, 0, 4.88%, 0, 0, 2, 22705.52, 86654824, 206
4094, 1153, 11, 30, 0, 0, 4.88%, 0, 0, 2, 21380.68, 86766144, 206
4099, 1155, 10, 30, 0, 0, 4.88%, 0, 0, 2, 23247.30, 86886454, 206
4104, 1156, 6, 30, 0, 0, 4.88%, 0, 0, 2, 20733.19, 86994245, 206
4109, 1158, 4, 30, 0, 0, 4.88%, 0, 0, 2, 23788.51, 87116114, 206
4114, 1159, 11, 30, 0, 0, 4.88%, 0, 0, 2, 22073.78, 87227403, 206
4119, 1161, 15, 30, 0, 0, 4.88%, 0, 0, 2, 23878.36, 87351448, 206
4125, 1162, 6, 30, 0, 0, 4.88%, 0, 0, 2, 22222.77, 87469376, 206
4130, 1164, 10, 30, 0, 0, 4.88%, 0, 0, 2, 22941.14, 87587872, 206
4135, 1166, 11, 30, 0, 0, 4.88%, 0, 0, 2, 22136.97, 87699752, 206
4140, 1167, 11, 30, 0, 0, 4.88%, 0, 0, 2, 23560.20, 87822978, 206
4145, 1169, 11, 30, 0, 0, 4.88%, 0, 0, 2, 21357.97, 87927409, 206
4150, 1170, 11, 30, 0, 0, 4.88%, 0, 0, 2, 22761.59, 88045114, 206
4155, 1172, 4, 30, 0, 0, 4.88%, 0, 0, 2, 21740.28, 88156676, 206
4160, 1173, 11, 30, 0, 0, 4.88%, 0, 0, 2, 23304.16, 88274959, 206
4166, 1175, 11, 30, 0, 0, 4.88%, 0, 0, 2, 22018.85, 88386073, 206
4171, 1176, 11, 30, 0, 0, 4.88%, 0, 0, 2, 23598.56, 88510828, 206
4176, 1178, 26, 30, 0, 0, 4.88%, 0, 0, 2, 22753.56, 88627160, 206
4181, 1180, 24, 30, 0, 0, 4.88%, 0, 0, 2, 24127.18, 88751841, 206
4186, 1181, 11, 30, 0, 0, 4.88%, 0, 0, 2, 22194.66, 88862754, 206
4191, 1183, 21, 30, 0, 0, 4.88%, 0, 0, 2, 23113.91, 88981788, 206
4196, 1184, 6, 30, 0, 0, 4.88%, 0, 0, 2, 23052.98, 89098319, 206
4202, 1186, 11, 30, 0, 0, 4.88%, 0, 0, 2, 23617.90, 89221732, 206
4207, 1187, 24, 30, 0, 0, 4.88%, 0, 0, 2, 21816.70, 89329733, 206
4212, 1189, 11, 30, 0, 0, 4.88%, 0, 0, 2, 22631.33, 89448733, 206
4217, 1190, 11, 30, 0, 0, 4.88%, 0, 0, 2, 22741.41, 89563195, 206
4222, 1192, 11, 30, 0, 0, 4.88%, 0, 0, 2, 22571.99, 89677682, 206
4227, 1193, 27, 30, 0, 0, 4.88%, 0, 0, 2, 22416.38, 89787191, 206
4232, 1195, 11, 30, 0, 0, 4.88%, 0, 0, 2, 22602.26, 89906921, 206
4237, 1196, 26, 30, 0, 0, 4.88%, 0, 0, 2, 23203.29, 90020116, 206
4243, 1198, 5, 30, 0, 0, 4.88%, 0, 0, 2, 22451.07, 90136437, 206
4248, 1200, 11, 30, 0, 0, 4.88%, 0, 0, 2, 23341.18, 90255364, 206
4253, 1201, 18, 30, 0, 0, 4.88%, 0, 0, 2, 21951.43, 90367052, 206
4258, 1203, 28, 30, 0, 0, 4.88%, 0, 0, 2, 22662.60, 90483274, 206
4263, 1204, 22, 30, 0, 0, 4.88%, 0, 0, 2, 22630.51, 90599768, 206
4268, 1206, 26, 30, 0, 0, 4.88%, 0, 0, 2, 22585.26, 90716243, 206
4273, 1207, 5, 30, 0, 0, 4.88%, 0, 0, 2, 22193.99, 90830978, 206
4278, 1209, 6, 30, 0, 0, 4.88%, 0, 0, 2, 22402.69, 90946577, 206
4283, 1210, 25, 30, 0, 0, 4.88%, 0, 0, 2, 21550.01, 91056649, 206
4289, 1212, 6, 30, 0, 0, 4.88%, 0, 0, 2, 23773.20, 91180910, 206
4294, 1213, 11, 30, 0, 0, 4.88%, 0, 0, 2, 22196.55, 91292484, 206
4299, 1215, 15, 30, 0, 0, 4.88%, 0, 0, 2, 23259.39, 91414674, 206
4304, 1216, 11, 30, 0, 0, 4.88%, 0, 0, 2, 22264.23, 91526145, 206
4309, 1218, 28, 30, 0, 0, 4.88%, 0, 0, 2, 23404.63, 91647556, 206
4314, 1219, 4, 30, 0, 0, 4.88%, 0, 0, 2, 22430.89, 91760443, 206
4319, 1221, 11, 30, 0, 0, 4.88%, 0, 0, 2, 23193.65, 91879927, 206
4324, 1223, 11, 30, 0, 0, 4.88%, 0, 0, 2, 22407.92, 91992361, 206
4329, 1224, 28, 30, 0, 0, 4.88%, 0, 0, 2, 23511.45, 92111328, 206
4334, 1226, 3, 30, 0, 0, 4.88%, 0, 0, 2, 22301.51, 92225759, 206
4339, 1227, 3, 30, 0, 0, 4.88%, 0, 0, 2, 23444.57, 92344442, 206
4344, 1229, 11, 30, 0, 0, 4.88%, 0, 0, 2, 21110.51, 92447607, 206
4349, 1230, 18, 30, 0, 0, 4.88%, 0, 0, 2, 22844.35, 92564922, 206
4354, 1232, 11, 30, 0, 0, 4.88%, 0, 0, 2, 22265.05, 92676667, 206
4360, 1233, 10, 30, 0, 0, 4.88%, 0, 0, 2, 22894.48, 92795213, 206
4365, 1235, 11, 30, 0, 0, 4.88%, 0, 0, 2, 22726.50, 92909295, 206
4370, 1236, 11, 30, 0, 0, 4.88%, 0, 0, 2, 23423.78, 93030569, 206
4375, 1238, 11, 30, 0, 0, 4.88%, 0, 0, 2, 22037.26, 93145517, 206
4380, 1240, 3, 30, 0, 0, 4.88%, 0, 0, 2, 24033.82, 93279085, 206
4385, 1241, 28, 30, 0, 0, 4.88%, 0, 0, 2, 22571.55, 93394497, 206
4391, 1243, 11, 30, 0, 0, 4.88%, 0, 0, 2, 23681.03, 93517510, 206
4396, 1244, 11, 30, 0, 0, 4.88%, 0, 0, 2, 23212.29, 93638054, 206
4401, 1246, 20, 30, 0, 0, 4.88%, 0, 0, 2, 23368.10, 93759479, 206
4406, 1248, 28, 30, 0, 0, 4.88%, 0, 0, 2, 22105.21, 93867430, 206
4411, 1249, 8, 30, 0, 0, 4.88%, 0, 0, 2, 22922.97, 93988345, 206
4416, 1251, 13, 30, 0, 0, 4.88%, 0, 0, 2, 22644.22, 94103430, 206
4422, 1252, 28, 30, 0, 0, 4.88%, 0, 0, 2, 23276.79, 94224475, 206
4427, 1254, 25, 30, 0, 0, 4.88%, 0, 0, 2, 23636.85, 94342436, 206
4432, 1255, 11, 30, 0, 0, 4.88%, 0, 0, 2, 23133.87, 94463056, 206
4437, 1257, 20, 30, 0, 0, 4.88%, 0, 0, 2, 22975.24, 94580972, 206
4442, 1259, 11, 30, 0, 0, 4.88%, 0, 0, 2, 23113.92, 94701088, 206
4447, 1260, 11, 30, 0, 0, 4.88%, 0, 0, 2, 22537.23, 94811991, 206
4452, 1262, 28, 30, 0, 0, 4.88%, 0, 0, 2, 22740.22, 94929052, 206
4457, 1263, 11, 30, 0, 0, 4.88%, 0, 0, 2, 23055.12, 95042005, 206
4463, 1265, 11, 30, 0, 0, 4.88%, 0, 0, 2, 22280.21, 95162879, 206
4468, 1266, 11, 30, 0, 0, 4.88%, 0, 0, 2, 21973.37, 95273399, 206
4473, 1268, 3, 30, 0, 0, 4.88%, 0, 0, 2, 22024.43, 95393657, 206
4478, 1269, 15, 30, 0, 0, 4.88%, 0, 0, 2, 22936.14, 95512214, 206
4483, 1271, 21, 30, 0, 0, 4.88%, 0, 0, 2, 22121.87, 95627575, 206
4488, 1273, 6, 30, 0, 0, 4.88%, 0, 0, 2, 22509.44, 95743434, 206
4494, 1274, 3, 30, 0, 0, 4.88%, 0, 0, 2, 21965.84, 95856986, 206
4499, 1276, 11, 30, 0, 0, 4.88%, 0, 0, 2, 22955.36, 95978158, 206
4504, 1277, 20, 30, 0, 0, 4.88%, 0, 0, 2, 22131.55, 96093583, 206
4509, 1279, 4, 30, 0, 0, 4.88%, 0, 0, 2, 23435.37, 96216524, 206
4514, 1280, 11, 30, 0, 0, 4.88%, 0, 0, 2, 22294.73, 96328687, 206
4519, 1282, 11, 30, 0, 0, 4.88%, 0, 0, 2, 23045.80, 96448156, 206
4524, 1283, 11, 30, 0, 0, 4.88%, 0, 0, 2, 21039.44, 96554900, 206
4530, 1285, 24, 30, 0, 0, 4.88%, 0, 0, 2, 22613.67, 96672333, 206
4535, 1286, 24, 30, 0, 0, 4.88%, 0, 0, 2, 21858.53, 96785579, 206
4540, 1288, 11, 30, 0, 0, 4.88%, 0, 0, 2, 22972.58, 96906667, 206
4545, 1289, 25, 30, 0, 0, 4.88%, 0, 0, 2, 21781.17, 97014875, 206
4550, 1291, 11, 30, 0, 0, 4.88%, 0, 0, 2, 24429.75, 97144052, 206
4555, 1293, 11, 30, 0, 0, 4.88%, 0, 0, 2, 22518.22, 97259010, 206
4561, 1294, 11, 30, 0, 0, 4.88%, 0, 0, 2, 22989.98, 97379714, 206
4566, 1296, 6, 30, 0, 0, 4.88%, 0, 0, 2, 21750.66, 97486970, 206
4571, 1297, 11, 30, 0, 0, 4.88%, 0, 0, 2, 23286.55, 97608629, 206
4576, 1299, 25, 30, 0, 0, 4.88%, 0, 0, 2, 21962.58, 97721180, 206
4581, 1300, 5, 30, 0, 0, 4.88%, 0, 0, 2, 22548.38, 97840094, 206
4586, 1302, 11, 30, 0, 0, 4.88%, 0, 0, 2, 20818.69, 97940690, 206
4591, 1303, 28, 30, 0, 0, 4.88%, 0, 0, 2, 23106.69, 98063288, 206
4596, 1305, 28, 30, 0, 0, 4.88%, 0, 0, 2, 22156.74, 98174577, 206
4602, 1307, 11, 30, 0, 0, 4.88%, 0, 0, 2, 23562.17, 98297245, 206
4607, 1308, 11, 30, 0, 0, 4.88%, 0, 0, 2, 22921.85, 98411322, 206
4612, 1310, 11, 30, 0, 0, 4.88%, 0, 0, 2, 23366.10, 98534480, 206
4617, 1311, 21, 30, 0, 0, 4.88%, 0, 0, 2, 22721.40, 98648764, 206
4622, 1313, 11, 30, 0, 0, 4.88%, 0, 0, 2, 22350.28, 98761548, 206
4627, 1314, 16, 30, 0, 0, 4.88%, 0, 0, 2, 22705.34, 98877802, 206
4633, 1316, 16, 30, 0, 0, 4.88%, 0, 0, 2, 22450.32, 98996074, 206
4638, 1317, 11, 30, 0, 0, 4.88%, 0, 0, 2, 22384.47, 99106056, 206
4643, 1319, 3, 30, 0, 0, 4.88%, 0, 0, 2, 21698.05, 99218500, 206
4648, 1320, 20, 30, 0, 0, 4.88%, 0, 0, 2, 23014.57, 99338232, 206
4653, 1322, 11, 30, 0, 0, 4.88%, 0, 0, 2, 22358.85, 99453061, 206
4658, 1323, 11, 30, 0, 0, 4.88%, 0, 0, 2, 22612.66, 99570258, 206
4663, 1325, 6, 30, 0, 0, 4.88%, 0, 0, 2, 21928.50, 99683741, 206
4668, 1326, 11, 30, 0, 0, 4.88%, 0, 0, 2, 22487.55, 99798931, 206
4673, 1328, 27, 30, 0, 0, 4.88%, 0, 0, 2, 21593.28, 99908054, 206
4678, 1329, 4, 30, 0, 0, 4.88%, 0, 0, 2, 23014.09, 100025550, 206
4684, 1331, 24, 30, 0, 0, 4.88%, 0, 0, 2, 22511.98, 100141617, 206
4689, 1332, 28, 30, 0, 0, 4.88%, 0, 0, 2, 22711.83, 100257152, 206
4694, 1334, 11, 30, 0, 0, 4.88%, 0, 0, 2, 22987.80, 100379664, 206
4699, 1336, 28, 30, 0, 0, 4.88%, 0, 0, 2, 23675.98, 100500951, 206
4704, 1337, 28, 30, 0, 0, 4.88%, 0, 0, 2, 21628.24, 100609459, 206
4709, 1339, 20, 30, 0, 0, 4.88%, 0, 0, 2, 22540.07, 100726560, 206
4714, 1340, 20, 30, 0, 0, 4.88%, 0, 0, 2, 21869.68, 100841376, 206
4720, 1342, 26, 30, 0, 0, 4.88%, 0, 0, 2, 22909.68, 100960655, 206
4725, 1343, 24, 30, 0, 0, 4.88%, 0, 0, 2, 22488.03, 101078173, 206
4730, 1345, 5, 30, 0, 0, 4.88%, 0, 0, 2, 23434.37, 101199768, 206
4735, 1346, 20, 30, 0, 0, 4.88%, 0, 0, 2, 22208.05, 101309616, 206
4740, 1348, 28, 30, 0, 0, 4.88%, 0, 0, 2, 22733.45, 101428781, 206
4745, 1350, 21, 30, 0, 0, 4.88%, 0, 0, 2, 22172.28, 101541283, 206
4751, 1351, 28, 30, 0, 0, 4.88%, 0, 0, 2, 23456.04, 101664750, 206
4756, 1353, 11, 30, 0, 0, 4.88%, 0, 0, 2, 22352.83, 101776510, 206
4761, 1354, 21, 30, 0, 0, 4.88%, 0, 0, 2, 22507.08, 101898047, 206
4766, 1356, 4, 30, 0, 0, 4.88%, 0, 0, 2, 21279.06, 102002997, 206
4771, 1357, 4, 30, 0, 0, 4.88%, 0, 0, 2, 22795.90, 102122842, 206
4776, 1359, 8, 30, 0, 0, 4.88%, 0, 0, 2, 22309.88, 102232037, 206
4781, 1360, 16, 30, 0, 0, 4.88%, 0, 0, 2, 23048.10, 102351425, 206
4787, 1362, 28, 30, 0, 0, 4.88%, 0, 0, 2, 22533.02, 102463440, 206
4792, 1363, 24, 30, 0, 0, 4.88%, 0, 0, 2, 22996.36, 102584839, 206
4797, 1365, 3, 30, 0, 0, 4.88%, 0, 0, 2, 22078.76, 102691786, 206
4802, 1366, 11, 30, 0, 0, 4.88%, 0, 0, 2, 22550.77, 102810774, 206
4807, 1368, 27, 30, 0, 0, 4.88%, 0, 0, 2, 22583.10, 102923839, 206
4812, 1369, 9, 30, 0, 0, 4.88%, 0, 0, 2, 22577.55, 103042582, 206
4817, 1371, 25, 30, 0, 0, 4.88%, 0, 0, 2, 21661.24, 103154455, 206
4823, 1372, 11, 30, 0, 0, 4.88%, 0, 0, 2, 21088.42, 103268066, 206
4828, 1374, 4, 30, 0, 0, 4.88%, 0, 0, 2, 21781.84, 103381203, 206
4833, 1376, 18, 30, 0, 0, 4.88%, 0, 0, 2, 22218.93, 103500253, 206
4838, 1377, 5, 30, 0, 0, 4.88%, 0, 0, 2, 22519.04, 103615655, 206
4843, 1379, 11, 30, 0, 0, 4.88%, 0, 0, 2, 22117.74, 103728206, 206
4848, 1380, 16, 30, 0, 0, 4.88%, 0, 0, 2, 22656.54, 103841950, 206
4853, 1382, 28, 30, 0, 0, 4.88%, 0, 0, 2, 22758.19, 103959812, 206
4858, 1383, 11, 30, 0, 0, 4.88%, 0, 0, 2, 23133.61, 104078305, 206
4864, 1385, 13, 30, 0, 0, 4.88%, 0, 0, 2, 22172.86, 104194187, 206
4869, 1386, 10, 30, 0, 0, 4.88%, 0, 0, 2, 23363.21, 104314094, 206
4874, 1388, 18, 30, 0, 0, 4.88%, 0, 0, 2, 21999.80, 104428547, 206
4879, 1389, 11, 30, 0, 0, 4.88%, 0, 0, 2, 22969.31, 104548317, 206
4884, 1391, 25, 30, 0, 0, 4.88%, 0, 0, 2, 21076.54, 104660298, 206
4889, 1393, 11, 30, 0, 0, 4.88%, 0, 0, 2, 22593.48, 104778272, 206
4895, 1394, 11, 30, 0, 0, 4.88%, 0, 0, 2, 22765.26, 104901461, 206
4900, 1396, 3, 30, 0, 0, 4.88%, 0, 0, 2, 23671.95, 105021433, 206
4905, 1397, 28, 30, 0, 0, 4.88%, 0, 0, 2, 22288.43, 105133391, 206
4910, 1399, 11, 30, 0, 0, 4.88%, 0, 0, 2, 23440.15, 105254163, 206
4915, 1400, 11, 30, 0, 0, 4.88%, 0, 0, 2, 22373.62, 105365398, 206
4920, 1402, 5, 30, 0, 0, 4.88%, 0, 0, 2, 22966.77, 105483449, 206
4925, 1403, 11, 30, 0, 0, 4.88%, 0, 0, 2, 21193.16, 105587651, 206
4930, 1405, 11, 30, 0, 0, 4.88%, 0, 0, 2, 23303.99, 105709260, 206
4935, 1407, 11, 30, 0, 0, 4.88%, 0, 0, 2, 23081.54, 105827935, 206
4940, 1408, 11, 30, 0, 0, 4.88%, 0, 0, 2, 23299.19, 105948270, 206
4945, 1409, 13, 30, 0, 0, 4.88%, 0, 0, 2, 21010.04, 106052680, 206
4951, 1411, 11, 30, 0, 0, 4.88%, 0, 0, 2, 23110.91, 106174130, 206
4956, 1413, 28, 30, 0, 0, 4.88%, 0, 0, 2, 21898.47, 106283041, 206
4961, 1414, 8, 30, 0, 0, 4.88%, 0, 0, 2, 23049.93, 106403618, 206
4966, 1416, 11, 30, 0, 0, 4.88%, 0, 0, 2, 21921.41, 106516229, 206
4971, 1417, 16, 30, 0, 0, 4.88%, 0, 0, 2, 22451.51, 106634821, 206
4976, 1419, 28, 30, 0, 0, 4.88%, 0, 0, 2, 22686.57, 106750096, 206
4982, 1420, 28, 30, 0, 0, 4.88%, 0, 0, 2, 24169.91, 106875143, 206
4987, 1422, 5, 30, 0, 0, 4.88%, 0, 0, 2, 23126.69, 106989200, 206
4992, 1424, 26, 30, 0, 0, 4.88%, 0, 0, 2, 23294.91, 107108828, 206
4997, 1425, 20, 30, 0, 0, 4.88%, 0, 0, 2, 22560.18, 107221107, 206
5002, 1427, 11, 30, 0, 0, 4.88%, 0, 0, 2, 21685.18, 107335742, 206
5007, 1428, 10, 30, 0, 0, 4.88%, 0, 0, 2, 22417.94, 107447366, 206
5012, 1430, 11, 30, 0, 0, 4.88%, 0, 0, 2, 22771.47, 107564374, 206
5018, 1431, 3, 30, 0, 0, 4.88%, 0, 0, 2, 22679.19, 107680569, 206
5023, 1433, 28, 30, 0, 0, 4.88%, 0, 0, 2, 22359.15, 107800257, 206
5028, 1434, 26, 30, 0, 0, 4.88%, 0, 0, 2, 21915.46, 107908158, 206
5033, 1436, 11, 30, 0, 0, 4.88%, 0, 0, 2, 21802.65, 108021251, 206
5038, 1437, 28, 30, 0, 0, 4.88%, 0, 0, 2, 22192.50, 108132569, 206
5043, 1439, 16, 30, 0, 0, 4.88%, 0, 0, 2, 22054.65, 108250711, 206
5048, 1440, 5, 30, 0, 0, 4.88%, 0, 0, 2, 22606.55, 108368244, 206
5053, 1442, 27, 30, 0, 0, 4.88%, 0, 0, 2, 22254.03, 108483954, 206
5058, 1443, 28, 30, 0, 0, 4.88%, 0, 0, 2, 22944.78, 108602792, 206
5063, 1445, 22, 30, 0, 0, 4.88%, 0, 0, 2, 21186.37, 108707892, 206
5069, 1446, 10, 30, 0, 0, 4.88%, 0, 0, 2, 22504.30, 108826213, 206
5074, 1448, 15, 30, 0, 0, 4.88%, 0, 0, 2, 21612.55, 108939251, 206
5079, 1449, 11, 30, 0, 0, 4.88%, 0, 0, 2, 23192.01, 109057740, 206
5084, 1451, 11, 30, 0, 0, 4.88%, 0, 0, 2, 22295.58, 109172578, 206
5089, 1452, 11, 30, 0, 0, 4.88%, 0, 0, 2, 22666.06, 109286721, 206
5094, 1454, 26, 30, 0, 0, 4.88%, 0, 0, 2, 21881.23, 109396473, 206
5099, 1456, 20, 30, 0, 0, 4.88%, 0, 0, 2, 24045.59, 109521008, 206
5104, 1457, 11, 30, 0, 0, 4.88%, 0, 0, 2, 22131.17, 109629382, 206
5110, 1459, 11, 30, 0, 0, 4.88%, 0, 0, 2, 23764.10, 109755892, 206
5115, 1460, 11, 30, 0, 0, 4.88%, 0, 0, 2, 22127.79, 109869166, 206
5120, 1462, 11, 30, 0, 0, 4.88%, 0, 0, 2, 23788.50, 109994455, 206
5125, 1463, 11, 30, 0, 0, 4.88%, 0, 0, 2, 21013.77, 110098454, 206
5130, 1465, 24, 30, 0, 0, 4.88%, 0, 0, 2, 23747.61, 110222210, 206
5135, 1466, 25, 30, 0, 0, 4.88%, 0, 0, 2, 21920.67, 110329414, 206
5140, 1468, 11, 30, 0, 0, 4.88%, 0, 0, 2, 23432.51, 110449504, 206
5145, 1469, 11, 30, 0, 0, 4.88%, 0, 0, 2, 21182.75, 110557677, 206
5151, 1471, 16, 30, 0, 0, 4.88%, 0, 0, 2, 22857.00, 110678005, 206
5156, 1472, 11, 30, 0, 0, 4.88%, 0, 0, 2, 22056.47, 110790357, 206
5161, 1474, 22, 30, 0, 0, 4.88%, 0, 0, 2, 23095.16, 110909958, 206
5166, 1475, 6, 30, 0, 0, 4.88%, 0, 0, 2, 23544.97, 111027006, 206
5171, 1477, 18, 30, 0, 0, 4.88%, 0, 0, 2, 23009.61, 111143487, 206
5176, 1478, 10, 30, 0, 0, 4.88%, 0, 0, 2, 22275.69, 111251798, 206
5181, 1480, 11, 30, 0, 0, 4.88%, 0, 0, 2, 22505.25, 111369221, 206
5187, 1482, 5, 30, 0, 0, 4.88%, 0, 0, 2, 21738.52, 111478432, 206
5192, 1483, 4, 30, 0, 0, 4.88%, 0, 0, 2, 22581.73, 111597107, 206
5197, 1485, 11, 30, 0, 0, 4.88%, 0, 0, 2, 21958.29, 111703383, 206
5202, 1486, 11, 30, 0, 0, 4.88%, 0, 0, 2, 22060.22, 111819337, 206
5207, 1488, 28, 30, 0, 0, 4.88%, 0, 0, 2, 22428.09, 111932667, 206
5212, 1489, 6, 30, 0, 0, 4.88%, 0, 0, 2, 22083.32, 112049467, 206
5218, 1491, 10, 30, 0, 0, 4.88%, 0, 0, 2, 22527.91, 112162696, 206
5223, 1492, 22, 30, 0, 0, 4.88%, 0, 0, 2, 23347.02, 112286502, 206
5228, 1494, 28, 30, 0, 0, 4.88%, 0, 0, 2, 22945.13, 112402575, 206
5233, 1496, 28, 30, 0, 0, 4.88%, 0, 0, 2, 22658.04, 112519540, 206
5238, 1497, 28, 30, 0, 0, 4.88%, 0, 0, 2, 23055.06, 112635784, 206
5243, 1499, 11, 30, 0, 0, 4.88%, 0, 0, 2, 21521.64, 112746388, 206
5248, 1500, 11, 30, 0, 0, 4.88%, 0, 0, 2, 21803.26, 112857185, 206
5253, 1502, 26, 30, 0, 0, 4.88%, 0, 0, 2, 22054.15, 112974523, 206
5258, 1503, 11, 30, 0, 0, 4.88%, 0, 0, 2, 22233.90, 113088296, 206
5264, 1505, 28, 30, 0, 0, 4.88%, 0, 0, 2, 21782.11, 113203084, 206
5269, 1506, 11, 30, 0, 0, 4.88%, 0, 0, 2, 22090.20, 113315277, 206
5274, 1507, 28, 30, 0, 0, 4.88%, 0, 0, 2, 21193.55, 113424076, 206
5279, 1509, 11, 30, 0, 0, 4.88%, 0, 0, 2, 22541.47, 113537314, 206
5284, 1510, 11, 30, 0, 0, 4.88%, 0, 0, 2, 21053.11, 113643511, 206
5289, 1512, 10, 30, 0, 0, 4.88%, 0, 0, 2, 23071.13, 113765195, 206
5294, 1513, 26, 30, 0, 0, 4.88%, 0, 0, 2, 22083.68, 113878903, 206
5299, 1515, 28, 30, 0, 0, 4.88%, 0, 0, 2, 23209.55, 113997828, 206
5305, 1517, 21, 30, 0, 0, 4.88%, 0, 0, 2, 21650.02, 114106593, 206
5310, 1518, 18, 30, 0, 0, 4.88%, 0, 0, 2, 22425.25, 114221917, 206
5315, 1520, 28, 30, 0, 0, 4.88%, 0, 0, 2, 22087.51, 114336156, 206
5320, 1521, 11, 30, 0, 0, 4.88%, 0, 0, 2, 22777.69, 114450703, 206
5325, 1523, 11, 30, 0, 0, 4.88%, 0, 0, 2, 21422.98, 114561203, 206
5330, 1524, 15, 30, 0, 0, 4.88%, 0, 0, 2, 22780.39, 114681792, 206
5335, 1526, 11, 30, 0, 0, 4.88%, 0, 0, 2, 21551.66, 114790551, 206
5340, 1527, 27, 30, 0, 0, 4.88%, 0, 0, 2, 24084.87, 114920913, 206
5346, 1529, 5, 30, 0, 0, 4.88%, 0, 0, 2, 22255.48, 115032221, 206
5351, 1531, 15, 30, 0, 0, 4.88%, 0, 0, 2, 23135.77, 115152906, 206
5356, 1532, 5, 30, 0, 0, 4.88%, 0, 0, 2, 22128.10, 115263192, 206
5361, 1534, 24, 30, 0, 0, 4.88%, 0, 0, 2, 23341.47, 115388472, 206
5366, 1535, 13, 30, 0, 0, 4.88%, 0, 0, 2, 21767.75, 115494659, 206
5371, 1537, 11, 30, 0, 0, 4.88%, 0, 0, 2, 23087.95, 115615070, 206
5376, 1538, 11, 30, 0, 0, 4.88%, 0, 0, 2, 22420.77, 115725969, 206
5381, 1540, 11, 30, 0, 0, 4.88%, 0, 0, 2, 22810.69, 115839249, 206
5386, 1541, 11, 30, 0, 0, 4.88%, 0, 0, 2, 22637.46, 115950906, 206
5391, 1543, 3, 30, 0, 0, 4.88%, 0, 0, 2, 24690.15, 116077755, 206
5396, 1544, 28, 30, 0, 0, 4.88%, 0, 0, 2, 22948.55, 116188683, 206
5401, 1546, 24, 30, 0, 0, 4.88%, 0, 0, 2, 24070.48, 116307097, 206
5406, 1547, 11, 30, 0, 0, 4.88%, 0, 0, 2, 23051.42, 116420324, 206
5412, 1549, 11, 30, 0, 0, 4.88%, 0, 0, 2, 22928.51, 116541027, 206
5417, 1551, 13, 30, 0, 0, 4.88%, 0, 0, 2, 22912.30, 116658084, 206
5422, 1552, 20, 30, 0, 0, 4.88%, 0, 0, 2, 21794.25, 116775748, 206
5427, 1554, 28, 30, 0, 0, 4.88%, 0, 0, 2, 23513.98, 116896136, 206
5432, 1555, 11, 30, 0, 0, 4.88%, 0, 0, 2, 22481.14, 117011690, 206
5437, 1557, 11, 30, 0, 0, 4.88%, 0, 0, 2, 21933.86, 117121820, 206
5443, 1558, 16, 30, 0, 0, 4.88%, 0, 0, 2, 22229.00, 117239773, 206
5448, 1560, 4, 30, 0, 0, 4.88%, 0, 0, 2, 22746.49, 117357423, 206
5453, 1562, 26, 30, 0, 0, 4.88%, 0, 0, 2, 22279.53, 117473271, 206
5458, 1563, 11, 30, 0, 0, 4.88%, 0, 0, 2, 23986.60, 117593001, 206
5463, 1565, 11, 30, 0, 0, 4.88%, 0, 0, 2, 23021.41, 117713547, 206
5468, 1566, 11, 30, 0, 0, 4.88%, 0, 0, 2, 23282.57, 117831179, 206
5473, 1568, 28, 30, 0, 0, 4.88%, 0, 0, 2, 22292.28, 117946596, 206
5478, 1570, 27, 30, 0, 0, 4.88%, 0, 0, 2, 23110.89, 118066416, 206
5483, 1571, 24, 30, 0, 0, 4.88%, 0, 0, 2, 21771.27, 118176997, 206
5489, 1573, 11, 30, 0, 0, 4.88%, 0, 0, 2, 23093.11, 118294701, 206
5494, 1574, 26, 30, 0, 0, 4.88%, 0, 0, 2, 22104.13, 118406164, 206
5499, 1576, 6, 30, 0, 0, 4.88%, 0, 0, 2, 24513.56, 118529489, 206
5504, 1577, 3, 30, 0, 0, 4.88%, 0, 0, 2, 22652.38, 118647690, 206
5509, 1579, 4, 30, 0, 0, 4.88%, 0, 0, 2, 22945.80, 118765960, 206
5514, 1580, 11, 30, 0, 0, 4.88%, 0, 0, 2, 22437.84, 118881948, 206
5519, 1582, 11, 30, 0, 0, 4.88%, 0, 0, 2, 22955.76, 118999033, 206
5525, 1583, 25, 30, 0, 0, 4.88%, 0, 0, 2, 22065.34, 119114432, 206
5530, 1585, 25, 30, 0, 0, 4.88%, 0, 0, 2, 22755.99, 119232787, 206
5535, 1587, 8, 30, 0, 0, 4.88%, 0, 0, 2, 22290.37, 119349804, 206
5540, 1588, 11, 30, 0, 0, 4.88%, 0, 0, 2, 22223.09, 119465387, 206
5545, 1589, 11, 30, 0, 0, 4.88%, 0, 0, 2, 21269.56, 119573088, 206
5550, 1591, 28, 30, 0, 0, 4.88%, 0, 0, 2, 23065.90, 119693418, 206
5555, 1592, 28, 30, 0, 0, 4.88%, 0, 0, 2, 21301.59, 119799706, 206
5561, 1594, 21, 30, 0, 0, 4.88%, 0, 0, 2, 23177.93, 119919838, 206
5566, 1596, 5, 30, 0, 0, 4.88%, 0, 0, 2, 22253.23, 120032310, 206
5571, 1597, 4, 30, 0, 0, 4.88%, 0, 0, 2, 23442.19, 120153048, 206
5576, 1599, 11, 30, 0, 0, 4.88%, 0, 0, 2, 22765.15, 120267556, 206
5581, 1600, 18, 30, 0, 0, 4.88%, 0, 0, 2, 24089.41, 120391482, 206
5586, 1602, 16, 30, 0, 0, 4.88%, 0, 0, 2, 23035.50, 120506039, 206
5591, 1603, 21, 30, 0, 0, 4.88%, 0, 0, 2, 23506.23, 120624245, 206
5596, 1605, 15, 30, 0, 0, 4.88%, 0, 0, 2, 21974.07, 120730655, 206
5601, 1607, 11, 30, 0, 0, 4.88%, 0, 0, 2, 23567.31, 120857692, 206
5607, 1608, 11, 30, 0, 0, 4.88%, 0, 0, 2, 23554.83, 120970293, 206
5612, 1610, 11, 30, 0, 0, 4.88%, 0, 0, 2, 24416.18, 121100250, 206
5617, 1612, 16, 30, 0, 0, 4.88%, 0, 0, 2, 22597.22, 121214235, 206
5622, 1613, 11, 30, 0, 0, 4.88%, 0, 0, 2, 23612.51, 121337604, 206
5627, 1615, 11, 30, 0, 0, 4.88%, 0, 0, 2, 23363.22, 121454880, 206
5632, 1616, 11, 30, 0, 0, 4.88%, 0, 0, 2, 22807.56, 121573530, 206
5637, 1618, 20, 30, 0, 0, 4.88%, 0, 0, 2, 23491.54, 121694542, 206
5643, 1619, 22, 30, 0, 0, 4.88%, 0, 0, 2, 21838.73, 121804418, 206
5648, 1621, 3, 30, 0, 0, 4.88%, 0, 0, 2, 22465.69, 121920816, 206
5653, 1623, 11, 30, 0, 0, 4.88%, 0, 0, 2, 22258.84, 122040165, 206
5658, 1624, 28, 30, 0, 0, 4.88%, 0, 0, 2, 22855.05, 122155982, 206
5663, 1626, 28, 30, 0, 0, 4.88%, 0, 0, 2, 21627.18, 122269395, 206
5668, 1627, 26, 30, 0, 0, 4.88%, 0, 0, 2, 23219.41, 122390391, 206
5673, 1629, 28, 30, 0, 0, 4.88%, 0, 0, 2, 22442.72, 122504088, 206
5679, 1630, 4, 30, 0, 0, 4.88%, 0, 0, 2, 22727.27, 122622702, 206
5684, 1632, 11, 30, 0, 0, 4.88%, 0, 0, 2, 21696.60, 122734881, 206
5689, 1633, 11, 30, 0, 0, 4.88%, 0, 0, 2, 23391.19, 122856142, 206
5694, 1635, 6, 30, 0, 0, 4.88%, 0, 0, 2, 22498.32, 122977103, 206
5699, 1637, 28, 30, 0, 0, 4.88%, 0, 0, 2, 23341.74, 123097226, 206
5704, 1638, 25, 30, 0, 0, 4.88%, 0, 0, 2, 22490.90, 123215763, 206
5709, 1640, 21, 30, 0, 0, 4.88%, 0, 0, 2, 23286.72, 123330151, 206
5715, 1641, 11, 30, 0, 0, 4.88%, 0, 0, 2, 21429.56, 123442336, 206
5720, 1643, 22, 30, 0, 0, 4.88%, 0, 0, 2, 22780.16, 123557242, 206
5725, 1644, 11, 30, 0, 0, 4.88%, 0, 0, 2, 21350.12, 123666307, 206
5730, 1646, 21, 30, 0, 0, 4.88%, 0, 0, 2, 23673.22, 123787829, 206
5735, 1647, 28, 30, 0, 0, 4.88%, 0, 0, 2, 21521.48, 123895127, 206
5740, 1649, 11, 30, 0, 0, 4.88%, 0, 0, 2, 23360.04, 124017040, 206
5745, 1650, 11, 30, 0, 0, 4.88%, 0, 0, 2, 22296.12, 124128746, 206
5750, 1652, 4, 30, 0, 0, 4.88%, 0, 0, 2, 22464.36, 124245236, 206
5756, 1653, 11, 30, 0, 0, 4.88%, 0, 0, 2, 21935.04, 124358083, 206
5761, 1655, 15, 30, 0, 0, 4.88%, 0, 0, 2, 22970.20, 124479492, 206
5766, 1656, 11, 30, 0, 0, 4.88%, 0, 0, 2, 23036.49, 124597985, 206
5771, 1658, 11, 30, 0, 0, 4.88%, 0, 0, 2, 23380.03, 124720634, 206
5776, 1660, 11, 30, 0, 0, 4.88%, 0, 0, 2, 23045.65, 124837858, 206
5781, 1661, 24, 30, 0, 0, 4.88%, 0, 0, 2, 23326.60, 124959358, 206
5787, 1663, 11, 30, 0, 0, 4.88%, 0, 0, 2, 22847.07, 125073362, 206
5792, 1664, 4, 30, 0, 0, 4.88%, 0, 0, 2, 23319.73, 125194932, 206
5797, 1666, 11, 30, 0, 0, 4.88%, 0, 0, 2, 22293.72, 125306259, 206
5802, 1667, 28, 30, 0, 0, 4.88%, 0, 0, 2, 23330.41, 125425938, 206
5807, 1669, 11, 30, 0, 0, 4.88%, 0, 0, 2, 23368.67, 125538600, 206
5812, 1670, 11, 30, 0, 0, 4.88%, 0, 0, 2, 22600.14, 125656684, 206
5817, 1672, 10, 30, 0, 0, 4.88%, 0, 0, 2, 23222.97, 125768858, 206
5822, 1674, 22, 30, 0, 0, 4.88%, 0, 0, 2, 22545.49, 125886414, 206
5828, 1675, 11, 30, 0, 0, 4.88%, 0, 0, 2, 22970.32, 126003228, 206
5833, 1677, 28, 30, 0, 0, 4.88%, 0, 0, 2, 23587.82, 126132628, 206
5838, 1678, 11, 30, 0, 0, 4.88%, 0, 0, 2, 22942.39, 126247232, 206
5843, 1680, 13, 30, 0, 0, 4.88%, 0, 0, 2, 22128.51, 126364043, 206
5848, 1681, 16, 30, 0, 0, 4.88%, 0, 0, 2, 22788.07, 126480438, 206
5854, 1683, 11, 30, 0, 0, 4.88%, 0, 0, 2, 22561.58, 126599776, 206
5859, 1685, 11, 30, 0, 0, 4.88%, 0, 0, 2, 22525.76, 126717442, 206
5864, 1686, 11, 30, 0, 0, 4.88%, 0, 0, 2, 22658.68, 126836089, 206
5869, 1688, 11, 30, 0, 0, 4.88%, 0, 0, 2, 22501.00, 126950080, 206
5874, 1689, 26, 30, 0, 0, 4.88%, 0, 0, 2, 21563.73, 127062980, 206
5879, 1691, 11, 30, 0, 0, 4.88%, 0, 0, 2, 23062.33, 127183174, 206
5884, 1692, 11, 30, 0, 0, 4.88%, 0, 0, 2, 21599.89, 127290349, 206
5890, 1694, 21, 30, 0, 0, 4.88%, 0, 0, 2, 22893.49, 127408597, 206
5895, 1695, 3, 30, 0, 0, 4.88%, 0, 0, 2, 21588.45, 127518855, 206
5900, 1697, 4, 30, 0, 0, 4.88%, 0, 0, 2, 24017.22, 127646132, 206
5905, 1698, 24, 30, 0, 0, 4.88%, 0, 0, 2, 20289.41, 127744516, 206
5910, 1700, 6, 30, 0, 0, 4.88%, 0, 0, 2, 23819.61, 127869195, 206
5915, 1701, 27, 30, 0, 0, 4.88%, 0, 0, 2, 22705.00, 127985486, 206
5920, 1703, 27, 30, 0, 0, 4.88%, 0, 0, 2, 24196.78, 128109516, 206
5925, 1705, 11, 30, 0, 0, 4.88%, 0, 0, 2, 22801.17, 128224243, 206
5931, 1706, 11, 30, 0, 0, 4.88%, 0, 0, 2, 23612.57, 128349611, 206
5936, 1708, 24, 30, 0, 0, 4.88%, 0, 0, 2, 22216.95, 128457862, 206
5941, 1709, 11, 30, 0, 0, 4.88%, 0, 0, 2, 23615.27, 128581784, 206
5946, 1711, 11, 30, 0, 0, 4.88%, 0, 0, 2, 22080.84, 128693624, 206
5951, 1713, 16, 30, 0, 0, 4.88%, 0, 0, 2, 23622.08, 128817560, 206
5956, 1714, 11, 30, 0, 0, 4.88%, 0, 0, 2, 22159.35, 128932339, 206
5961, 1716, 28, 30, 0, 0, 4.88%, 0, 0, 2, 22026.12, 129045472, 206
5966, 1717, 15, 30, 0, 0, 4.88%, 0, 0, 2, 22140.67, 129152185, 206
5972, 1719, 11, 30, 0, 0, 4.88%, 0, 0, 2, 24445.68, 129281415, 206
5977, 1720, 5, 30, 0, 0, 4.88%, 0, 0, 2, 22914.09, 129394825, 206
5982, 1722, 4, 30, 0, 0, 4.88%, 0, 0, 2, 22809.59, 129512103, 206
5987, 1724, 26, 30, 0, 0, 4.88%, 0, 0, 2, 23665.70, 129630105, 206
5992, 1725, 4, 30, 0, 0, 4.88%, 0, 0, 2, 22535.30, 129748866, 206
5997, 1727, 3, 30, 0, 0, 4.88%, 0, 0, 2, 22382.27, 129861071, 206
6003, 1728, 5, 30, 0, 0, 4.88%, 0, 0, 2, 21646.13, 129976717, 206
6008, 1730, 15, 30, 0, 0, 4.88%, 0, 0, 2, 22069.10, 130085648, 206
6013, 1731, 3, 30, 0, 0, 4.88%, 0, 0, 2, 21603.47, 130196302, 206
6018, 1733, 5, 30, 0, 0, 4.88%, 0, 0, 2, 22811.77, 130312623, 206
6023, 1734, 11, 30, 0, 0, 4.88%, 0, 0, 2, 22719.25, 130437188, 206
6028, 1736, 28, 30, 0, 0, 4.88%, 0, 0, 2, 23176.60, 130553694, 206
6033, 1737, 15, 30, 0, 0, 4.88%, 0, 0, 2, 23185.36, 130676666, 206
6038, 1739, 28, 30, 0, 0, 4.88%, 0, 0, 2, 23460.81, 130796808, 206
6043, 1741, 22, 30, 0, 0, 4.88%, 0, 0, 2, 22890.28, 130912970, 206
6049, 1742, 11, 30, 0, 0, 4.88%, 0, 0, 2, 23076.89, 131030703, 206
6054, 1744, 11, 30, 0, 0, 4.88%, 0, 0, 2, 22222.04, 131148142, 206
6059, 1745, 11, 30, 0, 0, 4.88%, 0, 0, 2, 24161.52, 131269084, 206
6064, 1747, 4, 30, 0, 0, 4.88%, 0, 0, 2, 22550.22, 131385595, 206
6069, 1748, 28, 30, 0, 0, 4.88%, 0, 0, 2, 23524.07, 131504204, 206
6074, 1750, 11, 30, 0, 0, 4.88%, 0, 0, 2, 22535.32, 131621522, 206
6079, 1752, 11, 30, 0, 0, 4.88%, 0, 0, 2, 23402.96, 131742783, 206
6084, 1753, 24, 30, 0, 0, 4.88%, 0, 0, 2, 21792.75, 131851962, 206
6089, 1755, 28, 30, 0, 0, 4.88%, 0, 0, 2, 22709.28, 131966054, 206
6094, 1756, 11, 30, 0, 0, 4.88%, 0, 0, 2, 22593.74, 132084984, 206
6100, 1758, 11, 30, 0, 0, 4.88%, 0, 0, 2, 23792.63, 132208662, 206
6105, 1759, 25, 30, 0, 0, 4.88%, 0, 0, 2, 22683.29, 132323798, 206
6110, 1761, 11, 30, 0, 0, 4.88%, 0, 0, 2, 23466.21, 132449327, 206
6115, 1763, 26, 30, 0, 0, 4.88%, 0, 0, 2, 22491.63, 132566122, 206
6120, 1764, 15, 30, 0, 0, 4.88%, 0, 0, 2, 23659.56, 132688343, 206
6125, 1766, 11, 30, 0, 0, 4.88%, 0, 0, 2, 21833.32, 132797510, 206
6130, 1767, 25, 30, 0, 0, 4.88%, 0, 0, 2, 23774.07, 132921333, 206
6136, 1769, 10, 30, 0, 0, 4.88%, 0, 0, 2, 21972.38, 133031812, 206
6141, 1770, 28, 30, 0, 0, 4.88%, 0, 0, 2, 23825.28, 133156915, 206
6146, 1772, 27, 30, 0, 0, 4.88%, 0, 0, 2, 21442.66, 133259620, 206
6151, 1773, 11, 30, 0, 0, 4.88%, 0, 0, 2, 23570.76, 133386320, 206
6156, 1775, 11, 30, 0, 0, 4.88%, 0, 0, 2, 22486.91, 133500170, 206
6161, 1777, 10, 30, 0, 0, 4.88%, 0, 0, 2, 24893.34, 133629920, 206
6166, 1778, 4, 30, 0, 0, 4.88%, 0, 0, 2, 22793.15, 133740482, 206
6171, 1780, 10, 30, 0, 0, 4.88%, 0, 0, 2, 23827.85, 133864194, 206
6177, 1781, 11, 30, 0, 0, 4.88%, 0, 0, 2, 22963.84, 133979950, 206
6182, 1783, 22, 30, 0, 0, 4.88%, 0, 0, 2, 22732.96, 134098048, 206
6187, 1785, 16, 30, 0, 0, 4.88%, 0, 0, 2, 22781.88, 134212625, 206
6192, 1786, 4, 30, 0, 0, 4.88%, 0, 0, 2, 23661.83, 134337292, 206
6197, 1788, 11, 30, 0, 0, 4.88%, 0, 0, 2, 23511.49, 134456931, 206
6202, 1789, 11, 30, 0, 0, 4.88%, 0, 0, 2, 23025.42, 134573658, 206
6207, 1791, 4, 30, 0, 0, 4.88%, 0, 0, 2, 22677.77, 134688638, 206
6213, 1792, 11, 30, 0, 0, 4.88%, 0, 0, 2, 22574.32, 134808857, 206
6218, 1794, 11, 30, 0, 0, 4.88%, 0, 0, 2, 23872.93, 134929800, 206
6223, 1796, 11, 30, 0, 0, 4.88%, 0, 0, 2, 22407.79, 135046363, 206
6228, 1797, 11, 30, 0, 0, 4.88%, 0, 0, 2, 23184.88, 135162903, 206
6233, 1799, 6, 30, 0, 0, 4.88%, 0, 0, 2, 22322.41, 135280920, 206
6238, 1800, 11, 30, 0, 0, 4.88%, 0, 0, 2, 23043.00, 135399220, 206
6244, 1802, 11, 30, 0, 0, 4.88%, 0, 0, 2, 21086.53, 135510517, 206
6249, 1803, 26, 30, 0, 0, 4.88%, 0, 0, 2, 23218.38, 135631442, 206
6254, 1805, 24, 30, 0, 0, 4.88%, 0, 0, 2, 21690.25, 135741270, 206
6259, 1806, 28, 30, 0, 0, 4.88%, 0, 0, 2, 23000.68, 135860732, 206
6264, 1808, 26, 30, 0, 0, 4.88%, 0, 0, 2, 20694.81, 135969667, 206
6269, 1809, 18, 30, 0, 0, 4.88%, 0, 0, 2, 23202.32, 136087928, 206
6274, 1811, 11, 30, 0, 0, 4.88%, 0, 0, 2, 23278.51, 136213048, 206
6280, 1813, 28, 30, 0, 0, 4.88%, 0, 0, 2, 24178.92, 136336972, 206
6285, 1814, 5, 30, 0, 0, 4.88%, 0, 0, 2, 22681.51, 136450569, 206
6290, 1816, 10, 30, 0, 0, 4.88%, 0, 0, 2, 24083.30, 136574226, 206
6295, 1817, 28, 30, 0, 0, 4.88%, 0, 0, 2, 22553.47, 136689794, 206
6300, 1819, 4, 30, 0, 0, 4.88%, 0, 0, 2, 24176.98, 136811981, 206
6305, 1821, 3, 30, 0, 0, 4.88%, 0, 0, 2, 23971.67, 136933258, 206
6310, 1822, 11, 30, 0, 0, 4.88%, 0, 0, 2, 24034.55, 137054319, 206
6315, 1824, 11, 30, 0, 0, 4.88%, 0, 0, 2, 23335.12, 137174916, 206
6320, 1826, 26, 30, 0, 0, 4.88%, 0, 0, 2, 23766.01, 137297857, 206
6325, 1827, 4, 30, 0, 0, 4.88%, 0, 0, 2, 21987.34, 137405716, 206
6330, 1829, 26, 30, 0, 0, 4.88%, 0, 0, 2, 24764.51, 137529881, 206
6335, 1830, 4, 30, 0, 0, 4.88%, 0, 0, 2, 22632.32, 137642067, 206
6340, 1832, 11, 30, 0, 0, 4.88%, 0, 0, 2, 24785.84, 137769316, 206
6345, 1833, 27, 30, 0, 0, 4.88%, 0, 0, 2, 22089.20, 137875312, 206
6351, 1835, 27, 30, 0, 0, 4.88%, 0, 0, 2, 23640.12, 138001432, 206
6356, 1837, 11, 30, 0, 0, 4.88%, 0, 0, 2, 23041.76, 138120007, 206
6361, 1838, 8, 30, 0, 0, 4.88%, 0, 0, 2, 23096.24, 138238997, 206
6366, 1840, 10, 30, 0, 0, 4.88%, 0, 0, 2, 22562.81, 138353004, 206
6371, 1841, 28, 30, 0, 0, 4.88%, 0, 0, 2, 23699.49, 138475936, 206
6376, 1843, 11, 30, 0, 0, 4.88%, 0, 0, 2, 23585.41, 138597350, 206
6382, 1845, 11, 30, 0, 0, 4.88%, 0, 0, 2, 23204.92, 138718862, 206
6387, 1846, 11, 30, 0, 0, 4.88%, 0, 0, 2, 22176.71, 138826804, 206
6392, 1848, 28, 30, 0, 0, 4.88%, 0, 0, 2, 23504.45, 138949297, 206
6397, 1849, 8, 30, 0, 0, 4.88%, 0, 0, 2, 22928.36, 139067048, 206
6402, 1851, 28, 30, 0, 0, 4.88%, 0, 0, 2, 22831.62, 139185748, 206
6407, 1852, 4, 30, 0, 0, 4.88%, 0, 0, 2, 22885.11, 139304301, 206
6412, 1854, 13, 30, 0, 0, 4.88%, 0, 0, 2, 23142.63, 139425964, 206
6418, 1855, 6, 30, 0, 0, 4.88%, 0, 0, 2, 22941.26, 139542111, 206
6423, 1857, 27, 30, 0, 0, 4.88%, 0, 0, 2, 23095.09, 139664684, 206
6428, 1859, 20, 30, 0, 0, 4.88%, 0, 0, 2, 23607.74, 139781931, 206
6433, 1860, 25, 30, 0, 0, 4.88%, 0, 0, 2, 23084.38, 139898212, 206
6438, 1862, 4, 30, 0, 0, 4.88%, 0, 0, 2, 23774.46, 140021042, 206
6443, 1864, 11, 30, 0, 0, 4.88%, 0, 0, 2, 21585.13, 140136737, 206
6448, 1865, 11, 30, 0, 0, 4.88%, 0, 0, 2, 23286.32, 140256522, 206
6453, 1867, 28, 30, 0, 0, 4.88%, 0, 0, 2, 21979.41, 140367713, 206
6458, 1868, 11, 30, 0, 0, 4.88%, 0, 0, 2, 23141.21, 140487249, 206
6464, 1870, 11, 30, 0, 0, 4.88%, 0, 0, 2, 23209.37, 140611167, 206
6469, 1871, 15, 30, 0, 0, 4.88%, 0, 0, 2, 23500.80, 140732946, 206
6474, 1873, 11, 30, 0, 0, 4.88%, 0, 0, 2, 22022.60, 140849910, 206
6479, 1875, 27, 30, 0, 0, 4.88%, 0, 0, 2, 23231.41, 140971418, 206
6484, 1876, 10, 30, 0, 0, 4.88%, 0, 0, 2, 23062.12, 141096797, 206
6490, 1878, 11, 30, 0, 0, 4.88%, 0, 0, 2, 23411.21, 141217485, 206
6495, 1879, 11, 30, 0, 0, 4.88%, 0, 0, 2, 22602.80, 141336886, 206
6500, 1881, 11, 30, 0, 0, 4.88%, 0, 0, 2, 23883.21, 141459563, 206
6505, 1883, 25, 30, 0, 0, 4.88%, 0, 0, 2, 21281.48, 141567475, 206
6510, 1884, 21, 30, 0, 0, 4.88%, 0, 0, 2, 23460.92, 141691098, 206
6515, 1886, 28, 30, 0, 0, 4.88%, 0, 0, 2, 22820.00, 141807980, 206
6521, 1887, 16, 30, 0, 0, 4.88%, 0, 0, 2, 23161.33, 141927734, 206
6526, 1889, 16, 30, 0, 0, 4.88%, 0, 0, 2, 21978.57, 142035720, 206
6531, 1890, 11, 30, 0, 0, 4.88%, 0, 0, 2, 23637.37, 142158662, 206
6536, 1892, 25, 30, 0, 0, 4.88%, 0, 0, 2, 22075.83, 142267335, 206
6541, 1893, 24, 30, 0, 0, 4.88%, 0, 0, 2, 22864.50, 142391517, 206
6546, 1895, 11, 30, 0, 0, 4.88%, 0, 0, 2, 22353.64, 142506222, 206
6551, 1897, 11, 30, 0, 0, 4.88%, 0, 0, 2, 22853.58, 142625872, 206
6557, 1898, 8, 30, 0, 0, 4.88%, 0, 0, 2, 22382.43, 142739587, 206
6562, 1900, 8, 30, 0, 0, 4.88%, 0, 0, 2, 22109.00, 142853508, 206
6567, 1901, 3, 30, 0, 0, 4.88%, 0, 0, 2, 22223.92, 142964468, 206
6572, 1903, 15, 30, 0, 0, 4.88%, 0, 0, 2, 22637.00, 143084139, 206
6577, 1904, 11, 30, 0, 0, 4.88%, 0, 0, 2, 23028.91, 143201200, 206
6582, 1906, 27, 30, 0, 0, 4.88%, 0, 0, 2, 22988.83, 143322253, 206
6587, 1907, 13, 30, 0, 0, 4.88%, 0, 0, 2, 22641.30, 143434439, 206
6593, 1909, 16, 30, 0, 0, 4.88%, 0, 0, 2, 23573.57, 143558696, 206
6598, 1910, 28, 30, 0, 0, 4.88%, 0, 0, 2, 22673.20, 143670020, 206
6603, 1912, 11, 30, 0, 0, 4.88%, 0, 0, 2, 22488.23, 143788202, 206
6608, 1914, 8, 30, 0, 0, 4.88%, 0, 0, 2, 23392.29, 143908112, 206
6613, 1915, 16, 30, 0, 0, 4.88%, 0, 0, 2, 22752.33, 144023038, 206
6618, 1917, 10, 30, 0, 0, 4.88%, 0, 0, 2, 22842.33, 144140129, 206
6623, 1918, 11, 30, 0, 0, 4.88%, 0, 0, 2, 21523.82, 144253139, 206
6629, 1920, 25, 30, 0, 0, 4.88%, 0, 0, 2, 22648.65, 144370967, 206
6634, 1921, 11, 30, 0, 0, 4.88%, 0, 0, 2, 22849.81, 144491432, 206
6639, 1923, 16, 30, 0, 0, 4.88%, 0, 0, 2, 22498.74, 144608698, 206
6644, 1925, 11, 30, 0, 0, 4.88%, 0, 0, 2, 22630.79, 144733274, 206
6649, 1926, 11, 30, 0, 0, 4.88%, 0, 0, 2, 22969.73, 144853092, 206
6654, 1928, 28, 30, 0, 0, 4.88%, 0, 0, 2, 22183.54, 144966978, 206
6660, 1929, 13, 30, 0, 0, 4.88%, 0, 0, 2, 23474.75, 145088398, 206
6665, 1931, 11, 30, 0, 0, 4.88%, 0, 0, 2, 21950.18, 145201190, 206
6670, 1933, 10, 30, 0, 0, 4.88%, 0, 0, 2, 24969.53, 145330805, 206
6675, 1934, 11, 30, 0, 0, 4.88%, 0, 0, 2, 22632.33, 145445340, 206
6680, 1936, 11, 30, 0, 0, 4.88%, 0, 0, 2, 23863.72, 145571244, 206
6685, 1937, 28, 30, 0, 0, 4.88%, 0, 0, 2, 22725.40, 145684726, 206
6691, 1939, 18, 30, 0, 0, 4.88%, 0, 0, 2, 23746.79, 145809058, 206
6696, 1940, 6, 30, 0, 0, 4.88%, 0, 0, 2, 23020.76, 145922160, 206
6701, 1942, 28, 30, 0, 0, 4.88%, 0, 0, 2, 23765.10, 146041964, 206
6706, 1944, 11, 30, 0, 0, 4.88%, 0, 0, 2, 23424.11, 146160160, 206
6711, 1945, 10, 30, 0, 0, 4.88%, 0, 0, 2, 24131.03, 146284579, 206
6716, 1947, 28, 30, 0, 0, 4.88%, 0, 0, 2, 23620.41, 146402346, 206
6721, 1949, 11, 30, 0, 0, 4.88%, 0, 0, 2, 23806.11, 146520973, 206
6726, 1950, 5, 30, 0, 0, 4.88%, 0, 0, 2, 22265.41, 146633407, 206
6731, 1952, 11, 30, 0, 0, 4.88%, 0, 0, 2, 23028.34, 146752960, 206
6736, 1953, 11, 30, 0, 0, 4.88%, 0, 0, 2, 22412.27, 146866741, 206
6742, 1955, 28, 30, 0, 0, 4.88%, 0, 0, 2, 22382.35, 146984818, 206
6747, 1956, 8, 30, 0, 0, 4.88%, 0, 0, 2, 23897.05, 147103239, 206
6752, 1958, 16, 30, 0, 0, 4.88%, 0, 0, 2, 23691.36, 147224523, 206
6757, 1959, 4, 30, 0, 0, 4.88%, 0, 0, 2, 23171.42, 147340193, 206
6762, 1961, 11, 30, 0, 0, 4.88%, 0, 0, 2, 23128.17, 147462382, 206
6768, 1963, 28, 30, 0, 0, 4.88%, 0, 0, 2, 23224.15, 147580166, 206
6773, 1964, 16, 30, 0, 0, 4.88%, 0, 0, 2, 23660.64, 147710395, 206
6778, 1966, 11, 30, 0, 0, 4.88%, 0, 0, 2, 25112.14, 147833257, 206
6783, 1968, 11, 30, 0, 0, 4.88%, 0, 0, 2, 22727.44, 147949365, 206
6788, 1969, 22, 30, 0, 0, 4.88%, 0, 0, 2, 24870.58, 148081206, 206
6793, 1971, 10, 30, 0, 0, 4.88%, 0, 0, 2, 22104.40, 148196464, 206
6798, 1972, 11, 30, 0, 0, 4.88%, 0, 0, 2, 23535.19, 148319441, 206
6804, 1974, 4, 30, 0, 0, 4.88%, 0, 0, 2, 21484.79, 148433479, 206
6809, 1976, 28, 30, 0, 0, 4.88%, 0, 0, 2, 23812.09, 148553628, 206
6814, 1977, 28, 30, 0, 0, 4.88%, 0, 0, 2, 22739.24, 148668369, 206
6819, 1979, 11, 30, 0, 0, 4.88%, 0, 0, 2, 23358.92, 148789612, 206
6824, 1980, 11, 30, 0, 0, 4.88%, 0, 0, 2, 23037.37, 148910797, 206
6829, 1982, 28, 30, 0, 0, 4.88%, 0, 0, 2, 23121.00, 149029138, 206
6834, 1984, 18, 30, 0, 0, 4.88%, 0, 0, 2, 22667.81, 149148524, 206
6840, 1985, 28, 30, 0, 0, 4.88%, 0, 0, 2, 23551.71, 149270121, 206
6845, 1987, 28, 30, 0, 0, 4.88%, 0, 0, 2, 22222.32, 149379485, 206
6850, 1988, 11, 30, 0, 0, 4.88%, 0, 0, 2, 23142.66, 149496154, 206
6855, 1990, 11, 30, 0, 0, 4.88%, 0, 0, 2, 22905.21, 149613332, 206
6860, 1991, 11, 30, 0, 0, 4.88%, 0, 0, 2, 24469.62, 149743070, 206
6865, 1993, 11, 30, 0, 0, 4.88%, 0, 0, 2, 21759.81, 149852216, 206
6870, 1995, 11, 30, 0, 0, 4.88%, 0, 0, 2, 23057.58, 149974547, 206
6876, 1996, 15, 30, 0, 0, 4.88%, 0, 0, 2, 23691.59, 150098167, 206
6881, 1998, 24, 30, 0, 0, 4.88%, 0, 0, 2, 25553.44, 150228068, 206
6886, 2000, 15, 30, 0, 0, 4.88%, 0, 0, 2, 22966.41, 150340654, 206
6891, 2001, 3, 30, 0, 0, 4.88%, 0, 0, 2, 23397.32, 150462376, 206
6896, 2003, 15, 30, 0, 0, 4.88%, 0, 0, 2, 22793.36, 150577310, 206
6901, 2004, 8, 30, 0, 0, 4.88%, 0, 0, 2, 24285.30, 150705285, 206
6906, 2006, 21, 30, 0, 0, 4.88%, 0, 0, 2, 22551.51, 150812250, 206
6911, 2007, 11, 30, 0, 0, 4.88%, 0, 0, 2, 23894.56, 150939802, 206
6917, 2009, 11, 30, 0, 0, 4.88%, 0, 0, 2, 23012.40, 151051160, 206
6922, 2010, 11, 30, 0, 0, 4.88%, 0, 0, 2, 22182.88, 151166074, 206
6927, 2012, 11, 30, 0, 0, 4.88%, 0, 0, 2, 21779.18, 151275121, 206
6932, 2014, 21, 30, 0, 0, 4.88%, 0, 0, 2, 22911.35, 151395832, 206
6937, 2015, 10, 30, 0, 0, 4.88%, 0, 0, 2, 22611.51, 151508006, 206
6942, 2017, 26, 30, 0, 0, 4.88%, 0, 0, 2, 23018.07, 151631391, 206
6947, 2018, 22, 30, 0, 0, 4.88%, 0, 0, 2, 23137.32, 151747451, 206
6953, 2020, 15, 30, 0, 0, 4.88%, 0, 0, 2, 23384.46, 151868585, 206
6958, 2021, 11, 30, 0, 0, 4.88%, 0, 0, 2, 24021.58, 151991305, 206
6963, 2023, 26, 30, 0, 0, 4.88%, 0, 0, 2, 23581.15, 152119488, 206
6968, 2025, 11, 30, 0, 0, 4.88%, 0, 0, 2, 22855.62, 152235376, 206
6973, 2026, 28, 30, 0, 0, 4.88%, 0, 0, 2, 22468.78, 152355862, 206
6978, 2028, 6, 30, 0, 0, 4.88%, 0, 0, 2, 24154.19, 152480203, 206
6984, 2029, 6, 30, 0, 0, 4.88%, 0, 0, 2, 21645.61, 152592572, 206
6989, 2031, 25, 30, 0, 0, 4.88%, 0, 0, 2, 24649.22, 152721382, 206
6994, 2033, 10, 30, 0, 0, 4.88%, 0, 0, 2, 23473.54, 152842940, 206
6999, 2034, 28, 30, 0, 0, 4.88%, 0, 0, 2, 23870.14, 152965572, 206
7004, 2036, 26, 30, 0, 0, 4.88%, 0, 0, 2, 23054.81, 153085805, 206
7009, 2038, 28, 30, 0, 0, 4.88%, 0, 0, 2, 23461.41, 153203519, 206
7014, 2039, 11, 30, 0, 0, 4.88%, 0, 0, 2, 22884.67, 153324121, 206
7020, 2041, 20, 30, 0, 0, 4.88%, 0, 0, 2, 24169.19, 153451795, 206
7025, 2042, 25, 30, 0, 0, 4.88%, 0, 0, 2, 22305.51, 153567035, 206
7030, 2044, 28, 30, 0, 0, 4.88%, 0, 0, 2, 24242.49, 153694158, 206
7035, 2045, 11, 30, 0, 0, 4.88%, 0, 0, 2, 21361.07, 153805824, 206
7040, 2047, 28, 30, 0, 0, 4.88%, 0, 0, 2, 24177.45, 153932638, 206
7045, 2048, 11, 30, 0, 0, 4.88%, 0, 0, 2, 21072.18, 154034436, 206
7050, 2050, 25, 30, 0, 0, 4.88%, 0, 0, 2, 24222.41, 154162822, 206
7055, 2052, 25, 30, 0, 0, 4.88%, 0, 0, 2, 22981.72, 154278903, 206
7061, 2053, 28, 30, 0, 0, 4.88%, 0, 0, 2, 23805.67, 154402027, 206
7066, 2055, 11, 30, 0, 0, 4.88%, 0, 0, 2, 23381.29, 154527648, 206
7071, 2057, 28, 30, 0, 0, 4.88%, 0, 0, 2, 24171.10, 154652329, 206
7076, 2058, 11, 30, 0, 0, 4.88%, 0, 0, 2, 24324.63, 154773592, 206
7081, 2060, 11, 30, 0, 0, 4.88%, 0, 0, 2, 24198.46, 154898075, 206
7086, 2061, 20, 30, 0, 0, 4.88%, 0, 0, 2, 22869.42, 155012846, 206
7092, 2063, 11, 30, 0, 0, 4.88%, 0, 0, 2, 24177.69, 155142229, 206
7097, 2065, 25, 30, 0, 0, 4.88%, 0, 0, 2, 23132.33, 155253260, 206
7102, 2066, 6, 30, 0, 0, 4.88%, 0, 0, 2, 23593.93, 155376263, 206
7107, 2068, 28, 30, 0, 0, 4.88%, 0, 0, 2, 22525.13, 155487784, 206
7112, 2069, 11, 30, 0, 0, 4.88%, 0, 0, 2, 23088.87, 155609836, 206
7117, 2071, 5, 30, 0, 0, 4.88%, 0, 0, 2, 22760.67, 155723442, 206
7122, 2072, 11, 30, 0, 0, 4.88%, 0, 0, 2, 24158.80, 155849974, 206
7127, 2074, 11, 30, 0, 0, 4.88%, 0, 0, 2, 23412.03, 155965333, 206
7132, 2076, 11, 30, 0, 0, 4.88%, 0, 0, 2, 23069.39, 156083123, 206
7137, 2077, 5, 30, 0, 0, 4.88%, 0, 0, 2, 22684.06, 156197188, 206
7143, 2079, 25, 30, 0, 0, 4.88%, 0, 0, 2, 22149.63, 156313648, 206
7148, 2080, 28, 30, 0, 0, 4.88%, 0, 0, 2, 22021.11, 156425413, 206
7153, 2082, 11, 30, 0, 0, 4.88%, 0, 0, 2, 22085.51, 156541843, 206
7158, 2083, 16, 30, 0, 0, 4.88%, 0, 0, 2, 23313.74, 156657969, 206
7163, 2085, 24, 30, 0, 0, 4.88%, 0, 0, 2, 21929.53, 156771760, 206
7168, 2086, 5, 30, 0, 0, 4.88%, 0, 0, 2, 22686.17, 156884727, 206
7173, 2088, 11, 30, 0, 0, 4.88%, 0, 0, 2, 21891.06, 157001972, 206
7179, 2089, 11, 30, 0, 0, 4.88%, 0, 0, 2, 22004.28, 157114721, 206
7184, 2091, 11, 30, 0, 0, 4.88%, 0, 0, 2, 21337.23, 157229270, 206
7189, 2092, 3, 30, 0, 0, 4.88%, 0, 0, 2, 23359.64, 157351476, 206
7194, 2094, 28, 30, 0, 0, 4.88%, 0, 0, 2, 22483.02, 157471697, 206
7198, 2095, 20, 30, 0, 0, 4.88%, 0, 0, 2, 22737.95, 157549634, 206
