# relative_time, cycles_done, cur_item, corpus_count, pending_total, pending_favs, map_size, saved_crashes, saved_hangs, max_depth, execs_per_sec, total_execs, edges_found
61, 2, 4, 140, 116, 0, 5.66%, 0, 0, 3, 21035.52, 1219702, 245
66, 2, 4, 140, 116, 0, 5.66%, 0, 0, 3, 21529.17, 1332263, 245
72, 2, 4, 140, 115, 0, 5.66%, 0, 0, 3, 18487.58, 1424786, 245
77, 3, 13, 142, 116, 0, 5.66%, 0, 0, 3, 18287.66, 1524314, 245
82, 3, 4, 142, 116, 0, 5.66%, 0, 0, 3, 20361.02, 1625615, 245
87, 3, 4, 142, 116, 0, 5.66%, 0, 0, 3, 19689.86, 1728430, 245
92, 3, 35, 142, 116, 0, 5.66%, 0, 0, 3, 19099.03, 1824600, 245
97, 3, 4, 142, 116, 0, 5.66%, 0, 0, 3, 18598.73, 1923885, 245
102, 3, 4, 142, 115, 0, 5.66%, 0, 0, 3, 20896.08, 2031645, 245
107, 4, 4, 142, 112, 0, 5.66%, 0, 0, 3, 21142.32, 2147730, 245
112, 4, 4, 142, 112, 0, 5.66%, 0, 0, 3, 20621.92, 2250712, 245
117, 4, 4, 142, 112, 0, 5.66%, 0, 0, 3, 19398.82, 2352970, 245
123, 4, 4, 142, 112, 0, 5.66%, 0, 0, 3, 21564.18, 2462162, 245
128, 4, 4, 142, 112, 0, 5.66%, 0, 0, 3, 19126.17, 2562827, 245
133, 5, 107, 142, 111, 0, 5.66%, 0, 0, 3, 18383.07, 2658566, 245
138, 5, 4, 142, 107, 0, 5.66%, 0, 0, 3, 16726.89, 2739081, 245
143, 5, 35, 142, 106, 0, 5.66%, 0, 0, 3, 19347.88, 2841198, 245
148, 5, 4, 142, 105, 0, 5.66%, 0, 0, 3, 19785.50, 2949989, 245
153, 5, 4, 142, 103, 0, 5.66%, 0, 0, 3, 21039.92, 3060894, 245
159, 6, 4, 142, 102, 0, 5.66%, 0, 0, 3, 18031.17, 3152163, 245
164, 6, 4, 142, 102, 0, 5.66%, 0, 0, 3, 20617.94, 3258941, 245
169, 6, 4, 142, 101, 0, 5.66%, 0, 0, 3, 19922.14, 3365645, 245
174, 6, 107, 142, 100, 0, 5.66%, 0, 0, 3, 21752.25, 3478793, 245
179, 6, 4, 142, 100, 0, 5.66%, 0, 0, 3, 18583.93, 3576470, 245
184, 7, 85, 142, 100, 0, 5.66%, 0, 0, 3, 20437.39, 3685400, 245
189, 7, 106, 142, 99, 0, 5.66%, 0, 0, 3, 17977.60, 3765014, 245
194, 7, 4, 142, 97, 0, 5.66%, 0, 0, 3, 20836.93, 3868175, 245
199, 7, 4, 142, 97, 0, 5.66%, 0, 0, 3, 18123.39, 3960034, 245
205, 7, 107, 142, 96, 0, 5.66%, 0, 0, 3, 23505.25, 4082800, 245
210, 8, 35, 142, 94, 0, 5.66%, 0, 0, 3, 21045.92, 4186093, 245
215, 8, 35, 142, 91, 0, 5.66%, 0, 0, 3, 20977.20, 4296810, 245
220, 8, 4, 142, 91, 0, 5.66%, 0, 0, 3, 23115.81, 4404907, 245
225, 9, 60, 142, 89, 0, 5.66%, 0, 0, 3, 22622.41, 4524698, 245
230, 9, 4, 142, 89, 0, 5.66%, 0, 0, 3, 20813.69, 4624815, 245
235, 9, 4, 142, 89, 0, 5.66%, 0, 0, 3, 22585.61, 4740074, 245
241, 9, 4, 142, 88, 0, 5.66%, 0, 0, 3, 19778.46, 4836060, 245
246, 10, 4, 142, 88, 0, 5.66%, 0, 0, 3, 20294.81, 4944026, 245
251, 10, 4, 142, 88, 0, 5.66%, 0, 0, 3, 18962.82, 5038939, 245
256, 10, 4, 142, 88, 0, 5.66%, 0, 0, 3, 19541.89, 5140029, 245
261, 11, 4, 142, 87, 0, 5.66%, 0, 0, 3, 20876.73, 5245204, 245
266, 11, 35, 142, 86, 0, 5.66%, 0, 0, 3, 20335.58, 5351741, 245
272, 11, 136, 142, 86, 0, 5.66%, 0, 0, 3, 17819.08, 5445197, 245
277, 11, 119, 143, 86, 0, 5.66%, 0, 0, 3, 17733.69, 5530909, 245
282, 11, 4, 143, 85, 0, 5.66%, 0, 0, 3, 17320.18, 5608278, 245
287, 12, 4, 143, 85, 0, 5.66%, 0, 0, 3, 18195.12, 5708609, 245
292, 12, 35, 143, 85, 0, 5.66%, 0, 0, 3, 19706.28, 5810082, 245
297, 12, 70, 143, 85, 0, 5.66%, 0, 0, 3, 19850.16, 5916097, 245
302, 12, 4, 144, 86, 0, 5.66%, 0, 0, 3, 20229.60, 6015955, 245
307, 13, 4, 169, 111, 0, 5.66%, 0, 0, 3, 19603.48, 6116868, 245
313, 13, 35, 169, 110, 0, 5.66%, 0, 0, 3, 16578.60, 6202660, 245
318, 13, 135, 169, 107, 0, 5.66%, 0, 0, 3, 17906.19, 6301120, 245
323, 13, 4, 169, 105, 0, 5.66%, 0, 0, 3, 21032.16, 6411925, 245
328, 13, 13, 169, 104, 0, 5.66%, 0, 0, 3, 19262.33, 6517349, 245
333, 14, 4, 169, 103, 0, 5.66%, 0, 0, 3, 21142.80, 6626689, 245
338, 14, 4, 169, 103, 0, 5.66%, 0, 0, 3, 18921.74, 6723849, 245
344, 14, 3, 169, 102, 0, 5.66%, 0, 0, 3, 22159.39, 6842272, 245
349, 14, 35, 169, 101, 0, 5.66%, 0, 0, 3, 19699.01, 6945123, 245
354, 14, 4, 169, 101, 0, 5.66%, 0, 0, 3, 20665.86, 7054943, 245
359, 15, 4, 169, 100, 0, 5.66%, 0, 0, 3, 19370.40, 7154232, 245
364, 15, 4, 169, 100, 0, 5.66%, 0, 0, 3, 22111.07, 7269691, 245
369, 15, 4, 169, 99, 0, 5.66%, 0, 0, 3, 20993.69, 7381057, 245
374, 15, 4, 169, 99, 0, 5.66%, 0, 0, 3, 20675.61, 7485016, 245
380, 15, 104, 169, 99, 0, 5.66%, 0, 0, 3, 20132.84, 7583828, 245
385, 16, 4, 170, 100, 0, 5.66%, 0, 0, 3, 22187.58, 7699867, 245
390, 16, 104, 170, 99, 0, 5.66%, 0, 0, 3, 19812.03, 7793867, 245
395, 16, 60, 170, 98, 0, 5.66%, 0, 0, 3, 23036.22, 7912830, 245
400, 16, 107, 170, 98, 0, 5.66%, 0, 0, 3, 21583.14, 8021449, 245
405, 16, 106, 170, 98, 0, 5.66%, 0, 0, 3, 22472.72, 8137881, 245
410, 17, 4, 170, 98, 0, 5.66%, 0, 0, 3, 20065.21, 8233353, 245
416, 17, 7, 170, 98, 0, 5.66%, 0, 0, 3, 21390.20, 8344600, 245
421, 17, 3, 170, 97, 0, 5.66%, 0, 0, 3, 20133.65, 8443630, 245
426, 17, 4, 170, 97, 0, 5.66%, 0, 0, 3, 21550.23, 8560739, 245
431, 18, 4, 170, 97, 0, 5.66%, 0, 0, 3, 22316.16, 8669904, 245
436, 18, 4, 170, 97, 0, 5.66%, 0, 0, 3, 21052.96, 8775694, 245
441, 18, 4, 170, 94, 0, 5.66%, 0, 0, 3, 23358.79, 8888159, 245
446, 18, 4, 170, 93, 0, 5.66%, 0, 0, 3, 21707.23, 8998981, 245
451, 18, 4, 170, 93, 0, 5.66%, 0, 0, 3, 22577.54, 9109805, 245
457, 19, 35, 170, 92, 0, 5.66%, 0, 0, 3, 19305.08, 9203986, 245
462, 19, 4, 170, 92, 0, 5.66%, 0, 0, 3, 21241.41, 9312520, 245
467, 19, 7, 170, 92, 0, 5.66%, 0, 0, 3, 19667.13, 9416156, 245
472, 19, 7, 170, 91, 0, 5.66%, 0, 0, 3, 20002.97, 9517836, 245
477, 19, 4, 170, 91, 0, 5.66%, 0, 0, 3, 19461.95, 9621792, 245
482, 20, 4, 170, 91, 0, 5.66%, 0, 0, 3, 20860.81, 9726093, 245
488, 20, 4, 170, 89, 0, 5.66%, 0, 0, 3, 19781.16, 9832144, 245
493, 20, 13, 170, 89, 0, 5.66%, 0, 0, 3, 19684.55, 9931953, 245
498, 20, 21, 170, 87, 0, 5.66%, 0, 0, 3, 21521.29, 10049721, 245
503, 20, 130, 170, 86, 0, 5.66%, 0, 0, 3, 21153.73, 10159861, 245
508, 21, 4, 170, 84, 0, 5.66%, 0, 0, 3, 20104.12, 10265656, 245
513, 21, 60, 170, 84, 0, 5.66%, 0, 0, 3, 21178.80, 10372129, 245
518, 21, 76, 170, 84, 0, 5.66%, 0, 0, 3, 18351.93, 10466506, 245
523, 21, 35, 170, 83, 0, 5.66%, 0, 0, 3, 21315.04, 10575411, 245
529, 21, 4, 170, 82, 0, 5.66%, 0, 0, 3, 20900.15, 10683615, 245
534, 22, 35, 170, 82, 0, 5.66%, 0, 0, 3, 24338.79, 10801137, 245
539, 22, 4, 170, 81, 0, 5.66%, 0, 0, 3, 17280.68, 10885593, 245
544, 22, 104, 170, 81, 0, 5.66%, 0, 0, 3, 21575.66, 11004360, 245
549, 22, 21, 170, 81, 0, 5.66%, 0, 0, 3, 18537.78, 11097677, 245
554, 22, 7, 170, 81, 0, 5.66%, 0, 0, 3, 18636.51, 11188230, 245
559, 23, 4, 170, 81, 0, 5.66%, 0, 0, 3, 18909.19, 11286356, 245
564, 23, 60, 170, 79, 0, 5.66%, 0, 0, 3, 19021.35, 11385693, 245
570, 23, 35, 170, 78, 0, 5.66%, 0, 0, 3, 19266.53, 11487198, 245
575, 23, 35, 170, 78, 0, 5.66%, 0, 0, 3, 21520.93, 11598984, 245
580, 23, 35, 170, 78, 0, 5.66%, 0, 0, 3, 19169.07, 11694917, 245
585, 24, 149, 170, 77, 0, 5.66%, 0, 0, 3, 20557.50, 11803114, 245
590, 24, 4, 170, 76, 0, 5.66%, 0, 0, 3, 18642.20, 11893328, 245
595, 24, 156, 170, 76, 0, 5.66%, 0, 0, 3, 13048.62, 11977492, 245
601, 24, 106, 170, 75, 0, 5.66%, 0, 0, 3, 18124.90, 12067335, 245
606, 24, 4, 170, 75, 0, 5.66%, 0, 0, 3, 20619.82, 12182013, 245
611, 25, 4, 170, 74, 0, 5.66%, 0, 0, 3, 18120.72, 12271911, 245
616, 25, 4, 170, 74, 0, 5.66%, 0, 0, 3, 19488.85, 12372098, 245
621, 25, 7, 170, 74, 0, 5.66%, 0, 0, 3, 20639.69, 12473672, 245
626, 25, 60, 170, 73, 0, 5.66%, 0, 0, 3, 19765.38, 12576048, 245
632, 25, 4, 170, 71, 0, 5.66%, 0, 0, 3, 20156.19, 12676700, 245
637, 26, 4, 170, 70, 0, 5.66%, 0, 0, 3, 18346.67, 12770396, 245
642, 26, 104, 170, 70, 0, 5.66%, 0, 0, 3, 20795.20, 12875019, 245
647, 26, 4, 170, 70, 0, 5.66%, 0, 0, 3, 18675.15, 12972784, 245
652, 26, 4, 170, 70, 0, 5.66%, 0, 0, 3, 18727.98, 13066762, 245
657, 26, 79, 170, 70, 0, 5.66%, 0, 0, 3, 19146.44, 13171620, 245
663, 27, 7, 170, 68, 0, 5.66%, 0, 0, 3, 19651.33, 13271834, 245
668, 27, 4, 170, 68, 0, 5.66%, 0, 0, 3, 19152.07, 13373661, 245
673, 27, 4, 170, 68, 0, 5.66%, 0, 0, 3, 17921.74, 13465347, 245
678, 27, 10, 170, 68, 0, 5.66%, 0, 0, 3, 17421.95, 13561954, 245
683, 27, 4, 170, 68, 0, 5.66%, 0, 0, 3, 19306.16, 13663618, 245
688, 27, 107, 170, 68, 0, 5.66%, 0, 0, 3, 18151.16, 13760651, 245
693, 28, 165, 170, 68, 0, 5.66%, 0, 0, 3, 20409.10, 13865625, 245
699, 28, 97, 170, 67, 0, 5.66%, 0, 0, 3, 15078.18, 13943036, 245
704, 28, 4, 170, 66, 0, 5.66%, 0, 0, 3, 20293.23, 14047223, 245
709, 28, 24, 170, 66, 0, 5.66%, 0, 0, 3, 18969.05, 14146421, 245
714, 28, 35, 170, 66, 0, 5.66%, 0, 0, 3, 21621.39, 14259060, 245
719, 29, 21, 170, 66, 0, 5.66%, 0, 0, 3, 17811.26, 14347681, 245
724, 29, 35, 170, 66, 0, 5.66%, 0, 0, 3, 20576.14, 14457996, 245
729, 29, 4, 170, 66, 0, 5.66%, 0, 0, 3, 18009.67, 14546292, 245
735, 29, 60, 170, 65, 0, 5.66%, 0, 0, 3, 18246.77, 14636021, 245
740, 29, 35, 170, 65, 0, 5.66%, 0, 0, 3, 17747.28, 14725506, 245
745, 30, 4, 170, 64, 0, 5.66%, 0, 0, 3, 19824.07, 14830735, 245
750, 30, 4, 170, 64, 0, 5.66%, 0, 0, 3, 18500.90, 14927595, 245
755, 30, 143, 170, 64, 0, 5.66%, 0, 0, 3, 17625.04, 15019007, 245
760, 30, 3, 170, 63, 0, 5.66%, 0, 0, 3, 16483.19, 15092910, 245
765, 30, 154, 170, 63, 0, 5.66%, 0, 0, 3, 18522.07, 15191498, 245
770, 30, 4, 170, 62, 0, 5.66%, 0, 0, 3, 18013.99, 15271339, 245
776, 31, 60, 173, 65, 0, 5.66%, 0, 0, 3, 20994.08, 15381248, 245
781, 31, 35, 173, 65, 0, 5.66%, 0, 0, 3, 19363.06, 15476408, 245
786, 31, 50, 173, 64, 0, 5.66%, 0, 0, 3, 20957.75, 15588729, 245
791, 31, 104, 173, 64, 0, 5.66%, 0, 0, 3, 18034.61, 15677936, 245
796, 31, 60, 173, 64, 0, 5.66%, 0, 0, 3, 20306.81, 15779883, 245
801, 32, 4, 173, 64, 0, 5.66%, 0, 0, 3, 20944.22, 15883214, 245
806, 32, 60, 173, 63, 0, 5.66%, 0, 0, 3, 19330.34, 15984828, 245
812, 32, 60, 173, 63, 0, 5.66%, 0, 0, 3, 20892.20, 16090785, 245
817, 32, 4, 173, 63, 0, 5.66%, 0, 0, 3, 19906.63, 16196410, 245
822, 32, 3, 173, 63, 0, 5.66%, 0, 0, 3, 21212.53, 16300679, 245
827, 33, 4, 173, 62, 0, 5.66%, 0, 0, 3, 21185.39, 16412516, 245
832, 33, 60, 173, 61, 0, 5.66%, 0, 0, 3, 20632.34, 16519952, 245
837, 33, 81, 173, 61, 0, 5.66%, 0, 0, 3, 17215.58, 16612092, 245
843, 33, 4, 173, 60, 0, 5.66%, 0, 0, 3, 19118.52, 16709976, 245
848, 33, 4, 173, 59, 0, 5.66%, 0, 0, 3, 8013.93, 16779835, 245
853, 33, 4, 173, 59, 0, 5.66%, 0, 0, 3, 15365.32, 16867699, 245
858, 34, 4, 173, 59, 0, 5.66%, 0, 0, 3, 17568.39, 16964325, 245
863, 34, 70, 173, 59, 0, 5.66%, 0, 0, 3, 23356.95, 17084258, 245
868, 34, 4, 173, 59, 0, 5.66%, 0, 0, 3, 19125.31, 17179912, 245
873, 34, 4, 173, 59, 0, 5.66%, 0, 0, 3, 21571.64, 17287689, 245
879, 34, 122, 173, 58, 0, 5.66%, 0, 0, 3, 16180.93, 17368341, 245
884, 35, 60, 173, 57, 0, 5.66%, 0, 0, 3, 18528.82, 17464956, 245
889, 35, 35, 173, 57, 0, 5.66%, 0, 0, 3, 19175.50, 17567790, 245
894, 35, 35, 173, 57, 0, 5.66%, 0, 0, 3, 21502.13, 17680907, 245
899, 35, 4, 173, 57, 0, 5.66%, 0, 0, 3, 18480.39, 17775253, 245
904, 36, 4, 173, 57, 0, 5.66%, 0, 0, 3, 21474.65, 17885598, 245
909, 36, 60, 173, 57, 0, 5.66%, 0, 0, 3, 18725.95, 17977496, 245
914, 36, 35, 173, 57, 0, 5.66%, 0, 0, 3, 18847.18, 18073576, 245
920, 36, 4, 173, 56, 0, 5.66%, 0, 0, 3, 17412.63, 18164005, 245
925, 36, 7, 173, 56, 0, 5.66%, 0, 0, 3, 20941.27, 18277124, 245
930, 37, 4, 173, 56, 0, 5.66%, 0, 0, 3, 19502.65, 18375504, 245
935, 37, 35, 173, 56, 0, 5.66%, 0, 0, 3, 21564.66, 18489313, 245
940, 37, 10, 173, 56, 0, 5.66%, 0, 0, 3, 19866.59, 18588705, 245
945, 37, 4, 173, 56, 0, 5.66%, 0, 0, 3, 20804.54, 18694204, 245
951, 37, 60, 173, 56, 0, 5.66%, 0, 0, 3, 17267.48, 18775734, 245
956, 38, 4, 173, 56, 0, 5.66%, 0, 0, 3, 21407.09, 18892925, 245
961, 38, 4, 173, 55, 0, 5.66%, 0, 0, 3, 18637.10, 18979371, 245
966, 38, 13, 173, 55, 0, 5.66%, 0, 0, 3, 21407.73, 19093290, 245
971, 38, 21, 173, 54, 0, 5.66%, 0, 0, 3, 20002.68, 19186689, 245
976, 38, 4, 173, 54, 0, 5.66%, 0, 0, 3, 19180.21, 19280357, 245
981, 39, 13, 173, 52, 0, 5.66%, 0, 0, 3, 18447.85, 19370528, 245
986, 39, 4, 173, 52, 0, 5.66%, 0, 0, 3, 20528.42, 19478791, 245
992, 39, 4, 173, 52, 0, 5.66%, 0, 0, 3, 19418.68, 19573460, 245
997, 39, 60, 173, 52, 0, 5.66%, 0, 0, 3, 19580.75, 19683189, 245
1002, 39, 21, 173, 52, 0, 5.66%, 0, 0, 3, 19873.86, 19786278, 245
1007, 40, 4, 173, 52, 0, 5.66%, 0, 0, 3, 18882.78, 19883014, 245
1012, 40, 4, 173, 52, 0, 5.66%, 0, 0, 3, 21269.87, 19988657, 245
1017, 40, 4, 173, 52, 0, 5.66%, 0, 0, 3, 18961.60, 20088166, 245
1023, 40, 24, 173, 51, 0, 5.66%, 0, 0, 3, 19701.61, 20187652, 245
1028, 41, 4, 173, 51, 0, 5.66%, 0, 0, 3, 19095.61, 20291437, 245
1033, 41, 10, 173, 51, 0, 5.66%, 0, 0, 3, 19710.16, 20396167, 245
1038, 41, 4, 173, 51, 0, 5.66%, 0, 0, 3, 17364.06, 20490067, 245
1043, 41, 60, 173, 50, 0, 5.66%, 0, 0, 3, 18730.08, 20580736, 245
1048, 41, 4, 173, 50, 0, 5.66%, 0, 0, 3, 18585.79, 20682456, 245
1053, 41, 106, 173, 49, 0, 5.66%, 0, 0, 3, 20148.06, 20788407, 245
1058, 42, 21, 173, 49, 0, 5.66%, 0, 0, 3, 18593.92, 20886774, 245
1064, 42, 60, 173, 49, 0, 5.66%, 0, 0, 3, 18644.62, 20981920, 245
1069, 42, 4, 173, 49, 0, 5.66%, 0, 0, 3, 17357.59, 21072258, 245
1074, 42, 4, 173, 49, 0, 5.66%, 0, 0, 3, 19190.86, 21172683, 245
1079, 42, 60, 173, 49, 0, 5.66%, 0, 0, 3, 17876.33, 21265377, 245
1084, 43, 3, 173, 49, 0, 5.66%, 0, 0, 3, 19842.00, 21371815, 245
1089, 43, 4, 173, 49, 0, 5.66%, 0, 0, 3, 18285.72, 21467364, 245
1094, 43, 35, 173, 48, 0, 5.66%, 0, 0, 3, 17204.28, 21548942, 245
1100, 43, 60, 173, 48, 0, 5.66%, 0, 0, 3, 17717.10, 21646499, 245
1105, 43, 60, 173, 48, 0, 5.66%, 0, 0, 3, 19878.79, 21750980, 245
1110, 44, 35, 173, 48, 0, 5.66%, 0, 0, 3, 18752.32, 21844195, 245
1115, 44, 4, 173, 47, 0, 5.66%, 0, 0, 3, 18812.05, 21933434, 245
1120, 44, 4, 173, 47, 0, 5.66%, 0, 0, 3, 18119.30, 22023521, 245
1125, 44, 60, 173, 47, 0, 5.66%, 0, 0, 3, 20227.02, 22127237, 245
1130, 44, 21, 173, 47, 0, 5.66%, 0, 0, 3, 18474.31, 22223337, 245
1135, 45, 4, 173, 47, 0, 5.66%, 0, 0, 3, 19846.24, 22328620, 245
1140, 45, 105, 173, 47, 0, 5.66%, 0, 0, 3, 18785.57, 22417547, 245
1146, 45, 106, 173, 47, 0, 5.66%, 0, 0, 3, 19488.08, 22522972, 245
1151, 45, 104, 173, 47, 0, 5.66%, 0, 0, 3, 19383.92, 22619048, 245
1156, 45, 107, 173, 47, 0, 5.66%, 0, 0, 3, 18868.25, 22713870, 245
1161, 46, 35, 173, 47, 0, 5.66%, 0, 0, 3, 19538.61, 22813973, 245
1166, 46, 4, 173, 47, 0, 5.66%, 0, 0, 3, 20394.57, 22919346, 245
1171, 46, 10, 173, 47, 0, 5.66%, 0, 0, 3, 19292.74, 23013968, 245
1176, 46, 4, 173, 47, 0, 5.66%, 0, 0, 3, 20409.33, 23124757, 245
1182, 47, 35, 173, 46, 0, 5.66%, 0, 0, 3, 19080.35, 23216813, 245
1187, 47, 60, 173, 46, 0, 5.66%, 0, 0, 3, 18630.07, 23317639, 245
1192, 47, 4, 173, 46, 0, 5.66%, 0, 0, 3, 19050.86, 23414402, 245
1197, 47, 60, 173, 45, 0, 5.66%, 0, 0, 3, 19249.71, 23516193, 245
1202, 47, 4, 173, 45, 0, 5.66%, 0, 0, 3, 23422.07, 23630936, 245
1207, 48, 4, 173, 45, 0, 5.66%, 0, 0, 3, 20018.22, 23735973, 245
1212, 48, 21, 173, 45, 0, 5.66%, 0, 0, 3, 20538.95, 23842989, 245
1218, 48, 4, 173, 45, 0, 5.66%, 0, 0, 3, 18735.56, 23939032, 245
1223, 48, 4, 173, 44, 0, 5.66%, 0, 0, 3, 19973.00, 24038890, 245
1228, 48, 4, 173, 44, 0, 5.66%, 0, 0, 3, 18402.84, 24134987, 245
1233, 49, 35, 173, 44, 0, 5.66%, 0, 0, 3, 20494.69, 24237412, 245
1238, 49, 4, 173, 44, 0, 5.66%, 0, 0, 3, 17210.67, 24323493, 245
1243, 49, 35, 173, 44, 0, 5.66%, 0, 0, 3, 20285.75, 24432953, 245
1248, 49, 4, 173, 44, 0, 5.66%, 0, 0, 3, 16842.94, 24519842, 245
1253, 49, 4, 173, 44, 0, 5.66%, 0, 0, 3, 18263.06, 24613866, 245
1258, 50, 105, 173, 44, 0, 5.66%, 0, 0, 3, 17818.94, 24706819, 245
1264, 50, 4, 173, 43, 0, 5.66%, 0, 0, 3, 19467.40, 24808404, 245
1269, 50, 4, 173, 43, 0, 5.66%, 0, 0, 3, 18038.14, 24900624, 245
1274, 50, 35, 173, 43, 0, 5.66%, 0, 0, 3, 20989.43, 25012076, 245
1279, 50, 4, 173, 43, 0, 5.66%, 0, 0, 3, 17309.41, 25100325, 245
1284, 51, 4, 173, 43, 0, 5.66%, 0, 0, 3, 21944.59, 25215498, 245
1289, 51, 70, 173, 43, 0, 5.66%, 0, 0, 3, 19387.02, 25310869, 245
1294, 51, 4, 173, 43, 0, 5.66%, 0, 0, 3, 20836.68, 25417748, 245
1300, 51, 10, 173, 43, 0, 5.66%, 0, 0, 3, 20080.81, 25523354, 245
1305, 52, 4, 173, 43, 0, 5.66%, 0, 0, 3, 20995.27, 25630256, 245
1310, 52, 35, 173, 43, 0, 5.66%, 0, 0, 3, 19443.18, 25724455, 245
1315, 52, 35, 173, 43, 0, 5.66%, 0, 0, 3, 21334.11, 25839213, 245
1320, 52, 60, 173, 43, 0, 5.66%, 0, 0, 3, 20540.46, 25941062, 245
1325, 52, 4, 173, 43, 0, 5.66%, 0, 0, 3, 20445.16, 26045914, 245
1331, 53, 10, 173, 43, 0, 5.66%, 0, 0, 3, 19528.82, 26142983, 245
1336, 53, 4, 173, 43, 0, 5.66%, 0, 0, 3, 19398.28, 26237782, 245
1341, 53, 4, 173, 43, 0, 5.66%, 0, 0, 3, 20790.45, 26337922, 245
1346, 53, 4, 173, 43, 0, 5.66%, 0, 0, 3, 20898.16, 26441187, 245
1351, 53, 35, 173, 43, 0, 5.66%, 0, 0, 3, 19014.59, 26532932, 245
1356, 54, 13, 173, 43, 0, 5.66%, 0, 0, 3, 21385.52, 26650127, 245
1361, 54, 35, 173, 43, 0, 5.66%, 0, 0, 3, 18793.84, 26742054, 245
1367, 54, 35, 173, 43, 0, 5.66%, 0, 0, 3, 18527.52, 26841958, 245
1372, 54, 4, 173, 43, 0, 5.66%, 0, 0, 3, 20043.21, 26942513, 245
1377, 55, 4, 173, 43, 0, 5.66%, 0, 0, 3, 19159.35, 27043264, 245
1382, 55, 4, 173, 43, 0, 5.66%, 0, 0, 3, 19227.73, 27139429, 245
1387, 55, 107, 173, 43, 0, 5.66%, 0, 0, 3, 18382.93, 27240110, 245
1392, 55, 4, 173, 43, 0, 5.66%, 0, 0, 3, 16733.98, 27320483, 245
1397, 55, 60, 173, 43, 0, 5.66%, 0, 0, 3, 18705.13, 27421901, 245
1402, 55, 105, 173, 43, 0, 5.66%, 0, 0, 3, 19435.34, 27519758, 245
1408, 56, 4, 173, 43, 0, 5.66%, 0, 0, 3, 18614.20, 27620110, 245
1413, 56, 4, 173, 43, 0, 5.66%, 0, 0, 3, 19737.66, 27720677, 245
1418, 56, 4, 173, 43, 0, 5.66%, 0, 0, 3, 18165.77, 27815800, 245
1423, 56, 4, 173, 43, 0, 5.66%, 0, 0, 3, 20046.36, 27916421, 245
1428, 57, 4, 173, 43, 0, 5.66%, 0, 0, 3, 18849.26, 28012554, 245
1433, 57, 4, 173, 43, 0, 5.66%, 0, 0, 3, 20077.00, 28116657, 245
1438, 57, 4, 173, 42, 0, 5.66%, 0, 0, 3, 16285.83, 28199861, 245
1443, 57, 24, 173, 42, 0, 5.66%, 0, 0, 3, 19170.76, 28299297, 245
1449, 57, 4, 173, 41, 0, 5.66%, 0, 0, 3, 15992.73, 28383979, 245
1454, 57, 4, 173, 40, 0, 5.66%, 0, 0, 3, 15018.24, 28462157, 245
1459, 58, 4, 173, 40, 0, 5.66%, 0, 0, 3, 16689.18, 28551625, 245
1464, 58, 4, 173, 40, 0, 5.66%, 0, 0, 3, 21414.15, 28669499, 245
1469, 58, 4, 173, 40, 0, 5.66%, 0, 0, 3, 18339.23, 28760855, 245
1474, 58, 104, 173, 40, 0, 5.66%, 0, 0, 3, 20067.11, 28865387, 245
1480, 58, 4, 173, 39, 0, 5.66%, 0, 0, 3, 18579.78, 28958736, 245
1485, 59, 24, 173, 39, 0, 5.66%, 0, 0, 3, 20305.19, 29069220, 245
1490, 59, 24, 173, 39, 0, 5.66%, 0, 0, 3, 17800.03, 29157756, 245
1495, 59, 4, 173, 39, 0, 5.66%, 0, 0, 3, 19828.26, 29261229, 245
1500, 59, 4, 173, 39, 0, 5.66%, 0, 0, 3, 18790.83, 29354168, 245
1505, 60, 4, 173, 39, 0, 5.66%, 0, 0, 3, 22129.20, 29468775, 245
1511, 60, 4, 173, 39, 0, 5.66%, 0, 0, 3, 18358.31, 29559436, 245
1516, 60, 104, 173, 39, 0, 5.66%, 0, 0, 3, 20837.94, 29661354, 245
1521, 60, 4, 173, 39, 0, 5.66%, 0, 0, 3, 18560.27, 29749293, 245
1526, 60, 70, 173, 39, 0, 5.66%, 0, 0, 3, 21358.74, 29858730, 245
1531, 60, 4, 173, 39, 0, 5.66%, 0, 0, 3, 18852.08, 29949159, 245
1536, 61, 35, 173, 39, 0, 5.66%, 0, 0, 3, 19001.29, 30047257, 245
1541, 61, 4, 173, 39, 0, 5.66%, 0, 0, 3, 19117.96, 30140454, 245
1547, 61, 35, 173, 39, 0, 5.66%, 0, 0, 3, 18528.44, 30241165, 245
1552, 61, 4, 173, 39, 0, 5.66%, 0, 0, 3, 19700.56, 30339403, 245
1557, 62, 7, 173, 39, 0, 5.66%, 0, 0, 3, 20350.34, 30449303, 245
1562, 62, 4, 173, 39, 0, 5.66%, 0, 0, 3, 20391.56, 30553250, 245
1567, 62, 24, 173, 39, 0, 5.66%, 0, 0, 3, 20080.96, 30657563, 245
1572, 62, 4, 173, 39, 0, 5.66%, 0, 0, 3, 18264.20, 30751226, 245
1577, 62, 7, 173, 39, 0, 5.66%, 0, 0, 3, 18108.21, 30850345, 245
1583, 63, 105, 173, 39, 0, 5.66%, 0, 0, 3, 19961.49, 30953668, 245
1588, 63, 4, 173, 39, 0, 5.66%, 0, 0, 3, 18383.73, 31049608, 245
1593, 63, 4, 173, 38, 0, 5.66%, 0, 0, 3, 19656.98, 31152335, 245
1598, 63, 13, 173, 38, 0, 5.66%, 0, 0, 3, 17514.58, 31243960, 245
1603, 63, 4, 173, 38, 0, 5.66%, 0, 0, 3, 19248.74, 31343853, 245
1608, 64, 4, 173, 37, 0, 5.66%, 0, 0, 3, 17727.35, 31434261, 245
1614, 64, 35, 173, 37, 0, 5.66%, 0, 0, 3, 21478.02, 31548694, 245
1619, 64, 4, 173, 37, 0, 5.66%, 0, 0, 3, 18447.65, 31643769, 245
1624, 64, 4, 173, 37, 0, 5.66%, 0, 0, 3, 20166.34, 31750120, 245
1629, 64, 4, 173, 37, 0, 5.66%, 0, 0, 3, 19552.97, 31851438, 245
1634, 65, 13, 173, 36, 0, 5.66%, 0, 0, 3, 17667.15, 31938770, 245
1639, 65, 4, 173, 36, 0, 5.66%, 0, 0, 3, 15506.64, 32016974, 245
1644, 65, 4, 173, 36, 0, 5.66%, 0, 0, 3, 18198.63, 32110692, 245
1649, 65, 107, 173, 36, 0, 5.66%, 0, 0, 3, 17911.41, 32205336, 245
1654, 65, 4, 173, 35, 0, 5.66%, 0, 0, 3, 18458.74, 32305968, 245
1659, 66, 4, 173, 35, 0, 5.66%, 0, 0, 3, 18399.72, 32406550, 245
1665, 66, 4, 173, 35, 0, 5.66%, 0, 0, 3, 22037.68, 32522825, 245
1670, 66, 60, 173, 35, 0, 5.66%, 0, 0, 3, 19604.57, 32619825, 245
1675, 66, 4, 173, 35, 0, 5.66%, 0, 0, 3, 20676.34, 32729802, 245
1680, 66, 107, 173, 35, 0, 5.66%, 0, 0, 3, 18822.12, 32817204, 245
1685, 67, 35, 173, 35, 0, 5.66%, 0, 0, 3, 20347.30, 32925410, 245
1690, 67, 4, 173, 35, 0, 5.66%, 0, 0, 3, 17773.83, 33011310, 245
1696, 67, 4, 173, 35, 0, 5.66%, 0, 0, 3, 18950.45, 33107511, 245
1701, 67, 4, 173, 35, 0, 5.66%, 0, 0, 3, 17548.53, 33193304, 245
1706, 67, 4, 173, 34, 0, 5.66%, 0, 0, 3, 20441.00, 33303205, 245
1711, 68, 107, 173, 34, 0, 5.66%, 0, 0, 3, 20693.22, 33406360, 245
1716, 68, 7, 173, 34, 0, 5.66%, 0, 0, 3, 19760.67, 33508718, 245
1721, 68, 4, 173, 34, 0, 5.66%, 0, 0, 3, 20477.99, 33610535, 245
1726, 68, 4, 173, 34, 0, 5.66%, 0, 0, 3, 19330.64, 33709368, 245
1732, 69, 4, 173, 34, 0, 5.66%, 0, 0, 3, 18471.93, 33798379, 245
1737, 69, 4, 173, 34, 0, 5.66%, 0, 0, 3, 18918.60, 33904497, 245
1742, 69, 24, 173, 34, 0, 5.66%, 0, 0, 3, 18988.17, 33997874, 245
1747, 69, 4, 173, 34, 0, 5.66%, 0, 0, 3, 19488.56, 34106037, 245
1752, 69, 4, 173, 34, 0, 5.66%, 0, 0, 3, 16481.65, 34190665, 245
1757, 70, 35, 173, 34, 0, 5.66%, 0, 0, 3, 17204.33, 34281765, 245
1762, 70, 89, 173, 33, 0, 5.66%, 0, 0, 3, 16397.76, 34366152, 245
1767, 70, 4, 173, 32, 0, 5.66%, 0, 0, 3, 17103.95, 34453541, 245
1773, 70, 60, 173, 32, 0, 5.66%, 0, 0, 3, 18235.97, 34546551, 245
1778, 70, 4, 173, 32, 0, 5.66%, 0, 0, 3, 18534.29, 34646938, 245
1783, 71, 4, 173, 32, 0, 5.66%, 0, 0, 3, 19893.27, 34749626, 245
1788, 71, 105, 173, 32, 0, 5.66%, 0, 0, 3, 19612.13, 34856320, 245
1793, 71, 35, 173, 32, 0, 5.66%, 0, 0, 3, 20436.27, 34962037, 245
1798, 71, 21, 173, 32, 0, 5.66%, 0, 0, 3, 18606.38, 35060327, 245
1803, 71, 21, 173, 32, 0, 5.66%, 0, 0, 3, 19249.25, 35158958, 245
1809, 72, 35, 173, 32, 0, 5.66%, 0, 0, 3, 18227.57, 35254345, 245
1814, 72, 104, 173, 32, 0, 5.66%, 0, 0, 3, 18991.02, 35351245, 245
1819, 72, 4, 173, 31, 0, 5.66%, 0, 0, 3, 15058.11, 35420004, 245
1824, 72, 60, 173, 31, 0, 5.66%, 0, 0, 3, 19106.70, 35524284, 245
1829, 72, 7, 173, 31, 0, 5.66%, 0, 0, 3, 17079.45, 35612097, 245
1834, 73, 4, 173, 31, 0, 5.66%, 0, 0, 3, 20130.45, 35722714, 245
1839, 73, 4, 173, 31, 0, 5.66%, 0, 0, 3, 18817.71, 35820805, 245
1845, 73, 3, 173, 31, 0, 5.66%, 0, 0, 3, 20062.71, 35925587, 245
1850, 73, 7, 173, 31, 0, 5.66%, 0, 0, 3, 19063.62, 36019485, 245
1855, 73, 60, 173, 30, 0, 5.66%, 0, 0, 3, 19622.49, 36117157, 245
1860, 74, 4, 173, 30, 0, 5.66%, 0, 0, 3, 17627.68, 36203490, 245
1865, 74, 35, 173, 30, 0, 5.66%, 0, 0, 3, 22197.12, 36319324, 245
1871, 74, 4, 173, 30, 0, 5.66%, 0, 0, 3, 17911.10, 36405585, 245
1876, 74, 7, 173, 30, 0, 5.66%, 0, 0, 3, 18930.55, 36498315, 245
1881, 75, 35, 173, 30, 0, 5.66%, 0, 0, 3, 18028.43, 36587117, 245
1886, 75, 35, 173, 30, 0, 5.66%, 0, 0, 3, 21474.63, 36699960, 245
1891, 75, 60, 173, 30, 0, 5.66%, 0, 0, 3, 19240.57, 36789755, 245
1896, 75, 19, 173, 30, 0, 5.66%, 0, 0, 3, 20310.94, 36896939, 245
1901, 75, 4, 173, 30, 0, 5.66%, 0, 0, 3, 18446.21, 36985545, 245
1906, 76, 107, 173, 30, 0, 5.66%, 0, 0, 3, 19745.89, 37094597, 245
1912, 76, 4, 173, 29, 0, 5.66%, 0, 0, 3, 20046.70, 37191189, 245
1917, 76, 35, 173, 29, 0, 5.66%, 0, 0, 3, 18984.38, 37292527, 245
1922, 76, 4, 173, 29, 0, 5.66%, 0, 0, 3, 20264.63, 37394400, 245
1927, 77, 7, 173, 29, 0, 5.66%, 0, 0, 3, 19708.92, 37495224, 245
1932, 77, 35, 173, 29, 0, 5.66%, 0, 0, 3, 17083.18, 37581055, 245
1937, 77, 3, 173, 29, 0, 5.66%, 0, 0, 3, 18343.79, 37678197, 245
1942, 77, 4, 173, 28, 0, 5.66%, 0, 0, 3, 19217.85, 37772464, 245
1947, 77, 35, 173, 28, 0, 5.66%, 0, 0, 3, 19623.84, 37876878, 245
1952, 78, 4, 173, 28, 0, 5.66%, 0, 0, 3, 20353.12, 37981597, 245
1958, 78, 4, 173, 28, 0, 5.66%, 0, 0, 3, 19404.27, 38083893, 245
1963, 78, 60, 173, 28, 0, 5.66%, 0, 0, 3, 20809.53, 38186049, 245
1968, 78, 35, 173, 28, 0, 5.66%, 0, 0, 3, 18353.97, 38284534, 245
1973, 78, 60, 173, 28, 0, 5.66%, 0, 0, 3, 19888.89, 38390784, 245
1978, 79, 7, 173, 28, 0, 5.66%, 0, 0, 3, 17055.52, 38481037, 245
1983, 79, 35, 173, 28, 0, 5.66%, 0, 0, 3, 20007.45, 38585278, 245
1988, 79, 35, 173, 28, 0, 5.66%, 0, 0, 3, 17303.09, 38674139, 245
1994, 79, 35, 173, 28, 0, 5.66%, 0, 0, 3, 16929.95, 38759732, 245
1999, 79, 169, 173, 28, 0, 5.66%, 0, 0, 3, 16613.10, 38849541, 245
2004, 80, 4, 173, 28, 0, 5.66%, 0, 0, 3, 18961.85, 38946332, 245
2009, 80, 4, 173, 28, 0, 5.66%, 0, 0, 3, 18187.80, 39037649, 245
2014, 80, 35, 173, 28, 0, 5.66%, 0, 0, 3, 18654.46, 39136911, 245
2019, 80, 21, 173, 28, 0, 5.66%, 0, 0, 3, 18025.51, 39229320, 245
2024, 81, 21, 173, 28, 0, 5.66%, 0, 0, 3, 21592.19, 39337065, 245
2029, 81, 60, 173, 28, 0, 5.66%, 0, 0, 3, 18656.79, 39430905, 245
2035, 81, 4, 173, 28, 0, 5.66%, 0, 0, 3, 21044.01, 39538303, 245
2040, 81, 4, 173, 28, 0, 5.66%, 0, 0, 3, 18074.66, 39626931, 245
2045, 81, 7, 173, 28, 0, 5.66%, 0, 0, 3, 19261.37, 39727713, 245
2050, 82, 4, 173, 28, 0, 5.66%, 0, 0, 3, 19159.63, 39824423, 245
2055, 82, 60, 173, 28, 0, 5.66%, 0, 0, 3, 18346.12, 39913291, 245
2060, 82, 35, 173, 28, 0, 5.66%, 0, 0, 3, 17528.35, 39997231, 245
2065, 82, 3, 173, 28, 0, 5.66%, 0, 0, 3, 20837.31, 40106276, 245
2071, 82, 4, 173, 28, 0, 5.66%, 0, 0, 3, 19803.06, 40197953, 245
2076, 83, 4, 173, 28, 0, 5.66%, 0, 0, 3, 21869.70, 40309256, 245
2081, 83, 4, 173, 28, 0, 5.66%, 0, 0, 3, 19238.45, 40404060, 245
2086, 83, 4, 173, 28, 0, 5.66%, 0, 0, 3, 21030.33, 40516905, 245
2091, 83, 4, 173, 27, 0, 5.66%, 0, 0, 3, 19984.66, 40614758, 245
2096, 84, 35, 173, 27, 0, 5.66%, 0, 0, 3, 18848.20, 40712075, 245
2101, 84, 60, 173, 27, 0, 5.66%, 0, 0, 3, 18261.31, 40802945, 245
2107, 84, 4, 173, 27, 0, 5.66%, 0, 0, 3, 19754.06, 40906411, 245
2112, 84, 4, 173, 27, 0, 5.66%, 0, 0, 3, 20248.01, 41010227, 245
2117, 84, 4, 173, 27, 0, 5.66%, 0, 0, 3, 18530.87, 41109110, 245
2122, 85, 24, 173, 27, 0, 5.66%, 0, 0, 3, 19582.12, 41208978, 245
2127, 85, 4, 173, 27, 0, 5.66%, 0, 0, 3, 17725.00, 41304719, 245
2132, 85, 4, 173, 27, 0, 5.66%, 0, 0, 3, 19428.88, 41401602, 245
2138, 85, 35, 173, 27, 0, 5.66%, 0, 0, 3, 18977.90, 41502584, 245
2143, 86, 4, 173, 27, 0, 5.66%, 0, 0, 3, 20312.86, 41606125, 245
2148, 86, 4, 173, 26, 0, 5.66%, 0, 0, 3, 17228.12, 41699196, 245
2153, 86, 4, 173, 26, 0, 5.66%, 0, 0, 3, 19342.49, 41799736, 245
2158, 86, 35, 173, 26, 0, 5.66%, 0, 0, 3, 18688.02, 41898468, 245
2163, 86, 4, 173, 26, 0, 5.66%, 0, 0, 3, 18821.10, 41995509, 245
2168, 87, 60, 173, 26, 0, 5.66%, 0, 0, 3, 18823.25, 42096513, 245
2174, 87, 4, 173, 26, 0, 5.66%, 0, 0, 3, 19041.50, 42195540, 245
2179, 87, 60, 173, 26, 0, 5.66%, 0, 0, 3, 17288.85, 42284530, 245
2184, 87, 60, 173, 26, 0, 5.66%, 0, 0, 3, 18780.24, 42380801, 245
2189, 87, 4, 173, 26, 0, 5.66%, 0, 0, 3, 17954.86, 42475077, 245
2194, 88, 4, 173, 26, 0, 5.66%, 0, 0, 3, 19120.79, 42573282, 245
2199, 88, 70, 173, 26, 0, 5.66%, 0, 0, 3, 17722.72, 42661646, 245
2204, 88, 4, 173, 25, 0, 5.66%, 0, 0, 3, 19219.03, 42757744, 245
2210, 88, 35, 173, 25, 0, 5.66%, 0, 0, 3, 17830.49, 42847911, 245
2215, 88, 4, 173, 25, 0, 5.66%, 0, 0, 3, 19429.38, 42948765, 245
2220, 89, 4, 173, 25, 0, 5.66%, 0, 0, 3, 18899.19, 43041679, 245
2225, 89, 4, 173, 25, 0, 5.66%, 0, 0, 3, 20057.78, 43150123, 245
2230, 89, 60, 173, 25, 0, 5.66%, 0, 0, 3, 16565.07, 43235036, 245
2235, 89, 4, 173, 25, 0, 5.66%, 0, 0, 3, 17635.21, 43321846, 245
2240, 89, 4, 173, 25, 0, 5.66%, 0, 0, 3, 19559.77, 43413547, 245
2245, 90, 4, 173, 25, 0, 5.66%, 0, 0, 3, 19033.14, 43511002, 245
2251, 90, 35, 173, 25, 0, 5.66%, 0, 0, 3, 18615.70, 43603346, 245
2256, 90, 21, 173, 25, 0, 5.66%, 0, 0, 3, 20029.23, 43707946, 245
2261, 90, 4, 173, 25, 0, 5.66%, 0, 0, 3, 21417.98, 43810928, 245
2266, 91, 4, 173, 25, 0, 5.66%, 0, 0, 3, 20093.55, 43913980, 245
2271, 91, 4, 173, 25, 0, 5.66%, 0, 0, 3, 20023.22, 44012286, 245
2276, 91, 4, 173, 25, 0, 5.66%, 0, 0, 3, 18996.51, 44109504, 245
2281, 91, 4, 173, 25, 0, 5.66%, 0, 0, 3, 17740.68, 44191406, 245
2287, 91, 132, 173, 25, 0, 5.66%, 0, 0, 3, 17855.97, 44290241, 245
2292, 92, 3, 173, 24, 0, 5.66%, 0, 0, 3, 15754.17, 44369301, 245
2297, 92, 70, 173, 24, 0, 5.66%, 0, 0, 3, 16794.74, 44459139, 245
2302, 92, 19, 173, 24, 0, 5.66%, 0, 0, 3, 20083.96, 44563401, 245
2307, 92, 7, 173, 24, 0, 5.66%, 0, 0, 3, 19283.93, 44666839, 245
2312, 92, 4, 173, 24, 0, 5.66%, 0, 0, 3, 22475.79, 44778931, 245
2318, 93, 21, 173, 24, 0, 5.66%, 0, 0, 3, 18939.11, 44876633, 245
2323, 93, 4, 173, 24, 0, 5.66%, 0, 0, 3, 19258.27, 44975727, 245
2328, 93, 35, 173, 24, 0, 5.66%, 0, 0, 3, 18211.16, 45074748, 245
2333, 93, 4, 173, 24, 0, 5.66%, 0, 0, 3, 21230.89, 45190265, 245
2338, 94, 10, 173, 24, 0, 5.66%, 0, 0, 3, 19595.30, 45294014, 245
2343, 94, 35, 173, 24, 0, 5.66%, 0, 0, 3, 20550.21, 45397637, 245
2349, 94, 35, 173, 24, 0, 5.66%, 0, 0, 3, 18877.26, 45497187, 245
2354, 94, 35, 173, 24, 0, 5.66%, 0, 0, 3, 17922.95, 45587669, 245
2359, 94, 4, 173, 23, 0, 5.66%, 0, 0, 3, 15584.04, 45669321, 245
2364, 95, 4, 173, 23, 0, 5.66%, 0, 0, 3, 19262.95, 45772801, 245
2369, 95, 35, 173, 23, 0, 5.66%, 0, 0, 3, 17172.87, 45860329, 245
2374, 95, 4, 173, 23, 0, 5.66%, 0, 0, 3, 20403.56, 45967653, 245
2379, 95, 4, 173, 23, 0, 5.66%, 0, 0, 3, 17720.13, 46056883, 245
2384, 95, 35, 173, 23, 0, 5.66%, 0, 0, 3, 20020.61, 46159368, 245
2390, 96, 4, 173, 23, 0, 5.66%, 0, 0, 3, 19023.10, 46261791, 245
2395, 96, 161, 173, 23, 0, 5.66%, 0, 0, 3, 6795.20, 46334335, 245
2400, 96, 4, 173, 22, 0, 5.66%, 0, 0, 3, 15892.43, 46425619, 245
2405, 96, 4, 173, 22, 0, 5.66%, 0, 0, 3, 21135.29, 46530177, 245
2410, 96, 60, 173, 22, 0, 5.66%, 0, 0, 3, 19313.38, 46623335, 245
2415, 97, 4, 173, 22, 0, 5.66%, 0, 0, 3, 19641.87, 46722251, 245
2420, 97, 4, 173, 22, 0, 5.66%, 0, 0, 3, 18542.07, 46814665, 245
2425, 97, 4, 173, 22, 0, 5.66%, 0, 0, 3, 19333.87, 46911905, 245
2431, 97, 4, 173, 22, 0, 5.66%, 0, 0, 3, 20896.25, 47017715, 245
2436, 97, 172, 173, 22, 0, 5.66%, 0, 0, 3, 6755.67, 47081747, 245
2441, 98, 4, 173, 21, 0, 5.66%, 0, 0, 3, 15412.44, 47163039, 245
2446, 98, 92, 173, 21, 0, 5.66%, 0, 0, 3, 19823.05, 47270590, 245
2451, 98, 60, 173, 20, 0, 5.66%, 0, 0, 3, 16856.15, 47339683, 245
2456, 98, 35, 173, 19, 0, 5.66%, 0, 0, 3, 17297.45, 47435115, 245
2461, 98, 35, 173, 19, 0, 5.66%, 0, 0, 3, 17818.16, 47525363, 245
2466, 98, 4, 173, 19, 0, 5.66%, 0, 0, 3, 19471.74, 47628731, 245
2471, 99, 35, 173, 19, 0, 5.66%, 0, 0, 3, 17236.28, 47717051, 245
2477, 99, 4, 173, 19, 0, 5.66%, 0, 0, 3, 19291.25, 47817716, 245
2482, 99, 4, 173, 19, 0, 5.66%, 0, 0, 3, 18275.75, 47904208, 245
2487, 99, 4, 173, 19, 0, 5.66%, 0, 0, 3, 18105.98, 48000538, 245
2492, 99, 60, 173, 19, 0, 5.66%, 0, 0, 3, 18409.97, 48093492, 245
2497, 100, 24, 173, 19, 0, 5.66%, 0, 0, 3, 17970.73, 48190890, 245
2502, 100, 4, 173, 19, 0, 5.66%, 0, 0, 3, 17618.30, 48279992, 245
2507, 100, 4, 173, 19, 0, 5.66%, 0, 0, 3, 17092.23, 48370509, 245
2513, 100, 4, 173, 19, 0, 5.66%, 0, 0, 3, 20235.06, 48473846, 245
2518, 101, 4, 173, 19, 0, 5.66%, 0, 0, 3, 18778.86, 48569553, 245
2523, 101, 60, 173, 19, 0, 5.66%, 0, 0, 3, 20017.98, 48672072, 245
2528, 101, 4, 173, 19, 0, 5.66%, 0, 0, 3, 17837.79, 48761676, 245
2533, 101, 4, 173, 19, 0, 5.66%, 0, 0, 3, 16485.85, 48847365, 245
2538, 101, 13, 173, 19, 0, 5.66%, 0, 0, 3, 18165.83, 48946964, 245
2543, 102, 35, 173, 19, 0, 5.66%, 0, 0, 3, 19123.35, 49048052, 245
2548, 102, 55, 173, 19, 0, 5.66%, 0, 0, 3, 17820.28, 49138713, 245
2554, 102, 4, 173, 19, 0, 5.66%, 0, 0, 3, 20550.55, 49249772, 245
2559, 102, 18, 173, 19, 0, 5.66%, 0, 0, 3, 18339.50, 49345943, 245
2564, 102, 3, 173, 19, 0, 5.66%, 0, 0, 3, 19951.76, 49453572, 245
2569, 103, 4, 173, 19, 0, 5.66%, 0, 0, 3, 16176.54, 49531754, 245
2574, 103, 4, 173, 19, 0, 5.66%, 0, 0, 3, 20292.88, 49638912, 245
2579, 103, 35, 173, 19, 0, 5.66%, 0, 0, 3, 18685.51, 49733505, 245
2585, 103, 4, 173, 19, 0, 5.66%, 0, 0, 3, 18656.18, 49830952, 245
2590, 104, 13, 173, 19, 0, 5.66%, 0, 0, 3, 19708.53, 49929013, 245
2595, 104, 107, 173, 19, 0, 5.66%, 0, 0, 3, 21598.72, 50029934, 245
2600, 104, 4, 173, 19, 0, 5.66%, 0, 0, 3, 18732.41, 50122112, 245
2605, 104, 4, 173, 19, 0, 5.66%, 0, 0, 3, 20151.22, 50221063, 245
2610, 104, 4, 173, 19, 0, 5.66%, 0, 0, 3, 18508.46, 50316364, 245
2615, 105, 4, 173, 19, 0, 5.66%, 0, 0, 3, 19630.96, 50419122, 245
2620, 105, 35, 173, 19, 0, 5.66%, 0, 0, 3, 17124.62, 50507205, 245
2626, 105, 4, 173, 19, 0, 5.66%, 0, 0, 3, 19726.07, 50609797, 245
2631, 105, 4, 173, 19, 0, 5.66%, 0, 0, 3, 19611.07, 50704929, 245
2636, 105, 4, 173, 19, 0, 5.66%, 0, 0, 3, 20427.55, 50807990, 245
2641, 106, 35, 173, 19, 0, 5.66%, 0, 0, 3, 18993.64, 50902041, 245
2646, 106, 4, 173, 19, 0, 5.66%, 0, 0, 3, 19073.26, 51001385, 245
2651, 106, 4, 173, 19, 0, 5.66%, 0, 0, 3, 19081.10, 51098537, 245
2656, 106, 10, 173, 18, 0, 5.66%, 0, 0, 3, 17964.27, 51180968, 245
2661, 106, 105, 173, 18, 0, 5.66%, 0, 0, 3, 18789.99, 51277074, 245
2667, 107, 19, 173, 18, 0, 5.66%, 0, 0, 3, 20473.18, 51383240, 245
2672, 107, 105, 173, 18, 0, 5.66%, 0, 0, 3, 19847.00, 51486466, 245
2677, 107, 13, 173, 18, 0, 5.66%, 0, 0, 3, 18354.19, 51582757, 245
2682, 107, 21, 173, 18, 0, 5.66%, 0, 0, 3, 19349.22, 51677200, 245
2687, 108, 4, 173, 18, 0, 5.66%, 0, 0, 3, 19663.88, 51782135, 245
2692, 108, 35, 173, 18, 0, 5.66%, 0, 0, 3, 20237.40, 51888452, 245
2698, 108, 35, 173, 18, 0, 5.66%, 0, 0, 3, 18635.48, 51988034, 245
2703, 108, 35, 173, 18, 0, 5.66%, 0, 0, 3, 18683.99, 52082987, 245
2708, 108, 4, 173, 18, 0, 5.66%, 0, 0, 3, 17298.27, 52175706, 245
2713, 109, 60, 173, 18, 0, 5.66%, 0, 0, 3, 19888.68, 52279810, 245
2718, 109, 60, 173, 18, 0, 5.66%, 0, 0, 3, 17429.75, 52371880, 245
2723, 109, 35, 173, 18, 0, 5.66%, 0, 0, 3, 19965.60, 52473741, 245
2728, 109, 4, 173, 18, 0, 5.66%, 0, 0, 3, 18111.52, 52564767, 245
2733, 110, 106, 173, 17, 0, 5.66%, 0, 0, 3, 21017.71, 52669151, 245
2739, 110, 4, 173, 17, 0, 5.66%, 0, 0, 3, 18201.69, 52764358, 245
2744, 110, 4, 173, 17, 0, 5.66%, 0, 0, 3, 19203.23, 52863888, 245
2749, 110, 4, 173, 17, 0, 5.66%, 0, 0, 3, 17935.80, 52960252, 245
2754, 110, 4, 173, 17, 0, 5.66%, 0, 0, 3, 19597.09, 53063332, 245
2759, 111, 60, 173, 17, 0, 5.66%, 0, 0, 3, 19448.71, 53159255, 245
2764, 111, 35, 173, 17, 0, 5.66%, 0, 0, 3, 21350.89, 53268850, 245
2769, 111, 4, 173, 17, 0, 5.66%, 0, 0, 3, 18883.82, 53361365, 245
2774, 111, 4, 173, 17, 0, 5.66%, 0, 0, 3, 19785.57, 53463485, 245
2780, 111, 10, 173, 17, 0, 5.66%, 0, 0, 3, 18807.72, 53563968, 245
2785, 112, 24, 173, 17, 0, 5.66%, 0, 0, 3, 19368.18, 53664625, 245
2790, 112, 4, 173, 17, 0, 5.66%, 0, 0, 3, 18716.48, 53755158, 245
2795, 112, 96, 173, 17, 0, 5.66%, 0, 0, 3, 16769.18, 53845205, 245
2800, 112, 4, 173, 16, 0, 5.66%, 0, 0, 3, 14448.55, 53912210, 245
2805, 112, 4, 173, 16, 0, 5.66%, 0, 0, 3, 13103.64, 53979468, 245
2810, 112, 4, 173, 16, 0, 5.66%, 0, 0, 3, 10300.67, 54026786, 245
2815, 113, 137, 173, 16, 0, 5.66%, 0, 0, 3, 10023.25, 54081299, 245
2820, 113, 3, 173, 15, 0, 5.66%, 0, 0, 3, 13652.76, 54154705, 245
2826, 113, 4, 173, 15, 0, 5.66%, 0, 0, 3, 17918.38, 54247888, 245
2831, 113, 4, 173, 15, 0, 5.66%, 0, 0, 3, 17822.20, 54338639, 245
2836, 113, 4, 173, 15, 0, 5.66%, 0, 0, 3, 17243.66, 54423425, 245
2841, 113, 35, 173, 15, 0, 5.66%, 0, 0, 3, 16125.07, 54499230, 245
2846, 114, 60, 173, 15, 0, 5.66%, 0, 0, 3, 17114.05, 54589478, 245
2851, 114, 4, 173, 15, 0, 5.66%, 0, 0, 3, 18096.05, 54680822, 245
2856, 114, 19, 173, 15, 0, 5.66%, 0, 0, 3, 16351.56, 54761327, 245
2862, 114, 60, 173, 15, 0, 5.66%, 0, 0, 3, 17876.96, 54852672, 245
2867, 114, 35, 173, 15, 0, 5.66%, 0, 0, 3, 17476.77, 54940982, 245
2872, 115, 4, 173, 15, 0, 5.66%, 0, 0, 3, 19734.65, 55039162, 245
2877, 115, 4, 173, 15, 0, 5.66%, 0, 0, 3, 15067.72, 55120731, 245
2882, 115, 35, 173, 15, 0, 5.66%, 0, 0, 3, 12396.39, 55175713, 245
2887, 115, 4, 173, 15, 0, 5.66%, 0, 0, 3, 15690.42, 55263278, 245
2892, 115, 4, 173, 15, 0, 5.66%, 0, 0, 3, 15719.34, 55348166, 245
2898, 116, 4, 173, 15, 0, 5.66%, 0, 0, 3, 14417.46, 55423675, 245
2903, 116, 3, 173, 15, 0, 5.66%, 0, 0, 3, 12687.91, 55483074, 245
2908, 116, 24, 173, 15, 0, 5.66%, 0, 0, 3, 11603.77, 55547769, 245
2913, 116, 35, 173, 15, 0, 5.66%, 0, 0, 3, 11692.49, 55604552, 245
2918, 116, 10, 173, 15, 0, 5.66%, 0, 0, 3, 11236.10, 55659553, 245
2923, 116, 107, 173, 15, 0, 5.66%, 0, 0, 3, 11652.33, 55721357, 245
2928, 116, 35, 173, 15, 0, 5.66%, 0, 0, 3, 10835.55, 55778840, 245
2933, 116, 4, 173, 15, 0, 5.66%, 0, 0, 3, 12912.13, 55843846, 245
2938, 117, 4, 173, 15, 0, 5.66%, 0, 0, 3, 10790.25, 55898909, 245
2944, 117, 4, 173, 15, 0, 5.66%, 0, 0, 3, 13784.27, 55974039, 245
2949, 117, 4, 173, 15, 0, 5.66%, 0, 0, 3, 13610.02, 56047060, 245
2954, 117, 4, 173, 15, 0, 5.66%, 0, 0, 3, 13947.44, 56121935, 245
2959, 117, 4, 173, 15, 0, 5.66%, 0, 0, 3, 14487.08, 56200833, 245
2964, 117, 35, 173, 15, 0, 5.66%, 0, 0, 3, 14338.58, 56273210, 245
2969, 118, 107, 173, 15, 0, 5.66%, 0, 0, 3, 12755.73, 56339227, 245
2975, 118, 4, 173, 15, 0, 5.66%, 0, 0, 3, 16079.38, 56424196, 245
2980, 118, 60, 173, 15, 0, 5.66%, 0, 0, 3, 14547.95, 56501508, 245
2985, 118, 4, 173, 15, 0, 5.66%, 0, 0, 3, 15373.60, 56580923, 245
2990, 118, 4, 173, 15, 0, 5.66%, 0, 0, 3, 15246.85, 56654584, 245
2995, 118, 35, 173, 15, 0, 5.66%, 0, 0, 3, 15479.11, 56738262, 245
3000, 118, 86, 173, 15, 0, 5.66%, 0, 0, 3, 11418.30, 56790746, 245
3006, 119, 4, 173, 14, 0, 5.66%, 0, 0, 3, 15601.97, 56880677, 245
3011, 119, 4, 173, 14, 0, 5.66%, 0, 0, 3, 14754.33, 56950681, 245
3016, 119, 21, 173, 14, 0, 5.66%, 0, 0, 3, 14144.11, 57019783, 245
3021, 119, 4, 173, 14, 0, 5.66%, 0, 0, 3, 13355.73, 57086319, 245
3026, 119, 35, 173, 14, 0, 5.66%, 0, 0, 3, 14668.49, 57167831, 245
3031, 119, 21, 173, 14, 0, 5.66%, 0, 0, 3, 13934.91, 57237459, 245
3036, 120, 35, 173, 14, 0, 5.66%, 0, 0, 3, 14575.83, 57320700, 245
3041, 120, 4, 173, 14, 0, 5.66%, 0, 0, 3, 15751.50, 57394361, 245
3046, 120, 4, 173, 14, 0, 5.66%, 0, 0, 3, 17606.75, 57483612, 245
3052, 120, 35, 173, 14, 0, 5.66%, 0, 0, 3, 14458.13, 57552653, 245
3057, 120, 4, 173, 14, 0, 5.66%, 0, 0, 3, 14365.51, 57619206, 245
3062, 120, 4, 173, 14, 0, 5.66%, 0, 0, 3, 15139.45, 57693173, 245
3067, 121, 4, 173, 14, 0, 5.66%, 0, 0, 3, 12755.81, 57753920, 245
3072, 121, 4, 173, 14, 0, 5.66%, 0, 0, 3, 13758.50, 57821535, 245
3077, 121, 101, 173, 14, 0, 5.66%, 0, 0, 3, 13660.62, 57890787, 245
3082, 121, 4, 173, 14, 0, 5.66%, 0, 0, 3, 13929.67, 57957389, 245
3087, 121, 35, 173, 14, 0, 5.66%, 0, 0, 3, 12844.71, 58024680, 245
3093, 121, 4, 173, 14, 0, 5.66%, 0, 0, 3, 12938.82, 58091340, 245
3098, 121, 35, 173, 14, 0, 5.66%, 0, 0, 3, 12747.77, 58160523, 245
3103, 122, 106, 173, 14, 0, 5.66%, 0, 0, 3, 13738.43, 58232864, 245
3108, 122, 19, 173, 14, 0, 5.66%, 0, 0, 3, 13344.87, 58302913, 245
3113, 122, 7, 173, 14, 0, 5.66%, 0, 0, 3, 13741.07, 58369514, 245
3118, 122, 7, 173, 14, 0, 5.66%, 0, 0, 3, 11742.46, 58429294, 245
3123, 122, 4, 173, 14, 0, 5.66%, 0, 0, 3, 14016.48, 58506132, 245
3129, 122, 4, 173, 14, 0, 5.66%, 0, 0, 3, 13885.58, 58581298, 245
3134, 122, 4, 173, 14, 0, 5.66%, 0, 0, 3, 12122.81, 58642595, 245
3139, 123, 117, 173, 14, 0, 5.66%, 0, 0, 3, 12615.03, 58715961, 245
3144, 123, 60, 173, 14, 0, 5.66%, 0, 0, 3, 14102.08, 58786872, 245
3149, 123, 35, 173, 14, 0, 5.66%, 0, 0, 3, 13282.62, 58855421, 245
3154, 123, 60, 173, 14, 0, 5.66%, 0, 0, 3, 13611.71, 58925806, 245
3160, 123, 4, 173, 14, 0, 5.66%, 0, 0, 3, 12685.03, 58991368, 245
3165, 123, 4, 173, 14, 0, 5.66%, 0, 0, 3, 14616.34, 59066301, 245
3170, 124, 35, 173, 14, 0, 5.66%, 0, 0, 3, 12776.27, 59126228, 245
3175, 124, 4, 173, 14, 0, 5.66%, 0, 0, 3, 15396.71, 59207242, 245
3180, 124, 35, 173, 14, 0, 5.66%, 0, 0, 3, 13494.06, 59274031, 245
3185, 124, 35, 173, 14, 0, 5.66%, 0, 0, 3, 15131.49, 59356234, 245
3190, 124, 4, 173, 14, 0, 5.66%, 0, 0, 3, 12663.32, 59419843, 245
3195, 124, 3, 173, 14, 0, 5.66%, 0, 0, 3, 13206.83, 59481792, 245
3200, 124, 35, 173, 14, 0, 5.66%, 0, 0, 3, 13944.70, 59550198, 245
3205, 125, 160, 173, 14, 0, 5.66%, 0, 0, 3, 7119.77, 59599098, 245
3211, 125, 4, 173, 13, 0, 5.66%, 0, 0, 3, 14316.66, 59677314, 245
3216, 125, 4, 173, 13, 0, 5.66%, 0, 0, 3, 14001.16, 59746456, 245
3221, 125, 4, 173, 13, 0, 5.66%, 0, 0, 3, 14589.59, 59816089, 245
3226, 125, 35, 173, 13, 0, 5.66%, 0, 0, 3, 14632.56, 59890752, 245
3231, 125, 4, 173, 13, 0, 5.66%, 0, 0, 3, 14123.38, 59957801, 245
3236, 125, 4, 173, 13, 0, 5.66%, 0, 0, 3, 15188.14, 60037238, 245
3241, 126, 60, 173, 13, 0, 5.66%, 0, 0, 3, 12809.97, 60097715, 245
3246, 126, 4, 173, 13, 0, 5.66%, 0, 0, 3, 14794.06, 60174409, 245
3251, 126, 35, 173, 13, 0, 5.66%, 0, 0, 3, 13135.46, 60239237, 245
3257, 126, 4, 173, 13, 0, 5.66%, 0, 0, 3, 14401.83, 60312041, 245
3262, 126, 35, 173, 13, 0, 5.66%, 0, 0, 3, 15685.67, 60390282, 245
3267, 126, 4, 173, 13, 0, 5.66%, 0, 0, 3, 13966.26, 60459937, 245
3272, 127, 4, 173, 13, 0, 5.66%, 0, 0, 3, 13377.74, 60526000, 245
3277, 127, 24, 173, 13, 0, 5.66%, 0, 0, 3, 14257.09, 60600139, 245
3282, 127, 4, 173, 13, 0, 5.66%, 0, 0, 3, 15003.19, 60673457, 245
3287, 127, 4, 173, 13, 0, 5.66%, 0, 0, 3, 13505.18, 60746359, 245
3292, 127, 60, 173, 13, 0, 5.66%, 0, 0, 3, 14446.69, 60813661, 245
3298, 127, 4, 173, 13, 0, 5.66%, 0, 0, 3, 12219.94, 60875234, 245
3303, 127, 4, 173, 13, 0, 5.66%, 0, 0, 3, 12954.90, 60938513, 245
3308, 128, 35, 173, 13, 0, 5.66%, 0, 0, 3, 14645.32, 61018012, 245
3313, 128, 4, 173, 13, 0, 5.66%, 0, 0, 3, 13217.00, 61083743, 245
3318, 128, 35, 173, 13, 0, 5.66%, 0, 0, 3, 11707.08, 61143626, 245
3323, 128, 35, 173, 13, 0, 5.66%, 0, 0, 3, 14134.86, 61218405, 245
3328, 128, 35, 173, 13, 0, 5.66%, 0, 0, 3, 14521.19, 61291124, 245
3334, 128, 4, 173, 13, 0, 5.66%, 0, 0, 3, 16037.73, 61379321, 245
3339, 129, 4, 173, 13, 0, 5.66%, 0, 0, 3, 15125.16, 61456014, 245
3344, 129, 60, 173, 13, 0, 5.66%, 0, 0, 3, 14740.74, 61523606, 245
3349, 129, 21, 173, 13, 0, 5.66%, 0, 0, 3, 13093.49, 61589765, 245
3354, 129, 104, 173, 13, 0, 5.66%, 0, 0, 3, 14834.86, 61668081, 245
3359, 129, 10, 173, 13, 0, 5.66%, 0, 0, 3, 12807.46, 61734542, 245
3364, 129, 4, 173, 13, 0, 5.66%, 0, 0, 3, 14737.36, 61810738, 245
3369, 130, 35, 173, 13, 0, 5.66%, 0, 0, 3, 12783.62, 61877236, 245
3375, 130, 4, 173, 13, 0, 5.66%, 0, 0, 3, 12850.50, 61943130, 245
3380, 130, 104, 173, 13, 0, 5.66%, 0, 0, 3, 13415.34, 62015921, 245
3385, 130, 60, 173, 13, 0, 5.66%, 0, 0, 3, 14633.04, 62091322, 245
3390, 130, 13, 173, 13, 0, 5.66%, 0, 0, 3, 13157.07, 62168654, 245
3395, 130, 35, 173, 13, 0, 5.66%, 0, 0, 3, 15322.85, 62250225, 245
3400, 130, 106, 173, 13, 0, 5.66%, 0, 0, 3, 14264.94, 62320787, 245
3405, 131, 35, 173, 12, 0, 5.66%, 0, 0, 3, 13924.83, 62388488, 245
3411, 131, 107, 173, 12, 0, 5.66%, 0, 0, 3, 13931.52, 62456793, 245
3416, 131, 4, 173, 12, 0, 5.66%, 0, 0, 3, 13614.65, 62524233, 245
3421, 131, 4, 173, 12, 0, 5.66%, 0, 0, 3, 16946.71, 62602204, 245
3426, 131, 4, 173, 12, 0, 5.66%, 0, 0, 3, 15414.89, 62674839, 245
3431, 131, 4, 173, 12, 0, 5.66%, 0, 0, 3, 13881.68, 62743083, 245
3436, 132, 106, 173, 12, 0, 5.66%, 0, 0, 3, 12635.55, 62803796, 245
3441, 132, 4, 173, 12, 0, 5.66%, 0, 0, 3, 12291.41, 62867673, 245
3446, 132, 4, 173, 12, 0, 5.66%, 0, 0, 3, 14159.17, 62943285, 245
3452, 132, 4, 173, 12, 0, 5.66%, 0, 0, 3, 14419.16, 63016444, 245
3457, 132, 13, 173, 12, 0, 5.66%, 0, 0, 3, 14479.40, 63094683, 245
3462, 132, 4, 173, 12, 0, 5.66%, 0, 0, 3, 14088.51, 63163742, 245
3467, 133, 7, 173, 12, 0, 5.66%, 0, 0, 3, 15027.64, 63245089, 245
3472, 133, 4, 173, 12, 0, 5.66%, 0, 0, 3, 13829.42, 63312514, 245
3477, 133, 70, 173, 12, 0, 5.66%, 0, 0, 3, 12990.43, 63378160, 245
3483, 133, 4, 173, 12, 0, 5.66%, 0, 0, 3, 14764.37, 63451506, 245
3488, 133, 7, 173, 12, 0, 5.66%, 0, 0, 3, 14217.97, 63523825, 245
3493, 133, 4, 173, 12, 0, 5.66%, 0, 0, 3, 13149.04, 63589056, 245
3498, 133, 13, 173, 12, 0, 5.66%, 0, 0, 3, 13055.18, 63663875, 245
3503, 134, 4, 173, 12, 0, 5.66%, 0, 0, 3, 14116.78, 63736103, 245
3508, 134, 35, 173, 12, 0, 5.66%, 0, 0, 3, 13807.81, 63806919, 245
3513, 134, 105, 173, 12, 0, 5.66%, 0, 0, 3, 15065.38, 63884753, 245
3518, 134, 4, 173, 12, 0, 5.66%, 0, 0, 3, 12597.63, 63945296, 245
3523, 134, 4, 173, 12, 0, 5.66%, 0, 0, 3, 13292.86, 64016960, 245
3528, 134, 60, 173, 12, 0, 5.66%, 0, 0, 3, 13094.28, 64086771, 245
3534, 135, 4, 173, 12, 0, 5.66%, 0, 0, 3, 13712.21, 64160599, 245
3539, 135, 4, 173, 12, 0, 5.66%, 0, 0, 3, 13968.63, 64235475, 245
3544, 135, 4, 173, 12, 0, 5.66%, 0, 0, 3, 15580.77, 64311854, 245
3549, 135, 4, 173, 12, 0, 5.66%, 0, 0, 3, 13361.51, 64379416, 245
3554, 135, 7, 173, 12, 0, 5.66%, 0, 0, 3, 13888.77, 64448906, 245
3559, 135, 4, 173, 12, 0, 5.66%, 0, 0, 3, 13610.39, 64521897, 245
3564, 135, 4, 173, 12, 0, 5.66%, 0, 0, 3, 12262.09, 64586190, 245
3569, 136, 4, 173, 12, 0, 5.66%, 0, 0, 3, 10275.02, 64641697, 245
3574, 136, 107, 173, 12, 0, 5.66%, 0, 0, 3, 15794.61, 64732055, 245
3579, 136, 4, 173, 12, 0, 5.66%, 0, 0, 3, 13250.97, 64795732, 245
3585, 136, 4, 173, 12, 0, 5.66%, 0, 0, 3, 13776.25, 64868581, 245
3590, 136, 4, 173, 12, 0, 5.66%, 0, 0, 3, 14923.16, 64939966, 245
3595, 136, 142, 173, 12, 0, 5.66%, 0, 0, 3, 12799.10, 65004991, 245
3599, 136, 7, 173, 11, 0, 5.66%, 0, 0, 3, 14368.12, 65062060, 245
