# relative_time, cycles_done, cur_item, corpus_count, pending_total, pending_favs, map_size, saved_crashes, saved_hangs, max_depth, execs_per_sec, total_execs, edges_found
61, 13, 8, 30, 6, 0, 4.88%, 0, 0, 3, 20542.85, 1260035, 206
66, 15, 11, 30, 6, 0, 4.88%, 0, 0, 3, 20385.18, 1363633, 206
71, 16, 8, 30, 5, 0, 4.88%, 0, 0, 3, 20245.87, 1466700, 206
76, 17, 3, 30, 5, 0, 4.88%, 0, 0, 3, 20656.32, 1574045, 206
82, 18, 28, 30, 5, 0, 4.88%, 0, 0, 3, 20607.60, 1678994, 206
87, 20, 7, 30, 5, 0, 4.88%, 0, 0, 3, 19883.55, 1783818, 206
92, 21, 26, 30, 5, 0, 4.88%, 0, 0, 3, 20397.49, 1887254, 206
97, 22, 12, 30, 5, 0, 4.88%, 0, 0, 3, 20499.28, 1994168, 206
102, 23, 7, 30, 5, 0, 4.88%, 0, 0, 3, 20669.34, 2096633, 206
107, 24, 8, 30, 5, 0, 4.88%, 0, 0, 3, 19953.69, 2200899, 206
112, 26, 8, 30, 5, 0, 4.88%, 0, 0, 3, 20495.43, 2305603, 206
118, 27, 8, 30, 5, 0, 4.88%, 0, 0, 3, 19979.44, 2410384, 206
123, 28, 12, 30, 5, 0, 4.88%, 0, 0, 3, 20645.23, 2517657, 206
128, 29, 8, 30, 5, 0, 4.88%, 0, 0, 3, 20181.71, 2623369, 206
133, 31, 8, 30, 5, 0, 4.88%, 0, 0, 3, 20722.59, 2730246, 206
138, 32, 12, 30, 5, 0, 4.88%, 0, 0, 3, 20091.67, 2832351, 206
143, 33, 8, 30, 5, 0, 4.88%, 0, 0, 3, 20551.39, 2938660, 206
148, 34, 8, 30, 5, 0, 4.88%, 0, 0, 3, 19606.41, 3036323, 206
154, 35, 8, 30, 4, 0, 4.88%, 0, 0, 3, 20604.07, 3143784, 206
159, 37, 8, 30, 3, 0, 4.88%, 0, 0, 3, 20107.56, 3248129, 206
164, 38, 8, 30, 2, 0, 4.88%, 0, 0, 3, 20855.49, 3356538, 206
169, 39, 22, 30, 2, 0, 4.88%, 0, 0, 3, 20016.29, 3459041, 206
174, 41, 21, 30, 2, 0, 4.88%, 0, 0, 3, 20418.43, 3566138, 206
179, 42, 7, 30, 2, 0, 4.88%, 0, 0, 3, 20134.85, 3670482, 206
185, 43, 8, 30, 2, 0, 4.88%, 0, 0, 3, 20554.20, 3777309, 206
190, 44, 8, 30, 2, 0, 4.88%, 0, 0, 3, 20012.62, 3879521, 206
195, 45, 27, 30, 2, 0, 4.88%, 0, 0, 3, 20500.80, 3982850, 206
200, 47, 8, 30, 2, 0, 4.88%, 0, 0, 3, 20180.57, 4086109, 206
205, 48, 10, 30, 2, 0, 4.88%, 0, 0, 3, 20571.07, 4194205, 206
210, 49, 8, 30, 1, 0, 4.88%, 0, 0, 3, 19893.46, 4294202, 206
216, 50, 21, 30, 1, 0, 4.88%, 0, 0, 3, 20718.54, 4401726, 206
221, 51, 8, 30, 1, 0, 4.88%, 0, 0, 3, 20349.51, 4504306, 206
226, 53, 24, 30, 1, 0, 4.88%, 0, 0, 3, 20699.22, 4612072, 206
231, 54, 27, 30, 1, 0, 4.88%, 0, 0, 3, 20478.21, 4715965, 206
236, 55, 8, 30, 1, 0, 4.88%, 0, 0, 3, 20262.54, 4821973, 206
241, 56, 8, 30, 1, 0, 4.88%, 0, 0, 3, 20216.24, 4924153, 206
246, 58, 8, 30, 1, 0, 4.88%, 0, 0, 3, 19471.27, 5022886, 206
251, 59, 8, 30, 1, 0, 4.88%, 0, 0, 3, 20121.24, 5123024, 206
257, 60, 21, 30, 1, 0, 4.88%, 0, 0, 3, 20183.66, 5229261, 206
262, 61, 8, 30, 1, 0, 4.88%, 0, 0, 3, 20428.45, 5334635, 206
267, 62, 8, 30, 1, 0, 4.88%, 0, 0, 3, 19631.06, 5437079, 206
272, 64, 8, 30, 1, 0, 4.88%, 0, 0, 3, 20053.20, 5540058, 206
277, 65, 4, 30, 1, 0, 4.88%, 0, 0, 3, 20194.13, 5645748, 206
282, 66, 8, 30, 1, 0, 4.88%, 0, 0, 3, 20197.60, 5749280, 206
287, 67, 8, 30, 1, 0, 4.88%, 0, 0, 3, 19844.01, 5849785, 206
293, 68, 8, 30, 1, 0, 4.88%, 0, 0, 3, 20322.90, 5954525, 206
298, 70, 16, 30, 1, 0, 4.88%, 0, 0, 3, 20234.58, 6059398, 206
303, 71, 19, 30, 1, 0, 4.88%, 0, 0, 3, 20561.04, 6166179, 206
308, 72, 9, 30, 1, 0, 4.88%, 0, 0, 3, 19708.72, 6265240, 206
313, 73, 8, 30, 1, 0, 4.88%, 0, 0, 3, 20734.95, 6373114, 206
318, 74, 8, 30, 1, 0, 4.88%, 0, 0, 3, 20413.23, 6477587, 206
323, 76, 20, 30, 1, 0, 4.88%, 0, 0, 3, 20851.76, 6584908, 206
329, 77, 21, 30, 1, 0, 4.88%, 0, 0, 3, 19377.62, 6684715, 206
334, 78, 26, 30, 1, 0, 4.88%, 0, 0, 3, 20520.52, 6791636, 206
339, 79, 8, 30, 1, 0, 4.88%, 0, 0, 3, 20101.51, 6895571, 206
344, 81, 8, 30, 1, 0, 4.88%, 0, 0, 3, 20718.80, 7004184, 206
349, 82, 8, 30, 1, 0, 4.88%, 0, 0, 3, 20235.46, 7107403, 206
355, 83, 8, 30, 1, 0, 4.88%, 0, 0, 3, 20758.36, 7215743, 206
360, 84, 3, 30, 1, 0, 4.88%, 0, 0, 3, 20299.73, 7318855, 206
365, 85, 8, 30, 1, 0, 4.88%, 0, 0, 3, 20754.54, 7426785, 206
370, 87, 8, 30, 1, 0, 4.88%, 0, 0, 3, 20397.04, 7531770, 206
375, 88, 7, 30, 1, 0, 4.88%, 0, 0, 3, 20685.41, 7638392, 206
380, 89, 20, 30, 1, 0, 4.88%, 0, 0, 3, 20530.26, 7744200, 206
386, 90, 17, 30, 1, 0, 4.88%, 0, 0, 3, 20418.37, 7849752, 206
391, 92, 14, 30, 1, 0, 4.88%, 0, 0, 3, 20184.31, 7954201, 206
396, 93, 8, 30, 1, 0, 4.88%, 0, 0, 3, 20303.90, 8059763, 206
401, 94, 8, 30, 1, 0, 4.88%, 0, 0, 3, 20415.61, 8164356, 206
406, 95, 8, 30, 1, 0, 4.88%, 0, 0, 3, 20498.38, 8271308, 206
411, 96, 21, 30, 1, 0, 4.88%, 0, 0, 3, 20424.73, 8373305, 206
416, 98, 10, 30, 1, 0, 4.88%, 0, 0, 3, 20415.55, 8478977, 206
422, 99, 8, 30, 1, 0, 4.88%, 0, 0, 3, 20513.69, 8584931, 206
427, 100, 8, 30, 1, 0, 4.88%, 0, 0, 3, 20208.04, 8690423, 206
432, 101, 22, 30, 1, 0, 4.88%, 0, 0, 3, 19963.01, 8790682, 206
437, 102, 19, 30, 1, 0, 4.88%, 0, 0, 3, 20195.57, 8895855, 206
442, 104, 8, 30, 1, 0, 4.88%, 0, 0, 3, 20548.58, 9000017, 206
447, 105, 8, 30, 1, 0, 4.88%, 0, 0, 3, 19530.13, 9102565, 206
453, 106, 22, 30, 1, 0, 4.88%, 0, 0, 3, 20459.27, 9208428, 206
458, 107, 8, 30, 1, 0, 4.88%, 0, 0, 3, 20354.88, 9313014, 206
463, 109, 8, 30, 1, 0, 4.88%, 0, 0, 3, 20519.62, 9419162, 206
468, 110, 8, 30, 1, 0, 4.88%, 0, 0, 3, 20213.62, 9520453, 206
473, 111, 8, 30, 1, 0, 4.88%, 0, 0, 3, 20482.63, 9625461, 206
478, 112, 8, 30, 1, 0, 4.88%, 0, 0, 3, 19736.65, 9725510, 206
483, 113, 8, 30, 1, 0, 4.88%, 0, 0, 3, 20447.39, 9831604, 206
488, 115, 4, 30, 1, 0, 4.88%, 0, 0, 3, 20064.97, 9935280, 206
494, 116, 8, 30, 1, 0, 4.88%, 0, 0, 3, 20762.58, 10043759, 206
499, 117, 8, 30, 1, 0, 4.88%, 0, 0, 3, 20146.18, 10148134, 206
504, 118, 20, 30, 1, 0, 4.88%, 0, 0, 3, 20684.21, 10255925, 206
509, 120, 8, 30, 1, 0, 4.88%, 0, 0, 3, 20050.29, 10358676, 206
514, 121, 3, 30, 1, 0, 4.88%, 0, 0, 3, 20624.36, 10465392, 206
519, 122, 8, 30, 1, 0, 4.88%, 0, 0, 3, 20214.52, 10569735, 206
524, 123, 8, 30, 1, 0, 4.88%, 0, 0, 3, 20834.56, 10674165, 206
530, 125, 8, 30, 1, 0, 4.88%, 0, 0, 3, 20003.34, 10776097, 206
535, 126, 8, 30, 1, 0, 4.88%, 0, 0, 3, 20555.54, 10883254, 206
540, 127, 27, 30, 1, 0, 4.88%, 0, 0, 3, 20012.11, 10985678, 206
545, 128, 20, 30, 1, 0, 4.88%, 0, 0, 3, 20031.78, 11086956, 206
550, 129, 10, 30, 1, 0, 4.88%, 0, 0, 3, 20211.01, 11190070, 206
555, 131, 8, 30, 1, 0, 4.88%, 0, 0, 3, 20850.36, 11298270, 206
560, 132, 8, 30, 1, 0, 4.88%, 0, 0, 3, 20207.64, 11398389, 206
565, 133, 27, 30, 1, 0, 4.88%, 0, 0, 3, 20161.52, 11500431, 206
570, 134, 8, 30, 1, 0, 4.88%, 0, 0, 3, 19876.11, 11598072, 206
575, 135, 8, 30, 1, 0, 4.88%, 0, 0, 3, 20523.39, 11704147, 206
581, 137, 8, 30, 1, 0, 4.88%, 0, 0, 3, 20273.81, 11807815, 206
586, 138, 8, 30, 1, 0, 4.88%, 0, 0, 3, 20333.77, 11913649, 206
591, 139, 8, 30, 1, 0, 4.88%, 0, 0, 3, 20519.62, 12020177, 206
596, 140, 8, 30, 1, 0, 4.88%, 0, 0, 3, 20300.13, 12127014, 206
601, 141, 27, 30, 1, 0, 4.88%, 0, 0, 3, 20470.67, 12231838, 206
607, 143, 21, 30, 1, 0, 4.88%, 0, 0, 3, 20124.79, 12336616, 206
612, 144, 17, 30, 1, 0, 4.88%, 0, 0, 3, 20344.33, 12441678, 206
617, 145, 8, 30, 1, 0, 4.88%, 0, 0, 3, 19963.23, 12546505, 206
622, 146, 7, 30, 1, 0, 4.88%, 0, 0, 3, 20419.92, 12651206, 206
627, 147, 8, 30, 1, 0, 4.88%, 0, 0, 3, 20078.59, 12755689, 206
632, 149, 8, 30, 1, 0, 4.88%, 0, 0, 3, 20611.43, 12861385, 206
638, 150, 2, 30, 1, 0, 4.88%, 0, 0, 3, 20054.86, 12965365, 206
643, 151, 8, 30, 1, 0, 4.88%, 0, 0, 3, 20411.96, 13070272, 206
648, 152, 14, 30, 1, 0, 4.88%, 0, 0, 3, 20245.43, 13172757, 206
653, 154, 25, 30, 1, 0, 4.88%, 0, 0, 3, 20744.03, 13276690, 206
658, 155, 8, 30, 1, 0, 4.88%, 0, 0, 3, 20373.72, 13382048, 206
663, 156, 4, 30, 1, 0, 4.88%, 0, 0, 3, 20573.15, 13484789, 206
668, 157, 14, 30, 1, 0, 4.88%, 0, 0, 3, 20309.64, 13590320, 206
673, 158, 27, 30, 1, 0, 4.88%, 0, 0, 3, 20328.14, 13696137, 206
678, 160, 8, 30, 1, 0, 4.88%, 0, 0, 3, 20003.87, 13796256, 206
683, 161, 22, 30, 1, 0, 4.88%, 0, 0, 3, 20614.38, 13902779, 206
689, 162, 21, 30, 1, 0, 4.88%, 0, 0, 3, 19617.06, 14003470, 206
694, 163, 8, 30, 1, 0, 4.88%, 0, 0, 3, 20398.80, 14108829, 206
699, 165, 12, 30, 1, 0, 4.88%, 0, 0, 3, 20048.52, 14212795, 206
704, 166, 27, 30, 1, 0, 4.88%, 0, 0, 3, 20404.65, 14319719, 206
709, 167, 8, 30, 1, 0, 4.88%, 0, 0, 3, 19775.96, 14418991, 206
714, 168, 8, 30, 1, 0, 4.88%, 0, 0, 3, 20606.31, 14526622, 206
719, 169, 26, 30, 1, 0, 4.88%, 0, 0, 3, 20088.82, 14626268, 206
725, 171, 7, 30, 1, 0, 4.88%, 0, 0, 3, 20785.13, 14733830, 206
730, 172, 8, 30, 1, 0, 4.88%, 0, 0, 3, 20146.51, 14835979, 206
735, 173, 8, 30, 1, 0, 4.88%, 0, 0, 3, 20755.43, 14944147, 206
740, 174, 27, 30, 1, 0, 4.88%, 0, 0, 3, 20289.45, 15047422, 206
745, 176, 27, 30, 1, 0, 4.88%, 0, 0, 3, 20148.37, 15153337, 206
751, 177, 2, 30, 1, 0, 4.88%, 0, 0, 3, 19747.62, 15252287, 206
756, 178, 3, 30, 1, 0, 4.88%, 0, 0, 3, 20773.69, 15357311, 206
761, 179, 26, 30, 1, 0, 4.88%, 0, 0, 3, 20308.91, 15460677, 206
766, 180, 8, 30, 1, 0, 4.88%, 0, 0, 3, 20362.79, 15566482, 206
771, 181, 8, 30, 1, 0, 4.88%, 0, 0, 3, 20339.96, 15666847, 206
776, 183, 8, 30, 1, 0, 4.88%, 0, 0, 3, 20478.60, 15774138, 206
781, 184, 8, 30, 1, 0, 4.88%, 0, 0, 3, 20127.52, 15876766, 206
786, 185, 10, 30, 1, 0, 4.88%, 0, 0, 3, 19480.74, 15979376, 206
792, 186, 8, 30, 1, 0, 4.88%, 0, 0, 3, 20222.48, 16082189, 206
797, 187, 26, 30, 0, 0, 4.88%, 0, 0, 3, 20248.28, 16189095, 206
802, 189, 8, 30, 0, 0, 4.88%, 0, 0, 3, 20434.02, 16295134, 206
807, 190, 8, 30, 0, 0, 4.88%, 0, 0, 3, 19683.06, 16397461, 206
812, 191, 4, 30, 0, 0, 4.88%, 0, 0, 3, 20226.88, 16502330, 206
817, 192, 17, 30, 0, 0, 4.88%, 0, 0, 3, 19948.17, 16603982, 206
822, 193, 26, 30, 0, 0, 4.88%, 0, 0, 3, 20458.21, 16708699, 206
828, 195, 22, 30, 0, 0, 4.88%, 0, 0, 3, 19810.18, 16810495, 206
833, 196, 8, 30, 0, 0, 4.88%, 0, 0, 3, 20667.05, 16916675, 206
838, 197, 22, 30, 0, 0, 4.88%, 0, 0, 3, 19940.02, 17020250, 206
843, 198, 10, 30, 0, 0, 4.88%, 0, 0, 3, 20559.28, 17122876, 206
848, 199, 8, 30, 0, 0, 4.88%, 0, 0, 3, 19380.00, 17222596, 206
853, 201, 4, 30, 0, 0, 4.88%, 0, 0, 3, 20370.33, 17329463, 206
858, 202, 17, 30, 0, 0, 4.88%, 0, 0, 3, 19502.05, 17431062, 206
863, 203, 8, 30, 0, 0, 4.88%, 0, 0, 3, 20597.84, 17535542, 206
868, 204, 27, 30, 0, 0, 4.88%, 0, 0, 3, 19581.91, 17632603, 206
874, 205, 27, 30, 0, 0, 4.88%, 0, 0, 3, 20571.22, 17739193, 206
879, 206, 3, 30, 0, 0, 4.88%, 0, 0, 3, 19612.01, 17840277, 206
884, 208, 16, 30, 0, 0, 4.88%, 0, 0, 3, 20654.99, 17948287, 206
889, 209, 8, 30, 0, 0, 4.88%, 0, 0, 3, 19728.32, 18050408, 206
894, 210, 8, 30, 0, 0, 4.88%, 0, 0, 3, 20515.19, 18156702, 206
899, 211, 8, 30, 0, 0, 4.88%, 0, 0, 3, 19997.35, 18259779, 206
905, 212, 8, 30, 0, 0, 4.88%, 0, 0, 3, 20600.88, 18367022, 206
910, 214, 14, 30, 0, 0, 4.88%, 0, 0, 3, 20028.81, 18469312, 206
915, 215, 9, 30, 0, 0, 4.88%, 0, 0, 3, 20662.42, 18576157, 206
920, 216, 8, 30, 0, 0, 4.88%, 0, 0, 3, 20120.58, 18677285, 206
925, 217, 22, 30, 0, 0, 4.88%, 0, 0, 3, 20723.19, 18786115, 206
930, 218, 8, 30, 0, 0, 4.88%, 0, 0, 3, 20226.30, 18888878, 206
935, 220, 22, 30, 0, 0, 4.88%, 0, 0, 3, 20824.55, 18995189, 206
941, 221, 26, 30, 0, 0, 4.88%, 0, 0, 3, 20558.17, 19099876, 206
946, 222, 27, 30, 0, 0, 4.88%, 0, 0, 3, 20379.11, 19205326, 206
951, 223, 8, 30, 0, 0, 4.88%, 0, 0, 3, 20018.77, 19307082, 206
956, 225, 26, 30, 0, 0, 4.88%, 0, 0, 3, 20187.20, 19411179, 206
961, 226, 17, 30, 0, 0, 4.88%, 0, 0, 3, 20322.75, 19516140, 206
966, 227, 10, 30, 0, 0, 4.88%, 0, 0, 3, 19516.98, 19615214, 206
972, 228, 8, 30, 0, 0, 4.88%, 0, 0, 3, 20136.23, 19718080, 206
977, 229, 7, 30, 0, 0, 4.88%, 0, 0, 3, 20065.43, 19822978, 206
982, 231, 4, 30, 0, 0, 4.88%, 0, 0, 3, 20112.36, 19925946, 206
987, 232, 12, 30, 0, 0, 4.88%, 0, 0, 3, 19458.35, 20027205, 206
992, 233, 20, 30, 0, 0, 4.88%, 0, 0, 3, 20549.86, 20134739, 206
997, 234, 14, 30, 0, 0, 4.88%, 0, 0, 3, 19989.58, 20238903, 206
1002, 235, 12, 30, 0, 0, 4.88%, 0, 0, 3, 20459.86, 20343713, 206
1007, 237, 10, 30, 0, 0, 4.88%, 0, 0, 3, 20293.59, 20445451, 206
1013, 238, 8, 30, 0, 0, 4.88%, 0, 0, 3, 20542.00, 20551288, 206
1018, 239, 8, 30, 0, 0, 4.88%, 0, 0, 3, 19953.86, 20652278, 206
1023, 240, 27, 30, 0, 0, 4.88%, 0, 0, 3, 20507.13, 20758291, 206
1028, 241, 8, 30, 0, 0, 4.88%, 0, 0, 3, 19978.95, 20862712, 206
1033, 243, 21, 30, 0, 0, 4.88%, 0, 0, 3, 20660.35, 20970622, 206
1038, 244, 8, 30, 0, 0, 4.88%, 0, 0, 3, 20199.98, 21071849, 206
1043, 245, 8, 30, 0, 0, 4.88%, 0, 0, 3, 20496.99, 21177804, 206
1049, 246, 17, 30, 0, 0, 4.88%, 0, 0, 3, 19191.82, 21276824, 206
1054, 248, 8, 30, 0, 0, 4.88%, 0, 0, 3, 20597.24, 21383804, 206
1059, 249, 8, 30, 0, 0, 4.88%, 0, 0, 3, 19554.66, 21485650, 206
1064, 250, 8, 30, 0, 0, 4.88%, 0, 0, 3, 20515.21, 21591952, 206
1069, 251, 8, 30, 0, 0, 4.88%, 0, 0, 3, 19522.86, 21689828, 206
1074, 252, 8, 30, 0, 0, 4.88%, 0, 0, 3, 20578.58, 21797209, 206
1079, 254, 8, 30, 0, 0, 4.88%, 0, 0, 3, 19762.53, 21897981, 206
1085, 255, 8, 30, 0, 0, 4.88%, 0, 0, 3, 20578.09, 22004029, 206
1090, 256, 28, 30, 0, 0, 4.88%, 0, 0, 3, 20240.27, 22108080, 206
1095, 257, 8, 30, 0, 0, 4.88%, 0, 0, 3, 20615.10, 22215295, 206
1100, 259, 20, 30, 0, 0, 4.88%, 0, 0, 3, 20136.87, 22317186, 206
1105, 260, 20, 30, 0, 0, 4.88%, 0, 0, 3, 20210.81, 22422449, 206
1110, 261, 26, 30, 0, 0, 4.88%, 0, 0, 3, 20170.71, 22525317, 206
1116, 262, 8, 30, 0, 0, 4.88%, 0, 0, 3, 20447.83, 22632483, 206
1121, 263, 8, 30, 0, 0, 4.88%, 0, 0, 3, 19900.83, 22731790, 206
1126, 264, 27, 30, 0, 0, 4.88%, 0, 0, 3, 20625.85, 22836775, 206
1131, 266, 8, 30, 0, 0, 4.88%, 0, 0, 3, 20366.43, 22937115, 206
1136, 267, 8, 30, 0, 0, 4.88%, 0, 0, 3, 20034.16, 23042108, 206
1141, 268, 8, 30, 0, 0, 4.88%, 0, 0, 3, 20181.12, 23143282, 206
1146, 269, 8, 30, 0, 0, 4.88%, 0, 0, 3, 19376.54, 23245408, 206
1151, 270, 8, 30, 0, 0, 4.88%, 0, 0, 3, 20040.13, 23348099, 206
1156, 272, 26, 30, 0, 0, 4.88%, 0, 0, 3, 20024.31, 23453466, 206
1162, 273, 8, 30, 0, 0, 4.88%, 0, 0, 3, 20406.07, 23557693, 206
1167, 274, 21, 30, 0, 0, 4.88%, 0, 0, 3, 19511.24, 23660313, 206
1172, 275, 27, 30, 0, 0, 4.88%, 0, 0, 3, 20022.53, 23759714, 206
1177, 276, 27, 30, 0, 0, 4.88%, 0, 0, 3, 19977.69, 23864835, 206
1182, 278, 27, 30, 0, 0, 4.88%, 0, 0, 3, 20444.19, 23969251, 206
1187, 279, 8, 30, 0, 0, 4.88%, 0, 0, 3, 20225.07, 24074453, 206
1193, 280, 8, 30, 0, 0, 4.88%, 0, 0, 3, 20528.38, 24179914, 206
1198, 281, 9, 30, 0, 0, 4.88%, 0, 0, 3, 19816.46, 24283888, 206
1203, 283, 19, 30, 0, 0, 4.88%, 0, 0, 3, 20307.71, 24385006, 206
1208, 284, 27, 30, 0, 0, 4.88%, 0, 0, 3, 19659.67, 24487847, 206
1213, 285, 8, 30, 0, 0, 4.88%, 0, 0, 3, 20459.39, 24593647, 206
1218, 286, 24, 30, 0, 0, 4.88%, 0, 0, 3, 19956.93, 24697045, 206
1223, 287, 8, 30, 0, 0, 4.88%, 0, 0, 3, 20533.27, 24799042, 206
1228, 288, 8, 30, 0, 0, 4.88%, 0, 0, 3, 19483.81, 24898999, 206
1234, 290, 2, 30, 0, 0, 4.88%, 0, 0, 3, 20393.45, 25006263, 206
1239, 291, 4, 30, 0, 0, 4.88%, 0, 0, 3, 19796.60, 25106173, 206
1244, 292, 8, 30, 0, 0, 4.88%, 0, 0, 3, 20414.22, 25209403, 206
1249, 293, 27, 30, 0, 0, 4.88%, 0, 0, 3, 20288.17, 25314796, 206
1254, 294, 8, 30, 0, 0, 4.88%, 0, 0, 3, 20346.74, 25420675, 206
1259, 296, 24, 30, 0, 0, 4.88%, 0, 0, 3, 19616.00, 25522612, 206
1264, 297, 22, 30, 0, 0, 4.88%, 0, 0, 3, 20344.33, 25628531, 206
1269, 298, 8, 30, 0, 0, 4.88%, 0, 0, 3, 19827.77, 25726665, 206
1275, 299, 8, 30, 0, 0, 4.88%, 0, 0, 3, 20674.15, 25834358, 206
1280, 300, 8, 30, 0, 0, 4.88%, 0, 0, 3, 19572.66, 25933307, 206
1285, 302, 27, 30, 0, 0, 4.88%, 0, 0, 3, 20283.58, 26036788, 206
1290, 303, 21, 30, 0, 0, 4.88%, 0, 0, 3, 19856.76, 26134144, 206
1295, 304, 22, 30, 0, 0, 4.88%, 0, 0, 3, 20590.37, 26241154, 206
1300, 305, 8, 30, 0, 0, 4.88%, 0, 0, 3, 20255.59, 26344538, 206
1305, 306, 8, 30, 0, 0, 4.88%, 0, 0, 3, 20676.32, 26451764, 206
1310, 308, 24, 30, 0, 0, 4.88%, 0, 0, 3, 20143.37, 26554379, 206
1316, 309, 27, 30, 0, 0, 4.88%, 0, 0, 3, 20537.95, 26661581, 206
1321, 310, 27, 30, 0, 0, 4.88%, 0, 0, 3, 20451.32, 26762892, 206
1326, 311, 3, 30, 0, 0, 4.88%, 0, 0, 3, 20265.66, 26866941, 206
1331, 313, 19, 30, 0, 0, 4.88%, 0, 0, 3, 20299.55, 26971303, 206
1336, 314, 14, 30, 0, 0, 4.88%, 0, 0, 3, 20453.44, 27074525, 206
1341, 315, 8, 30, 0, 0, 4.88%, 0, 0, 3, 20300.17, 27179581, 206
1346, 316, 27, 30, 0, 0, 4.88%, 0, 0, 3, 19796.04, 27283848, 206
1352, 317, 19, 30, 0, 0, 4.88%, 0, 0, 3, 20065.76, 27386777, 206
1357, 319, 8, 30, 0, 0, 4.88%, 0, 0, 3, 20022.45, 27491894, 206
1362, 320, 8, 30, 0, 0, 4.88%, 0, 0, 3, 20330.75, 27595501, 206
1367, 321, 8, 30, 0, 0, 4.88%, 0, 0, 3, 20275.03, 27700809, 206
1372, 322, 27, 30, 0, 0, 4.88%, 0, 0, 3, 20323.80, 27805777, 206
1377, 324, 22, 30, 0, 0, 4.88%, 0, 0, 3, 20194.89, 27910840, 206
1383, 325, 8, 30, 0, 0, 4.88%, 0, 0, 3, 20262.54, 28015866, 206
1388, 326, 3, 30, 0, 0, 4.88%, 0, 0, 3, 19603.11, 28118468, 206
1393, 327, 8, 30, 0, 0, 4.88%, 0, 0, 3, 20279.02, 28223450, 206
1398, 328, 8, 30, 0, 0, 4.88%, 0, 0, 3, 20431.22, 28330444, 206
1403, 330, 9, 30, 0, 0, 4.88%, 0, 0, 3, 20539.09, 28435446, 206
1408, 331, 27, 30, 0, 0, 4.88%, 0, 0, 3, 19820.67, 28537300, 206
1414, 332, 26, 30, 0, 0, 4.88%, 0, 0, 3, 20233.99, 28642962, 206
1419, 333, 8, 30, 0, 0, 4.88%, 0, 0, 3, 20152.70, 28746667, 206
1424, 334, 22, 30, 0, 0, 4.88%, 0, 0, 3, 20467.82, 28853885, 206
1429, 336, 8, 30, 0, 0, 4.88%, 0, 0, 3, 19921.39, 28956031, 206
1434, 337, 8, 30, 0, 0, 4.88%, 0, 0, 3, 20765.00, 29064222, 206
1439, 338, 8, 30, 0, 0, 4.88%, 0, 0, 3, 19998.41, 29166803, 206
1444, 339, 27, 30, 0, 0, 4.88%, 0, 0, 3, 20329.14, 29273306, 206
1450, 340, 8, 30, 0, 0, 4.88%, 0, 0, 3, 20215.11, 29377675, 206
1455, 342, 8, 30, 0, 0, 4.88%, 0, 0, 3, 20893.75, 29487156, 206
1460, 343, 8, 30, 0, 0, 4.88%, 0, 0, 3, 20458.29, 29592069, 206
1465, 344, 7, 30, 0, 0, 4.88%, 0, 0, 3, 20759.95, 29700871, 206
1470, 345, 8, 30, 0, 0, 4.88%, 0, 0, 3, 20232.74, 29802982, 206
1476, 347, 8, 30, 0, 0, 4.88%, 0, 0, 3, 20646.82, 29910175, 206
1481, 348, 17, 30, 0, 0, 4.88%, 0, 0, 3, 20241.59, 30009417, 206
1486, 349, 8, 30, 0, 0, 4.88%, 0, 0, 3, 20723.28, 30116269, 206
1491, 350, 20, 30, 0, 0, 4.88%, 0, 0, 3, 20194.55, 30216320, 206
1496, 351, 8, 30, 0, 0, 4.88%, 0, 0, 3, 20508.58, 30323935, 206
1501, 353, 8, 30, 0, 0, 4.88%, 0, 0, 3, 20330.21, 30427952, 206
1506, 354, 8, 30, 0, 0, 4.88%, 0, 0, 3, 19910.77, 30532311, 206
1511, 355, 7, 30, 0, 0, 4.88%, 0, 0, 3, 20216.61, 30633564, 206
1516, 356, 7, 30, 0, 0, 4.88%, 0, 0, 3, 20690.44, 30742597, 206
1522, 358, 8, 30, 0, 0, 4.88%, 0, 0, 3, 21045.79, 30850123, 206
1527, 359, 21, 30, 0, 0, 4.88%, 0, 0, 3, 20038.14, 30955137, 206
1532, 360, 8, 30, 0, 0, 4.88%, 0, 0, 3, 20356.69, 31056846, 206
1537, 361, 9, 30, 0, 0, 4.88%, 0, 0, 3, 20509.61, 31160593, 206
1542, 362, 9, 30, 0, 0, 4.88%, 0, 0, 3, 20734.54, 31267660, 206
1547, 364, 8, 30, 0, 0, 4.88%, 0, 0, 3, 20016.93, 31369095, 206
1552, 365, 17, 30, 0, 0, 4.88%, 0, 0, 3, 20673.55, 31475640, 206
1557, 366, 8, 30, 0, 0, 4.88%, 0, 0, 3, 19803.35, 31579269, 206
1563, 367, 8, 30, 0, 0, 4.88%, 0, 0, 3, 20617.85, 31686538, 206
1568, 368, 8, 30, 0, 0, 4.88%, 0, 0, 3, 20138.04, 31791727, 206
1573, 370, 8, 30, 0, 0, 4.88%, 0, 0, 3, 20937.09, 31900089, 206
1578, 371, 8, 30, 0, 0, 4.88%, 0, 0, 3, 20548.52, 32006369, 206
1583, 372, 12, 30, 0, 0, 4.88%, 0, 0, 3, 21055.01, 32112236, 206
1588, 373, 19, 30, 0, 0, 4.88%, 0, 0, 3, 19657.90, 32213694, 206
1593, 374, 20, 30, 0, 0, 4.88%, 0, 0, 3, 20426.21, 32320993, 206
1599, 376, 8, 30, 0, 0, 4.88%, 0, 0, 3, 20128.49, 32425839, 206
1604, 377, 25, 30, 0, 0, 4.88%, 0, 0, 3, 20911.26, 32534471, 206
1609, 378, 24, 30, 0, 0, 4.88%, 0, 0, 3, 20027.23, 32638157, 206
1614, 380, 9, 30, 0, 0, 4.88%, 0, 0, 3, 20960.43, 32747833, 206
1619, 381, 8, 30, 0, 0, 4.88%, 0, 0, 3, 20299.39, 32848295, 206
1624, 382, 7, 30, 0, 0, 4.88%, 0, 0, 3, 20833.00, 32956557, 206
1630, 383, 8, 30, 0, 0, 4.88%, 0, 0, 3, 19845.84, 33058468, 206
1635, 384, 4, 30, 0, 0, 4.88%, 0, 0, 3, 20841.73, 33166799, 206
1640, 386, 27, 30, 0, 0, 4.88%, 0, 0, 3, 20217.65, 33268043, 206
1645, 387, 8, 30, 0, 0, 4.88%, 0, 0, 3, 20494.64, 33375016, 206
1650, 388, 27, 30, 0, 0, 4.88%, 0, 0, 3, 19990.94, 33475574, 206
1655, 389, 24, 30, 0, 0, 4.88%, 0, 0, 3, 20830.48, 33583849, 206
1660, 390, 27, 30, 0, 0, 4.88%, 0, 0, 3, 20442.12, 33687178, 206
1665, 392, 9, 30, 0, 0, 4.88%, 0, 0, 3, 20865.83, 33792114, 206
1671, 393, 7, 30, 0, 0, 4.88%, 0, 0, 3, 20562.70, 33896141, 206
1676, 394, 19, 30, 0, 0, 4.88%, 0, 0, 3, 20685.74, 34003613, 206
1681, 395, 8, 30, 0, 0, 4.88%, 0, 0, 3, 20771.70, 34110724, 206
1686, 396, 16, 30, 0, 0, 4.88%, 0, 0, 3, 20168.60, 34211944, 206
1691, 398, 8, 30, 0, 0, 4.88%, 0, 0, 3, 20617.34, 34318160, 206
1696, 399, 8, 30, 0, 0, 4.88%, 0, 0, 3, 20661.53, 34422150, 206
1701, 400, 27, 30, 0, 0, 4.88%, 0, 0, 3, 20663.89, 34527871, 206
1707, 401, 27, 30, 0, 0, 4.88%, 0, 0, 3, 19891.46, 34633015, 206
1712, 403, 19, 30, 0, 0, 4.88%, 0, 0, 3, 20586.05, 34737403, 206
1717, 404, 20, 30, 0, 0, 4.88%, 0, 0, 3, 20134.23, 34842609, 206
1722, 405, 8, 30, 0, 0, 4.88%, 0, 0, 3, 20622.74, 34948285, 206
1727, 406, 7, 30, 0, 0, 4.88%, 0, 0, 3, 19921.35, 35052489, 206
1732, 407, 8, 30, 0, 0, 4.88%, 0, 0, 3, 20664.22, 35158525, 206
1737, 409, 27, 30, 0, 0, 4.88%, 0, 0, 3, 19690.60, 35262234, 206
1743, 410, 8, 30, 0, 0, 4.88%, 0, 0, 3, 20763.48, 35371331, 206
1748, 411, 27, 30, 0, 0, 4.88%, 0, 0, 3, 19796.77, 35472876, 206
1753, 412, 27, 30, 0, 0, 4.88%, 0, 0, 3, 20781.44, 35581058, 206
1758, 413, 8, 30, 0, 0, 4.88%, 0, 0, 3, 20176.69, 35685022, 206
1763, 415, 8, 30, 0, 0, 4.88%, 0, 0, 3, 20481.82, 35791074, 206
1768, 416, 8, 30, 0, 0, 4.88%, 0, 0, 3, 19980.32, 35894077, 206
1774, 417, 27, 30, 0, 0, 4.88%, 0, 0, 3, 20954.29, 36003120, 206
1779, 418, 22, 30, 0, 0, 4.88%, 0, 0, 3, 20285.06, 36108403, 206
1784, 420, 27, 30, 0, 0, 4.88%, 0, 0, 3, 21158.74, 36219135, 206
1789, 421, 16, 30, 0, 0, 4.88%, 0, 0, 3, 20209.75, 36322666, 206
1794, 422, 4, 30, 0, 0, 4.88%, 0, 0, 3, 20894.88, 36429632, 206
1799, 423, 9, 30, 0, 0, 4.88%, 0, 0, 3, 20322.50, 36534300, 206
1805, 425, 25, 30, 0, 0, 4.88%, 0, 0, 3, 20954.16, 36643117, 206
1810, 426, 8, 30, 0, 0, 4.88%, 0, 0, 3, 20553.76, 36745176, 206
1815, 427, 8, 30, 0, 0, 4.88%, 0, 0, 3, 21316.10, 36855480, 206
1820, 428, 8, 30, 0, 0, 4.88%, 0, 0, 3, 20437.92, 36957996, 206
1825, 429, 27, 30, 0, 0, 4.88%, 0, 0, 3, 20716.39, 37066353, 206
1830, 431, 27, 30, 0, 0, 4.88%, 0, 0, 3, 19736.87, 37166476, 206
1836, 432, 27, 30, 0, 0, 4.88%, 0, 0, 3, 20740.71, 37275814, 206
1841, 433, 8, 30, 0, 0, 4.88%, 0, 0, 3, 20619.14, 37381247, 206
1846, 434, 8, 30, 0, 0, 4.88%, 0, 0, 3, 20553.42, 37488451, 206
1851, 435, 8, 30, 0, 0, 4.88%, 0, 0, 3, 20478.21, 37592777, 206
1856, 437, 17, 30, 0, 0, 4.88%, 0, 0, 3, 20357.42, 37700186, 206
1861, 438, 8, 30, 0, 0, 4.88%, 0, 0, 3, 20964.41, 37806404, 206
1867, 439, 27, 30, 0, 0, 4.88%, 0, 0, 3, 20077.54, 37911039, 206
1872, 440, 8, 30, 0, 0, 4.88%, 0, 0, 3, 20854.84, 38018120, 206
1877, 442, 8, 30, 0, 0, 4.88%, 0, 0, 3, 20417.30, 38122816, 206
1882, 443, 21, 30, 0, 0, 4.88%, 0, 0, 3, 20962.47, 38230909, 206
1887, 444, 8, 30, 0, 0, 4.88%, 0, 0, 3, 19720.71, 38331462, 206
1892, 445, 8, 30, 0, 0, 4.88%, 0, 0, 3, 20863.18, 38435767, 206
1897, 447, 19, 30, 0, 0, 4.88%, 0, 0, 3, 20613.09, 38540588, 206
1902, 448, 8, 30, 0, 0, 4.88%, 0, 0, 3, 20930.68, 38647516, 206
1907, 449, 10, 30, 0, 0, 4.88%, 0, 0, 3, 19988.40, 38753490, 206
1913, 450, 8, 30, 0, 0, 4.88%, 0, 0, 3, 20877.60, 38861017, 206
1918, 451, 8, 30, 0, 0, 4.88%, 0, 0, 3, 20599.65, 38968513, 206
1923, 453, 8, 30, 0, 0, 4.88%, 0, 0, 3, 20704.97, 39075528, 206
1928, 454, 8, 30, 0, 0, 4.88%, 0, 0, 3, 20216.43, 39180814, 206
1933, 455, 8, 30, 0, 0, 4.88%, 0, 0, 3, 20701.39, 39286697, 206
1939, 456, 27, 30, 0, 0, 4.88%, 0, 0, 3, 19846.41, 39390331, 206
1944, 458, 8, 30, 0, 0, 4.88%, 0, 0, 3, 20668.59, 39498464, 206
1949, 459, 19, 30, 0, 0, 4.88%, 0, 0, 3, 19367.23, 39595121, 206
1954, 460, 27, 30, 0, 0, 4.88%, 0, 0, 3, 20544.79, 39703330, 206
1959, 461, 12, 30, 0, 0, 4.88%, 0, 0, 3, 20332.60, 39808438, 206
1964, 463, 2, 30, 0, 0, 4.88%, 0, 0, 3, 20972.66, 39917545, 206
1969, 464, 8, 30, 0, 0, 4.88%, 0, 0, 3, 20395.93, 40021723, 206
1975, 465, 8, 30, 0, 0, 4.88%, 0, 0, 3, 21057.87, 40132242, 206
1980, 466, 26, 30, 0, 0, 4.88%, 0, 0, 3, 20653.48, 40234999, 206
1985, 467, 27, 30, 0, 0, 4.88%, 0, 0, 3, 21083.06, 40341711, 206
1990, 469, 8, 30, 0, 0, 4.88%, 0, 0, 3, 20084.72, 40443728, 206
1995, 470, 8, 30, 0, 0, 4.88%, 0, 0, 3, 20943.36, 40553696, 206
2000, 471, 8, 30, 0, 0, 4.88%, 0, 0, 3, 20776.50, 40659576, 206
2005, 472, 2, 30, 0, 0, 4.88%, 0, 0, 3, 20708.82, 40768685, 206
2010, 473, 20, 30, 0, 0, 4.88%, 0, 0, 3, 19885.05, 40867681, 206
2016, 475, 8, 30, 0, 0, 4.88%, 0, 0, 3, 20883.05, 40978007, 206
2021, 476, 16, 30, 0, 0, 4.88%, 0, 0, 3, 20594.42, 41081987, 206
2026, 477, 8, 30, 0, 0, 4.88%, 0, 0, 3, 20459.57, 41189714, 206
2031, 478, 8, 30, 0, 0, 4.88%, 0, 0, 3, 20264.81, 41291994, 206
2036, 480, 2, 30, 0, 0, 4.88%, 0, 0, 3, 20509.77, 41400045, 206
2042, 481, 17, 30, 0, 0, 4.88%, 0, 0, 3, 20628.72, 41506636, 206
2047, 482, 24, 30, 0, 0, 4.88%, 0, 0, 3, 19643.92, 41609150, 206
2052, 483, 24, 30, 0, 0, 4.88%, 0, 0, 3, 20585.03, 41716619, 206
2057, 484, 8, 30, 0, 0, 4.88%, 0, 0, 3, 20371.06, 41823884, 206
2062, 486, 2, 30, 0, 0, 4.88%, 0, 0, 3, 20905.10, 41930260, 206
2067, 487, 2, 30, 0, 0, 4.88%, 0, 0, 3, 19630.78, 42032865, 206
2073, 488, 8, 30, 0, 0, 4.88%, 0, 0, 3, 20941.36, 42141799, 206
2078, 489, 8, 30, 0, 0, 4.88%, 0, 0, 3, 20566.35, 42249425, 206
2083, 490, 4, 30, 0, 0, 4.88%, 0, 0, 3, 21142.23, 42358227, 206
2088, 492, 2, 30, 0, 0, 4.88%, 0, 0, 3, 20258.41, 42459482, 206
2093, 493, 8, 30, 0, 0, 4.88%, 0, 0, 3, 21315.60, 42570002, 206
2098, 494, 20, 30, 0, 0, 4.88%, 0, 0, 3, 20159.76, 42670665, 206
2103, 495, 21, 30, 0, 0, 4.88%, 0, 0, 3, 20908.92, 42775679, 206
2108, 497, 8, 30, 0, 0, 4.88%, 0, 0, 3, 20007.71, 42880310, 206
2114, 498, 27, 30, 0, 0, 4.88%, 0, 0, 3, 20867.25, 42989407, 206
2119, 499, 8, 30, 0, 0, 4.88%, 0, 0, 3, 19815.95, 43092646, 206
2124, 500, 8, 30, 0, 0, 4.88%, 0, 0, 3, 21112.76, 43200269, 206
2129, 501, 8, 30, 0, 0, 4.88%, 0, 0, 3, 19188.83, 43298884, 206
2134, 503, 12, 30, 0, 0, 4.88%, 0, 0, 3, 21070.52, 43409521, 206
2139, 504, 16, 30, 0, 0, 4.88%, 0, 0, 3, 19858.66, 43512361, 206
2144, 505, 20, 30, 0, 0, 4.88%, 0, 0, 3, 21089.39, 43621209, 206
2150, 506, 25, 30, 0, 0, 4.88%, 0, 0, 3, 20510.17, 43725991, 206
2155, 508, 22, 30, 0, 0, 4.88%, 0, 0, 3, 21206.80, 43835497, 206
2160, 509, 14, 30, 0, 0, 4.88%, 0, 0, 3, 20158.82, 43935035, 206
2165, 510, 27, 30, 0, 0, 4.88%, 0, 0, 3, 21148.30, 44044667, 206
2170, 511, 8, 30, 0, 0, 4.88%, 0, 0, 3, 20291.25, 44146568, 206
2175, 513, 8, 30, 0, 0, 4.88%, 0, 0, 3, 21056.71, 44253157, 206
2180, 514, 8, 30, 0, 0, 4.88%, 0, 0, 3, 20224.89, 44355161, 206
2186, 515, 8, 30, 0, 0, 4.88%, 0, 0, 3, 20233.54, 44461858, 206
2191, 516, 8, 30, 0, 0, 4.88%, 0, 0, 3, 19968.73, 44562504, 206
2196, 517, 27, 30, 0, 0, 4.88%, 0, 0, 3, 21122.10, 44670107, 206
2201, 519, 8, 30, 0, 0, 4.88%, 0, 0, 3, 20618.89, 44773536, 206
2206, 520, 27, 30, 0, 0, 4.88%, 0, 0, 3, 20674.36, 44883240, 206
2211, 521, 8, 30, 0, 0, 4.88%, 0, 0, 3, 20625.00, 44986885, 206
2216, 522, 19, 30, 0, 0, 4.88%, 0, 0, 3, 20561.26, 45095217, 206
2221, 523, 8, 30, 0, 0, 4.88%, 0, 0, 3, 20573.66, 45195381, 206
2227, 525, 8, 30, 0, 0, 4.88%, 0, 0, 3, 20149.88, 45301218, 206
2232, 526, 8, 30, 0, 0, 4.88%, 0, 0, 3, 20584.51, 45402433, 206
2237, 527, 8, 30, 0, 0, 4.88%, 0, 0, 3, 20406.66, 45509700, 206
2242, 528, 21, 30, 0, 0, 4.88%, 0, 0, 3, 20684.52, 45615180, 206
2247, 529, 26, 30, 0, 0, 4.88%, 0, 0, 3, 19790.00, 45719082, 206
2252, 531, 9, 30, 0, 0, 4.88%, 0, 0, 3, 20588.93, 45824107, 206
2257, 532, 26, 30, 0, 0, 4.88%, 0, 0, 3, 20246.40, 45931160, 206
2263, 533, 2, 30, 0, 0, 4.88%, 0, 0, 3, 20992.54, 46039420, 206
2268, 534, 16, 30, 0, 0, 4.88%, 0, 0, 3, 20881.32, 46145926, 206
2273, 536, 8, 30, 0, 0, 4.88%, 0, 0, 3, 21123.71, 46254804, 206
2278, 537, 26, 30, 0, 0, 4.88%, 0, 0, 3, 20302.76, 46357843, 206
2283, 538, 8, 30, 0, 0, 4.88%, 0, 0, 3, 21047.47, 46467026, 206
2288, 539, 8, 30, 0, 0, 4.88%, 0, 0, 3, 20446.80, 46574136, 206
2293, 540, 26, 30, 0, 0, 4.88%, 0, 0, 3, 21093.90, 46680279, 206
2298, 542, 26, 30, 0, 0, 4.88%, 0, 0, 3, 20065.96, 46783893, 206
2303, 543, 8, 30, 0, 0, 4.88%, 0, 0, 3, 21044.42, 46892074, 206
2309, 544, 8, 30, 0, 0, 4.88%, 0, 0, 3, 20154.72, 46995800, 206
2314, 545, 8, 30, 0, 0, 4.88%, 0, 0, 3, 21111.12, 47105313, 206
2319, 547, 27, 30, 0, 0, 4.88%, 0, 0, 3, 20798.11, 47213013, 206
2324, 548, 24, 30, 0, 0, 4.88%, 0, 0, 3, 21532.77, 47325316, 206
2329, 549, 8, 30, 0, 0, 4.88%, 0, 0, 3, 21057.66, 47431343, 206
2334, 551, 10, 30, 0, 0, 4.88%, 0, 0, 3, 21278.08, 47542087, 206
2339, 552, 27, 30, 0, 0, 4.88%, 0, 0, 3, 20993.34, 47646769, 206
2344, 553, 8, 30, 0, 0, 4.88%, 0, 0, 3, 21638.46, 47759216, 206
2350, 554, 8, 30, 0, 0, 4.88%, 0, 0, 3, 20564.93, 47863264, 206
2355, 556, 12, 30, 0, 0, 4.88%, 0, 0, 3, 21435.86, 47972340, 206
2360, 557, 8, 30, 0, 0, 4.88%, 0, 0, 3, 20654.75, 48079123, 206
2365, 558, 8, 30, 0, 0, 4.88%, 0, 0, 3, 21192.16, 48189551, 206
2370, 559, 14, 30, 0, 0, 4.88%, 0, 0, 3, 20597.50, 48293943, 206
2375, 561, 8, 30, 0, 0, 4.88%, 0, 0, 3, 21273.67, 48404161, 206
2380, 562, 27, 30, 0, 0, 4.88%, 0, 0, 3, 20999.89, 48510372, 206
2385, 563, 8, 30, 0, 0, 4.88%, 0, 0, 3, 21578.62, 48618629, 206
2391, 564, 7, 30, 0, 0, 4.88%, 0, 0, 3, 20774.17, 48723989, 206
2396, 566, 19, 30, 0, 0, 4.88%, 0, 0, 3, 20812.69, 48832218, 206
2401, 567, 7, 30, 0, 0, 4.88%, 0, 0, 3, 20779.85, 48935562, 206
2406, 568, 8, 30, 0, 0, 4.88%, 0, 0, 3, 20710.92, 49044364, 206
2411, 569, 8, 30, 0, 0, 4.88%, 0, 0, 3, 21051.68, 49151367, 206
2416, 570, 7, 30, 0, 0, 4.88%, 0, 0, 3, 21313.35, 49263323, 206
2421, 572, 3, 30, 0, 0, 4.88%, 0, 0, 3, 21166.28, 49367151, 206
2426, 573, 8, 30, 0, 0, 4.88%, 0, 0, 3, 19802.38, 49467646, 206
2432, 574, 8, 30, 0, 0, 4.88%, 0, 0, 3, 20760.32, 49574467, 206
2437, 575, 27, 30, 0, 0, 4.88%, 0, 0, 3, 20857.21, 49680782, 206
2442, 577, 8, 30, 0, 0, 4.88%, 0, 0, 3, 21122.70, 49788983, 206
2447, 578, 8, 30, 0, 0, 4.88%, 0, 0, 3, 21069.95, 49899773, 206
2452, 579, 8, 30, 0, 0, 4.88%, 0, 0, 3, 21642.73, 50010633, 206
2457, 580, 2, 30, 0, 0, 4.88%, 0, 0, 3, 20578.66, 50118034, 206
2462, 582, 3, 30, 0, 0, 4.88%, 0, 0, 3, 21337.13, 50227841, 206
2467, 583, 8, 30, 0, 0, 4.88%, 0, 0, 3, 20932.86, 50333285, 206
2473, 584, 8, 30, 0, 0, 4.88%, 0, 0, 3, 21729.12, 50444148, 206
2478, 585, 27, 30, 0, 0, 4.88%, 0, 0, 3, 21264.80, 50554653, 206
2483, 587, 8, 30, 0, 0, 4.88%, 0, 0, 3, 21741.42, 50667122, 206
2488, 588, 8, 30, 0, 0, 4.88%, 0, 0, 3, 20603.49, 50772713, 206
2493, 589, 27, 30, 0, 0, 4.88%, 0, 0, 3, 21301.50, 50883107, 206
2499, 590, 25, 30, 0, 0, 4.88%, 0, 0, 3, 20408.79, 50989112, 206
2504, 592, 12, 30, 0, 0, 4.88%, 0, 0, 3, 21285.68, 51100698, 206
2509, 593, 24, 30, 0, 0, 4.88%, 0, 0, 3, 20577.74, 51208264, 206
2514, 594, 27, 30, 0, 0, 4.88%, 0, 0, 3, 21448.78, 51321543, 206
2519, 595, 8, 30, 0, 0, 4.88%, 0, 0, 3, 21039.34, 51432092, 206
2524, 597, 21, 30, 0, 0, 4.88%, 0, 0, 3, 21552.89, 51544792, 206
2530, 598, 14, 30, 0, 0, 4.88%, 0, 0, 3, 20785.49, 51650753, 206
2535, 599, 8, 30, 0, 0, 4.88%, 0, 0, 3, 21857.59, 51763986, 206
2540, 601, 3, 30, 0, 0, 4.88%, 0, 0, 3, 21034.53, 51869964, 206
2545, 602, 8, 30, 0, 0, 4.88%, 0, 0, 3, 21007.19, 51980161, 206
2550, 603, 14, 30, 0, 0, 4.88%, 0, 0, 3, 20512.16, 52083344, 206
2556, 604, 27, 30, 0, 0, 4.88%, 0, 0, 3, 21362.61, 52195160, 206
2561, 606, 8, 30, 0, 0, 4.88%, 0, 0, 3, 20956.39, 52301684, 206
2566, 607, 14, 30, 0, 0, 4.88%, 0, 0, 3, 21378.50, 52415528, 206
2571, 608, 17, 30, 0, 0, 4.88%, 0, 0, 3, 21187.37, 52524221, 206
2576, 609, 8, 30, 0, 0, 4.88%, 0, 0, 3, 21104.73, 52635440, 206
2582, 611, 12, 30, 0, 0, 4.88%, 0, 0, 3, 21042.58, 52744143, 206
2587, 612, 3, 30, 0, 0, 4.88%, 0, 0, 3, 20738.44, 52850168, 206
2592, 613, 8, 30, 0, 0, 4.88%, 0, 0, 3, 20862.21, 52954950, 206
2597, 614, 2, 30, 0, 0, 4.88%, 0, 0, 3, 20821.94, 53064693, 206
2602, 616, 7, 30, 0, 0, 4.88%, 0, 0, 3, 20905.64, 53172254, 206
2607, 617, 10, 30, 0, 0, 4.88%, 0, 0, 3, 20071.59, 53274933, 206
2612, 618, 10, 30, 0, 0, 4.88%, 0, 0, 3, 20878.25, 53379070, 206
2617, 619, 8, 30, 0, 0, 4.88%, 0, 0, 3, 20693.88, 53486408, 206
2622, 621, 8, 30, 0, 0, 4.88%, 0, 0, 3, 21517.00, 53597448, 206
2627, 622, 27, 30, 0, 0, 4.88%, 0, 0, 3, 20878.11, 53705778, 206
2633, 623, 8, 30, 0, 0, 4.88%, 0, 0, 3, 21506.40, 53816712, 206
2638, 624, 8, 30, 0, 0, 4.88%, 0, 0, 3, 20303.65, 53922934, 206
2643, 626, 8, 30, 0, 0, 4.88%, 0, 0, 3, 21670.90, 54033997, 206
2648, 627, 8, 30, 0, 0, 4.88%, 0, 0, 3, 20103.55, 54134477, 206
2653, 628, 8, 30, 0, 0, 4.88%, 0, 0, 3, 21349.09, 54245285, 206
2658, 629, 27, 30, 0, 0, 4.88%, 0, 0, 3, 20332.33, 54348111, 206
2663, 631, 27, 30, 0, 0, 4.88%, 0, 0, 3, 21243.32, 54458079, 206
2668, 632, 25, 30, 0, 0, 4.88%, 0, 0, 3, 20112.92, 54557636, 206
2673, 633, 8, 30, 0, 0, 4.88%, 0, 0, 3, 21345.44, 54668765, 206
2678, 634, 26, 30, 0, 0, 4.88%, 0, 0, 3, 20709.06, 54772741, 206
2684, 636, 12, 30, 0, 0, 4.88%, 0, 0, 3, 21723.91, 54884981, 206
2689, 637, 8, 30, 0, 0, 4.88%, 0, 0, 3, 21078.05, 54992083, 206
2694, 638, 8, 30, 0, 0, 4.88%, 0, 0, 3, 21557.08, 55103844, 206
2699, 639, 12, 30, 0, 0, 4.88%, 0, 0, 3, 20646.51, 55206940, 206
2704, 641, 27, 30, 0, 0, 4.88%, 0, 0, 3, 21922.31, 55316577, 206
2709, 642, 8, 30, 0, 0, 4.88%, 0, 0, 3, 20548.52, 55423097, 206
2714, 643, 21, 30, 0, 0, 4.88%, 0, 0, 3, 21745.92, 55535946, 206
2719, 645, 4, 30, 0, 0, 4.88%, 0, 0, 3, 20778.36, 55639080, 206
2724, 646, 26, 30, 0, 0, 4.88%, 0, 0, 3, 21637.45, 55751798, 206
2729, 647, 8, 30, 0, 0, 4.88%, 0, 0, 3, 20674.30, 55856711, 206
2735, 648, 12, 30, 0, 0, 4.88%, 0, 0, 3, 21602.31, 55970278, 206
2740, 650, 14, 30, 0, 0, 4.88%, 0, 0, 3, 21087.19, 56077396, 206
2745, 651, 27, 30, 0, 0, 4.88%, 0, 0, 3, 21710.46, 56191628, 206
2750, 652, 8, 30, 0, 0, 4.88%, 0, 0, 3, 21289.63, 56300304, 206
2755, 654, 24, 30, 0, 0, 4.88%, 0, 0, 3, 22081.03, 56415255, 206
2760, 655, 7, 30, 0, 0, 4.88%, 0, 0, 3, 21345.62, 56523260, 206
2766, 656, 8, 30, 0, 0, 4.88%, 0, 0, 3, 22020.02, 56637326, 206
2771, 658, 27, 30, 0, 0, 4.88%, 0, 0, 3, 21581.17, 56746008, 206
2776, 659, 8, 30, 0, 0, 4.88%, 0, 0, 3, 21985.94, 56859627, 206
2781, 660, 3, 30, 0, 0, 4.88%, 0, 0, 3, 21321.64, 56963928, 206
2786, 661, 8, 30, 0, 0, 4.88%, 0, 0, 3, 20803.54, 57069748, 206
2791, 663, 22, 30, 0, 0, 4.88%, 0, 0, 3, 20892.54, 57176285, 206
2796, 664, 22, 30, 0, 0, 4.88%, 0, 0, 3, 21024.51, 57287413, 206
2801, 665, 27, 30, 0, 0, 4.88%, 0, 0, 3, 21183.52, 57393035, 206
2807, 666, 16, 30, 0, 0, 4.88%, 0, 0, 3, 21030.83, 57503317, 206
2812, 668, 8, 30, 0, 0, 4.88%, 0, 0, 3, 20961.98, 57610565, 206
2817, 669, 8, 30, 0, 0, 4.88%, 0, 0, 3, 20929.34, 57720790, 206
2822, 670, 8, 30, 0, 0, 4.88%, 0, 0, 3, 21152.22, 57827494, 206
2827, 672, 16, 30, 0, 0, 4.88%, 0, 0, 3, 21186.93, 57940393, 206
2832, 673, 8, 30, 0, 0, 4.88%, 0, 0, 3, 21605.72, 58051773, 206
2837, 674, 2, 30, 0, 0, 4.88%, 0, 0, 3, 21104.44, 58157798, 206
2842, 675, 8, 30, 0, 0, 4.88%, 0, 0, 3, 21747.51, 58266386, 206
2847, 676, 8, 30, 0, 0, 4.88%, 0, 0, 3, 20115.64, 58367162, 206
2853, 678, 8, 30, 0, 0, 4.88%, 0, 0, 3, 21427.49, 58479197, 206
2858, 679, 27, 30, 0, 0, 4.88%, 0, 0, 3, 20635.79, 58586513, 206
2863, 680, 21, 30, 0, 0, 4.88%, 0, 0, 3, 21490.91, 58698518, 206
2868, 681, 8, 30, 0, 0, 4.88%, 0, 0, 3, 20535.10, 58805710, 206
2873, 683, 27, 30, 0, 0, 4.88%, 0, 0, 3, 21473.69, 58914027, 206
2878, 684, 4, 30, 0, 0, 4.88%, 0, 0, 3, 20497.63, 59019524, 206
2883, 685, 8, 30, 0, 0, 4.88%, 0, 0, 3, 21588.71, 59132390, 206
2889, 686, 8, 30, 0, 0, 4.88%, 0, 0, 3, 20730.30, 59240883, 206
2894, 688, 8, 30, 0, 0, 4.88%, 0, 0, 3, 22108.52, 59357472, 206
2899, 689, 8, 30, 0, 0, 4.88%, 0, 0, 3, 20885.24, 59466455, 206
2904, 690, 3, 30, 0, 0, 4.88%, 0, 0, 3, 21777.38, 59580170, 206
2909, 692, 8, 30, 0, 0, 4.88%, 0, 0, 3, 20559.00, 59683283, 206
2914, 693, 8, 30, 0, 0, 4.88%, 0, 0, 3, 22043.43, 59797012, 206
2920, 694, 27, 30, 0, 0, 4.88%, 0, 0, 3, 20897.67, 59904996, 206
2925, 696, 22, 30, 0, 0, 4.88%, 0, 0, 3, 21575.80, 60017565, 206
2930, 697, 27, 30, 0, 0, 4.88%, 0, 0, 3, 20597.00, 60122548, 206
2935, 698, 8, 30, 0, 0, 4.88%, 0, 0, 3, 21600.85, 60234933, 206
2940, 699, 8, 30, 0, 0, 4.88%, 0, 0, 3, 21026.74, 60342082, 206
2946, 701, 20, 30, 0, 0, 4.88%, 0, 0, 3, 21210.99, 60452438, 206
2951, 702, 27, 30, 0, 0, 4.88%, 0, 0, 3, 21513.29, 60562882, 206
2956, 703, 8, 30, 0, 0, 4.88%, 0, 0, 3, 21261.34, 60672804, 206
2961, 705, 27, 30, 0, 0, 4.88%, 0, 0, 3, 21202.40, 60782124, 206
2966, 706, 8, 30, 0, 0, 4.88%, 0, 0, 3, 20098.22, 60888966, 206
2972, 707, 7, 30, 0, 0, 4.88%, 0, 0, 3, 21085.38, 60996277, 206
2977, 708, 27, 30, 0, 0, 4.88%, 0, 0, 3, 21114.01, 61105060, 206
2982, 710, 8, 30, 0, 0, 4.88%, 0, 0, 3, 21925.11, 61217430, 206
2987, 711, 3, 30, 0, 0, 4.88%, 0, 0, 3, 21026.80, 61327405, 206
2992, 712, 8, 30, 0, 0, 4.88%, 0, 0, 3, 21512.13, 61438876, 206
2997, 713, 8, 30, 0, 0, 4.88%, 0, 0, 3, 20650.97, 61547743, 206
3002, 715, 4, 30, 0, 0, 4.88%, 0, 0, 3, 21634.56, 61657656, 206
3008, 716, 27, 30, 0, 0, 4.88%, 0, 0, 3, 20772.19, 61766906, 206
3013, 717, 9, 30, 0, 0, 4.88%, 0, 0, 3, 21676.02, 61879242, 206
3018, 719, 8, 30, 0, 0, 4.88%, 0, 0, 3, 20978.76, 61989970, 206
3023, 720, 27, 30, 0, 0, 4.88%, 0, 0, 3, 21501.66, 62095891, 206
3028, 721, 8, 30, 0, 0, 4.88%, 0, 0, 3, 20025.83, 62196902, 206
3033, 722, 8, 30, 0, 0, 4.88%, 0, 0, 3, 23126.37, 62315502, 206
3038, 724, 8, 30, 0, 0, 4.88%, 0, 0, 3, 21813.62, 62428004, 206
3043, 725, 8, 30, 0, 0, 4.88%, 0, 0, 3, 21932.16, 62539243, 206
3049, 726, 8, 30, 0, 0, 4.88%, 0, 0, 3, 20692.95, 62647356, 206
3054, 727, 27, 30, 0, 0, 4.88%, 0, 0, 3, 21529.10, 62759985, 206
3059, 729, 8, 30, 0, 0, 4.88%, 0, 0, 3, 20903.79, 62867212, 206
3064, 730, 21, 30, 0, 0, 4.88%, 0, 0, 3, 21304.19, 62978341, 206
3069, 731, 8, 30, 0, 0, 4.88%, 0, 0, 3, 20956.29, 63082631, 206
3074, 733, 8, 30, 0, 0, 4.88%, 0, 0, 3, 21907.15, 63197231, 206
3079, 734, 8, 30, 0, 0, 4.88%, 0, 0, 3, 21438.75, 63305630, 206
3084, 735, 27, 30, 0, 0, 4.88%, 0, 0, 3, 21858.64, 63415178, 206
3089, 736, 19, 30, 0, 0, 4.88%, 0, 0, 3, 19825.47, 63510525, 206
3095, 738, 18, 30, 0, 0, 4.88%, 0, 0, 3, 22282.41, 63627273, 206
3100, 739, 8, 30, 0, 0, 4.88%, 0, 0, 3, 21096.18, 63734680, 206
3105, 740, 8, 30, 0, 0, 4.88%, 0, 0, 3, 22013.98, 63848969, 206
3110, 741, 17, 30, 0, 0, 4.88%, 0, 0, 3, 21276.80, 63952734, 206
3115, 743, 8, 30, 0, 0, 4.88%, 0, 0, 3, 22187.79, 64071331, 206
3120, 744, 8, 30, 0, 0, 4.88%, 0, 0, 3, 21363.73, 64176062, 206
3125, 745, 26, 30, 0, 0, 4.88%, 0, 0, 3, 21905.47, 64288971, 206
3130, 746, 8, 30, 0, 0, 4.88%, 0, 0, 3, 21143.07, 64395662, 206
3136, 748, 25, 30, 0, 0, 4.88%, 0, 0, 3, 22025.36, 64510729, 206
3141, 749, 24, 30, 0, 0, 4.88%, 0, 0, 3, 21157.95, 64614344, 206
3146, 750, 8, 30, 0, 0, 4.88%, 0, 0, 3, 21318.97, 64725655, 206
3151, 752, 8, 30, 0, 0, 4.88%, 0, 0, 3, 20549.24, 64829334, 206
3156, 753, 12, 30, 0, 0, 4.88%, 0, 0, 3, 21775.18, 64944776, 206
3161, 754, 12, 30, 0, 0, 4.88%, 0, 0, 3, 21271.87, 65052818, 206
3166, 755, 9, 30, 0, 0, 4.88%, 0, 0, 3, 21034.02, 65163901, 206
3172, 757, 17, 30, 0, 0, 4.88%, 0, 0, 3, 21484.78, 65272792, 206
3177, 758, 8, 30, 0, 0, 4.88%, 0, 0, 3, 20946.61, 65378819, 206
3182, 759, 14, 30, 0, 0, 4.88%, 0, 0, 3, 21533.91, 65489688, 206
3187, 760, 4, 30, 0, 0, 4.88%, 0, 0, 3, 20864.81, 65598048, 206
3192, 762, 8, 30, 0, 0, 4.88%, 0, 0, 3, 21383.62, 65707662, 206
3197, 763, 27, 30, 0, 0, 4.88%, 0, 0, 3, 20982.76, 65817245, 206
3202, 764, 8, 30, 0, 0, 4.88%, 0, 0, 3, 21575.33, 65927860, 206
3208, 766, 22, 30, 0, 0, 4.88%, 0, 0, 3, 20731.73, 66036841, 206
3213, 767, 8, 30, 0, 0, 4.88%, 0, 0, 3, 21813.19, 66150044, 206
3218, 768, 8, 30, 0, 0, 4.88%, 0, 0, 3, 21134.94, 66259979, 206
3223, 769, 8, 30, 0, 0, 4.88%, 0, 0, 3, 22214.43, 66374813, 206
3228, 771, 9, 30, 0, 0, 4.88%, 0, 0, 3, 20439.20, 66482490, 206
3233, 772, 8, 30, 0, 0, 4.88%, 0, 0, 3, 22287.71, 66597091, 206
3239, 773, 8, 30, 0, 0, 4.88%, 0, 0, 3, 20463.02, 66703040, 206
3244, 775, 27, 30, 0, 0, 4.88%, 0, 0, 3, 22481.10, 66824556, 206
3249, 776, 21, 30, 0, 0, 4.88%, 0, 0, 3, 20631.29, 66930522, 206
3254, 777, 8, 30, 0, 0, 4.88%, 0, 0, 3, 21968.94, 67045999, 206
3259, 779, 8, 30, 0, 0, 4.88%, 0, 0, 3, 21697.74, 67157621, 206
3264, 780, 3, 30, 0, 0, 4.88%, 0, 0, 3, 22269.89, 67268444, 206
3269, 781, 24, 30, 0, 0, 4.88%, 0, 0, 3, 20903.86, 67374266, 206
3275, 783, 8, 30, 0, 0, 4.88%, 0, 0, 3, 22373.54, 67489984, 206
3280, 784, 27, 30, 0, 0, 4.88%, 0, 0, 3, 21715.75, 67600350, 206
3285, 785, 4, 30, 0, 0, 4.88%, 0, 0, 3, 21892.95, 67714032, 206
3290, 786, 26, 30, 0, 0, 4.88%, 0, 0, 3, 21564.65, 67824330, 206
3295, 788, 8, 30, 0, 0, 4.88%, 0, 0, 3, 21983.24, 67938463, 206
3300, 789, 10, 30, 0, 0, 4.88%, 0, 0, 3, 21492.69, 68042735, 206
3305, 790, 19, 30, 0, 0, 4.88%, 0, 0, 3, 21595.71, 68156070, 206
3311, 792, 9, 30, 0, 0, 4.88%, 0, 0, 3, 21696.57, 68266765, 206
3316, 793, 8, 30, 0, 0, 4.88%, 0, 0, 3, 21908.60, 68382616, 206
3321, 794, 8, 30, 0, 0, 4.88%, 0, 0, 3, 21340.02, 68491011, 206
3326, 796, 3, 30, 0, 0, 4.88%, 0, 0, 3, 20988.60, 68601709, 206
3331, 797, 8, 30, 0, 0, 4.88%, 0, 0, 3, 20991.46, 68707357, 206
3337, 798, 22, 30, 0, 0, 4.88%, 0, 0, 3, 21227.29, 68820023, 206
3342, 799, 8, 30, 0, 0, 4.88%, 0, 0, 3, 21629.05, 68929172, 206
3347, 801, 24, 30, 0, 0, 4.88%, 0, 0, 3, 20942.54, 69035867, 206
3352, 802, 22, 30, 0, 0, 4.88%, 0, 0, 3, 22050.60, 69150032, 206
3357, 803, 17, 30, 0, 0, 4.88%, 0, 0, 3, 21715.47, 69262910, 206
3362, 804, 8, 30, 0, 0, 4.88%, 0, 0, 3, 21727.97, 69374247, 206
3367, 806, 8, 30, 0, 0, 4.88%, 0, 0, 3, 21404.05, 69487165, 206
3373, 807, 27, 30, 0, 0, 4.88%, 0, 0, 3, 21566.47, 69597939, 206
3378, 808, 17, 30, 0, 0, 4.88%, 0, 0, 3, 20948.87, 69708804, 206
3383, 810, 8, 30, 0, 0, 4.88%, 0, 0, 3, 21703.99, 69820009, 206
3388, 811, 8, 30, 0, 0, 4.88%, 0, 0, 3, 20165.34, 69927372, 206
3393, 812, 24, 30, 0, 0, 4.88%, 0, 0, 3, 21423.17, 70035419, 206
3398, 814, 7, 30, 0, 0, 4.88%, 0, 0, 3, 21590.37, 70147209, 206
3404, 815, 8, 30, 0, 0, 4.88%, 0, 0, 3, 22655.76, 70262665, 206
3409, 816, 8, 30, 0, 0, 4.88%, 0, 0, 3, 21438.57, 70372799, 206
3414, 818, 27, 30, 0, 0, 4.88%, 0, 0, 3, 21798.98, 70485864, 206
3419, 819, 26, 30, 0, 0, 4.88%, 0, 0, 3, 21104.99, 70592745, 206
3424, 820, 12, 30, 0, 0, 4.88%, 0, 0, 3, 21449.48, 70704634, 206
3429, 821, 8, 30, 0, 0, 4.88%, 0, 0, 3, 21512.27, 70816145, 206
3434, 823, 8, 30, 0, 0, 4.88%, 0, 0, 3, 21786.60, 70928120, 206
3439, 824, 17, 30, 0, 0, 4.88%, 0, 0, 3, 21478.58, 71038280, 206
3444, 825, 27, 30, 0, 0, 4.88%, 0, 0, 3, 22001.72, 71148848, 206
3450, 827, 9, 30, 0, 0, 4.88%, 0, 0, 3, 20572.58, 71251677, 206
3455, 828, 3, 30, 0, 0, 4.88%, 0, 0, 3, 21757.83, 71365973, 206
3460, 829, 8, 30, 0, 0, 4.88%, 0, 0, 3, 21293.58, 71475325, 206
3465, 830, 8, 30, 0, 0, 4.88%, 0, 0, 3, 22189.02, 71591748, 206
3470, 832, 25, 30, 0, 0, 4.88%, 0, 0, 3, 21605.74, 71700566, 206
3475, 833, 8, 30, 0, 0, 4.88%, 0, 0, 3, 22367.97, 71819149, 206
3481, 834, 3, 30, 0, 0, 4.88%, 0, 0, 3, 21856.94, 71931361, 206
3486, 836, 12, 30, 0, 0, 4.88%, 0, 0, 3, 23435.74, 72049312, 206
3491, 837, 20, 30, 0, 0, 4.88%, 0, 0, 3, 21543.42, 72157325, 206
3496, 838, 7, 30, 0, 0, 4.88%, 0, 0, 3, 21706.10, 72269968, 206
3501, 840, 19, 30, 0, 0, 4.88%, 0, 0, 3, 21722.08, 72381926, 206
3506, 841, 17, 30, 0, 0, 4.88%, 0, 0, 3, 21004.34, 72493870, 206
3511, 842, 4, 30, 0, 0, 4.88%, 0, 0, 3, 21199.56, 72600605, 206
3516, 843, 20, 30, 0, 0, 4.88%, 0, 0, 3, 21535.98, 72710178, 206
3522, 845, 8, 30, 0, 0, 4.88%, 0, 0, 3, 21223.44, 72818001, 206
3527, 846, 8, 30, 0, 0, 4.88%, 0, 0, 3, 21084.62, 72928650, 206
3532, 847, 24, 30, 0, 0, 4.88%, 0, 0, 3, 22080.14, 73041677, 206
3537, 849, 8, 30, 0, 0, 4.88%, 0, 0, 3, 21705.19, 73151175, 206
3542, 850, 8, 30, 0, 0, 4.88%, 0, 0, 3, 21896.30, 73265053, 206
3547, 851, 8, 30, 0, 0, 4.88%, 0, 0, 3, 20833.42, 73370245, 206
3552, 852, 14, 30, 0, 0, 4.88%, 0, 0, 3, 21873.84, 73482584, 206
3558, 854, 12, 30, 0, 0, 4.88%, 0, 0, 3, 21154.35, 73594234, 206
3563, 855, 9, 30, 0, 0, 4.88%, 0, 0, 3, 21933.03, 73708727, 206
3568, 856, 8, 30, 0, 0, 4.88%, 0, 0, 3, 20139.10, 73813612, 206
3573, 858, 8, 30, 0, 0, 4.88%, 0, 0, 3, 21770.82, 73926982, 206
3578, 859, 8, 30, 0, 0, 4.88%, 0, 0, 3, 20691.07, 74036557, 206
3584, 860, 8, 30, 0, 0, 4.88%, 0, 0, 3, 22068.08, 74151633, 206
3589, 861, 7, 30, 0, 0, 4.88%, 0, 0, 3, 20850.12, 74260597, 206
3594, 863, 26, 30, 0, 0, 4.88%, 0, 0, 3, 21907.35, 74376164, 206
3599, 864, 8, 30, 0, 0, 4.88%, 0, 0, 3, 21972.73, 74488890, 206
3604, 865, 8, 30, 0, 0, 4.88%, 0, 0, 3, 22712.47, 74605210, 206
3609, 867, 8, 30, 0, 0, 4.88%, 0, 0, 3, 21869.02, 74717591, 206
3614, 868, 27, 30, 0, 0, 4.88%, 0, 0, 3, 23324.43, 74836785, 206
3620, 869, 20, 30, 0, 0, 4.88%, 0, 0, 3, 21726.01, 74947177, 206
3625, 871, 25, 30, 0, 0, 4.88%, 0, 0, 3, 22779.13, 75068292, 206
3630, 872, 4, 30, 0, 0, 4.88%, 0, 0, 3, 21289.17, 75170259, 206
3635, 873, 8, 30, 0, 0, 4.88%, 0, 0, 3, 22621.57, 75288482, 206
3640, 875, 10, 30, 0, 0, 4.88%, 0, 0, 3, 21564.13, 75397669, 206
3645, 876, 27, 30, 0, 0, 4.88%, 0, 0, 3, 25649.37, 75524724, 206
3650, 878, 8, 30, 0, 0, 4.88%, 0, 0, 3, 23191.50, 75639288, 206
3656, 879, 3, 30, 0, 0, 4.88%, 0, 0, 3, 22391.73, 75755462, 206
3661, 880, 16, 30, 0, 0, 4.88%, 0, 0, 3, 21688.75, 75865720, 206
3666, 882, 8, 30, 0, 0, 4.88%, 0, 0, 3, 22554.86, 75985397, 206
3671, 883, 7, 30, 0, 0, 4.88%, 0, 0, 3, 22030.17, 76096852, 206
3676, 884, 20, 30, 0, 0, 4.88%, 0, 0, 3, 22319.75, 76213073, 206
3681, 885, 16, 30, 0, 0, 4.88%, 0, 0, 3, 22193.53, 76326638, 206
3687, 887, 8, 30, 0, 0, 4.88%, 0, 0, 3, 21689.07, 76440145, 206
3692, 888, 8, 30, 0, 0, 4.88%, 0, 0, 3, 21529.17, 76549437, 206
3697, 889, 27, 30, 0, 0, 4.88%, 0, 0, 3, 21620.83, 76663405, 206
3702, 891, 8, 30, 0, 0, 4.88%, 0, 0, 3, 22277.65, 76777955, 206
3707, 892, 7, 30, 0, 0, 4.88%, 0, 0, 3, 21881.42, 76892387, 206
3712, 893, 8, 30, 0, 0, 4.88%, 0, 0, 3, 21809.03, 77000357, 206
3717, 894, 12, 30, 0, 0, 4.88%, 0, 0, 3, 20974.48, 77110349, 206
3723, 896, 26, 30, 0, 0, 4.88%, 0, 0, 3, 22089.44, 77224464, 206
3728, 897, 8, 30, 0, 0, 4.88%, 0, 0, 3, 21191.65, 77333782, 206
3733, 898, 8, 30, 0, 0, 4.88%, 0, 0, 3, 21820.17, 77444839, 206
3738, 900, 20, 30, 0, 0, 4.88%, 0, 0, 3, 21593.32, 77556451, 206
3743, 901, 9, 30, 0, 0, 4.88%, 0, 0, 3, 21301.19, 77666357, 206
3748, 902, 20, 30, 0, 0, 4.88%, 0, 0, 3, 20652.42, 77773012, 206
3753, 904, 27, 30, 0, 0, 4.88%, 0, 0, 3, 22257.35, 77887960, 206
3758, 905, 19, 30, 0, 0, 4.88%, 0, 0, 3, 21513.37, 78000518, 206
3764, 906, 12, 30, 0, 0, 4.88%, 0, 0, 3, 22104.27, 78112192, 206
3769, 907, 24, 30, 0, 0, 4.88%, 0, 0, 3, 20861.36, 78219318, 206
3774, 909, 19, 30, 0, 0, 4.88%, 0, 0, 3, 23157.53, 78341587, 206
3779, 910, 8, 30, 0, 0, 4.88%, 0, 0, 3, 21886.65, 78452260, 206
3784, 911, 17, 30, 0, 0, 4.88%, 0, 0, 3, 22883.34, 78570198, 206
3789, 913, 8, 30, 0, 0, 4.88%, 0, 0, 3, 20881.30, 78676826, 206
3794, 914, 8, 30, 0, 0, 4.88%, 0, 0, 3, 22347.06, 78794328, 206
3800, 915, 27, 30, 0, 0, 4.88%, 0, 0, 3, 21268.06, 78900414, 206
3805, 917, 8, 30, 0, 0, 4.88%, 0, 0, 3, 22192.96, 79016146, 206
3810, 918, 8, 30, 0, 0, 4.88%, 0, 0, 3, 20841.34, 79121876, 206
3815, 919, 8, 30, 0, 0, 4.88%, 0, 0, 3, 22309.49, 79238931, 206
3820, 921, 8, 30, 0, 0, 4.88%, 0, 0, 3, 21565.14, 79349773, 206
3825, 922, 8, 30, 0, 0, 4.88%, 0, 0, 3, 22740.76, 79468939, 206
3831, 923, 8, 30, 0, 0, 4.88%, 0, 0, 3, 21533.21, 79578165, 206
3836, 925, 16, 30, 0, 0, 4.88%, 0, 0, 3, 22395.23, 79694043, 206
3841, 926, 27, 30, 0, 0, 4.88%, 0, 0, 3, 22701.65, 79808842, 206
3846, 927, 21, 30, 0, 0, 4.88%, 0, 0, 3, 21305.64, 79919423, 206
3851, 929, 8, 30, 0, 0, 4.88%, 0, 0, 3, 21416.56, 80027195, 206
3856, 930, 20, 30, 0, 0, 4.88%, 0, 0, 3, 21375.65, 80138772, 206
3861, 931, 8, 30, 0, 0, 4.88%, 0, 0, 3, 21562.26, 80244232, 206
3867, 932, 8, 30, 0, 0, 4.88%, 0, 0, 3, 20419.56, 80352994, 206
3872, 934, 27, 30, 0, 0, 4.88%, 0, 0, 3, 21753.24, 80464952, 206
3877, 935, 8, 30, 0, 0, 4.88%, 0, 0, 3, 21237.42, 80576654, 206
3882, 936, 8, 30, 0, 0, 4.88%, 0, 0, 3, 21574.55, 80684515, 206
3887, 938, 8, 30, 0, 0, 4.88%, 0, 0, 3, 22081.16, 80802053, 206
3892, 939, 27, 30, 0, 0, 4.88%, 0, 0, 3, 22892.69, 80919577, 206
3897, 940, 8, 30, 0, 0, 4.88%, 0, 0, 3, 22038.05, 81035166, 206
3903, 942, 2, 30, 0, 0, 4.88%, 0, 0, 3, 22260.99, 81150488, 206
3908, 943, 9, 30, 0, 0, 4.88%, 0, 0, 3, 21162.80, 81256945, 206
3913, 944, 27, 30, 0, 0, 4.88%, 0, 0, 3, 22260.22, 81373009, 206
3918, 946, 24, 30, 0, 0, 4.88%, 0, 0, 3, 21569.82, 81483227, 206
3923, 947, 10, 30, 0, 0, 4.88%, 0, 0, 3, 22383.62, 81599400, 206
3928, 948, 8, 30, 0, 0, 4.88%, 0, 0, 3, 21270.65, 81709578, 206
3933, 950, 27, 30, 0, 0, 4.88%, 0, 0, 3, 22015.21, 81823270, 206
3939, 951, 3, 30, 0, 0, 4.88%, 0, 0, 3, 21060.45, 81932423, 206
3944, 952, 27, 30, 0, 0, 4.88%, 0, 0, 3, 22033.98, 82046777, 206
3949, 953, 27, 30, 0, 0, 4.88%, 0, 0, 3, 20401.55, 82150648, 206
3954, 955, 21, 30, 0, 0, 4.88%, 0, 0, 3, 22207.72, 82267206, 206
3959, 956, 9, 30, 0, 0, 4.88%, 0, 0, 3, 21903.81, 82377004, 206
3964, 957, 27, 30, 0, 0, 4.88%, 0, 0, 3, 22767.48, 82494698, 206
3969, 959, 4, 30, 0, 0, 4.88%, 0, 0, 3, 21617.30, 82605287, 206
3974, 960, 22, 30, 0, 0, 4.88%, 0, 0, 3, 23126.54, 82725508, 206
3980, 961, 8, 30, 0, 0, 4.88%, 0, 0, 3, 21496.26, 82835720, 206
3985, 962, 25, 30, 0, 0, 4.88%, 0, 0, 3, 22244.12, 82948869, 206
3990, 964, 8, 30, 0, 0, 4.88%, 0, 0, 3, 20506.44, 83046953, 206
3995, 965, 8, 30, 0, 0, 4.88%, 0, 0, 3, 22159.92, 83164278, 206
4000, 966, 8, 30, 0, 0, 4.88%, 0, 0, 3, 21430.96, 83270868, 206
4005, 968, 4, 30, 0, 0, 4.88%, 0, 0, 3, 22482.82, 83387492, 206
4010, 969, 27, 30, 0, 0, 4.88%, 0, 0, 3, 23417.42, 83504431, 206
4016, 970, 20, 30, 0, 0, 4.88%, 0, 0, 3, 22528.02, 83620988, 206
4021, 972, 20, 30, 0, 0, 4.88%, 0, 0, 3, 21360.36, 83724703, 206
4026, 973, 16, 30, 0, 0, 4.88%, 0, 0, 3, 21938.98, 83841055, 206
4031, 974, 2, 30, 0, 0, 4.88%, 0, 0, 3, 21771.76, 83952384, 206
4036, 976, 4, 30, 0, 0, 4.88%, 0, 0, 3, 22351.18, 84069842, 206
4041, 977, 26, 30, 0, 0, 4.88%, 0, 0, 3, 21537.15, 84175449, 206
4046, 978, 4, 30, 0, 0, 4.88%, 0, 0, 3, 21285.30, 84289493, 206
4051, 980, 27, 30, 0, 0, 4.88%, 0, 0, 3, 21658.07, 84400880, 206
4057, 981, 25, 30, 0, 0, 4.88%, 0, 0, 3, 21930.12, 84515249, 206
4062, 982, 10, 30, 0, 0, 4.88%, 0, 0, 3, 21567.54, 84627110, 206
4067, 983, 22, 30, 0, 0, 4.88%, 0, 0, 3, 21914.57, 84743622, 206
4072, 985, 27, 30, 0, 0, 4.88%, 0, 0, 3, 22421.22, 84857664, 206
4077, 986, 8, 30, 0, 0, 4.88%, 0, 0, 3, 21787.80, 84971855, 206
4082, 988, 21, 30, 0, 0, 4.88%, 0, 0, 3, 22922.22, 85089884, 206
4087, 989, 19, 30, 0, 0, 4.88%, 0, 0, 3, 21595.45, 85198991, 206
4093, 990, 8, 30, 0, 0, 4.88%, 0, 0, 3, 22662.81, 85315644, 206
4098, 991, 27, 30, 0, 0, 4.88%, 0, 0, 3, 21091.01, 85426228, 206
4103, 993, 25, 30, 0, 0, 4.88%, 0, 0, 3, 22439.12, 85542724, 206
4108, 994, 3, 30, 0, 0, 4.88%, 0, 0, 3, 20719.77, 85648738, 206
4113, 995, 27, 30, 0, 0, 4.88%, 0, 0, 3, 22503.79, 85767007, 206
4118, 997, 8, 30, 0, 0, 4.88%, 0, 0, 3, 21640.31, 85881075, 206
4124, 998, 8, 30, 0, 0, 4.88%, 0, 0, 3, 23740.24, 86004960, 206
4129, 1000, 8, 30, 0, 0, 4.88%, 0, 0, 3, 20941.97, 86112895, 206
4134, 1001, 19, 30, 0, 0, 4.88%, 0, 0, 3, 22153.15, 86230121, 206
4139, 1002, 27, 30, 0, 0, 4.88%, 0, 0, 3, 21074.59, 86340722, 206
4144, 1004, 24, 30, 0, 0, 4.88%, 0, 0, 3, 22799.61, 86459152, 206
4149, 1005, 8, 30, 0, 0, 4.88%, 0, 0, 3, 20729.21, 86561039, 206
4154, 1006, 8, 30, 0, 0, 4.88%, 0, 0, 3, 22457.98, 86675020, 206
4159, 1007, 8, 30, 0, 0, 4.88%, 0, 0, 3, 21016.33, 86778611, 206
4164, 1009, 8, 30, 0, 0, 4.88%, 0, 0, 3, 23122.55, 86894901, 206
4169, 1010, 24, 30, 0, 0, 4.88%, 0, 0, 3, 21927.33, 87005442, 206
4174, 1011, 27, 30, 0, 0, 4.88%, 0, 0, 3, 22701.74, 87119987, 206
4180, 1013, 27, 30, 0, 0, 4.88%, 0, 0, 3, 21968.85, 87233544, 206
4185, 1014, 8, 30, 0, 0, 4.88%, 0, 0, 3, 22813.24, 87351911, 206
4190, 1015, 7, 30, 0, 0, 4.88%, 0, 0, 3, 21610.41, 87462040, 206
4195, 1017, 2, 30, 0, 0, 4.88%, 0, 0, 3, 22453.36, 87579580, 206
4200, 1018, 8, 30, 0, 0, 4.88%, 0, 0, 3, 22425.93, 87692810, 206
4206, 1019, 21, 30, 0, 0, 4.88%, 0, 0, 3, 23854.33, 87816425, 206
4211, 1021, 8, 30, 0, 0, 4.88%, 0, 0, 3, 21896.28, 87920785, 206
4216, 1022, 8, 30, 0, 0, 4.88%, 0, 0, 3, 22298.61, 88036959, 206
4221, 1023, 8, 30, 0, 0, 4.88%, 0, 0, 3, 22518.71, 88148028, 206
4226, 1025, 19, 30, 0, 0, 4.88%, 0, 0, 3, 22971.89, 88269598, 206
4231, 1026, 8, 30, 0, 0, 4.88%, 0, 0, 3, 21952.31, 88375262, 206
4236, 1027, 8, 30, 0, 0, 4.88%, 0, 0, 3, 22320.95, 88491132, 206
4241, 1029, 22, 30, 0, 0, 4.88%, 0, 0, 3, 21953.49, 88600985, 206
4247, 1030, 17, 30, 0, 0, 4.88%, 0, 0, 3, 22058.85, 88716520, 206
4252, 1031, 8, 30, 0, 0, 4.88%, 0, 0, 3, 22546.81, 88828763, 206
4257, 1033, 27, 30, 0, 0, 4.88%, 0, 0, 3, 21776.97, 88942194, 206
4262, 1034, 16, 30, 0, 0, 4.88%, 0, 0, 3, 22808.48, 89056970, 206
4267, 1035, 8, 30, 0, 0, 4.88%, 0, 0, 3, 22196.68, 89175034, 206
4272, 1037, 8, 30, 0, 0, 4.88%, 0, 0, 3, 22528.13, 89288175, 206
4277, 1038, 27, 30, 0, 0, 4.88%, 0, 0, 3, 22931.09, 89404792, 206
4282, 1039, 27, 30, 0, 0, 4.88%, 0, 0, 3, 22019.72, 89514834, 206
4287, 1041, 8, 30, 0, 0, 4.88%, 0, 0, 3, 21036.05, 89625202, 206
4292, 1042, 22, 30, 0, 0, 4.88%, 0, 0, 3, 22569.99, 89743905, 206
4298, 1043, 8, 30, 0, 0, 4.88%, 0, 0, 3, 20874.38, 89851701, 206
4303, 1044, 27, 30, 0, 0, 4.88%, 0, 0, 3, 22192.79, 89967682, 206
4308, 1046, 21, 30, 0, 0, 4.88%, 0, 0, 3, 21468.38, 90078672, 206
4313, 1047, 8, 30, 0, 0, 4.88%, 0, 0, 3, 22729.11, 90197042, 206
4318, 1048, 10, 30, 0, 0, 4.88%, 0, 0, 3, 21358.52, 90307382, 206
4323, 1050, 8, 30, 0, 0, 4.88%, 0, 0, 3, 22625.04, 90425588, 206
4328, 1051, 8, 30, 0, 0, 4.88%, 0, 0, 3, 22026.19, 90535960, 206
4333, 1053, 20, 30, 0, 0, 4.88%, 0, 0, 3, 23000.94, 90652220, 206
4339, 1054, 14, 30, 0, 0, 4.88%, 0, 0, 3, 21679.00, 90763983, 206
4344, 1055, 25, 30, 0, 0, 4.88%, 0, 0, 3, 23128.07, 90888883, 206
4349, 1056, 25, 30, 0, 0, 4.88%, 0, 0, 3, 20681.60, 90989978, 206
4354, 1058, 25, 30, 0, 0, 4.88%, 0, 0, 3, 22724.16, 91110558, 206
4359, 1059, 10, 30, 0, 0, 4.88%, 0, 0, 3, 21271.16, 91222409, 206
4364, 1060, 21, 30, 0, 0, 4.88%, 0, 0, 3, 22258.34, 91335839, 206
4369, 1062, 3, 30, 0, 0, 4.88%, 0, 0, 3, 22317.79, 91447593, 206
4374, 1063, 25, 30, 0, 0, 4.88%, 0, 0, 3, 23086.39, 91567816, 206
4380, 1065, 8, 30, 0, 0, 4.88%, 0, 0, 3, 21990.48, 91679810, 206
4385, 1066, 26, 30, 0, 0, 4.88%, 0, 0, 3, 22353.99, 91797328, 206
4390, 1067, 8, 30, 0, 0, 4.88%, 0, 0, 3, 21986.53, 91907329, 206
4395, 1069, 12, 30, 0, 0, 4.88%, 0, 0, 3, 23099.00, 92029464, 206
4400, 1070, 24, 30, 0, 0, 4.88%, 0, 0, 3, 22373.46, 92139791, 206
4405, 1071, 8, 30, 0, 0, 4.88%, 0, 0, 3, 22908.81, 92257043, 206
4410, 1073, 8, 30, 0, 0, 4.88%, 0, 0, 3, 22513.72, 92368278, 206
4416, 1074, 26, 30, 0, 0, 4.88%, 0, 0, 3, 22599.59, 92487581, 206
4421, 1075, 8, 30, 0, 0, 4.88%, 0, 0, 3, 22177.42, 92600191, 206
4426, 1077, 27, 30, 0, 0, 4.88%, 0, 0, 3, 22945.37, 92722149, 206
4431, 1078, 24, 30, 0, 0, 4.88%, 0, 0, 3, 23994.31, 92837083, 206
4436, 1079, 25, 30, 0, 0, 4.88%, 0, 0, 3, 22559.37, 92950492, 206
4441, 1081, 21, 30, 0, 0, 4.88%, 0, 0, 3, 22031.94, 93060131, 206
4446, 1082, 8, 30, 0, 0, 4.88%, 0, 0, 3, 22109.91, 93176902, 206
4452, 1083, 14, 30, 0, 0, 4.88%, 0, 0, 3, 22141.68, 93290641, 206
4457, 1085, 8, 30, 0, 0, 4.88%, 0, 0, 3, 22439.25, 93405327, 206
4462, 1086, 27, 30, 0, 0, 4.88%, 0, 0, 3, 22635.32, 93518599, 206
4467, 1087, 8, 30, 0, 0, 4.88%, 0, 0, 3, 22159.61, 93633879, 206
4472, 1089, 8, 30, 0, 0, 4.88%, 0, 0, 3, 22295.24, 93746565, 206
4477, 1090, 8, 30, 0, 0, 4.88%, 0, 0, 3, 21727.73, 93862331, 206
4482, 1091, 7, 30, 0, 0, 4.88%, 0, 0, 3, 22233.89, 93977180, 206
4487, 1092, 8, 30, 0, 0, 4.88%, 0, 0, 3, 22083.07, 94093008, 206
4493, 1094, 8, 30, 0, 0, 4.88%, 0, 0, 3, 22389.22, 94207386, 206
4498, 1095, 8, 30, 0, 0, 4.88%, 0, 0, 3, 21867.33, 94318310, 206
4503, 1096, 8, 30, 0, 0, 4.88%, 0, 0, 3, 22972.24, 94433896, 206
4508, 1098, 8, 30, 0, 0, 4.88%, 0, 0, 3, 21409.88, 94543677, 206
4513, 1099, 17, 30, 0, 0, 4.88%, 0, 0, 3, 22640.96, 94660702, 206
4518, 1101, 27, 30, 0, 0, 4.88%, 0, 0, 3, 22362.91, 94778104, 206
4523, 1102, 8, 30, 0, 0, 4.88%, 0, 0, 3, 22905.64, 94896555, 206
4528, 1103, 8, 30, 0, 0, 4.88%, 0, 0, 3, 20862.42, 94998336, 206
4533, 1104, 4, 30, 0, 0, 4.88%, 0, 0, 3, 22301.48, 95114488, 206
4539, 1106, 8, 30, 0, 0, 4.88%, 0, 0, 3, 21542.76, 95226814, 206
4544, 1107, 3, 30, 0, 0, 4.88%, 0, 0, 3, 22819.70, 95345109, 206
4549, 1108, 27, 30, 0, 0, 4.88%, 0, 0, 3, 21634.47, 95456369, 206
4554, 1110, 25, 30, 0, 0, 4.88%, 0, 0, 3, 23819.53, 95583437, 206
4559, 1111, 8, 30, 0, 0, 4.88%, 0, 0, 3, 21986.80, 95695953, 206
4564, 1113, 27, 30, 0, 0, 4.88%, 0, 0, 3, 22986.53, 95817596, 206
4569, 1114, 8, 30, 0, 0, 4.88%, 0, 0, 3, 21444.48, 95922296, 206
4574, 1115, 8, 30, 0, 0, 4.88%, 0, 0, 3, 22821.64, 96037224, 206
4580, 1117, 8, 30, 0, 0, 4.88%, 0, 0, 3, 21550.29, 96148901, 206
4585, 1118, 8, 30, 0, 0, 4.88%, 0, 0, 3, 22979.70, 96271838, 206
4590, 1119, 27, 30, 0, 0, 4.88%, 0, 0, 3, 20992.96, 96377940, 206
4595, 1121, 8, 30, 0, 0, 4.88%, 0, 0, 3, 22488.64, 96494884, 206
4600, 1122, 20, 30, 0, 0, 4.88%, 0, 0, 3, 21486.59, 96599077, 206
4605, 1123, 8, 30, 0, 0, 4.88%, 0, 0, 3, 22500.62, 96714540, 206
4610, 1124, 24, 30, 0, 0, 4.88%, 0, 0, 3, 22116.24, 96825860, 206
4616, 1126, 8, 30, 0, 0, 4.88%, 0, 0, 3, 23367.87, 96949026, 206
4621, 1127, 8, 30, 0, 0, 4.88%, 0, 0, 3, 22053.32, 97059548, 206
4626, 1128, 8, 30, 0, 0, 4.88%, 0, 0, 3, 22901.80, 97177940, 206
4631, 1130, 8, 30, 0, 0, 4.88%, 0, 0, 3, 22159.29, 97290057, 206
4636, 1131, 8, 30, 0, 0, 4.88%, 0, 0, 3, 21816.76, 97401741, 206
4641, 1132, 3, 30, 0, 0, 4.88%, 0, 0, 3, 21818.56, 97509196, 206
4646, 1134, 12, 30, 0, 0, 4.88%, 0, 0, 3, 22039.24, 97624956, 206
4651, 1135, 27, 30, 0, 0, 4.88%, 0, 0, 3, 22377.58, 97738527, 206
4657, 1136, 8, 30, 0, 0, 4.88%, 0, 0, 3, 21595.33, 97852667, 206
4662, 1138, 2, 30, 0, 0, 4.88%, 0, 0, 3, 22229.17, 97966518, 206
4667, 1139, 8, 30, 0, 0, 4.88%, 0, 0, 3, 21683.71, 98077356, 206
4672, 1140, 9, 30, 0, 0, 4.88%, 0, 0, 3, 22394.71, 98193171, 206
4677, 1141, 2, 30, 0, 0, 4.88%, 0, 0, 3, 21645.34, 98306299, 206
4682, 1143, 8, 30, 0, 0, 4.88%, 0, 0, 3, 23732.99, 98425385, 206
4687, 1144, 26, 30, 0, 0, 4.88%, 0, 0, 3, 22211.95, 98537281, 206
4692, 1145, 27, 30, 0, 0, 4.88%, 0, 0, 3, 22357.53, 98651524, 206
4698, 1146, 27, 30, 0, 0, 4.88%, 0, 0, 3, 21522.74, 98761586, 206
4703, 1148, 8, 30, 0, 0, 4.88%, 0, 0, 3, 22600.38, 98875114, 206
4708, 1149, 20, 30, 0, 0, 4.88%, 0, 0, 3, 20960.78, 98984044, 206
4713, 1150, 8, 30, 0, 0, 4.88%, 0, 0, 3, 21857.08, 99097458, 206
4718, 1152, 8, 30, 0, 0, 4.88%, 0, 0, 3, 22047.02, 99214094, 206
4723, 1153, 26, 30, 0, 0, 4.88%, 0, 0, 3, 22309.86, 99325750, 206
4728, 1154, 25, 30, 0, 0, 4.88%, 0, 0, 3, 22304.08, 99443540, 206
4733, 1156, 8, 30, 0, 0, 4.88%, 0, 0, 3, 22304.00, 99560097, 206
4739, 1157, 8, 30, 0, 0, 4.88%, 0, 0, 3, 21238.67, 99671336, 206
4744, 1158, 8, 30, 0, 0, 4.88%, 0, 0, 3, 22853.03, 99787503, 206
4749, 1160, 8, 30, 0, 0, 4.88%, 0, 0, 3, 21661.72, 99895959, 206
4754, 1161, 8, 30, 0, 0, 4.88%, 0, 0, 3, 22694.29, 100011319, 206
4759, 1162, 4, 30, 0, 0, 4.88%, 0, 0, 3, 21709.50, 100123378, 206
4764, 1163, 8, 30, 0, 0, 4.88%, 0, 0, 3, 23009.10, 100243727, 206
4769, 1165, 14, 30, 0, 0, 4.88%, 0, 0, 3, 21288.37, 100348542, 206
4775, 1166, 8, 30, 0, 0, 4.88%, 0, 0, 3, 23336.07, 100471214, 206
4780, 1167, 17, 30, 0, 0, 4.88%, 0, 0, 3, 22200.24, 100580058, 206
4785, 1169, 8, 30, 0, 0, 4.88%, 0, 0, 3, 23000.07, 100699107, 206
4790, 1170, 8, 30, 0, 0, 4.88%, 0, 0, 3, 21734.59, 100809358, 206
4795, 1171, 21, 30, 0, 0, 4.88%, 0, 0, 3, 22551.57, 100928959, 206
4800, 1173, 27, 30, 0, 0, 4.88%, 0, 0, 3, 21776.22, 101038979, 206
4805, 1174, 8, 30, 0, 0, 4.88%, 0, 0, 3, 22532.17, 101156425, 206
4810, 1175, 8, 30, 0, 0, 4.88%, 0, 0, 3, 22038.99, 101264075, 206
4816, 1177, 27, 30, 0, 0, 4.88%, 0, 0, 3, 23100.62, 101383330, 206
4821, 1178, 8, 30, 0, 0, 4.88%, 0, 0, 3, 22075.29, 101493803, 206
4826, 1179, 8, 30, 0, 0, 4.88%, 0, 0, 3, 21523.67, 101606184, 206
4831, 1181, 17, 30, 0, 0, 4.88%, 0, 0, 3, 21838.42, 101715687, 206
4836, 1182, 20, 30, 0, 0, 4.88%, 0, 0, 3, 21682.66, 101829016, 206
4841, 1183, 8, 30, 0, 0, 4.88%, 0, 0, 3, 21865.04, 101940953, 206
4847, 1185, 19, 30, 0, 0, 4.88%, 0, 0, 3, 22188.24, 102056842, 206
4852, 1186, 8, 30, 0, 0, 4.88%, 0, 0, 3, 22943.53, 102173320, 206
4857, 1187, 26, 30, 0, 0, 4.88%, 0, 0, 3, 21527.24, 102285934, 206
4862, 1189, 8, 30, 0, 0, 4.88%, 0, 0, 3, 21871.63, 102399338, 206
4867, 1190, 8, 30, 0, 0, 4.88%, 0, 0, 3, 21036.76, 102510058, 206
4873, 1191, 17, 30, 0, 0, 4.88%, 0, 0, 3, 23378.03, 102629902, 206
4878, 1193, 9, 30, 0, 0, 4.88%, 0, 0, 3, 21107.98, 102736879, 206
4883, 1194, 25, 30, 0, 0, 4.88%, 0, 0, 3, 22164.35, 102851150, 206
4888, 1195, 20, 30, 0, 0, 4.88%, 0, 0, 3, 20756.51, 102960086, 206
4893, 1196, 27, 30, 0, 0, 4.88%, 0, 0, 3, 22363.25, 103077568, 206
4898, 1198, 8, 30, 0, 0, 4.88%, 0, 0, 3, 21723.04, 103196554, 206
4903, 1199, 16, 30, 0, 0, 4.88%, 0, 0, 3, 23083.53, 103317203, 206
4908, 1201, 8, 30, 0, 0, 4.88%, 0, 0, 3, 22213.90, 103429564, 206
4914, 1202, 12, 30, 0, 0, 4.88%, 0, 0, 3, 22605.38, 103545944, 206
4919, 1203, 14, 30, 0, 0, 4.88%, 0, 0, 3, 21417.93, 103655118, 206
4924, 1205, 26, 30, 0, 0, 4.88%, 0, 0, 3, 22592.57, 103771257, 206
4929, 1206, 27, 30, 0, 0, 4.88%, 0, 0, 3, 20876.34, 103878096, 206
4934, 1207, 8, 30, 0, 0, 4.88%, 0, 0, 3, 22218.41, 103994648, 206
4939, 1209, 8, 30, 0, 0, 4.88%, 0, 0, 3, 22186.57, 104109457, 206
4944, 1210, 8, 30, 0, 0, 4.88%, 0, 0, 3, 22398.01, 104226477, 206
4950, 1211, 8, 30, 0, 0, 4.88%, 0, 0, 3, 21267.26, 104333392, 206
4955, 1212, 3, 30, 0, 0, 4.88%, 0, 0, 3, 22504.41, 104450686, 206
4960, 1214, 8, 30, 0, 0, 4.88%, 0, 0, 3, 21679.12, 104556888, 206
4965, 1215, 8, 30, 0, 0, 4.88%, 0, 0, 3, 22222.07, 104673299, 206
4970, 1216, 19, 30, 0, 0, 4.88%, 0, 0, 3, 21552.52, 104783835, 206
4975, 1218, 8, 30, 0, 0, 4.88%, 0, 0, 3, 22069.53, 104899817, 206
4980, 1219, 22, 30, 0, 0, 4.88%, 0, 0, 3, 21681.86, 105005692, 206
4986, 1220, 8, 30, 0, 0, 4.88%, 0, 0, 3, 22774.32, 105124477, 206
4991, 1222, 8, 30, 0, 0, 4.88%, 0, 0, 3, 23209.01, 105239268, 206
4996, 1223, 8, 30, 0, 0, 4.88%, 0, 0, 3, 23157.89, 105355674, 206
5001, 1224, 8, 30, 0, 0, 4.88%, 0, 0, 3, 22169.94, 105465384, 206
5006, 1225, 8, 30, 0, 0, 4.88%, 0, 0, 3, 21656.99, 105576819, 206
5011, 1227, 8, 30, 0, 0, 4.88%, 0, 0, 3, 22443.06, 105685769, 206
5016, 1228, 22, 30, 0, 0, 4.88%, 0, 0, 3, 22130.88, 105802261, 206
5021, 1229, 17, 30, 0, 0, 4.88%, 0, 0, 3, 21450.84, 105907789, 206
5026, 1231, 8, 30, 0, 0, 4.88%, 0, 0, 3, 21911.94, 106021198, 206
5031, 1232, 16, 30, 0, 0, 4.88%, 0, 0, 3, 21814.13, 106131378, 206
5037, 1233, 8, 30, 0, 0, 4.88%, 0, 0, 3, 21798.52, 106246243, 206
5042, 1235, 8, 30, 0, 0, 4.88%, 0, 0, 3, 21485.58, 106352889, 206
5047, 1236, 27, 30, 0, 0, 4.88%, 0, 0, 3, 21315.70, 106463004, 206
5052, 1237, 8, 30, 0, 0, 4.88%, 0, 0, 3, 21875.59, 106576559, 206
5057, 1239, 8, 30, 0, 0, 4.88%, 0, 0, 3, 23044.20, 106702354, 206
5062, 1240, 27, 30, 0, 0, 4.88%, 0, 0, 3, 22603.97, 106815025, 206
5067, 1241, 2, 30, 0, 0, 4.88%, 0, 0, 3, 21300.03, 106924499, 206
5072, 1242, 22, 30, 0, 0, 4.88%, 0, 0, 3, 21834.06, 107034737, 206
5077, 1244, 22, 30, 0, 0, 4.88%, 0, 0, 3, 22143.42, 107152895, 206
5082, 1245, 8, 30, 0, 0, 4.88%, 0, 0, 3, 22371.94, 107266364, 206
5087, 1246, 8, 30, 0, 0, 4.88%, 0, 0, 3, 22465.58, 107383778, 206
5093, 1248, 4, 30, 0, 0, 4.88%, 0, 0, 3, 22516.23, 107499419, 206
5098, 1249, 8, 30, 0, 0, 4.88%, 0, 0, 3, 21406.82, 107608129, 206
5103, 1251, 8, 30, 0, 0, 4.88%, 0, 0, 3, 23844.46, 107734260, 206
5108, 1252, 24, 30, 0, 0, 4.88%, 0, 0, 3, 21002.56, 107838810, 206
5113, 1253, 26, 30, 0, 0, 4.88%, 0, 0, 3, 22587.55, 107957979, 206
5118, 1255, 8, 30, 0, 0, 4.88%, 0, 0, 3, 21324.30, 108066256, 206
5123, 1256, 8, 30, 0, 0, 4.88%, 0, 0, 3, 22881.63, 108181801, 206
5128, 1257, 2, 30, 0, 0, 4.88%, 0, 0, 3, 21307.35, 108290997, 206
5133, 1258, 8, 30, 0, 0, 4.88%, 0, 0, 3, 22852.48, 108408388, 206
5139, 1260, 8, 30, 0, 0, 4.88%, 0, 0, 3, 21360.38, 108519908, 206
5144, 1261, 8, 30, 0, 0, 4.88%, 0, 0, 3, 22300.88, 108636832, 206
5149, 1262, 8, 30, 0, 0, 4.88%, 0, 0, 3, 20917.25, 108741990, 206
5154, 1264, 27, 30, 0, 0, 4.88%, 0, 0, 3, 22165.57, 108854898, 206
5159, 1265, 27, 30, 0, 0, 4.88%, 0, 0, 3, 20776.39, 108958467, 206
5164, 1266, 21, 30, 0, 0, 4.88%, 0, 0, 3, 22486.01, 109075691, 206
5169, 1268, 8, 30, 0, 0, 4.88%, 0, 0, 3, 21387.22, 109185709, 206
5174, 1269, 16, 30, 0, 0, 4.88%, 0, 0, 3, 22243.73, 109302814, 206
5179, 1270, 8, 30, 0, 0, 4.88%, 0, 0, 3, 21900.03, 109410441, 206
5185, 1272, 8, 30, 0, 0, 4.88%, 0, 0, 3, 22577.56, 109529062, 206
5190, 1273, 8, 30, 0, 0, 4.88%, 0, 0, 3, 21041.66, 109634113, 206
5195, 1274, 8, 30, 0, 0, 4.88%, 0, 0, 3, 22606.11, 109752854, 206
5200, 1275, 8, 30, 0, 0, 4.88%, 0, 0, 3, 21868.58, 109863648, 206
5205, 1277, 8, 30, 0, 0, 4.88%, 0, 0, 3, 22385.33, 109978834, 206
5210, 1278, 8, 30, 0, 0, 4.88%, 0, 0, 3, 21717.01, 110087455, 206
5215, 1279, 8, 30, 0, 0, 4.88%, 0, 0, 3, 22528.94, 110200317, 206
5221, 1281, 3, 30, 0, 0, 4.88%, 0, 0, 3, 21875.61, 110308094, 206
5226, 1282, 24, 30, 0, 0, 4.88%, 0, 0, 3, 23249.46, 110427695, 206
5231, 1283, 8, 30, 0, 0, 4.88%, 0, 0, 3, 22192.86, 110534663, 206
5236, 1285, 8, 30, 0, 0, 4.88%, 0, 0, 3, 23122.95, 110654502, 206
5241, 1286, 8, 30, 0, 0, 4.88%, 0, 0, 3, 22371.82, 110762121, 206
5246, 1287, 8, 30, 0, 0, 4.88%, 0, 0, 3, 22404.54, 110877258, 206
5251, 1288, 27, 30, 0, 0, 4.88%, 0, 0, 3, 21556.44, 110985264, 206
5256, 1290, 8, 30, 0, 0, 4.88%, 0, 0, 3, 22287.57, 111102306, 206
5261, 1291, 27, 30, 0, 0, 4.88%, 0, 0, 3, 21346.04, 111206866, 206
5266, 1292, 8, 30, 0, 0, 4.88%, 0, 0, 3, 21852.08, 111321958, 206
5271, 1294, 8, 30, 0, 0, 4.88%, 0, 0, 3, 21495.95, 111427067, 206
5276, 1295, 8, 30, 0, 0, 4.88%, 0, 0, 3, 21230.40, 111534246, 206
5282, 1296, 25, 30, 0, 0, 4.88%, 0, 0, 3, 22059.81, 111647554, 206
5287, 1297, 8, 30, 0, 0, 4.88%, 0, 0, 3, 21488.48, 111759923, 206
5292, 1299, 27, 30, 0, 0, 4.88%, 0, 0, 3, 22294.14, 111875075, 206
5297, 1300, 16, 30, 0, 0, 4.88%, 0, 0, 3, 21816.23, 111984959, 206
5302, 1301, 8, 30, 0, 0, 4.88%, 0, 0, 3, 22057.21, 112098987, 206
5307, 1303, 22, 30, 0, 0, 4.88%, 0, 0, 3, 21172.86, 112206410, 206
5312, 1304, 8, 30, 0, 0, 4.88%, 0, 0, 3, 22077.61, 112321794, 206
5317, 1305, 8, 30, 0, 0, 4.88%, 0, 0, 3, 21969.00, 112435346, 206
5323, 1307, 8, 30, 0, 0, 4.88%, 0, 0, 3, 22463.90, 112550556, 206
5328, 1308, 8, 30, 0, 0, 4.88%, 0, 0, 3, 22062.63, 112666170, 206
5333, 1309, 7, 30, 0, 0, 4.88%, 0, 0, 3, 22411.28, 112778872, 206
5338, 1311, 8, 30, 0, 0, 4.88%, 0, 0, 3, 21200.14, 112886284, 206
5343, 1312, 14, 30, 0, 0, 4.88%, 0, 0, 3, 22659.03, 113004933, 206
5348, 1313, 22, 30, 0, 0, 4.88%, 0, 0, 3, 20753.91, 113111621, 206
5353, 1315, 27, 30, 0, 0, 4.88%, 0, 0, 3, 22475.73, 113227578, 206
5359, 1316, 8, 30, 0, 0, 4.88%, 0, 0, 3, 22182.73, 113344529, 206
5364, 1317, 8, 30, 0, 0, 4.88%, 0, 0, 3, 22816.56, 113458298, 206
5369, 1319, 8, 30, 0, 0, 4.88%, 0, 0, 3, 20821.51, 113564548, 206
5374, 1320, 8, 30, 0, 0, 4.88%, 0, 0, 3, 22246.10, 113680580, 206
5379, 1321, 8, 30, 0, 0, 4.88%, 0, 0, 3, 22040.73, 113795974, 206
5384, 1323, 14, 30, 0, 0, 4.88%, 0, 0, 3, 22414.59, 113911338, 206
5390, 1324, 20, 30, 0, 0, 4.88%, 0, 0, 3, 22035.54, 114025119, 206
5395, 1325, 17, 30, 0, 0, 4.88%, 0, 0, 3, 22381.10, 114142383, 206
5400, 1327, 10, 30, 0, 0, 4.88%, 0, 0, 3, 23072.25, 114260628, 206
5405, 1328, 12, 30, 0, 0, 4.88%, 0, 0, 3, 22667.44, 114378686, 206
5410, 1329, 8, 30, 0, 0, 4.88%, 0, 0, 3, 22145.56, 114490455, 206
5415, 1331, 3, 30, 0, 0, 4.88%, 0, 0, 3, 23409.94, 114615911, 206
5420, 1332, 8, 30, 0, 0, 4.88%, 0, 0, 3, 23162.52, 114729810, 206
5426, 1334, 8, 30, 0, 0, 4.88%, 0, 0, 3, 21660.22, 114843250, 206
5431, 1335, 8, 30, 0, 0, 4.88%, 0, 0, 3, 21741.40, 114948657, 206
5436, 1336, 8, 30, 0, 0, 4.88%, 0, 0, 3, 22306.42, 115063794, 206
5441, 1337, 14, 30, 0, 0, 4.88%, 0, 0, 3, 21360.47, 115170915, 206
5446, 1339, 8, 30, 0, 0, 4.88%, 0, 0, 3, 21320.26, 115283324, 206
5451, 1340, 27, 30, 0, 0, 4.88%, 0, 0, 3, 22152.16, 115394969, 206
5456, 1341, 2, 30, 0, 0, 4.88%, 0, 0, 3, 22293.64, 115508328, 206
5461, 1342, 17, 30, 0, 0, 4.88%, 0, 0, 3, 22869.77, 115619853, 206
5466, 1344, 8, 30, 0, 0, 4.88%, 0, 0, 3, 23036.86, 115743913, 206
5471, 1345, 27, 30, 0, 0, 4.88%, 0, 0, 3, 23264.34, 115859866, 206
5477, 1346, 12, 30, 0, 0, 4.88%, 0, 0, 3, 23054.67, 115977135, 206
5482, 1348, 27, 30, 0, 0, 4.88%, 0, 0, 3, 23336.59, 116095301, 206
5487, 1349, 8, 30, 0, 0, 4.88%, 0, 0, 3, 21452.86, 116208073, 206
5492, 1351, 20, 30, 0, 0, 4.88%, 0, 0, 3, 24159.00, 116329381, 206
5497, 1352, 8, 30, 0, 0, 4.88%, 0, 0, 3, 22673.88, 116442028, 206
5502, 1353, 8, 30, 0, 0, 4.88%, 0, 0, 3, 22296.92, 116554662, 206
5507, 1355, 14, 30, 0, 0, 4.88%, 0, 0, 3, 23179.12, 116681710, 206
5512, 1356, 4, 30, 0, 0, 4.88%, 0, 0, 3, 23178.14, 116798084, 206
5518, 1357, 8, 30, 0, 0, 4.88%, 0, 0, 3, 22625.76, 116918254, 206
5523, 1359, 8, 30, 0, 0, 4.88%, 0, 0, 3, 22341.70, 117034210, 206
5528, 1360, 12, 30, 0, 0, 4.88%, 0, 0, 3, 22475.47, 117154904, 206
5533, 1361, 25, 30, 0, 0, 4.88%, 0, 0, 3, 21981.81, 117269733, 206
5538, 1363, 8, 30, 0, 0, 4.88%, 0, 0, 3, 22076.25, 117386961, 206
5543, 1364, 12, 30, 0, 0, 4.88%, 0, 0, 3, 22813.63, 117506254, 206
5548, 1365, 8, 30, 0, 0, 4.88%, 0, 0, 3, 21106.80, 117609022, 206
5554, 1367, 17, 30, 0, 0, 4.88%, 0, 0, 3, 22321.12, 117723990, 206
5559, 1368, 7, 30, 0, 0, 4.88%, 0, 0, 3, 21663.17, 117836612, 206
5564, 1369, 8, 30, 0, 0, 4.88%, 0, 0, 3, 22499.27, 117949835, 206
5569, 1371, 8, 30, 0, 0, 4.88%, 0, 0, 3, 21606.05, 118061388, 206
5574, 1372, 17, 30, 0, 0, 4.88%, 0, 0, 3, 23236.44, 118184957, 206
5579, 1373, 8, 30, 0, 0, 4.88%, 0, 0, 3, 21951.56, 118296055, 206
5585, 1375, 26, 30, 0, 0, 4.88%, 0, 0, 3, 23410.57, 118418375, 206
5590, 1376, 8, 30, 0, 0, 4.88%, 0, 0, 3, 22326.66, 118525940, 206
5595, 1377, 8, 30, 0, 0, 4.88%, 0, 0, 3, 23671.22, 118651139, 206
5600, 1379, 8, 30, 0, 0, 4.88%, 0, 0, 3, 21559.91, 118761320, 206
5605, 1380, 8, 30, 0, 0, 4.88%, 0, 0, 3, 22653.99, 118881443, 206
5610, 1381, 8, 30, 0, 0, 4.88%, 0, 0, 3, 21465.38, 118984866, 206
5615, 1383, 4, 30, 0, 0, 4.88%, 0, 0, 3, 24052.65, 119109315, 206
5620, 1384, 8, 30, 0, 0, 4.88%, 0, 0, 3, 22222.50, 119218786, 206
5625, 1385, 8, 30, 0, 0, 4.88%, 0, 0, 3, 22577.34, 119331140, 206
5630, 1387, 8, 30, 0, 0, 4.88%, 0, 0, 3, 22326.58, 119447193, 206
5635, 1388, 8, 30, 0, 0, 4.88%, 0, 0, 3, 22745.57, 119564342, 206
5640, 1389, 14, 30, 0, 0, 4.88%, 0, 0, 3, 22405.20, 119673052, 206
5645, 1391, 8, 30, 0, 0, 4.88%, 0, 0, 3, 22358.15, 119785616, 206
5651, 1392, 7, 30, 0, 0, 4.88%, 0, 0, 3, 22086.08, 119898433, 206
5656, 1394, 24, 30, 0, 0, 4.88%, 0, 0, 3, 23649.90, 120021950, 206
5661, 1395, 8, 30, 0, 0, 4.88%, 0, 0, 3, 22138.08, 120131116, 206
5666, 1396, 8, 30, 0, 0, 4.88%, 0, 0, 3, 21549.72, 120245290, 206
5671, 1397, 3, 30, 0, 0, 4.88%, 0, 0, 3, 22211.49, 120357693, 206
5676, 1399, 16, 30, 0, 0, 4.88%, 0, 0, 3, 22096.81, 120475204, 206
5681, 1400, 8, 30, 0, 0, 4.88%, 0, 0, 3, 22689.96, 120592933, 206
5687, 1401, 8, 30, 0, 0, 4.88%, 0, 0, 3, 22086.47, 120707504, 206
5692, 1403, 8, 30, 0, 0, 4.88%, 0, 0, 3, 22416.33, 120820766, 206
5697, 1404, 8, 30, 0, 0, 4.88%, 0, 0, 3, 22372.50, 120939961, 206
5702, 1406, 8, 30, 0, 0, 4.88%, 0, 0, 3, 22368.83, 121054442, 206
5707, 1407, 27, 30, 0, 0, 4.88%, 0, 0, 3, 22665.41, 121175745, 206
5712, 1408, 9, 30, 0, 0, 4.88%, 0, 0, 3, 22362.67, 121286417, 206
5718, 1410, 22, 30, 0, 0, 4.88%, 0, 0, 3, 22002.65, 121402449, 206
5723, 1411, 8, 30, 0, 0, 4.88%, 0, 0, 3, 22287.51, 121517711, 206
5728, 1412, 27, 30, 0, 0, 4.88%, 0, 0, 3, 21068.79, 121624139, 206
5733, 1414, 8, 30, 0, 0, 4.88%, 0, 0, 3, 22342.39, 121739987, 206
5738, 1415, 8, 30, 0, 0, 4.88%, 0, 0, 3, 21918.71, 121853738, 206
5743, 1416, 8, 30, 0, 0, 4.88%, 0, 0, 3, 22551.94, 121971937, 206
5748, 1418, 27, 30, 0, 0, 4.88%, 0, 0, 3, 21497.30, 122081350, 206
5753, 1419, 8, 30, 0, 0, 4.88%, 0, 0, 3, 21828.71, 122195599, 206
5758, 1420, 7, 30, 0, 0, 4.88%, 0, 0, 3, 21280.23, 122303110, 206
5764, 1422, 9, 30, 0, 0, 4.88%, 0, 0, 3, 23644.43, 122426397, 206
5769, 1423, 8, 30, 0, 0, 4.88%, 0, 0, 3, 21805.26, 122537167, 206
5774, 1424, 25, 30, 0, 0, 4.88%, 0, 0, 3, 23609.52, 122661498, 206
5779, 1426, 27, 30, 0, 0, 4.88%, 0, 0, 3, 22009.02, 122769558, 206
5784, 1427, 8, 30, 0, 0, 4.88%, 0, 0, 3, 23509.07, 122892649, 206
5789, 1428, 8, 30, 0, 0, 4.88%, 0, 0, 3, 21385.54, 122994869, 206
5794, 1430, 8, 30, 0, 0, 4.88%, 0, 0, 3, 22907.70, 123114055, 206
5799, 1431, 8, 30, 0, 0, 4.88%, 0, 0, 3, 21852.07, 123223828, 206
5805, 1432, 8, 30, 0, 0, 4.88%, 0, 0, 3, 23309.47, 123346950, 206
5810, 1434, 27, 30, 0, 0, 4.88%, 0, 0, 3, 22308.53, 123457698, 206
5815, 1435, 8, 30, 0, 0, 4.88%, 0, 0, 3, 22930.34, 123577367, 206
5820, 1436, 27, 30, 0, 0, 4.88%, 0, 0, 3, 21434.80, 123684512, 206
5825, 1438, 12, 30, 0, 0, 4.88%, 0, 0, 3, 22477.60, 123804465, 206
5830, 1439, 7, 30, 0, 0, 4.88%, 0, 0, 3, 21816.24, 123915208, 206
5836, 1441, 8, 30, 0, 0, 4.88%, 0, 0, 3, 22673.61, 124032946, 206
5841, 1442, 12, 30, 0, 0, 4.88%, 0, 0, 3, 22510.60, 124143592, 206
5846, 1443, 20, 30, 0, 0, 4.88%, 0, 0, 3, 23336.82, 124270756, 206
5851, 1445, 8, 30, 0, 0, 4.88%, 0, 0, 3, 20749.74, 124370426, 206
5856, 1446, 8, 30, 0, 0, 4.88%, 0, 0, 3, 22702.69, 124490976, 206
5861, 1447, 17, 30, 0, 0, 4.88%, 0, 0, 3, 22132.80, 124600821, 206
5866, 1449, 8, 30, 0, 0, 4.88%, 0, 0, 3, 22425.25, 124717225, 206
5871, 1450, 8, 30, 0, 0, 4.88%, 0, 0, 3, 22490.04, 124831455, 206
5876, 1451, 10, 30, 0, 0, 4.88%, 0, 0, 3, 21871.64, 124941076, 206
5882, 1453, 4, 30, 0, 0, 4.88%, 0, 0, 3, 22820.60, 125057942, 206
5887, 1454, 16, 30, 0, 0, 4.88%, 0, 0, 3, 22424.77, 125171486, 206
5892, 1455, 8, 30, 0, 0, 4.88%, 0, 0, 3, 23006.83, 125289391, 206
5897, 1457, 8, 30, 0, 0, 4.88%, 0, 0, 3, 21661.80, 125401757, 206
5902, 1458, 8, 30, 0, 0, 4.88%, 0, 0, 3, 23016.17, 125521062, 206
5907, 1459, 27, 30, 0, 0, 4.88%, 0, 0, 3, 21080.36, 125634391, 206
5913, 1461, 8, 30, 0, 0, 4.88%, 0, 0, 3, 23193.02, 125752981, 206
5918, 1462, 21, 30, 0, 0, 4.88%, 0, 0, 3, 21517.81, 125869060, 206
5923, 1463, 8, 30, 0, 0, 4.88%, 0, 0, 3, 22433.00, 125983349, 206
5928, 1465, 8, 30, 0, 0, 4.88%, 0, 0, 3, 21421.57, 126096377, 206
5933, 1466, 16, 30, 0, 0, 4.88%, 0, 0, 3, 23380.21, 126219074, 206
5938, 1468, 24, 30, 0, 0, 4.88%, 0, 0, 3, 21006.57, 126328037, 206
5943, 1469, 27, 30, 0, 0, 4.88%, 0, 0, 3, 22963.43, 126443691, 206
5948, 1470, 27, 30, 0, 0, 4.88%, 0, 0, 3, 21845.12, 126556163, 206
5954, 1472, 8, 30, 0, 0, 4.88%, 0, 0, 3, 22335.43, 126671403, 206
5959, 1473, 8, 30, 0, 0, 4.88%, 0, 0, 3, 21693.13, 126785063, 206
5964, 1474, 8, 30, 0, 0, 4.88%, 0, 0, 3, 22418.60, 126900396, 206
5969, 1475, 9, 30, 0, 0, 4.88%, 0, 0, 3, 20294.89, 127001322, 206
5974, 1477, 8, 30, 0, 0, 4.88%, 0, 0, 3, 23808.35, 127128905, 206
5979, 1478, 22, 30, 0, 0, 4.88%, 0, 0, 3, 22544.47, 127243781, 206
5985, 1480, 27, 30, 0, 0, 4.88%, 0, 0, 3, 23021.04, 127361130, 206
5990, 1481, 27, 30, 0, 0, 4.88%, 0, 0, 3, 21522.53, 127468598, 206
5995, 1482, 27, 30, 0, 0, 4.88%, 0, 0, 3, 23047.56, 127592890, 206
6000, 1484, 8, 30, 0, 0, 4.88%, 0, 0, 3, 21505.15, 127700256, 206
6005, 1485, 19, 30, 0, 0, 4.88%, 0, 0, 3, 22515.39, 127820156, 206
6010, 1486, 3, 30, 0, 0, 4.88%, 0, 0, 3, 20779.08, 127925805, 206
6015, 1488, 8, 30, 0, 0, 4.88%, 0, 0, 3, 21924.71, 128042346, 206
6021, 1489, 8, 30, 0, 0, 4.88%, 0, 0, 3, 21628.95, 128150135, 206
6026, 1490, 27, 30, 0, 0, 4.88%, 0, 0, 3, 22374.72, 128267897, 206
6031, 1492, 2, 30, 0, 0, 4.88%, 0, 0, 3, 21577.21, 128375881, 206
6036, 1493, 12, 30, 0, 0, 4.88%, 0, 0, 3, 23381.74, 128499053, 206
6041, 1494, 22, 30, 0, 0, 4.88%, 0, 0, 3, 22350.55, 128610898, 206
6046, 1496, 8, 30, 0, 0, 4.88%, 0, 0, 3, 22926.96, 128726949, 206
6051, 1497, 8, 30, 0, 0, 4.88%, 0, 0, 3, 22800.96, 128841827, 206
6056, 1498, 27, 30, 0, 0, 4.88%, 0, 0, 3, 22868.69, 128959220, 206
6062, 1500, 8, 30, 0, 0, 4.88%, 0, 0, 3, 23617.47, 129080085, 206
6067, 1501, 8, 30, 0, 0, 4.88%, 0, 0, 3, 23683.70, 129203369, 206
6072, 1502, 8, 30, 0, 0, 4.88%, 0, 0, 3, 22777.37, 129318595, 206
6077, 1504, 8, 30, 0, 0, 4.88%, 0, 0, 3, 23155.39, 129440008, 206
6082, 1505, 8, 30, 0, 0, 4.88%, 0, 0, 3, 22795.98, 129554052, 206
6087, 1507, 8, 30, 0, 0, 4.88%, 0, 0, 3, 21723.21, 129670707, 206
6093, 1508, 8, 30, 0, 0, 4.88%, 0, 0, 3, 22104.52, 129785726, 206
6098, 1509, 8, 30, 0, 0, 4.88%, 0, 0, 3, 20799.70, 129896554, 206
6103, 1511, 20, 30, 0, 0, 4.88%, 0, 0, 3, 24137.45, 130022381, 206
6108, 1512, 8, 30, 0, 0, 4.88%, 0, 0, 3, 22298.15, 130137044, 206
6113, 1514, 8, 30, 0, 0, 4.88%, 0, 0, 3, 23358.36, 130256587, 206
6118, 1515, 27, 30, 0, 0, 4.88%, 0, 0, 3, 21880.50, 130369272, 206
6123, 1516, 8, 30, 0, 0, 4.88%, 0, 0, 3, 22305.86, 130482416, 206
6128, 1517, 8, 30, 0, 0, 4.88%, 0, 0, 3, 20481.43, 130589067, 206
6134, 1519, 14, 30, 0, 0, 4.88%, 0, 0, 3, 23867.24, 130715833, 206
6139, 1520, 8, 30, 0, 0, 4.88%, 0, 0, 3, 22057.23, 130827705, 206
6144, 1522, 8, 30, 0, 0, 4.88%, 0, 0, 3, 22884.52, 130947467, 206
6149, 1523, 12, 30, 0, 0, 4.88%, 0, 0, 3, 20892.50, 131050408, 206
6154, 1524, 8, 30, 0, 0, 4.88%, 0, 0, 3, 23676.37, 131178057, 206
6159, 1525, 8, 30, 0, 0, 4.88%, 0, 0, 3, 21702.64, 131288713, 206
6165, 1527, 8, 30, 0, 0, 4.88%, 0, 0, 3, 23465.26, 131410601, 206
6170, 1528, 25, 30, 0, 0, 4.88%, 0, 0, 3, 21364.72, 131519366, 206
6175, 1529, 8, 30, 0, 0, 4.88%, 0, 0, 3, 22753.95, 131639081, 206
6180, 1531, 8, 30, 0, 0, 4.88%, 0, 0, 3, 22279.42, 131753077, 206
6185, 1532, 4, 30, 0, 0, 4.88%, 0, 0, 3, 22562.98, 131872015, 206
6190, 1534, 22, 30, 0, 0, 4.88%, 0, 0, 3, 22687.42, 131982600, 206
6196, 1535, 27, 30, 0, 0, 4.88%, 0, 0, 3, 24063.24, 132106564, 206
6201, 1536, 8, 30, 0, 0, 4.88%, 0, 0, 3, 23507.25, 132225160, 206
6206, 1538, 8, 30, 0, 0, 4.88%, 0, 0, 3, 22751.87, 132343674, 206
6211, 1539, 4, 30, 0, 0, 4.88%, 0, 0, 3, 21840.34, 132453012, 206
6216, 1540, 8, 30, 0, 0, 4.88%, 0, 0, 3, 22505.11, 132568016, 206
6221, 1542, 27, 30, 0, 0, 4.88%, 0, 0, 3, 23235.23, 132685221, 206
6226, 1543, 8, 30, 0, 0, 4.88%, 0, 0, 3, 22210.42, 132797635, 206
6232, 1544, 8, 30, 0, 0, 4.88%, 0, 0, 3, 22165.87, 132910648, 206
6237, 1546, 8, 30, 0, 0, 4.88%, 0, 0, 3, 21984.15, 133027428, 206
6242, 1547, 17, 30, 0, 0, 4.88%, 0, 0, 3, 22178.69, 133140776, 206
6247, 1548, 8, 30, 0, 0, 4.88%, 0, 0, 3, 21038.82, 133252604, 206
6252, 1550, 27, 30, 0, 0, 4.88%, 0, 0, 3, 22622.97, 133368714, 206
6257, 1551, 2, 30, 0, 0, 4.88%, 0, 0, 3, 21397.74, 133477144, 206
6262, 1552, 9, 30, 0, 0, 4.88%, 0, 0, 3, 23283.99, 133596966, 206
6267, 1554, 8, 30, 0, 0, 4.88%, 0, 0, 3, 21395.38, 133704981, 206
6273, 1555, 27, 30, 0, 0, 4.88%, 0, 0, 3, 23276.46, 133822571, 206
6278, 1556, 16, 30, 0, 0, 4.88%, 0, 0, 3, 22128.10, 133938191, 206
6283, 1558, 8, 30, 0, 0, 4.88%, 0, 0, 3, 22332.53, 134052197, 206
6288, 1559, 8, 30, 0, 0, 4.88%, 0, 0, 3, 21256.33, 134164565, 206
6293, 1560, 8, 30, 0, 0, 4.88%, 0, 0, 3, 22985.31, 134283540, 206
6298, 1562, 8, 30, 0, 0, 4.88%, 0, 0, 3, 22790.84, 134401441, 206
6304, 1563, 8, 30, 0, 0, 4.88%, 0, 0, 3, 24289.92, 134529200, 206
6309, 1565, 8, 30, 0, 0, 4.88%, 0, 0, 3, 23280.72, 134651357, 206
6314, 1566, 17, 30, 0, 0, 4.88%, 0, 0, 3, 23975.18, 134774993, 206
6319, 1567, 8, 30, 0, 0, 4.88%, 0, 0, 3, 22357.50, 134887009, 206
6324, 1569, 8, 30, 0, 0, 4.88%, 0, 0, 3, 22865.13, 135006854, 206
6329, 1570, 8, 30, 0, 0, 4.88%, 0, 0, 3, 21787.95, 135116878, 206
6334, 1571, 16, 30, 0, 0, 4.88%, 0, 0, 3, 24306.33, 135242228, 206
6339, 1573, 8, 30, 0, 0, 4.88%, 0, 0, 3, 22883.21, 135355411, 206
6345, 1574, 24, 30, 0, 0, 4.88%, 0, 0, 3, 23768.12, 135478213, 206
6350, 1575, 8, 30, 0, 0, 4.88%, 0, 0, 3, 22078.40, 135585640, 206
6355, 1577, 8, 30, 0, 0, 4.88%, 0, 0, 3, 23775.03, 135707414, 206
6360, 1578, 16, 30, 0, 0, 4.88%, 0, 0, 3, 21378.88, 135812568, 206
6365, 1579, 8, 30, 0, 0, 4.88%, 0, 0, 3, 22117.96, 135930571, 206
6370, 1581, 8, 30, 0, 0, 4.88%, 0, 0, 3, 22065.99, 136041309, 206
6375, 1582, 8, 30, 0, 0, 4.88%, 0, 0, 3, 23255.23, 136160614, 206
6380, 1583, 7, 30, 0, 0, 4.88%, 0, 0, 3, 22878.54, 136275809, 206
6385, 1585, 27, 30, 0, 0, 4.88%, 0, 0, 3, 23055.81, 136398124, 206
6390, 1586, 21, 30, 0, 0, 4.88%, 0, 0, 3, 21397.24, 136500321, 206
6395, 1587, 20, 30, 0, 0, 4.88%, 0, 0, 3, 23253.04, 136622099, 206
6400, 1589, 27, 30, 0, 0, 4.88%, 0, 0, 3, 22824.28, 136736179, 206
6406, 1590, 8, 30, 0, 0, 4.88%, 0, 0, 3, 22571.56, 136853558, 206
6411, 1591, 8, 30, 0, 0, 4.88%, 0, 0, 3, 21725.68, 136963351, 206
6416, 1593, 25, 30, 0, 0, 4.88%, 0, 0, 3, 23152.07, 137082926, 206
6421, 1594, 17, 30, 0, 0, 4.88%, 0, 0, 3, 22955.41, 137199680, 206
6426, 1595, 27, 30, 0, 0, 4.88%, 0, 0, 3, 22955.10, 137316212, 206
6431, 1597, 2, 30, 0, 0, 4.88%, 0, 0, 3, 22506.15, 137426749, 206
6436, 1598, 8, 30, 0, 0, 4.88%, 0, 0, 3, 22464.38, 137539362, 206
6441, 1599, 8, 30, 0, 0, 4.88%, 0, 0, 3, 23114.02, 137653170, 206
6446, 1601, 8, 30, 0, 0, 4.88%, 0, 0, 3, 22191.71, 137770247, 206
6451, 1602, 12, 30, 0, 0, 4.88%, 0, 0, 3, 22657.33, 137882417, 206
6456, 1603, 8, 30, 0, 0, 4.88%, 0, 0, 3, 22097.56, 137994437, 206
6461, 1605, 16, 30, 0, 0, 4.88%, 0, 0, 3, 22621.50, 138106821, 206
6466, 1606, 20, 30, 0, 0, 4.88%, 0, 0, 3, 23166.84, 138225260, 206
6471, 1607, 24, 30, 0, 0, 4.88%, 0, 0, 3, 22711.03, 138336619, 206
6476, 1608, 20, 30, 0, 0, 4.88%, 0, 0, 3, 22487.93, 138449688, 206
6481, 1610, 8, 30, 0, 0, 4.88%, 0, 0, 3, 22506.68, 138560087, 206
6487, 1611, 4, 30, 0, 0, 4.88%, 0, 0, 3, 24083.59, 138689647, 206
6492, 1613, 10, 30, 0, 0, 4.88%, 0, 0, 3, 22578.46, 138802796, 206
6497, 1614, 21, 30, 0, 0, 4.88%, 0, 0, 3, 23094.44, 138919831, 206
6502, 1615, 8, 30, 0, 0, 4.88%, 0, 0, 3, 23246.06, 139038604, 206
6507, 1617, 22, 30, 0, 0, 4.88%, 0, 0, 3, 21966.81, 139157556, 206
6512, 1618, 8, 30, 0, 0, 4.88%, 0, 0, 3, 22554.80, 139272431, 206
6517, 1619, 22, 30, 0, 0, 4.88%, 0, 0, 3, 21959.13, 139383748, 206
6523, 1621, 27, 30, 0, 0, 4.88%, 0, 0, 3, 21905.10, 139495721, 206
6528, 1622, 8, 30, 0, 0, 4.88%, 0, 0, 3, 21742.60, 139609988, 206
6533, 1623, 3, 30, 0, 0, 4.88%, 0, 0, 3, 23300.58, 139729509, 206
6538, 1625, 8, 30, 0, 0, 4.88%, 0, 0, 3, 22495.26, 139849065, 206
6543, 1626, 8, 30, 0, 0, 4.88%, 0, 0, 3, 23092.21, 139969314, 206
6549, 1627, 17, 30, 0, 0, 4.88%, 0, 0, 3, 21706.87, 140080751, 206
6554, 1629, 25, 30, 0, 0, 4.88%, 0, 0, 3, 22320.74, 140197610, 206
6559, 1630, 8, 30, 0, 0, 4.88%, 0, 0, 3, 21716.04, 140307494, 206
6564, 1631, 24, 30, 0, 0, 4.88%, 0, 0, 3, 22505.47, 140421541, 206
6569, 1633, 8, 30, 0, 0, 4.88%, 0, 0, 3, 20762.16, 140524281, 206
6574, 1634, 8, 30, 0, 0, 4.88%, 0, 0, 3, 22597.20, 140643698, 206
6579, 1635, 8, 30, 0, 0, 4.88%, 0, 0, 3, 22489.20, 140760378, 206
6584, 1637, 8, 30, 0, 0, 4.88%, 0, 0, 3, 23410.82, 140878180, 206
6590, 1638, 24, 30, 0, 0, 4.88%, 0, 0, 3, 21644.77, 140987273, 206
6595, 1640, 8, 30, 0, 0, 4.88%, 0, 0, 3, 23099.50, 141110598, 206
6600, 1641, 27, 30, 0, 0, 4.88%, 0, 0, 3, 22032.96, 141217867, 206
6605, 1642, 27, 30, 0, 0, 4.88%, 0, 0, 3, 23197.17, 141338919, 206
6610, 1643, 8, 30, 0, 0, 4.88%, 0, 0, 3, 22419.47, 141452153, 206
6615, 1645, 8, 30, 0, 0, 4.88%, 0, 0, 3, 22894.37, 141572729, 206
6621, 1646, 16, 30, 0, 0, 4.88%, 0, 0, 3, 22985.30, 141691225, 206
6626, 1648, 26, 30, 0, 0, 4.88%, 0, 0, 3, 22398.36, 141808290, 206
6631, 1649, 8, 30, 0, 0, 4.88%, 0, 0, 3, 21752.20, 141919978, 206
6636, 1650, 20, 30, 0, 0, 4.88%, 0, 0, 3, 22440.96, 142038351, 206
6641, 1652, 22, 30, 0, 0, 4.88%, 0, 0, 3, 22646.64, 142150323, 206
6646, 1653, 16, 30, 0, 0, 4.88%, 0, 0, 3, 22115.21, 142265431, 206
6651, 1654, 8, 30, 0, 0, 4.88%, 0, 0, 3, 22376.23, 142376746, 206
6656, 1656, 16, 30, 0, 0, 4.88%, 0, 0, 3, 21894.72, 142487524, 206
6661, 1657, 27, 30, 0, 0, 4.88%, 0, 0, 3, 21987.72, 142595976, 206
6667, 1658, 8, 30, 0, 0, 4.88%, 0, 0, 3, 21766.92, 142711098, 206
6672, 1659, 14, 30, 0, 0, 4.88%, 0, 0, 3, 22378.86, 142822991, 206
6677, 1661, 8, 30, 0, 0, 4.88%, 0, 0, 3, 22543.09, 142941269, 206
6682, 1662, 27, 30, 0, 0, 4.88%, 0, 0, 3, 22595.99, 143058099, 206
6687, 1664, 8, 30, 0, 0, 4.88%, 0, 0, 3, 20828.58, 143168858, 206
6692, 1665, 8, 30, 0, 0, 4.88%, 0, 0, 3, 23228.33, 143290404, 206
6698, 1666, 17, 30, 0, 0, 4.88%, 0, 0, 3, 21774.20, 143402877, 206
6703, 1668, 7, 30, 0, 0, 4.88%, 0, 0, 3, 23679.18, 143524894, 206
6708, 1669, 16, 30, 0, 0, 4.88%, 0, 0, 3, 22602.79, 143642799, 206
6713, 1670, 22, 30, 0, 0, 4.88%, 0, 0, 3, 24003.58, 143767463, 206
6718, 1672, 24, 30, 0, 0, 4.88%, 0, 0, 3, 23197.71, 143886344, 206
6723, 1673, 3, 30, 0, 0, 4.88%, 0, 0, 3, 23106.49, 144005780, 206
6729, 1675, 8, 30, 0, 0, 4.88%, 0, 0, 3, 21770.55, 144116669, 206
6734, 1676, 8, 30, 0, 0, 4.88%, 0, 0, 3, 22248.17, 144232401, 206
6739, 1677, 8, 30, 0, 0, 4.88%, 0, 0, 3, 21597.97, 144341340, 206
6744, 1678, 3, 30, 0, 0, 4.88%, 0, 0, 3, 22777.38, 144458549, 206
6749, 1680, 8, 30, 0, 0, 4.88%, 0, 0, 3, 20768.39, 144560601, 206
6754, 1681, 27, 30, 0, 0, 4.88%, 0, 0, 3, 22510.37, 144677102, 206
6759, 1682, 12, 30, 0, 0, 4.88%, 0, 0, 3, 21357.63, 144785288, 206
6764, 1684, 12, 30, 0, 0, 4.88%, 0, 0, 3, 22961.94, 144902525, 206
6769, 1685, 7, 30, 0, 0, 4.88%, 0, 0, 3, 22250.44, 145017376, 206
6774, 1686, 4, 30, 0, 0, 4.88%, 0, 0, 3, 22474.92, 145131324, 206
6779, 1688, 8, 30, 0, 0, 4.88%, 0, 0, 3, 21881.13, 145240950, 206
6784, 1689, 8, 30, 0, 0, 4.88%, 0, 0, 3, 23740.60, 145368690, 206
6790, 1690, 8, 30, 0, 0, 4.88%, 0, 0, 3, 22706.83, 145481789, 206
6795, 1692, 8, 30, 0, 0, 4.88%, 0, 0, 3, 23793.97, 145605583, 206
6800, 1693, 8, 30, 0, 0, 4.88%, 0, 0, 3, 22360.06, 145716584, 206
6805, 1694, 10, 30, 0, 0, 4.88%, 0, 0, 3, 23970.20, 145838931, 206
6810, 1696, 8, 30, 0, 0, 4.88%, 0, 0, 3, 22037.81, 145946847, 206
6815, 1697, 8, 30, 0, 0, 4.88%, 0, 0, 3, 23200.55, 146068817, 206
6820, 1698, 27, 30, 0, 0, 4.88%, 0, 0, 3, 23285.33, 146184976, 206
6826, 1700, 8, 30, 0, 0, 4.88%, 0, 0, 3, 23123.71, 146305045, 206
6831, 1701, 14, 30, 0, 0, 4.88%, 0, 0, 3, 21611.95, 146410219, 206
6836, 1703, 27, 30, 0, 0, 4.88%, 0, 0, 3, 23071.37, 146531573, 206
6841, 1704, 8, 30, 0, 0, 4.88%, 0, 0, 3, 22052.53, 146642741, 206
6846, 1705, 14, 30, 0, 0, 4.88%, 0, 0, 3, 22596.17, 146765030, 206
6851, 1707, 27, 30, 0, 0, 4.88%, 0, 0, 3, 21647.19, 146871935, 206
6856, 1708, 9, 30, 0, 0, 4.88%, 0, 0, 3, 22498.44, 146990903, 206
6861, 1709, 7, 30, 0, 0, 4.88%, 0, 0, 3, 23493.58, 147108173, 206
6867, 1711, 25, 30, 0, 0, 4.88%, 0, 0, 3, 21601.87, 147220864, 206
6872, 1712, 8, 30, 0, 0, 4.88%, 0, 0, 3, 22421.82, 147334695, 206
6877, 1713, 3, 30, 0, 0, 4.88%, 0, 0, 3, 22258.71, 147450473, 206
6882, 1715, 16, 30, 0, 0, 4.88%, 0, 0, 3, 22695.09, 147563116, 206
6887, 1716, 20, 30, 0, 0, 4.88%, 0, 0, 3, 22065.24, 147678780, 206
6892, 1717, 2, 30, 0, 0, 4.88%, 0, 0, 3, 23540.01, 147800747, 206
6897, 1719, 10, 30, 0, 0, 4.88%, 0, 0, 3, 22332.18, 147917352, 206
6903, 1720, 8, 30, 0, 0, 4.88%, 0, 0, 3, 23063.92, 148036754, 206
6908, 1721, 12, 30, 0, 0, 4.88%, 0, 0, 3, 21727.35, 148151483, 206
6913, 1723, 8, 30, 0, 0, 4.88%, 0, 0, 3, 24096.95, 148275787, 206
6918, 1724, 8, 30, 0, 0, 4.88%, 0, 0, 3, 22212.60, 148385936, 206
6923, 1725, 8, 30, 0, 0, 4.88%, 0, 0, 3, 22957.69, 148501711, 206
6928, 1727, 17, 30, 0, 0, 4.88%, 0, 0, 3, 20296.48, 148603839, 206
6933, 1728, 7, 30, 0, 0, 4.88%, 0, 0, 3, 22541.40, 148720781, 206
6938, 1729, 8, 30, 0, 0, 4.88%, 0, 0, 3, 21062.86, 148829714, 206
6944, 1731, 2, 30, 0, 0, 4.88%, 0, 0, 3, 23497.72, 148952067, 206
6949, 1732, 4, 30, 0, 0, 4.88%, 0, 0, 3, 22346.62, 149068610, 206
6954, 1733, 24, 30, 0, 0, 4.88%, 0, 0, 3, 23199.27, 149188790, 206
6959, 1735, 8, 30, 0, 0, 4.88%, 0, 0, 3, 22865.96, 149304619, 206
6964, 1736, 27, 30, 0, 0, 4.88%, 0, 0, 3, 23894.03, 149427145, 206
6969, 1737, 12, 30, 0, 0, 4.88%, 0, 0, 3, 22319.21, 149538341, 206
6974, 1739, 8, 30, 0, 0, 4.88%, 0, 0, 3, 23847.05, 149661544, 206
6979, 1740, 21, 30, 0, 0, 4.88%, 0, 0, 3, 22131.83, 149769988, 206
6984, 1741, 22, 30, 0, 0, 4.88%, 0, 0, 3, 23300.42, 149888385, 206
6989, 1743, 8, 30, 0, 0, 4.88%, 0, 0, 3, 22059.32, 149995743, 206
6994, 1744, 27, 30, 0, 0, 4.88%, 0, 0, 3, 23123.25, 150116331, 206
7000, 1745, 8, 30, 0, 0, 4.88%, 0, 0, 3, 21209.71, 150226060, 206
7005, 1747, 8, 30, 0, 0, 4.88%, 0, 0, 3, 23177.25, 150347519, 206
7010, 1748, 22, 30, 0, 0, 4.88%, 0, 0, 3, 21940.24, 150458733, 206
7015, 1749, 8, 30, 0, 0, 4.88%, 0, 0, 3, 23167.32, 150576173, 206
7020, 1751, 20, 30, 0, 0, 4.88%, 0, 0, 3, 22974.76, 150695072, 206
7025, 1752, 8, 30, 0, 0, 4.88%, 0, 0, 3, 23970.77, 150819330, 206
7030, 1754, 8, 30, 0, 0, 4.88%, 0, 0, 3, 22577.14, 150928800, 206
7035, 1755, 8, 30, 0, 0, 4.88%, 0, 0, 3, 24590.86, 151061927, 206
7041, 1756, 24, 30, 0, 0, 4.88%, 0, 0, 3, 22167.81, 151166137, 206
7046, 1758, 8, 30, 0, 0, 4.88%, 0, 0, 3, 22723.24, 151289378, 206
7051, 1759, 9, 30, 0, 0, 4.88%, 0, 0, 3, 21716.69, 151393829, 206
7056, 1761, 8, 30, 0, 0, 4.88%, 0, 0, 3, 23602.31, 151516151, 206
7061, 1762, 8, 30, 0, 0, 4.88%, 0, 0, 3, 22503.96, 151630534, 206
7066, 1763, 8, 30, 0, 0, 4.88%, 0, 0, 3, 25519.43, 151756489, 206
7071, 1764, 8, 30, 0, 0, 4.88%, 0, 0, 3, 23442.93, 151873039, 206
7076, 1766, 8, 30, 0, 0, 4.88%, 0, 0, 3, 22940.25, 151993729, 206
7082, 1767, 8, 30, 0, 0, 4.88%, 0, 0, 3, 23469.29, 152112812, 206
7087, 1769, 8, 30, 0, 0, 4.88%, 0, 0, 3, 22240.03, 152228246, 206
7092, 1770, 8, 30, 0, 0, 4.88%, 0, 0, 3, 23098.82, 152345435, 206
7097, 1771, 27, 30, 0, 0, 4.88%, 0, 0, 3, 22457.37, 152466195, 206
7102, 1773, 8, 30, 0, 0, 4.88%, 0, 0, 3, 23045.48, 152583810, 206
7107, 1774, 8, 30, 0, 0, 4.88%, 0, 0, 3, 21858.36, 152697239, 206
7113, 1776, 27, 30, 0, 0, 4.88%, 0, 0, 3, 22863.90, 152815717, 206
7118, 1777, 8, 30, 0, 0, 4.88%, 0, 0, 3, 21596.89, 152929413, 206
7123, 1778, 20, 30, 0, 0, 4.88%, 0, 0, 3, 23732.41, 153049261, 206
7128, 1780, 12, 30, 0, 0, 4.88%, 0, 0, 3, 24197.59, 153178571, 206
7133, 1781, 3, 30, 0, 0, 4.88%, 0, 0, 3, 23081.46, 153292628, 206
7138, 1783, 8, 30, 0, 0, 4.88%, 0, 0, 3, 21946.35, 153410137, 206
7143, 1784, 8, 30, 0, 0, 4.88%, 0, 0, 3, 23146.77, 153529462, 206
7148, 1785, 21, 30, 0, 0, 4.88%, 0, 0, 3, 21341.14, 153640950, 206
7154, 1787, 10, 30, 0, 0, 4.88%, 0, 0, 3, 22787.46, 153757864, 206
7159, 1788, 17, 30, 0, 0, 4.88%, 0, 0, 3, 22154.86, 153870259, 206
7164, 1789, 24, 30, 0, 0, 4.88%, 0, 0, 3, 22922.20, 153988978, 206
7169, 1791, 8, 30, 0, 0, 4.88%, 0, 0, 3, 21307.42, 154094790, 206
7174, 1792, 8, 30, 0, 0, 4.88%, 0, 0, 3, 22845.94, 154214677, 206
7179, 1793, 19, 30, 0, 0, 4.88%, 0, 0, 3, 20470.34, 154320849, 206
7184, 1795, 8, 30, 0, 0, 4.88%, 0, 0, 3, 22317.80, 154438574, 206
7189, 1796, 8, 30, 0, 0, 4.88%, 0, 0, 3, 22073.93, 154547365, 206
7195, 1797, 14, 30, 0, 0, 4.88%, 0, 0, 3, 23607.02, 154672266, 206
7200, 1799, 25, 30, 0, 0, 4.88%, 0, 0, 3, 22025.52, 154780438, 206
