# relative_time, cycles_done, cur_item, corpus_count, pending_total, pending_favs, map_size, saved_crashes, saved_hangs, max_depth, execs_per_sec, total_execs, edges_found
61, 0, 273, 322, 306, 124, 13.13%, 0, 0, 4, 11493.86, 714614, 2054
66, 0, 260, 335, 318, 140, 13.31%, 0, 0, 4, 12773.14, 781981, 2083
71, 0, 255, 367, 349, 155, 13.93%, 0, 0, 4, 11719.16, 836961, 2180
76, 0, 255, 374, 356, 155, 13.97%, 0, 0, 4, 12437.68, 898945, 2186
81, 0, 324, 399, 380, 161, 15.47%, 0, 0, 5, 12208.44, 961746, 2421
86, 0, 324, 409, 390, 161, 15.61%, 0, 0, 5, 12730.44, 1024251, 2443
91, 0, 285, 419, 395, 178, 15.77%, 0, 0, 5, 13118.40, 1094039, 2468
96, 0, 297, 435, 410, 186, 16.03%, 0, 0, 5, 13032.24, 1163056, 2509
101, 0, 297, 437, 412, 186, 16.05%, 0, 0, 5, 12385.12, 1223101, 2511
106, 0, 435, 454, 427, 202, 16.22%, 0, 0, 6, 12849.21, 1291428, 2538
112, 0, 196, 468, 440, 203, 16.29%, 0, 0, 6, 15120.12, 1369462, 2549
117, 0, 60, 487, 457, 209, 16.37%, 0, 0, 6, 14164.09, 1438938, 2561
122, 0, 404, 514, 483, 210, 16.81%, 0, 0, 6, 13141.07, 1506427, 2631
127, 0, 404, 519, 488, 210, 16.81%, 0, 0, 6, 12277.28, 1569423, 2631
132, 0, 38, 527, 495, 224, 16.84%, 0, 0, 6, 12836.09, 1634656, 2636
137, 0, 440, 530, 497, 224, 16.84%, 0, 0, 6, 13868.12, 1706462, 2636
142, 0, 169, 589, 552, 228, 18.22%, 0, 0, 6, 13583.96, 1777524, 2852
147, 0, 362, 615, 577, 244, 18.35%, 0, 0, 6, 14076.18, 1848731, 2871
152, 0, 546, 621, 581, 242, 18.41%, 0, 0, 6, 6696.88, 1895390, 2881
158, 0, 13, 626, 583, 240, 18.42%, 0, 0, 6, 11197.42, 1951833, 2883
163, 0, 614, 650, 606, 241, 19.44%, 0, 0, 6, 12615.26, 2016919, 3042
168, 0, 375, 665, 620, 257, 19.52%, 0, 0, 6, 12748.75, 2083866, 3055
173, 0, 380, 667, 621, 257, 19.53%, 0, 0, 6, 13767.64, 2153915, 3057
178, 0, 195, 680, 633, 257, 19.57%, 0, 0, 6, 13519.84, 2222288, 3062
183, 0, 667, 684, 636, 259, 19.58%, 0, 0, 7, 15572.96, 2299054, 3064
188, 0, 197, 693, 642, 263, 19.72%, 0, 0, 7, 13661.19, 2363957, 3086
193, 0, 685, 700, 648, 264, 19.72%, 0, 0, 7, 13653.28, 2430188, 3086
198, 0, 71, 709, 652, 260, 19.83%, 0, 0, 7, 12172.50, 2490090, 3103
203, 0, 390, 711, 653, 265, 19.87%, 0, 0, 7, 13114.63, 2557189, 3110
208, 0, 689, 717, 657, 264, 19.87%, 0, 0, 7, 12744.03, 2621403, 3110
213, 0, 689, 720, 660, 264, 21.27%, 0, 0, 7, 13699.20, 2689263, 3329
218, 0, 405, 724, 659, 261, 21.27%, 0, 0, 7, 11625.68, 2748397, 3329
223, 0, 405, 726, 661, 261, 21.27%, 0, 0, 7, 10653.78, 2800721, 3329
228, 0, 511, 729, 662, 261, 21.29%, 0, 0, 7, 12203.26, 2862921, 3332
234, 0, 156, 746, 677, 260, 21.41%, 0, 0, 7, 11536.66, 2920336, 3350
239, 0, 156, 747, 678, 260, 21.41%, 0, 0, 7, 13025.88, 2987947, 3350
244, 0, 321, 754, 679, 263, 21.47%, 0, 0, 7, 13259.66, 3056465, 3360
249, 0, 719, 769, 687, 259, 23.06%, 0, 0, 8, 10570.49, 3108943, 3609
254, 0, 719, 788, 706, 259, 23.29%, 0, 0, 8, 9783.78, 3156577, 3644
259, 0, 149, 793, 704, 264, 23.31%, 0, 0, 8, 11427.58, 3216940, 3647
264, 0, 370, 798, 705, 261, 23.36%, 0, 0, 8, 14268.10, 3291246, 3656
269, 0, 536, 838, 743, 269, 24.82%, 0, 0, 8, 13232.76, 3357981, 3884
274, 0, 536, 854, 759, 269, 24.88%, 0, 0, 8, 17053.24, 3433589, 3893
