# relative_time, cycles_done, cur_item, corpus_count, pending_total, pending_favs, map_size, saved_crashes, saved_hangs, max_depth, execs_per_sec, total_execs, edges_found
61, 14, 27, 29, 4, 0, 4.88%, 0, 0, 2, 19763.42, 1243047, 206
66, 15, 12, 29, 3, 0, 4.88%, 0, 0, 2, 20611.18, 1350317, 206
72, 16, 20, 29, 3, 0, 4.88%, 0, 0, 2, 19916.71, 1455498, 206
77, 18, 23, 29, 3, 0, 4.88%, 0, 0, 2, 20782.93, 1562153, 206
82, 19, 11, 29, 3, 0, 4.88%, 0, 0, 2, 19459.80, 1663109, 206
87, 20, 27, 29, 2, 0, 4.88%, 0, 0, 2, 20519.59, 1769284, 206
92, 21, 27, 29, 2, 0, 4.88%, 0, 0, 2, 20426.63, 1875375, 206
98, 23, 12, 29, 1, 0, 4.88%, 0, 0, 2, 20975.08, 1983664, 206
103, 24, 6, 29, 0, 0, 4.88%, 0, 0, 2, 19837.72, 2086864, 206
108, 25, 26, 29, 0, 0, 4.88%, 0, 0, 2, 20711.77, 2194436, 206
113, 26, 19, 29, 0, 0, 4.88%, 0, 0, 2, 20171.64, 2297702, 206
118, 28, 25, 29, 0, 0, 4.88%, 0, 0, 2, 20745.83, 2405875, 206
123, 29, 24, 29, 0, 0, 4.88%, 0, 0, 2, 20386.05, 2510693, 206
129, 30, 17, 29, 0, 0, 4.88%, 0, 0, 2, 21178.63, 2620684, 206
134, 32, 19, 29, 0, 0, 4.88%, 0, 0, 2, 20292.87, 2723967, 206
139, 33, 20, 29, 0, 0, 4.88%, 0, 0, 2, 20543.82, 2831164, 206
144, 34, 9, 29, 0, 0, 4.88%, 0, 0, 2, 20163.11, 2932977, 206
149, 35, 26, 29, 0, 0, 4.88%, 0, 0, 2, 20823.60, 3041921, 206
154, 37, 26, 29, 0, 0, 4.88%, 0, 0, 2, 20493.54, 3145971, 206
160, 38, 6, 29, 0, 0, 4.88%, 0, 0, 2, 20858.67, 3254023, 206
165, 39, 6, 29, 0, 0, 4.88%, 0, 0, 2, 20319.74, 3355882, 206
170, 41, 24, 29, 0, 0, 4.88%, 0, 0, 2, 20583.68, 3460300, 206
175, 42, 26, 29, 0, 0, 4.88%, 0, 0, 2, 20400.68, 3561580, 206
180, 43, 22, 29, 0, 0, 4.88%, 0, 0, 2, 20447.78, 3668738, 206
185, 44, 17, 29, 0, 0, 4.88%, 0, 0, 2, 20256.07, 3772065, 206
190, 46, 6, 29, 0, 0, 4.88%, 0, 0, 2, 20197.23, 3878691, 206
196, 47, 19, 29, 0, 0, 4.88%, 0, 0, 2, 20481.15, 3984573, 206
201, 48, 6, 29, 0, 0, 4.88%, 0, 0, 2, 19858.27, 4086042, 206
206, 50, 6, 29, 0, 0, 4.88%, 0, 0, 2, 20614.85, 4193564, 206
211, 51, 6, 29, 0, 0, 4.88%, 0, 0, 2, 20163.60, 4298392, 206
216, 52, 8, 29, 0, 0, 4.88%, 0, 0, 2, 20908.69, 4407235, 206
221, 53, 14, 29, 0, 0, 4.88%, 0, 0, 2, 20088.77, 4513224, 206
227, 55, 6, 29, 0, 0, 4.88%, 0, 0, 2, 20540.39, 4619909, 206
232, 56, 4, 29, 0, 0, 4.88%, 0, 0, 2, 19995.25, 4722062, 206
237, 57, 6, 29, 0, 0, 4.88%, 0, 0, 2, 20464.21, 4824262, 206
242, 59, 10, 29, 0, 0, 4.88%, 0, 0, 2, 19781.53, 4925823, 206
247, 60, 6, 29, 0, 0, 4.88%, 0, 0, 2, 20488.41, 5028755, 206
252, 61, 5, 29, 0, 0, 4.88%, 0, 0, 2, 20224.94, 5134048, 206
257, 62, 6, 29, 0, 0, 4.88%, 0, 0, 2, 20605.83, 5240682, 206
262, 64, 6, 29, 0, 0, 4.88%, 0, 0, 2, 19668.33, 5342430, 206
268, 65, 19, 29, 0, 0, 4.88%, 0, 0, 2, 20501.50, 5448423, 206
273, 66, 6, 29, 0, 0, 4.88%, 0, 0, 2, 18933.25, 5544871, 206
278, 67, 9, 29, 0, 0, 4.88%, 0, 0, 2, 20285.77, 5650983, 206
283, 69, 6, 29, 0, 0, 4.88%, 0, 0, 2, 20295.23, 5756483, 206
288, 70, 17, 29, 0, 0, 4.88%, 0, 0, 2, 20723.80, 5863529, 206
293, 71, 6, 29, 0, 0, 4.88%, 0, 0, 2, 20383.79, 5968568, 206
298, 73, 6, 29, 0, 0, 4.88%, 0, 0, 2, 20733.60, 6072876, 206
303, 74, 6, 29, 0, 0, 4.88%, 0, 0, 2, 20005.39, 6175031, 206
309, 75, 19, 29, 0, 0, 4.88%, 0, 0, 2, 20686.24, 6279730, 206
314, 76, 6, 29, 0, 0, 4.88%, 0, 0, 2, 20333.99, 6385240, 206
319, 78, 6, 29, 0, 0, 4.88%, 0, 0, 2, 20587.84, 6493975, 206
324, 79, 6, 29, 0, 0, 4.88%, 0, 0, 2, 20255.94, 6596937, 206
329, 80, 6, 29, 0, 0, 4.88%, 0, 0, 2, 20852.69, 6706716, 206
334, 82, 8, 29, 0, 0, 4.88%, 0, 0, 2, 20483.80, 6810859, 206
339, 83, 6, 29, 0, 0, 4.88%, 0, 0, 2, 20774.11, 6915412, 206
345, 84, 4, 29, 0, 0, 4.88%, 0, 0, 2, 20323.55, 7017550, 206
350, 85, 6, 29, 0, 0, 4.88%, 0, 0, 2, 20481.16, 7124170, 206
355, 87, 6, 29, 0, 0, 4.88%, 0, 0, 2, 20236.20, 7228436, 206
360, 88, 4, 29, 0, 0, 4.88%, 0, 0, 2, 20518.53, 7336504, 206
365, 89, 6, 29, 0, 0, 4.88%, 0, 0, 2, 20684.04, 7442334, 206
371, 91, 6, 29, 0, 0, 4.88%, 0, 0, 2, 20516.00, 7549257, 206
376, 92, 6, 29, 0, 0, 4.88%, 0, 0, 2, 20620.85, 7655685, 206
381, 93, 24, 29, 0, 0, 4.88%, 0, 0, 2, 19888.56, 7759315, 206
386, 95, 26, 29, 0, 0, 4.88%, 0, 0, 2, 20558.91, 7865805, 206
391, 96, 17, 29, 0, 0, 4.88%, 0, 0, 2, 19901.88, 7966312, 206
396, 97, 15, 29, 0, 0, 4.88%, 0, 0, 2, 20424.92, 8072510, 206
401, 98, 6, 29, 0, 0, 4.88%, 0, 0, 2, 20115.67, 8178155, 206
407, 100, 24, 29, 0, 0, 4.88%, 0, 0, 2, 20538.91, 8283881, 206
412, 101, 6, 29, 0, 0, 4.88%, 0, 0, 2, 20327.07, 8390089, 206
417, 102, 20, 29, 0, 0, 4.88%, 0, 0, 2, 20494.84, 8492937, 206
422, 103, 6, 29, 0, 0, 4.88%, 0, 0, 2, 19973.90, 8595917, 206
427, 105, 6, 29, 0, 0, 4.88%, 0, 0, 2, 20029.66, 8696996, 206
432, 106, 6, 29, 0, 0, 4.88%, 0, 0, 2, 20127.75, 8801641, 206
437, 107, 9, 29, 0, 0, 4.88%, 0, 0, 2, 20758.72, 8905595, 206
442, 109, 14, 29, 0, 0, 4.88%, 0, 0, 2, 20134.54, 9009503, 206
448, 110, 26, 29, 0, 0, 4.88%, 0, 0, 2, 20639.72, 9116746, 206
453, 111, 26, 29, 0, 0, 4.88%, 0, 0, 2, 20106.95, 9221032, 206
458, 112, 4, 29, 0, 0, 4.88%, 0, 0, 2, 20613.08, 9328545, 206
463, 114, 6, 29, 0, 0, 4.88%, 0, 0, 2, 19910.67, 9431256, 206
468, 115, 6, 29, 0, 0, 4.88%, 0, 0, 2, 20571.90, 9537829, 206
473, 116, 6, 29, 0, 0, 4.88%, 0, 0, 2, 20178.11, 9638180, 206
478, 117, 6, 29, 0, 0, 4.88%, 0, 0, 2, 20743.10, 9745784, 206
484, 119, 6, 29, 0, 0, 4.88%, 0, 0, 2, 20220.32, 9848658, 206
489, 120, 17, 29, 0, 0, 4.88%, 0, 0, 2, 20823.33, 9956799, 206
494, 121, 17, 29, 0, 0, 4.88%, 0, 0, 2, 20313.74, 10057736, 206
499, 123, 6, 29, 0, 0, 4.88%, 0, 0, 2, 20503.32, 10164906, 206
504, 124, 6, 29, 0, 0, 4.88%, 0, 0, 2, 19866.46, 10265993, 206
509, 125, 3, 29, 0, 0, 4.88%, 0, 0, 2, 20810.06, 10374695, 206
514, 126, 4, 29, 0, 0, 4.88%, 0, 0, 2, 20334.66, 10478786, 206
520, 128, 6, 29, 0, 0, 4.88%, 0, 0, 2, 20748.79, 10585987, 206
525, 129, 6, 29, 0, 0, 4.88%, 0, 0, 2, 20086.87, 10689246, 206
530, 130, 8, 29, 0, 0, 4.88%, 0, 0, 2, 20413.45, 10792393, 206
535, 132, 6, 29, 0, 0, 4.88%, 0, 0, 2, 20162.73, 10894703, 206
540, 133, 8, 29, 0, 0, 4.88%, 0, 0, 2, 19797.51, 10998601, 206
545, 134, 6, 29, 0, 0, 4.88%, 0, 0, 2, 20552.44, 11105193, 206
550, 135, 5, 29, 0, 0, 4.88%, 0, 0, 2, 20370.40, 11210903, 206
556, 137, 26, 29, 0, 0, 4.88%, 0, 0, 2, 20281.25, 11315248, 206
561, 138, 6, 29, 0, 0, 4.88%, 0, 0, 2, 19409.70, 11416491, 206
566, 139, 19, 29, 0, 0, 4.88%, 0, 0, 2, 20224.51, 11517795, 206
571, 141, 6, 29, 0, 0, 4.88%, 0, 0, 2, 19965.40, 11621106, 206
576, 142, 6, 29, 0, 0, 4.88%, 0, 0, 2, 20607.20, 11728304, 206
581, 143, 26, 29, 0, 0, 4.88%, 0, 0, 2, 19938.42, 11829115, 206
586, 144, 3, 29, 0, 0, 4.88%, 0, 0, 2, 20234.77, 11929567, 206
591, 146, 4, 29, 0, 0, 4.88%, 0, 0, 2, 19949.33, 12034723, 206
597, 147, 19, 29, 0, 0, 4.88%, 0, 0, 2, 20677.22, 12141799, 206
602, 148, 6, 29, 0, 0, 4.88%, 0, 0, 2, 19961.11, 12241404, 206
607, 149, 4, 29, 0, 0, 4.88%, 0, 0, 2, 20355.39, 12343315, 206
612, 151, 6, 29, 0, 0, 4.88%, 0, 0, 2, 20134.99, 12448610, 206
617, 152, 4, 29, 0, 0, 4.88%, 0, 0, 2, 20723.86, 12555341, 206
622, 153, 6, 29, 0, 0, 4.88%, 0, 0, 2, 19793.35, 12654330, 206
627, 155, 6, 29, 0, 0, 4.88%, 0, 0, 2, 20677.18, 12761790, 206
632, 156, 5, 29, 0, 0, 4.88%, 0, 0, 2, 20081.98, 12866183, 206
637, 157, 24, 29, 0, 0, 4.88%, 0, 0, 2, 20633.45, 12972746, 206
643, 158, 5, 29, 0, 0, 4.88%, 0, 0, 2, 20325.36, 13078973, 206
648, 160, 6, 29, 0, 0, 4.88%, 0, 0, 2, 20868.74, 13187558, 206
653, 161, 23, 29, 0, 0, 4.88%, 0, 0, 2, 20227.52, 13288909, 206
658, 162, 14, 29, 0, 0, 4.88%, 0, 0, 2, 20773.07, 13396514, 206
663, 164, 8, 29, 0, 0, 4.88%, 0, 0, 2, 20207.80, 13499944, 206
668, 165, 4, 29, 0, 0, 4.88%, 0, 0, 2, 20560.79, 13607052, 206
674, 166, 25, 29, 0, 0, 4.88%, 0, 0, 2, 20076.09, 13709533, 206
679, 167, 6, 29, 0, 0, 4.88%, 0, 0, 2, 20738.49, 13818441, 206
684, 169, 19, 29, 0, 0, 4.88%, 0, 0, 2, 20081.24, 13920214, 206
689, 170, 6, 29, 0, 0, 4.88%, 0, 0, 2, 20749.42, 14028744, 206
694, 171, 6, 29, 0, 0, 4.88%, 0, 0, 2, 20298.86, 14132224, 206
699, 173, 25, 29, 0, 0, 4.88%, 0, 0, 2, 20624.40, 14239501, 206
705, 174, 6, 29, 0, 0, 4.88%, 0, 0, 2, 20417.64, 14343739, 206
710, 175, 26, 29, 0, 0, 4.88%, 0, 0, 2, 20450.17, 14449363, 206
715, 176, 25, 29, 0, 0, 4.88%, 0, 0, 2, 20259.98, 14550077, 206
720, 178, 5, 29, 0, 0, 4.88%, 0, 0, 2, 20153.34, 14655864, 206
725, 179, 24, 29, 0, 0, 4.88%, 0, 0, 2, 20208.45, 14755144, 206
730, 180, 9, 29, 0, 0, 4.88%, 0, 0, 2, 20333.57, 14860980, 206
735, 181, 19, 29, 0, 0, 4.88%, 0, 0, 2, 20249.14, 14960550, 206
740, 183, 23, 29, 0, 0, 4.88%, 0, 0, 2, 19468.63, 15062387, 206
745, 184, 23, 29, 0, 0, 4.88%, 0, 0, 2, 20083.21, 15165091, 206
751, 185, 6, 29, 0, 0, 4.88%, 0, 0, 2, 20682.06, 15273284, 206
756, 187, 6, 29, 0, 0, 4.88%, 0, 0, 2, 20535.09, 15379709, 206
761, 188, 10, 29, 0, 0, 4.88%, 0, 0, 2, 20189.39, 15485029, 206
766, 189, 6, 29, 0, 0, 4.88%, 0, 0, 2, 20816.40, 15592045, 206
771, 190, 4, 29, 0, 0, 4.88%, 0, 0, 2, 20135.68, 15697641, 206
776, 192, 6, 29, 0, 0, 4.88%, 0, 0, 2, 20389.97, 15799537, 206
781, 193, 15, 29, 0, 0, 4.88%, 0, 0, 2, 19441.62, 15900406, 206
787, 194, 6, 29, 0, 0, 4.88%, 0, 0, 2, 20581.27, 16007629, 206
792, 195, 17, 29, 0, 0, 4.88%, 0, 0, 2, 20261.52, 16112981, 206
797, 197, 6, 29, 0, 0, 4.88%, 0, 0, 2, 20604.66, 16219634, 206
802, 198, 9, 29, 0, 0, 4.88%, 0, 0, 2, 19698.27, 16321006, 206
807, 199, 3, 29, 0, 0, 4.88%, 0, 0, 2, 20601.88, 16428171, 206
813, 201, 9, 29, 0, 0, 4.88%, 0, 0, 2, 20273.45, 16533587, 206
818, 202, 6, 29, 0, 0, 4.88%, 0, 0, 2, 20553.18, 16637075, 206
823, 203, 6, 29, 0, 0, 4.88%, 0, 0, 2, 20067.53, 16737626, 206
828, 204, 22, 29, 0, 0, 4.88%, 0, 0, 2, 20595.86, 16845748, 206
833, 206, 6, 29, 0, 0, 4.88%, 0, 0, 2, 20047.83, 16949177, 206
838, 207, 4, 29, 0, 0, 4.88%, 0, 0, 2, 20492.90, 17053566, 206
843, 208, 4, 29, 0, 0, 4.88%, 0, 0, 2, 19982.71, 17155818, 206
848, 210, 6, 29, 0, 0, 4.88%, 0, 0, 2, 20590.54, 17262044, 206
853, 211, 26, 29, 0, 0, 4.88%, 0, 0, 2, 20092.82, 17364209, 206
859, 212, 6, 29, 0, 0, 4.88%, 0, 0, 2, 20803.62, 17473252, 206
864, 213, 23, 29, 0, 0, 4.88%, 0, 0, 2, 20068.99, 17574003, 206
869, 215, 6, 29, 0, 0, 4.88%, 0, 0, 2, 20439.77, 17681490, 206
874, 216, 6, 29, 0, 0, 4.88%, 0, 0, 2, 20211.17, 17782428, 206
879, 217, 22, 29, 0, 0, 4.88%, 0, 0, 2, 20915.74, 17891433, 206
884, 219, 26, 29, 0, 0, 4.88%, 0, 0, 2, 20291.20, 17992086, 206
889, 220, 6, 29, 0, 0, 4.88%, 0, 0, 2, 20875.92, 18100362, 206
895, 221, 6, 29, 0, 0, 4.88%, 0, 0, 2, 20469.67, 18204710, 206
900, 222, 14, 29, 0, 0, 4.88%, 0, 0, 2, 20497.70, 18311897, 206
905, 224, 5, 29, 0, 0, 4.88%, 0, 0, 2, 20120.05, 18413553, 206
910, 225, 14, 29, 0, 0, 4.88%, 0, 0, 2, 20558.13, 18521018, 206
915, 226, 6, 29, 0, 0, 4.88%, 0, 0, 2, 20506.90, 18627265, 206
920, 228, 20, 29, 0, 0, 4.88%, 0, 0, 2, 19870.90, 18728411, 206
926, 229, 6, 29, 0, 0, 4.88%, 0, 0, 2, 20147.09, 18832277, 206
931, 230, 6, 29, 0, 0, 4.88%, 0, 0, 2, 20371.38, 18939139, 206
936, 231, 6, 29, 0, 0, 4.88%, 0, 0, 2, 20236.09, 19043938, 206
941, 233, 10, 29, 0, 0, 4.88%, 0, 0, 2, 20113.52, 19149767, 206
946, 234, 19, 29, 0, 0, 4.88%, 0, 0, 2, 20033.81, 19252462, 206
951, 235, 6, 29, 0, 0, 4.88%, 0, 0, 2, 19827.95, 19354051, 206
956, 236, 4, 29, 0, 0, 4.88%, 0, 0, 2, 20494.66, 19460402, 206
962, 238, 15, 29, 0, 0, 4.88%, 0, 0, 2, 19213.42, 19560475, 206
967, 239, 6, 29, 0, 0, 4.88%, 0, 0, 2, 20513.17, 19668097, 206
972, 240, 15, 29, 0, 0, 4.88%, 0, 0, 2, 20285.91, 19772260, 206
977, 242, 6, 29, 0, 0, 4.88%, 0, 0, 2, 20559.06, 19878353, 206
982, 243, 6, 29, 0, 0, 4.88%, 0, 0, 2, 19637.39, 19979324, 206
988, 244, 6, 29, 0, 0, 4.88%, 0, 0, 2, 20742.24, 20087668, 206
993, 245, 8, 29, 0, 0, 4.88%, 0, 0, 2, 19873.64, 20190359, 206
998, 247, 6, 29, 0, 0, 4.88%, 0, 0, 2, 20563.40, 20294367, 206
1003, 248, 17, 29, 0, 0, 4.88%, 0, 0, 2, 19928.70, 20394072, 206
1008, 249, 15, 29, 0, 0, 4.88%, 0, 0, 2, 20705.63, 20501345, 206
1013, 250, 6, 29, 0, 0, 4.88%, 0, 0, 2, 19737.92, 20599702, 206
1018, 252, 5, 29, 0, 0, 4.88%, 0, 0, 2, 20658.58, 20707311, 206
1023, 253, 9, 29, 0, 0, 4.88%, 0, 0, 2, 19921.79, 20806292, 206
1028, 254, 3, 29, 0, 0, 4.88%, 0, 0, 2, 20827.87, 20911761, 206
1033, 255, 6, 29, 0, 0, 4.88%, 0, 0, 2, 19951.03, 21014275, 206
1038, 257, 9, 29, 0, 0, 4.88%, 0, 0, 2, 20693.93, 21118916, 206
1043, 258, 19, 29, 0, 0, 4.88%, 0, 0, 2, 19862.92, 21218413, 206
1049, 259, 26, 29, 0, 0, 4.88%, 0, 0, 2, 20714.27, 21325986, 206
1054, 260, 8, 29, 0, 0, 4.88%, 0, 0, 2, 20091.87, 21429143, 206
1059, 262, 15, 29, 0, 0, 4.88%, 0, 0, 2, 20910.30, 21537093, 206
1064, 263, 26, 29, 0, 0, 4.88%, 0, 0, 2, 20011.96, 21639112, 206
1069, 264, 6, 29, 0, 0, 4.88%, 0, 0, 2, 20685.19, 21746510, 206
1074, 266, 6, 29, 0, 0, 4.88%, 0, 0, 2, 20380.80, 21849284, 206
1080, 267, 6, 29, 0, 0, 4.88%, 0, 0, 2, 20837.59, 21957444, 206
1085, 268, 6, 29, 0, 0, 4.88%, 0, 0, 2, 20455.90, 22060582, 206
1090, 269, 19, 29, 0, 0, 4.88%, 0, 0, 2, 20573.46, 22167768, 206
1095, 271, 6, 29, 0, 0, 4.88%, 0, 0, 2, 20296.53, 22270522, 206
1100, 272, 6, 29, 0, 0, 4.88%, 0, 0, 2, 19763.93, 22374992, 206
1105, 273, 6, 29, 0, 0, 4.88%, 0, 0, 2, 20360.83, 22479917, 206
1111, 275, 6, 29, 0, 0, 4.88%, 0, 0, 2, 19840.95, 22584083, 206
1116, 276, 24, 29, 0, 0, 4.88%, 0, 0, 2, 20303.36, 22687817, 206
1121, 277, 4, 29, 0, 0, 4.88%, 0, 0, 2, 20225.34, 22794228, 206
1126, 278, 4, 29, 0, 0, 4.88%, 0, 0, 2, 20619.54, 22901343, 206
1131, 280, 25, 29, 0, 0, 4.88%, 0, 0, 2, 19964.24, 23003513, 206
1136, 281, 3, 29, 0, 0, 4.88%, 0, 0, 2, 20586.59, 23109381, 206
1142, 282, 6, 29, 0, 0, 4.88%, 0, 0, 2, 19393.16, 23208820, 206
1147, 283, 22, 29, 0, 0, 4.88%, 0, 0, 2, 20515.47, 23315727, 206
1152, 285, 5, 29, 0, 0, 4.88%, 0, 0, 2, 19890.34, 23419203, 206
1157, 286, 9, 29, 0, 0, 4.88%, 0, 0, 2, 20666.93, 23523763, 206
1162, 287, 6, 29, 0, 0, 4.88%, 0, 0, 2, 19432.86, 23624871, 206
1167, 288, 6, 29, 0, 0, 4.88%, 0, 0, 2, 20537.48, 23731588, 206
1172, 290, 26, 29, 0, 0, 4.88%, 0, 0, 2, 19625.19, 23833117, 206
1178, 291, 6, 29, 0, 0, 4.88%, 0, 0, 2, 20536.34, 23939799, 206
1183, 292, 9, 29, 0, 0, 4.88%, 0, 0, 2, 19823.47, 24043429, 206
1188, 294, 6, 29, 0, 0, 4.88%, 0, 0, 2, 20843.64, 24151416, 206
1193, 295, 14, 29, 0, 0, 4.88%, 0, 0, 2, 19797.64, 24249772, 206
1198, 296, 4, 29, 0, 0, 4.88%, 0, 0, 2, 20449.77, 24355283, 206
1203, 297, 4, 29, 0, 0, 4.88%, 0, 0, 2, 19965.62, 24458062, 206
1208, 299, 6, 29, 0, 0, 4.88%, 0, 0, 2, 20588.24, 24565087, 206
1214, 300, 23, 29, 0, 0, 4.88%, 0, 0, 2, 19952.73, 24667608, 206
1219, 301, 6, 29, 0, 0, 4.88%, 0, 0, 2, 20504.18, 24774703, 206
1224, 302, 6, 29, 0, 0, 4.88%, 0, 0, 2, 20025.08, 24875868, 206
1229, 304, 10, 29, 0, 0, 4.88%, 0, 0, 2, 20644.02, 24979872, 206
1234, 305, 15, 29, 0, 0, 4.88%, 0, 0, 2, 20066.20, 25082366, 206
1239, 306, 6, 29, 0, 0, 4.88%, 0, 0, 2, 20752.55, 25190739, 206
1244, 307, 24, 29, 0, 0, 4.88%, 0, 0, 2, 20492.55, 25291864, 206
1250, 309, 6, 29, 0, 0, 4.88%, 0, 0, 2, 20540.25, 25397918, 206
1255, 310, 17, 29, 0, 0, 4.88%, 0, 0, 2, 20410.45, 25501162, 206
1260, 311, 8, 29, 0, 0, 4.88%, 0, 0, 2, 20376.63, 25607412, 206
1265, 313, 6, 29, 0, 0, 4.88%, 0, 0, 2, 20497.28, 25711920, 206
1270, 314, 24, 29, 0, 0, 4.88%, 0, 0, 2, 20158.25, 25814340, 206
1275, 315, 6, 29, 0, 0, 4.88%, 0, 0, 2, 20228.70, 25917812, 206
1281, 316, 9, 29, 0, 0, 4.88%, 0, 0, 2, 19341.15, 26019413, 206
1286, 318, 6, 29, 0, 0, 4.88%, 0, 0, 2, 20203.46, 26124214, 206
1291, 319, 6, 29, 0, 0, 4.88%, 0, 0, 2, 19971.54, 26229228, 206
1296, 320, 6, 29, 0, 0, 4.88%, 0, 0, 2, 20581.89, 26335451, 206
1301, 321, 17, 29, 0, 0, 4.88%, 0, 0, 2, 19873.86, 26439351, 206
1306, 323, 20, 29, 0, 0, 4.88%, 0, 0, 2, 20517.66, 26545875, 206
1312, 324, 6, 29, 0, 0, 4.88%, 0, 0, 2, 19905.00, 26649996, 206
1317, 325, 6, 29, 0, 0, 4.88%, 0, 0, 2, 20446.88, 26756744, 206
1322, 327, 25, 29, 0, 0, 4.88%, 0, 0, 2, 20048.54, 26861251, 206
1327, 328, 20, 29, 0, 0, 4.88%, 0, 0, 2, 20571.54, 26968036, 206
1332, 329, 26, 29, 0, 0, 4.88%, 0, 0, 2, 20666.87, 27075390, 206
1337, 331, 19, 29, 0, 0, 4.88%, 0, 0, 2, 20953.17, 27182315, 206
1343, 332, 6, 29, 0, 0, 4.88%, 0, 0, 2, 20223.05, 27286169, 206
1348, 333, 4, 29, 0, 0, 4.88%, 0, 0, 2, 20675.04, 27393447, 206
1353, 334, 6, 29, 0, 0, 4.88%, 0, 0, 2, 20180.29, 27498121, 206
1358, 336, 5, 29, 0, 0, 4.88%, 0, 0, 2, 20620.23, 27604688, 206
1363, 337, 25, 29, 0, 0, 4.88%, 0, 0, 2, 20009.79, 27706931, 206
1369, 338, 6, 29, 0, 0, 4.88%, 0, 0, 2, 20784.18, 27814698, 206
1374, 340, 4, 29, 0, 0, 4.88%, 0, 0, 2, 20221.29, 27917559, 206
1379, 341, 26, 29, 0, 0, 4.88%, 0, 0, 2, 20608.38, 28024155, 206
1384, 342, 20, 29, 0, 0, 4.88%, 0, 0, 2, 20046.01, 28122621, 206
1389, 343, 14, 29, 0, 0, 4.88%, 0, 0, 2, 20711.29, 28229145, 206
1394, 345, 26, 29, 0, 0, 4.88%, 0, 0, 2, 20233.59, 28333783, 206
1399, 346, 6, 29, 0, 0, 4.88%, 0, 0, 2, 20536.69, 28441140, 206
1405, 347, 3, 29, 0, 0, 4.88%, 0, 0, 2, 20251.65, 28544843, 206
1410, 348, 17, 29, 0, 0, 4.88%, 0, 0, 2, 20826.14, 28649452, 206
1415, 350, 6, 29, 0, 0, 4.88%, 0, 0, 2, 20464.95, 28753435, 206
1420, 351, 9, 29, 0, 0, 4.88%, 0, 0, 2, 20477.22, 28859958, 206
1425, 352, 6, 29, 0, 0, 4.88%, 0, 0, 2, 20443.13, 28964649, 206
1430, 354, 10, 29, 0, 0, 4.88%, 0, 0, 2, 20292.06, 29071723, 206
1436, 355, 24, 29, 0, 0, 4.88%, 0, 0, 2, 20264.05, 29172488, 206
1441, 356, 23, 29, 0, 0, 4.88%, 0, 0, 2, 20151.41, 29278021, 206
1446, 357, 5, 29, 0, 0, 4.88%, 0, 0, 2, 20731.94, 29385451, 206
1451, 359, 25, 29, 0, 0, 4.88%, 0, 0, 2, 20497.78, 29492902, 206
1456, 360, 17, 29, 0, 0, 4.88%, 0, 0, 2, 20804.50, 29600398, 206
1462, 361, 23, 29, 0, 0, 4.88%, 0, 0, 2, 19744.02, 29704158, 206
1467, 363, 6, 29, 0, 0, 4.88%, 0, 0, 2, 20400.65, 29806166, 206
1472, 364, 6, 29, 0, 0, 4.88%, 0, 0, 2, 20444.34, 29909457, 206
1477, 365, 5, 29, 0, 0, 4.88%, 0, 0, 2, 20685.85, 30016550, 206
1482, 366, 26, 29, 0, 0, 4.88%, 0, 0, 2, 19971.76, 30120272, 206
1487, 368, 4, 29, 0, 0, 4.88%, 0, 0, 2, 20417.34, 30224347, 206
1492, 369, 6, 29, 0, 0, 4.88%, 0, 0, 2, 19710.40, 30324016, 206
1497, 370, 4, 29, 0, 0, 4.88%, 0, 0, 2, 20852.76, 30431392, 206
1502, 371, 6, 29, 0, 0, 4.88%, 0, 0, 2, 20006.02, 30533792, 206
1508, 373, 17, 29, 0, 0, 4.88%, 0, 0, 2, 20797.11, 30641920, 206
1513, 374, 5, 29, 0, 0, 4.88%, 0, 0, 2, 20180.70, 30746371, 206
1518, 375, 6, 29, 0, 0, 4.88%, 0, 0, 2, 21002.42, 30856549, 206
1523, 377, 6, 29, 0, 0, 4.88%, 0, 0, 2, 19718.98, 30956895, 206
1528, 378, 6, 29, 0, 0, 4.88%, 0, 0, 2, 20682.95, 31064563, 206
1534, 379, 23, 29, 0, 0, 4.88%, 0, 0, 2, 20624.54, 31171719, 206
1539, 381, 17, 29, 0, 0, 4.88%, 0, 0, 2, 20810.85, 31280529, 206
1544, 382, 6, 29, 0, 0, 4.88%, 0, 0, 2, 20362.17, 31381392, 206
1549, 383, 26, 29, 0, 0, 4.88%, 0, 0, 2, 20846.76, 31490684, 206
1554, 384, 22, 29, 0, 0, 4.88%, 0, 0, 2, 20362.06, 31593488, 206
1559, 386, 6, 29, 0, 0, 4.88%, 0, 0, 2, 21110.12, 31703477, 206
1564, 387, 4, 29, 0, 0, 4.88%, 0, 0, 2, 20526.02, 31806810, 206
1570, 388, 6, 29, 0, 0, 4.88%, 0, 0, 2, 21060.70, 31918231, 206
1575, 390, 26, 29, 0, 0, 4.88%, 0, 0, 2, 20835.40, 32022621, 206
1580, 391, 6, 29, 0, 0, 4.88%, 0, 0, 2, 20603.48, 32127858, 206
1585, 392, 20, 29, 0, 0, 4.88%, 0, 0, 2, 20259.19, 32229923, 206
1590, 394, 4, 29, 0, 0, 4.88%, 0, 0, 2, 20355.77, 32336446, 206
1595, 395, 25, 29, 0, 0, 4.88%, 0, 0, 2, 20435.86, 32437198, 206
1600, 396, 6, 29, 0, 0, 4.88%, 0, 0, 2, 20588.20, 32545278, 206
1606, 397, 17, 29, 0, 0, 4.88%, 0, 0, 2, 20607.97, 32650346, 206
1611, 399, 6, 29, 0, 0, 4.88%, 0, 0, 2, 20579.34, 32758451, 206
1616, 400, 14, 29, 0, 0, 4.88%, 0, 0, 2, 20855.11, 32864631, 206
1621, 401, 24, 29, 0, 0, 4.88%, 0, 0, 2, 20268.52, 32970566, 206
1626, 402, 6, 29, 0, 0, 4.88%, 0, 0, 2, 20405.29, 33072352, 206
1631, 404, 17, 29, 0, 0, 4.88%, 0, 0, 2, 20663.64, 33180191, 206
1636, 405, 6, 29, 0, 0, 4.88%, 0, 0, 2, 20776.67, 33287586, 206
1642, 406, 3, 29, 0, 0, 4.88%, 0, 0, 2, 19731.04, 33388969, 206
1647, 408, 6, 29, 0, 0, 4.88%, 0, 0, 2, 20391.18, 33495343, 206
1652, 409, 6, 29, 0, 0, 4.88%, 0, 0, 2, 20400.57, 33601617, 206
1657, 410, 6, 29, 0, 0, 4.88%, 0, 0, 2, 20778.15, 33705524, 206
1662, 411, 26, 29, 0, 0, 4.88%, 0, 0, 2, 20359.59, 33811334, 206
1667, 413, 10, 29, 0, 0, 4.88%, 0, 0, 2, 20694.21, 33918752, 206
1672, 414, 6, 29, 0, 0, 4.88%, 0, 0, 2, 20284.74, 34024587, 206
1678, 415, 10, 29, 0, 0, 4.88%, 0, 0, 2, 20823.46, 34133344, 206
1683, 417, 3, 29, 0, 0, 4.88%, 0, 0, 2, 20112.53, 34233334, 206
1688, 418, 6, 29, 0, 0, 4.88%, 0, 0, 2, 20778.73, 34342875, 206
1693, 419, 6, 29, 0, 0, 4.88%, 0, 0, 2, 20284.72, 34447593, 206
1698, 421, 10, 29, 0, 0, 4.88%, 0, 0, 2, 20879.34, 34553633, 206
1703, 422, 6, 29, 0, 0, 4.88%, 0, 0, 2, 20197.49, 34657304, 206
1708, 423, 6, 29, 0, 0, 4.88%, 0, 0, 2, 21258.22, 34768271, 206
1713, 424, 6, 29, 0, 0, 4.88%, 0, 0, 2, 20042.62, 34869281, 206
1719, 426, 6, 29, 0, 0, 4.88%, 0, 0, 2, 21067.00, 34979978, 206
1724, 427, 20, 29, 0, 0, 4.88%, 0, 0, 2, 20552.36, 35084170, 206
1729, 428, 6, 29, 0, 0, 4.88%, 0, 0, 2, 20969.69, 35192550, 206
1734, 430, 6, 29, 0, 0, 4.88%, 0, 0, 2, 20449.76, 35295703, 206
1739, 431, 3, 29, 0, 0, 4.88%, 0, 0, 2, 20340.16, 35402567, 206
1744, 432, 26, 29, 0, 0, 4.88%, 0, 0, 2, 20549.73, 35506377, 206
1750, 433, 5, 29, 0, 0, 4.88%, 0, 0, 2, 20887.53, 35615845, 206
1755, 435, 17, 29, 0, 0, 4.88%, 0, 0, 2, 20368.68, 35718955, 206
1760, 436, 6, 29, 0, 0, 4.88%, 0, 0, 2, 20180.50, 35824756, 206
1765, 437, 10, 29, 0, 0, 4.88%, 0, 0, 2, 20498.00, 35926833, 206
1770, 439, 9, 29, 0, 0, 4.88%, 0, 0, 2, 20694.48, 36035908, 206
1775, 440, 23, 29, 0, 0, 4.88%, 0, 0, 2, 20896.23, 36142714, 206
1780, 441, 3, 29, 0, 0, 4.88%, 0, 0, 2, 20877.05, 36251999, 206
1786, 443, 6, 29, 0, 0, 4.88%, 0, 0, 2, 20504.62, 36356266, 206
1791, 444, 6, 29, 0, 0, 4.88%, 0, 0, 2, 20275.76, 36463832, 206
1796, 445, 6, 29, 0, 0, 4.88%, 0, 0, 2, 20623.26, 36569908, 206
1801, 446, 6, 29, 0, 0, 4.88%, 0, 0, 2, 20620.80, 36677554, 206
1806, 448, 6, 29, 0, 0, 4.88%, 0, 0, 2, 20674.24, 36783999, 206
1811, 449, 14, 29, 0, 0, 4.88%, 0, 0, 2, 20209.89, 36887354, 206
1817, 450, 6, 29, 0, 0, 4.88%, 0, 0, 2, 20807.31, 36994863, 206
1822, 452, 14, 29, 0, 0, 4.88%, 0, 0, 2, 19663.43, 37097681, 206
1827, 453, 6, 29, 0, 0, 4.88%, 0, 0, 2, 20665.88, 37205431, 206
1832, 454, 24, 29, 0, 0, 4.88%, 0, 0, 2, 20539.14, 37312275, 206
1837, 455, 15, 29, 0, 0, 4.88%, 0, 0, 2, 21037.08, 37417354, 206
1842, 457, 17, 29, 0, 0, 4.88%, 0, 0, 2, 20378.60, 37522700, 206
1847, 458, 6, 29, 0, 0, 4.88%, 0, 0, 2, 21082.66, 37629161, 206
1852, 459, 8, 29, 0, 0, 4.88%, 0, 0, 2, 20419.04, 37734752, 206
1858, 461, 10, 29, 0, 0, 4.88%, 0, 0, 2, 21254.47, 37845057, 206
1863, 462, 26, 29, 0, 0, 4.88%, 0, 0, 2, 20121.48, 37944450, 206
1868, 463, 20, 29, 0, 0, 4.88%, 0, 0, 2, 21504.39, 38057778, 206
1873, 465, 9, 29, 0, 0, 4.88%, 0, 0, 2, 20411.65, 38162773, 206
1878, 466, 5, 29, 0, 0, 4.88%, 0, 0, 2, 21176.57, 38269962, 206
1883, 467, 17, 29, 0, 0, 4.88%, 0, 0, 2, 20273.28, 38373269, 206
1888, 469, 6, 29, 0, 0, 4.88%, 0, 0, 2, 21449.03, 38485392, 206
1893, 470, 6, 29, 0, 0, 4.88%, 0, 0, 2, 20584.67, 38587754, 206
1899, 471, 17, 29, 0, 0, 4.88%, 0, 0, 2, 21579.39, 38699915, 206
1904, 472, 6, 29, 0, 0, 4.88%, 0, 0, 2, 20173.48, 38799676, 206
1909, 474, 17, 29, 0, 0, 4.88%, 0, 0, 2, 21229.34, 38910967, 206
1914, 475, 6, 29, 0, 0, 4.88%, 0, 0, 2, 20272.75, 39014780, 206
1919, 476, 19, 29, 0, 0, 4.88%, 0, 0, 2, 21218.14, 39124320, 206
1924, 478, 26, 29, 0, 0, 4.88%, 0, 0, 2, 20284.05, 39223695, 206
1929, 479, 17, 29, 0, 0, 4.88%, 0, 0, 2, 20810.48, 39330168, 206
1934, 480, 17, 29, 0, 0, 4.88%, 0, 0, 2, 20515.12, 39434412, 206
1940, 481, 26, 29, 0, 0, 4.88%, 0, 0, 2, 20530.74, 39541479, 206
1945, 483, 4, 29, 0, 0, 4.88%, 0, 0, 2, 20573.20, 39642235, 206
1950, 484, 17, 29, 0, 0, 4.88%, 0, 0, 2, 20768.48, 39751290, 206
1955, 485, 6, 29, 0, 0, 4.88%, 0, 0, 2, 20617.96, 39855139, 206
1960, 487, 6, 29, 0, 0, 4.88%, 0, 0, 2, 20524.63, 39963181, 206
1965, 488, 25, 29, 0, 0, 4.88%, 0, 0, 2, 20637.76, 40068816, 206
1970, 489, 15, 29, 0, 0, 4.88%, 0, 0, 2, 20749.91, 40174632, 206
1976, 490, 26, 29, 0, 0, 4.88%, 0, 0, 2, 21162.59, 40282771, 206
1981, 492, 26, 29, 0, 0, 4.88%, 0, 0, 2, 20301.61, 40389037, 206
1986, 493, 6, 29, 0, 0, 4.88%, 0, 0, 2, 21024.78, 40496245, 206
1991, 494, 26, 29, 0, 0, 4.88%, 0, 0, 2, 20160.38, 40601612, 206
1996, 496, 5, 29, 0, 0, 4.88%, 0, 0, 2, 20934.38, 40710165, 206
2001, 497, 6, 29, 0, 0, 4.88%, 0, 0, 2, 19769.35, 40813428, 206
2007, 498, 3, 29, 0, 0, 4.88%, 0, 0, 2, 20890.80, 40919570, 206
2012, 500, 25, 29, 0, 0, 4.88%, 0, 0, 2, 20668.35, 41026780, 206
2017, 501, 10, 29, 0, 0, 4.88%, 0, 0, 2, 21005.98, 41134932, 206
2022, 502, 6, 29, 0, 0, 4.88%, 0, 0, 2, 20064.88, 41239683, 206
2027, 504, 6, 29, 0, 0, 4.88%, 0, 0, 2, 20847.25, 41348253, 206
2032, 505, 24, 29, 0, 0, 4.88%, 0, 0, 2, 20570.30, 41454835, 206
2038, 506, 9, 29, 0, 0, 4.88%, 0, 0, 2, 21075.92, 41564328, 206
2043, 507, 3, 29, 0, 0, 4.88%, 0, 0, 2, 19638.97, 41663915, 206
2048, 509, 6, 29, 0, 0, 4.88%, 0, 0, 2, 20973.78, 41773155, 206
2053, 510, 19, 29, 0, 0, 4.88%, 0, 0, 2, 20530.72, 41876582, 206
2058, 511, 6, 29, 0, 0, 4.88%, 0, 0, 2, 21173.16, 41987685, 206
2063, 513, 8, 29, 0, 0, 4.88%, 0, 0, 2, 20040.62, 42088408, 206
2068, 514, 14, 29, 0, 0, 4.88%, 0, 0, 2, 21199.57, 42200010, 206
2074, 515, 3, 29, 0, 0, 4.88%, 0, 0, 2, 20671.33, 42305850, 206
2079, 516, 19, 29, 0, 0, 4.88%, 0, 0, 2, 21221.33, 42416370, 206
2084, 518, 9, 29, 0, 0, 4.88%, 0, 0, 2, 20520.14, 42519824, 206
2089, 519, 9, 29, 0, 0, 4.88%, 0, 0, 2, 21592.45, 42628909, 206
2094, 520, 6, 29, 0, 0, 4.88%, 0, 0, 2, 20521.97, 42730523, 206
2099, 522, 24, 29, 0, 0, 4.88%, 0, 0, 2, 21232.69, 42841297, 206
2104, 523, 4, 29, 0, 0, 4.88%, 0, 0, 2, 20709.14, 42945155, 206
2110, 524, 4, 29, 0, 0, 4.88%, 0, 0, 2, 21359.89, 43056055, 206
2115, 526, 8, 29, 0, 0, 4.88%, 0, 0, 2, 20723.80, 43160227, 206
2120, 527, 6, 29, 0, 0, 4.88%, 0, 0, 2, 20483.72, 43267886, 206
2125, 528, 20, 29, 0, 0, 4.88%, 0, 0, 2, 20317.01, 43371031, 206
2130, 529, 26, 29, 0, 0, 4.88%, 0, 0, 2, 21093.34, 43478744, 206
2135, 531, 15, 29, 0, 0, 4.88%, 0, 0, 2, 20602.65, 43583798, 206
2140, 532, 6, 29, 0, 0, 4.88%, 0, 0, 2, 20525.42, 43691678, 206
2146, 533, 10, 29, 0, 0, 4.88%, 0, 0, 2, 20625.48, 43797084, 206
2151, 535, 19, 29, 0, 0, 4.88%, 0, 0, 2, 20578.98, 43905398, 206
2156, 536, 10, 29, 0, 0, 4.88%, 0, 0, 2, 20423.05, 44009729, 206
2161, 537, 6, 29, 0, 0, 4.88%, 0, 0, 2, 20304.93, 44117804, 206
2166, 538, 25, 29, 0, 0, 4.88%, 0, 0, 2, 20908.02, 44225715, 206
2171, 540, 10, 29, 0, 0, 4.88%, 0, 0, 2, 20023.32, 44331150, 206
2177, 541, 15, 29, 0, 0, 4.88%, 0, 0, 2, 20852.23, 44438975, 206
2182, 542, 12, 29, 0, 0, 4.88%, 0, 0, 2, 19751.34, 44540815, 206
2187, 544, 23, 29, 0, 0, 4.88%, 0, 0, 2, 21047.77, 44650159, 206
2192, 545, 6, 29, 0, 0, 4.88%, 0, 0, 2, 20370.93, 44752499, 206
2197, 546, 6, 29, 0, 0, 4.88%, 0, 0, 2, 21079.31, 44861869, 206
2202, 548, 4, 29, 0, 0, 4.88%, 0, 0, 2, 20203.58, 44967263, 206
2208, 549, 6, 29, 0, 0, 4.88%, 0, 0, 2, 21330.55, 45077977, 206
2213, 550, 4, 29, 0, 0, 4.88%, 0, 0, 2, 20070.50, 45181664, 206
2218, 552, 3, 29, 0, 0, 4.88%, 0, 0, 2, 21259.89, 45293504, 206
2223, 553, 14, 29, 0, 0, 4.88%, 0, 0, 2, 19498.37, 45389876, 206
2228, 554, 6, 29, 0, 0, 4.88%, 0, 0, 2, 20942.04, 45500483, 206
2233, 555, 26, 29, 0, 0, 4.88%, 0, 0, 2, 20282.71, 45605756, 206
2238, 557, 15, 29, 0, 0, 4.88%, 0, 0, 2, 21285.87, 45713458, 206
2243, 558, 6, 29, 0, 0, 4.88%, 0, 0, 2, 20158.90, 45811967, 206
2249, 559, 4, 29, 0, 0, 4.88%, 0, 0, 2, 21246.48, 45922203, 206
2254, 561, 14, 29, 0, 0, 4.88%, 0, 0, 2, 20821.39, 46028308, 206
2259, 562, 6, 29, 0, 0, 4.88%, 0, 0, 2, 21607.89, 46140923, 206
2264, 563, 6, 29, 0, 0, 4.88%, 0, 0, 2, 20960.57, 46243438, 206
2269, 565, 17, 29, 0, 0, 4.88%, 0, 0, 2, 21353.86, 46354909, 206
2274, 566, 14, 29, 0, 0, 4.88%, 0, 0, 2, 20904.23, 46457357, 206
2279, 567, 26, 29, 0, 0, 4.88%, 0, 0, 2, 21468.57, 46565570, 206
2284, 568, 26, 29, 0, 0, 4.88%, 0, 0, 2, 20962.84, 46672818, 206
2289, 570, 17, 29, 0, 0, 4.88%, 0, 0, 2, 21956.18, 46784681, 206
2294, 571, 26, 29, 0, 0, 4.88%, 0, 0, 2, 21137.60, 46887474, 206
2300, 572, 17, 29, 0, 0, 4.88%, 0, 0, 2, 20860.39, 46997063, 206
2305, 574, 17, 29, 0, 0, 4.88%, 0, 0, 2, 20801.82, 47103305, 206
2310, 575, 4, 29, 0, 0, 4.88%, 0, 0, 2, 21142.06, 47210885, 206
2315, 576, 6, 29, 0, 0, 4.88%, 0, 0, 2, 20809.48, 47316691, 206
2320, 578, 4, 29, 0, 0, 4.88%, 0, 0, 2, 21450.66, 47429593, 206
2325, 579, 4, 29, 0, 0, 4.88%, 0, 0, 2, 21214.55, 47537430, 206
2331, 580, 6, 29, 0, 0, 4.88%, 0, 0, 2, 20972.45, 47647608, 206
2336, 582, 6, 29, 0, 0, 4.88%, 0, 0, 2, 21161.46, 47752339, 206
2341, 583, 22, 29, 0, 0, 4.88%, 0, 0, 2, 20685.16, 47860791, 206
2346, 584, 6, 29, 0, 0, 4.88%, 0, 0, 2, 21139.76, 47969428, 206
2351, 586, 6, 29, 0, 0, 4.88%, 0, 0, 2, 21180.75, 48077271, 206
2356, 587, 14, 29, 0, 0, 4.88%, 0, 0, 2, 21056.61, 48184743, 206
2361, 588, 6, 29, 0, 0, 4.88%, 0, 0, 2, 20129.87, 48290398, 206
2366, 589, 6, 29, 0, 0, 4.88%, 0, 0, 2, 20963.24, 48395443, 206
2371, 591, 4, 29, 0, 0, 4.88%, 0, 0, 2, 20892.18, 48502414, 206
2376, 592, 9, 29, 0, 0, 4.88%, 0, 0, 2, 21423.81, 48612606, 206
2382, 593, 20, 29, 0, 0, 4.88%, 0, 0, 2, 20660.14, 48720746, 206
2387, 595, 6, 29, 0, 0, 4.88%, 0, 0, 2, 21146.46, 48830134, 206
2392, 596, 6, 29, 0, 0, 4.88%, 0, 0, 2, 20827.02, 48937575, 206
2397, 597, 17, 29, 0, 0, 4.88%, 0, 0, 2, 21745.50, 49049945, 206
2402, 599, 22, 29, 0, 0, 4.88%, 0, 0, 2, 20828.60, 49156687, 206
2407, 600, 6, 29, 0, 0, 4.88%, 0, 0, 2, 21236.27, 49267494, 206
2413, 601, 6, 29, 0, 0, 4.88%, 0, 0, 2, 20178.11, 49372881, 206
2418, 603, 22, 29, 0, 0, 4.88%, 0, 0, 2, 21502.45, 49485856, 206
2423, 604, 6, 29, 0, 0, 4.88%, 0, 0, 2, 20309.39, 49588244, 206
2428, 605, 23, 29, 0, 0, 4.88%, 0, 0, 2, 21473.45, 49701182, 206
2433, 607, 26, 29, 0, 0, 4.88%, 0, 0, 2, 20663.50, 49806470, 206
2439, 608, 6, 29, 0, 0, 4.88%, 0, 0, 2, 21474.75, 49917056, 206
2444, 609, 6, 29, 0, 0, 4.88%, 0, 0, 2, 20769.10, 50024228, 206
2449, 611, 10, 29, 0, 0, 4.88%, 0, 0, 2, 21723.72, 50139102, 206
2454, 612, 6, 29, 0, 0, 4.88%, 0, 0, 2, 20870.84, 50245536, 206
2459, 613, 17, 29, 0, 0, 4.88%, 0, 0, 2, 21484.51, 50357705, 206
2464, 615, 9, 29, 0, 0, 4.88%, 0, 0, 2, 20737.43, 50462720, 206
2470, 616, 6, 29, 0, 0, 4.88%, 0, 0, 2, 21945.41, 50577148, 206
2475, 617, 6, 29, 0, 0, 4.88%, 0, 0, 2, 21188.11, 50683976, 206
2480, 619, 24, 29, 0, 0, 4.88%, 0, 0, 2, 20903.58, 50794750, 206
2485, 620, 6, 29, 0, 0, 4.88%, 0, 0, 2, 21151.54, 50901990, 206
2490, 621, 19, 29, 0, 0, 4.88%, 0, 0, 2, 21093.39, 51012782, 206
2495, 623, 6, 29, 0, 0, 4.88%, 0, 0, 2, 21145.76, 51119722, 206
2501, 624, 9, 29, 0, 0, 4.88%, 0, 0, 2, 21178.37, 51230198, 206
2506, 625, 6, 29, 0, 0, 4.88%, 0, 0, 2, 21461.88, 51339268, 206
2511, 627, 5, 29, 0, 0, 4.88%, 0, 0, 2, 21327.21, 51447450, 206
2516, 628, 4, 29, 0, 0, 4.88%, 0, 0, 2, 21453.90, 51557929, 206
2521, 629, 23, 29, 0, 0, 4.88%, 0, 0, 2, 20424.62, 51664967, 206
2526, 631, 4, 29, 0, 0, 4.88%, 0, 0, 2, 21281.63, 51775114, 206
2531, 632, 4, 29, 0, 0, 4.88%, 0, 0, 2, 20976.82, 51886457, 206
2537, 633, 6, 29, 0, 0, 4.88%, 0, 0, 2, 21587.45, 51998505, 206
2542, 635, 6, 29, 0, 0, 4.88%, 0, 0, 2, 19779.58, 52098101, 206
2547, 636, 10, 29, 0, 0, 4.88%, 0, 0, 2, 20935.93, 52203498, 206
2552, 637, 22, 29, 0, 0, 4.88%, 0, 0, 2, 20466.92, 52311648, 206
2557, 639, 6, 29, 0, 0, 4.88%, 0, 0, 2, 22010.54, 52426269, 206
2562, 640, 8, 29, 0, 0, 4.88%, 0, 0, 2, 20824.03, 52530219, 206
2567, 641, 3, 29, 0, 0, 4.88%, 0, 0, 2, 21630.54, 52640896, 206
2572, 643, 22, 29, 0, 0, 4.88%, 0, 0, 2, 20947.30, 52748667, 206
2577, 644, 6, 29, 0, 0, 4.88%, 0, 0, 2, 21476.60, 52859115, 206
2583, 645, 17, 29, 0, 0, 4.88%, 0, 0, 2, 20235.48, 52963426, 206
2588, 647, 20, 29, 0, 0, 4.88%, 0, 0, 2, 21278.43, 53075238, 206
2593, 648, 3, 29, 0, 0, 4.88%, 0, 0, 2, 20701.40, 53181735, 206
2598, 649, 5, 29, 0, 0, 4.88%, 0, 0, 2, 21540.46, 53290795, 206
2603, 651, 26, 29, 0, 0, 4.88%, 0, 0, 2, 20683.87, 53396503, 206
2608, 652, 9, 29, 0, 0, 4.88%, 0, 0, 2, 21641.61, 53509069, 206
2613, 653, 17, 29, 0, 0, 4.88%, 0, 0, 2, 20815.21, 53611912, 206
2619, 655, 24, 29, 0, 0, 4.88%, 0, 0, 2, 21629.55, 53725794, 206
2624, 656, 10, 29, 0, 0, 4.88%, 0, 0, 2, 21071.12, 53834909, 206
2629, 657, 6, 29, 0, 0, 4.88%, 0, 0, 2, 21529.43, 53948476, 206
2634, 659, 6, 29, 0, 0, 4.88%, 0, 0, 2, 20779.14, 54050458, 206
2639, 660, 6, 29, 0, 0, 4.88%, 0, 0, 2, 21237.04, 54162807, 206
2644, 661, 6, 29, 0, 0, 4.88%, 0, 0, 2, 21360.00, 54267442, 206
2649, 663, 15, 29, 0, 0, 4.88%, 0, 0, 2, 21817.54, 54381135, 206
2655, 664, 6, 29, 0, 0, 4.88%, 0, 0, 2, 21068.21, 54486949, 206
2660, 665, 14, 29, 0, 0, 4.88%, 0, 0, 2, 20629.30, 54594664, 206
2665, 666, 6, 29, 0, 0, 4.88%, 0, 0, 2, 20701.65, 54698830, 206
2670, 668, 6, 29, 0, 0, 4.88%, 0, 0, 2, 21092.62, 54810412, 206
2675, 669, 6, 29, 0, 0, 4.88%, 0, 0, 2, 21143.14, 54917394, 206
2680, 670, 4, 29, 0, 0, 4.88%, 0, 0, 2, 21466.91, 55030849, 206
2685, 672, 25, 29, 0, 0, 4.88%, 0, 0, 2, 21552.00, 55140762, 206
2691, 673, 20, 29, 0, 0, 4.88%, 0, 0, 2, 21031.03, 55251288, 206
2696, 675, 6, 29, 0, 0, 4.88%, 0, 0, 2, 21108.51, 55358200, 206
2701, 676, 6, 29, 0, 0, 4.88%, 0, 0, 2, 21076.14, 55469552, 206
2706, 677, 6, 29, 0, 0, 4.88%, 0, 0, 2, 20914.35, 55573699, 206
2711, 678, 24, 29, 0, 0, 4.88%, 0, 0, 2, 20765.59, 55680976, 206
2716, 680, 3, 29, 0, 0, 4.88%, 0, 0, 2, 21364.53, 55790712, 206
2721, 681, 6, 29, 0, 0, 4.88%, 0, 0, 2, 20386.18, 55896768, 206
2726, 682, 24, 29, 0, 0, 4.88%, 0, 0, 2, 21545.17, 56006017, 206
2732, 684, 14, 29, 0, 0, 4.88%, 0, 0, 2, 20919.38, 56114725, 206
2737, 685, 6, 29, 0, 0, 4.88%, 0, 0, 2, 21617.57, 56227362, 206
2742, 686, 6, 29, 0, 0, 4.88%, 0, 0, 2, 20941.69, 56336762, 206
2747, 688, 6, 29, 0, 0, 4.88%, 0, 0, 2, 21786.40, 56449380, 206
2752, 689, 6, 29, 0, 0, 4.88%, 0, 0, 2, 21153.80, 56558231, 206
2757, 690, 4, 29, 0, 0, 4.88%, 0, 0, 2, 21756.39, 56666455, 206
2762, 692, 6, 29, 0, 0, 4.88%, 0, 0, 2, 21283.00, 56772383, 206
2767, 693, 4, 29, 0, 0, 4.88%, 0, 0, 2, 21505.02, 56884090, 206
2773, 694, 4, 29, 0, 0, 4.88%, 0, 0, 2, 20375.24, 56989043, 206
2778, 696, 19, 29, 0, 0, 4.88%, 0, 0, 2, 21593.45, 57098164, 206
2783, 697, 6, 29, 0, 0, 4.88%, 0, 0, 2, 20638.61, 57201005, 206
2788, 698, 24, 29, 0, 0, 4.88%, 0, 0, 2, 22101.37, 57315367, 206
2793, 700, 23, 29, 0, 0, 4.88%, 0, 0, 2, 21102.61, 57420766, 206
2798, 701, 6, 29, 0, 0, 4.88%, 0, 0, 2, 21362.20, 57529612, 206
2803, 702, 17, 29, 0, 0, 4.88%, 0, 0, 2, 21301.64, 57640659, 206
2808, 704, 4, 29, 0, 0, 4.88%, 0, 0, 2, 21482.44, 57752027, 206
2813, 705, 26, 29, 0, 0, 4.88%, 0, 0, 2, 21140.86, 57859329, 206
2819, 706, 4, 29, 0, 0, 4.88%, 0, 0, 2, 21796.76, 57972532, 206
2824, 708, 6, 29, 0, 0, 4.88%, 0, 0, 2, 20827.25, 58078348, 206
2829, 709, 6, 29, 0, 0, 4.88%, 0, 0, 2, 21446.35, 58186942, 206
2834, 710, 6, 29, 0, 0, 4.88%, 0, 0, 2, 21360.02, 58297276, 206
2839, 712, 14, 29, 0, 0, 4.88%, 0, 0, 2, 21415.67, 58409230, 206
2844, 713, 24, 29, 0, 0, 4.88%, 0, 0, 2, 20756.83, 58513356, 206
2849, 714, 26, 29, 0, 0, 4.88%, 0, 0, 2, 21452.96, 58622682, 206
2854, 716, 17, 29, 0, 0, 4.88%, 0, 0, 2, 20981.91, 58728402, 206
2859, 717, 15, 29, 0, 0, 4.88%, 0, 0, 2, 21778.58, 58837762, 206
2865, 718, 6, 29, 0, 0, 4.88%, 0, 0, 2, 20943.43, 58942580, 206
2870, 720, 24, 29, 0, 0, 4.88%, 0, 0, 2, 21839.35, 59056649, 206
2875, 721, 19, 29, 0, 0, 4.88%, 0, 0, 2, 21008.22, 59162120, 206
2880, 722, 8, 29, 0, 0, 4.88%, 0, 0, 2, 21594.30, 59275634, 206
2885, 724, 6, 29, 0, 0, 4.88%, 0, 0, 2, 22634.24, 59388273, 206
2890, 725, 6, 29, 0, 0, 4.88%, 0, 0, 2, 21649.96, 59501433, 206
2896, 726, 17, 29, 0, 0, 4.88%, 0, 0, 2, 21487.03, 59611115, 206
2901, 728, 14, 29, 0, 0, 4.88%, 0, 0, 2, 20532.56, 59716614, 206
2906, 729, 6, 29, 0, 0, 4.88%, 0, 0, 2, 21043.19, 59824891, 206
2911, 730, 15, 29, 0, 0, 4.88%, 0, 0, 2, 22181.11, 59944642, 206
2916, 732, 6, 29, 0, 0, 4.88%, 0, 0, 2, 21322.42, 60053153, 206
2921, 733, 25, 29, 0, 0, 4.88%, 0, 0, 2, 21364.64, 60163508, 206
2926, 734, 6, 29, 0, 0, 4.88%, 0, 0, 2, 21154.97, 60271149, 206
2931, 736, 6, 29, 0, 0, 4.88%, 0, 0, 2, 20729.57, 60376295, 206
2937, 737, 24, 29, 0, 0, 4.88%, 0, 0, 2, 21526.04, 60488218, 206
2942, 738, 26, 29, 0, 0, 4.88%, 0, 0, 2, 20582.56, 60590138, 206
2947, 740, 26, 29, 0, 0, 4.88%, 0, 0, 2, 21433.78, 60698799, 206
2952, 741, 15, 29, 0, 0, 4.88%, 0, 0, 2, 20415.30, 60802100, 206
2957, 742, 25, 29, 0, 0, 4.88%, 0, 0, 2, 21641.49, 60914607, 206
2962, 744, 6, 29, 0, 0, 4.88%, 0, 0, 2, 20054.64, 61018501, 206
2967, 745, 15, 29, 0, 0, 4.88%, 0, 0, 2, 21725.48, 61131947, 206
2972, 746, 20, 29, 0, 0, 4.88%, 0, 0, 2, 21027.47, 61240150, 206
2977, 748, 24, 29, 0, 0, 4.88%, 0, 0, 2, 22672.26, 61359260, 206
2983, 749, 6, 29, 0, 0, 4.88%, 0, 0, 2, 20925.34, 61467090, 206
2988, 750, 6, 29, 0, 0, 4.88%, 0, 0, 2, 21919.06, 61581577, 206
2993, 752, 3, 29, 0, 0, 4.88%, 0, 0, 2, 21240.38, 61691528, 206
2998, 753, 8, 29, 0, 0, 4.88%, 0, 0, 2, 22231.23, 61808840, 206
3003, 755, 14, 29, 0, 0, 4.88%, 0, 0, 2, 20309.40, 61909426, 206
3008, 756, 15, 29, 0, 0, 4.88%, 0, 0, 2, 21774.93, 62022541, 206
3014, 757, 4, 29, 0, 0, 4.88%, 0, 0, 2, 20885.71, 62129300, 206
3019, 759, 4, 29, 0, 0, 4.88%, 0, 0, 2, 21942.17, 62239446, 206
3024, 760, 20, 29, 0, 0, 4.88%, 0, 0, 2, 21108.71, 62343467, 206
3029, 761, 6, 29, 0, 0, 4.88%, 0, 0, 2, 21892.39, 62453935, 206
3034, 762, 3, 29, 0, 0, 4.88%, 0, 0, 2, 21330.29, 62559702, 206
3039, 764, 24, 29, 0, 0, 4.88%, 0, 0, 2, 21963.92, 62673932, 206
3044, 765, 4, 29, 0, 0, 4.88%, 0, 0, 2, 21206.95, 62777719, 206
3049, 766, 24, 29, 0, 0, 4.88%, 0, 0, 2, 21799.14, 62890460, 206
3054, 768, 17, 29, 0, 0, 4.88%, 0, 0, 2, 20975.29, 62996943, 206
3059, 769, 6, 29, 0, 0, 4.88%, 0, 0, 2, 21802.35, 63110662, 206
3065, 770, 20, 29, 0, 0, 4.88%, 0, 0, 2, 21227.21, 63218198, 206
3070, 772, 6, 29, 0, 0, 4.88%, 0, 0, 2, 21647.44, 63332679, 206
3075, 773, 6, 29, 0, 0, 4.88%, 0, 0, 2, 21250.95, 63441175, 206
3080, 775, 6, 29, 0, 0, 4.88%, 0, 0, 2, 20528.09, 63550707, 206
3085, 776, 6, 29, 0, 0, 4.88%, 0, 0, 2, 20619.78, 63651562, 206
3090, 777, 10, 29, 0, 0, 4.88%, 0, 0, 2, 21875.58, 63767955, 206
3096, 779, 26, 29, 0, 0, 4.88%, 0, 0, 2, 21766.95, 63879032, 206
3101, 780, 6, 29, 0, 0, 4.88%, 0, 0, 2, 21148.23, 63989619, 206
3106, 781, 26, 29, 0, 0, 4.88%, 0, 0, 2, 22052.44, 64098324, 206
3111, 783, 6, 29, 0, 0, 4.88%, 0, 0, 2, 21576.36, 64211113, 206
3116, 784, 6, 29, 0, 0, 4.88%, 0, 0, 2, 21776.28, 64320195, 206
3121, 785, 6, 29, 0, 0, 4.88%, 0, 0, 2, 20745.63, 64428001, 206
3126, 787, 26, 29, 0, 0, 4.88%, 0, 0, 2, 21428.73, 64537327, 206
3132, 788, 6, 29, 0, 0, 4.88%, 0, 0, 2, 20648.76, 64645972, 206
3137, 789, 25, 29, 0, 0, 4.88%, 0, 0, 2, 21307.61, 64756752, 206
3142, 791, 26, 29, 0, 0, 4.88%, 0, 0, 2, 20271.75, 64862444, 206
3147, 792, 3, 29, 0, 0, 4.88%, 0, 0, 2, 21738.97, 64974993, 206
3152, 793, 26, 29, 0, 0, 4.88%, 0, 0, 2, 20886.29, 65080387, 206
3157, 795, 3, 29, 0, 0, 4.88%, 0, 0, 2, 21970.58, 65195291, 206
3162, 796, 9, 29, 0, 0, 4.88%, 0, 0, 2, 20564.55, 65299802, 206
3168, 797, 10, 29, 0, 0, 4.88%, 0, 0, 2, 21584.00, 65412199, 206
3173, 799, 6, 29, 0, 0, 4.88%, 0, 0, 2, 21156.15, 65521789, 206
3178, 800, 6, 29, 0, 0, 4.88%, 0, 0, 2, 21712.61, 65634409, 206
3183, 801, 17, 29, 0, 0, 4.88%, 0, 0, 2, 20807.25, 65738507, 206
3188, 803, 6, 29, 0, 0, 4.88%, 0, 0, 2, 21517.21, 65850173, 206
3193, 804, 6, 29, 0, 0, 4.88%, 0, 0, 2, 21026.43, 65959686, 206
3198, 805, 6, 29, 0, 0, 4.88%, 0, 0, 2, 22264.90, 66076273, 206
3204, 807, 24, 29, 0, 0, 4.88%, 0, 0, 2, 20850.96, 66179497, 206
3209, 808, 23, 29, 0, 0, 4.88%, 0, 0, 2, 22137.49, 66295189, 206
3214, 809, 6, 29, 0, 0, 4.88%, 0, 0, 2, 21547.40, 66405497, 206
3219, 811, 6, 29, 0, 0, 4.88%, 0, 0, 2, 22382.97, 66522009, 206
3224, 812, 6, 29, 0, 0, 4.88%, 0, 0, 2, 22725.08, 66632486, 206
3229, 814, 3, 29, 0, 0, 4.88%, 0, 0, 2, 22572.21, 66746405, 206
3234, 815, 6, 29, 0, 0, 4.88%, 0, 0, 2, 22212.60, 66857688, 206
3240, 816, 6, 29, 0, 0, 4.88%, 0, 0, 2, 21605.18, 66969141, 206
3245, 818, 6, 29, 0, 0, 4.88%, 0, 0, 2, 21155.23, 67075376, 206
3250, 819, 14, 29, 0, 0, 4.88%, 0, 0, 2, 22273.66, 67192867, 206
3255, 820, 6, 29, 0, 0, 4.88%, 0, 0, 2, 21905.64, 67304231, 206
3260, 822, 19, 29, 0, 0, 4.88%, 0, 0, 2, 21328.54, 67417350, 206
3265, 823, 20, 29, 0, 0, 4.88%, 0, 0, 2, 21194.45, 67525266, 206
3271, 824, 6, 29, 0, 0, 4.88%, 0, 0, 2, 21391.85, 67638719, 206
3276, 826, 8, 29, 0, 0, 4.88%, 0, 0, 2, 21620.97, 67751946, 206
3281, 827, 6, 29, 0, 0, 4.88%, 0, 0, 2, 21244.88, 67864708, 206
3286, 829, 17, 29, 0, 0, 4.88%, 0, 0, 2, 22060.09, 67978871, 206
3291, 830, 26, 29, 0, 0, 4.88%, 0, 0, 2, 21106.43, 68087169, 206
3296, 831, 6, 29, 0, 0, 4.88%, 0, 0, 2, 22696.73, 68200792, 206
3302, 833, 6, 29, 0, 0, 4.88%, 0, 0, 2, 21005.70, 68309478, 206
3307, 834, 17, 29, 0, 0, 4.88%, 0, 0, 2, 22637.11, 68426593, 206
3312, 835, 6, 29, 0, 0, 4.88%, 0, 0, 2, 21476.72, 68537944, 206
3317, 837, 4, 29, 0, 0, 4.88%, 0, 0, 2, 22025.35, 68651111, 206
3322, 838, 8, 29, 0, 0, 4.88%, 0, 0, 2, 20861.45, 68755826, 206
3327, 839, 6, 29, 0, 0, 4.88%, 0, 0, 2, 21814.52, 68867385, 206
3332, 841, 14, 29, 0, 0, 4.88%, 0, 0, 2, 20992.42, 68972595, 206
3337, 842, 20, 29, 0, 0, 4.88%, 0, 0, 2, 22166.46, 69088035, 206
3343, 843, 6, 29, 0, 0, 4.88%, 0, 0, 2, 21351.77, 69194938, 206
3348, 845, 26, 29, 0, 0, 4.88%, 0, 0, 2, 21869.00, 69309008, 206
3353, 846, 4, 29, 0, 0, 4.88%, 0, 0, 2, 20689.37, 69413499, 206
3358, 848, 6, 29, 0, 0, 4.88%, 0, 0, 2, 21944.52, 69529221, 206
3363, 849, 4, 29, 0, 0, 4.88%, 0, 0, 2, 20908.45, 69638474, 206
3368, 850, 6, 29, 0, 0, 4.88%, 0, 0, 2, 21905.53, 69753384, 206
3373, 852, 6, 29, 0, 0, 4.88%, 0, 0, 2, 21143.41, 69862428, 206
3379, 853, 10, 29, 0, 0, 4.88%, 0, 0, 2, 22186.71, 69978139, 206
3384, 854, 4, 29, 0, 0, 4.88%, 0, 0, 2, 20819.72, 70079286, 206
3389, 856, 6, 29, 0, 0, 4.88%, 0, 0, 2, 22063.52, 70191706, 206
3394, 857, 5, 29, 0, 0, 4.88%, 0, 0, 2, 21400.10, 70297364, 206
3399, 858, 17, 29, 0, 0, 4.88%, 0, 0, 2, 22634.15, 70416707, 206
3404, 860, 14, 29, 0, 0, 4.88%, 0, 0, 2, 21778.48, 70524187, 206
3409, 861, 6, 29, 0, 0, 4.88%, 0, 0, 2, 22232.74, 70636108, 206
3414, 862, 8, 29, 0, 0, 4.88%, 0, 0, 2, 21508.40, 70742538, 206
3419, 864, 6, 29, 0, 0, 4.88%, 0, 0, 2, 22228.59, 70858098, 206
3424, 865, 6, 29, 0, 0, 4.88%, 0, 0, 2, 21677.53, 70968619, 206
3429, 866, 25, 29, 0, 0, 4.88%, 0, 0, 2, 21668.46, 71077913, 206
3435, 868, 22, 29, 0, 0, 4.88%, 0, 0, 2, 21782.41, 71190392, 206
3440, 869, 24, 29, 0, 0, 4.88%, 0, 0, 2, 21305.82, 71303081, 206
3445, 870, 6, 29, 0, 0, 4.88%, 0, 0, 2, 21289.97, 71409447, 206
3450, 872, 6, 29, 0, 0, 4.88%, 0, 0, 2, 22404.24, 71526657, 206
3455, 873, 10, 29, 0, 0, 4.88%, 0, 0, 2, 22021.59, 71634879, 206
3460, 875, 6, 29, 0, 0, 4.88%, 0, 0, 2, 22246.85, 71750433, 206
3465, 876, 8, 29, 0, 0, 4.88%, 0, 0, 2, 22396.81, 71863280, 206
3471, 877, 24, 29, 0, 0, 4.88%, 0, 0, 2, 21626.83, 71974886, 206
3476, 879, 10, 29, 0, 0, 4.88%, 0, 0, 2, 21732.14, 72088144, 206
3481, 880, 5, 29, 0, 0, 4.88%, 0, 0, 2, 21695.66, 72199540, 206
3486, 881, 5, 29, 0, 0, 4.88%, 0, 0, 2, 21664.10, 72311141, 206
3491, 883, 6, 29, 0, 0, 4.88%, 0, 0, 2, 21376.15, 72422101, 206
3496, 884, 5, 29, 0, 0, 4.88%, 0, 0, 2, 22137.46, 72536694, 206
3501, 885, 9, 29, 0, 0, 4.88%, 0, 0, 2, 20670.38, 72640597, 206
3507, 887, 23, 29, 0, 0, 4.88%, 0, 0, 2, 21349.11, 72752133, 206
3512, 888, 25, 29, 0, 0, 4.88%, 0, 0, 2, 21435.43, 72865671, 206
3517, 890, 19, 29, 0, 0, 4.88%, 0, 0, 2, 21706.76, 72978154, 206
3522, 891, 6, 29, 0, 0, 4.88%, 0, 0, 2, 20847.18, 73088035, 206
3527, 892, 6, 29, 0, 0, 4.88%, 0, 0, 2, 22769.41, 73206860, 206
3532, 894, 8, 29, 0, 0, 4.88%, 0, 0, 2, 21469.46, 73313782, 206
3537, 895, 6, 29, 0, 0, 4.88%, 0, 0, 2, 22190.91, 73428511, 206
3543, 896, 6, 29, 0, 0, 4.88%, 0, 0, 2, 20938.96, 73537646, 206
3548, 898, 5, 29, 0, 0, 4.88%, 0, 0, 2, 22085.32, 73654369, 206
3553, 899, 26, 29, 0, 0, 4.88%, 0, 0, 2, 21518.41, 73766669, 206
3558, 901, 4, 29, 0, 0, 4.88%, 0, 0, 2, 22150.08, 73881441, 206
3563, 902, 22, 29, 0, 0, 4.88%, 0, 0, 2, 20798.56, 73986771, 206
3569, 903, 5, 29, 0, 0, 4.88%, 0, 0, 2, 22576.45, 74103439, 206
3574, 905, 6, 29, 0, 0, 4.88%, 0, 0, 2, 21490.63, 74210111, 206
3579, 906, 6, 29, 0, 0, 4.88%, 0, 0, 2, 22206.30, 74327226, 206
3584, 907, 6, 29, 0, 0, 4.88%, 0, 0, 2, 21434.91, 74436955, 206
3589, 909, 25, 29, 0, 0, 4.88%, 0, 0, 2, 22047.77, 74549184, 206
3594, 910, 17, 29, 0, 0, 4.88%, 0, 0, 2, 21443.54, 74660023, 206
3599, 912, 6, 29, 0, 0, 4.88%, 0, 0, 2, 22711.94, 74779576, 206
3604, 913, 6, 29, 0, 0, 4.88%, 0, 0, 2, 21999.04, 74886893, 206
3610, 914, 6, 29, 0, 0, 4.88%, 0, 0, 2, 22732.47, 75006178, 206
3615, 916, 6, 29, 0, 0, 4.88%, 0, 0, 2, 22919.83, 75116143, 206
3620, 917, 10, 29, 0, 0, 4.88%, 0, 0, 2, 21521.39, 75228792, 206
3625, 918, 6, 29, 0, 0, 4.88%, 0, 0, 2, 21406.02, 75333166, 206
3630, 920, 4, 29, 0, 0, 4.88%, 0, 0, 2, 22194.37, 75450627, 206
3635, 921, 3, 29, 0, 0, 4.88%, 0, 0, 2, 21904.26, 75563530, 206
3640, 923, 26, 29, 0, 0, 4.88%, 0, 0, 2, 23734.42, 75689746, 206
3645, 924, 26, 29, 0, 0, 4.88%, 0, 0, 2, 22584.19, 75801489, 206
3650, 925, 10, 29, 0, 0, 4.88%, 0, 0, 2, 21784.91, 75911389, 206
3656, 927, 8, 29, 0, 0, 4.88%, 0, 0, 2, 22378.02, 76026854, 206
3661, 928, 6, 29, 0, 0, 4.88%, 0, 0, 2, 21960.02, 76143112, 206
3666, 930, 6, 29, 0, 0, 4.88%, 0, 0, 2, 22069.35, 76256981, 206
3671, 931, 20, 29, 0, 0, 4.88%, 0, 0, 2, 21497.94, 76371037, 206
3676, 932, 6, 29, 0, 0, 4.88%, 0, 0, 2, 22370.01, 76486759, 206
3681, 934, 4, 29, 0, 0, 4.88%, 0, 0, 2, 21448.95, 76595477, 206
3687, 935, 6, 29, 0, 0, 4.88%, 0, 0, 2, 21538.41, 76706085, 206
3692, 936, 24, 29, 0, 0, 4.88%, 0, 0, 2, 21559.93, 76816738, 206
3697, 938, 22, 29, 0, 0, 4.88%, 0, 0, 2, 22608.00, 76931648, 206
3702, 939, 19, 29, 0, 0, 4.88%, 0, 0, 2, 22162.00, 77048344, 206
3707, 941, 25, 29, 0, 0, 4.88%, 0, 0, 2, 21992.49, 77160639, 206
3712, 942, 6, 29, 0, 0, 4.88%, 0, 0, 2, 21789.50, 77273737, 206
3717, 943, 9, 29, 0, 0, 4.88%, 0, 0, 2, 22249.91, 77389500, 206
3723, 945, 20, 29, 0, 0, 4.88%, 0, 0, 2, 21547.66, 77502070, 206
3728, 946, 26, 29, 0, 0, 4.88%, 0, 0, 2, 21716.96, 77611958, 206
3733, 947, 6, 29, 0, 0, 4.88%, 0, 0, 2, 21517.88, 77723073, 206
3738, 949, 6, 29, 0, 0, 4.88%, 0, 0, 2, 22462.12, 77841012, 206
3743, 950, 6, 29, 0, 0, 4.88%, 0, 0, 2, 21468.85, 77946797, 206
3748, 952, 6, 29, 0, 0, 4.88%, 0, 0, 2, 21974.27, 78062403, 206
3753, 953, 20, 29, 0, 0, 4.88%, 0, 0, 2, 21491.67, 78173869, 206
3758, 954, 15, 29, 0, 0, 4.88%, 0, 0, 2, 22385.92, 78287244, 206
3763, 956, 4, 29, 0, 0, 4.88%, 0, 0, 2, 21090.23, 78394910, 206
3769, 957, 24, 29, 0, 0, 4.88%, 0, 0, 2, 22658.02, 78515546, 206
3774, 958, 6, 29, 0, 0, 4.88%, 0, 0, 2, 21985.05, 78627023, 206
3779, 960, 6, 29, 0, 0, 4.88%, 0, 0, 2, 24669.64, 78752839, 206
3784, 961, 17, 29, 0, 0, 4.88%, 0, 0, 2, 22229.46, 78864997, 206
3789, 963, 5, 29, 0, 0, 4.88%, 0, 0, 2, 22607.96, 78978472, 206
3794, 964, 4, 29, 0, 0, 4.88%, 0, 0, 2, 21716.29, 79088599, 206
3799, 965, 5, 29, 0, 0, 4.88%, 0, 0, 2, 22174.41, 79201184, 206
3805, 967, 6, 29, 0, 0, 4.88%, 0, 0, 2, 22189.17, 79312182, 206
3810, 968, 26, 29, 0, 0, 4.88%, 0, 0, 2, 22723.77, 79425078, 206
3815, 970, 4, 29, 0, 0, 4.88%, 0, 0, 2, 21446.12, 79532145, 206
3820, 971, 10, 29, 0, 0, 4.88%, 0, 0, 2, 22808.25, 79647829, 206
3825, 972, 6, 29, 0, 0, 4.88%, 0, 0, 2, 21477.07, 79756371, 206
3830, 974, 23, 29, 0, 0, 4.88%, 0, 0, 2, 21867.71, 79871755, 206
3835, 975, 8, 29, 0, 0, 4.88%, 0, 0, 2, 22416.82, 79986664, 206
3840, 976, 6, 29, 0, 0, 4.88%, 0, 0, 2, 21133.68, 80095722, 206
3846, 978, 6, 29, 0, 0, 4.88%, 0, 0, 2, 22355.89, 80207590, 206
3851, 979, 25, 29, 0, 0, 4.88%, 0, 0, 2, 21445.95, 80319028, 206
3856, 980, 17, 29, 0, 0, 4.88%, 0, 0, 2, 22145.04, 80431104, 206
3861, 982, 26, 29, 0, 0, 4.88%, 0, 0, 2, 20938.48, 80540801, 206
3866, 983, 26, 29, 0, 0, 4.88%, 0, 0, 2, 22229.20, 80652958, 206
3871, 985, 6, 29, 0, 0, 4.88%, 0, 0, 2, 21027.65, 80762657, 206
3876, 986, 6, 29, 0, 0, 4.88%, 0, 0, 2, 21737.03, 80871890, 206
3882, 987, 9, 29, 0, 0, 4.88%, 0, 0, 2, 21682.24, 80985976, 206
3887, 989, 6, 29, 0, 0, 4.88%, 0, 0, 2, 22522.38, 81102374, 206
3892, 990, 23, 29, 0, 0, 4.88%, 0, 0, 2, 22436.43, 81225864, 206
3897, 992, 8, 29, 0, 0, 4.88%, 0, 0, 2, 22717.35, 81343509, 206
3902, 993, 6, 29, 0, 0, 4.88%, 0, 0, 2, 20992.72, 81453216, 206
3907, 994, 1, 29, 0, 0, 4.88%, 0, 0, 2, 22363.92, 81571269, 206
3913, 996, 8, 29, 0, 0, 4.88%, 0, 0, 2, 21380.09, 81683048, 206
3918, 997, 15, 29, 0, 0, 4.88%, 0, 0, 2, 22953.90, 81801984, 206
3923, 999, 6, 29, 0, 0, 4.88%, 0, 0, 2, 21380.41, 81910985, 206
3928, 1000, 24, 29, 0, 0, 4.88%, 0, 0, 2, 22088.78, 82025299, 206
3933, 1001, 9, 29, 0, 0, 4.88%, 0, 0, 2, 21599.92, 82136333, 206
3938, 1003, 6, 29, 0, 0, 4.88%, 0, 0, 2, 23210.18, 82253476, 206
3943, 1004, 17, 29, 0, 0, 4.88%, 0, 0, 2, 20895.24, 82356312, 206
3949, 1005, 6, 29, 0, 0, 4.88%, 0, 0, 2, 22751.40, 82475178, 206
3954, 1007, 6, 29, 0, 0, 4.88%, 0, 0, 2, 23047.88, 82588395, 206
3959, 1008, 17, 29, 0, 0, 4.88%, 0, 0, 2, 22778.18, 82704649, 206
3964, 1010, 26, 29, 0, 0, 4.88%, 0, 0, 2, 22227.49, 82817470, 206
3969, 1011, 6, 29, 0, 0, 4.88%, 0, 0, 2, 23424.70, 82935543, 206
3974, 1012, 5, 29, 0, 0, 4.88%, 0, 0, 2, 22027.00, 83042851, 206
3979, 1014, 6, 29, 0, 0, 4.88%, 0, 0, 2, 22243.51, 83159008, 206
3984, 1015, 6, 29, 0, 0, 4.88%, 0, 0, 2, 21113.40, 83264282, 206
3989, 1017, 6, 29, 0, 0, 4.88%, 0, 0, 2, 22301.07, 83381685, 206
3995, 1018, 5, 29, 0, 0, 4.88%, 0, 0, 2, 21871.09, 83490772, 206
4000, 1019, 14, 29, 0, 0, 4.88%, 0, 0, 2, 22444.66, 83603913, 206
4005, 1021, 3, 29, 0, 0, 4.88%, 0, 0, 2, 23347.73, 83721823, 206
4010, 1022, 5, 29, 0, 0, 4.88%, 0, 0, 2, 22855.12, 83836438, 206
4015, 1023, 6, 29, 0, 0, 4.88%, 0, 0, 2, 22859.78, 83949150, 206
4020, 1025, 10, 29, 0, 0, 4.88%, 0, 0, 2, 21822.45, 84063235, 206
4025, 1026, 17, 29, 0, 0, 4.88%, 0, 0, 2, 22565.98, 84179749, 206
4030, 1028, 22, 29, 0, 0, 4.88%, 0, 0, 2, 22076.28, 84291505, 206
4036, 1029, 24, 29, 0, 0, 4.88%, 0, 0, 2, 22149.71, 84405259, 206
4041, 1030, 23, 29, 0, 0, 4.88%, 0, 0, 2, 21192.89, 84515035, 206
4046, 1032, 23, 29, 0, 0, 4.88%, 0, 0, 2, 22267.52, 84628582, 206
4051, 1033, 8, 29, 0, 0, 4.88%, 0, 0, 2, 21511.45, 84741345, 206
4056, 1034, 6, 29, 0, 0, 4.88%, 0, 0, 2, 21820.81, 84851281, 206
4061, 1036, 26, 29, 0, 0, 4.88%, 0, 0, 2, 21733.06, 84968041, 206
4066, 1037, 9, 29, 0, 0, 4.88%, 0, 0, 2, 23531.25, 85083254, 206
4071, 1039, 6, 29, 0, 0, 4.88%, 0, 0, 2, 22607.05, 85197235, 206
4076, 1040, 24, 29, 0, 0, 4.88%, 0, 0, 2, 22552.85, 85314333, 206
4082, 1041, 6, 29, 0, 0, 4.88%, 0, 0, 2, 21652.31, 85428756, 206
4087, 1043, 20, 29, 0, 0, 4.88%, 0, 0, 2, 23022.95, 85547888, 206
4092, 1044, 17, 29, 0, 0, 4.88%, 0, 0, 2, 21084.48, 85658087, 206
4097, 1046, 10, 29, 0, 0, 4.88%, 0, 0, 2, 22831.69, 85777472, 206
4102, 1047, 5, 29, 0, 0, 4.88%, 0, 0, 2, 20888.30, 85884765, 206
4107, 1049, 26, 29, 0, 0, 4.88%, 0, 0, 2, 22883.51, 86004382, 206
4113, 1050, 4, 29, 0, 0, 4.88%, 0, 0, 2, 21728.97, 86118303, 206
4118, 1051, 6, 29, 0, 0, 4.88%, 0, 0, 2, 23328.41, 86241644, 206
4123, 1053, 3, 29, 0, 0, 4.88%, 0, 0, 2, 22054.33, 86352992, 206
4128, 1054, 6, 29, 0, 0, 4.88%, 0, 0, 2, 22957.67, 86472057, 206
4133, 1056, 6, 29, 0, 0, 4.88%, 0, 0, 2, 21232.90, 86581044, 206
4138, 1057, 6, 29, 0, 0, 4.88%, 0, 0, 2, 23370.89, 86701250, 206
4143, 1058, 6, 29, 0, 0, 4.88%, 0, 0, 2, 21275.03, 86807725, 206
4149, 1060, 6, 29, 0, 0, 4.88%, 0, 0, 2, 22689.22, 86925992, 206
4154, 1061, 6, 29, 0, 0, 4.88%, 0, 0, 2, 21869.43, 87036875, 206
4159, 1063, 19, 29, 0, 0, 4.88%, 0, 0, 2, 22919.51, 87155395, 206
4164, 1064, 6, 29, 0, 0, 4.88%, 0, 0, 2, 21981.74, 87264993, 206
4169, 1066, 6, 29, 0, 0, 4.88%, 0, 0, 2, 23118.49, 87387260, 206
4174, 1067, 26, 29, 0, 0, 4.88%, 0, 0, 2, 22096.49, 87495070, 206
4179, 1068, 19, 29, 0, 0, 4.88%, 0, 0, 2, 24643.11, 87621627, 206
4185, 1070, 17, 29, 0, 0, 4.88%, 0, 0, 2, 21949.77, 87729785, 206
4190, 1071, 24, 29, 0, 0, 4.88%, 0, 0, 2, 23748.77, 87850440, 206
4195, 1073, 6, 29, 0, 0, 4.88%, 0, 0, 2, 22830.64, 87965331, 206
4200, 1074, 6, 29, 0, 0, 4.88%, 0, 0, 2, 23357.92, 88087673, 206
4205, 1075, 3, 29, 0, 0, 4.88%, 0, 0, 2, 22311.48, 88200901, 206
4210, 1077, 6, 29, 0, 0, 4.88%, 0, 0, 2, 21927.68, 88316816, 206
4215, 1078, 22, 29, 0, 0, 4.88%, 0, 0, 2, 22341.15, 88426470, 206
4221, 1080, 6, 29, 0, 0, 4.88%, 0, 0, 2, 22977.29, 88549820, 206
4226, 1081, 6, 29, 0, 0, 4.88%, 0, 0, 2, 22399.03, 88658592, 206
4231, 1082, 6, 29, 0, 0, 4.88%, 0, 0, 2, 21953.53, 88771548, 206
4236, 1084, 6, 29, 0, 0, 4.88%, 0, 0, 2, 22446.62, 88886023, 206
4241, 1085, 6, 29, 0, 0, 4.88%, 0, 0, 2, 21590.17, 88997327, 206
4246, 1087, 6, 29, 0, 0, 4.88%, 0, 0, 2, 22487.22, 89109623, 206
4251, 1088, 6, 29, 0, 0, 4.88%, 0, 0, 2, 22217.99, 89226910, 206
4256, 1089, 6, 29, 0, 0, 4.88%, 0, 0, 2, 23072.93, 89345557, 206
4261, 1091, 14, 29, 0, 0, 4.88%, 0, 0, 2, 22130.16, 89462052, 206
4267, 1092, 19, 29, 0, 0, 4.88%, 0, 0, 2, 22432.40, 89576762, 206
4272, 1094, 6, 29, 0, 0, 4.88%, 0, 0, 2, 23642.01, 89703215, 206
4277, 1095, 3, 29, 0, 0, 4.88%, 0, 0, 2, 22382.44, 89816900, 206
4282, 1096, 20, 29, 0, 0, 4.88%, 0, 0, 2, 21670.05, 89928673, 206
4287, 1098, 17, 29, 0, 0, 4.88%, 0, 0, 2, 23049.66, 90050618, 206
4292, 1099, 23, 29, 0, 0, 4.88%, 0, 0, 2, 21447.47, 90160706, 206
4297, 1101, 6, 29, 0, 0, 4.88%, 0, 0, 2, 25107.62, 90283875, 206
4303, 1102, 9, 29, 0, 0, 4.88%, 0, 0, 2, 21811.07, 90392519, 206
4308, 1104, 26, 29, 0, 0, 4.88%, 0, 0, 2, 22973.51, 90512085, 206
4313, 1105, 6, 29, 0, 0, 4.88%, 0, 0, 2, 21974.10, 90621665, 206
4318, 1106, 8, 29, 0, 0, 4.88%, 0, 0, 2, 23241.48, 90742442, 206
4323, 1108, 3, 29, 0, 0, 4.88%, 0, 0, 2, 22512.43, 90853781, 206
4328, 1109, 22, 29, 0, 0, 4.88%, 0, 0, 2, 23501.14, 90977063, 206
4333, 1111, 6, 29, 0, 0, 4.88%, 0, 0, 2, 22351.52, 91089458, 206
4338, 1112, 4, 29, 0, 0, 4.88%, 0, 0, 2, 23059.11, 91206278, 206
4344, 1113, 14, 29, 0, 0, 4.88%, 0, 0, 2, 21340.90, 91311822, 206
4349, 1115, 26, 29, 0, 0, 4.88%, 0, 0, 2, 23381.33, 91434277, 206
4354, 1116, 6, 29, 0, 0, 4.88%, 0, 0, 2, 21761.57, 91545033, 206
4359, 1118, 17, 29, 0, 0, 4.88%, 0, 0, 2, 22442.34, 91663843, 206
4364, 1119, 6, 29, 0, 0, 4.88%, 0, 0, 2, 22738.08, 91779630, 206
4369, 1121, 6, 29, 0, 0, 4.88%, 0, 0, 2, 23769.70, 91905586, 206
4374, 1122, 24, 29, 0, 0, 4.88%, 0, 0, 2, 22868.33, 92016604, 206
4380, 1123, 14, 29, 0, 0, 4.88%, 0, 0, 2, 22405.35, 92132305, 206
4385, 1125, 6, 29, 0, 0, 4.88%, 0, 0, 2, 22673.93, 92244971, 206
4390, 1126, 19, 29, 0, 0, 4.88%, 0, 0, 2, 23676.26, 92364449, 206
4395, 1128, 9, 29, 0, 0, 4.88%, 0, 0, 2, 22591.51, 92475292, 206
4400, 1129, 24, 29, 0, 0, 4.88%, 0, 0, 2, 22594.30, 92593595, 206
4405, 1130, 22, 29, 0, 0, 4.88%, 0, 0, 2, 22253.86, 92702226, 206
4410, 1132, 6, 29, 0, 0, 4.88%, 0, 0, 2, 22575.59, 92818322, 206
4415, 1133, 6, 29, 0, 0, 4.88%, 0, 0, 2, 22341.18, 92928350, 206
4420, 1135, 20, 29, 0, 0, 4.88%, 0, 0, 2, 22036.88, 93043881, 206
4425, 1136, 17, 29, 0, 0, 4.88%, 0, 0, 2, 23342.76, 93162791, 206
4430, 1137, 10, 29, 0, 0, 4.88%, 0, 0, 2, 22524.42, 93277144, 206
4435, 1139, 20, 29, 0, 0, 4.88%, 0, 0, 2, 22849.49, 93394887, 206
4440, 1140, 5, 29, 0, 0, 4.88%, 0, 0, 2, 21922.58, 93505919, 206
4446, 1142, 6, 29, 0, 0, 4.88%, 0, 0, 2, 22248.62, 93620593, 206
4451, 1143, 24, 29, 0, 0, 4.88%, 0, 0, 2, 22302.08, 93734853, 206
4456, 1144, 17, 29, 0, 0, 4.88%, 0, 0, 2, 23292.39, 93853871, 206
4461, 1146, 4, 29, 0, 0, 4.88%, 0, 0, 2, 21491.23, 93967878, 206
4466, 1147, 25, 29, 0, 0, 4.88%, 0, 0, 2, 22224.08, 94079450, 206
4471, 1149, 6, 29, 0, 0, 4.88%, 0, 0, 2, 22345.19, 94200782, 206
4476, 1150, 6, 29, 0, 0, 4.88%, 0, 0, 2, 23390.59, 94318675, 206
4482, 1151, 6, 29, 0, 0, 4.88%, 0, 0, 2, 21767.95, 94432398, 206
4487, 1153, 17, 29, 0, 0, 4.88%, 0, 0, 2, 22284.00, 94547287, 206
4492, 1154, 23, 29, 0, 0, 4.88%, 0, 0, 2, 21756.11, 94659113, 206
4497, 1156, 19, 29, 0, 0, 4.88%, 0, 0, 2, 22622.54, 94777526, 206
4502, 1157, 6, 29, 0, 0, 4.88%, 0, 0, 2, 21862.83, 94891905, 206
4507, 1158, 6, 29, 0, 0, 4.88%, 0, 0, 2, 22301.00, 95006998, 206
4512, 1160, 6, 29, 0, 0, 4.88%, 0, 0, 2, 21294.90, 95118053, 206
4518, 1161, 26, 29, 0, 0, 4.88%, 0, 0, 2, 22780.16, 95237972, 206
4523, 1163, 17, 29, 0, 0, 4.88%, 0, 0, 2, 20756.49, 95342543, 206
4528, 1164, 5, 29, 0, 0, 4.88%, 0, 0, 2, 22878.70, 95458165, 206
4533, 1165, 19, 29, 0, 0, 4.88%, 0, 0, 2, 22078.83, 95568087, 206
4538, 1167, 6, 29, 0, 0, 4.88%, 0, 0, 2, 23516.77, 95690529, 206
4543, 1168, 6, 29, 0, 0, 4.88%, 0, 0, 2, 21944.31, 95803012, 206
4548, 1170, 24, 29, 0, 0, 4.88%, 0, 0, 2, 24737.50, 95932004, 206
4553, 1171, 19, 29, 0, 0, 4.88%, 0, 0, 2, 22511.24, 96043845, 206
4558, 1173, 3, 29, 0, 0, 4.88%, 0, 0, 2, 23154.89, 96161128, 206
4563, 1174, 20, 29, 0, 0, 4.88%, 0, 0, 2, 21097.97, 96264905, 206
4568, 1175, 6, 29, 0, 0, 4.88%, 0, 0, 2, 22995.25, 96382478, 206
4574, 1177, 6, 29, 0, 0, 4.88%, 0, 0, 2, 21649.33, 96494380, 206
4579, 1178, 4, 29, 0, 0, 4.88%, 0, 0, 2, 22341.21, 96611524, 206
4584, 1179, 6, 29, 0, 0, 4.88%, 0, 0, 2, 21180.55, 96719504, 206
4589, 1181, 17, 29, 0, 0, 4.88%, 0, 0, 2, 22859.04, 96837758, 206
4594, 1182, 6, 29, 0, 0, 4.88%, 0, 0, 2, 21195.57, 96944354, 206
4599, 1184, 6, 29, 0, 0, 4.88%, 0, 0, 2, 22827.71, 97062617, 206
4605, 1185, 15, 29, 0, 0, 4.88%, 0, 0, 2, 22821.57, 97177530, 206
4610, 1187, 5, 29, 0, 0, 4.88%, 0, 0, 2, 23826.79, 97301442, 206
4615, 1188, 26, 29, 0, 0, 4.88%, 0, 0, 2, 22086.59, 97411155, 206
4620, 1189, 6, 29, 0, 0, 4.88%, 0, 0, 2, 22279.22, 97523991, 206
4625, 1191, 6, 29, 0, 0, 4.88%, 0, 0, 2, 21956.22, 97635079, 206
4630, 1192, 6, 29, 0, 0, 4.88%, 0, 0, 2, 21815.19, 97749980, 206
4635, 1193, 5, 29, 0, 0, 4.88%, 0, 0, 2, 22028.48, 97862635, 206
4641, 1195, 5, 29, 0, 0, 4.88%, 0, 0, 2, 21579.22, 97978270, 206
4646, 1196, 19, 29, 0, 0, 4.88%, 0, 0, 2, 23054.79, 98096774, 206
4651, 1198, 24, 29, 0, 0, 4.88%, 0, 0, 2, 21766.72, 98211704, 206
4656, 1199, 26, 29, 0, 0, 4.88%, 0, 0, 2, 22279.03, 98326695, 206
4661, 1200, 19, 29, 0, 0, 4.88%, 0, 0, 2, 21037.45, 98434609, 206
4666, 1202, 6, 29, 0, 0, 4.88%, 0, 0, 2, 23270.22, 98555751, 206
4671, 1203, 17, 29, 0, 0, 4.88%, 0, 0, 2, 21502.40, 98664969, 206
4677, 1205, 25, 29, 0, 0, 4.88%, 0, 0, 2, 22801.31, 98781981, 206
4682, 1206, 6, 29, 0, 0, 4.88%, 0, 0, 2, 22522.00, 98899553, 206
4687, 1207, 10, 29, 0, 0, 4.88%, 0, 0, 2, 22808.26, 99017454, 206
4692, 1209, 17, 29, 0, 0, 4.88%, 0, 0, 2, 22404.01, 99131959, 206
4697, 1210, 22, 29, 0, 0, 4.88%, 0, 0, 2, 23355.76, 99252482, 206
4702, 1212, 26, 29, 0, 0, 4.88%, 0, 0, 2, 21036.78, 99356497, 206
4707, 1213, 6, 29, 0, 0, 4.88%, 0, 0, 2, 22258.53, 99471927, 206
4713, 1214, 6, 29, 0, 0, 4.88%, 0, 0, 2, 21549.09, 99584794, 206
4718, 1216, 26, 29, 0, 0, 4.88%, 0, 0, 2, 22534.32, 99702433, 206
4723, 1217, 6, 29, 0, 0, 4.88%, 0, 0, 2, 21488.72, 99810880, 206
4728, 1219, 6, 29, 0, 0, 4.88%, 0, 0, 2, 22403.34, 99929150, 206
4733, 1220, 6, 29, 0, 0, 4.88%, 0, 0, 2, 22198.87, 100043385, 206
4738, 1221, 6, 29, 0, 0, 4.88%, 0, 0, 2, 22264.62, 100157052, 206
4743, 1223, 20, 29, 0, 0, 4.88%, 0, 0, 2, 21222.11, 100262949, 206
4748, 1224, 17, 29, 0, 0, 4.88%, 0, 0, 2, 23019.11, 100383577, 206
4753, 1225, 3, 29, 0, 0, 4.88%, 0, 0, 2, 22314.39, 100492013, 206
4759, 1227, 6, 29, 0, 0, 4.88%, 0, 0, 2, 22641.83, 100610822, 206
4764, 1228, 6, 29, 0, 0, 4.88%, 0, 0, 2, 21276.35, 100711922, 206
4769, 1230, 25, 29, 0, 0, 4.88%, 0, 0, 2, 23718.66, 100836277, 206
4774, 1231, 22, 29, 0, 0, 4.88%, 0, 0, 2, 22145.05, 100947908, 206
4779, 1232, 15, 29, 0, 0, 4.88%, 0, 0, 2, 22901.21, 101066897, 206
4784, 1234, 26, 29, 0, 0, 4.88%, 0, 0, 2, 22613.78, 101180140, 206
4789, 1235, 17, 29, 0, 0, 4.88%, 0, 0, 2, 22872.74, 101295851, 206
4795, 1237, 9, 29, 0, 0, 4.88%, 0, 0, 2, 22205.31, 101409004, 206
4800, 1238, 6, 29, 0, 0, 4.88%, 0, 0, 2, 22520.31, 101526775, 206
4805, 1239, 4, 29, 0, 0, 4.88%, 0, 0, 2, 21851.50, 101633111, 206
4810, 1241, 8, 29, 0, 0, 4.88%, 0, 0, 2, 22694.56, 101747531, 206
4815, 1242, 10, 29, 0, 0, 4.88%, 0, 0, 2, 21904.37, 101859351, 206
4820, 1243, 4, 29, 0, 0, 4.88%, 0, 0, 2, 21388.59, 101972732, 206
4825, 1245, 17, 29, 0, 0, 4.88%, 0, 0, 2, 21900.48, 102084835, 206
4831, 1246, 6, 29, 0, 0, 4.88%, 0, 0, 2, 22156.54, 102201640, 206
4836, 1248, 6, 29, 0, 0, 4.88%, 0, 0, 2, 22269.19, 102317105, 206
4841, 1249, 9, 29, 0, 0, 4.88%, 0, 0, 2, 22047.59, 102428637, 206
4846, 1250, 15, 29, 0, 0, 4.88%, 0, 0, 2, 22532.89, 102541110, 206
4851, 1252, 6, 29, 0, 0, 4.88%, 0, 0, 2, 21534.93, 102650660, 206
4856, 1253, 26, 29, 0, 0, 4.88%, 0, 0, 2, 21424.61, 102756372, 206
4861, 1254, 6, 29, 0, 0, 4.88%, 0, 0, 2, 21501.83, 102870779, 206
4866, 1256, 6, 29, 0, 0, 4.88%, 0, 0, 2, 24025.66, 102989608, 206
4871, 1257, 4, 29, 0, 0, 4.88%, 0, 0, 2, 21837.81, 103104599, 206
4876, 1259, 9, 29, 0, 0, 4.88%, 0, 0, 2, 22565.87, 103220750, 206
4882, 1260, 15, 29, 0, 0, 4.88%, 0, 0, 2, 21269.02, 103336825, 206
4887, 1262, 6, 29, 0, 0, 4.88%, 0, 0, 2, 22810.01, 103455569, 206
4892, 1263, 4, 29, 0, 0, 4.88%, 0, 0, 2, 22290.90, 103572681, 206
4897, 1264, 6, 29, 0, 0, 4.88%, 0, 0, 2, 23434.65, 103695424, 206
4902, 1266, 3, 29, 0, 0, 4.88%, 0, 0, 2, 22001.72, 103809116, 206
4907, 1267, 15, 29, 0, 0, 4.88%, 0, 0, 2, 22708.61, 103924996, 206
4912, 1269, 6, 29, 0, 0, 4.88%, 0, 0, 2, 22067.80, 104038916, 206
4918, 1270, 6, 29, 0, 0, 4.88%, 0, 0, 2, 22910.80, 104157321, 206
4923, 1271, 6, 29, 0, 0, 4.88%, 0, 0, 2, 21296.90, 104263180, 206
4928, 1273, 6, 29, 0, 0, 4.88%, 0, 0, 2, 23140.27, 104383761, 206
4933, 1274, 24, 29, 0, 0, 4.88%, 0, 0, 2, 22259.81, 104497012, 206
4938, 1276, 4, 29, 0, 0, 4.88%, 0, 0, 2, 22881.01, 104616446, 206
4943, 1277, 6, 29, 0, 0, 4.88%, 0, 0, 2, 21287.21, 104724529, 206
4948, 1278, 6, 29, 0, 0, 4.88%, 0, 0, 2, 22731.86, 104839287, 206
4953, 1280, 6, 29, 0, 0, 4.88%, 0, 0, 2, 21851.20, 104948332, 206
4958, 1281, 6, 29, 0, 0, 4.88%, 0, 0, 2, 22031.28, 105060760, 206
4963, 1282, 6, 29, 0, 0, 4.88%, 0, 0, 2, 21108.40, 105166356, 206
4968, 1284, 20, 29, 0, 0, 4.88%, 0, 0, 2, 22451.91, 105283244, 206
4973, 1285, 6, 29, 0, 0, 4.88%, 0, 0, 2, 22076.71, 105391672, 206
4978, 1286, 15, 29, 0, 0, 4.88%, 0, 0, 2, 23475.94, 105509219, 206
4984, 1288, 6, 29, 0, 0, 4.88%, 0, 0, 2, 21609.00, 105618582, 206
4989, 1289, 6, 29, 0, 0, 4.88%, 0, 0, 2, 23406.00, 105741006, 206
4994, 1291, 17, 29, 0, 0, 4.88%, 0, 0, 2, 21547.27, 105847343, 206
4999, 1292, 6, 29, 0, 0, 4.88%, 0, 0, 2, 22543.34, 105965577, 206
5004, 1293, 6, 29, 0, 0, 4.88%, 0, 0, 2, 21366.61, 106071858, 206
5009, 1295, 5, 29, 0, 0, 4.88%, 0, 0, 2, 23049.57, 106193389, 206
5014, 1296, 20, 29, 0, 0, 4.88%, 0, 0, 2, 22383.63, 106305005, 206
5020, 1298, 20, 29, 0, 0, 4.88%, 0, 0, 2, 23209.06, 106426258, 206
5025, 1299, 6, 29, 0, 0, 4.88%, 0, 0, 2, 21875.07, 106535076, 206
5030, 1300, 6, 29, 0, 0, 4.88%, 0, 0, 2, 22793.49, 106655659, 206
5035, 1302, 10, 29, 0, 0, 4.88%, 0, 0, 2, 20518.59, 106755982, 206
5040, 1303, 26, 29, 0, 0, 4.88%, 0, 0, 2, 22226.19, 106876792, 206
5045, 1305, 14, 29, 0, 0, 4.88%, 0, 0, 2, 22703.47, 106993354, 206
5051, 1306, 22, 29, 0, 0, 4.88%, 0, 0, 2, 23343.28, 107118428, 206
5056, 1308, 23, 29, 0, 0, 4.88%, 0, 0, 2, 22657.15, 107233824, 206
5061, 1309, 6, 29, 0, 0, 4.88%, 0, 0, 2, 20976.01, 107343093, 206
5066, 1310, 20, 29, 0, 0, 4.88%, 0, 0, 2, 22244.33, 107458158, 206
5071, 1312, 6, 29, 0, 0, 4.88%, 0, 0, 2, 21708.20, 107570297, 206
5076, 1313, 6, 29, 0, 0, 4.88%, 0, 0, 2, 22505.50, 107685047, 206
5081, 1314, 14, 29, 0, 0, 4.88%, 0, 0, 2, 21558.32, 107800285, 206
5086, 1316, 6, 29, 0, 0, 4.88%, 0, 0, 2, 22219.46, 107910762, 206
5092, 1317, 22, 29, 0, 0, 4.88%, 0, 0, 2, 21201.81, 108022441, 206
5097, 1319, 17, 29, 0, 0, 4.88%, 0, 0, 2, 23104.37, 108144574, 206
5102, 1320, 9, 29, 0, 0, 4.88%, 0, 0, 2, 21563.81, 108252191, 206
5107, 1322, 6, 29, 0, 0, 4.88%, 0, 0, 2, 23576.14, 108377918, 206
5112, 1323, 10, 29, 0, 0, 4.88%, 0, 0, 2, 21614.70, 108490390, 206
5117, 1324, 6, 29, 0, 0, 4.88%, 0, 0, 2, 23303.67, 108609287, 206
5122, 1326, 6, 29, 0, 0, 4.88%, 0, 0, 2, 21029.59, 108713115, 206
5128, 1327, 19, 29, 0, 0, 4.88%, 0, 0, 2, 22431.74, 108829335, 206
5133, 1328, 19, 29, 0, 0, 4.88%, 0, 0, 2, 20986.35, 108938420, 206
5138, 1330, 9, 29, 0, 0, 4.88%, 0, 0, 2, 22516.34, 109055071, 206
5143, 1331, 15, 29, 0, 0, 4.88%, 0, 0, 2, 20700.75, 109162578, 206
5148, 1333, 3, 29, 0, 0, 4.88%, 0, 0, 2, 22464.08, 109280919, 206
5153, 1334, 6, 29, 0, 0, 4.88%, 0, 0, 2, 21536.84, 109386905, 206
5158, 1335, 6, 29, 0, 0, 4.88%, 0, 0, 2, 22849.64, 109506056, 206
5163, 1337, 23, 29, 0, 0, 4.88%, 0, 0, 2, 21982.20, 109614650, 206
5169, 1338, 17, 29, 0, 0, 4.88%, 0, 0, 2, 22288.07, 109730073, 206
5174, 1339, 6, 29, 0, 0, 4.88%, 0, 0, 2, 22044.79, 109843350, 206
5179, 1341, 6, 29, 0, 0, 4.88%, 0, 0, 2, 22222.63, 109959906, 206
5184, 1342, 9, 29, 0, 0, 4.88%, 0, 0, 2, 21353.26, 110062972, 206
5189, 1344, 5, 29, 0, 0, 4.88%, 0, 0, 2, 22304.91, 110175410, 206
5194, 1345, 26, 29, 0, 0, 4.88%, 0, 0, 2, 22545.43, 110289093, 206
5199, 1346, 14, 29, 0, 0, 4.88%, 0, 0, 2, 22961.35, 110406541, 206
5204, 1348, 25, 29, 0, 0, 4.88%, 0, 0, 2, 22158.80, 110512689, 206
5209, 1349, 4, 29, 0, 0, 4.88%, 0, 0, 2, 22830.79, 110631196, 206
5215, 1350, 6, 29, 0, 0, 4.88%, 0, 0, 2, 22084.70, 110738625, 206
5220, 1352, 6, 29, 0, 0, 4.88%, 0, 0, 2, 23359.09, 110863885, 206
5225, 1353, 6, 29, 0, 0, 4.88%, 0, 0, 2, 22580.22, 110976856, 206
5230, 1355, 6, 29, 0, 0, 4.88%, 0, 0, 2, 22902.41, 111096382, 206
5235, 1356, 24, 29, 0, 0, 4.88%, 0, 0, 2, 22270.56, 111206345, 206
5240, 1358, 14, 29, 0, 0, 4.88%, 0, 0, 2, 21863.04, 111323689, 206
5246, 1359, 6, 29, 0, 0, 4.88%, 0, 0, 2, 21506.00, 111431708, 206
5251, 1360, 6, 29, 0, 0, 4.88%, 0, 0, 2, 21701.94, 111546937, 206
5256, 1362, 6, 29, 0, 0, 4.88%, 0, 0, 2, 21693.53, 111654887, 206
5261, 1363, 9, 29, 0, 0, 4.88%, 0, 0, 2, 21496.84, 111768216, 206
5266, 1364, 4, 29, 0, 0, 4.88%, 0, 0, 2, 21660.43, 111877950, 206
5271, 1366, 17, 29, 0, 0, 4.88%, 0, 0, 2, 22187.47, 111992266, 206
5276, 1367, 6, 29, 0, 0, 4.88%, 0, 0, 2, 22662.73, 112107473, 206
5281, 1369, 17, 29, 0, 0, 4.88%, 0, 0, 2, 21902.31, 112216276, 206
5286, 1370, 4, 29, 0, 0, 4.88%, 0, 0, 2, 24276.92, 112339230, 206
5292, 1371, 6, 29, 0, 0, 4.88%, 0, 0, 2, 22518.17, 112453620, 206
5297, 1373, 6, 29, 0, 0, 4.88%, 0, 0, 2, 23483.02, 112574438, 206
5302, 1374, 6, 29, 0, 0, 4.88%, 0, 0, 2, 21146.90, 112678785, 206
5307, 1376, 14, 29, 0, 0, 4.88%, 0, 0, 2, 21913.04, 112792266, 206
5312, 1377, 6, 29, 0, 0, 4.88%, 0, 0, 2, 22385.13, 112908789, 206
5317, 1378, 25, 29, 0, 0, 4.88%, 0, 0, 2, 22732.33, 113025450, 206
5322, 1380, 6, 29, 0, 0, 4.88%, 0, 0, 2, 22048.03, 113136300, 206
5327, 1381, 10, 29, 0, 0, 4.88%, 0, 0, 2, 22760.34, 113254341, 206
5332, 1383, 6, 29, 0, 0, 4.88%, 0, 0, 2, 21492.35, 113361598, 206
5338, 1384, 6, 29, 0, 0, 4.88%, 0, 0, 2, 23292.40, 113484189, 206
5343, 1385, 6, 29, 0, 0, 4.88%, 0, 0, 2, 21136.04, 113595046, 206
5348, 1387, 5, 29, 0, 0, 4.88%, 0, 0, 2, 22865.93, 113714107, 206
5353, 1388, 6, 29, 0, 0, 4.88%, 0, 0, 2, 21653.10, 113826789, 206
5358, 1390, 6, 29, 0, 0, 4.88%, 0, 0, 2, 23332.07, 113952789, 206
5363, 1391, 24, 29, 0, 0, 4.88%, 0, 0, 2, 21832.73, 114061373, 206
5369, 1393, 15, 29, 0, 0, 4.88%, 0, 0, 2, 22592.20, 114177620, 206
5374, 1394, 8, 29, 0, 0, 4.88%, 0, 0, 2, 21983.28, 114287096, 206
5379, 1395, 4, 29, 0, 0, 4.88%, 0, 0, 2, 22572.85, 114404916, 206
5384, 1397, 24, 29, 0, 0, 4.88%, 0, 0, 2, 22022.63, 114517444, 206
5389, 1398, 6, 29, 0, 0, 4.88%, 0, 0, 2, 23538.01, 114640899, 206
5394, 1400, 3, 29, 0, 0, 4.88%, 0, 0, 2, 22580.68, 114755791, 206
5400, 1401, 6, 29, 0, 0, 4.88%, 0, 0, 2, 23351.29, 114876563, 206
5405, 1402, 15, 29, 0, 0, 4.88%, 0, 0, 2, 22655.59, 114991357, 206
5410, 1404, 25, 29, 0, 0, 4.88%, 0, 0, 2, 22808.35, 115110254, 206
5415, 1405, 6, 29, 0, 0, 4.88%, 0, 0, 2, 22625.11, 115225375, 206
5420, 1407, 26, 29, 0, 0, 4.88%, 0, 0, 2, 21166.36, 115333045, 206
5425, 1408, 5, 29, 0, 0, 4.88%, 0, 0, 2, 22280.44, 115443581, 206
5430, 1409, 3, 29, 0, 0, 4.88%, 0, 0, 2, 22243.72, 115560682, 206
5435, 1411, 6, 29, 0, 0, 4.88%, 0, 0, 2, 22452.27, 115672569, 206
5441, 1412, 26, 29, 0, 0, 4.88%, 0, 0, 2, 21924.82, 115787827, 206
5446, 1413, 10, 29, 0, 0, 4.88%, 0, 0, 2, 22379.14, 115903369, 206
5451, 1415, 6, 29, 0, 0, 4.88%, 0, 0, 2, 21554.12, 116017476, 206
5456, 1416, 8, 29, 0, 0, 4.88%, 0, 0, 2, 22662.84, 116134307, 206
5461, 1418, 24, 29, 0, 0, 4.88%, 0, 0, 2, 21884.27, 116250417, 206
5466, 1419, 6, 29, 0, 0, 4.88%, 0, 0, 2, 22846.57, 116366667, 206
5471, 1421, 23, 29, 0, 0, 4.88%, 0, 0, 2, 23087.98, 116487728, 206
5477, 1422, 19, 29, 0, 0, 4.88%, 0, 0, 2, 23292.11, 116607109, 206
5482, 1423, 8, 29, 0, 0, 4.88%, 0, 0, 2, 21899.90, 116719804, 206
5487, 1425, 23, 29, 0, 0, 4.88%, 0, 0, 2, 22765.28, 116834863, 206
5492, 1426, 4, 29, 0, 0, 4.88%, 0, 0, 2, 22317.24, 116952544, 206
5497, 1428, 6, 29, 0, 0, 4.88%, 0, 0, 2, 22903.45, 117069078, 206
5502, 1429, 26, 29, 0, 0, 4.88%, 0, 0, 2, 22073.10, 117180568, 206
5507, 1431, 6, 29, 0, 0, 4.88%, 0, 0, 2, 23131.04, 117299442, 206
5512, 1432, 6, 29, 0, 0, 4.88%, 0, 0, 2, 22640.93, 117415591, 206
5518, 1433, 15, 29, 0, 0, 4.88%, 0, 0, 2, 22641.87, 117532475, 206
5523, 1435, 6, 29, 0, 0, 4.88%, 0, 0, 2, 22242.28, 117648615, 206
5528, 1436, 6, 29, 0, 0, 4.88%, 0, 0, 2, 22117.10, 117762515, 206
5533, 1438, 17, 29, 0, 0, 4.88%, 0, 0, 2, 22332.74, 117878984, 206
5538, 1439, 6, 29, 0, 0, 4.88%, 0, 0, 2, 22730.60, 117995216, 206
5543, 1440, 6, 29, 0, 0, 4.88%, 0, 0, 2, 21709.04, 118104745, 206
5549, 1442, 6, 29, 0, 0, 4.88%, 0, 0, 2, 23342.38, 118225389, 206
5554, 1443, 6, 29, 0, 0, 4.88%, 0, 0, 2, 21911.95, 118333697, 206
5559, 1445, 20, 29, 0, 0, 4.88%, 0, 0, 2, 23341.76, 118451818, 206
5564, 1446, 24, 29, 0, 0, 4.88%, 0, 0, 2, 22100.93, 118560506, 206
5569, 1447, 4, 29, 0, 0, 4.88%, 0, 0, 2, 23130.47, 118680303, 206
5574, 1449, 6, 29, 0, 0, 4.88%, 0, 0, 2, 22156.44, 118790794, 206
5579, 1450, 3, 29, 0, 0, 4.88%, 0, 0, 2, 23413.74, 118912646, 206
5584, 1452, 4, 29, 0, 0, 4.88%, 0, 0, 2, 23762.76, 119024964, 206
5589, 1453, 8, 29, 0, 0, 4.88%, 0, 0, 2, 24274.77, 119154781, 206
5594, 1455, 23, 29, 0, 0, 4.88%, 0, 0, 2, 21992.03, 119262431, 206
5599, 1456, 6, 29, 0, 0, 4.88%, 0, 0, 2, 23056.03, 119382829, 206
5604, 1457, 6, 29, 0, 0, 4.88%, 0, 0, 2, 22189.83, 119494087, 206
5610, 1459, 6, 29, 0, 0, 4.88%, 0, 0, 2, 23107.90, 119615151, 206
5615, 1460, 6, 29, 0, 0, 4.88%, 0, 0, 2, 22149.13, 119725887, 206
5620, 1462, 14, 29, 0, 0, 4.88%, 0, 0, 2, 22820.31, 119845005, 206
5625, 1463, 23, 29, 0, 0, 4.88%, 0, 0, 2, 22248.78, 119955544, 206
5630, 1465, 6, 29, 0, 0, 4.88%, 0, 0, 2, 22428.64, 120073467, 206
5635, 1466, 6, 29, 0, 0, 4.88%, 0, 0, 2, 22711.23, 120188992, 206
5640, 1467, 6, 29, 0, 0, 4.88%, 0, 0, 2, 21567.32, 120297992, 206
5646, 1469, 6, 29, 0, 0, 4.88%, 0, 0, 2, 22620.82, 120411465, 206
5651, 1470, 20, 29, 0, 0, 4.88%, 0, 0, 2, 23323.94, 120534381, 206
5656, 1472, 6, 29, 0, 0, 4.88%, 0, 0, 2, 22747.79, 120649469, 206
5661, 1473, 6, 29, 0, 0, 4.88%, 0, 0, 2, 22004.09, 120766886, 206
5666, 1474, 6, 29, 0, 0, 4.88%, 0, 0, 2, 22813.41, 120881125, 206
5671, 1476, 6, 29, 0, 0, 4.88%, 0, 0, 2, 21830.30, 120991539, 206
5676, 1477, 5, 29, 0, 0, 4.88%, 0, 0, 2, 22628.50, 121109576, 206
5681, 1479, 4, 29, 0, 0, 4.88%, 0, 0, 2, 21563.36, 121220112, 206
5686, 1480, 4, 29, 0, 0, 4.88%, 0, 0, 2, 22880.30, 121337801, 206
5691, 1482, 10, 29, 0, 0, 4.88%, 0, 0, 2, 23330.00, 121462239, 206
5696, 1483, 4, 29, 0, 0, 4.88%, 0, 0, 2, 23652.90, 121579384, 206
5701, 1485, 6, 29, 0, 0, 4.88%, 0, 0, 2, 23399.61, 121700740, 206
5706, 1486, 6, 29, 0, 0, 4.88%, 0, 0, 2, 22643.07, 121811454, 206
5711, 1487, 6, 29, 0, 0, 4.88%, 0, 0, 2, 22174.27, 121924454, 206
5717, 1489, 6, 29, 0, 0, 4.88%, 0, 0, 2, 22423.57, 122040420, 206
5722, 1490, 19, 29, 0, 0, 4.88%, 0, 0, 2, 21453.03, 122156862, 206
5727, 1492, 6, 29, 0, 0, 4.88%, 0, 0, 2, 22194.63, 122272476, 206
5732, 1493, 6, 29, 0, 0, 4.88%, 0, 0, 2, 22049.69, 122388457, 206
5737, 1494, 6, 29, 0, 0, 4.88%, 0, 0, 2, 23206.80, 122509747, 206
5743, 1496, 17, 29, 0, 0, 4.88%, 0, 0, 2, 22315.52, 122627502, 206
5748, 1497, 3, 29, 0, 0, 4.88%, 0, 0, 2, 22515.47, 122747145, 206
5753, 1499, 14, 29, 0, 0, 4.88%, 0, 0, 2, 21680.01, 122861179, 206
5758, 1500, 14, 29, 0, 0, 4.88%, 0, 0, 2, 23205.67, 122984778, 206
5763, 1502, 6, 29, 0, 0, 4.88%, 0, 0, 2, 21545.55, 123095171, 206
5768, 1503, 4, 29, 0, 0, 4.88%, 0, 0, 2, 23296.68, 123216387, 206
5774, 1504, 9, 29, 0, 0, 4.88%, 0, 0, 2, 22411.33, 123328818, 206
5779, 1506, 9, 29, 0, 0, 4.88%, 0, 0, 2, 23034.40, 123448412, 206
5784, 1507, 26, 29, 0, 0, 4.88%, 0, 0, 2, 22162.68, 123554549, 206
5789, 1509, 5, 29, 0, 0, 4.88%, 0, 0, 2, 23022.41, 123675434, 206
5794, 1510, 6, 29, 0, 0, 4.88%, 0, 0, 2, 22315.69, 123785665, 206
5799, 1511, 17, 29, 0, 0, 4.88%, 0, 0, 2, 23301.44, 123902704, 206
5804, 1513, 17, 29, 0, 0, 4.88%, 0, 0, 2, 22580.94, 124015558, 206
5809, 1514, 6, 29, 0, 0, 4.88%, 0, 0, 2, 23518.49, 124140424, 206
5814, 1516, 6, 29, 0, 0, 4.88%, 0, 0, 2, 22113.35, 124247560, 206
5819, 1517, 3, 29, 0, 0, 4.88%, 0, 0, 2, 22454.62, 124365495, 206
5825, 1518, 4, 29, 0, 0, 4.88%, 0, 0, 2, 21682.60, 124473460, 206
5830, 1520, 6, 29, 0, 0, 4.88%, 0, 0, 2, 23835.14, 124598654, 206
5835, 1521, 4, 29, 0, 0, 4.88%, 0, 0, 2, 22783.05, 124707785, 206
5840, 1523, 6, 29, 0, 0, 4.88%, 0, 0, 2, 22891.46, 124825311, 206
5845, 1524, 6, 29, 0, 0, 4.88%, 0, 0, 2, 21589.49, 124933583, 206
5850, 1526, 10, 29, 0, 0, 4.88%, 0, 0, 2, 23199.54, 125060435, 206
5855, 1527, 17, 29, 0, 0, 4.88%, 0, 0, 2, 22609.17, 125174887, 206
5861, 1528, 3, 29, 0, 0, 4.88%, 0, 0, 2, 22304.39, 125291818, 206
5866, 1530, 22, 29, 0, 0, 4.88%, 0, 0, 2, 22233.33, 125404319, 206
5871, 1531, 22, 29, 0, 0, 4.88%, 0, 0, 2, 21734.20, 125517921, 206
5876, 1533, 6, 29, 0, 0, 4.88%, 0, 0, 2, 22683.80, 125636782, 206
5881, 1534, 3, 29, 0, 0, 4.88%, 0, 0, 2, 22381.69, 125751506, 206
5886, 1535, 9, 29, 0, 0, 4.88%, 0, 0, 2, 22886.93, 125870033, 206
5891, 1537, 6, 29, 0, 0, 4.88%, 0, 0, 2, 21351.76, 125977953, 206
5897, 1538, 6, 29, 0, 0, 4.88%, 0, 0, 2, 22946.28, 126097043, 206
5902, 1539, 17, 29, 0, 0, 4.88%, 0, 0, 2, 20562.05, 126205216, 206
5907, 1541, 19, 29, 0, 0, 4.88%, 0, 0, 2, 22583.86, 126322750, 206
5912, 1542, 6, 29, 0, 0, 4.88%, 0, 0, 2, 21716.41, 126437053, 206
5917, 1544, 6, 29, 0, 0, 4.88%, 0, 0, 2, 22730.37, 126551356, 206
5922, 1545, 3, 29, 0, 0, 4.88%, 0, 0, 2, 21728.67, 126661410, 206
5927, 1546, 8, 29, 0, 0, 4.88%, 0, 0, 2, 22900.57, 126780819, 206
5932, 1548, 14, 29, 0, 0, 4.88%, 0, 0, 2, 21392.95, 126890433, 206
5938, 1549, 23, 29, 0, 0, 4.88%, 0, 0, 2, 24848.04, 127017262, 206
5943, 1551, 9, 29, 0, 0, 4.88%, 0, 0, 2, 21574.68, 127126174, 206
5948, 1552, 5, 29, 0, 0, 4.88%, 0, 0, 2, 22650.29, 127243916, 206
5953, 1553, 14, 29, 0, 0, 4.88%, 0, 0, 2, 22094.24, 127354745, 206
5958, 1555, 6, 29, 0, 0, 4.88%, 0, 0, 2, 22637.01, 127467203, 206
5963, 1556, 4, 29, 0, 0, 4.88%, 0, 0, 2, 21487.40, 127574953, 206
5968, 1558, 26, 29, 0, 0, 4.88%, 0, 0, 2, 26078.83, 127712299, 206
5974, 1559, 8, 29, 0, 0, 4.88%, 0, 0, 2, 24012.15, 127830090, 206
5979, 1561, 20, 29, 0, 0, 4.88%, 0, 0, 2, 22886.53, 127942940, 206
5984, 1562, 14, 29, 0, 0, 4.88%, 0, 0, 2, 21640.78, 128050292, 206
5989, 1563, 6, 29, 0, 0, 4.88%, 0, 0, 2, 23079.69, 128172928, 206
5994, 1565, 6, 29, 0, 0, 4.88%, 0, 0, 2, 22129.77, 128282631, 206
5999, 1566, 6, 29, 0, 0, 4.88%, 0, 0, 2, 22239.67, 128396436, 206
6004, 1567, 9, 29, 0, 0, 4.88%, 0, 0, 2, 21880.72, 128509383, 206
6009, 1569, 3, 29, 0, 0, 4.88%, 0, 0, 2, 22382.86, 128626839, 206
6014, 1570, 6, 29, 0, 0, 4.88%, 0, 0, 2, 21548.59, 128734200, 206
6019, 1572, 25, 29, 0, 0, 4.88%, 0, 0, 2, 23321.32, 128856828, 206
6024, 1573, 4, 29, 0, 0, 4.88%, 0, 0, 2, 21600.76, 128962530, 206
6030, 1574, 19, 29, 0, 0, 4.88%, 0, 0, 2, 23860.55, 129087766, 206
6035, 1576, 23, 29, 0, 0, 4.88%, 0, 0, 2, 22786.94, 129201371, 206
6040, 1577, 15, 29, 0, 0, 4.88%, 0, 0, 2, 23199.99, 129317929, 206
6045, 1579, 4, 29, 0, 0, 4.88%, 0, 0, 2, 22310.84, 129425096, 206
6050, 1580, 3, 29, 0, 0, 4.88%, 0, 0, 2, 23877.16, 129547070, 206
6055, 1581, 6, 29, 0, 0, 4.88%, 0, 0, 2, 22785.98, 129659555, 206
6060, 1583, 6, 29, 0, 0, 4.88%, 0, 0, 2, 23531.35, 129785495, 206
6065, 1584, 10, 29, 0, 0, 4.88%, 0, 0, 2, 22379.18, 129894583, 206
6070, 1586, 17, 29, 0, 0, 4.88%, 0, 0, 2, 23303.20, 130017522, 206
6076, 1587, 17, 29, 0, 0, 4.88%, 0, 0, 2, 22736.24, 130133303, 206
6081, 1589, 23, 29, 0, 0, 4.88%, 0, 0, 2, 21641.49, 130245211, 206
6086, 1590, 22, 29, 0, 0, 4.88%, 0, 0, 2, 22283.56, 130357140, 206
6091, 1591, 26, 29, 0, 0, 4.88%, 0, 0, 2, 23029.39, 130478077, 206
6096, 1593, 17, 29, 0, 0, 4.88%, 0, 0, 2, 23951.40, 130599995, 206
6101, 1594, 6, 29, 0, 0, 4.88%, 0, 0, 2, 22539.14, 130715989, 206
6106, 1596, 14, 29, 0, 0, 4.88%, 0, 0, 2, 22918.92, 130829832, 206
6111, 1597, 6, 29, 0, 0, 4.88%, 0, 0, 2, 21963.78, 130941147, 206
6116, 1598, 17, 29, 0, 0, 4.88%, 0, 0, 2, 22251.73, 131051339, 206
6121, 1600, 18, 29, 0, 0, 4.88%, 0, 0, 2, 21476.45, 131165132, 206
6127, 1601, 6, 29, 0, 0, 4.88%, 0, 0, 2, 23233.90, 131284959, 206
6132, 1603, 23, 29, 0, 0, 4.88%, 0, 0, 2, 21466.40, 131397658, 206
6137, 1604, 4, 29, 0, 0, 4.88%, 0, 0, 2, 23393.50, 131519466, 206
6142, 1605, 3, 29, 0, 0, 4.88%, 0, 0, 2, 20610.88, 131622503, 206
6147, 1607, 6, 29, 0, 0, 4.88%, 0, 0, 2, 23591.33, 131748353, 206
6152, 1608, 20, 29, 0, 0, 4.88%, 0, 0, 2, 21558.69, 131858047, 206
6157, 1610, 25, 29, 0, 0, 4.88%, 0, 0, 2, 22884.57, 131977242, 206
6163, 1611, 17, 29, 0, 0, 4.88%, 0, 0, 2, 21951.54, 132093528, 206
6168, 1613, 9, 29, 0, 0, 4.88%, 0, 0, 2, 23559.44, 132214779, 206
6173, 1614, 6, 29, 0, 0, 4.88%, 0, 0, 2, 22396.67, 132326512, 206
6178, 1615, 6, 29, 0, 0, 4.88%, 0, 0, 2, 23098.16, 132442067, 206
6183, 1617, 26, 29, 0, 0, 4.88%, 0, 0, 2, 21911.12, 132552245, 206
6188, 1618, 6, 29, 0, 0, 4.88%, 0, 0, 2, 23695.13, 132674596, 206
6193, 1620, 17, 29, 0, 0, 4.88%, 0, 0, 2, 22591.86, 132785830, 206
6198, 1621, 17, 29, 0, 0, 4.88%, 0, 0, 2, 24159.90, 132906543, 206
6203, 1622, 13, 29, 0, 0, 4.88%, 0, 0, 2, 21919.09, 133012439, 206
6208, 1624, 6, 29, 0, 0, 4.88%, 0, 0, 2, 23034.22, 133130903, 206
6213, 1625, 6, 29, 0, 0, 4.88%, 0, 0, 2, 22025.88, 133239988, 206
6219, 1627, 3, 29, 0, 0, 4.88%, 0, 0, 2, 22999.10, 133361904, 206
6224, 1628, 24, 29, 0, 0, 4.88%, 0, 0, 2, 21819.08, 133473081, 206
6229, 1630, 26, 29, 0, 0, 4.88%, 0, 0, 2, 22799.48, 133592353, 206
6234, 1631, 6, 29, 0, 0, 4.88%, 0, 0, 2, 22503.72, 133704268, 206
6239, 1632, 6, 29, 0, 0, 4.88%, 0, 0, 2, 22431.09, 133820722, 206
6244, 1634, 6, 29, 0, 0, 4.88%, 0, 0, 2, 21928.13, 133930056, 206
6249, 1635, 25, 29, 0, 0, 4.88%, 0, 0, 2, 23111.04, 134047462, 206
6254, 1636, 8, 29, 0, 0, 4.88%, 0, 0, 2, 22401.62, 134157169, 206
6259, 1638, 6, 29, 0, 0, 4.88%, 0, 0, 2, 22773.66, 134275219, 206
6264, 1639, 17, 29, 0, 0, 4.88%, 0, 0, 2, 21968.64, 134382115, 206
6270, 1641, 3, 29, 0, 0, 4.88%, 0, 0, 2, 23350.13, 134505067, 206
6275, 1642, 3, 29, 0, 0, 4.88%, 0, 0, 2, 22690.44, 134616150, 206
6280, 1643, 26, 29, 0, 0, 4.88%, 0, 0, 2, 23394.06, 134737840, 206
6285, 1645, 5, 29, 0, 0, 4.88%, 0, 0, 2, 22685.89, 134851151, 206
6290, 1646, 8, 29, 0, 0, 4.88%, 0, 0, 2, 23663.94, 134971911, 206
6295, 1648, 26, 29, 0, 0, 4.88%, 0, 0, 2, 22815.92, 135088952, 206
6300, 1649, 6, 29, 0, 0, 4.88%, 0, 0, 2, 23677.58, 135215739, 206
6305, 1651, 10, 29, 0, 0, 4.88%, 0, 0, 2, 23636.42, 135332973, 206
6311, 1652, 19, 29, 0, 0, 4.88%, 0, 0, 2, 23207.64, 135454189, 206
6316, 1654, 4, 29, 0, 0, 4.88%, 0, 0, 2, 23677.25, 135575469, 206
6321, 1655, 24, 29, 0, 0, 4.88%, 0, 0, 2, 21654.89, 135683274, 206
6326, 1656, 12, 29, 0, 0, 4.88%, 0, 0, 2, 23204.63, 135802897, 206
6331, 1658, 6, 29, 0, 0, 4.88%, 0, 0, 2, 22593.02, 135921066, 206
6336, 1659, 6, 29, 0, 0, 4.88%, 0, 0, 2, 24105.11, 136044585, 206
6341, 1661, 6, 29, 0, 0, 4.88%, 0, 0, 2, 22580.10, 136159114, 206
6347, 1662, 17, 29, 0, 0, 4.88%, 0, 0, 2, 23401.44, 136275643, 206
6352, 1664, 6, 29, 0, 0, 4.88%, 0, 0, 2, 22194.40, 136391932, 206
6357, 1665, 4, 29, 0, 0, 4.88%, 0, 0, 2, 23022.87, 136511767, 206
6362, 1667, 6, 29, 0, 0, 4.88%, 0, 0, 2, 22431.09, 136628915, 206
6367, 1668, 26, 29, 0, 0, 4.88%, 0, 0, 2, 23946.59, 136747497, 206
6372, 1669, 8, 29, 0, 0, 4.88%, 0, 0, 2, 21854.12, 136857677, 206
6377, 1671, 6, 29, 0, 0, 4.88%, 0, 0, 2, 23349.43, 136981707, 206
6383, 1672, 22, 29, 0, 0, 4.88%, 0, 0, 2, 21616.80, 137092750, 206
6388, 1674, 6, 29, 0, 0, 4.88%, 0, 0, 2, 23753.62, 137215916, 206
6393, 1675, 17, 29, 0, 0, 4.88%, 0, 0, 2, 23895.35, 137339250, 206
6398, 1677, 17, 29, 0, 0, 4.88%, 0, 0, 2, 23396.80, 137458987, 206
6403, 1678, 6, 29, 0, 0, 4.88%, 0, 0, 2, 22914.66, 137576242, 206
6408, 1680, 6, 29, 0, 0, 4.88%, 0, 0, 2, 23400.73, 137698399, 206
6414, 1681, 17, 29, 0, 0, 4.88%, 0, 0, 2, 22731.50, 137815110, 206
6419, 1682, 6, 29, 0, 0, 4.88%, 0, 0, 2, 23123.55, 137934799, 206
6424, 1684, 15, 29, 0, 0, 4.88%, 0, 0, 2, 22669.74, 138052487, 206
6429, 1685, 23, 29, 0, 0, 4.88%, 0, 0, 2, 23519.74, 138172323, 206
6434, 1687, 6, 29, 0, 0, 4.88%, 0, 0, 2, 23361.07, 138290405, 206
6439, 1688, 6, 29, 0, 0, 4.88%, 0, 0, 2, 22914.11, 138410685, 206
6444, 1690, 6, 29, 0, 0, 4.88%, 0, 0, 2, 22318.80, 138518918, 206
6450, 1691, 26, 29, 0, 0, 4.88%, 0, 0, 2, 23138.02, 138642089, 206
6455, 1693, 17, 29, 0, 0, 4.88%, 0, 0, 2, 23315.39, 138755371, 206
6460, 1694, 3, 29, 0, 0, 4.88%, 0, 0, 2, 23264.66, 138876267, 206
6465, 1695, 3, 29, 0, 0, 4.88%, 0, 0, 2, 22871.34, 138987134, 206
6470, 1697, 10, 29, 0, 0, 4.88%, 0, 0, 2, 23717.51, 139106270, 206
6475, 1698, 15, 29, 0, 0, 4.88%, 0, 0, 2, 22588.24, 139219297, 206
6480, 1700, 6, 29, 0, 0, 4.88%, 0, 0, 2, 23664.01, 139339504, 206
6485, 1701, 4, 29, 0, 0, 4.88%, 0, 0, 2, 22275.37, 139448405, 206
6490, 1702, 26, 29, 0, 0, 4.88%, 0, 0, 2, 22990.00, 139570063, 206
6495, 1704, 22, 29, 0, 0, 4.88%, 0, 0, 2, 23905.60, 139689916, 206
6500, 1705, 4, 29, 0, 0, 4.88%, 0, 0, 2, 21800.06, 139801800, 206
6506, 1707, 4, 29, 0, 0, 4.88%, 0, 0, 2, 22220.05, 139914174, 206
6511, 1708, 19, 29, 0, 0, 4.88%, 0, 0, 2, 21866.36, 140030468, 206
6516, 1709, 6, 29, 0, 0, 4.88%, 0, 0, 2, 21762.92, 140139288, 206
6521, 1711, 22, 29, 0, 0, 4.88%, 0, 0, 2, 21828.42, 140254156, 206
6526, 1712, 8, 29, 0, 0, 4.88%, 0, 0, 2, 22228.11, 140368732, 206
6531, 1714, 9, 29, 0, 0, 4.88%, 0, 0, 2, 22540.72, 140488599, 206
6537, 1715, 6, 29, 0, 0, 4.88%, 0, 0, 2, 23383.50, 140606606, 206
6542, 1716, 17, 29, 0, 0, 4.88%, 0, 0, 2, 22084.83, 140719474, 206
6547, 1718, 9, 29, 0, 0, 4.88%, 0, 0, 2, 22536.01, 140835459, 206
6552, 1719, 8, 29, 0, 0, 4.88%, 0, 0, 2, 21862.26, 140948987, 206
6557, 1721, 6, 29, 0, 0, 4.88%, 0, 0, 2, 22689.33, 141065690, 206
6562, 1722, 17, 29, 0, 0, 4.88%, 0, 0, 2, 21013.91, 141169623, 206
6567, 1723, 6, 29, 0, 0, 4.88%, 0, 0, 2, 22964.64, 141290848, 206
6573, 1725, 19, 29, 0, 0, 4.88%, 0, 0, 2, 22178.41, 141402688, 206
6578, 1726, 6, 29, 0, 0, 4.88%, 0, 0, 2, 23299.76, 141527259, 206
6583, 1728, 6, 29, 0, 0, 4.88%, 0, 0, 2, 22007.98, 141641192, 206
6588, 1729, 3, 29, 0, 0, 4.88%, 0, 0, 2, 22855.39, 141759033, 206
6593, 1731, 4, 29, 0, 0, 4.88%, 0, 0, 2, 22150.85, 141875982, 206
6598, 1732, 5, 29, 0, 0, 4.88%, 0, 0, 2, 23122.59, 141993222, 206
6603, 1733, 17, 29, 0, 0, 4.88%, 0, 0, 2, 21582.41, 142104093, 206
6608, 1735, 23, 29, 0, 0, 4.88%, 0, 0, 2, 22764.51, 142223749, 206
6613, 1736, 6, 29, 0, 0, 4.88%, 0, 0, 2, 23028.69, 142337051, 206
6619, 1738, 6, 29, 0, 0, 4.88%, 0, 0, 2, 23077.59, 142454302, 206
6624, 1739, 5, 29, 0, 0, 4.88%, 0, 0, 2, 21856.21, 142560884, 206
6629, 1740, 6, 29, 0, 0, 4.88%, 0, 0, 2, 22906.85, 142680092, 206
6634, 1742, 17, 29, 0, 0, 4.88%, 0, 0, 2, 22645.77, 142792419, 206
6639, 1743, 6, 29, 0, 0, 4.88%, 0, 0, 2, 23157.08, 142907468, 206
6644, 1744, 4, 29, 0, 0, 4.88%, 0, 0, 2, 22012.04, 143016010, 206
6649, 1746, 26, 29, 0, 0, 4.88%, 0, 0, 2, 22346.78, 143132098, 206
6654, 1747, 4, 29, 0, 0, 4.88%, 0, 0, 2, 22214.57, 143242323, 206
6659, 1749, 4, 29, 0, 0, 4.88%, 0, 0, 2, 22582.57, 143359502, 206
6664, 1750, 6, 29, 0, 0, 4.88%, 0, 0, 2, 22561.01, 143471833, 206
6669, 1752, 6, 29, 0, 0, 4.88%, 0, 0, 2, 25003.47, 143600949, 206
6675, 1753, 6, 29, 0, 0, 4.88%, 0, 0, 2, 23334.28, 143716143, 206
6680, 1754, 25, 29, 0, 0, 4.88%, 0, 0, 2, 22773.18, 143831809, 206
6685, 1756, 6, 29, 0, 0, 4.88%, 0, 0, 2, 22992.04, 143945137, 206
6690, 1757, 6, 29, 0, 0, 4.88%, 0, 0, 2, 23857.19, 144069764, 206
6695, 1759, 6, 29, 0, 0, 4.88%, 0, 0, 2, 22543.31, 144180451, 206
6700, 1760, 6, 29, 0, 0, 4.88%, 0, 0, 2, 22918.36, 144299085, 206
6705, 1762, 8, 29, 0, 0, 4.88%, 0, 0, 2, 23167.27, 144417879, 206
6710, 1763, 8, 29, 0, 0, 4.88%, 0, 0, 2, 22781.98, 144537393, 206
6716, 1765, 6, 29, 0, 0, 4.88%, 0, 0, 2, 22472.54, 144653044, 206
6721, 1766, 20, 29, 0, 0, 4.88%, 0, 0, 2, 22914.55, 144769108, 206
6726, 1767, 20, 29, 0, 0, 4.88%, 0, 0, 2, 22688.21, 144885318, 206
6731, 1769, 6, 29, 0, 0, 4.88%, 0, 0, 2, 22179.11, 145002204, 206
6736, 1770, 6, 29, 0, 0, 4.88%, 0, 0, 2, 22627.79, 145116141, 206
6741, 1772, 17, 29, 0, 0, 4.88%, 0, 0, 2, 21081.28, 145223440, 206
6746, 1773, 6, 29, 0, 0, 4.88%, 0, 0, 2, 22286.24, 145341151, 206
6751, 1774, 6, 29, 0, 0, 4.88%, 0, 0, 2, 22054.17, 145454105, 206
6756, 1776, 6, 29, 0, 0, 4.88%, 0, 0, 2, 23335.91, 145572447, 206
6762, 1777, 26, 29, 0, 0, 4.88%, 0, 0, 2, 21875.05, 145686305, 206
6767, 1779, 6, 29, 0, 0, 4.88%, 0, 0, 2, 23818.12, 145807307, 206
6772, 1780, 6, 29, 0, 0, 4.88%, 0, 0, 2, 21837.22, 145919754, 206
6777, 1782, 6, 29, 0, 0, 4.88%, 0, 0, 2, 23886.07, 146041835, 206
6782, 1783, 4, 29, 0, 0, 4.88%, 0, 0, 2, 22065.81, 146156022, 206
6787, 1785, 23, 29, 0, 0, 4.88%, 0, 0, 2, 24219.75, 146284191, 206
6792, 1786, 20, 29, 0, 0, 4.88%, 0, 0, 2, 21755.63, 146396310, 206
6798, 1787, 19, 29, 0, 0, 4.88%, 0, 0, 2, 23762.72, 146518951, 206
6803, 1789, 6, 29, 0, 0, 4.88%, 0, 0, 2, 22149.21, 146630348, 206
6808, 1790, 6, 29, 0, 0, 4.88%, 0, 0, 2, 23066.97, 146750853, 206
6813, 1792, 17, 29, 0, 0, 4.88%, 0, 0, 2, 21170.91, 146859246, 206
6818, 1793, 17, 29, 0, 0, 4.88%, 0, 0, 2, 23616.91, 146985123, 206
6823, 1794, 23, 29, 0, 0, 4.88%, 0, 0, 2, 22092.16, 147097003, 206
6828, 1796, 6, 29, 0, 0, 4.88%, 0, 0, 2, 23239.34, 147215186, 206
6834, 1797, 6, 29, 0, 0, 4.88%, 0, 0, 2, 21693.24, 147326443, 206
6839, 1799, 9, 29, 0, 0, 4.88%, 0, 0, 2, 22741.78, 147443054, 206
6844, 1800, 6, 29, 0, 0, 4.88%, 0, 0, 2, 21964.23, 147552261, 206
6849, 1802, 6, 29, 0, 0, 4.88%, 0, 0, 2, 23282.01, 147673204, 206
6854, 1803, 10, 29, 0, 0, 4.88%, 0, 0, 2, 23339.55, 147788344, 206
6859, 1804, 5, 29, 0, 0, 4.88%, 0, 0, 2, 23071.10, 147904059, 206
6864, 1806, 22, 29, 0, 0, 4.88%, 0, 0, 2, 21056.37, 148007438, 206
6869, 1807, 3, 29, 0, 0, 4.88%, 0, 0, 2, 22605.35, 148126775, 206
6874, 1808, 8, 29, 0, 0, 4.88%, 0, 0, 2, 22956.75, 148242730, 206
6880, 1810, 6, 29, 0, 0, 4.88%, 0, 0, 2, 23496.35, 148361079, 206
6885, 1811, 6, 29, 0, 0, 4.88%, 0, 0, 2, 22418.28, 148469966, 206
6890, 1813, 4, 29, 0, 0, 4.88%, 0, 0, 2, 22756.12, 148586098, 206
6895, 1814, 26, 29, 0, 0, 4.88%, 0, 0, 2, 22646.62, 148700569, 206
6900, 1816, 10, 29, 0, 0, 4.88%, 0, 0, 2, 23440.64, 148824103, 206
6905, 1817, 6, 29, 0, 0, 4.88%, 0, 0, 2, 22489.74, 148936978, 206
6910, 1818, 6, 29, 0, 0, 4.88%, 0, 0, 2, 23568.74, 149062080, 206
6915, 1820, 10, 29, 0, 0, 4.88%, 0, 0, 2, 23562.54, 149176878, 206
6920, 1821, 6, 29, 0, 0, 4.88%, 0, 0, 2, 21921.08, 149291785, 206
6926, 1823, 6, 29, 0, 0, 4.88%, 0, 0, 2, 22250.77, 149404258, 206
6931, 1824, 6, 29, 0, 0, 4.88%, 0, 0, 2, 22260.75, 149518819, 206
6936, 1825, 19, 29, 0, 0, 4.88%, 0, 0, 2, 22908.05, 149633426, 206
6941, 1827, 6, 29, 0, 0, 4.88%, 0, 0, 2, 23243.59, 149759963, 206
6946, 1828, 26, 29, 0, 0, 4.88%, 0, 0, 2, 23286.39, 149875227, 206
6951, 1830, 6, 29, 0, 0, 4.88%, 0, 0, 2, 23503.67, 149997689, 206
6956, 1831, 19, 29, 0, 0, 4.88%, 0, 0, 2, 23636.24, 150117696, 206
6961, 1833, 9, 29, 0, 0, 4.88%, 0, 0, 2, 23900.01, 150247490, 206
6967, 1834, 17, 29, 0, 0, 4.88%, 0, 0, 2, 22909.39, 150365112, 206
6972, 1836, 20, 29, 0, 0, 4.88%, 0, 0, 2, 22505.57, 150481134, 206
6977, 1837, 6, 29, 0, 0, 4.88%, 0, 0, 2, 24053.87, 150605462, 206
6982, 1839, 4, 29, 0, 0, 4.88%, 0, 0, 2, 21826.70, 150713522, 206
6987, 1840, 3, 29, 0, 0, 4.88%, 0, 0, 2, 23328.61, 150834026, 206
6992, 1842, 14, 29, 0, 0, 4.88%, 0, 0, 2, 22780.36, 150951636, 206
6997, 1843, 17, 29, 0, 0, 4.88%, 0, 0, 2, 24168.11, 151074297, 206
7002, 1844, 5, 29, 0, 0, 4.88%, 0, 0, 2, 22783.50, 151192222, 206
7007, 1846, 6, 29, 0, 0, 4.88%, 0, 0, 2, 23181.62, 151307815, 206
7013, 1847, 26, 29, 0, 0, 4.88%, 0, 0, 2, 23590.27, 151429607, 206
7018, 1849, 20, 29, 0, 0, 4.88%, 0, 0, 2, 24198.27, 151559174, 206
7023, 1850, 23, 29, 0, 0, 4.88%, 0, 0, 2, 22654.62, 151677577, 206
7028, 1852, 6, 29, 0, 0, 4.88%, 0, 0, 2, 25496.04, 151807282, 206
7033, 1853, 6, 29, 0, 0, 4.88%, 0, 0, 2, 21959.64, 151915285, 206
7038, 1855, 4, 29, 0, 0, 4.88%, 0, 0, 2, 23580.81, 152041889, 206
7043, 1856, 4, 29, 0, 0, 4.88%, 0, 0, 2, 20460.76, 152140879, 206
7048, 1858, 4, 29, 0, 0, 4.88%, 0, 0, 2, 23945.41, 152267255, 206
7054, 1859, 26, 29, 0, 0, 4.88%, 0, 0, 2, 22712.19, 152383053, 206
7059, 1860, 26, 29, 0, 0, 4.88%, 0, 0, 2, 23232.25, 152498344, 206
7064, 1862, 10, 29, 0, 0, 4.88%, 0, 0, 2, 23111.68, 152622454, 206
7069, 1863, 6, 29, 0, 0, 4.88%, 0, 0, 2, 23397.98, 152740356, 206
7074, 1865, 3, 29, 0, 0, 4.88%, 0, 0, 2, 23215.34, 152854192, 206
7079, 1866, 6, 29, 0, 0, 4.88%, 0, 0, 2, 23384.19, 152969658, 206
7084, 1868, 6, 29, 0, 0, 4.88%, 0, 0, 2, 22541.53, 153083979, 206
7089, 1869, 23, 29, 0, 0, 4.88%, 0, 0, 2, 24338.87, 153213352, 206
7094, 1871, 6, 29, 0, 0, 4.88%, 0, 0, 2, 23044.56, 153328833, 206
7099, 1872, 8, 29, 0, 0, 4.88%, 0, 0, 2, 22842.99, 153449456, 206
7105, 1873, 9, 29, 0, 0, 4.88%, 0, 0, 2, 22325.59, 153560456, 206
7110, 1875, 17, 29, 0, 0, 4.88%, 0, 0, 2, 23533.63, 153681811, 206
7115, 1876, 6, 29, 0, 0, 4.88%, 0, 0, 2, 23054.80, 153798057, 206
7120, 1878, 6, 29, 0, 0, 4.88%, 0, 0, 2, 24809.66, 153926674, 206
7125, 1879, 6, 29, 0, 0, 4.88%, 0, 0, 2, 22568.42, 154035322, 206
7130, 1881, 6, 29, 0, 0, 4.88%, 0, 0, 2, 22856.14, 154156359, 206
7135, 1882, 12, 29, 0, 0, 4.88%, 0, 0, 2, 21954.69, 154265587, 206
7141, 1883, 6, 29, 0, 0, 4.88%, 0, 0, 2, 21673.07, 154381367, 206
7146, 1885, 6, 29, 0, 0, 4.88%, 0, 0, 2, 21935.31, 154492129, 206
7151, 1886, 4, 29, 0, 0, 4.88%, 0, 0, 2, 22188.50, 154609927, 206
7156, 1888, 6, 29, 0, 0, 4.88%, 0, 0, 2, 22808.50, 154722606, 206
7161, 1889, 8, 29, 0, 0, 4.88%, 0, 0, 2, 21543.75, 154836009, 206
7166, 1890, 6, 29, 0, 0, 4.88%, 0, 0, 2, 22490.21, 154949693, 206
7171, 1892, 6, 29, 0, 0, 4.88%, 0, 0, 2, 21585.49, 155064978, 206
7177, 1893, 6, 29, 0, 0, 4.88%, 0, 0, 2, 22072.99, 155177064, 206
7182, 1894, 6, 29, 0, 0, 4.88%, 0, 0, 2, 21098.15, 155287874, 206
7187, 1896, 23, 29, 0, 0, 4.88%, 0, 0, 2, 23495.02, 155411538, 206
7192, 1897, 23, 29, 0, 0, 4.88%, 0, 0, 2, 22342.62, 155526828, 206
7196, 1898, 8, 29, 0, 0, 4.88%, 0, 0, 2, 21783.64, 155606266, 206
