# relative_time, cycles_done, cur_item, corpus_count, pending_total, pending_favs, map_size, saved_crashes, saved_hangs, max_depth, execs_per_sec, total_execs, edges_found
60, 2, 85, 97, 68, 0, 4.81%, 0, 0, 4, 9306.31, 973604, 205
65, 2, 85, 97, 68, 0, 4.81%, 0, 0, 4, 9041.09, 1017853, 205
70, 2, 85, 97, 68, 0, 4.81%, 0, 0, 4, 9345.10, 1065555, 205
75, 2, 85, 97, 68, 0, 4.81%, 0, 0, 4, 9165.78, 1110575, 205
80, 2, 85, 97, 68, 0, 4.81%, 0, 0, 4, 9222.32, 1157350, 205
85, 2, 37, 97, 67, 0, 4.81%, 0, 0, 4, 14651.89, 1224547, 205
90, 2, 40, 98, 65, 0, 4.81%, 0, 0, 4, 14018.80, 1298191, 205
96, 2, 0, 98, 59, 0, 4.81%, 0, 0, 4, 17404.71, 1391959, 205
101, 2, 0, 98, 53, 0, 4.81%, 0, 0, 4, 17286.07, 1474438, 205
106, 2, 0, 98, 51, 0, 4.81%, 0, 0, 4, 18870.97, 1571730, 205
111, 2, 0, 98, 47, 0, 4.81%, 0, 0, 4, 15848.10, 1654295, 205
116, 2, 57, 99, 46, 0, 4.81%, 0, 0, 4, 17545.62, 1737920, 205
121, 3, 37, 105, 45, 0, 4.81%, 0, 0, 4, 16457.29, 1823319, 205
126, 3, 8, 105, 42, 0, 4.81%, 0, 0, 4, 15315.79, 1904181, 205
131, 3, 101, 105, 37, 0, 4.81%, 0, 0, 4, 16431.23, 1993135, 205
136, 3, 0, 105, 35, 0, 4.81%, 0, 0, 4, 18940.69, 2091923, 205
141, 3, 95, 105, 33, 0, 4.81%, 0, 0, 4, 18662.01, 2193661, 205
146, 3, 0, 105, 30, 0, 4.81%, 0, 0, 4, 17186.62, 2271027, 205
151, 3, 37, 105, 25, 0, 4.81%, 0, 0, 4, 18649.22, 2365827, 205
156, 4, 105, 115, 32, 0, 4.81%, 0, 0, 4, 15069.98, 2436179, 205
162, 4, 105, 115, 32, 0, 4.81%, 0, 0, 4, 9553.28, 2479407, 205
167, 4, 105, 116, 33, 0, 4.81%, 0, 0, 4, 8685.16, 2521043, 205
172, 4, 105, 116, 33, 0, 4.81%, 0, 0, 4, 7750.05, 2560342, 205
177, 4, 105, 116, 33, 0, 4.81%, 0, 0, 4, 8226.92, 2601387, 205
182, 4, 105, 116, 33, 0, 4.81%, 0, 0, 4, 7762.10, 2642533, 205
187, 4, 105, 116, 33, 0, 4.81%, 0, 0, 4, 8505.68, 2685122, 205
192, 4, 105, 116, 33, 0, 4.81%, 0, 0, 4, 7788.12, 2724958, 205
197, 4, 105, 116, 33, 0, 4.81%, 0, 0, 4, 8343.32, 2766592, 205
202, 4, 105, 116, 33, 0, 4.81%, 0, 0, 4, 8151.61, 2809323, 205
207, 4, 105, 116, 33, 0, 4.81%, 0, 0, 4, 8713.45, 2854587, 205
212, 4, 105, 116, 33, 0, 4.81%, 0, 0, 4, 8354.84, 2896935, 205
217, 4, 105, 116, 33, 0, 4.81%, 0, 0, 4, 8465.74, 2940597, 205
222, 4, 113, 116, 32, 0, 4.81%, 0, 0, 4, 9780.70, 2990124, 205
228, 4, 111, 116, 31, 0, 4.81%, 0, 0, 4, 15011.41, 3081727, 205
233, 4, 7, 116, 30, 0, 4.81%, 0, 0, 4, 18386.97, 3181918, 205
238, 4, 0, 116, 25, 0, 4.81%, 0, 0, 4, 17590.96, 3274740, 205
243, 4, 112, 117, 23, 0, 4.81%, 0, 0, 4, 13865.61, 3347091, 205
248, 4, 0, 117, 21, 0, 4.81%, 0, 0, 4, 18497.04, 3442372, 205
253, 4, 0, 117, 20, 0, 4.81%, 0, 0, 4, 18940.77, 3542410, 205
258, 4, 45, 117, 19, 0, 4.81%, 0, 0, 4, 22329.00, 3653767, 205
263, 4, 104, 117, 19, 0, 4.81%, 0, 0, 4, 17337.07, 3751887, 205
268, 5, 0, 118, 17, 0, 4.81%, 0, 0, 4, 21472.56, 3855610, 205
274, 5, 114, 118, 15, 0, 4.81%, 0, 0, 4, 16455.22, 3943785, 205
279, 5, 107, 118, 14, 0, 4.81%, 0, 0, 4, 17909.23, 4041923, 205
284, 5, 0, 118, 13, 0, 4.81%, 0, 0, 4, 21007.38, 4140913, 205
289, 5, 0, 118, 11, 0, 4.81%, 0, 0, 4, 21040.59, 4239713, 205
294, 5, 108, 118, 11, 0, 4.81%, 0, 0, 4, 13862.00, 4306382, 205
299, 5, 0, 118, 11, 0, 4.81%, 0, 0, 4, 21186.88, 4426059, 205
304, 5, 0, 118, 10, 0, 4.81%, 0, 0, 4, 20329.09, 4520676, 205
309, 6, 107, 121, 12, 0, 4.81%, 0, 0, 4, 17347.49, 4623936, 205
315, 6, 37, 121, 12, 0, 4.81%, 0, 0, 4, 16750.49, 4696754, 205
320, 6, 89, 121, 11, 0, 4.81%, 0, 0, 4, 16109.39, 4774433, 205
325, 6, 87, 121, 11, 0, 4.81%, 0, 0, 4, 18678.99, 4864940, 205
330, 6, 44, 121, 8, 0, 4.81%, 0, 0, 4, 18051.25, 4951441, 205
335, 6, 37, 121, 6, 0, 4.81%, 0, 0, 4, 16100.49, 5021381, 205
340, 6, 103, 121, 6, 0, 4.81%, 0, 0, 4, 14486.92, 5102304, 205
345, 6, 37, 121, 5, 0, 4.81%, 0, 0, 4, 12881.62, 5170948, 205
350, 7, 40, 121, 4, 0, 4.81%, 0, 0, 4, 14757.41, 5247266, 205
355, 7, 37, 121, 4, 0, 4.81%, 0, 0, 4, 15304.15, 5324406, 205
360, 7, 0, 121, 4, 0, 4.81%, 0, 0, 4, 12848.64, 5381095, 205
365, 7, 37, 121, 4, 0, 4.81%, 0, 0, 4, 11420.00, 5434114, 205
371, 7, 108, 121, 4, 0, 4.81%, 0, 0, 4, 12983.12, 5505949, 205
376, 7, 115, 121, 4, 0, 4.81%, 0, 0, 4, 11472.31, 5562308, 205
381, 7, 24, 121, 3, 0, 4.81%, 0, 0, 4, 13559.76, 5636901, 205
386, 7, 0, 121, 3, 0, 4.81%, 0, 0, 4, 14419.89, 5708359, 205
391, 8, 45, 121, 3, 0, 4.81%, 0, 0, 4, 18282.31, 5810787, 205
396, 8, 37, 121, 2, 0, 4.81%, 0, 0, 4, 17840.06, 5890072, 205
401, 8, 0, 121, 2, 0, 4.81%, 0, 0, 4, 14194.74, 5963567, 205
406, 8, 117, 121, 2, 0, 4.81%, 0, 0, 4, 12519.20, 6031452, 205
411, 8, 37, 121, 2, 0, 4.81%, 0, 0, 4, 9576.46, 6074677, 205
416, 8, 87, 121, 2, 0, 4.81%, 0, 0, 4, 14043.71, 6149932, 205
421, 8, 0, 122, 3, 0, 4.81%, 0, 0, 4, 15835.19, 6236849, 205
427, 9, 83, 122, 3, 0, 4.81%, 0, 0, 4, 20311.49, 6347698, 205
432, 9, 115, 122, 2, 0, 4.81%, 0, 0, 4, 14141.42, 6425831, 205
437, 9, 32, 122, 1, 0, 4.81%, 0, 0, 4, 16032.00, 6507579, 205
442, 9, 35, 122, 0, 0, 4.81%, 0, 0, 4, 16595.83, 6593448, 205
447, 9, 0, 122, 0, 0, 4.81%, 0, 0, 4, 16174.39, 6679328, 205
452, 9, 0, 122, 0, 0, 4.81%, 0, 0, 4, 15225.43, 6755228, 205
457, 10, 7, 122, 0, 0, 4.81%, 0, 0, 4, 15382.54, 6834190, 205
463, 10, 14, 122, 0, 0, 4.81%, 0, 0, 4, 12548.95, 6894297, 205
468, 10, 40, 122, 0, 0, 4.81%, 0, 0, 4, 16292.22, 6984322, 205
473, 10, 0, 122, 0, 0, 4.81%, 0, 0, 4, 12174.71, 7044052, 205
478, 10, 104, 122, 0, 0, 4.81%, 0, 0, 4, 13186.55, 7122465, 205
483, 10, 114, 122, 0, 0, 4.81%, 0, 0, 4, 12171.63, 7184320, 205
488, 10, 0, 122, 0, 0, 4.81%, 0, 0, 4, 13417.15, 7249357, 205
493, 11, 0, 122, 0, 0, 4.81%, 0, 0, 4, 16071.30, 7332982, 205
498, 11, 117, 122, 0, 0, 4.81%, 0, 0, 4, 12482.33, 7398344, 205
503, 11, 106, 122, 0, 0, 4.81%, 0, 0, 4, 13582.10, 7476167, 205
508, 11, 74, 122, 0, 0, 4.81%, 0, 0, 4, 12798.11, 7539204, 205
514, 11, 24, 122, 0, 0, 4.81%, 0, 0, 4, 14963.27, 7619346, 205
519, 12, 0, 122, 0, 0, 4.81%, 0, 0, 4, 16583.24, 7706706, 205
524, 12, 112, 122, 0, 0, 4.81%, 0, 0, 4, 12502.94, 7774142, 205
529, 12, 0, 122, 0, 0, 4.81%, 0, 0, 4, 16362.73, 7859581, 205
534, 12, 0, 122, 0, 0, 4.81%, 0, 0, 4, 12933.03, 7918113, 205
539, 12, 68, 122, 0, 0, 4.81%, 0, 0, 4, 16210.97, 8005031, 205
544, 12, 39, 122, 0, 0, 4.81%, 0, 0, 4, 14296.77, 8079010, 205
549, 13, 101, 122, 0, 0, 4.81%, 0, 0, 4, 12994.12, 8142803, 205
554, 13, 112, 122, 0, 0, 4.81%, 0, 0, 4, 8865.21, 8187505, 205
559, 13, 0, 122, 0, 0, 4.81%, 0, 0, 4, 10218.05, 8237094, 205
564, 13, 115, 122, 0, 0, 4.81%, 0, 0, 4, 11169.14, 8294397, 205
569, 13, 0, 122, 0, 0, 4.81%, 0, 0, 4, 18084.60, 8392636, 205
575, 13, 106, 122, 0, 0, 4.81%, 0, 0, 4, 15519.17, 8468083, 205
580, 13, 117, 122, 0, 0, 4.81%, 0, 0, 4, 13758.43, 8532941, 205
585, 14, 0, 122, 0, 0, 4.81%, 0, 0, 4, 15712.90, 8607212, 205
590, 14, 0, 122, 0, 0, 4.81%, 0, 0, 4, 13933.54, 8673154, 205
595, 14, 4, 122, 0, 0, 4.81%, 0, 0, 4, 16813.14, 8759019, 205
600, 14, 0, 122, 0, 0, 4.81%, 0, 0, 4, 19236.17, 8856718, 205
605, 14, 105, 122, 0, 0, 4.81%, 0, 0, 4, 15644.51, 8932172, 205
610, 14, 7, 122, 0, 0, 4.81%, 0, 0, 4, 14175.75, 8998806, 205
615, 15, 0, 122, 0, 0, 4.81%, 0, 0, 4, 12277.44, 9062752, 205
620, 15, 33, 122, 0, 0, 4.81%, 0, 0, 4, 10577.77, 9110468, 205
625, 15, 0, 122, 0, 0, 4.81%, 0, 0, 4, 12228.23, 9173104, 205
630, 15, 34, 122, 0, 0, 4.81%, 0, 0, 4, 13030.72, 9241212, 205
636, 15, 0, 122, 0, 0, 4.81%, 0, 0, 4, 10800.42, 9295174, 205
641, 15, 0, 122, 0, 0, 4.81%, 0, 0, 4, 16757.12, 9388317, 205
646, 16, 123, 124, 2, 0, 4.81%, 0, 0, 4, 14769.57, 9457369, 205
651, 16, 0, 124, 1, 0, 4.81%, 0, 0, 4, 15753.77, 9545970, 205
656, 16, 7, 124, 1, 0, 4.81%, 0, 0, 4, 13626.40, 9608598, 205
661, 16, 0, 124, 1, 0, 4.81%, 0, 0, 4, 13957.43, 9686241, 205
666, 16, 106, 124, 1, 0, 4.81%, 0, 0, 4, 16312.76, 9773599, 205
671, 16, 0, 124, 1, 0, 4.81%, 0, 0, 4, 17778.80, 9858551, 205
676, 17, 0, 124, 0, 0, 4.81%, 0, 0, 4, 18822.56, 9949116, 205
682, 17, 93, 124, 0, 0, 4.81%, 0, 0, 4, 14119.64, 10020009, 205
687, 17, 123, 124, 0, 0, 4.81%, 0, 0, 4, 13237.52, 10082876, 205
692, 17, 37, 124, 0, 0, 4.81%, 0, 0, 4, 15556.37, 10164356, 205
697, 17, 115, 124, 0, 0, 4.81%, 0, 0, 4, 16032.98, 10245862, 205
702, 17, 37, 124, 0, 0, 4.81%, 0, 0, 4, 15416.05, 10321890, 205
707, 18, 112, 124, 0, 0, 4.81%, 0, 0, 4, 17275.54, 10416724, 205
712, 18, 0, 124, 0, 0, 4.81%, 0, 0, 4, 13188.68, 10474586, 205
717, 18, 120, 124, 0, 0, 4.81%, 0, 0, 4, 17726.37, 10569968, 205
722, 18, 40, 124, 0, 0, 4.81%, 0, 0, 4, 18026.47, 10659685, 205
727, 18, 0, 124, 0, 0, 4.81%, 0, 0, 4, 18660.51, 10756779, 205
732, 19, 23, 124, 0, 0, 4.81%, 0, 0, 4, 17316.13, 10847822, 205
737, 19, 120, 124, 0, 0, 4.81%, 0, 0, 4, 16869.35, 10942870, 205
742, 19, 121, 124, 0, 0, 4.81%, 0, 0, 4, 18114.53, 11038818, 205
748, 19, 112, 124, 0, 0, 4.81%, 0, 0, 4, 16057.17, 11117348, 205
753, 19, 119, 124, 0, 0, 4.81%, 0, 0, 4, 16986.30, 11203132, 205
758, 20, 0, 124, 0, 0, 4.81%, 0, 0, 4, 19494.32, 11298913, 205
763, 20, 37, 124, 0, 0, 4.81%, 0, 0, 4, 16890.53, 11386848, 205
768, 20, 37, 124, 0, 0, 4.81%, 0, 0, 4, 20360.15, 11489607, 205
773, 20, 96, 124, 0, 0, 4.81%, 0, 0, 4, 15820.87, 11567409, 205
778, 20, 37, 124, 0, 0, 4.81%, 0, 0, 4, 16364.63, 11645870, 205
783, 21, 0, 124, 0, 0, 4.81%, 0, 0, 4, 17596.58, 11736492, 205
788, 21, 19, 124, 0, 0, 4.81%, 0, 0, 4, 17737.28, 11826446, 205
793, 21, 78, 124, 0, 0, 4.81%, 0, 0, 4, 17069.40, 11915614, 205
798, 21, 36, 124, 0, 0, 4.81%, 0, 0, 4, 18806.34, 12010142, 205
803, 22, 0, 124, 0, 0, 4.81%, 0, 0, 4, 17295.67, 12097674, 205
808, 22, 0, 124, 0, 0, 4.81%, 0, 0, 4, 19275.45, 12200131, 205
813, 22, 23, 124, 0, 0, 4.81%, 0, 0, 4, 14778.66, 12262834, 205
818, 22, 0, 124, 0, 0, 4.81%, 0, 0, 4, 18164.21, 12360608, 205
823, 22, 19, 124, 0, 0, 4.81%, 0, 0, 4, 17255.75, 12454146, 205
828, 23, 36, 124, 0, 0, 4.81%, 0, 0, 4, 16082.52, 12529823, 205
834, 23, 0, 124, 0, 0, 4.81%, 0, 0, 4, 13205.43, 12595374, 205
839, 23, 40, 124, 0, 0, 4.81%, 0, 0, 4, 13270.11, 12660294, 205
844, 23, 37, 124, 0, 0, 4.81%, 0, 0, 4, 17852.53, 12755127, 205
849, 23, 123, 124, 0, 0, 4.81%, 0, 0, 4, 17033.92, 12837964, 205
854, 24, 0, 124, 0, 0, 4.81%, 0, 0, 4, 17520.49, 12930855, 205
859, 24, 37, 124, 0, 0, 4.81%, 0, 0, 4, 19053.51, 13020134, 205
864, 24, 0, 124, 0, 0, 4.81%, 0, 0, 4, 16269.52, 13089844, 205
869, 24, 73, 124, 0, 0, 4.81%, 0, 0, 4, 19501.95, 13193365, 205
874, 24, 50, 124, 0, 0, 4.81%, 0, 0, 4, 18097.72, 13280877, 205
880, 25, 37, 124, 0, 0, 4.81%, 0, 0, 4, 16289.82, 13365554, 205
885, 25, 120, 124, 0, 0, 4.81%, 0, 0, 4, 14324.40, 13438078, 205
890, 25, 37, 124, 0, 0, 4.81%, 0, 0, 4, 15025.36, 13510762, 205
895, 25, 37, 124, 0, 0, 4.81%, 0, 0, 4, 11252.51, 13561500, 205
900, 25, 89, 124, 0, 0, 4.81%, 0, 0, 4, 15326.87, 13642672, 205
905, 25, 37, 124, 0, 0, 4.81%, 0, 0, 4, 16571.34, 13721877, 205
910, 26, 36, 124, 0, 0, 4.81%, 0, 0, 4, 19887.27, 13828868, 205
915, 26, 122, 124, 0, 0, 4.81%, 0, 0, 4, 15585.56, 13899731, 205
920, 26, 111, 124, 0, 0, 4.81%, 0, 0, 4, 20398.69, 14007201, 205
925, 26, 37, 124, 0, 0, 4.81%, 0, 0, 4, 19496.48, 14092886, 205
930, 27, 119, 124, 0, 0, 4.81%, 0, 0, 4, 18177.63, 14185154, 205
936, 27, 3, 124, 0, 0, 4.81%, 0, 0, 4, 17915.04, 14267980, 205
941, 27, 0, 124, 0, 0, 4.81%, 0, 0, 4, 20055.83, 14367615, 205
946, 27, 40, 124, 0, 0, 4.81%, 0, 0, 4, 19908.18, 14465688, 205
951, 27, 37, 124, 0, 0, 4.81%, 0, 0, 4, 16873.73, 14545059, 205
956, 28, 122, 124, 0, 0, 4.81%, 0, 0, 4, 19335.11, 14642328, 205
961, 28, 0, 124, 0, 0, 4.81%, 0, 0, 4, 19407.00, 14743753, 205
966, 28, 104, 124, 0, 0, 4.81%, 0, 0, 4, 15084.48, 14816026, 205
971, 28, 117, 124, 0, 0, 4.81%, 0, 0, 4, 11799.09, 14876248, 205
976, 28, 37, 124, 0, 0, 4.81%, 0, 0, 4, 18257.99, 14974164, 205
981, 28, 0, 124, 0, 0, 4.81%, 0, 0, 4, 15799.39, 15054802, 205
986, 29, 0, 124, 0, 0, 4.81%, 0, 0, 4, 20511.79, 15153666, 205
992, 29, 0, 124, 0, 0, 4.81%, 0, 0, 4, 16695.33, 15238856, 205
997, 29, 61, 124, 0, 0, 4.81%, 0, 0, 4, 19612.01, 15340882, 205
1002, 29, 0, 124, 0, 0, 4.81%, 0, 0, 4, 18238.89, 15427689, 205
1007, 30, 0, 124, 0, 0, 4.81%, 0, 0, 4, 18012.05, 15517634, 205
1012, 30, 7, 124, 0, 0, 4.81%, 0, 0, 4, 15703.36, 15600193, 205
1017, 30, 110, 124, 0, 0, 4.81%, 0, 0, 4, 15779.58, 15676996, 205
1022, 30, 37, 124, 0, 0, 4.81%, 0, 0, 4, 16240.09, 15754262, 205
1027, 30, 111, 124, 0, 0, 4.81%, 0, 0, 4, 14036.87, 15830264, 205
1032, 30, 21, 124, 0, 0, 4.81%, 0, 0, 4, 14686.96, 15909390, 205
1038, 31, 97, 124, 0, 0, 4.81%, 0, 0, 4, 19478.78, 16020624, 205
1043, 31, 37, 124, 0, 0, 4.81%, 0, 0, 4, 17396.07, 16103780, 205
1048, 31, 0, 124, 0, 0, 4.81%, 0, 0, 4, 21352.13, 16217515, 205
1053, 31, 107, 124, 0, 0, 4.81%, 0, 0, 4, 16473.93, 16297788, 205
1058, 31, 0, 124, 0, 0, 4.81%, 0, 0, 4, 20035.74, 16396032, 205
1063, 32, 117, 124, 0, 0, 4.81%, 0, 0, 4, 16273.65, 16487015, 205
1068, 32, 37, 124, 0, 0, 4.81%, 0, 0, 4, 18912.26, 16578764, 205
1073, 32, 37, 124, 0, 0, 4.81%, 0, 0, 4, 16161.74, 16653516, 205
1078, 32, 63, 124, 0, 0, 4.81%, 0, 0, 4, 21834.47, 16769518, 205
1084, 33, 92, 124, 0, 0, 4.81%, 0, 0, 4, 17510.09, 16856208, 205
1089, 33, 37, 124, 0, 0, 4.81%, 0, 0, 4, 20129.38, 16965208, 205
1094, 33, 91, 124, 0, 0, 4.81%, 0, 0, 4, 15597.10, 17044688, 205
1099, 33, 0, 124, 0, 0, 4.81%, 0, 0, 4, 18181.45, 17133162, 205
1104, 34, 0, 124, 0, 0, 4.81%, 0, 0, 4, 16478.12, 17213223, 205
1109, 34, 111, 124, 0, 0, 4.81%, 0, 0, 4, 19924.32, 17321568, 205
1114, 34, 0, 124, 0, 0, 4.81%, 0, 0, 4, 18822.82, 17406204, 205
1119, 34, 44, 124, 0, 0, 4.81%, 0, 0, 4, 20147.19, 17507563, 205
1125, 34, 118, 124, 0, 0, 4.81%, 0, 0, 4, 19333.80, 17599308, 205
1130, 35, 37, 124, 0, 0, 4.81%, 0, 0, 4, 19321.27, 17698258, 205
1135, 35, 111, 124, 0, 0, 4.81%, 0, 0, 4, 13704.82, 17763084, 205
1140, 35, 106, 124, 0, 0, 4.81%, 0, 0, 4, 13654.51, 17837058, 205
1145, 35, 117, 124, 0, 0, 4.81%, 0, 0, 4, 14220.20, 17909742, 205
1150, 35, 111, 124, 0, 0, 4.81%, 0, 0, 4, 12608.28, 17969318, 205
1155, 35, 0, 124, 0, 0, 4.81%, 0, 0, 4, 15843.69, 18050226, 205
1160, 36, 0, 124, 0, 0, 4.81%, 0, 0, 4, 20014.71, 18158177, 205
1165, 36, 0, 124, 0, 0, 4.81%, 0, 0, 4, 19112.39, 18244878, 205
1170, 36, 34, 124, 0, 0, 4.81%, 0, 0, 4, 19821.22, 18351214, 205
1175, 36, 0, 124, 0, 0, 4.81%, 0, 0, 4, 17900.64, 18429062, 205
1180, 37, 0, 124, 0, 0, 4.81%, 0, 0, 4, 19387.78, 18528441, 205
1185, 37, 38, 124, 0, 0, 4.81%, 0, 0, 4, 20289.83, 18630760, 205
1191, 37, 0, 124, 0, 0, 4.81%, 0, 0, 4, 18911.11, 18730423, 205
1196, 37, 37, 124, 0, 0, 4.81%, 0, 0, 4, 17571.71, 18809932, 205
1201, 38, 92, 124, 0, 0, 4.81%, 0, 0, 4, 19710.66, 18912057, 205
1206, 38, 0, 124, 0, 0, 4.81%, 0, 0, 4, 20517.75, 19007124, 205
1211, 38, 0, 124, 0, 0, 4.81%, 0, 0, 4, 17552.69, 19096971, 205
1216, 38, 37, 124, 0, 0, 4.81%, 0, 0, 4, 14029.48, 19171571, 205
1221, 39, 107, 124, 0, 0, 4.81%, 0, 0, 4, 15986.94, 19257024, 205
1226, 39, 28, 124, 0, 0, 4.81%, 0, 0, 4, 17732.68, 19344164, 205
1231, 39, 113, 124, 0, 0, 4.81%, 0, 0, 4, 18383.38, 19443809, 205
1236, 39, 40, 124, 0, 0, 4.81%, 0, 0, 4, 20078.03, 19534830, 205
1241, 39, 0, 124, 0, 0, 4.81%, 0, 0, 4, 17197.23, 19612313, 205
1246, 40, 0, 124, 0, 0, 4.81%, 0, 0, 4, 18790.09, 19707458, 205
1252, 40, 37, 124, 0, 0, 4.81%, 0, 0, 4, 17076.11, 19793886, 205
1257, 40, 44, 124, 0, 0, 4.81%, 0, 0, 4, 18287.36, 19885505, 205
1262, 40, 113, 124, 0, 0, 4.81%, 0, 0, 4, 14394.04, 19956098, 205
1267, 40, 37, 124, 0, 0, 4.81%, 0, 0, 4, 17982.50, 20045003, 205
1272, 41, 107, 124, 0, 0, 4.81%, 0, 0, 4, 15841.43, 20133012, 205
1277, 41, 37, 124, 0, 0, 4.81%, 0, 0, 4, 17574.99, 20214259, 205
1282, 41, 96, 124, 0, 0, 4.81%, 0, 0, 4, 16756.42, 20305976, 205
1287, 41, 34, 124, 0, 0, 4.81%, 0, 0, 4, 18554.65, 20400564, 205
1292, 42, 0, 124, 0, 0, 4.81%, 0, 0, 4, 14649.35, 20463991, 205
1297, 42, 37, 124, 0, 0, 4.81%, 0, 0, 4, 18216.74, 20558606, 205
1302, 42, 0, 124, 0, 0, 4.81%, 0, 0, 4, 18402.97, 20654448, 205
1308, 42, 110, 124, 0, 0, 4.81%, 0, 0, 4, 16458.70, 20737409, 205
1313, 42, 37, 124, 0, 0, 4.81%, 0, 0, 4, 13166.02, 20797276, 205
1318, 42, 107, 124, 0, 0, 4.81%, 0, 0, 4, 13799.26, 20874894, 205
1323, 43, 41, 124, 0, 0, 4.81%, 0, 0, 4, 16397.47, 20949765, 205
1328, 43, 0, 124, 0, 0, 4.81%, 0, 0, 4, 13742.61, 21015222, 205
1333, 43, 103, 124, 0, 0, 4.81%, 0, 0, 4, 15128.25, 21102902, 205
1338, 43, 0, 124, 0, 0, 4.81%, 0, 0, 4, 18477.97, 21189851, 205
1343, 44, 104, 124, 0, 0, 4.81%, 0, 0, 4, 16330.53, 21276802, 205
1348, 44, 0, 124, 0, 0, 4.81%, 0, 0, 4, 19246.95, 21367762, 205
1354, 44, 37, 124, 0, 0, 4.81%, 0, 0, 4, 17535.56, 21444648, 205
1359, 44, 115, 124, 0, 0, 4.81%, 0, 0, 4, 15092.41, 21527952, 205
1364, 44, 36, 124, 0, 0, 4.81%, 0, 0, 4, 17936.59, 21620586, 205
1369, 45, 0, 124, 0, 0, 4.81%, 0, 0, 4, 17427.32, 21711379, 205
1374, 45, 104, 124, 0, 0, 4.81%, 0, 0, 4, 12361.16, 21776009, 205
1379, 45, 0, 124, 0, 0, 4.81%, 0, 0, 4, 19354.37, 21890016, 205
1384, 46, 93, 124, 0, 0, 4.81%, 0, 0, 4, 18934.09, 21984862, 205
1389, 46, 0, 124, 0, 0, 4.81%, 0, 0, 4, 20072.76, 22081708, 205
1395, 46, 0, 124, 0, 0, 4.81%, 0, 0, 4, 18209.11, 22161298, 205
1400, 46, 0, 124, 0, 0, 4.81%, 0, 0, 4, 22251.04, 22276071, 205
1405, 47, 0, 124, 0, 0, 4.81%, 0, 0, 4, 18662.95, 22368818, 205
1410, 47, 50, 124, 0, 0, 4.81%, 0, 0, 4, 16417.56, 22444567, 205
1415, 47, 104, 124, 0, 0, 4.81%, 0, 0, 4, 12989.06, 22515660, 205
1420, 47, 0, 124, 0, 0, 4.81%, 0, 0, 4, 18444.78, 22618004, 205
1425, 48, 0, 124, 0, 0, 4.81%, 0, 0, 4, 20789.93, 22722854, 205
1430, 48, 95, 124, 0, 0, 4.81%, 0, 0, 4, 16709.21, 22801972, 205
1436, 48, 0, 124, 0, 0, 4.81%, 0, 0, 4, 14529.59, 22870045, 205
1441, 48, 75, 124, 0, 0, 4.81%, 0, 0, 4, 14967.81, 22950986, 205
1446, 48, 0, 124, 0, 0, 4.81%, 0, 0, 4, 16108.79, 23031975, 205
1451, 49, 0, 124, 0, 0, 4.81%, 0, 0, 4, 18225.06, 23122683, 205
1456, 49, 0, 124, 0, 0, 4.81%, 0, 0, 4, 18658.18, 23215569, 205
1461, 49, 7, 124, 0, 0, 4.81%, 0, 0, 4, 19226.68, 23316447, 205
1466, 49, 123, 124, 0, 0, 4.81%, 0, 0, 4, 18392.22, 23397846, 205
1471, 50, 0, 124, 0, 0, 4.81%, 0, 0, 4, 19019.69, 23492800, 205
1476, 50, 111, 124, 0, 0, 4.81%, 0, 0, 4, 14173.11, 23561532, 205
1481, 50, 37, 124, 0, 0, 4.81%, 0, 0, 4, 18864.70, 23660169, 205
1486, 50, 0, 124, 0, 0, 4.81%, 0, 0, 4, 16602.78, 23735248, 205
1491, 50, 37, 124, 0, 0, 4.81%, 0, 0, 4, 13971.67, 23809143, 205
1496, 50, 37, 124, 0, 0, 4.81%, 0, 0, 4, 13896.97, 23878544, 205
1501, 51, 37, 125, 0, 0, 4.81%, 0, 0, 4, 15235.39, 23956475, 205
1506, 51, 104, 125, 0, 0, 4.81%, 0, 0, 4, 15935.55, 24044913, 205
1512, 51, 0, 125, 0, 0, 4.81%, 0, 0, 4, 16580.94, 24132200, 205
1517, 51, 101, 126, 1, 0, 4.81%, 0, 0, 4, 15459.31, 24207693, 205
1522, 51, 125, 128, 3, 0, 4.81%, 0, 0, 4, 13679.40, 24284383, 205
1527, 51, 127, 128, 1, 0, 4.81%, 0, 0, 4, 14103.71, 24352590, 205
1532, 52, 125, 128, 0, 0, 4.81%, 0, 0, 4, 16148.92, 24440191, 205
1537, 52, 0, 128, 0, 0, 4.81%, 0, 0, 4, 16574.16, 24515263, 205
1542, 52, 124, 128, 0, 0, 4.81%, 0, 0, 4, 16309.26, 24605558, 205
1547, 52, 90, 128, 0, 0, 4.81%, 0, 0, 4, 17127.02, 24690373, 205
1552, 53, 124, 128, 0, 0, 4.81%, 0, 0, 4, 15982.20, 24773067, 205
1557, 53, 23, 128, 0, 0, 4.81%, 0, 0, 4, 18280.12, 24859836, 205
1562, 53, 92, 128, 0, 0, 4.81%, 0, 0, 4, 13616.30, 24933085, 205
1568, 53, 124, 128, 0, 0, 4.81%, 0, 0, 4, 16767.65, 25014122, 205
1573, 53, 124, 128, 0, 0, 4.81%, 0, 0, 4, 13791.58, 25080624, 205
1578, 53, 0, 128, 0, 0, 4.81%, 0, 0, 4, 18839.57, 25186024, 205
1583, 54, 37, 128, 0, 0, 4.81%, 0, 0, 4, 15519.89, 25266680, 205
1588, 54, 126, 128, 0, 0, 4.81%, 0, 0, 4, 16910.91, 25363608, 205
1593, 54, 120, 128, 0, 0, 4.81%, 0, 0, 4, 16398.88, 25441439, 205
1598, 54, 107, 128, 0, 0, 4.81%, 0, 0, 4, 15101.61, 25522486, 205
1603, 54, 88, 128, 0, 0, 4.81%, 0, 0, 4, 14038.22, 25598306, 205
1608, 55, 0, 128, 0, 0, 4.81%, 0, 0, 4, 17285.97, 25687642, 205
1613, 55, 117, 128, 0, 0, 4.81%, 0, 0, 4, 12340.43, 25748460, 205
1619, 55, 33, 128, 0, 0, 4.81%, 0, 0, 4, 14659.60, 25820361, 205
1624, 55, 0, 128, 0, 0, 4.81%, 0, 0, 4, 18129.83, 25918368, 205
1629, 55, 124, 128, 0, 0, 4.81%, 0, 0, 4, 16516.31, 26000486, 205
1634, 55, 126, 128, 0, 0, 4.81%, 0, 0, 4, 15329.16, 26083424, 205
1639, 56, 0, 128, 0, 0, 4.81%, 0, 0, 4, 16830.84, 26168666, 205
1644, 56, 0, 128, 0, 0, 4.81%, 0, 0, 4, 18227.59, 26262312, 205
1649, 56, 37, 128, 0, 0, 4.81%, 0, 0, 4, 18774.11, 26354947, 205
1654, 56, 0, 128, 0, 0, 4.81%, 0, 0, 4, 17246.87, 26429646, 205
1659, 57, 0, 128, 0, 0, 4.81%, 0, 0, 4, 19423.37, 26528144, 205
1664, 57, 124, 128, 0, 0, 4.81%, 0, 0, 4, 21124.54, 26637154, 205
1669, 57, 94, 128, 0, 0, 4.81%, 0, 0, 4, 17430.93, 26721286, 205
1674, 57, 54, 128, 0, 0, 4.81%, 0, 0, 4, 17825.84, 26804061, 205
1680, 57, 127, 128, 0, 0, 4.81%, 0, 0, 4, 15325.26, 26878815, 205
1685, 58, 126, 128, 0, 0, 4.81%, 0, 0, 4, 14563.18, 26959975, 205
1690, 58, 0, 128, 0, 0, 4.81%, 0, 0, 4, 19074.47, 27059565, 205
1695, 58, 127, 128, 0, 0, 4.81%, 0, 0, 4, 16334.63, 27144694, 205
1700, 58, 0, 128, 0, 0, 4.81%, 0, 0, 4, 18354.84, 27233000, 205
1705, 58, 117, 128, 0, 0, 4.81%, 0, 0, 4, 16002.84, 27318772, 205
1710, 59, 0, 128, 0, 0, 4.81%, 0, 0, 4, 17242.21, 27405212, 205
1715, 59, 34, 128, 0, 0, 4.81%, 0, 0, 4, 18151.20, 27497878, 205
1720, 59, 0, 128, 0, 0, 4.81%, 0, 0, 4, 17992.30, 27579724, 205
1725, 59, 117, 128, 0, 0, 4.81%, 0, 0, 4, 17121.32, 27659988, 205
1731, 59, 0, 128, 0, 0, 4.81%, 0, 0, 4, 13590.17, 27722805, 205
1736, 60, 33, 128, 0, 0, 4.81%, 0, 0, 4, 14282.23, 27789021, 205
1741, 60, 103, 128, 0, 0, 4.81%, 0, 0, 4, 15403.51, 27873857, 205
1746, 60, 125, 128, 0, 0, 4.81%, 0, 0, 4, 15382.45, 27949374, 205
1751, 60, 37, 128, 0, 0, 4.81%, 0, 0, 4, 16618.98, 28029662, 205
1756, 60, 116, 128, 0, 0, 4.81%, 0, 0, 4, 14473.56, 28103252, 205
1761, 60, 37, 128, 0, 0, 4.81%, 0, 0, 4, 13401.71, 28171724, 205
1766, 61, 120, 128, 0, 0, 4.81%, 0, 0, 4, 14354.74, 28249643, 205
1771, 61, 127, 128, 0, 0, 4.81%, 0, 0, 4, 14401.50, 28323570, 205
1776, 61, 106, 128, 0, 0, 4.81%, 0, 0, 4, 14653.33, 28403425, 205
1781, 61, 0, 128, 0, 0, 4.81%, 0, 0, 4, 14911.36, 28490745, 205
1787, 61, 89, 128, 0, 0, 4.81%, 0, 0, 4, 17717.92, 28583506, 205
1792, 62, 117, 128, 0, 0, 4.81%, 0, 0, 4, 12975.84, 28656588, 205
1797, 62, 127, 128, 0, 0, 4.81%, 0, 0, 4, 15510.26, 28735978, 205
1802, 62, 0, 128, 0, 0, 4.81%, 0, 0, 4, 16207.79, 28818592, 205
1807, 62, 0, 128, 0, 0, 4.81%, 0, 0, 4, 18294.15, 28906643, 205
1812, 62, 4, 128, 0, 0, 4.81%, 0, 0, 4, 14473.17, 28973534, 205
1817, 63, 127, 128, 0, 0, 4.81%, 0, 0, 4, 14894.31, 29057332, 205
1822, 63, 0, 128, 0, 0, 4.81%, 0, 0, 4, 16279.74, 29142202, 205
1827, 63, 0, 128, 0, 0, 4.81%, 0, 0, 4, 16237.22, 29211997, 205
1832, 63, 112, 128, 0, 0, 4.81%, 0, 0, 4, 17179.53, 29308752, 205
1837, 63, 113, 128, 0, 0, 4.81%, 0, 0, 4, 15598.96, 29383686, 205
1843, 63, 0, 128, 0, 0, 4.81%, 0, 0, 4, 12414.33, 29438894, 205
1848, 64, 0, 128, 0, 0, 4.81%, 0, 0, 4, 19224.63, 29546029, 205
1853, 64, 0, 128, 0, 0, 4.81%, 0, 0, 4, 15930.21, 29623434, 205
1858, 64, 0, 128, 0, 0, 4.81%, 0, 0, 4, 13059.23, 29688729, 205
1863, 64, 0, 128, 0, 0, 4.81%, 0, 0, 4, 16773.75, 29776382, 205
1868, 64, 0, 128, 0, 0, 4.81%, 0, 0, 4, 18271.78, 29870013, 205
1873, 64, 125, 128, 0, 0, 4.81%, 0, 0, 4, 14212.81, 29941342, 205
1878, 65, 105, 128, 0, 0, 4.81%, 0, 0, 4, 12641.83, 30005526, 205
1883, 65, 107, 128, 0, 0, 4.81%, 0, 0, 4, 13454.27, 30079446, 205
1888, 65, 123, 128, 0, 0, 4.81%, 0, 0, 4, 17224.74, 30169768, 205
1894, 65, 0, 128, 0, 0, 4.81%, 0, 0, 4, 17297.03, 30250750, 205
1899, 65, 127, 128, 0, 0, 4.81%, 0, 0, 4, 14611.75, 30315674, 205
1904, 65, 109, 128, 0, 0, 4.81%, 0, 0, 4, 16529.63, 30399146, 205
1909, 66, 0, 128, 0, 0, 4.81%, 0, 0, 4, 17161.30, 30488725, 205
1914, 66, 113, 128, 0, 0, 4.81%, 0, 0, 4, 12634.57, 30544516, 205
1919, 66, 112, 128, 0, 0, 4.81%, 0, 0, 4, 16618.25, 30639885, 205
1924, 66, 40, 128, 0, 0, 4.81%, 0, 0, 4, 14106.93, 30702397, 205
1929, 66, 117, 128, 0, 0, 4.81%, 0, 0, 4, 15697.42, 30794984, 205
1935, 66, 0, 128, 0, 0, 4.81%, 0, 0, 4, 15919.82, 30861901, 205
1940, 67, 52, 128, 0, 0, 4.81%, 0, 0, 4, 19754.33, 30962827, 205
1945, 67, 107, 128, 0, 0, 4.81%, 0, 0, 4, 14421.30, 31032490, 205
1950, 67, 0, 128, 0, 0, 4.81%, 0, 0, 4, 17593.51, 31123628, 205
1955, 67, 89, 128, 0, 0, 4.81%, 0, 0, 4, 14987.14, 31193498, 205
1960, 67, 101, 128, 0, 0, 4.81%, 0, 0, 4, 16996.43, 31277544, 205
1965, 68, 127, 128, 0, 0, 4.81%, 0, 0, 4, 14975.10, 31351152, 205
1970, 68, 104, 128, 0, 0, 4.81%, 0, 0, 4, 14528.86, 31437042, 205
1975, 68, 0, 128, 0, 0, 4.81%, 0, 0, 4, 17903.52, 31523009, 205
1980, 68, 127, 128, 0, 0, 4.81%, 0, 0, 4, 17158.35, 31608266, 205
1985, 68, 0, 128, 0, 0, 4.81%, 0, 0, 4, 17631.82, 31682606, 205
1991, 69, 0, 128, 0, 0, 4.81%, 0, 0, 4, 18931.26, 31781232, 205
1996, 69, 119, 128, 0, 0, 4.81%, 0, 0, 4, 14614.42, 31847396, 205
2001, 69, 32, 128, 0, 0, 4.81%, 0, 0, 4, 16302.11, 31930637, 205
2006, 69, 0, 128, 0, 0, 4.81%, 0, 0, 4, 19862.97, 32023932, 205
2011, 69, 92, 128, 0, 0, 4.81%, 0, 0, 4, 17493.93, 32111154, 205
2016, 70, 0, 128, 0, 0, 4.81%, 0, 0, 4, 17261.33, 32188024, 205
2021, 70, 91, 128, 0, 0, 4.81%, 0, 0, 4, 15200.37, 32266470, 205
2026, 70, 96, 128, 0, 0, 4.81%, 0, 0, 4, 16195.00, 32349245, 205
2031, 70, 0, 128, 0, 0, 4.81%, 0, 0, 4, 15313.33, 32427920, 205
2036, 70, 0, 128, 0, 0, 4.81%, 0, 0, 4, 19167.16, 32528116, 205
2042, 71, 37, 128, 0, 0, 4.81%, 0, 0, 4, 16366.28, 32610362, 205
2047, 71, 0, 128, 0, 0, 4.81%, 0, 0, 4, 22183.15, 32727530, 205
2052, 71, 101, 128, 0, 0, 4.81%, 0, 0, 4, 16980.19, 32812744, 205
2057, 71, 84, 128, 0, 0, 4.81%, 0, 0, 4, 15693.66, 32885206, 205
2062, 71, 121, 128, 0, 0, 4.81%, 0, 0, 4, 14578.52, 32962796, 205
2067, 72, 35, 128, 0, 0, 4.81%, 0, 0, 4, 19934.63, 33063829, 205
2072, 72, 0, 128, 0, 0, 4.81%, 0, 0, 4, 14874.78, 33133797, 205
2077, 72, 92, 128, 0, 0, 4.81%, 0, 0, 4, 15300.39, 33214676, 205
2082, 72, 0, 128, 0, 0, 4.81%, 0, 0, 4, 15912.89, 33294648, 205
2088, 72, 124, 128, 0, 0, 4.81%, 0, 0, 4, 15082.23, 33365369, 205
2093, 73, 0, 128, 0, 0, 4.81%, 0, 0, 4, 13977.85, 33433853, 205
2098, 73, 112, 128, 0, 0, 4.81%, 0, 0, 4, 12684.03, 33502699, 205
2103, 73, 40, 128, 0, 0, 4.81%, 0, 0, 4, 13122.59, 33562787, 205
2108, 73, 32, 128, 0, 0, 4.81%, 0, 0, 4, 19223.39, 33665727, 205
2113, 73, 95, 128, 0, 0, 4.81%, 0, 0, 4, 16873.98, 33752205, 205
2118, 74, 0, 128, 0, 0, 4.81%, 0, 0, 4, 20144.71, 33854118, 205
2123, 74, 96, 128, 0, 0, 4.81%, 0, 0, 4, 14604.41, 33924743, 205
2128, 74, 0, 128, 0, 0, 4.81%, 0, 0, 4, 16365.86, 34013283, 205
2133, 74, 107, 128, 0, 0, 4.81%, 0, 0, 4, 16732.33, 34102556, 205
2138, 74, 107, 128, 0, 0, 4.81%, 0, 0, 4, 12386.86, 34162023, 205
2143, 75, 21, 128, 0, 0, 4.81%, 0, 0, 4, 14238.19, 34237699, 205
2148, 75, 0, 128, 0, 0, 4.81%, 0, 0, 4, 18096.47, 34328106, 205
2154, 75, 0, 128, 0, 0, 4.81%, 0, 0, 4, 16182.99, 34397045, 205
2159, 75, 24, 128, 0, 0, 4.81%, 0, 0, 4, 20305.31, 34506558, 205
2164, 75, 91, 128, 0, 0, 4.81%, 0, 0, 4, 16720.90, 34580532, 205
2169, 76, 0, 128, 0, 0, 4.81%, 0, 0, 4, 15998.86, 34656774, 205
2174, 76, 125, 128, 0, 0, 4.81%, 0, 0, 4, 16909.01, 34754379, 205
2179, 76, 77, 128, 0, 0, 4.81%, 0, 0, 4, 19431.73, 34855272, 205
2184, 76, 38, 128, 0, 0, 4.81%, 0, 0, 4, 17773.80, 34940507, 205
2189, 77, 37, 128, 0, 0, 4.81%, 0, 0, 4, 19197.45, 35040100, 205
2195, 77, 126, 128, 0, 0, 4.81%, 0, 0, 4, 15675.57, 35121462, 205
2200, 77, 117, 128, 0, 0, 4.81%, 0, 0, 4, 13318.43, 35189938, 205
2205, 77, 0, 128, 0, 0, 4.81%, 0, 0, 4, 13812.56, 35250070, 205
2210, 77, 45, 128, 0, 0, 4.81%, 0, 0, 4, 17662.06, 35346163, 205
2215, 77, 127, 128, 0, 0, 4.81%, 0, 0, 4, 15014.87, 35421624, 205
2220, 78, 0, 128, 0, 0, 4.81%, 0, 0, 4, 14810.97, 35489394, 205
2225, 78, 37, 128, 0, 0, 4.81%, 0, 0, 4, 16549.88, 35574234, 205
2230, 78, 0, 128, 0, 0, 4.81%, 0, 0, 4, 18344.06, 35662148, 205
2235, 78, 85, 128, 0, 0, 4.81%, 0, 0, 4, 16010.39, 35740036, 205
2240, 78, 105, 128, 0, 0, 4.81%, 0, 0, 4, 15487.14, 35819587, 205
2246, 78, 37, 128, 0, 0, 4.81%, 0, 0, 4, 16108.42, 35892358, 205
2251, 79, 34, 128, 0, 0, 4.81%, 0, 0, 4, 19599.38, 36000628, 205
2256, 79, 39, 128, 0, 0, 4.81%, 0, 0, 4, 16575.61, 36084640, 205
2261, 79, 0, 128, 0, 0, 4.81%, 0, 0, 4, 16680.17, 36161942, 205
2266, 79, 127, 128, 0, 0, 4.81%, 0, 0, 4, 17212.20, 36249069, 205
2271, 80, 37, 128, 0, 0, 4.81%, 0, 0, 4, 16926.99, 36329550, 205
2276, 80, 0, 128, 0, 0, 4.81%, 0, 0, 4, 20212.39, 36431740, 205
2281, 80, 127, 128, 0, 0, 4.81%, 0, 0, 4, 16308.23, 36520813, 205
2286, 80, 0, 128, 0, 0, 4.81%, 0, 0, 4, 19071.95, 36610309, 205
2291, 80, 123, 128, 0, 0, 4.81%, 0, 0, 4, 15426.74, 36683298, 205
2296, 80, 90, 128, 0, 0, 4.81%, 0, 0, 4, 13999.13, 36747622, 205
2302, 81, 125, 128, 0, 0, 4.81%, 0, 0, 4, 14217.74, 36831813, 205
2307, 81, 125, 128, 0, 0, 4.81%, 0, 0, 4, 15360.89, 36917008, 205
2312, 81, 126, 128, 0, 0, 4.81%, 0, 0, 4, 15129.44, 36998028, 205
2317, 81, 0, 128, 0, 0, 4.81%, 0, 0, 4, 16621.40, 37084314, 205
2322, 82, 37, 128, 0, 0, 4.81%, 0, 0, 4, 17275.69, 37174322, 205
2327, 82, 125, 128, 0, 0, 4.81%, 0, 0, 4, 15286.12, 37244094, 205
2332, 82, 0, 128, 0, 0, 4.81%, 0, 0, 4, 13902.67, 37315667, 205
2337, 82, 91, 128, 0, 0, 4.81%, 0, 0, 4, 14159.33, 37394836, 205
2342, 82, 40, 128, 0, 0, 4.81%, 0, 0, 4, 14895.18, 37478239, 205
2347, 82, 125, 128, 0, 0, 4.81%, 0, 0, 4, 14541.76, 37550566, 205
2352, 83, 106, 128, 0, 0, 4.81%, 0, 0, 4, 13192.96, 37624002, 205
2358, 83, 95, 128, 0, 0, 4.81%, 0, 0, 4, 14222.33, 37695480, 205
2363, 83, 0, 128, 0, 0, 4.81%, 0, 0, 4, 17094.27, 37784378, 205
2368, 83, 32, 128, 0, 0, 4.81%, 0, 0, 4, 17065.28, 37871492, 205
2373, 83, 126, 128, 0, 0, 4.81%, 0, 0, 4, 14202.30, 37945750, 205
2378, 84, 0, 128, 0, 0, 4.81%, 0, 0, 4, 19071.42, 38046922, 205
2383, 84, 126, 128, 0, 0, 4.81%, 0, 0, 4, 13406.98, 38113433, 205
2388, 84, 0, 128, 0, 0, 4.81%, 0, 0, 4, 15350.82, 38190584, 205
2393, 84, 0, 128, 0, 0, 4.81%, 0, 0, 4, 14906.42, 38256149, 205
2398, 84, 0, 128, 0, 0, 4.81%, 0, 0, 4, 15402.17, 38333418, 205
2403, 84, 112, 128, 0, 0, 4.81%, 0, 0, 4, 14506.83, 38409901, 205
2408, 84, 124, 128, 0, 0, 4.81%, 0, 0, 4, 14729.40, 38474918, 205
2413, 85, 37, 128, 0, 0, 4.81%, 0, 0, 4, 16088.67, 38556806, 205
2419, 85, 0, 128, 0, 0, 4.81%, 0, 0, 4, 15683.74, 38631223, 205
2424, 85, 0, 128, 0, 0, 4.81%, 0, 0, 4, 16403.35, 38710318, 205
2429, 85, 37, 128, 0, 0, 4.81%, 0, 0, 4, 16726.75, 38792482, 205
2434, 85, 125, 128, 0, 0, 4.81%, 0, 0, 4, 15551.24, 38873406, 205
2439, 86, 36, 128, 0, 0, 4.81%, 0, 0, 4, 17791.48, 38963727, 205
2444, 86, 119, 128, 0, 0, 4.81%, 0, 0, 4, 16074.75, 39045454, 205
2449, 86, 37, 128, 0, 0, 4.81%, 0, 0, 4, 17070.59, 39126438, 205
2454, 86, 0, 128, 0, 0, 4.81%, 0, 0, 4, 13370.16, 39186972, 205
2459, 86, 125, 128, 0, 0, 4.81%, 0, 0, 4, 15252.07, 39264380, 205
2465, 86, 115, 128, 0, 0, 4.81%, 0, 0, 4, 14056.04, 39344484, 205
2470, 87, 37, 128, 0, 0, 4.81%, 0, 0, 4, 13959.07, 39413338, 205
2475, 87, 37, 128, 0, 0, 4.81%, 0, 0, 4, 14314.09, 39483558, 205
2480, 87, 0, 128, 0, 0, 4.81%, 0, 0, 4, 15083.98, 39563189, 205
2485, 87, 37, 128, 0, 0, 4.81%, 0, 0, 4, 18345.51, 39657143, 205
2490, 87, 113, 128, 0, 0, 4.81%, 0, 0, 4, 17182.63, 39743684, 205
2495, 88, 37, 128, 0, 0, 4.81%, 0, 0, 4, 16839.45, 39817097, 205
2500, 88, 24, 128, 0, 0, 4.81%, 0, 0, 4, 21110.91, 39919873, 205
2505, 88, 127, 128, 0, 0, 4.81%, 0, 0, 4, 13184.38, 39970273, 205
2510, 88, 0, 128, 0, 0, 4.81%, 0, 0, 4, 17513.95, 40059920, 205
2515, 88, 0, 128, 0, 0, 4.81%, 0, 0, 4, 15887.35, 40135974, 205
2520, 89, 0, 128, 0, 0, 4.81%, 0, 0, 4, 18029.19, 40231314, 205
2525, 89, 94, 128, 0, 0, 4.81%, 0, 0, 4, 20119.46, 40278076, 205
2530, 89, 125, 128, 0, 0, 4.81%, 0, 0, 4, 17626.89, 40330832, 205
2536, 89, 32, 128, 0, 0, 4.81%, 0, 0, 4, 17123.49, 40412116, 205
2541, 89, 104, 128, 0, 0, 4.81%, 0, 0, 4, 12097.41, 40470986, 205
2546, 89, 0, 128, 0, 0, 4.81%, 0, 0, 4, 12770.04, 40532397, 205
2551, 89, 107, 128, 0, 0, 4.81%, 0, 0, 4, 11859.31, 40604686, 205
2556, 90, 119, 128, 0, 0, 4.81%, 0, 0, 4, 15309.49, 40685007, 205
2561, 90, 0, 128, 0, 0, 4.81%, 0, 0, 4, 17407.17, 40773534, 205
2566, 90, 94, 128, 0, 0, 4.81%, 0, 0, 4, 15293.16, 40851520, 205
2571, 90, 0, 128, 0, 0, 4.81%, 0, 0, 4, 12248.70, 40910468, 205
2576, 90, 0, 128, 0, 0, 4.81%, 0, 0, 4, 14212.07, 40975407, 205
2581, 90, 127, 128, 0, 0, 4.81%, 0, 0, 4, 13264.67, 41050824, 205
2586, 90, 0, 128, 0, 0, 4.81%, 0, 0, 4, 12618.28, 41106186, 205
2592, 91, 113, 128, 0, 0, 4.81%, 0, 0, 4, 13515.19, 41179805, 205
2597, 91, 101, 128, 0, 0, 4.81%, 0, 0, 4, 14971.78, 41255656, 205
2602, 91, 96, 128, 0, 0, 4.81%, 0, 0, 4, 16721.26, 41338332, 205
2607, 91, 0, 128, 0, 0, 4.81%, 0, 0, 4, 16591.52, 41415376, 205
2612, 91, 37, 128, 0, 0, 4.81%, 0, 0, 4, 17656.89, 41507384, 205
2617, 92, 123, 128, 0, 0, 4.81%, 0, 0, 4, 13404.22, 41569559, 205
2622, 92, 0, 128, 0, 0, 4.81%, 0, 0, 4, 12669.44, 41635082, 205
2627, 92, 0, 128, 0, 0, 4.81%, 0, 0, 4, 16385.51, 41723049, 205
2632, 92, 0, 128, 0, 0, 4.81%, 0, 0, 4, 14772.39, 41799212, 205
2637, 92, 106, 128, 0, 0, 4.81%, 0, 0, 4, 15037.46, 41881482, 205
2642, 93, 44, 128, 0, 0, 4.81%, 0, 0, 4, 14264.81, 41947783, 205
2647, 93, 7, 128, 0, 0, 4.81%, 0, 0, 4, 16754.91, 42034930, 205
2653, 93, 37, 128, 0, 0, 4.81%, 0, 0, 4, 11555.96, 42089484, 205
2658, 93, 124, 128, 0, 0, 4.81%, 0, 0, 4, 15019.60, 42162286, 205
2663, 93, 106, 128, 0, 0, 4.81%, 0, 0, 4, 10905.72, 42215126, 205
2668, 93, 2, 128, 0, 0, 4.81%, 0, 0, 4, 16192.72, 42301854, 205
2673, 94, 0, 128, 0, 0, 4.81%, 0, 0, 4, 16389.41, 42385562, 205
2678, 94, 120, 128, 0, 0, 4.81%, 0, 0, 4, 16144.42, 42460604, 205
2683, 94, 94, 128, 0, 0, 4.81%, 0, 0, 4, 16880.24, 42542677, 205
2688, 94, 6, 128, 0, 0, 4.81%, 0, 0, 4, 13946.00, 42608205, 205
2693, 94, 95, 128, 0, 0, 4.81%, 0, 0, 4, 12830.86, 42676876, 205
2698, 94, 126, 128, 0, 0, 4.81%, 0, 0, 4, 13411.17, 42752919, 205
2704, 95, 125, 128, 0, 0, 4.81%, 0, 0, 4, 12768.99, 42818177, 205
2709, 95, 124, 128, 0, 0, 4.81%, 0, 0, 4, 15036.72, 42900203, 205
2714, 95, 0, 128, 0, 0, 4.81%, 0, 0, 4, 12382.68, 42956150, 205
2719, 95, 105, 128, 0, 0, 4.81%, 0, 0, 4, 12276.25, 43027694, 205
2724, 95, 0, 128, 0, 0, 4.81%, 0, 0, 4, 13660.45, 43086660, 205
2729, 95, 127, 128, 0, 0, 4.81%, 0, 0, 4, 12148.75, 43147358, 205
2734, 96, 0, 128, 0, 0, 4.81%, 0, 0, 4, 13340.12, 43218850, 205
2739, 96, 61, 128, 0, 0, 4.81%, 0, 0, 4, 13258.24, 43284157, 205
2744, 96, 0, 128, 0, 0, 4.81%, 0, 0, 4, 12415.43, 43347542, 205
2749, 96, 127, 128, 0, 0, 4.81%, 0, 0, 4, 15094.58, 43428448, 205
2754, 96, 0, 128, 0, 0, 4.81%, 0, 0, 4, 13271.74, 43484438, 205
2759, 96, 0, 128, 0, 0, 4.81%, 0, 0, 4, 17462.29, 43573832, 205
2764, 97, 0, 128, 0, 0, 4.81%, 0, 0, 4, 13447.06, 43633202, 205
2769, 97, 86, 128, 0, 0, 4.81%, 0, 0, 4, 11419.45, 43690185, 205
2775, 97, 125, 128, 0, 0, 4.81%, 0, 0, 4, 14216.57, 43769624, 205
2780, 97, 31, 128, 0, 0, 4.81%, 0, 0, 4, 16156.11, 43850739, 205
2785, 97, 34, 128, 0, 0, 4.81%, 0, 0, 4, 12524.14, 43913323, 205
2790, 97, 107, 128, 0, 0, 4.81%, 0, 0, 4, 14091.72, 43989370, 205
2795, 97, 44, 128, 0, 0, 4.81%, 0, 0, 4, 13638.73, 44050246, 205
2800, 98, 0, 128, 0, 0, 4.81%, 0, 0, 4, 13184.49, 44113711, 205
2805, 98, 0, 128, 0, 0, 4.81%, 0, 0, 4, 18413.35, 44202666, 205
2810, 98, 44, 128, 0, 0, 4.81%, 0, 0, 4, 14245.89, 44277510, 205
2815, 98, 0, 128, 0, 0, 4.81%, 0, 0, 4, 17049.42, 44357958, 205
2820, 98, 110, 128, 0, 0, 4.81%, 0, 0, 4, 18007.58, 44447630, 205
2826, 99, 37, 128, 0, 0, 4.81%, 0, 0, 4, 17760.04, 44533367, 205
2831, 99, 107, 128, 0, 0, 4.81%, 0, 0, 4, 14003.47, 44611525, 205
2836, 99, 97, 128, 0, 0, 4.81%, 0, 0, 4, 15666.35, 44693686, 205
2841, 99, 0, 128, 0, 0, 4.81%, 0, 0, 4, 16331.10, 44785951, 205
2846, 99, 0, 128, 0, 0, 4.81%, 0, 0, 4, 17395.94, 44874166, 205
2851, 100, 119, 128, 0, 0, 4.81%, 0, 0, 4, 14042.19, 44948654, 205
2856, 100, 108, 128, 0, 0, 4.81%, 0, 0, 4, 18599.59, 45043886, 205
2862, 100, 95, 128, 0, 0, 4.81%, 0, 0, 4, 16278.91, 45124722, 205
2867, 100, 105, 128, 0, 0, 4.81%, 0, 0, 4, 13737.21, 45190689, 205
2872, 100, 90, 128, 0, 0, 4.81%, 0, 0, 4, 13499.48, 45259644, 205
2877, 101, 0, 128, 0, 0, 4.81%, 0, 0, 4, 16736.97, 45337490, 205
2882, 101, 0, 128, 0, 0, 4.81%, 0, 0, 4, 18279.21, 45430214, 205
2887, 101, 115, 128, 0, 0, 4.81%, 0, 0, 4, 12990.34, 45488918, 205
2892, 101, 0, 128, 0, 0, 4.81%, 0, 0, 4, 14928.90, 45559542, 205
2897, 101, 0, 128, 0, 0, 4.81%, 0, 0, 4, 17518.92, 45645012, 205
2902, 101, 126, 128, 0, 0, 4.81%, 0, 0, 4, 13233.04, 45712488, 205
2908, 102, 0, 128, 0, 0, 4.81%, 0, 0, 4, 20269.11, 45822935, 205
2913, 102, 0, 128, 0, 0, 4.81%, 0, 0, 4, 15702.86, 45900096, 205
2918, 102, 0, 128, 0, 0, 4.81%, 0, 0, 4, 16960.52, 45983449, 205
2923, 102, 0, 128, 0, 0, 4.81%, 0, 0, 4, 15549.09, 46057814, 205
2928, 102, 108, 128, 0, 0, 4.81%, 0, 0, 4, 15053.34, 46140294, 205
2933, 103, 35, 128, 0, 0, 4.81%, 0, 0, 4, 14072.17, 46212764, 205
2938, 103, 103, 128, 0, 0, 4.81%, 0, 0, 4, 16337.37, 46296031, 205
2943, 103, 0, 128, 0, 0, 4.81%, 0, 0, 4, 16481.99, 46374947, 205
2948, 103, 37, 128, 0, 0, 4.81%, 0, 0, 4, 19157.92, 46470168, 205
2953, 104, 0, 128, 0, 0, 4.81%, 0, 0, 4, 17790.31, 46558038, 205
2958, 104, 117, 128, 0, 0, 4.81%, 0, 0, 4, 14931.85, 46633000, 205
2964, 104, 0, 128, 0, 0, 4.81%, 0, 0, 4, 15235.62, 46699504, 205
2969, 104, 76, 128, 0, 0, 4.81%, 0, 0, 4, 19625.95, 46806303, 205
2974, 104, 0, 128, 0, 0, 4.81%, 0, 0, 4, 17559.51, 46885864, 205
2979, 105, 127, 128, 0, 0, 4.81%, 0, 0, 4, 16044.85, 46971561, 205
2984, 105, 0, 128, 0, 0, 4.81%, 0, 0, 4, 15950.55, 47043549, 205
2989, 105, 37, 128, 0, 0, 4.81%, 0, 0, 4, 19506.90, 47148031, 205
2994, 105, 36, 128, 0, 0, 4.81%, 0, 0, 4, 14874.55, 47221237, 205
2999, 105, 127, 128, 0, 0, 4.81%, 0, 0, 4, 16277.08, 47308775, 205
3005, 106, 89, 128, 0, 0, 4.81%, 0, 0, 4, 16598.59, 47390687, 205
3010, 106, 28, 128, 0, 0, 4.81%, 0, 0, 4, 17818.46, 47478114, 205
3015, 106, 126, 128, 0, 0, 4.81%, 0, 0, 4, 14388.55, 47550129, 205
3020, 106, 125, 128, 0, 0, 4.81%, 0, 0, 4, 14178.90, 47620624, 205
3025, 106, 0, 128, 0, 0, 4.81%, 0, 0, 4, 17661.09, 47708814, 205
3030, 106, 107, 128, 0, 0, 4.81%, 0, 0, 4, 11518.69, 47764028, 205
3035, 107, 0, 128, 0, 0, 4.81%, 0, 0, 4, 14632.10, 47832558, 205
3040, 107, 40, 128, 0, 0, 4.81%, 0, 0, 4, 16465.69, 47908203, 205
3045, 107, 126, 128, 0, 0, 4.81%, 0, 0, 4, 12717.32, 47964904, 205
3050, 107, 19, 128, 0, 0, 4.81%, 0, 0, 4, 14632.32, 48046111, 205
3055, 107, 0, 128, 0, 0, 4.81%, 0, 0, 4, 13126.41, 48109684, 205
3061, 107, 0, 128, 0, 0, 4.81%, 0, 0, 4, 16161.47, 48196034, 205
3066, 108, 114, 128, 0, 0, 4.81%, 0, 0, 4, 11716.39, 48252918, 205
3071, 108, 126, 128, 0, 0, 4.81%, 0, 0, 4, 13225.02, 48321244, 205
3076, 108, 0, 128, 0, 0, 4.81%, 0, 0, 4, 12856.73, 48384100, 205
3081, 108, 97, 128, 0, 0, 4.81%, 0, 0, 4, 14138.67, 48451056, 205
3086, 108, 0, 128, 0, 0, 4.81%, 0, 0, 4, 16624.45, 48536483, 205
3091, 108, 120, 128, 0, 0, 4.81%, 0, 0, 4, 12135.74, 48598824, 205
3096, 109, 0, 128, 0, 0, 4.81%, 0, 0, 4, 16797.91, 48684932, 205
3101, 109, 0, 128, 0, 0, 4.81%, 0, 0, 4, 13338.38, 48752580, 205
3106, 109, 0, 128, 0, 0, 4.81%, 0, 0, 4, 15147.61, 48826045, 205
3111, 109, 0, 128, 0, 0, 4.81%, 0, 0, 4, 12859.21, 48887326, 205
3116, 109, 96, 128, 0, 0, 4.81%, 0, 0, 4, 16205.79, 48974981, 205
3122, 109, 103, 128, 0, 0, 4.81%, 0, 0, 4, 11310.16, 49030230, 205
3127, 110, 37, 128, 0, 0, 4.81%, 0, 0, 4, 12680.84, 49093161, 205
3132, 110, 0, 128, 0, 0, 4.81%, 0, 0, 4, 13885.71, 49164776, 205
3137, 110, 0, 128, 0, 0, 4.81%, 0, 0, 4, 15575.54, 49232427, 205
3142, 110, 32, 128, 0, 0, 4.81%, 0, 0, 4, 14860.83, 49309870, 205
3147, 110, 0, 128, 0, 0, 4.81%, 0, 0, 4, 18066.24, 49403315, 205
3152, 110, 118, 128, 0, 0, 4.81%, 0, 0, 4, 16567.57, 49490332, 205
3157, 111, 126, 128, 0, 0, 4.81%, 0, 0, 4, 13738.10, 49561200, 205
3162, 111, 117, 128, 0, 0, 4.81%, 0, 0, 4, 11353.47, 49623926, 205
3167, 111, 125, 128, 0, 0, 4.81%, 0, 0, 4, 11560.91, 49685648, 205
3172, 111, 75, 128, 0, 0, 4.81%, 0, 0, 4, 10933.04, 49742844, 205
3178, 111, 126, 128, 0, 0, 4.81%, 0, 0, 4, 12937.10, 49814364, 205
3183, 111, 115, 128, 0, 0, 4.81%, 0, 0, 4, 10023.78, 49864650, 205
3188, 111, 45, 128, 0, 0, 4.81%, 0, 0, 4, 9978.68, 49912355, 205
3193, 112, 34, 128, 0, 0, 4.81%, 0, 0, 4, 14311.37, 50001626, 205
3198, 112, 0, 128, 0, 0, 4.81%, 0, 0, 4, 17263.50, 50091429, 205
3203, 112, 127, 128, 0, 0, 4.81%, 0, 0, 4, 13620.40, 50162634, 205
3208, 112, 125, 128, 0, 0, 4.81%, 0, 0, 4, 14505.39, 50242212, 205
3213, 112, 37, 128, 0, 0, 4.81%, 0, 0, 4, 15181.83, 50326504, 205
3218, 113, 127, 128, 0, 0, 4.81%, 0, 0, 4, 14446.68, 50403660, 205
3223, 113, 51, 128, 0, 0, 4.81%, 0, 0, 4, 16495.82, 50487165, 205
3228, 113, 124, 128, 0, 0, 4.81%, 0, 0, 4, 12713.18, 50546738, 205
3234, 113, 0, 128, 0, 0, 4.81%, 0, 0, 4, 11845.32, 50602286, 205
3239, 113, 30, 128, 0, 0, 4.81%, 0, 0, 4, 16063.31, 50685628, 205
3244, 113, 95, 128, 0, 0, 4.81%, 0, 0, 4, 15077.88, 50765390, 205
3249, 114, 0, 128, 0, 0, 4.81%, 0, 0, 4, 16420.98, 50842716, 205
3254, 114, 0, 128, 0, 0, 4.81%, 0, 0, 4, 13307.10, 50906077, 205
3259, 114, 124, 128, 0, 0, 4.81%, 0, 0, 4, 14562.17, 50982894, 205
3264, 114, 126, 128, 0, 0, 4.81%, 0, 0, 4, 16442.49, 51061068, 205
3269, 114, 0, 128, 0, 0, 4.81%, 0, 0, 4, 16959.92, 51143098, 205
3274, 114, 115, 128, 0, 0, 4.81%, 0, 0, 4, 14892.35, 51216454, 205
3279, 115, 124, 128, 0, 0, 4.81%, 0, 0, 4, 18026.71, 51312474, 205
3284, 115, 0, 128, 0, 0, 4.81%, 0, 0, 4, 18878.25, 51398814, 205
3290, 115, 0, 128, 0, 0, 4.81%, 0, 0, 4, 14608.54, 51472861, 205
3295, 115, 107, 128, 0, 0, 4.81%, 0, 0, 4, 12003.41, 51535695, 205
3300, 115, 37, 128, 0, 0, 4.81%, 0, 0, 4, 19149.10, 51641078, 205
3305, 116, 33, 128, 0, 0, 4.81%, 0, 0, 4, 18197.04, 51730868, 205
3310, 116, 44, 128, 0, 0, 4.81%, 0, 0, 4, 18909.43, 51824123, 205
3315, 116, 125, 128, 0, 0, 4.81%, 0, 0, 4, 13970.37, 51887684, 205
3320, 116, 0, 128, 0, 0, 4.81%, 0, 0, 4, 13036.08, 51959544, 205
3325, 116, 0, 128, 0, 0, 4.81%, 0, 0, 4, 15160.30, 52033654, 205
3330, 116, 37, 128, 0, 0, 4.81%, 0, 0, 4, 11430.65, 52089118, 205
3335, 117, 0, 128, 0, 0, 4.81%, 0, 0, 4, 14728.87, 52164854, 205
3340, 117, 127, 128, 0, 0, 4.81%, 0, 0, 4, 14780.10, 52244840, 205
3346, 117, 0, 128, 0, 0, 4.81%, 0, 0, 4, 13710.97, 52315624, 205
3351, 117, 116, 128, 0, 0, 4.81%, 0, 0, 4, 16864.34, 52409522, 205
3356, 117, 89, 128, 0, 0, 4.81%, 0, 0, 4, 12129.21, 52463564, 205
3361, 117, 104, 128, 0, 0, 4.81%, 0, 0, 4, 12457.58, 52536756, 205
3366, 117, 126, 128, 0, 0, 4.81%, 0, 0, 4, 15480.35, 52614469, 205
3371, 118, 126, 128, 0, 0, 4.81%, 0, 0, 4, 13704.45, 52685198, 205
3376, 118, 112, 128, 0, 0, 4.81%, 0, 0, 4, 13469.48, 52755700, 205
3381, 118, 0, 128, 0, 0, 4.81%, 0, 0, 4, 15344.88, 52832190, 205
3386, 118, 37, 128, 0, 0, 4.81%, 0, 0, 4, 14416.04, 52911783, 205
3391, 118, 0, 128, 0, 0, 4.81%, 0, 0, 4, 16664.19, 52997324, 205
3396, 118, 127, 128, 0, 0, 4.81%, 0, 0, 4, 11502.54, 53048976, 205
3401, 119, 0, 128, 0, 0, 4.81%, 0, 0, 4, 13445.43, 53128977, 205
3407, 119, 0, 128, 0, 0, 4.81%, 0, 0, 4, 17473.54, 53210499, 205
3412, 119, 0, 128, 0, 0, 4.81%, 0, 0, 4, 11091.60, 53264539, 205
3417, 119, 0, 128, 0, 0, 4.81%, 0, 0, 4, 14576.78, 53338886, 205
3422, 119, 0, 128, 0, 0, 4.81%, 0, 0, 4, 11982.19, 53394610, 205
3427, 119, 0, 128, 0, 0, 4.81%, 0, 0, 4, 12331.51, 53457724, 205
3432, 120, 126, 128, 0, 0, 4.81%, 0, 0, 4, 12960.07, 53529648, 205
3437, 120, 127, 128, 0, 0, 4.81%, 0, 0, 4, 11287.14, 53587034, 205
3443, 120, 24, 128, 0, 0, 4.81%, 0, 0, 4, 9433.43, 53635945, 205
3448, 120, 0, 128, 0, 0, 4.81%, 0, 0, 4, 13990.70, 53716796, 205
3453, 120, 0, 128, 0, 0, 4.81%, 0, 0, 4, 13743.95, 53784792, 205
3458, 120, 120, 128, 0, 0, 4.81%, 0, 0, 4, 13344.26, 53855394, 205
3463, 120, 38, 128, 0, 0, 4.81%, 0, 0, 4, 12499.29, 53918807, 205
3468, 121, 0, 128, 0, 0, 4.81%, 0, 0, 4, 14999.89, 54002922, 205
3473, 121, 125, 128, 0, 0, 4.81%, 0, 0, 4, 12860.36, 54069963, 205
3478, 121, 111, 128, 0, 0, 4.81%, 0, 0, 4, 10982.67, 54127408, 205
3483, 121, 0, 128, 0, 0, 4.81%, 0, 0, 4, 12769.57, 54188348, 205
3488, 121, 0, 128, 0, 0, 4.81%, 0, 0, 4, 17164.85, 54275780, 205
3493, 122, 44, 128, 0, 0, 4.81%, 0, 0, 4, 14106.81, 54342205, 205
3498, 122, 0, 128, 0, 0, 4.81%, 0, 0, 4, 18791.38, 54438971, 205
3504, 122, 124, 128, 0, 0, 4.81%, 0, 0, 4, 15125.21, 54511338, 205
3509, 122, 0, 128, 0, 0, 4.81%, 0, 0, 4, 15684.93, 54588933, 205
3514, 122, 91, 128, 0, 0, 4.81%, 0, 0, 4, 11233.81, 54636862, 205
3519, 122, 34, 128, 0, 0, 4.81%, 0, 0, 4, 13222.91, 54710140, 205
3524, 122, 121, 128, 0, 0, 4.81%, 0, 0, 4, 13287.97, 54774898, 205
3529, 123, 112, 128, 0, 0, 4.81%, 0, 0, 4, 12627.28, 54841132, 205
3534, 123, 119, 128, 0, 0, 4.81%, 0, 0, 4, 9531.13, 54882614, 205
3539, 123, 85, 128, 0, 0, 4.81%, 0, 0, 4, 10429.47, 54935754, 205
3544, 123, 19, 128, 0, 0, 4.81%, 0, 0, 4, 10105.12, 54982054, 205
3549, 123, 117, 128, 0, 0, 4.81%, 0, 0, 4, 9753.29, 55033866, 205
3554, 123, 0, 128, 0, 0, 4.81%, 0, 0, 4, 12933.25, 55093101, 205
3560, 123, 0, 128, 0, 0, 4.81%, 0, 0, 4, 15710.61, 55174894, 205
3565, 124, 0, 128, 0, 0, 4.81%, 0, 0, 4, 15926.75, 55250076, 205
3570, 124, 37, 128, 0, 0, 4.81%, 0, 0, 4, 16424.27, 55328112, 205
3575, 124, 105, 128, 0, 0, 4.81%, 0, 0, 4, 10629.78, 55377395, 205
3580, 124, 0, 128, 0, 0, 4.81%, 0, 0, 4, 14481.83, 55442064, 205
3585, 124, 113, 128, 0, 0, 4.81%, 0, 0, 4, 12273.70, 55508652, 205
3590, 124, 37, 128, 0, 0, 4.81%, 0, 0, 4, 14289.03, 55578414, 205
3595, 125, 0, 128, 0, 0, 4.81%, 0, 0, 4, 17921.28, 55669006, 205
3600, 125, 126, 128, 0, 0, 4.81%, 0, 0, 4, 0.00, 55756835, 205
