# relative_time, cycles_done, cur_item, corpus_count, pending_total, pending_favs, map_size, saved_crashes, saved_hangs, max_depth, execs_per_sec, total_execs, edges_found
61, 0, 25, 33, 21, 6, 4.88%, 0, 0, 2, 23403.37, 1424500, 206
66, 0, 17, 33, 20, 5, 4.88%, 0, 0, 2, 24685.16, 1556643, 206
71, 0, 4, 33, 18, 3, 4.88%, 0, 0, 2, 23341.73, 1667762, 206
76, 0, 4, 33, 18, 3, 4.88%, 0, 0, 2, 25278.85, 1794787, 206
82, 0, 22, 33, 15, 1, 4.88%, 0, 0, 2, 22668.56, 1906690, 206
87, 0, 0, 33, 13, 0, 4.88%, 0, 0, 2, 22107.46, 2023592, 206
92, 0, 0, 33, 13, 0, 4.88%, 0, 0, 2, 21778.40, 2127907, 206
97, 1, 0, 33, 12, 0, 4.88%, 0, 0, 2, 23122.46, 2247710, 206
102, 1, 0, 33, 11, 0, 4.88%, 0, 0, 2, 21932.88, 2354262, 206
107, 1, 15, 33, 11, 0, 4.88%, 0, 0, 2, 23981.62, 2483063, 206
112, 1, 0, 33, 10, 0, 4.88%, 0, 0, 2, 22783.95, 2594209, 206
117, 1, 0, 33, 8, 0, 4.88%, 0, 0, 2, 21969.53, 2711219, 206
122, 2, 0, 33, 8, 0, 4.88%, 0, 0, 2, 21682.91, 2819978, 206
127, 2, 0, 33, 8, 0, 4.88%, 0, 0, 2, 22943.20, 2939438, 206
132, 2, 0, 33, 8, 0, 4.88%, 0, 0, 2, 22783.91, 3051275, 206
138, 2, 0, 33, 8, 0, 4.88%, 0, 0, 2, 22771.39, 3174026, 206
143, 3, 0, 33, 8, 0, 4.88%, 0, 0, 2, 21946.46, 3284960, 206
148, 3, 0, 33, 8, 0, 4.88%, 0, 0, 2, 20643.10, 3389209, 206
153, 3, 0, 33, 8, 0, 4.88%, 0, 0, 2, 20831.56, 3492734, 206
158, 3, 23, 33, 8, 0, 4.88%, 0, 0, 2, 22592.60, 3610997, 206
163, 4, 8, 33, 7, 0, 4.88%, 0, 0, 2, 23209.73, 3729799, 206
168, 4, 26, 33, 6, 0, 4.88%, 0, 0, 2, 21882.57, 3842080, 206
173, 4, 0, 33, 5, 0, 4.88%, 0, 0, 2, 22953.76, 3963866, 206
178, 4, 18, 33, 5, 0, 4.88%, 0, 0, 2, 23368.55, 4082611, 206
183, 5, 0, 33, 4, 0, 4.88%, 0, 0, 2, 23851.70, 4202938, 206
189, 5, 0, 33, 4, 0, 4.88%, 0, 0, 2, 21532.52, 4311343, 206
194, 5, 0, 33, 4, 0, 4.88%, 0, 0, 2, 22878.27, 4426437, 206
199, 5, 0, 33, 4, 0, 4.88%, 0, 0, 2, 21728.64, 4537548, 206
204, 6, 0, 33, 4, 0, 4.88%, 0, 0, 2, 22164.70, 4649738, 206
209, 6, 0, 33, 4, 0, 4.88%, 0, 0, 2, 20614.13, 4755592, 206
214, 6, 0, 33, 4, 0, 4.88%, 0, 0, 2, 22933.83, 4874698, 206
219, 6, 11, 33, 4, 0, 4.88%, 0, 0, 2, 22750.35, 4992307, 206
224, 7, 0, 33, 3, 0, 4.88%, 0, 0, 2, 23843.40, 5115887, 206
229, 7, 0, 33, 3, 0, 4.88%, 0, 0, 2, 22023.80, 5227750, 206
234, 7, 0, 33, 3, 0, 4.88%, 0, 0, 2, 23448.65, 5347095, 206
239, 7, 31, 33, 3, 0, 4.88%, 0, 0, 2, 21683.93, 5457933, 206
244, 8, 0, 33, 3, 0, 4.88%, 0, 0, 2, 22189.21, 5570341, 206
249, 8, 0, 33, 3, 0, 4.88%, 0, 0, 2, 21166.03, 5675341, 206
254, 8, 0, 33, 3, 0, 4.88%, 0, 0, 2, 22357.80, 5793381, 206
260, 8, 30, 33, 3, 0, 4.88%, 0, 0, 2, 21645.29, 5906593, 206
265, 9, 0, 33, 3, 0, 4.88%, 0, 0, 2, 22653.16, 6024368, 206
270, 9, 5, 33, 3, 0, 4.88%, 0, 0, 2, 20773.40, 6127609, 206
275, 9, 0, 33, 3, 0, 4.88%, 0, 0, 2, 22195.54, 6240608, 206
280, 10, 0, 33, 3, 0, 4.88%, 0, 0, 2, 20406.62, 6342965, 206
285, 10, 0, 33, 3, 0, 4.88%, 0, 0, 2, 22923.74, 6463939, 206
290, 10, 25, 33, 2, 0, 4.88%, 0, 0, 2, 20711.42, 6568849, 206
295, 10, 28, 33, 2, 0, 4.88%, 0, 0, 2, 22743.13, 6682957, 206
300, 11, 0, 33, 2, 0, 4.88%, 0, 0, 2, 20502.10, 6784535, 206
305, 11, 0, 33, 2, 0, 4.88%, 0, 0, 2, 23170.89, 6906354, 206
310, 11, 0, 33, 2, 0, 4.88%, 0, 0, 2, 21626.30, 7012355, 206
315, 11, 0, 33, 2, 0, 4.88%, 0, 0, 2, 23656.52, 7133985, 206
320, 12, 0, 33, 2, 0, 4.88%, 0, 0, 2, 21112.02, 7236674, 206
326, 12, 12, 33, 2, 0, 4.88%, 0, 0, 2, 23941.35, 7361541, 206
331, 12, 0, 33, 1, 0, 4.88%, 0, 0, 2, 21921.33, 7466574, 206
336, 12, 0, 33, 1, 0, 4.88%, 0, 0, 2, 23390.37, 7588037, 206
341, 12, 0, 33, 1, 0, 4.88%, 0, 0, 2, 22244.87, 7696993, 206
346, 13, 17, 33, 1, 0, 4.88%, 0, 0, 2, 22947.56, 7814336, 206
351, 13, 0, 33, 1, 0, 4.88%, 0, 0, 2, 21947.96, 7921572, 206
356, 13, 3, 33, 1, 0, 4.88%, 0, 0, 2, 22106.01, 8035073, 206
361, 13, 0, 33, 0, 0, 4.88%, 0, 0, 2, 22497.72, 8148746, 206
366, 14, 5, 33, 0, 0, 4.88%, 0, 0, 2, 22875.19, 8265995, 206
371, 14, 16, 33, 0, 0, 4.88%, 0, 0, 2, 21391.79, 8368671, 206
376, 14, 0, 33, 0, 0, 4.88%, 0, 0, 2, 23402.75, 8495005, 206
381, 14, 0, 33, 0, 0, 4.88%, 0, 0, 2, 23316.50, 8612732, 206
386, 14, 15, 33, 0, 0, 4.88%, 0, 0, 2, 22994.43, 8729716, 206
391, 15, 6, 33, 0, 0, 4.88%, 0, 0, 2, 22636.14, 8840770, 206
396, 15, 0, 33, 0, 0, 4.88%, 0, 0, 2, 23748.08, 8962670, 206
401, 15, 0, 33, 0, 0, 4.88%, 0, 0, 2, 21805.44, 9067808, 206
406, 15, 22, 33, 0, 0, 4.88%, 0, 0, 2, 22787.26, 9181675, 206
412, 16, 27, 33, 0, 0, 4.88%, 0, 0, 2, 21642.25, 9285896, 206
417, 16, 0, 33, 0, 0, 4.88%, 0, 0, 2, 23452.83, 9403438, 206
422, 16, 0, 33, 0, 0, 4.88%, 0, 0, 2, 22537.65, 9515119, 206
427, 16, 0, 33, 0, 0, 4.88%, 0, 0, 2, 22533.35, 9635705, 206
432, 17, 0, 33, 0, 0, 4.88%, 0, 0, 2, 21413.38, 9737975, 206
437, 17, 0, 33, 0, 0, 4.88%, 0, 0, 2, 23424.21, 9857150, 206
442, 17, 0, 33, 0, 0, 4.88%, 0, 0, 2, 22699.60, 9966608, 206
447, 17, 0, 33, 0, 0, 4.88%, 0, 0, 2, 22136.42, 10082528, 206
452, 18, 5, 33, 0, 0, 4.88%, 0, 0, 2, 20985.29, 10184084, 206
457, 18, 30, 33, 0, 0, 4.88%, 0, 0, 2, 22583.82, 10299850, 206
462, 18, 31, 33, 0, 0, 4.88%, 0, 0, 2, 22471.50, 10408320, 206
467, 19, 30, 33, 0, 0, 4.88%, 0, 0, 2, 20999.14, 10515034, 206
472, 19, 0, 33, 0, 0, 4.88%, 0, 0, 2, 22000.36, 10623366, 206
477, 19, 0, 33, 0, 0, 4.88%, 0, 0, 2, 21783.95, 10734362, 206
482, 20, 30, 33, 0, 0, 4.88%, 0, 0, 2, 21688.73, 10838904, 206
487, 20, 0, 33, 0, 0, 4.88%, 0, 0, 2, 23193.61, 10957017, 206
492, 20, 0, 33, 0, 0, 4.88%, 0, 0, 2, 21287.86, 11058521, 206
497, 20, 30, 33, 0, 0, 4.88%, 0, 0, 2, 22860.93, 11177655, 206
502, 21, 0, 33, 0, 0, 4.88%, 0, 0, 2, 21307.66, 11279801, 206
507, 21, 0, 33, 0, 0, 4.88%, 0, 0, 2, 20960.18, 11391957, 206
512, 21, 0, 33, 0, 0, 4.88%, 0, 0, 2, 20910.57, 11494159, 206
517, 22, 0, 33, 0, 0, 4.88%, 0, 0, 2, 21332.69, 11605714, 206
523, 22, 30, 33, 0, 0, 4.88%, 0, 0, 2, 21712.24, 11716042, 206
528, 22, 0, 33, 0, 0, 4.88%, 0, 0, 2, 21355.56, 11824831, 206
533, 22, 0, 33, 0, 0, 4.88%, 0, 0, 2, 22904.37, 11943218, 206
538, 23, 19, 33, 0, 0, 4.88%, 0, 0, 2, 22905.94, 12061370, 206
543, 23, 0, 33, 0, 0, 4.88%, 0, 0, 2, 22582.39, 12171308, 206
548, 23, 0, 33, 0, 0, 4.88%, 0, 0, 2, 21645.15, 12282985, 206
553, 23, 0, 33, 0, 0, 4.88%, 0, 0, 2, 22854.07, 12395169, 206
558, 23, 30, 33, 0, 0, 4.88%, 0, 0, 2, 21791.68, 12507876, 206
563, 24, 0, 33, 0, 0, 4.88%, 0, 0, 2, 21263.31, 12611117, 206
568, 24, 5, 33, 0, 0, 4.88%, 0, 0, 2, 20968.53, 12720485, 206
573, 24, 0, 33, 0, 0, 4.88%, 0, 0, 2, 21852.34, 12827317, 206
578, 25, 0, 33, 0, 0, 4.88%, 0, 0, 2, 21181.69, 12935930, 206
583, 25, 0, 33, 0, 0, 4.88%, 0, 0, 2, 22069.33, 13050002, 206
588, 25, 32, 33, 0, 0, 4.88%, 0, 0, 2, 21360.73, 13162935, 206
593, 25, 0, 33, 0, 0, 4.88%, 0, 0, 2, 23001.26, 13279133, 206
599, 25, 10, 33, 0, 0, 4.88%, 0, 0, 2, 23076.89, 13399094, 206
604, 26, 0, 33, 0, 0, 4.88%, 0, 0, 2, 24091.26, 13520494, 206
609, 26, 24, 33, 0, 0, 4.88%, 0, 0, 2, 20758.25, 13622994, 206
614, 26, 0, 33, 0, 0, 4.88%, 0, 0, 2, 22869.17, 13739167, 206
619, 26, 31, 33, 0, 0, 4.88%, 0, 0, 2, 20666.13, 13844884, 206
624, 27, 16, 33, 0, 0, 4.88%, 0, 0, 2, 23075.52, 13960388, 206
629, 27, 0, 33, 0, 0, 4.88%, 0, 0, 2, 20426.78, 14065047, 206
634, 27, 0, 33, 0, 0, 4.88%, 0, 0, 2, 23151.38, 14187905, 206
639, 27, 0, 33, 0, 0, 4.88%, 0, 0, 2, 21868.98, 14299081, 206
644, 28, 0, 33, 0, 0, 4.88%, 0, 0, 2, 22915.78, 14412197, 206
649, 28, 0, 33, 0, 0, 4.88%, 0, 0, 2, 20932.38, 14517019, 206
654, 28, 0, 33, 0, 0, 4.88%, 0, 0, 2, 23275.65, 14634699, 206
659, 29, 0, 33, 0, 0, 4.88%, 0, 0, 2, 22022.84, 14746006, 206
664, 29, 26, 33, 0, 0, 4.88%, 0, 0, 2, 23265.55, 14867072, 206
669, 29, 0, 33, 0, 0, 4.88%, 0, 0, 2, 21130.25, 14978079, 206
675, 29, 0, 33, 0, 0, 4.88%, 0, 0, 2, 23174.29, 15096135, 206
680, 30, 30, 33, 0, 0, 4.88%, 0, 0, 2, 22892.79, 15211933, 206
685, 30, 8, 33, 0, 0, 4.88%, 0, 0, 2, 24938.80, 15342422, 206
690, 30, 0, 33, 0, 0, 4.88%, 0, 0, 2, 22783.42, 15457688, 206
695, 30, 0, 33, 0, 0, 4.88%, 0, 0, 2, 23664.09, 15577606, 206
700, 30, 0, 33, 0, 0, 4.88%, 0, 0, 2, 21976.50, 15686240, 206
705, 31, 20, 33, 0, 0, 4.88%, 0, 0, 2, 23522.11, 15809785, 206
710, 31, 0, 33, 0, 0, 4.88%, 0, 0, 2, 21070.68, 15911088, 206
715, 31, 25, 33, 0, 0, 4.88%, 0, 0, 2, 23148.51, 16033460, 206
720, 32, 0, 33, 0, 0, 4.88%, 0, 0, 2, 21400.03, 16138565, 206
726, 32, 29, 33, 0, 0, 4.88%, 0, 0, 2, 23674.37, 16262520, 206
731, 32, 9, 33, 0, 0, 4.88%, 0, 0, 2, 22606.72, 16376759, 206
736, 32, 0, 33, 0, 0, 4.88%, 0, 0, 2, 23772.64, 16500471, 206
741, 32, 0, 33, 0, 0, 4.88%, 0, 0, 2, 21893.26, 16608010, 206
746, 33, 0, 33, 0, 0, 4.88%, 0, 0, 2, 22470.62, 16725022, 206
751, 33, 0, 33, 0, 0, 4.88%, 0, 0, 2, 20379.58, 16820951, 206
756, 33, 0, 33, 0, 0, 4.88%, 0, 0, 2, 24190.52, 16945682, 206
761, 33, 0, 33, 0, 0, 4.88%, 0, 0, 2, 21760.81, 17052482, 206
766, 33, 0, 33, 0, 0, 4.88%, 0, 0, 2, 23127.73, 17168717, 206
771, 34, 0, 33, 0, 0, 4.88%, 0, 0, 2, 21296.79, 17275807, 206
776, 34, 0, 33, 0, 0, 4.88%, 0, 0, 2, 23753.19, 17398161, 206
781, 34, 0, 33, 0, 0, 4.88%, 0, 0, 2, 22897.81, 17509395, 206
786, 35, 14, 33, 0, 0, 4.88%, 0, 0, 2, 22993.88, 17627755, 206
791, 35, 0, 33, 0, 0, 4.88%, 0, 0, 2, 22212.27, 17734532, 206
797, 35, 24, 33, 0, 0, 4.88%, 0, 0, 2, 23695.59, 17861564, 206
802, 35, 0, 33, 0, 0, 4.88%, 0, 0, 2, 22363.88, 17972565, 206
807, 36, 0, 33, 0, 0, 4.88%, 0, 0, 2, 20546.20, 18078007, 206
812, 36, 0, 33, 0, 0, 4.88%, 0, 0, 2, 21658.31, 18185005, 206
817, 36, 0, 33, 0, 0, 4.88%, 0, 0, 2, 23409.44, 18306527, 206
822, 37, 0, 33, 0, 0, 4.88%, 0, 0, 2, 21766.58, 18414525, 206
827, 37, 0, 33, 0, 0, 4.88%, 0, 0, 2, 22897.82, 18532683, 206
832, 37, 0, 33, 0, 0, 4.88%, 0, 0, 2, 22868.42, 18644645, 206
837, 37, 19, 33, 0, 0, 4.88%, 0, 0, 2, 23236.10, 18763231, 206
842, 38, 0, 33, 0, 0, 4.88%, 0, 0, 2, 23540.82, 18883557, 206
847, 38, 30, 33, 0, 0, 4.88%, 0, 0, 2, 22275.47, 18994725, 206
852, 38, 0, 33, 0, 0, 4.88%, 0, 0, 2, 22469.93, 19106116, 206
857, 39, 0, 33, 0, 0, 4.88%, 0, 0, 2, 22770.67, 19222874, 206
863, 39, 0, 33, 0, 0, 4.88%, 0, 0, 2, 23500.73, 19343610, 206
868, 39, 0, 33, 0, 0, 4.88%, 0, 0, 2, 20997.34, 19451310, 206
873, 40, 0, 33, 0, 0, 4.88%, 0, 0, 2, 22655.26, 19568696, 206
878, 40, 0, 33, 0, 0, 4.88%, 0, 0, 2, 21238.40, 19681339, 206
883, 40, 0, 33, 0, 0, 4.88%, 0, 0, 2, 23414.20, 19800018, 206
888, 40, 0, 33, 0, 0, 4.88%, 0, 0, 2, 22367.24, 19919124, 206
893, 41, 0, 33, 0, 0, 4.88%, 0, 0, 2, 22582.32, 20033669, 206
899, 41, 30, 33, 0, 0, 4.88%, 0, 0, 2, 22251.13, 20148460, 206
904, 41, 0, 33, 0, 0, 4.88%, 0, 0, 2, 23284.20, 20263580, 206
909, 42, 0, 33, 0, 0, 4.88%, 0, 0, 2, 22220.56, 20377121, 206
914, 42, 31, 33, 0, 0, 4.88%, 0, 0, 2, 23320.86, 20492745, 206
919, 42, 0, 33, 0, 0, 4.88%, 0, 0, 2, 21825.97, 20601472, 206
924, 43, 0, 33, 0, 0, 4.88%, 0, 0, 2, 22213.59, 20717417, 206
929, 43, 0, 33, 0, 0, 4.88%, 0, 0, 2, 21947.60, 20827539, 206
934, 43, 0, 33, 0, 0, 4.88%, 0, 0, 2, 23261.28, 20945264, 206
939, 43, 0, 33, 0, 0, 4.88%, 0, 0, 2, 22426.00, 21061859, 206
944, 43, 25, 33, 0, 0, 4.88%, 0, 0, 2, 22073.03, 21174123, 206
949, 44, 0, 33, 0, 0, 4.88%, 0, 0, 2, 20381.25, 21276119, 206
954, 44, 13, 33, 0, 0, 4.88%, 0, 0, 2, 22153.71, 21391125, 206
959, 44, 0, 33, 0, 0, 4.88%, 0, 0, 2, 22027.05, 21509437, 206
964, 44, 0, 33, 0, 0, 4.88%, 0, 0, 2, 22677.00, 21622556, 206
969, 45, 0, 33, 0, 0, 4.88%, 0, 0, 2, 20522.04, 21726284, 206
974, 45, 17, 33, 0, 0, 4.88%, 0, 0, 2, 22919.06, 21844638, 206
980, 46, 0, 33, 0, 0, 4.88%, 0, 0, 2, 20868.97, 21951252, 206
985, 46, 0, 33, 0, 0, 4.88%, 0, 0, 2, 23155.67, 22068493, 206
990, 46, 0, 33, 0, 0, 4.88%, 0, 0, 2, 21357.05, 22176906, 206
995, 46, 0, 33, 0, 0, 4.88%, 0, 0, 2, 23646.73, 22296633, 206
1000, 46, 31, 33, 0, 0, 4.88%, 0, 0, 2, 21668.70, 22405796, 206
1005, 47, 0, 33, 0, 0, 4.88%, 0, 0, 2, 22498.69, 22521765, 206
1010, 47, 0, 33, 0, 0, 4.88%, 0, 0, 2, 20933.91, 22626495, 206
1015, 47, 0, 33, 0, 0, 4.88%, 0, 0, 2, 23424.62, 22745162, 206
1020, 48, 0, 33, 0, 0, 4.88%, 0, 0, 2, 21752.57, 22851218, 206
1025, 48, 30, 33, 0, 0, 4.88%, 0, 0, 2, 23728.41, 22972034, 206
1030, 48, 0, 33, 0, 0, 4.88%, 0, 0, 2, 22576.85, 23084238, 206
1035, 48, 0, 33, 0, 0, 4.88%, 0, 0, 2, 24393.74, 23213148, 206
1040, 49, 31, 33, 0, 0, 4.88%, 0, 0, 2, 21871.62, 23320034, 206
1046, 49, 22, 33, 0, 0, 4.88%, 0, 0, 2, 24166.57, 23448227, 206
1051, 49, 0, 33, 0, 0, 4.88%, 0, 0, 2, 22097.19, 23553486, 206
1056, 49, 0, 33, 0, 0, 4.88%, 0, 0, 2, 24403.89, 23677822, 206
1061, 50, 30, 33, 0, 0, 4.88%, 0, 0, 2, 22293.56, 23789513, 206
1066, 50, 0, 33, 0, 0, 4.88%, 0, 0, 2, 24176.57, 23913691, 206
1071, 50, 30, 33, 0, 0, 4.88%, 0, 0, 2, 21541.31, 24018572, 206
1076, 50, 0, 33, 0, 0, 4.88%, 0, 0, 2, 23470.81, 24143931, 206
1081, 51, 0, 33, 0, 0, 4.88%, 0, 0, 2, 22579.44, 24254350, 206
1086, 51, 0, 33, 0, 0, 4.88%, 0, 0, 2, 23180.54, 24370512, 206
1091, 51, 28, 33, 0, 0, 4.88%, 0, 0, 2, 22780.74, 24481141, 206
1096, 51, 0, 33, 0, 0, 4.88%, 0, 0, 2, 23631.05, 24603011, 206
1101, 52, 0, 33, 0, 0, 4.88%, 0, 0, 2, 21423.50, 24706600, 206
1106, 52, 0, 33, 0, 0, 4.88%, 0, 0, 2, 22398.16, 24821680, 206
1111, 52, 0, 33, 0, 0, 4.88%, 0, 0, 2, 21388.11, 24925167, 206
1117, 52, 0, 33, 0, 0, 4.88%, 0, 0, 2, 22944.88, 25048628, 206
1122, 53, 0, 33, 0, 0, 4.88%, 0, 0, 2, 21696.17, 25153133, 206
1127, 53, 0, 33, 0, 0, 4.88%, 0, 0, 2, 24164.88, 25278597, 206
1132, 53, 0, 33, 0, 0, 4.88%, 0, 0, 2, 22601.31, 25386628, 206
1137, 53, 0, 33, 0, 0, 4.88%, 0, 0, 2, 22886.85, 25504617, 206
1142, 54, 0, 33, 0, 0, 4.88%, 0, 0, 2, 21857.89, 25613537, 206
1147, 54, 0, 33, 0, 0, 4.88%, 0, 0, 2, 22240.50, 25734145, 206
1152, 54, 30, 33, 0, 0, 4.88%, 0, 0, 2, 22703.34, 25850427, 206
1157, 54, 29, 33, 0, 0, 4.88%, 0, 0, 2, 22311.28, 25966778, 206
1162, 55, 0, 33, 0, 0, 4.88%, 0, 0, 2, 23225.94, 26080499, 206
1168, 55, 0, 33, 0, 0, 4.88%, 0, 0, 2, 22022.93, 26192894, 206
1173, 55, 0, 33, 0, 0, 4.88%, 0, 0, 2, 21264.55, 26296626, 206
1178, 55, 0, 33, 0, 0, 4.88%, 0, 0, 2, 22373.32, 26413515, 206
1183, 55, 0, 33, 0, 0, 4.88%, 0, 0, 2, 22531.89, 26525644, 206
1188, 56, 0, 33, 0, 0, 4.88%, 0, 0, 2, 21922.93, 26643419, 206
1193, 56, 30, 33, 0, 0, 4.88%, 0, 0, 2, 22545.43, 26759646, 206
1198, 56, 31, 33, 0, 0, 4.88%, 0, 0, 2, 21555.08, 26868802, 206
1203, 57, 0, 33, 0, 0, 4.88%, 0, 0, 2, 22341.93, 26977552, 206
1208, 57, 0, 33, 0, 0, 4.88%, 0, 0, 2, 22091.59, 27092077, 206
1213, 57, 21, 33, 0, 0, 4.88%, 0, 0, 2, 23529.79, 27214061, 206
1218, 58, 0, 33, 0, 0, 4.88%, 0, 0, 2, 21052.32, 27320397, 206
1223, 58, 0, 33, 0, 0, 4.88%, 0, 0, 2, 23179.25, 27436650, 206
1229, 58, 0, 33, 0, 0, 4.88%, 0, 0, 2, 21194.30, 27546953, 206
1234, 58, 0, 33, 0, 0, 4.88%, 0, 0, 2, 22588.86, 27665318, 206
1239, 58, 25, 33, 0, 0, 4.88%, 0, 0, 2, 22016.63, 27780208, 206
1244, 59, 0, 33, 0, 0, 4.88%, 0, 0, 2, 22778.89, 27894424, 206
1249, 59, 0, 33, 0, 0, 4.88%, 0, 0, 2, 21882.03, 28007493, 206
1254, 59, 0, 33, 0, 0, 4.88%, 0, 0, 2, 23157.18, 28128382, 206
1259, 59, 0, 33, 0, 0, 4.88%, 0, 0, 2, 21525.60, 28237143, 206
1264, 59, 0, 33, 0, 0, 4.88%, 0, 0, 2, 23897.42, 28362664, 206
1269, 60, 0, 33, 0, 0, 4.88%, 0, 0, 2, 21046.51, 28469434, 206
1274, 60, 0, 33, 0, 0, 4.88%, 0, 0, 2, 23473.30, 28588976, 206
1279, 60, 0, 33, 0, 0, 4.88%, 0, 0, 2, 21239.45, 28697254, 206
1284, 61, 0, 33, 0, 0, 4.88%, 0, 0, 2, 23579.63, 28818680, 206
1290, 61, 0, 33, 0, 0, 4.88%, 0, 0, 2, 20228.77, 28919666, 206
1295, 61, 0, 33, 0, 0, 4.88%, 0, 0, 2, 23823.57, 29046913, 206
1300, 61, 0, 33, 0, 0, 4.88%, 0, 0, 2, 21313.60, 29153929, 206
1305, 62, 0, 33, 0, 0, 4.88%, 0, 0, 2, 22098.61, 29266066, 206
1310, 62, 0, 33, 0, 0, 4.88%, 0, 0, 2, 21391.11, 29374222, 206
1315, 62, 0, 33, 0, 0, 4.88%, 0, 0, 2, 23518.05, 29492587, 206
1320, 62, 0, 33, 0, 0, 4.88%, 0, 0, 2, 22457.46, 29604592, 206
1325, 63, 31, 33, 0, 0, 4.88%, 0, 0, 2, 24430.17, 29729195, 206
1330, 63, 28, 33, 0, 0, 4.88%, 0, 0, 2, 22156.90, 29837061, 206
1335, 63, 0, 33, 0, 0, 4.88%, 0, 0, 2, 22020.55, 29946320, 206
1340, 64, 0, 33, 0, 0, 4.88%, 0, 0, 2, 20336.92, 30050934, 206
1345, 64, 0, 33, 0, 0, 4.88%, 0, 0, 2, 23366.96, 30172885, 206
1350, 64, 0, 33, 0, 0, 4.88%, 0, 0, 2, 20469.44, 30275302, 206
1356, 64, 0, 33, 0, 0, 4.88%, 0, 0, 2, 22812.67, 30396782, 206
1361, 65, 0, 33, 0, 0, 4.88%, 0, 0, 2, 21948.77, 30506221, 206
1366, 65, 0, 33, 0, 0, 4.88%, 0, 0, 2, 22802.25, 30622595, 206
1371, 65, 0, 33, 0, 0, 4.88%, 0, 0, 2, 21600.39, 30729587, 206
1376, 66, 0, 33, 0, 0, 4.88%, 0, 0, 2, 22191.04, 30841899, 206
1381, 66, 0, 33, 0, 0, 4.88%, 0, 0, 2, 21453.56, 30949968, 206
1386, 66, 0, 33, 0, 0, 4.88%, 0, 0, 2, 22532.67, 31065191, 206
1391, 67, 0, 33, 0, 0, 4.88%, 0, 0, 2, 21366.81, 31169616, 206
1396, 67, 29, 33, 0, 0, 4.88%, 0, 0, 2, 24017.89, 31291135, 206
1401, 67, 0, 33, 0, 0, 4.88%, 0, 0, 2, 21162.69, 31394436, 206
1406, 67, 0, 33, 0, 0, 4.88%, 0, 0, 2, 23526.42, 31514579, 206
1411, 68, 0, 33, 0, 0, 4.88%, 0, 0, 2, 21420.73, 31617360, 206
1416, 68, 0, 33, 0, 0, 4.88%, 0, 0, 2, 23779.95, 31739377, 206
1421, 68, 0, 33, 0, 0, 4.88%, 0, 0, 2, 22644.41, 31849788, 206
1426, 68, 5, 33, 0, 0, 4.88%, 0, 0, 2, 24492.06, 31977952, 206
1431, 69, 0, 33, 0, 0, 4.88%, 0, 0, 2, 22194.68, 32083370, 206
1436, 69, 0, 33, 0, 0, 4.88%, 0, 0, 2, 23884.11, 32206235, 206
1441, 69, 0, 33, 0, 0, 4.88%, 0, 0, 2, 22750.38, 32317417, 206
1447, 69, 0, 33, 0, 0, 4.88%, 0, 0, 2, 24108.01, 32440942, 206
1452, 70, 0, 33, 0, 0, 4.88%, 0, 0, 2, 21863.75, 32545579, 206
1457, 70, 31, 33, 0, 0, 4.88%, 0, 0, 2, 23512.65, 32665176, 206
1462, 70, 0, 33, 0, 0, 4.88%, 0, 0, 2, 22746.26, 32772847, 206
1467, 71, 0, 33, 0, 0, 4.88%, 0, 0, 2, 22427.25, 32888291, 206
1472, 71, 0, 33, 0, 0, 4.88%, 0, 0, 2, 21186.90, 32989490, 206
1477, 71, 4, 33, 0, 0, 4.88%, 0, 0, 2, 24181.88, 33120286, 206
1482, 71, 0, 33, 0, 0, 4.88%, 0, 0, 2, 22176.63, 33227545, 206
1487, 72, 31, 33, 0, 0, 4.88%, 0, 0, 2, 22189.59, 33340059, 206
1492, 72, 0, 33, 0, 0, 4.88%, 0, 0, 2, 21126.00, 33442004, 206
1497, 72, 0, 33, 0, 0, 4.88%, 0, 0, 2, 23673.65, 33565965, 206
1502, 73, 0, 33, 0, 0, 4.88%, 0, 0, 2, 22094.07, 33670812, 206
1507, 73, 0, 33, 0, 0, 4.88%, 0, 0, 2, 22244.37, 33792538, 206
1512, 73, 0, 33, 0, 0, 4.88%, 0, 0, 2, 22398.21, 33900911, 206
1517, 74, 0, 33, 0, 0, 4.88%, 0, 0, 2, 23521.89, 34024745, 206
1523, 74, 0, 33, 0, 0, 4.88%, 0, 0, 2, 24412.76, 34146219, 206
1528, 74, 0, 33, 0, 0, 4.88%, 0, 0, 2, 22268.97, 34259690, 206
1533, 74, 0, 33, 0, 0, 4.88%, 0, 0, 2, 21901.48, 34370148, 206
1538, 75, 0, 33, 0, 0, 4.88%, 0, 0, 2, 22795.24, 34489909, 206
1543, 75, 0, 33, 0, 0, 4.88%, 0, 0, 2, 23716.98, 34606956, 206
1548, 75, 0, 33, 0, 0, 4.88%, 0, 0, 2, 21952.98, 34721564, 206
1553, 75, 0, 33, 0, 0, 4.88%, 0, 0, 2, 23275.78, 34837476, 206
1558, 76, 0, 33, 0, 0, 4.88%, 0, 0, 2, 22793.14, 34957246, 206
1563, 76, 0, 33, 0, 0, 4.88%, 0, 0, 2, 22578.58, 35071006, 206
1568, 76, 0, 33, 0, 0, 4.88%, 0, 0, 2, 22274.17, 35191126, 206
1573, 76, 0, 33, 0, 0, 4.88%, 0, 0, 2, 23450.05, 35306427, 206
1578, 77, 0, 33, 0, 0, 4.88%, 0, 0, 2, 21674.25, 35419111, 206
1584, 77, 0, 33, 0, 0, 4.88%, 0, 0, 2, 24876.72, 35549516, 206
1589, 77, 0, 33, 0, 0, 4.88%, 0, 0, 2, 21337.98, 35658255, 206
1594, 77, 24, 33, 0, 0, 4.88%, 0, 0, 2, 23465.94, 35780645, 206
1599, 78, 0, 33, 0, 0, 4.88%, 0, 0, 2, 21727.00, 35891949, 206
1604, 78, 0, 33, 0, 0, 4.88%, 0, 0, 2, 24210.15, 36014108, 206
1609, 78, 0, 33, 0, 0, 4.88%, 0, 0, 2, 21696.24, 36125588, 206
1614, 79, 0, 33, 0, 0, 4.88%, 0, 0, 2, 22694.76, 36240321, 206
1619, 79, 0, 33, 0, 0, 4.88%, 0, 0, 2, 21417.88, 36352622, 206
1624, 79, 0, 33, 0, 0, 4.88%, 0, 0, 2, 24036.97, 36475599, 206
1629, 79, 0, 33, 0, 0, 4.88%, 0, 0, 2, 22125.49, 36588973, 206
1634, 80, 0, 33, 0, 0, 4.88%, 0, 0, 2, 22640.44, 36701866, 206
1639, 80, 0, 33, 0, 0, 4.88%, 0, 0, 2, 22101.64, 36818876, 206
1644, 80, 0, 33, 0, 0, 4.88%, 0, 0, 2, 23058.32, 36934257, 206
1649, 80, 0, 33, 0, 0, 4.88%, 0, 0, 2, 20820.07, 37040391, 206
1654, 81, 0, 33, 0, 0, 4.88%, 0, 0, 2, 23600.48, 37164019, 206
1660, 81, 0, 33, 0, 0, 4.88%, 0, 0, 2, 22560.93, 37279796, 206
1665, 81, 0, 33, 0, 0, 4.88%, 0, 0, 2, 23586.57, 37402539, 206
1670, 81, 0, 33, 0, 0, 4.88%, 0, 0, 2, 21973.77, 37510037, 206
1675, 82, 0, 33, 0, 0, 4.88%, 0, 0, 2, 24096.71, 37635475, 206
1680, 82, 0, 33, 0, 0, 4.88%, 0, 0, 2, 21818.85, 37743542, 206
1685, 82, 0, 33, 0, 0, 4.88%, 0, 0, 2, 23767.98, 37870737, 206
1690, 82, 0, 33, 0, 0, 4.88%, 0, 0, 2, 22271.97, 37980601, 206
1695, 83, 0, 33, 0, 0, 4.88%, 0, 0, 2, 23963.60, 38105756, 206
1700, 83, 0, 33, 0, 0, 4.88%, 0, 0, 2, 23193.55, 38219221, 206
1705, 83, 0, 33, 0, 0, 4.88%, 0, 0, 2, 24929.76, 38347209, 206
1710, 83, 31, 33, 0, 0, 4.88%, 0, 0, 2, 22791.64, 38456605, 206
1715, 84, 0, 33, 0, 0, 4.88%, 0, 0, 2, 24203.56, 38580329, 206
1721, 84, 0, 33, 0, 0, 4.88%, 0, 0, 2, 22010.25, 38689437, 206
1726, 84, 0, 33, 0, 0, 4.88%, 0, 0, 2, 23659.18, 38807069, 206
1731, 85, 0, 33, 0, 0, 4.88%, 0, 0, 2, 23122.15, 38920687, 206
1736, 85, 0, 33, 0, 0, 4.88%, 0, 0, 2, 23839.73, 39040730, 206
1741, 85, 0, 33, 0, 0, 4.88%, 0, 0, 2, 22929.81, 39152171, 206
1746, 85, 0, 33, 0, 0, 4.88%, 0, 0, 2, 22375.23, 39269105, 206
1751, 86, 0, 33, 0, 0, 4.88%, 0, 0, 2, 21639.02, 39375567, 206
1756, 86, 0, 33, 0, 0, 4.88%, 0, 0, 2, 23740.23, 39500715, 206
1761, 86, 0, 33, 0, 0, 4.88%, 0, 0, 2, 22554.87, 39610623, 206
1766, 87, 0, 33, 0, 0, 4.88%, 0, 0, 2, 23971.05, 39734007, 206
1771, 87, 0, 33, 0, 0, 4.88%, 0, 0, 2, 21623.61, 39838538, 206
1776, 87, 30, 33, 0, 0, 4.88%, 0, 0, 2, 24719.82, 39971452, 206
1781, 87, 0, 33, 0, 0, 4.88%, 0, 0, 2, 23340.00, 40087040, 206
1787, 88, 0, 33, 0, 0, 4.88%, 0, 0, 2, 25493.73, 40215907, 206
1792, 88, 0, 33, 0, 0, 4.88%, 0, 0, 2, 21844.09, 40318723, 206
1797, 88, 0, 33, 0, 0, 4.88%, 0, 0, 2, 24646.59, 40448154, 206
1802, 88, 0, 33, 0, 0, 4.88%, 0, 0, 2, 22098.89, 40554734, 206
1807, 89, 0, 33, 0, 0, 4.88%, 0, 0, 2, 23898.20, 40682729, 206
1812, 89, 0, 33, 0, 0, 4.88%, 0, 0, 2, 22843.04, 40797558, 206
1817, 89, 4, 33, 0, 0, 4.88%, 0, 0, 2, 23706.99, 40920781, 206
1822, 90, 0, 33, 0, 0, 4.88%, 0, 0, 2, 22670.84, 41030477, 206
1827, 90, 0, 33, 0, 0, 4.88%, 0, 0, 2, 22579.32, 41148063, 206
1832, 90, 0, 33, 0, 0, 4.88%, 0, 0, 2, 24017.75, 41266100, 206
1837, 90, 0, 33, 0, 0, 4.88%, 0, 0, 2, 23932.65, 41390815, 206
1842, 91, 0, 33, 0, 0, 4.88%, 0, 0, 2, 23702.37, 41504202, 206
1848, 91, 0, 33, 0, 0, 4.88%, 0, 0, 2, 22976.34, 41627039, 206
1853, 91, 0, 33, 0, 0, 4.88%, 0, 0, 2, 24052.91, 41743564, 206
1858, 91, 0, 33, 0, 0, 4.88%, 0, 0, 2, 24140.05, 41866953, 206
1863, 92, 0, 33, 0, 0, 4.88%, 0, 0, 2, 24740.18, 41993730, 206
1868, 92, 0, 33, 0, 0, 4.88%, 0, 0, 2, 22899.16, 42111445, 206
1873, 92, 0, 33, 0, 0, 4.88%, 0, 0, 2, 25261.46, 42242475, 206
1878, 92, 0, 33, 0, 0, 4.88%, 0, 0, 2, 23372.21, 42365041, 206
1883, 92, 0, 33, 0, 0, 4.88%, 0, 0, 2, 23819.84, 42482871, 206
1888, 93, 0, 33, 0, 0, 4.88%, 0, 0, 2, 21639.79, 42596887, 206
1893, 93, 31, 33, 0, 0, 4.88%, 0, 0, 2, 24389.98, 42721875, 206
1899, 93, 0, 33, 0, 0, 4.88%, 0, 0, 2, 23212.88, 42839409, 206
1904, 93, 0, 33, 0, 0, 4.88%, 0, 0, 2, 25014.50, 42964437, 206
1909, 94, 0, 33, 0, 0, 4.88%, 0, 0, 2, 23484.85, 43085018, 206
1914, 94, 0, 33, 0, 0, 4.88%, 0, 0, 2, 24462.86, 43207056, 206
1919, 94, 0, 33, 0, 0, 4.88%, 0, 0, 2, 23272.53, 43327456, 206
1924, 94, 0, 33, 0, 0, 4.88%, 0, 0, 2, 22582.98, 43443277, 206
1929, 95, 0, 33, 0, 0, 4.88%, 0, 0, 2, 22342.26, 43559626, 206
1934, 95, 27, 33, 0, 0, 4.88%, 0, 0, 2, 22690.36, 43671900, 206
1939, 95, 0, 33, 0, 0, 4.88%, 0, 0, 2, 21056.69, 43778347, 206
1944, 96, 0, 33, 0, 0, 4.88%, 0, 0, 2, 24640.45, 43909586, 206
1949, 96, 0, 33, 0, 0, 4.88%, 0, 0, 2, 21410.21, 44020104, 206
1955, 96, 0, 33, 0, 0, 4.88%, 0, 0, 2, 22707.99, 44141257, 206
1960, 96, 0, 33, 0, 0, 4.88%, 0, 0, 2, 22472.15, 44259702, 206
1965, 97, 0, 33, 0, 0, 4.88%, 0, 0, 2, 23461.39, 44376197, 206
1970, 97, 0, 33, 0, 0, 4.88%, 0, 0, 2, 21779.99, 44483480, 206
1975, 97, 0, 33, 0, 0, 4.88%, 0, 0, 2, 25366.37, 44618719, 206
1980, 98, 0, 33, 0, 0, 4.88%, 0, 0, 2, 22972.83, 44731755, 206
1985, 98, 0, 33, 0, 0, 4.88%, 0, 0, 2, 24804.60, 44864698, 206
1990, 98, 0, 33, 0, 0, 4.88%, 0, 0, 2, 21469.08, 44969506, 206
1995, 99, 0, 33, 0, 0, 4.88%, 0, 0, 2, 23812.15, 45092968, 206
2000, 99, 0, 33, 0, 0, 4.88%, 0, 0, 2, 22364.15, 45203360, 206
2005, 99, 0, 33, 0, 0, 4.88%, 0, 0, 2, 24462.03, 45334396, 206
2011, 99, 0, 33, 0, 0, 4.88%, 0, 0, 2, 21925.74, 45436591, 206
2016, 100, 0, 33, 0, 0, 4.88%, 0, 0, 2, 24754.49, 45568885, 206
2021, 100, 0, 33, 0, 0, 4.88%, 0, 0, 2, 23267.87, 45682665, 206
2026, 100, 0, 33, 0, 0, 4.88%, 0, 0, 2, 23256.63, 45802827, 206
2031, 101, 0, 33, 0, 0, 4.88%, 0, 0, 2, 20624.41, 45903627, 206
2036, 101, 0, 33, 0, 0, 4.88%, 0, 0, 2, 22137.20, 46024073, 206
2041, 101, 0, 33, 0, 0, 4.88%, 0, 0, 2, 22123.12, 46136212, 206
2046, 102, 0, 33, 0, 0, 4.88%, 0, 0, 2, 23023.81, 46255236, 206
2051, 102, 5, 33, 0, 0, 4.88%, 0, 0, 2, 24200.05, 46372326, 206
2056, 102, 0, 33, 0, 0, 4.88%, 0, 0, 2, 25398.46, 46499891, 206
2061, 103, 0, 33, 0, 0, 4.88%, 0, 0, 2, 23244.82, 46615650, 206
2067, 103, 0, 33, 0, 0, 4.88%, 0, 0, 2, 23610.59, 46742701, 206
2072, 103, 20, 33, 0, 0, 4.88%, 0, 0, 2, 21872.33, 46846634, 206
2077, 103, 31, 33, 0, 0, 4.88%, 0, 0, 2, 24309.04, 46978626, 206
2082, 104, 0, 33, 0, 0, 4.88%, 0, 0, 2, 22636.00, 47086264, 206
2087, 104, 0, 33, 0, 0, 4.88%, 0, 0, 2, 23424.51, 47209644, 206
2092, 104, 0, 33, 0, 0, 4.88%, 0, 0, 2, 23613.68, 47323709, 206
2097, 104, 30, 33, 0, 0, 4.88%, 0, 0, 2, 24526.82, 47450578, 206
2102, 105, 0, 33, 0, 0, 4.88%, 0, 0, 2, 23215.90, 47561323, 206
2107, 105, 0, 33, 0, 0, 4.88%, 0, 0, 2, 23499.32, 47679533, 206
2112, 105, 30, 33, 0, 0, 4.88%, 0, 0, 2, 24220.16, 47800182, 206
2117, 106, 0, 33, 0, 0, 4.88%, 0, 0, 2, 23288.43, 47917997, 206
2122, 106, 0, 33, 0, 0, 4.88%, 0, 0, 2, 23637.89, 48032342, 206
2128, 106, 0, 33, 0, 0, 4.88%, 0, 0, 2, 22708.74, 48157351, 206
2133, 106, 0, 33, 0, 0, 4.88%, 0, 0, 2, 23756.00, 48273469, 206
2138, 106, 25, 33, 0, 0, 4.88%, 0, 0, 2, 24033.56, 48404176, 206
2143, 107, 0, 33, 0, 0, 4.88%, 0, 0, 2, 23399.74, 48520731, 206
2148, 107, 0, 33, 0, 0, 4.88%, 0, 0, 2, 22504.61, 48637654, 206
2153, 107, 0, 33, 0, 0, 4.88%, 0, 0, 2, 23571.45, 48753138, 206
2158, 107, 0, 33, 0, 0, 4.88%, 0, 0, 2, 23021.86, 48874721, 206
2163, 108, 0, 33, 0, 0, 4.88%, 0, 0, 2, 23708.85, 48990638, 206
2168, 108, 0, 33, 0, 0, 4.88%, 0, 0, 2, 22784.24, 49114627, 206
2173, 108, 0, 33, 0, 0, 4.88%, 0, 0, 2, 24962.71, 49239236, 206
2178, 108, 0, 33, 0, 0, 4.88%, 0, 0, 2, 22702.21, 49357041, 206
2184, 109, 0, 33, 0, 0, 4.88%, 0, 0, 2, 22274.67, 49471175, 206
2189, 109, 17, 33, 0, 0, 4.88%, 0, 0, 2, 20128.29, 49571869, 206
2194, 109, 0, 33, 0, 0, 4.88%, 0, 0, 2, 23212.53, 49686894, 206
2199, 109, 0, 33, 0, 0, 4.88%, 0, 0, 2, 22360.36, 49806926, 206
2204, 110, 0, 33, 0, 0, 4.88%, 0, 0, 2, 25096.41, 49940294, 206
2209, 110, 0, 33, 0, 0, 4.88%, 0, 0, 2, 23206.47, 50058719, 206
2214, 110, 27, 33, 0, 0, 4.88%, 0, 0, 2, 24750.94, 50181277, 206
2219, 110, 5, 33, 0, 0, 4.88%, 0, 0, 2, 22548.32, 50296473, 206
2224, 111, 0, 33, 0, 0, 4.88%, 0, 0, 2, 24696.15, 50418070, 206
2229, 111, 31, 33, 0, 0, 4.88%, 0, 0, 2, 21906.22, 50529087, 206
2234, 111, 0, 33, 0, 0, 4.88%, 0, 0, 2, 23394.85, 50645900, 206
2239, 112, 30, 33, 0, 0, 4.88%, 0, 0, 2, 22331.61, 50761740, 206
2244, 112, 0, 33, 0, 0, 4.88%, 0, 0, 2, 23516.79, 50878791, 206
2249, 112, 28, 33, 0, 0, 4.88%, 0, 0, 2, 20639.43, 50984980, 206
2254, 112, 0, 33, 0, 0, 4.88%, 0, 0, 2, 24369.34, 51108170, 206
2260, 112, 0, 33, 0, 0, 4.88%, 0, 0, 2, 22733.75, 51221360, 206
2265, 113, 0, 33, 0, 0, 4.88%, 0, 0, 2, 25628.09, 51350043, 206
2270, 113, 0, 33, 0, 0, 4.88%, 0, 0, 2, 22495.40, 51466566, 206
2275, 113, 0, 33, 0, 0, 4.88%, 0, 0, 2, 25680.13, 51599629, 206
2280, 113, 4, 33, 0, 0, 4.88%, 0, 0, 2, 22592.17, 51713099, 206
2285, 114, 0, 33, 0, 0, 4.88%, 0, 0, 2, 23922.87, 51837430, 206
2290, 114, 0, 33, 0, 0, 4.88%, 0, 0, 2, 21958.26, 51947112, 206
2295, 114, 0, 33, 0, 0, 4.88%, 0, 0, 2, 23722.26, 52073263, 206
2300, 115, 0, 33, 0, 0, 4.88%, 0, 0, 2, 22260.21, 52185328, 206
2305, 115, 0, 33, 0, 0, 4.88%, 0, 0, 2, 22840.53, 52302099, 206
2310, 115, 0, 33, 0, 0, 4.88%, 0, 0, 2, 21274.24, 52404652, 206
2316, 116, 0, 33, 0, 0, 4.88%, 0, 0, 2, 24016.15, 52533598, 206
2321, 116, 0, 33, 0, 0, 4.88%, 0, 0, 2, 22705.82, 52647563, 206
2326, 116, 0, 33, 0, 0, 4.88%, 0, 0, 2, 26122.18, 52778381, 206
2331, 116, 14, 33, 0, 0, 4.88%, 0, 0, 2, 24317.93, 52897916, 206
2336, 117, 0, 33, 0, 0, 4.88%, 0, 0, 2, 25361.52, 53030289, 206
2341, 117, 31, 33, 0, 0, 4.88%, 0, 0, 2, 24313.21, 53148243, 206
2346, 117, 0, 33, 0, 0, 4.88%, 0, 0, 2, 26064.40, 53281973, 206
2351, 117, 0, 33, 0, 0, 4.88%, 0, 0, 2, 23365.49, 53394764, 206
2356, 118, 0, 33, 0, 0, 4.88%, 0, 0, 2, 26205.57, 53532875, 206
2361, 118, 5, 33, 0, 0, 4.88%, 0, 0, 2, 23396.51, 53649999, 206
2366, 118, 7, 33, 0, 0, 4.88%, 0, 0, 2, 23871.66, 53779711, 206
2371, 118, 14, 33, 0, 0, 4.88%, 0, 0, 2, 23497.54, 53890921, 206
2376, 119, 0, 33, 0, 0, 4.88%, 0, 0, 2, 23749.89, 54010431, 206
2382, 119, 30, 33, 0, 0, 4.88%, 0, 0, 2, 24013.21, 54129872, 206
2387, 119, 0, 33, 0, 0, 4.88%, 0, 0, 2, 25369.50, 54258186, 206
2392, 120, 0, 33, 0, 0, 4.88%, 0, 0, 2, 22971.62, 54366915, 206
2397, 120, 0, 33, 0, 0, 4.88%, 0, 0, 2, 23594.37, 54487600, 206
2402, 120, 0, 33, 0, 0, 4.88%, 0, 0, 2, 22551.50, 54596344, 206
2407, 121, 0, 33, 0, 0, 4.88%, 0, 0, 2, 23494.01, 54720953, 206
2412, 121, 0, 33, 0, 0, 4.88%, 0, 0, 2, 23585.73, 54835212, 206
2417, 121, 0, 33, 0, 0, 4.88%, 0, 0, 2, 24864.68, 54968414, 206
2422, 122, 0, 33, 0, 0, 4.88%, 0, 0, 2, 23200.22, 55080688, 206
2427, 122, 0, 33, 0, 0, 4.88%, 0, 0, 2, 22215.94, 55198033, 206
2433, 122, 24, 33, 0, 0, 4.88%, 0, 0, 2, 23120.35, 55315038, 206
2438, 123, 24, 33, 0, 0, 4.88%, 0, 0, 2, 21529.48, 55424532, 206
2443, 123, 0, 33, 0, 0, 4.88%, 0, 0, 2, 23299.05, 55542452, 206
2448, 123, 0, 33, 0, 0, 4.88%, 0, 0, 2, 24576.88, 55670763, 206
2453, 124, 0, 33, 0, 0, 4.88%, 0, 0, 2, 26843.67, 55798884, 206
2458, 124, 0, 33, 0, 0, 4.88%, 0, 0, 2, 24424.15, 55926636, 206
2463, 124, 0, 33, 0, 0, 4.88%, 0, 0, 2, 25273.47, 56046491, 206
2468, 124, 0, 33, 0, 0, 4.88%, 0, 0, 2, 24087.50, 56171671, 206
2473, 125, 0, 33, 0, 0, 4.88%, 0, 0, 2, 25422.90, 56296778, 206
2478, 125, 0, 33, 0, 0, 4.88%, 0, 0, 2, 23205.51, 56414886, 206
2483, 125, 0, 33, 0, 0, 4.88%, 0, 0, 2, 25138.03, 56539411, 206
2488, 125, 0, 33, 0, 0, 4.88%, 0, 0, 2, 22046.25, 56652948, 206
2493, 126, 0, 33, 0, 0, 4.88%, 0, 0, 2, 24024.29, 56773850, 206
2498, 126, 0, 33, 0, 0, 4.88%, 0, 0, 2, 23487.92, 56898397, 206
2503, 126, 0, 33, 0, 0, 4.88%, 0, 0, 2, 24172.00, 57016097, 206
2508, 127, 25, 33, 0, 0, 4.88%, 0, 0, 2, 23345.97, 57139952, 206
2513, 127, 0, 33, 0, 0, 4.88%, 0, 0, 2, 25236.43, 57264550, 206
2518, 127, 0, 33, 0, 0, 4.88%, 0, 0, 2, 23448.68, 57388921, 206
2523, 127, 30, 33, 0, 0, 4.88%, 0, 0, 2, 24297.90, 57509564, 206
2528, 128, 0, 33, 0, 0, 4.88%, 0, 0, 2, 22451.17, 57624032, 206
2534, 128, 0, 33, 0, 0, 4.88%, 0, 0, 2, 24948.06, 57751978, 206
2539, 128, 0, 33, 0, 0, 4.88%, 0, 0, 2, 23041.21, 57880520, 206
2544, 128, 0, 33, 0, 0, 4.88%, 0, 0, 2, 23999.24, 58004805, 206
2549, 128, 0, 33, 0, 0, 4.88%, 0, 0, 2, 20510.96, 58109552, 206
2554, 129, 0, 33, 0, 0, 4.88%, 0, 0, 2, 25069.36, 58240473, 206
2559, 129, 0, 33, 0, 0, 4.88%, 0, 0, 2, 21403.11, 58348595, 206
2564, 129, 0, 33, 0, 0, 4.88%, 0, 0, 2, 25565.78, 58477889, 206
2569, 129, 0, 33, 0, 0, 4.88%, 0, 0, 2, 21896.14, 58587318, 206
2575, 130, 0, 33, 0, 0, 4.88%, 0, 0, 2, 25458.93, 58719721, 206
2580, 130, 0, 33, 0, 0, 4.88%, 0, 0, 2, 22037.22, 58837101, 206
2585, 130, 0, 33, 0, 0, 4.88%, 0, 0, 2, 24386.64, 58967910, 206
2590, 131, 0, 33, 0, 0, 4.88%, 0, 0, 2, 22074.78, 59079882, 206
2595, 131, 5, 33, 0, 0, 4.88%, 0, 0, 2, 22746.97, 59196265, 206
2600, 132, 30, 33, 0, 0, 4.88%, 0, 0, 2, 22012.13, 59308136, 206
2605, 132, 0, 33, 0, 0, 4.88%, 0, 0, 2, 25214.06, 59436756, 206
2610, 132, 0, 33, 0, 0, 4.88%, 0, 0, 2, 20934.73, 59536850, 206
2616, 132, 0, 33, 0, 0, 4.88%, 0, 0, 2, 24988.15, 59670451, 206
2621, 133, 0, 33, 0, 0, 4.88%, 0, 0, 2, 22684.01, 59780888, 206
2626, 133, 0, 33, 0, 0, 4.88%, 0, 0, 2, 23508.04, 59904830, 206
2631, 134, 17, 33, 0, 0, 4.88%, 0, 0, 2, 24120.34, 60022904, 206
2636, 134, 17, 33, 0, 0, 4.88%, 0, 0, 2, 24388.47, 60148005, 206
2641, 134, 0, 33, 0, 0, 4.88%, 0, 0, 2, 24236.53, 60264238, 206
2646, 135, 0, 33, 0, 0, 4.88%, 0, 0, 2, 26010.54, 60398682, 206
2651, 135, 24, 33, 0, 0, 4.88%, 0, 0, 2, 22878.61, 60509040, 206
2656, 135, 19, 33, 0, 0, 4.88%, 0, 0, 2, 25533.20, 60635985, 206
2661, 136, 0, 33, 0, 0, 4.88%, 0, 0, 2, 23652.24, 60752421, 206
2666, 136, 0, 33, 0, 0, 4.88%, 0, 0, 2, 24024.57, 60877233, 206
2671, 136, 0, 33, 0, 0, 4.88%, 0, 0, 2, 23476.08, 60987481, 206
2676, 137, 0, 33, 0, 0, 4.88%, 0, 0, 2, 25933.87, 61122224, 206
2681, 137, 0, 33, 0, 0, 4.88%, 0, 0, 2, 22796.36, 61233082, 206
2686, 137, 0, 33, 0, 0, 4.88%, 0, 0, 2, 25451.03, 61367907, 206
2691, 138, 0, 33, 0, 0, 4.88%, 0, 0, 2, 25244.49, 61490453, 206
2697, 138, 0, 33, 0, 0, 4.88%, 0, 0, 2, 25879.31, 61629364, 206
2702, 138, 0, 33, 0, 0, 4.88%, 0, 0, 2, 24716.36, 61750390, 206
2707, 138, 0, 33, 0, 0, 4.88%, 0, 0, 2, 28052.15, 61898937, 206
2712, 139, 0, 33, 0, 0, 4.88%, 0, 0, 2, 24892.90, 62016922, 206
2717, 139, 0, 33, 0, 0, 4.88%, 0, 0, 2, 26827.05, 62153937, 206
2722, 139, 0, 33, 0, 0, 4.88%, 0, 0, 2, 24065.04, 62266925, 206
2727, 139, 0, 33, 0, 0, 4.88%, 0, 0, 2, 22515.78, 62387157, 206
2732, 140, 0, 33, 0, 0, 4.88%, 0, 0, 2, 23913.64, 62503474, 206
2737, 140, 0, 33, 0, 0, 4.88%, 0, 0, 2, 25550.97, 62640779, 206
2742, 140, 0, 33, 0, 0, 4.88%, 0, 0, 2, 24370.28, 62759061, 206
2747, 141, 0, 33, 0, 0, 4.88%, 0, 0, 2, 25201.13, 62891272, 206
2752, 141, 0, 33, 0, 0, 4.88%, 0, 0, 2, 23698.16, 63006130, 206
2757, 141, 31, 33, 0, 0, 4.88%, 0, 0, 2, 24243.18, 63136650, 206
2762, 142, 0, 33, 0, 0, 4.88%, 0, 0, 2, 23640.30, 63251078, 206
2767, 142, 20, 33, 0, 0, 4.88%, 0, 0, 2, 25781.92, 63384585, 206
2773, 142, 0, 33, 0, 0, 4.88%, 0, 0, 2, 24479.71, 63502426, 206
2778, 142, 0, 33, 0, 0, 4.88%, 0, 0, 2, 25854.90, 63638730, 206
2783, 143, 30, 33, 0, 0, 4.88%, 0, 0, 2, 25620.08, 63767764, 206
2788, 143, 0, 33, 0, 0, 4.88%, 0, 0, 2, 22381.26, 63880522, 206
2793, 143, 22, 33, 0, 0, 4.88%, 0, 0, 2, 24097.43, 63999666, 206
2798, 143, 0, 33, 0, 0, 4.88%, 0, 0, 2, 24689.29, 64129429, 206
2803, 144, 0, 33, 0, 0, 4.88%, 0, 0, 2, 24406.28, 64249693, 206
2808, 144, 0, 33, 0, 0, 4.88%, 0, 0, 2, 23686.76, 64375006, 206
2813, 144, 5, 33, 0, 0, 4.88%, 0, 0, 2, 24024.94, 64494686, 206
2818, 145, 0, 33, 0, 0, 4.88%, 0, 0, 2, 23436.30, 64617670, 206
2823, 145, 0, 33, 0, 0, 4.88%, 0, 0, 2, 25527.73, 64753347, 206
2828, 145, 0, 33, 0, 0, 4.88%, 0, 0, 2, 23764.64, 64882323, 206
2833, 146, 0, 33, 0, 0, 4.88%, 0, 0, 2, 24222.64, 65003506, 206
2838, 146, 0, 33, 0, 0, 4.88%, 0, 0, 2, 24644.21, 65131646, 206
2844, 146, 0, 33, 0, 0, 4.88%, 0, 0, 2, 26291.14, 65267584, 206
2849, 146, 0, 33, 0, 0, 4.88%, 0, 0, 2, 23662.65, 65389976, 206
2854, 147, 0, 33, 0, 0, 4.88%, 0, 0, 2, 25615.82, 65519989, 206
2859, 147, 0, 33, 0, 0, 4.88%, 0, 0, 2, 22155.69, 65637382, 206
2864, 147, 0, 33, 0, 0, 4.88%, 0, 0, 2, 25341.01, 65764548, 206
2869, 147, 0, 33, 0, 0, 4.88%, 0, 0, 2, 23048.94, 65882964, 206
2874, 148, 0, 33, 0, 0, 4.88%, 0, 0, 2, 23469.32, 65998128, 206
2879, 148, 0, 33, 0, 0, 4.88%, 0, 0, 2, 23143.28, 66119426, 206
2884, 148, 0, 33, 0, 0, 4.88%, 0, 0, 2, 25944.37, 66255074, 206
2889, 149, 29, 33, 0, 0, 4.88%, 0, 0, 2, 24777.67, 66383269, 206
2895, 149, 0, 33, 0, 0, 4.88%, 0, 0, 2, 27637.68, 66530156, 206
2900, 149, 0, 33, 0, 0, 4.88%, 0, 0, 2, 24937.88, 66655995, 206
2905, 149, 0, 33, 0, 0, 4.88%, 0, 0, 2, 27110.14, 66793768, 206
2910, 150, 0, 33, 0, 0, 4.88%, 0, 0, 2, 22275.74, 66900091, 206
2915, 150, 0, 33, 0, 0, 4.88%, 0, 0, 2, 26314.72, 67036088, 206
2920, 151, 0, 33, 0, 0, 4.88%, 0, 0, 2, 23144.87, 67162514, 206
2925, 151, 0, 33, 0, 0, 4.88%, 0, 0, 2, 25452.68, 67287048, 206
2930, 151, 0, 33, 0, 0, 4.88%, 0, 0, 2, 23279.47, 67408520, 206
2935, 152, 0, 33, 0, 0, 4.88%, 0, 0, 2, 25440.69, 67541937, 206
2940, 152, 0, 33, 0, 0, 4.88%, 0, 0, 2, 23879.19, 67661233, 206
2945, 152, 18, 33, 0, 0, 4.88%, 0, 0, 2, 25620.79, 67798892, 206
2950, 152, 0, 33, 0, 0, 4.88%, 0, 0, 2, 23864.30, 67915067, 206
2955, 153, 0, 33, 0, 0, 4.88%, 0, 0, 2, 26575.37, 68053239, 206
2960, 153, 0, 33, 0, 0, 4.88%, 0, 0, 2, 23470.45, 68168779, 206
2966, 153, 0, 33, 0, 0, 4.88%, 0, 0, 2, 25673.07, 68304442, 206
2971, 154, 0, 33, 0, 0, 4.88%, 0, 0, 2, 21993.49, 68406741, 206
2976, 154, 0, 33, 0, 0, 4.88%, 0, 0, 2, 26318.23, 68547579, 206
2981, 154, 0, 33, 0, 0, 4.88%, 0, 0, 2, 24268.30, 68662516, 206
2986, 154, 0, 33, 0, 0, 4.88%, 0, 0, 2, 28231.80, 68811176, 206
2991, 155, 0, 33, 0, 0, 4.88%, 0, 0, 2, 22627.59, 68918623, 206
2996, 155, 0, 33, 0, 0, 4.88%, 0, 0, 2, 25790.54, 69051273, 206
3001, 155, 30, 33, 0, 0, 4.88%, 0, 0, 2, 25092.83, 69169977, 206
3006, 156, 0, 33, 0, 0, 4.88%, 0, 0, 2, 24356.99, 69295184, 206
3011, 156, 0, 33, 0, 0, 4.88%, 0, 0, 2, 23027.50, 69408683, 206
3016, 156, 0, 33, 0, 0, 4.88%, 0, 0, 2, 27739.30, 69548299, 206
3022, 157, 0, 33, 0, 0, 4.88%, 0, 0, 2, 24431.13, 69668591, 206
3027, 157, 0, 33, 0, 0, 4.88%, 0, 0, 2, 25327.69, 69803113, 206
3032, 157, 0, 33, 0, 0, 4.88%, 0, 0, 2, 24300.90, 69921811, 206
3037, 158, 0, 33, 0, 0, 4.88%, 0, 0, 2, 25947.69, 70060077, 206
3042, 158, 0, 33, 0, 0, 4.88%, 0, 0, 2, 22676.73, 70167489, 206
3047, 158, 0, 33, 0, 0, 4.88%, 0, 0, 2, 24538.17, 70299957, 206
3052, 158, 0, 33, 0, 0, 4.88%, 0, 0, 2, 25044.60, 70421188, 206
3057, 159, 2, 33, 0, 0, 4.88%, 0, 0, 2, 24201.00, 70542147, 206
3062, 159, 0, 33, 0, 0, 4.88%, 0, 0, 2, 23695.41, 70662959, 206
3067, 159, 0, 33, 0, 0, 4.88%, 0, 0, 2, 24709.12, 70797837, 206
3072, 160, 0, 33, 0, 0, 4.88%, 0, 0, 2, 25040.76, 70921026, 206
3077, 160, 0, 33, 0, 0, 4.88%, 0, 0, 2, 25684.77, 71053456, 206
3083, 160, 0, 33, 0, 0, 4.88%, 0, 0, 2, 24285.73, 71170139, 206
3088, 161, 27, 33, 0, 0, 4.88%, 0, 0, 2, 22496.64, 71290928, 206
3093, 161, 0, 33, 0, 0, 4.88%, 0, 0, 2, 22847.36, 71404391, 206
3098, 161, 0, 33, 0, 0, 4.88%, 0, 0, 2, 24849.98, 71540401, 206
3103, 162, 0, 33, 0, 0, 4.88%, 0, 0, 2, 25057.77, 71666301, 206
3108, 162, 0, 33, 0, 0, 4.88%, 0, 0, 2, 26158.50, 71807024, 206
3113, 162, 0, 33, 0, 0, 4.88%, 0, 0, 2, 27050.36, 71942317, 206
3118, 163, 0, 33, 0, 0, 4.88%, 0, 0, 2, 23266.49, 72063584, 206
3124, 163, 0, 33, 0, 0, 4.88%, 0, 0, 2, 26907.09, 72193657, 206
3129, 163, 0, 33, 0, 0, 4.88%, 0, 0, 2, 24773.25, 72322806, 206
3134, 163, 30, 33, 0, 0, 4.88%, 0, 0, 2, 25621.95, 72448660, 206
3139, 164, 5, 33, 0, 0, 4.88%, 0, 0, 2, 24264.26, 72575163, 206
3144, 164, 0, 33, 0, 0, 4.88%, 0, 0, 2, 25620.64, 72703327, 206
3149, 164, 0, 33, 0, 0, 4.88%, 0, 0, 2, 22100.16, 72816171, 206
3154, 164, 0, 33, 0, 0, 4.88%, 0, 0, 2, 25881.08, 72947688, 206
3159, 165, 0, 33, 0, 0, 4.88%, 0, 0, 2, 25025.99, 73080926, 206
3164, 165, 0, 33, 0, 0, 4.88%, 0, 0, 2, 25302.87, 73210755, 206
3169, 165, 0, 33, 0, 0, 4.88%, 0, 0, 2, 22120.82, 73321642, 206
3174, 166, 0, 33, 0, 0, 4.88%, 0, 0, 2, 26566.56, 73461459, 206
3180, 166, 5, 33, 0, 0, 4.88%, 0, 0, 2, 23678.51, 73582432, 206
3185, 166, 0, 33, 0, 0, 4.88%, 0, 0, 2, 24924.60, 73710029, 206
3190, 167, 25, 33, 0, 0, 4.88%, 0, 0, 2, 22091.23, 73823406, 206
3195, 167, 0, 33, 0, 0, 4.88%, 0, 0, 2, 24142.15, 73949814, 206
3200, 167, 4, 33, 0, 0, 4.88%, 0, 0, 2, 23401.28, 74072893, 206
3205, 167, 0, 33, 0, 0, 4.88%, 0, 0, 2, 27732.99, 74213562, 206
3210, 168, 0, 33, 0, 0, 4.88%, 0, 0, 2, 22623.99, 74321519, 206
3215, 168, 0, 33, 0, 0, 4.88%, 0, 0, 2, 25590.56, 74454412, 206
3220, 168, 30, 33, 0, 0, 4.88%, 0, 0, 2, 23665.03, 74572072, 206
3225, 169, 0, 33, 0, 0, 4.88%, 0, 0, 2, 27709.17, 74719593, 206
3231, 169, 0, 33, 0, 0, 4.88%, 0, 0, 2, 22913.72, 74832881, 206
3236, 169, 0, 33, 0, 0, 4.88%, 0, 0, 2, 27633.57, 74979116, 206
3241, 170, 0, 33, 0, 0, 4.88%, 0, 0, 2, 23913.25, 75094010, 206
3246, 170, 0, 33, 0, 0, 4.88%, 0, 0, 2, 23714.97, 75215985, 206
3251, 170, 29, 33, 0, 0, 4.88%, 0, 0, 2, 23094.85, 75331812, 206
3256, 171, 0, 33, 0, 0, 4.88%, 0, 0, 2, 26343.93, 75467988, 206
3261, 171, 0, 33, 0, 0, 4.88%, 0, 0, 2, 24151.38, 75592119, 206
3266, 171, 0, 33, 0, 0, 4.88%, 0, 0, 2, 27730.65, 75738464, 206
3271, 172, 0, 33, 0, 0, 4.88%, 0, 0, 2, 23836.65, 75850166, 206
3276, 172, 0, 33, 0, 0, 4.88%, 0, 0, 2, 26502.50, 75986379, 206
3281, 172, 0, 33, 0, 0, 4.88%, 0, 0, 2, 24191.73, 76102191, 206
3286, 172, 0, 33, 0, 0, 4.88%, 0, 0, 2, 27921.76, 76246952, 206
3291, 172, 0, 33, 0, 0, 4.88%, 0, 0, 2, 25248.44, 76368357, 206
3296, 173, 0, 33, 0, 0, 4.88%, 0, 0, 2, 26114.72, 76502226, 206
3301, 173, 0, 33, 0, 0, 4.88%, 0, 0, 2, 24929.35, 76620749, 206
3306, 173, 0, 33, 0, 0, 4.88%, 0, 0, 2, 26542.28, 76758546, 206
3312, 173, 0, 33, 0, 0, 4.88%, 0, 0, 2, 26501.28, 76886291, 206
3317, 174, 0, 33, 0, 0, 4.88%, 0, 0, 2, 28172.59, 77030231, 206
3322, 174, 0, 33, 0, 0, 4.88%, 0, 0, 2, 25388.42, 77148259, 206
3327, 174, 0, 33, 0, 0, 4.88%, 0, 0, 2, 25690.79, 77287229, 206
3332, 175, 0, 33, 0, 0, 4.88%, 0, 0, 2, 22152.23, 77390585, 206
3337, 175, 0, 33, 0, 0, 4.88%, 0, 0, 2, 24959.76, 77528941, 206
3342, 175, 0, 33, 0, 0, 4.88%, 0, 0, 2, 25335.83, 77648856, 206
3347, 175, 0, 33, 0, 0, 4.88%, 0, 0, 2, 25035.08, 77786363, 206
3352, 176, 28, 33, 0, 0, 4.88%, 0, 0, 2, 24370.05, 77909737, 206
3357, 176, 0, 33, 0, 0, 4.88%, 0, 0, 2, 24482.38, 78034034, 206
3363, 176, 0, 33, 0, 0, 4.88%, 0, 0, 2, 23986.26, 78155385, 206
3368, 177, 0, 33, 0, 0, 4.88%, 0, 0, 2, 23744.94, 78277562, 206
3373, 177, 0, 33, 0, 0, 4.88%, 0, 0, 2, 24134.86, 78397544, 206
3378, 177, 0, 33, 0, 0, 4.88%, 0, 0, 2, 24269.93, 78526267, 206
3383, 178, 0, 33, 0, 0, 4.88%, 0, 0, 2, 23385.05, 78638652, 206
3388, 178, 7, 33, 0, 0, 4.88%, 0, 0, 2, 23056.12, 78761373, 206
3393, 178, 0, 33, 0, 0, 4.88%, 0, 0, 2, 24194.26, 78878992, 206
3398, 179, 0, 33, 0, 0, 4.88%, 0, 0, 2, 24454.83, 79011335, 206
3403, 179, 0, 33, 0, 0, 4.88%, 0, 0, 2, 24522.04, 79135440, 206
3408, 179, 0, 33, 0, 0, 4.88%, 0, 0, 2, 23266.77, 79256238, 206
3413, 180, 19, 33, 0, 0, 4.88%, 0, 0, 2, 23405.58, 79373186, 206
3418, 180, 0, 33, 0, 0, 4.88%, 0, 0, 2, 24498.60, 79504297, 206
3423, 180, 0, 33, 0, 0, 4.88%, 0, 0, 2, 25470.08, 79632308, 206
3428, 181, 0, 33, 0, 0, 4.88%, 0, 0, 2, 25075.93, 79763128, 206
3433, 181, 0, 33, 0, 0, 4.88%, 0, 0, 2, 25021.12, 79885876, 206
3438, 181, 0, 33, 0, 0, 4.88%, 0, 0, 2, 23990.10, 80009071, 206
3443, 182, 0, 33, 0, 0, 4.88%, 0, 0, 2, 23542.16, 80128347, 206
3448, 182, 31, 33, 0, 0, 4.88%, 0, 0, 2, 21451.37, 80242610, 206
3454, 182, 0, 33, 0, 0, 4.88%, 0, 0, 2, 26177.03, 80381273, 206
3459, 182, 0, 33, 0, 0, 4.88%, 0, 0, 2, 24753.59, 80510892, 206
3464, 183, 0, 33, 0, 0, 4.88%, 0, 0, 2, 25374.75, 80637937, 206
3469, 183, 0, 33, 0, 0, 4.88%, 0, 0, 2, 23852.89, 80765019, 206
3474, 183, 0, 33, 0, 0, 4.88%, 0, 0, 2, 26474.81, 80901615, 206
3479, 184, 0, 33, 0, 0, 4.88%, 0, 0, 2, 25125.15, 81031401, 206
3484, 184, 0, 33, 0, 0, 4.88%, 0, 0, 2, 26346.42, 81161912, 206
3489, 184, 25, 33, 0, 0, 4.88%, 0, 0, 2, 23780.37, 81293724, 206
3494, 185, 0, 33, 0, 0, 4.88%, 0, 0, 2, 23846.12, 81414143, 206
3499, 185, 0, 33, 0, 0, 4.88%, 0, 0, 2, 23115.16, 81531058, 206
3504, 185, 0, 33, 0, 0, 4.88%, 0, 0, 2, 26841.77, 81676136, 206
3510, 186, 0, 33, 0, 0, 4.88%, 0, 0, 2, 21572.80, 81780355, 206
3515, 186, 0, 33, 0, 0, 4.88%, 0, 0, 2, 24063.72, 81906556, 206
3520, 186, 0, 33, 0, 0, 4.88%, 0, 0, 2, 23420.14, 82029890, 206
3525, 187, 0, 33, 0, 0, 4.88%, 0, 0, 2, 25256.42, 82156675, 206
3530, 187, 0, 33, 0, 0, 4.88%, 0, 0, 2, 22702.75, 82274896, 206
3535, 187, 0, 33, 0, 0, 4.88%, 0, 0, 2, 26392.77, 82421325, 206
3540, 187, 0, 33, 0, 0, 4.88%, 0, 0, 2, 26062.03, 82553646, 206
3545, 188, 0, 33, 0, 0, 4.88%, 0, 0, 2, 26433.39, 82689101, 206
3550, 188, 0, 33, 0, 0, 4.88%, 0, 0, 2, 22997.44, 82801833, 206
3555, 188, 0, 33, 0, 0, 4.88%, 0, 0, 2, 27613.59, 82948500, 206
3560, 189, 0, 33, 0, 0, 4.88%, 0, 0, 2, 23132.37, 83062277, 206
3565, 189, 0, 33, 0, 0, 4.88%, 0, 0, 2, 23826.29, 83183457, 206
3571, 189, 0, 33, 0, 0, 4.88%, 0, 0, 2, 22135.27, 83288670, 206
3576, 190, 0, 33, 0, 0, 4.88%, 0, 0, 2, 27465.88, 83432132, 206
3581, 190, 5, 33, 0, 0, 4.88%, 0, 0, 2, 24699.65, 83553328, 206
3586, 190, 0, 33, 0, 0, 4.88%, 0, 0, 2, 27014.23, 83691712, 206
3591, 191, 30, 33, 0, 0, 4.88%, 0, 0, 2, 22743.81, 83805157, 206
3596, 191, 4, 33, 0, 0, 4.88%, 0, 0, 2, 26311.54, 83940031, 206
3601, 191, 31, 33, 0, 0, 4.88%, 0, 0, 2, 25991.12, 84066282, 206
3606, 192, 5, 33, 0, 0, 4.88%, 0, 0, 2, 29957.51, 84226723, 206
3611, 192, 0, 33, 0, 0, 4.88%, 0, 0, 2, 24068.52, 84336981, 206
3616, 193, 0, 33, 0, 0, 4.88%, 0, 0, 2, 28074.76, 84487387, 206
3621, 193, 0, 33, 0, 0, 4.88%, 0, 0, 2, 26874.17, 84613767, 206
3626, 193, 0, 33, 0, 0, 4.88%, 0, 0, 2, 27221.12, 84753342, 206
3631, 193, 0, 33, 0, 0, 4.88%, 0, 0, 2, 23990.00, 84865382, 206
3636, 194, 0, 33, 0, 0, 4.88%, 0, 0, 2, 27773.03, 85003842, 206
3642, 194, 0, 33, 0, 0, 4.88%, 0, 0, 2, 24472.65, 85126052, 206
3647, 194, 0, 33, 0, 0, 4.88%, 0, 0, 2, 29895.84, 85277579, 206
3652, 195, 0, 33, 0, 0, 4.88%, 0, 0, 2, 27292.40, 85404439, 206
3657, 195, 0, 33, 0, 0, 4.88%, 0, 0, 2, 25870.35, 85535077, 206
3662, 196, 0, 33, 0, 0, 4.88%, 0, 0, 2, 23573.51, 85654176, 206
3667, 196, 30, 33, 0, 0, 4.88%, 0, 0, 2, 27804.92, 85804739, 206
3672, 196, 0, 33, 0, 0, 4.88%, 0, 0, 2, 27255.80, 85936259, 206
3677, 196, 0, 33, 0, 0, 4.88%, 0, 0, 2, 28912.12, 86083696, 206
3682, 197, 0, 33, 0, 0, 4.88%, 0, 0, 2, 27281.36, 86214896, 206
3687, 197, 0, 33, 0, 0, 4.88%, 0, 0, 2, 26009.43, 86348701, 206
3692, 197, 0, 33, 0, 0, 4.88%, 0, 0, 2, 23947.40, 86466281, 206
3697, 198, 0, 33, 0, 0, 4.88%, 0, 0, 2, 24703.74, 86591092, 206
3702, 198, 0, 33, 0, 0, 4.88%, 0, 0, 2, 26181.01, 86719063, 206
3707, 198, 0, 33, 0, 0, 4.88%, 0, 0, 2, 26116.74, 86861666, 206
3712, 198, 0, 33, 0, 0, 4.88%, 0, 0, 2, 23005.85, 86972711, 206
3717, 199, 0, 33, 0, 0, 4.88%, 0, 0, 2, 25268.20, 87102671, 206
3723, 199, 0, 33, 0, 0, 4.88%, 0, 0, 2, 27523.90, 87242944, 206
3728, 200, 30, 33, 0, 0, 4.88%, 0, 0, 2, 25920.67, 87375103, 206
3733, 200, 0, 33, 0, 0, 4.88%, 0, 0, 2, 26040.26, 87499988, 206
3738, 200, 0, 33, 0, 0, 4.88%, 0, 0, 2, 24436.03, 87626497, 206
3743, 200, 4, 33, 0, 0, 4.88%, 0, 0, 2, 25429.82, 87752561, 206
3748, 201, 0, 33, 0, 0, 4.88%, 0, 0, 2, 24312.07, 87879950, 206
3753, 201, 31, 33, 0, 0, 4.88%, 0, 0, 2, 26765.01, 88012042, 206
3758, 201, 0, 33, 0, 0, 4.88%, 0, 0, 2, 25847.11, 88141865, 206
3763, 202, 0, 33, 0, 0, 4.88%, 0, 0, 2, 25654.66, 88275049, 206
3768, 202, 0, 33, 0, 0, 4.88%, 0, 0, 2, 24765.76, 88399604, 206
3773, 202, 0, 33, 0, 0, 4.88%, 0, 0, 2, 26669.12, 88528333, 206
3778, 203, 0, 33, 0, 0, 4.88%, 0, 0, 2, 25040.62, 88659743, 206
3783, 203, 0, 33, 0, 0, 4.88%, 0, 0, 2, 27689.12, 88798735, 206
3788, 203, 20, 33, 0, 0, 4.88%, 0, 0, 2, 26296.70, 88937878, 206
3793, 203, 0, 33, 0, 0, 4.88%, 0, 0, 2, 27520.34, 89077439, 206
3798, 204, 0, 33, 0, 0, 4.88%, 0, 0, 2, 25197.25, 89207823, 206
3804, 204, 0, 33, 0, 0, 4.88%, 0, 0, 2, 26687.01, 89341258, 206
3809, 204, 0, 33, 0, 0, 4.88%, 0, 0, 2, 23641.72, 89463427, 206
3814, 204, 0, 33, 0, 0, 4.88%, 0, 0, 2, 26255.10, 89601302, 206
3819, 205, 30, 33, 0, 0, 4.88%, 0, 0, 2, 24869.46, 89732935, 206
3824, 205, 0, 33, 0, 0, 4.88%, 0, 0, 2, 26854.57, 89866036, 206
3829, 205, 0, 33, 0, 0, 4.88%, 0, 0, 2, 24321.84, 89993157, 206
3834, 206, 0, 33, 0, 0, 4.88%, 0, 0, 2, 25740.88, 90121633, 206
3839, 206, 0, 33, 0, 0, 4.88%, 0, 0, 2, 25514.26, 90255945, 206
3844, 206, 0, 33, 0, 0, 4.88%, 0, 0, 2, 24810.04, 90382195, 206
3849, 207, 0, 33, 0, 0, 4.88%, 0, 0, 2, 23906.83, 90503952, 206
3854, 207, 22, 33, 0, 0, 4.88%, 0, 0, 2, 24997.41, 90635238, 206
3859, 207, 31, 33, 0, 0, 4.88%, 0, 0, 2, 24768.71, 90759120, 206
3865, 208, 30, 33, 0, 0, 4.88%, 0, 0, 2, 26613.91, 90891190, 206
3870, 208, 0, 33, 0, 0, 4.88%, 0, 0, 2, 22766.22, 90999389, 206
3875, 208, 0, 33, 0, 0, 4.88%, 0, 0, 2, 27096.24, 91147202, 206
3880, 209, 0, 33, 0, 0, 4.88%, 0, 0, 2, 23463.72, 91264837, 206
3885, 209, 0, 33, 0, 0, 4.88%, 0, 0, 2, 26977.21, 91403120, 206
3890, 209, 0, 33, 0, 0, 4.88%, 0, 0, 2, 24151.47, 91526297, 206
3895, 210, 0, 33, 0, 0, 4.88%, 0, 0, 2, 28078.42, 91675910, 206
3900, 210, 0, 33, 0, 0, 4.88%, 0, 0, 2, 24194.81, 91796646, 206
3906, 210, 0, 33, 0, 0, 4.88%, 0, 0, 2, 28621.66, 91946550, 206
3911, 211, 0, 33, 0, 0, 4.88%, 0, 0, 2, 25853.21, 92069824, 206
3916, 211, 0, 33, 0, 0, 4.88%, 0, 0, 2, 27701.86, 92211263, 206
3921, 211, 0, 33, 0, 0, 4.88%, 0, 0, 2, 26633.76, 92345632, 206
3926, 212, 5, 33, 0, 0, 4.88%, 0, 0, 2, 24432.02, 92469532, 206
3931, 212, 30, 33, 0, 0, 4.88%, 0, 0, 2, 23040.82, 92582868, 206
3936, 212, 0, 33, 0, 0, 4.88%, 0, 0, 2, 26426.09, 92719921, 206
3941, 213, 0, 33, 0, 0, 4.88%, 0, 0, 2, 25547.65, 92841955, 206
3946, 213, 17, 33, 0, 0, 4.88%, 0, 0, 2, 26550.88, 92976707, 206
3951, 213, 0, 33, 0, 0, 4.88%, 0, 0, 2, 23583.92, 93089830, 206
3956, 214, 0, 33, 0, 0, 4.88%, 0, 0, 2, 27415.17, 93238804, 206
3961, 214, 0, 33, 0, 0, 4.88%, 0, 0, 2, 25040.40, 93360570, 206
3966, 214, 0, 33, 0, 0, 4.88%, 0, 0, 2, 29345.41, 93515246, 206
3972, 215, 0, 33, 0, 0, 4.88%, 0, 0, 2, 26470.92, 93637539, 206
3977, 215, 0, 33, 0, 0, 4.88%, 0, 0, 2, 28931.65, 93790653, 206
3982, 215, 0, 33, 0, 0, 4.88%, 0, 0, 2, 25499.23, 93913996, 206
3987, 215, 0, 33, 0, 0, 4.88%, 0, 0, 2, 26457.40, 94052842, 206
3992, 216, 0, 33, 0, 0, 4.88%, 0, 0, 2, 25360.11, 94170316, 206
3997, 216, 0, 33, 0, 0, 4.88%, 0, 0, 2, 25932.94, 94306205, 206
4002, 216, 0, 33, 0, 0, 4.88%, 0, 0, 2, 25783.72, 94427604, 206
4007, 217, 0, 33, 0, 0, 4.88%, 0, 0, 2, 27637.97, 94566357, 206
4012, 217, 0, 33, 0, 0, 4.88%, 0, 0, 2, 28237.95, 94701099, 206
4017, 217, 30, 33, 0, 0, 4.88%, 0, 0, 2, 29602.84, 94853823, 206
4022, 217, 0, 33, 0, 0, 4.88%, 0, 0, 2, 26135.14, 94971702, 206
4027, 218, 0, 33, 0, 0, 4.88%, 0, 0, 2, 25526.02, 95102343, 206
4032, 218, 0, 33, 0, 0, 4.88%, 0, 0, 2, 26721.37, 95233530, 206
4037, 219, 0, 33, 0, 0, 4.88%, 0, 0, 2, 27344.84, 95374679, 206
4042, 219, 0, 33, 0, 0, 4.88%, 0, 0, 2, 25842.65, 95500066, 206
4047, 219, 0, 33, 0, 0, 4.88%, 0, 0, 2, 25549.68, 95638485, 206
4053, 219, 25, 33, 0, 0, 4.88%, 0, 0, 2, 26538.70, 95772682, 206
4058, 220, 0, 33, 0, 0, 4.88%, 0, 0, 2, 26105.20, 95905770, 206
4063, 220, 0, 33, 0, 0, 4.88%, 0, 0, 2, 26004.89, 96030556, 206
4068, 220, 0, 33, 0, 0, 4.88%, 0, 0, 2, 26938.64, 96173966, 206
4073, 221, 0, 33, 0, 0, 4.88%, 0, 0, 2, 28308.73, 96314891, 206
4078, 221, 0, 33, 0, 0, 4.88%, 0, 0, 2, 26061.46, 96452494, 206
4083, 221, 0, 33, 0, 0, 4.88%, 0, 0, 2, 27996.88, 96597476, 206
4088, 221, 0, 33, 0, 0, 4.88%, 0, 0, 2, 25530.89, 96730347, 206
4093, 222, 0, 33, 0, 0, 4.88%, 0, 0, 2, 25909.76, 96863614, 206
4098, 222, 22, 33, 0, 0, 4.88%, 0, 0, 2, 24469.46, 96991238, 206
4103, 222, 20, 33, 0, 0, 4.88%, 0, 0, 2, 26345.86, 97120210, 206
4109, 222, 0, 33, 0, 0, 4.88%, 0, 0, 2, 22557.69, 97235766, 206
4114, 223, 5, 33, 0, 0, 4.88%, 0, 0, 2, 28510.20, 97389170, 206
4119, 223, 0, 33, 0, 0, 4.88%, 0, 0, 2, 25415.65, 97523262, 206
4124, 224, 0, 33, 0, 0, 4.88%, 0, 0, 2, 28050.64, 97674916, 206
4129, 224, 5, 33, 0, 0, 4.88%, 0, 0, 2, 24757.10, 97800511, 206
4134, 224, 0, 33, 0, 0, 4.88%, 0, 0, 2, 25881.61, 97928590, 206
4139, 225, 0, 33, 0, 0, 4.88%, 0, 0, 2, 23389.96, 98048525, 206
4144, 225, 0, 33, 0, 0, 4.88%, 0, 0, 2, 28469.26, 98196110, 206
4149, 225, 30, 33, 0, 0, 4.88%, 0, 0, 2, 24531.49, 98319958, 206
4154, 225, 0, 33, 0, 0, 4.88%, 0, 0, 2, 25042.80, 98443040, 206
4159, 226, 18, 33, 0, 0, 4.88%, 0, 0, 2, 22721.46, 98559975, 206
4165, 226, 0, 33, 0, 0, 4.88%, 0, 0, 2, 27750.84, 98704210, 206
4170, 227, 0, 33, 0, 0, 4.88%, 0, 0, 2, 23113.48, 98817588, 206
4175, 227, 0, 33, 0, 0, 4.88%, 0, 0, 2, 26677.79, 98959190, 206
4180, 227, 0, 33, 0, 0, 4.88%, 0, 0, 2, 25379.39, 99087301, 206
4185, 228, 30, 33, 0, 0, 4.88%, 0, 0, 2, 29726.43, 99242926, 206
4190, 228, 5, 33, 0, 0, 4.88%, 0, 0, 2, 26189.91, 99377516, 206
4195, 228, 7, 33, 0, 0, 4.88%, 0, 0, 2, 28026.77, 99518780, 206
4200, 229, 0, 33, 0, 0, 4.88%, 0, 0, 2, 26901.87, 99648891, 206
4205, 229, 0, 33, 0, 0, 4.88%, 0, 0, 2, 31412.19, 99806363, 206
4210, 229, 0, 33, 0, 0, 4.88%, 0, 0, 2, 25842.65, 99931747, 206
4216, 230, 0, 33, 0, 0, 4.88%, 0, 0, 2, 28905.59, 100080456, 206
4221, 230, 0, 33, 0, 0, 4.88%, 0, 0, 2, 25127.75, 100202162, 206
4226, 230, 5, 33, 0, 0, 4.88%, 0, 0, 2, 29895.41, 100359986, 206
4231, 230, 0, 33, 0, 0, 4.88%, 0, 0, 2, 24938.31, 100471586, 206
4236, 231, 0, 33, 0, 0, 4.88%, 0, 0, 2, 28054.85, 100615042, 206
4241, 231, 0, 33, 0, 0, 4.88%, 0, 0, 2, 25884.49, 100738096, 206
4246, 231, 0, 33, 0, 0, 4.88%, 0, 0, 2, 25793.32, 100869968, 206
4251, 232, 20, 33, 0, 0, 4.88%, 0, 0, 2, 26024.57, 100998762, 206
4256, 232, 0, 33, 0, 0, 4.88%, 0, 0, 2, 28458.13, 101144980, 206
4261, 232, 0, 33, 0, 0, 4.88%, 0, 0, 2, 26561.40, 101273758, 206
4266, 232, 0, 33, 0, 0, 4.88%, 0, 0, 2, 29971.73, 101426233, 206
4272, 233, 30, 33, 0, 0, 4.88%, 0, 0, 2, 27201.52, 101556086, 206
4277, 233, 30, 33, 0, 0, 4.88%, 0, 0, 2, 31464.99, 101720428, 206
4282, 234, 0, 33, 0, 0, 4.88%, 0, 0, 2, 27422.79, 101853260, 206
4287, 234, 0, 33, 0, 0, 4.88%, 0, 0, 2, 25296.41, 101978369, 206
4292, 234, 0, 33, 0, 0, 4.88%, 0, 0, 2, 26227.60, 102103259, 206
4297, 235, 0, 33, 0, 0, 4.88%, 0, 0, 2, 25671.69, 102238053, 206
4302, 235, 4, 33, 0, 0, 4.88%, 0, 0, 2, 26469.61, 102365212, 206
4307, 235, 0, 33, 0, 0, 4.88%, 0, 0, 2, 25413.36, 102496560, 206
4312, 236, 0, 33, 0, 0, 4.88%, 0, 0, 2, 27147.39, 102630543, 206
4317, 236, 0, 33, 0, 0, 4.88%, 0, 0, 2, 27370.16, 102773186, 206
4322, 236, 0, 33, 0, 0, 4.88%, 0, 0, 2, 25543.48, 102894372, 206
4327, 236, 0, 33, 0, 0, 4.88%, 0, 0, 2, 26674.53, 103041860, 206
4332, 237, 0, 33, 0, 0, 4.88%, 0, 0, 2, 27287.07, 103173970, 206
4337, 237, 0, 33, 0, 0, 4.88%, 0, 0, 2, 27487.87, 103316859, 206
4343, 237, 0, 33, 0, 0, 4.88%, 0, 0, 2, 30035.76, 103465665, 206
4348, 238, 0, 33, 0, 0, 4.88%, 0, 0, 2, 25142.51, 103600963, 206
4353, 238, 0, 33, 0, 0, 4.88%, 0, 0, 2, 27384.53, 103736812, 206
4358, 238, 30, 33, 0, 0, 4.88%, 0, 0, 2, 26109.86, 103874184, 206
4363, 238, 0, 33, 0, 0, 4.88%, 0, 0, 2, 26651.31, 104003865, 206
4368, 239, 0, 33, 0, 0, 4.88%, 0, 0, 2, 24149.87, 104123104, 206
4373, 239, 0, 33, 0, 0, 4.88%, 0, 0, 2, 25745.62, 104246833, 206
4378, 239, 0, 33, 0, 0, 4.88%, 0, 0, 2, 24483.62, 104378350, 206
4383, 240, 0, 33, 0, 0, 4.88%, 0, 0, 2, 29659.22, 104529415, 206
4388, 240, 0, 33, 0, 0, 4.88%, 0, 0, 2, 25952.33, 104664536, 206
4393, 240, 0, 33, 0, 0, 4.88%, 0, 0, 2, 28615.78, 104804931, 206
4398, 240, 0, 33, 0, 0, 4.88%, 0, 0, 2, 27915.81, 104955848, 206
4403, 241, 0, 33, 0, 0, 4.88%, 0, 0, 2, 25342.28, 105080883, 206
4409, 241, 0, 33, 0, 0, 4.88%, 0, 0, 2, 22942.20, 105203288, 206
4414, 241, 0, 33, 0, 0, 4.88%, 0, 0, 2, 26064.09, 105336049, 206
4419, 241, 0, 33, 0, 0, 4.88%, 0, 0, 2, 24851.88, 105465091, 206
4424, 242, 0, 33, 0, 0, 4.88%, 0, 0, 2, 27213.75, 105603044, 206
4429, 242, 14, 33, 0, 0, 4.88%, 0, 0, 2, 24930.75, 105735826, 206
4434, 242, 0, 33, 0, 0, 4.88%, 0, 0, 2, 27238.45, 105872128, 206
4439, 243, 0, 33, 0, 0, 4.88%, 0, 0, 2, 25343.98, 106004368, 206
4444, 243, 0, 33, 0, 0, 4.88%, 0, 0, 2, 26223.58, 106142788, 206
4449, 243, 0, 33, 0, 0, 4.88%, 0, 0, 2, 23878.25, 106268485, 206
4454, 244, 0, 33, 0, 0, 4.88%, 0, 0, 2, 26220.04, 106398110, 206
4459, 244, 0, 33, 0, 0, 4.88%, 0, 0, 2, 22545.45, 106513331, 206
4464, 244, 0, 33, 0, 0, 4.88%, 0, 0, 2, 28700.45, 106658994, 206
4469, 244, 0, 33, 0, 0, 4.88%, 0, 0, 2, 23125.72, 106776098, 206
4474, 245, 0, 33, 0, 0, 4.88%, 0, 0, 2, 28897.76, 106922672, 206
4479, 245, 0, 33, 0, 0, 4.88%, 0, 0, 2, 26326.11, 107052835, 206
4484, 245, 0, 33, 0, 0, 4.88%, 0, 0, 2, 28741.17, 107197847, 206
4489, 245, 0, 33, 0, 0, 4.88%, 0, 0, 2, 27032.05, 107335244, 206
4494, 246, 5, 33, 0, 0, 4.88%, 0, 0, 2, 29055.12, 107478196, 206
4499, 246, 0, 33, 0, 0, 4.88%, 0, 0, 2, 26464.34, 107613694, 206
4505, 246, 0, 33, 0, 0, 4.88%, 0, 0, 2, 27996.65, 107765091, 206
4510, 247, 0, 33, 0, 0, 4.88%, 0, 0, 2, 24505.46, 107889224, 206
4515, 247, 0, 33, 0, 0, 4.88%, 0, 0, 2, 28588.18, 108036070, 206
4520, 247, 0, 33, 0, 0, 4.88%, 0, 0, 2, 23727.61, 108154883, 206
4525, 248, 0, 33, 0, 0, 4.88%, 0, 0, 2, 28443.13, 108306164, 206
4530, 248, 0, 33, 0, 0, 4.88%, 0, 0, 2, 22908.61, 108417859, 206
4535, 248, 0, 33, 0, 0, 4.88%, 0, 0, 2, 27677.77, 108556710, 206
4540, 248, 29, 33, 0, 0, 4.88%, 0, 0, 2, 24811.43, 108679120, 206
4545, 249, 0, 33, 0, 0, 4.88%, 0, 0, 2, 28231.79, 108825599, 206
4550, 249, 0, 33, 0, 0, 4.88%, 0, 0, 2, 23742.84, 108939815, 206
4555, 249, 0, 33, 0, 0, 4.88%, 0, 0, 2, 29817.95, 109097951, 206
4560, 250, 0, 33, 0, 0, 4.88%, 0, 0, 2, 24993.97, 109221333, 206
4565, 250, 5, 33, 0, 0, 4.88%, 0, 0, 2, 28364.10, 109366743, 206
4570, 250, 0, 33, 0, 0, 4.88%, 0, 0, 2, 22959.93, 109473437, 206
4575, 250, 0, 33, 0, 0, 4.88%, 0, 0, 2, 28421.05, 109618491, 206
4580, 251, 17, 33, 0, 0, 4.88%, 0, 0, 2, 23082.67, 109732981, 206
4586, 251, 0, 33, 0, 0, 4.88%, 0, 0, 2, 27349.67, 109881280, 206
4591, 251, 0, 33, 0, 0, 4.88%, 0, 0, 2, 22888.48, 109989619, 206
4596, 252, 0, 33, 0, 0, 4.88%, 0, 0, 2, 27826.12, 110134183, 206
4601, 252, 0, 33, 0, 0, 4.88%, 0, 0, 2, 24287.56, 110252605, 206
4606, 252, 0, 33, 0, 0, 4.88%, 0, 0, 2, 25752.21, 110381978, 206
4611, 253, 0, 33, 0, 0, 4.88%, 0, 0, 2, 25176.78, 110507320, 206
4616, 253, 0, 33, 0, 0, 4.88%, 0, 0, 2, 30151.82, 110664497, 206
4621, 253, 0, 33, 0, 0, 4.88%, 0, 0, 2, 27060.00, 110797905, 206
4626, 254, 0, 33, 0, 0, 4.88%, 0, 0, 2, 26684.26, 110928601, 206
4631, 254, 5, 33, 0, 0, 4.88%, 0, 0, 2, 25403.16, 111050040, 206
4636, 254, 15, 33, 0, 0, 4.88%, 0, 0, 2, 28190.46, 111197138, 206
4641, 254, 0, 33, 0, 0, 4.88%, 0, 0, 2, 24758.04, 111312517, 206
4647, 255, 0, 33, 0, 0, 4.88%, 0, 0, 2, 25907.06, 111452391, 206
4652, 255, 0, 33, 0, 0, 4.88%, 0, 0, 2, 27887.99, 111583413, 206
4657, 255, 0, 33, 0, 0, 4.88%, 0, 0, 2, 27846.71, 111725135, 206
4662, 255, 0, 33, 0, 0, 4.88%, 0, 0, 2, 24235.21, 111839493, 206
4667, 256, 0, 33, 0, 0, 4.88%, 0, 0, 2, 26466.92, 111969974, 206
4672, 256, 0, 33, 0, 0, 4.88%, 0, 0, 2, 24889.80, 112087998, 206
4677, 257, 0, 33, 0, 0, 4.88%, 0, 0, 2, 25233.61, 112216239, 206
4682, 257, 0, 33, 0, 0, 4.88%, 0, 0, 2, 27367.10, 112350750, 206
4687, 257, 0, 33, 0, 0, 4.88%, 0, 0, 2, 29469.08, 112504934, 206
4692, 258, 29, 33, 0, 0, 4.88%, 0, 0, 2, 26845.68, 112634109, 206
4697, 258, 0, 33, 0, 0, 4.88%, 0, 0, 2, 29538.31, 112779650, 206
4702, 258, 0, 33, 0, 0, 4.88%, 0, 0, 2, 26922.11, 112905937, 206
4707, 259, 30, 33, 0, 0, 4.88%, 0, 0, 2, 24373.29, 113037550, 206
4712, 259, 0, 33, 0, 0, 4.88%, 0, 0, 2, 25589.68, 113166990, 206
4717, 259, 0, 33, 0, 0, 4.88%, 0, 0, 2, 27957.93, 113308598, 206
4722, 260, 0, 33, 0, 0, 4.88%, 0, 0, 2, 28230.38, 113448990, 206
4727, 260, 0, 33, 0, 0, 4.88%, 0, 0, 2, 29199.57, 113594247, 206
4732, 260, 0, 33, 0, 0, 4.88%, 0, 0, 2, 27295.63, 113725251, 206
4738, 260, 0, 33, 0, 0, 4.88%, 0, 0, 2, 24431.87, 113850865, 206
4743, 261, 0, 33, 0, 0, 4.88%, 0, 0, 2, 26415.91, 113980005, 206
4748, 261, 30, 33, 0, 0, 4.88%, 0, 0, 2, 26271.67, 114120789, 206
4753, 261, 0, 33, 0, 0, 4.88%, 0, 0, 2, 27647.22, 114264835, 206
4758, 262, 0, 33, 0, 0, 4.88%, 0, 0, 2, 25348.09, 114397019, 206
4763, 262, 0, 33, 0, 0, 4.88%, 0, 0, 2, 29549.05, 114552963, 206
4768, 262, 0, 33, 0, 0, 4.88%, 0, 0, 2, 22860.00, 114666555, 206
4773, 262, 25, 33, 0, 0, 4.88%, 0, 0, 2, 26657.94, 114802780, 206
4779, 263, 0, 33, 0, 0, 4.88%, 0, 0, 2, 25023.13, 114930557, 206
4784, 263, 28, 33, 0, 0, 4.88%, 0, 0, 2, 26925.72, 115072895, 206
4789, 263, 0, 33, 0, 0, 4.88%, 0, 0, 2, 24977.92, 115201494, 206
4794, 264, 0, 33, 0, 0, 4.88%, 0, 0, 2, 27259.06, 115342206, 206
4799, 264, 0, 33, 0, 0, 4.88%, 0, 0, 2, 23247.11, 115459028, 206
4804, 264, 0, 33, 0, 0, 4.88%, 0, 0, 2, 26402.47, 115598220, 206
4809, 265, 0, 33, 0, 0, 4.88%, 0, 0, 2, 24573.92, 115722628, 206
4814, 265, 30, 33, 0, 0, 4.88%, 0, 0, 2, 26856.87, 115861519, 206
4819, 265, 0, 33, 0, 0, 4.88%, 0, 0, 2, 26617.28, 115993266, 206
4825, 266, 5, 33, 0, 0, 4.88%, 0, 0, 2, 28459.67, 116145168, 206
4830, 266, 0, 33, 0, 0, 4.88%, 0, 0, 2, 22006.46, 116248962, 206
4835, 266, 0, 33, 0, 0, 4.88%, 0, 0, 2, 27506.40, 116395942, 206
4840, 266, 4, 33, 0, 0, 4.88%, 0, 0, 2, 25143.40, 116519781, 206
4845, 267, 0, 33, 0, 0, 4.88%, 0, 0, 2, 24953.79, 116644698, 206
4850, 267, 0, 33, 0, 0, 4.88%, 0, 0, 2, 24936.16, 116773857, 206
4855, 268, 18, 33, 0, 0, 4.88%, 0, 0, 2, 29411.46, 116928652, 206
4860, 268, 30, 33, 0, 0, 4.88%, 0, 0, 2, 26165.55, 117059886, 206
4865, 268, 0, 33, 0, 0, 4.88%, 0, 0, 2, 28621.97, 117208003, 206
4870, 268, 0, 33, 0, 0, 4.88%, 0, 0, 2, 25634.83, 117334303, 206
4876, 269, 0, 33, 0, 0, 4.88%, 0, 0, 2, 30051.93, 117493295, 206
4881, 269, 27, 33, 0, 0, 4.88%, 0, 0, 2, 25950.10, 117614540, 206
4886, 270, 28, 33, 0, 0, 4.88%, 0, 0, 2, 29356.04, 117756816, 206
4891, 270, 0, 33, 0, 0, 4.88%, 0, 0, 2, 24185.67, 117864286, 206
4896, 271, 5, 33, 0, 0, 4.88%, 0, 0, 2, 30302.65, 118010485, 206
4901, 271, 0, 33, 0, 0, 4.88%, 0, 0, 2, 26014.18, 118133705, 206
4906, 271, 20, 33, 0, 0, 4.88%, 0, 0, 2, 29824.88, 118298230, 206
4911, 272, 22, 33, 0, 0, 4.88%, 0, 0, 2, 24423.45, 118410817, 206
4916, 272, 0, 33, 0, 0, 4.88%, 0, 0, 2, 27189.72, 118552463, 206
4921, 272, 0, 33, 0, 0, 4.88%, 0, 0, 2, 24359.52, 118672493, 206
4926, 273, 0, 33, 0, 0, 4.88%, 0, 0, 2, 26908.29, 118812350, 206
4931, 273, 0, 33, 0, 0, 4.88%, 0, 0, 2, 23439.86, 118923014, 206
4936, 273, 0, 33, 0, 0, 4.88%, 0, 0, 2, 29777.82, 119072306, 206
4941, 274, 0, 33, 0, 0, 4.88%, 0, 0, 2, 26120.97, 119196247, 206
4946, 274, 22, 33, 0, 0, 4.88%, 0, 0, 2, 26892.67, 119341926, 206
4952, 274, 0, 33, 0, 0, 4.88%, 0, 0, 2, 25724.24, 119461143, 206
4957, 275, 0, 33, 0, 0, 4.88%, 0, 0, 2, 29539.95, 119621634, 206
4962, 275, 0, 33, 0, 0, 4.88%, 0, 0, 2, 25790.65, 119742013, 206
4967, 275, 0, 33, 0, 0, 4.88%, 0, 0, 2, 25830.08, 119870188, 206
4972, 275, 0, 33, 0, 0, 4.88%, 0, 0, 2, 27394.32, 120002906, 206
4977, 276, 0, 33, 0, 0, 4.88%, 0, 0, 2, 26563.57, 120136235, 206
4982, 276, 0, 33, 0, 0, 4.88%, 0, 0, 2, 26882.83, 120270096, 206
4987, 276, 0, 33, 0, 0, 4.88%, 0, 0, 2, 27778.27, 120412911, 206
4992, 277, 0, 33, 0, 0, 4.88%, 0, 0, 2, 25674.18, 120534752, 206
4997, 277, 0, 33, 0, 0, 4.88%, 0, 0, 2, 25618.95, 120667138, 206
5002, 277, 0, 33, 0, 0, 4.88%, 0, 0, 2, 23950.50, 120780494, 206
5007, 278, 0, 33, 0, 0, 4.88%, 0, 0, 2, 23640.87, 120907952, 206
5012, 278, 0, 33, 0, 0, 4.88%, 0, 0, 2, 26439.76, 121033800, 206
5017, 278, 29, 33, 0, 0, 4.88%, 0, 0, 2, 25628.35, 121170278, 206
5022, 278, 0, 33, 0, 0, 4.88%, 0, 0, 2, 26460.33, 121296678, 206
5028, 279, 0, 33, 0, 0, 4.88%, 0, 0, 2, 26175.83, 121443648, 206
5033, 279, 0, 33, 0, 0, 4.88%, 0, 0, 2, 24613.10, 121559650, 206
5038, 279, 0, 33, 0, 0, 4.88%, 0, 0, 2, 27227.26, 121714010, 206
5043, 280, 0, 33, 0, 0, 4.88%, 0, 0, 2, 26575.93, 121843027, 206
5048, 280, 29, 33, 0, 0, 4.88%, 0, 0, 2, 25961.15, 121982562, 206
5053, 281, 0, 33, 0, 0, 4.88%, 0, 0, 2, 24510.99, 122102715, 206
5058, 281, 24, 33, 0, 0, 4.88%, 0, 0, 2, 26815.54, 122249088, 206
5063, 281, 0, 33, 0, 0, 4.88%, 0, 0, 2, 26359.31, 122378744, 206
5068, 281, 0, 33, 0, 0, 4.88%, 0, 0, 2, 23851.65, 122503197, 206
5073, 282, 0, 33, 0, 0, 4.88%, 0, 0, 2, 27050.99, 122637929, 206
5078, 282, 24, 33, 0, 0, 4.88%, 0, 0, 2, 25596.29, 122773426, 206
5083, 283, 0, 33, 0, 0, 4.88%, 0, 0, 2, 24553.31, 122890429, 206
5088, 283, 0, 33, 0, 0, 4.88%, 0, 0, 2, 25458.92, 123026142, 206
5093, 283, 0, 33, 0, 0, 4.88%, 0, 0, 2, 26746.17, 123162691, 206
5098, 283, 31, 33, 0, 0, 4.88%, 0, 0, 2, 26427.42, 123302727, 206
5104, 284, 0, 33, 0, 0, 4.88%, 0, 0, 2, 27660.52, 123439606, 206
5109, 284, 0, 33, 0, 0, 4.88%, 0, 0, 2, 24001.01, 123564271, 206
5114, 285, 29, 33, 0, 0, 4.88%, 0, 0, 2, 27735.94, 123704788, 206
5119, 285, 0, 33, 0, 0, 4.88%, 0, 0, 2, 25113.70, 123832598, 206
5124, 285, 0, 33, 0, 0, 4.88%, 0, 0, 2, 28488.42, 123976903, 206
5129, 286, 0, 33, 0, 0, 4.88%, 0, 0, 2, 24233.44, 124102120, 206
5134, 286, 0, 33, 0, 0, 4.88%, 0, 0, 2, 27419.21, 124242477, 206
5139, 286, 0, 33, 0, 0, 4.88%, 0, 0, 2, 25037.90, 124372829, 206
5144, 286, 0, 33, 0, 0, 4.88%, 0, 0, 2, 28474.23, 124516214, 206
5149, 287, 0, 33, 0, 0, 4.88%, 0, 0, 2, 24121.05, 124646247, 206
5154, 287, 0, 33, 0, 0, 4.88%, 0, 0, 2, 27444.40, 124786641, 206
5159, 287, 0, 33, 0, 0, 4.88%, 0, 0, 2, 24740.01, 124914749, 206
5164, 288, 0, 33, 0, 0, 4.88%, 0, 0, 2, 25850.50, 125049136, 206
5169, 288, 0, 33, 0, 0, 4.88%, 0, 0, 2, 23709.14, 125169620, 206
5175, 289, 0, 33, 0, 0, 4.88%, 0, 0, 2, 27534.56, 125323549, 206
5180, 289, 0, 33, 0, 0, 4.88%, 0, 0, 2, 26227.85, 125458989, 206
5185, 289, 0, 33, 0, 0, 4.88%, 0, 0, 2, 26564.51, 125604491, 206
5190, 289, 24, 33, 0, 0, 4.88%, 0, 0, 2, 22869.64, 125716203, 206
5195, 290, 0, 33, 0, 0, 4.88%, 0, 0, 2, 28110.02, 125860093, 206
5200, 290, 0, 33, 0, 0, 4.88%, 0, 0, 2, 25997.51, 125988642, 206
5205, 290, 0, 33, 0, 0, 4.88%, 0, 0, 2, 24985.85, 126121268, 206
5210, 291, 0, 33, 0, 0, 4.88%, 0, 0, 2, 24059.77, 126236483, 206
5215, 291, 0, 33, 0, 0, 4.88%, 0, 0, 2, 26291.35, 126374640, 206
5220, 291, 0, 33, 0, 0, 4.88%, 0, 0, 2, 24813.12, 126496614, 206
5225, 292, 0, 33, 0, 0, 4.88%, 0, 0, 2, 29764.12, 126653629, 206
5231, 292, 0, 33, 0, 0, 4.88%, 0, 0, 2, 25362.39, 126777431, 206
5236, 292, 0, 33, 0, 0, 4.88%, 0, 0, 2, 29626.95, 126929761, 206
5241, 292, 0, 33, 0, 0, 4.88%, 0, 0, 2, 25878.17, 127053399, 206
5246, 293, 5, 33, 0, 0, 4.88%, 0, 0, 2, 30354.29, 127215997, 206
5251, 293, 0, 33, 0, 0, 4.88%, 0, 0, 2, 23893.76, 127323833, 206
5256, 293, 0, 33, 0, 0, 4.88%, 0, 0, 2, 28122.58, 127467858, 206
5261, 294, 17, 33, 0, 0, 4.88%, 0, 0, 2, 25677.61, 127589456, 206
5267, 294, 0, 33, 0, 0, 4.88%, 0, 0, 2, 24953.95, 127720788, 206
5272, 294, 0, 33, 0, 0, 4.88%, 0, 0, 2, 24255.06, 127842580, 206
5277, 295, 0, 33, 0, 0, 4.88%, 0, 0, 2, 26524.49, 127981113, 206
5282, 295, 0, 33, 0, 0, 4.88%, 0, 0, 2, 26885.37, 128104415, 206
5287, 295, 30, 33, 0, 0, 4.88%, 0, 0, 2, 27937.20, 128250929, 206
5292, 295, 0, 33, 0, 0, 4.88%, 0, 0, 2, 26926.44, 128379893, 206
5297, 296, 31, 33, 0, 0, 4.88%, 0, 0, 2, 26195.24, 128521553, 206
5302, 296, 0, 33, 0, 0, 4.88%, 0, 0, 2, 25545.10, 128643774, 206
5307, 296, 31, 33, 0, 0, 4.88%, 0, 0, 2, 25240.29, 128781412, 206
5312, 297, 17, 33, 0, 0, 4.88%, 0, 0, 2, 23909.27, 128895672, 206
5317, 297, 0, 33, 0, 0, 4.88%, 0, 0, 2, 25709.90, 129026203, 206
5322, 297, 0, 33, 0, 0, 4.88%, 0, 0, 2, 24681.66, 129145839, 206
5327, 298, 30, 33, 0, 0, 4.88%, 0, 0, 2, 23859.65, 129269176, 206
5332, 298, 0, 33, 0, 0, 4.88%, 0, 0, 2, 26437.26, 129396583, 206
5337, 298, 0, 33, 0, 0, 4.88%, 0, 0, 2, 26000.97, 129533904, 206
5342, 299, 0, 33, 0, 0, 4.88%, 0, 0, 2, 27590.39, 129667011, 206
5347, 299, 0, 33, 0, 0, 4.88%, 0, 0, 2, 26380.46, 129803342, 206
5352, 299, 0, 33, 0, 0, 4.88%, 0, 0, 2, 24496.34, 129918043, 206
5358, 300, 0, 33, 0, 0, 4.88%, 0, 0, 2, 27082.40, 130069490, 206
5363, 300, 32, 33, 0, 0, 4.88%, 0, 0, 2, 26757.05, 130196232, 206
5368, 301, 0, 33, 0, 0, 4.88%, 0, 0, 2, 23365.77, 130316122, 206
5373, 301, 0, 33, 0, 0, 4.88%, 0, 0, 2, 25114.05, 130444198, 206
5378, 301, 0, 33, 0, 0, 4.88%, 0, 0, 2, 24544.06, 130575047, 206
5383, 302, 0, 33, 0, 0, 4.88%, 0, 0, 2, 24010.37, 130696845, 206
5388, 302, 7, 33, 0, 0, 4.88%, 0, 0, 2, 23886.91, 130819397, 206
5393, 302, 0, 33, 0, 0, 4.88%, 0, 0, 2, 27064.75, 130953301, 206
5398, 303, 0, 33, 0, 0, 4.88%, 0, 0, 2, 26223.75, 131094611, 206
5403, 303, 0, 33, 0, 0, 4.88%, 0, 0, 2, 29401.74, 131246671, 206
5408, 303, 5, 33, 0, 0, 4.88%, 0, 0, 2, 26592.49, 131385907, 206
5413, 304, 0, 33, 0, 0, 4.88%, 0, 0, 2, 28827.40, 131526756, 206
5419, 304, 0, 33, 0, 0, 4.88%, 0, 0, 2, 24753.74, 131653775, 206
5424, 304, 0, 33, 0, 0, 4.88%, 0, 0, 2, 26439.58, 131782800, 206
5429, 304, 0, 33, 0, 0, 4.88%, 0, 0, 2, 21880.83, 131890754, 206
5434, 305, 0, 33, 0, 0, 4.88%, 0, 0, 2, 26193.21, 132026397, 206
5439, 305, 0, 33, 0, 0, 4.88%, 0, 0, 2, 23804.34, 132154754, 206
5444, 305, 0, 33, 0, 0, 4.88%, 0, 0, 2, 26045.69, 132287812, 206
5449, 306, 17, 33, 0, 0, 4.88%, 0, 0, 2, 23568.24, 132408733, 206
5454, 306, 0, 33, 0, 0, 4.88%, 0, 0, 2, 25181.60, 132535453, 206
5459, 306, 5, 33, 0, 0, 4.88%, 0, 0, 2, 24256.83, 132661829, 206
5464, 307, 0, 33, 0, 0, 4.88%, 0, 0, 2, 27449.37, 132805015, 206
5469, 307, 0, 33, 0, 0, 4.88%, 0, 0, 2, 23249.29, 132924061, 206
5475, 307, 30, 33, 0, 0, 4.88%, 0, 0, 2, 26415.26, 133062788, 206
5480, 308, 0, 33, 0, 0, 4.88%, 0, 0, 2, 24107.07, 133187697, 206
5485, 308, 0, 33, 0, 0, 4.88%, 0, 0, 2, 28480.63, 133327543, 206
5490, 308, 30, 33, 0, 0, 4.88%, 0, 0, 2, 22744.69, 133439416, 206
5495, 309, 0, 33, 0, 0, 4.88%, 0, 0, 2, 27008.39, 133578761, 206
5500, 309, 0, 33, 0, 0, 4.88%, 0, 0, 2, 23864.63, 133704223, 206
5505, 309, 0, 33, 0, 0, 4.88%, 0, 0, 2, 30266.75, 133860317, 206
5510, 310, 22, 33, 0, 0, 4.88%, 0, 0, 2, 27737.77, 133995707, 206
5515, 310, 0, 33, 0, 0, 4.88%, 0, 0, 2, 29735.91, 134141453, 206
5520, 310, 0, 33, 0, 0, 4.88%, 0, 0, 2, 24863.65, 134260331, 206
5525, 311, 0, 33, 0, 0, 4.88%, 0, 0, 2, 28966.47, 134404696, 206
5530, 311, 4, 33, 0, 0, 4.88%, 0, 0, 2, 24926.54, 134527793, 206
5535, 311, 0, 33, 0, 0, 4.88%, 0, 0, 2, 27030.72, 134659908, 206
5540, 312, 15, 33, 0, 0, 4.88%, 0, 0, 2, 25354.88, 134789331, 206
5545, 312, 0, 33, 0, 0, 4.88%, 0, 0, 2, 28204.01, 134936954, 206
5551, 312, 0, 33, 0, 0, 4.88%, 0, 0, 2, 23134.27, 135044365, 206
5556, 313, 27, 33, 0, 0, 4.88%, 0, 0, 2, 27926.35, 135188031, 206
5561, 313, 0, 33, 0, 0, 4.88%, 0, 0, 2, 24057.51, 135307467, 206
5566, 313, 0, 33, 0, 0, 4.88%, 0, 0, 2, 29189.06, 135454530, 206
5571, 313, 0, 33, 0, 0, 4.88%, 0, 0, 2, 23765.21, 135569498, 206
5576, 314, 30, 33, 0, 0, 4.88%, 0, 0, 2, 27976.40, 135721803, 206
5581, 314, 0, 33, 0, 0, 4.88%, 0, 0, 2, 25792.32, 135843214, 206
5586, 314, 0, 33, 0, 0, 4.88%, 0, 0, 2, 28647.12, 135989563, 206
5591, 315, 0, 33, 0, 0, 4.88%, 0, 0, 2, 29073.96, 136126909, 206
5596, 315, 0, 33, 0, 0, 4.88%, 0, 0, 2, 29127.70, 136276872, 206
5601, 315, 0, 33, 0, 0, 4.88%, 0, 0, 2, 23283.11, 136385238, 206
5606, 316, 0, 33, 0, 0, 4.88%, 0, 0, 2, 26268.03, 136524804, 206
5612, 316, 14, 33, 0, 0, 4.88%, 0, 0, 2, 26870.90, 136653306, 206
5617, 316, 0, 33, 0, 0, 4.88%, 0, 0, 2, 30585.40, 136809305, 206
5622, 317, 0, 33, 0, 0, 4.88%, 0, 0, 2, 26570.37, 136934066, 206
5627, 317, 0, 33, 0, 0, 4.88%, 0, 0, 2, 28205.87, 137071476, 206
5632, 317, 30, 33, 0, 0, 4.88%, 0, 0, 2, 27875.45, 137202619, 206
5637, 318, 0, 33, 0, 0, 4.88%, 0, 0, 2, 27656.74, 137341446, 206
5642, 318, 0, 33, 0, 0, 4.88%, 0, 0, 2, 27353.58, 137472616, 206
5647, 318, 0, 33, 0, 0, 4.88%, 0, 0, 2, 26000.21, 137605186, 206
5652, 319, 0, 33, 0, 0, 4.88%, 0, 0, 2, 24376.37, 137722124, 206
5657, 319, 0, 33, 0, 0, 4.88%, 0, 0, 2, 27029.14, 137867351, 206
5662, 319, 0, 33, 0, 0, 4.88%, 0, 0, 2, 27448.81, 138000372, 206
5667, 319, 0, 33, 0, 0, 4.88%, 0, 0, 2, 26330.03, 138140379, 206
5672, 320, 0, 33, 0, 0, 4.88%, 0, 0, 2, 26879.49, 138268888, 206
5677, 320, 0, 33, 0, 0, 4.88%, 0, 0, 2, 26387.81, 138407325, 206
5682, 320, 0, 33, 0, 0, 4.88%, 0, 0, 2, 27973.93, 138552602, 206
5687, 321, 0, 33, 0, 0, 4.88%, 0, 0, 2, 25015.57, 138676243, 206
5692, 321, 0, 33, 0, 0, 4.88%, 0, 0, 2, 26000.47, 138800869, 206
5697, 321, 0, 33, 0, 0, 4.88%, 0, 0, 2, 31456.10, 138966882, 206
5703, 322, 0, 33, 0, 0, 4.88%, 0, 0, 2, 29228.13, 139105130, 206
5708, 322, 0, 33, 0, 0, 4.88%, 0, 0, 2, 28206.28, 139254476, 206
5713, 322, 0, 33, 0, 0, 4.88%, 0, 0, 2, 27445.03, 139387489, 206
5718, 323, 0, 33, 0, 0, 4.88%, 0, 0, 2, 26625.91, 139522945, 206
5723, 323, 0, 33, 0, 0, 4.88%, 0, 0, 2, 25391.85, 139647635, 206
5728, 323, 0, 33, 0, 0, 4.88%, 0, 0, 2, 23603.48, 139772516, 206
5733, 324, 0, 33, 0, 0, 4.88%, 0, 0, 2, 24109.43, 139892760, 206
5738, 324, 0, 33, 0, 0, 4.88%, 0, 0, 2, 24593.59, 140023899, 206
5743, 324, 0, 33, 0, 0, 4.88%, 0, 0, 2, 26955.22, 140161861, 206
5748, 325, 0, 33, 0, 0, 4.88%, 0, 0, 2, 27245.79, 140305014, 206
5753, 325, 7, 33, 0, 0, 4.88%, 0, 0, 2, 26391.70, 140435694, 206
5758, 326, 0, 33, 0, 0, 4.88%, 0, 0, 2, 24958.51, 140559914, 206
5763, 326, 0, 33, 0, 0, 4.88%, 0, 0, 2, 29490.25, 140707393, 206
5768, 326, 30, 33, 0, 0, 4.88%, 0, 0, 2, 27945.57, 140853297, 206
5773, 326, 0, 33, 0, 0, 4.88%, 0, 0, 2, 29748.47, 141000577, 206
5778, 327, 0, 33, 0, 0, 4.88%, 0, 0, 2, 26776.22, 141137494, 206
5783, 327, 0, 33, 0, 0, 4.88%, 0, 0, 2, 26438.12, 141268184, 206
5788, 327, 30, 33, 0, 0, 4.88%, 0, 0, 2, 24267.99, 141396439, 206
5793, 328, 30, 33, 0, 0, 4.88%, 0, 0, 2, 28735.23, 141545228, 206
5798, 328, 0, 33, 0, 0, 4.88%, 0, 0, 2, 27151.21, 141687089, 206
5803, 328, 0, 33, 0, 0, 4.88%, 0, 0, 2, 27301.02, 141823266, 206
5809, 329, 30, 33, 0, 0, 4.88%, 0, 0, 2, 24248.73, 141948854, 206
5814, 329, 0, 33, 0, 0, 4.88%, 0, 0, 2, 27927.33, 142092208, 206
5819, 329, 0, 33, 0, 0, 4.88%, 0, 0, 2, 24198.52, 142216282, 206
5824, 330, 26, 33, 0, 0, 4.88%, 0, 0, 2, 29522.70, 142364011, 206
5829, 330, 27, 33, 0, 0, 4.88%, 0, 0, 2, 26181.18, 142492515, 206
5834, 330, 0, 33, 0, 0, 4.88%, 0, 0, 2, 28313.07, 142640246, 206
5839, 331, 0, 33, 0, 0, 4.88%, 0, 0, 2, 25584.02, 142774923, 206
5844, 331, 0, 33, 0, 0, 4.88%, 0, 0, 2, 27630.24, 142920931, 206
5849, 331, 0, 33, 0, 0, 4.88%, 0, 0, 2, 23789.69, 143040501, 206
5854, 331, 0, 33, 0, 0, 4.88%, 0, 0, 2, 28287.46, 143181282, 206
5859, 332, 0, 33, 0, 0, 4.88%, 0, 0, 2, 25558.76, 143314971, 206
5865, 332, 0, 33, 0, 0, 4.88%, 0, 0, 2, 29252.21, 143469346, 206
5870, 332, 0, 33, 0, 0, 4.88%, 0, 0, 2, 26811.40, 143605503, 206
5875, 333, 24, 33, 0, 0, 4.88%, 0, 0, 2, 25636.68, 143730590, 206
5880, 333, 0, 33, 0, 0, 4.88%, 0, 0, 2, 24641.98, 143852523, 206
5885, 333, 0, 33, 0, 0, 4.88%, 0, 0, 2, 27911.51, 144004571, 206
5890, 333, 0, 33, 0, 0, 4.88%, 0, 0, 2, 26397.64, 144141846, 206
5895, 333, 0, 33, 0, 0, 4.88%, 0, 0, 2, 28622.79, 144289617, 206
5900, 334, 0, 33, 0, 0, 4.88%, 0, 0, 2, 27141.98, 144423322, 206
5905, 334, 0, 33, 0, 0, 4.88%, 0, 0, 2, 30439.22, 144582353, 206
5910, 334, 0, 33, 0, 0, 4.88%, 0, 0, 2, 23339.67, 144691727, 206
5915, 335, 30, 33, 0, 0, 4.88%, 0, 0, 2, 29942.50, 144854571, 206
5920, 335, 0, 33, 0, 0, 4.88%, 0, 0, 2, 25937.60, 144983655, 206
5925, 335, 28, 33, 0, 0, 4.88%, 0, 0, 2, 29823.56, 145129986, 206
5931, 336, 0, 33, 0, 0, 4.88%, 0, 0, 2, 27956.01, 145266505, 206
5936, 336, 0, 33, 0, 0, 4.88%, 0, 0, 2, 29276.38, 145419379, 206
5941, 336, 0, 33, 0, 0, 4.88%, 0, 0, 2, 26683.25, 145543102, 206
5946, 336, 0, 33, 0, 0, 4.88%, 0, 0, 2, 30461.01, 145708825, 206
5951, 337, 0, 33, 0, 0, 4.88%, 0, 0, 2, 24270.13, 145827572, 206
5956, 337, 0, 33, 0, 0, 4.88%, 0, 0, 2, 29713.24, 145976783, 206
5961, 337, 0, 33, 0, 0, 4.88%, 0, 0, 2, 25289.66, 146100324, 206
5966, 338, 0, 33, 0, 0, 4.88%, 0, 0, 2, 26098.46, 146239460, 206
5971, 338, 0, 33, 0, 0, 4.88%, 0, 0, 2, 26361.44, 146361285, 206
5976, 338, 0, 33, 0, 0, 4.88%, 0, 0, 2, 29774.59, 146519288, 206
5981, 338, 0, 33, 0, 0, 4.88%, 0, 0, 2, 27577.43, 146652126, 206
5986, 339, 0, 33, 0, 0, 4.88%, 0, 0, 2, 28492.66, 146796523, 206
5991, 339, 19, 33, 0, 0, 4.88%, 0, 0, 2, 26567.74, 146921157, 206
5997, 339, 0, 33, 0, 0, 4.88%, 0, 0, 2, 27360.60, 147063946, 206
6002, 340, 0, 33, 0, 0, 4.88%, 0, 0, 2, 25646.88, 147189587, 206
6007, 340, 28, 33, 0, 0, 4.88%, 0, 0, 2, 27583.89, 147335581, 206
6012, 340, 0, 33, 0, 0, 4.88%, 0, 0, 2, 25662.00, 147455117, 206
6017, 341, 0, 33, 0, 0, 4.88%, 0, 0, 2, 26910.70, 147603396, 206
6022, 341, 0, 33, 0, 0, 4.88%, 0, 0, 2, 25344.51, 147726823, 206
6027, 341, 0, 33, 0, 0, 4.88%, 0, 0, 2, 26084.08, 147870812, 206
6032, 341, 0, 33, 0, 0, 4.88%, 0, 0, 2, 27304.34, 147998416, 206
6037, 342, 0, 33, 0, 0, 4.88%, 0, 0, 2, 30551.97, 148166423, 206
6042, 342, 20, 33, 0, 0, 4.88%, 0, 0, 2, 25090.30, 148285692, 206
6047, 343, 0, 33, 0, 0, 4.88%, 0, 0, 2, 27598.33, 148426640, 206
6052, 343, 30, 33, 0, 0, 4.88%, 0, 0, 2, 27549.70, 148557554, 206
6058, 343, 0, 33, 0, 0, 4.88%, 0, 0, 2, 26991.84, 148700169, 206
6063, 344, 0, 33, 0, 0, 4.88%, 0, 0, 2, 30771.52, 148850396, 206
6068, 344, 25, 33, 0, 0, 4.88%, 0, 0, 2, 29723.48, 149007639, 206
6073, 344, 0, 33, 0, 0, 4.88%, 0, 0, 2, 29158.02, 149140399, 206
6078, 345, 0, 33, 0, 0, 4.88%, 0, 0, 2, 30523.22, 149299906, 206
6083, 345, 0, 33, 0, 0, 4.88%, 0, 0, 2, 27569.74, 149431270, 206
6088, 345, 5, 33, 0, 0, 4.88%, 0, 0, 2, 24642.10, 149563248, 206
6093, 346, 30, 33, 0, 0, 4.88%, 0, 0, 2, 26213.14, 149692387, 206
6098, 346, 29, 33, 0, 0, 4.88%, 0, 0, 2, 28188.56, 149841448, 206
6104, 347, 0, 33, 0, 0, 4.88%, 0, 0, 2, 31001.98, 150000514, 206
6109, 347, 7, 33, 0, 0, 4.88%, 0, 0, 2, 25329.11, 150130086, 206
6114, 347, 0, 33, 0, 0, 4.88%, 0, 0, 2, 26815.32, 150268743, 206
6119, 348, 0, 33, 0, 0, 4.88%, 0, 0, 2, 24490.81, 150394601, 206
6124, 348, 0, 33, 0, 0, 4.88%, 0, 0, 2, 26499.71, 150526895, 206
6129, 348, 0, 33, 0, 0, 4.88%, 0, 0, 2, 24024.63, 150653014, 206
6134, 349, 0, 33, 0, 0, 4.88%, 0, 0, 2, 29717.31, 150808759, 206
6139, 349, 28, 33, 0, 0, 4.88%, 0, 0, 2, 27674.69, 150952682, 206
6144, 349, 17, 33, 0, 0, 4.88%, 0, 0, 2, 30564.64, 151107776, 206
6149, 349, 0, 33, 0, 0, 4.88%, 0, 0, 2, 23100.85, 151222515, 206
6154, 350, 0, 33, 0, 0, 4.88%, 0, 0, 2, 28334.54, 151376084, 206
6159, 350, 0, 33, 0, 0, 4.88%, 0, 0, 2, 24747.75, 151502364, 206
6165, 350, 0, 33, 0, 0, 4.88%, 0, 0, 2, 29210.08, 151653964, 206
6170, 351, 30, 33, 0, 0, 4.88%, 0, 0, 2, 26052.52, 151788367, 206
6175, 351, 0, 33, 0, 0, 4.88%, 0, 0, 2, 28951.01, 151935420, 206
6180, 351, 0, 33, 0, 0, 4.88%, 0, 0, 2, 24843.76, 152056970, 206
6185, 352, 0, 33, 0, 0, 4.88%, 0, 0, 2, 26480.44, 152191954, 206
6190, 352, 0, 33, 0, 0, 4.88%, 0, 0, 2, 24416.50, 152310857, 206
6195, 352, 0, 33, 0, 0, 4.88%, 0, 0, 2, 29634.53, 152468768, 206
6200, 353, 0, 33, 0, 0, 4.88%, 0, 0, 2, 26687.84, 152601570, 206
6205, 353, 0, 33, 0, 0, 4.88%, 0, 0, 2, 30602.38, 152751417, 206
6210, 353, 19, 33, 0, 0, 4.88%, 0, 0, 2, 26338.01, 152873094, 206
6216, 354, 0, 33, 0, 0, 4.88%, 0, 0, 2, 29193.70, 153024708, 206
6221, 354, 0, 33, 0, 0, 4.88%, 0, 0, 2, 26498.58, 153157265, 206
6226, 354, 0, 33, 0, 0, 4.88%, 0, 0, 2, 28326.03, 153310415, 206
6231, 355, 5, 33, 0, 0, 4.88%, 0, 0, 2, 26378.56, 153445809, 206
6236, 355, 0, 33, 0, 0, 4.88%, 0, 0, 2, 27330.63, 153582490, 206
6241, 355, 0, 33, 0, 0, 4.88%, 0, 0, 2, 24979.66, 153708407, 206
6246, 356, 0, 33, 0, 0, 4.88%, 0, 0, 2, 25821.39, 153835286, 206
6251, 356, 0, 33, 0, 0, 4.88%, 0, 0, 2, 27839.73, 153970666, 206
6256, 357, 0, 33, 0, 0, 4.88%, 0, 0, 2, 27325.18, 154109626, 206
6262, 357, 0, 33, 0, 0, 4.88%, 0, 0, 2, 25511.76, 154235546, 206
6267, 357, 0, 33, 0, 0, 4.88%, 0, 0, 2, 25261.94, 154364613, 206
6272, 358, 0, 33, 0, 0, 4.88%, 0, 0, 2, 27430.72, 154495859, 206
6277, 358, 0, 33, 0, 0, 4.88%, 0, 0, 2, 31107.64, 154661583, 206
6282, 358, 0, 33, 0, 0, 4.88%, 0, 0, 2, 26818.97, 154782518, 206
6287, 358, 19, 33, 0, 0, 4.88%, 0, 0, 2, 29513.07, 154939686, 206
6292, 359, 0, 33, 0, 0, 4.88%, 0, 0, 2, 26575.99, 155061406, 206
6297, 359, 0, 33, 0, 0, 4.88%, 0, 0, 2, 29545.36, 155214797, 206
6302, 359, 0, 33, 0, 0, 4.88%, 0, 0, 2, 28410.40, 155350148, 206
6307, 359, 31, 33, 0, 0, 4.88%, 0, 0, 2, 31437.56, 155513202, 206
6312, 360, 0, 33, 0, 0, 4.88%, 0, 0, 2, 29486.60, 155651935, 206
6317, 360, 0, 33, 0, 0, 4.88%, 0, 0, 2, 29361.06, 155804339, 206
6322, 360, 0, 33, 0, 0, 4.88%, 0, 0, 2, 29036.54, 155940473, 206
6327, 361, 0, 33, 0, 0, 4.88%, 0, 0, 2, 25959.98, 156074634, 206
6333, 361, 0, 33, 0, 0, 4.88%, 0, 0, 2, 27629.60, 156209275, 206
6338, 361, 0, 33, 0, 0, 4.88%, 0, 0, 2, 28256.65, 156356509, 206
6343, 361, 29, 33, 0, 0, 4.88%, 0, 0, 2, 31227.44, 156511429, 206
6348, 362, 0, 33, 0, 0, 4.88%, 0, 0, 2, 26646.51, 156646606, 206
6353, 362, 0, 33, 0, 0, 4.88%, 0, 0, 2, 26631.89, 156781517, 206
6358, 362, 19, 33, 0, 0, 4.88%, 0, 0, 2, 24943.05, 156911329, 206
6363, 363, 0, 33, 0, 0, 4.88%, 0, 0, 2, 28494.83, 157055142, 206
6368, 363, 5, 33, 0, 0, 4.88%, 0, 0, 2, 25565.12, 157186084, 206
6373, 364, 31, 33, 0, 0, 4.88%, 0, 0, 2, 27116.73, 157317268, 206
6378, 364, 0, 33, 0, 0, 4.88%, 0, 0, 2, 27670.60, 157465409, 206
6383, 364, 0, 33, 0, 0, 4.88%, 0, 0, 2, 29308.32, 157609081, 206
6388, 365, 30, 33, 0, 0, 4.88%, 0, 0, 2, 23350.50, 157727359, 206
6393, 365, 0, 33, 0, 0, 4.88%, 0, 0, 2, 26648.79, 157854061, 206
6398, 365, 0, 33, 0, 0, 4.88%, 0, 0, 2, 27574.37, 157992062, 206
6404, 366, 0, 33, 0, 0, 4.88%, 0, 0, 2, 28096.50, 158131918, 206
6409, 366, 0, 33, 0, 0, 4.88%, 0, 0, 2, 25775.29, 158271373, 206
6414, 366, 0, 33, 0, 0, 4.88%, 0, 0, 2, 28503.54, 158418521, 206
6419, 367, 0, 33, 0, 0, 4.88%, 0, 0, 2, 26866.86, 158560285, 206
6424, 367, 0, 33, 0, 0, 4.88%, 0, 0, 2, 28856.05, 158706300, 206
6429, 367, 0, 33, 0, 0, 4.88%, 0, 0, 2, 27332.92, 158850277, 206
6434, 368, 0, 33, 0, 0, 4.88%, 0, 0, 2, 27964.22, 158998163, 206
6439, 368, 0, 33, 0, 0, 4.88%, 0, 0, 2, 25568.42, 159134511, 206
6444, 368, 0, 33, 0, 0, 4.88%, 0, 0, 2, 30462.70, 159292708, 206
6449, 368, 0, 33, 0, 0, 4.88%, 0, 0, 2, 24268.89, 159413351, 206
6454, 369, 0, 33, 0, 0, 4.88%, 0, 0, 2, 29878.18, 159570571, 206
6460, 369, 0, 33, 0, 0, 4.88%, 0, 0, 2, 26372.74, 159703535, 206
6465, 369, 0, 33, 0, 0, 4.88%, 0, 0, 2, 28540.28, 159852310, 206
6470, 370, 0, 33, 0, 0, 4.88%, 0, 0, 2, 25467.37, 159985884, 206
6475, 370, 0, 33, 0, 0, 4.88%, 0, 0, 2, 29957.92, 160139162, 206
6480, 370, 0, 33, 0, 0, 4.88%, 0, 0, 2, 25495.00, 160270821, 206
6485, 371, 0, 33, 0, 0, 4.88%, 0, 0, 2, 29824.27, 160427234, 206
6490, 371, 0, 33, 0, 0, 4.88%, 0, 0, 2, 25654.90, 160558613, 206
6495, 371, 0, 33, 0, 0, 4.88%, 0, 0, 2, 26159.47, 160689453, 206
6500, 372, 0, 33, 0, 0, 4.88%, 0, 0, 2, 23893.61, 160810147, 206
6506, 372, 15, 33, 0, 0, 4.88%, 0, 0, 2, 30921.45, 160977229, 206
6511, 372, 0, 33, 0, 0, 4.88%, 0, 0, 2, 24782.67, 161085789, 206
6516, 372, 30, 33, 0, 0, 4.88%, 0, 0, 2, 29483.88, 161244225, 206
6521, 373, 25, 33, 0, 0, 4.88%, 0, 0, 2, 24381.30, 161364115, 206
6526, 373, 0, 33, 0, 0, 4.88%, 0, 0, 2, 27699.86, 161501402, 206
6531, 373, 0, 33, 0, 0, 4.88%, 0, 0, 2, 24788.11, 161623276, 206
6536, 374, 0, 33, 0, 0, 4.88%, 0, 0, 2, 29621.26, 161777575, 206
6541, 374, 0, 33, 0, 0, 4.88%, 0, 0, 2, 23946.27, 161893306, 206
6546, 374, 0, 33, 0, 0, 4.88%, 0, 0, 2, 27017.35, 162041988, 206
6551, 375, 0, 33, 0, 0, 4.88%, 0, 0, 2, 23517.34, 162155937, 206
6556, 375, 5, 33, 0, 0, 4.88%, 0, 0, 2, 27632.25, 162299249, 206
6561, 375, 0, 33, 0, 0, 4.88%, 0, 0, 2, 25094.11, 162416431, 206
6566, 376, 0, 33, 0, 0, 4.88%, 0, 0, 2, 25283.43, 162551494, 206
6571, 376, 0, 33, 0, 0, 4.88%, 0, 0, 2, 24291.84, 162664727, 206
6576, 376, 0, 33, 0, 0, 4.88%, 0, 0, 2, 29982.58, 162823916, 206
6581, 377, 0, 33, 0, 0, 4.88%, 0, 0, 2, 28420.49, 162951446, 206
6587, 377, 0, 33, 0, 0, 4.88%, 0, 0, 2, 31180.20, 163117114, 206
6592, 377, 30, 33, 0, 0, 4.88%, 0, 0, 2, 26189.52, 163235663, 206
6597, 378, 0, 33, 0, 0, 4.88%, 0, 0, 2, 29366.16, 163379820, 206
6602, 378, 0, 33, 0, 0, 4.88%, 0, 0, 2, 28113.32, 163512876, 206
6607, 378, 0, 33, 0, 0, 4.88%, 0, 0, 2, 25168.03, 163639737, 206
6612, 379, 0, 33, 0, 0, 4.88%, 0, 0, 2, 25099.91, 163762440, 206
6617, 379, 0, 33, 0, 0, 4.88%, 0, 0, 2, 25595.30, 163897931, 206
6622, 379, 0, 33, 0, 0, 4.88%, 0, 0, 2, 26764.65, 164031026, 206
6627, 380, 0, 33, 0, 0, 4.88%, 0, 0, 2, 24388.81, 164158129, 206
6632, 380, 0, 33, 0, 0, 4.88%, 0, 0, 2, 24603.08, 164276444, 206
6637, 381, 0, 33, 0, 0, 4.88%, 0, 0, 2, 26347.93, 164419378, 206
6642, 381, 0, 33, 0, 0, 4.88%, 0, 0, 2, 24868.29, 164537420, 206
6647, 381, 5, 33, 0, 0, 4.88%, 0, 0, 2, 28091.56, 164689728, 206
6653, 381, 0, 33, 0, 0, 4.88%, 0, 0, 2, 28360.27, 164826984, 206
6658, 382, 0, 33, 0, 0, 4.88%, 0, 0, 2, 25258.50, 164957475, 206
6663, 382, 29, 33, 0, 0, 4.88%, 0, 0, 2, 26804.05, 165089137, 206
6668, 382, 0, 33, 0, 0, 4.88%, 0, 0, 2, 28034.34, 165236391, 206
6673, 383, 0, 33, 0, 0, 4.88%, 0, 0, 2, 26347.36, 165370725, 206
6678, 383, 31, 33, 0, 0, 4.88%, 0, 0, 2, 27631.83, 165517168, 206
6683, 383, 0, 33, 0, 0, 4.88%, 0, 0, 2, 26368.20, 165644575, 206
6688, 384, 17, 33, 0, 0, 4.88%, 0, 0, 2, 25571.12, 165783733, 206
6693, 384, 0, 33, 0, 0, 4.88%, 0, 0, 2, 29788.67, 165930426, 206
6698, 385, 0, 33, 0, 0, 4.88%, 0, 0, 2, 27122.88, 166072003, 206
6703, 385, 0, 33, 0, 0, 4.88%, 0, 0, 2, 25706.73, 166200377, 206
6708, 385, 0, 33, 0, 0, 4.88%, 0, 0, 2, 25647.28, 166332534, 206
6713, 386, 0, 33, 0, 0, 4.88%, 0, 0, 2, 30448.30, 166491893, 206
6718, 386, 0, 33, 0, 0, 4.88%, 0, 0, 2, 28617.17, 166642010, 206
6724, 386, 0, 33, 0, 0, 4.88%, 0, 0, 2, 29189.20, 166793575, 206
6729, 386, 0, 33, 0, 0, 4.88%, 0, 0, 2, 28285.07, 166940828, 206
6734, 387, 0, 33, 0, 0, 4.88%, 0, 0, 2, 29448.00, 167089865, 206
6739, 387, 0, 33, 0, 0, 4.88%, 0, 0, 2, 24870.35, 167214553, 206
6744, 387, 0, 33, 0, 0, 4.88%, 0, 0, 2, 27374.16, 167358376, 206
6749, 388, 0, 33, 0, 0, 4.88%, 0, 0, 2, 22414.51, 167472533, 206
6754, 388, 30, 33, 0, 0, 4.88%, 0, 0, 2, 26613.23, 167616342, 206
6759, 389, 0, 33, 0, 0, 4.88%, 0, 0, 2, 23925.28, 167738845, 206
6764, 389, 0, 33, 0, 0, 4.88%, 0, 0, 2, 26774.78, 167881213, 206
6769, 389, 30, 33, 0, 0, 4.88%, 0, 0, 2, 28488.77, 168030075, 206
6775, 390, 0, 33, 0, 0, 4.88%, 0, 0, 2, 30334.20, 168184811, 206
6780, 390, 0, 33, 0, 0, 4.88%, 0, 0, 2, 24912.24, 168305803, 206
6785, 390, 0, 33, 0, 0, 4.88%, 0, 0, 2, 30545.12, 168466904, 206
6790, 390, 0, 33, 0, 0, 4.88%, 0, 0, 2, 26735.34, 168593813, 206
6795, 391, 0, 33, 0, 0, 4.88%, 0, 0, 2, 30316.60, 168762972, 206
6800, 391, 0, 33, 0, 0, 4.88%, 0, 0, 2, 26659.45, 168892767, 206
6805, 391, 22, 33, 0, 0, 4.88%, 0, 0, 2, 31566.86, 169053155, 206
6810, 392, 0, 33, 0, 0, 4.88%, 0, 0, 2, 24334.10, 169168005, 206
6815, 392, 0, 33, 0, 0, 4.88%, 0, 0, 2, 28503.48, 169321221, 206
6820, 392, 0, 33, 0, 0, 4.88%, 0, 0, 2, 27020.37, 169450479, 206
6825, 393, 30, 33, 0, 0, 4.88%, 0, 0, 2, 29239.46, 169603412, 206
6830, 393, 0, 33, 0, 0, 4.88%, 0, 0, 2, 28048.50, 169741770, 206
6836, 393, 30, 33, 0, 0, 4.88%, 0, 0, 2, 26853.67, 169883725, 206
6841, 394, 0, 33, 0, 0, 4.88%, 0, 0, 2, 24432.79, 170000410, 206
6846, 394, 5, 33, 0, 0, 4.88%, 0, 0, 2, 29134.34, 170156375, 206
6851, 394, 0, 33, 0, 0, 4.88%, 0, 0, 2, 24206.68, 170269707, 206
6856, 395, 0, 33, 0, 0, 4.88%, 0, 0, 2, 28932.19, 170419271, 206
6861, 395, 0, 33, 0, 0, 4.88%, 0, 0, 2, 28170.69, 170553101, 206
6866, 396, 0, 33, 0, 0, 4.88%, 0, 0, 2, 30764.15, 170711791, 206
6871, 396, 0, 33, 0, 0, 4.88%, 0, 0, 2, 24028.52, 170819464, 206
6876, 396, 0, 33, 0, 0, 4.88%, 0, 0, 2, 26500.49, 170958920, 206
6881, 396, 31, 33, 0, 0, 4.88%, 0, 0, 2, 27063.72, 171091867, 206
6886, 397, 0, 33, 0, 0, 4.88%, 0, 0, 2, 29704.87, 171238108, 206
6891, 397, 0, 33, 0, 0, 4.88%, 0, 0, 2, 27981.68, 171368243, 206
6896, 397, 0, 33, 0, 0, 4.88%, 0, 0, 2, 30159.53, 171523860, 206
6901, 398, 30, 33, 0, 0, 4.88%, 0, 0, 2, 26808.08, 171648868, 206
6907, 398, 0, 33, 0, 0, 4.88%, 0, 0, 2, 29433.44, 171806022, 206
6912, 398, 0, 33, 0, 0, 4.88%, 0, 0, 2, 28764.55, 171944325, 206
6917, 399, 0, 33, 0, 0, 4.88%, 0, 0, 2, 27130.39, 172084149, 206
6922, 399, 0, 33, 0, 0, 4.88%, 0, 0, 2, 27121.54, 172214934, 206
6927, 399, 0, 33, 0, 0, 4.88%, 0, 0, 2, 25585.40, 172343685, 206
6932, 400, 0, 33, 0, 0, 4.88%, 0, 0, 2, 23888.26, 172456613, 206
6937, 400, 0, 33, 0, 0, 4.88%, 0, 0, 2, 29238.96, 172616535, 206
6942, 400, 0, 33, 0, 0, 4.88%, 0, 0, 2, 28885.80, 172752390, 206
6947, 401, 0, 33, 0, 0, 4.88%, 0, 0, 2, 27995.10, 172901682, 206
6952, 401, 0, 33, 0, 0, 4.88%, 0, 0, 2, 27842.23, 173035967, 206
6957, 401, 0, 33, 0, 0, 4.88%, 0, 0, 2, 30552.86, 173190001, 206
6962, 401, 0, 33, 0, 0, 4.88%, 0, 0, 2, 26156.36, 173316920, 206
6967, 402, 0, 33, 0, 0, 4.88%, 0, 0, 2, 28737.84, 173476527, 206
6972, 402, 0, 33, 0, 0, 4.88%, 0, 0, 2, 27194.30, 173607545, 206
6978, 403, 0, 33, 0, 0, 4.88%, 0, 0, 2, 24935.76, 173742783, 206
6983, 403, 0, 33, 0, 0, 4.88%, 0, 0, 2, 29826.63, 173890217, 206
6988, 403, 0, 33, 0, 0, 4.88%, 0, 0, 2, 26890.04, 174033166, 206
6993, 404, 0, 33, 0, 0, 4.88%, 0, 0, 2, 27449.66, 174164530, 206
6998, 404, 0, 33, 0, 0, 4.88%, 0, 0, 2, 26933.11, 174302933, 206
7003, 404, 0, 33, 0, 0, 4.88%, 0, 0, 2, 30721.52, 174456443, 206
7008, 405, 30, 33, 0, 0, 4.88%, 0, 0, 2, 27517.40, 174601062, 206
7013, 405, 20, 33, 0, 0, 4.88%, 0, 0, 2, 25861.03, 174724789, 206
7018, 405, 30, 33, 0, 0, 4.88%, 0, 0, 2, 26763.59, 174863816, 206
7023, 406, 19, 33, 0, 0, 4.88%, 0, 0, 2, 26972.73, 175003638, 206
7028, 406, 0, 33, 0, 0, 4.88%, 0, 0, 2, 24623.40, 175134857, 206
7033, 406, 0, 33, 0, 0, 4.88%, 0, 0, 2, 29426.42, 175291052, 206
7039, 407, 5, 33, 0, 0, 4.88%, 0, 0, 2, 25831.19, 175426401, 206
7044, 407, 0, 33, 0, 0, 4.88%, 0, 0, 2, 27489.75, 175558863, 206
7049, 407, 0, 33, 0, 0, 4.88%, 0, 0, 2, 24217.86, 175687848, 206
7054, 408, 0, 33, 0, 0, 4.88%, 0, 0, 2, 27057.99, 175826317, 206
7059, 408, 0, 33, 0, 0, 4.88%, 0, 0, 2, 27310.48, 175974492, 206
7064, 408, 0, 33, 0, 0, 4.88%, 0, 0, 2, 28416.16, 176115103, 206
7069, 409, 22, 33, 0, 0, 4.88%, 0, 0, 2, 25927.84, 176246639, 206
7074, 409, 31, 33, 0, 0, 4.88%, 0, 0, 2, 27787.80, 176380109, 206
7079, 409, 0, 33, 0, 0, 4.88%, 0, 0, 2, 27282.99, 176525905, 206
7084, 409, 0, 33, 0, 0, 4.88%, 0, 0, 2, 29300.61, 176676005, 206
7089, 410, 0, 33, 0, 0, 4.88%, 0, 0, 2, 26904.44, 176821533, 206
7094, 410, 0, 33, 0, 0, 4.88%, 0, 0, 2, 28728.50, 176959985, 206
7099, 410, 0, 33, 0, 0, 4.88%, 0, 0, 2, 24802.50, 177089654, 206
7104, 411, 0, 33, 0, 0, 4.88%, 0, 0, 2, 28930.47, 177239896, 206
7109, 411, 0, 33, 0, 0, 4.88%, 0, 0, 2, 23224.67, 177352840, 206
7114, 412, 0, 33, 0, 0, 4.88%, 0, 0, 2, 26512.69, 177489877, 206
7119, 412, 24, 33, 0, 0, 4.88%, 0, 0, 2, 26168.60, 177628958, 206
7125, 412, 0, 33, 0, 0, 4.88%, 0, 0, 2, 31486.54, 177791193, 206
7130, 413, 0, 33, 0, 0, 4.88%, 0, 0, 2, 27595.19, 177941438, 206
7135, 413, 0, 33, 0, 0, 4.88%, 0, 0, 2, 29289.63, 178083805, 206
7140, 413, 0, 33, 0, 0, 4.88%, 0, 0, 2, 24773.97, 178208566, 206
7145, 414, 0, 33, 0, 0, 4.88%, 0, 0, 2, 29387.98, 178363310, 206
7150, 414, 0, 33, 0, 0, 4.88%, 0, 0, 2, 26165.01, 178492024, 206
7155, 414, 0, 33, 0, 0, 4.88%, 0, 0, 2, 26847.63, 178625950, 206
7160, 414, 0, 33, 0, 0, 4.88%, 0, 0, 2, 25015.50, 178756236, 206
7165, 415, 17, 33, 0, 0, 4.88%, 0, 0, 2, 28238.92, 178905015, 206
7170, 415, 0, 33, 0, 0, 4.88%, 0, 0, 2, 22060.66, 179008775, 206
7175, 415, 0, 33, 0, 0, 4.88%, 0, 0, 2, 28016.09, 179156048, 206
7180, 416, 30, 33, 0, 0, 4.88%, 0, 0, 2, 23411.00, 179271798, 206
7185, 416, 0, 33, 0, 0, 4.88%, 0, 0, 2, 25951.41, 179400789, 206
7191, 416, 0, 33, 0, 0, 4.88%, 0, 0, 2, 25929.03, 179527282, 206
7196, 417, 25, 33, 0, 0, 4.88%, 0, 0, 2, 30276.74, 179690586, 206
7200, 417, 0, 33, 0, 0, 4.88%, 0, 0, 2, 24166.00, 179779057, 206
