# relative_time, cycles_done, cur_item, corpus_count, pending_total, pending_favs, map_size, saved_crashes, saved_hangs, max_depth, execs_per_sec, total_execs, edges_found
61, 0, 31, 130, 114, 5, 5.66%, 0, 0, 3, 30658.74, 1596261, 245
66, 0, 110, 131, 114, 4, 5.66%, 0, 0, 3, 33480.29, 1758403, 245
71, 0, 3, 131, 112, 2, 5.66%, 0, 0, 3, 31879.73, 1923803, 245
76, 0, 32, 131, 110, 1, 5.66%, 0, 0, 3, 23847.82, 2035488, 245
81, 0, 32, 131, 110, 1, 5.66%, 0, 0, 3, 24437.90, 2166023, 245
86, 0, 0, 134, 112, 0, 5.66%, 0, 0, 3, 25996.73, 2290731, 245
91, 0, 98, 134, 110, 0, 5.66%, 0, 0, 3, 21461.22, 2398114, 245
96, 0, 73, 134, 109, 0, 5.66%, 0, 0, 3, 21103.98, 2503242, 245
101, 0, 98, 134, 107, 0, 5.66%, 0, 0, 3, 23290.35, 2639091, 245
107, 0, 82, 135, 106, 0, 5.66%, 0, 0, 3, 7059.16, 2735758, 245
112, 0, 108, 135, 105, 0, 5.66%, 0, 0, 3, 17784.43, 2834341, 245
117, 0, 113, 135, 105, 0, 5.66%, 0, 0, 3, 24902.62, 2968037, 245
122, 0, 8, 135, 104, 0, 5.66%, 0, 0, 3, 23615.04, 3101253, 245
127, 0, 98, 136, 104, 0, 5.66%, 0, 0, 3, 20896.95, 3194799, 245
132, 0, 98, 137, 105, 0, 5.66%, 0, 0, 3, 22910.65, 3319383, 245
137, 0, 33, 137, 105, 0, 5.66%, 0, 0, 3, 29907.37, 3478117, 245
142, 0, 0, 137, 103, 0, 5.66%, 0, 0, 3, 20462.61, 3582193, 245
148, 0, 98, 138, 104, 0, 5.66%, 0, 0, 3, 25426.54, 3722715, 245
153, 1, 78, 139, 104, 0, 5.66%, 0, 0, 4, 19746.65, 3829625, 245
158, 1, 21, 140, 100, 0, 5.66%, 0, 0, 4, 22881.64, 3946154, 245
163, 1, 0, 140, 96, 0, 5.66%, 0, 0, 4, 17076.52, 4033749, 245
168, 1, 111, 140, 94, 0, 5.66%, 0, 0, 4, 21608.91, 4143944, 245
173, 1, 137, 145, 93, 0, 5.66%, 0, 0, 4, 18606.03, 4244951, 245
178, 1, 137, 145, 93, 0, 5.66%, 0, 0, 4, 24045.41, 4366379, 245
183, 1, 0, 145, 91, 0, 5.66%, 0, 0, 4, 17951.42, 4451092, 245
188, 1, 141, 145, 91, 0, 5.66%, 0, 0, 4, 19570.78, 4559101, 245
194, 1, 141, 145, 91, 0, 5.66%, 0, 0, 4, 15360.36, 4630395, 245
199, 1, 141, 145, 91, 0, 5.66%, 0, 0, 4, 17595.86, 4716474, 245
204, 1, 141, 145, 91, 0, 5.66%, 0, 0, 4, 15457.22, 4792403, 245
209, 1, 91, 145, 88, 0, 5.66%, 0, 0, 4, 18843.93, 4893879, 245
214, 1, 75, 145, 83, 0, 5.66%, 0, 0, 4, 18452.03, 4984207, 245
219, 1, 142, 145, 77, 0, 5.66%, 0, 0, 4, 17789.16, 5082881, 245
224, 1, 98, 145, 75, 0, 5.66%, 0, 0, 4, 17573.78, 5162091, 245
229, 1, 6, 145, 73, 0, 5.66%, 0, 0, 4, 23585.65, 5291840, 245
234, 1, 39, 147, 73, 0, 5.66%, 0, 0, 4, 22144.71, 5397824, 245
239, 1, 116, 147, 71, 0, 5.66%, 0, 0, 4, 24993.01, 5518301, 245
245, 1, 16, 147, 71, 0, 5.66%, 0, 0, 4, 28151.83, 5644111, 245
250, 1, 0, 147, 66, 0, 5.66%, 0, 0, 4, 23770.08, 5759413, 245
255, 1, 80, 147, 63, 0, 5.66%, 0, 0, 4, 19622.94, 5851608, 245
260, 2, 0, 153, 65, 0, 5.66%, 0, 0, 4, 17389.26, 5932517, 245
265, 2, 94, 153, 65, 0, 5.66%, 0, 0, 4, 15460.07, 6011811, 245
270, 2, 44, 155, 62, 0, 5.66%, 0, 0, 5, 19069.93, 6122756, 245
275, 2, 12, 155, 59, 0, 5.66%, 0, 0, 5, 20297.81, 6226235, 245
280, 2, 0, 155, 56, 0, 5.66%, 0, 0, 5, 20813.50, 6348902, 245
286, 2, 98, 155, 55, 0, 5.66%, 0, 0, 5, 23799.63, 6470202, 245
291, 2, 0, 155, 53, 0, 5.66%, 0, 0, 5, 20761.37, 6588056, 245
296, 2, 98, 155, 53, 0, 5.66%, 0, 0, 5, 26523.96, 6716360, 245
301, 2, 3, 155, 51, 0, 5.66%, 0, 0, 5, 19381.67, 6819948, 245
306, 2, 32, 155, 48, 0, 5.66%, 0, 0, 5, 18008.45, 6902940, 245
311, 2, 111, 155, 45, 0, 5.66%, 0, 0, 5, 17260.79, 6985928, 245
316, 2, 88, 155, 45, 0, 5.66%, 0, 0, 5, 13706.11, 7058333, 245
321, 2, 0, 155, 42, 0, 5.66%, 0, 0, 5, 16576.24, 7147854, 245
326, 2, 0, 155, 39, 0, 5.66%, 0, 0, 5, 25330.12, 7286771, 245
331, 2, 74, 155, 37, 0, 5.66%, 0, 0, 5, 19764.73, 7395049, 245
336, 3, 160, 181, 61, 0, 5.66%, 0, 0, 5, 19244.83, 7503297, 245
342, 3, 0, 181, 56, 0, 5.66%, 0, 0, 5, 17310.92, 7587157, 245
347, 3, 92, 181, 55, 0, 5.66%, 0, 0, 5, 20678.48, 7689198, 245
352, 3, 172, 182, 55, 0, 5.66%, 0, 0, 5, 4738.47, 7753051, 245
357, 3, 167, 182, 54, 0, 5.66%, 0, 0, 5, 14935.88, 7840238, 245
362, 3, 98, 182, 50, 0, 5.66%, 0, 0, 5, 15190.51, 7919656, 245
367, 3, 11, 182, 49, 0, 5.66%, 0, 0, 5, 24618.08, 8047278, 245
372, 3, 168, 182, 46, 0, 5.66%, 0, 0, 5, 4192.80, 8147530, 245
377, 3, 173, 182, 45, 0, 5.66%, 0, 0, 5, 4289.13, 8212533, 245
382, 3, 0, 182, 43, 0, 5.66%, 0, 0, 5, 9128.65, 8265741, 245
387, 3, 0, 182, 42, 0, 5.66%, 0, 0, 5, 24679.23, 8410053, 245
392, 3, 40, 182, 41, 0, 5.66%, 0, 0, 5, 19641.99, 8502067, 245
398, 3, 169, 182, 39, 0, 5.66%, 0, 0, 5, 2580.03, 8645446, 245
403, 3, 0, 182, 37, 0, 5.66%, 0, 0, 5, 16743.12, 8734212, 245
408, 3, 6, 182, 35, 0, 5.66%, 0, 0, 5, 25137.62, 8864990, 245
413, 3, 162, 182, 35, 0, 5.66%, 0, 0, 5, 18049.08, 8954931, 245
418, 3, 0, 182, 33, 0, 5.66%, 0, 0, 5, 25695.16, 9089351, 245
423, 3, 87, 182, 32, 0, 5.66%, 0, 0, 5, 18423.11, 9185177, 245
428, 3, 83, 182, 31, 0, 5.66%, 0, 0, 5, 21643.85, 9297679, 245
433, 3, 98, 182, 29, 0, 5.66%, 0, 0, 5, 15264.45, 9364832, 245
438, 4, 0, 182, 27, 0, 5.66%, 0, 0, 5, 24160.84, 9502551, 245
444, 4, 163, 182, 26, 0, 5.66%, 0, 0, 5, 16906.07, 9581574, 245
449, 4, 98, 182, 23, 0, 5.66%, 0, 0, 5, 21431.67, 9683832, 245
454, 4, 110, 182, 22, 0, 5.66%, 0, 0, 5, 13581.92, 9774453, 245
459, 4, 175, 182, 22, 0, 5.66%, 0, 0, 5, 11619.09, 9826624, 245
464, 4, 0, 182, 21, 0, 5.66%, 0, 0, 5, 18749.69, 9916584, 245
469, 4, 98, 182, 20, 0, 5.66%, 0, 0, 5, 28827.61, 10079431, 245
474, 4, 10, 182, 19, 0, 5.66%, 0, 0, 5, 24828.55, 10201593, 245
479, 4, 171, 182, 18, 0, 5.66%, 0, 0, 5, 2534.12, 10306555, 245
484, 4, 49, 182, 17, 0, 5.66%, 0, 0, 5, 15894.46, 10386524, 245
489, 4, 98, 182, 16, 0, 5.66%, 0, 0, 5, 21687.04, 10496653, 245
494, 4, 18, 182, 16, 0, 5.66%, 0, 0, 5, 22567.60, 10601427, 245
500, 4, 169, 182, 15, 0, 5.66%, 0, 0, 5, 23352.03, 10733296, 245
505, 4, 170, 182, 15, 0, 5.66%, 0, 0, 5, 4594.33, 10773254, 245
510, 4, 0, 182, 13, 0, 5.66%, 0, 0, 5, 17602.83, 10870182, 245
515, 4, 77, 182, 13, 0, 5.66%, 0, 0, 5, 17973.72, 10967600, 245
520, 4, 85, 182, 12, 0, 5.66%, 0, 0, 5, 21600.44, 11082252, 245
525, 4, 32, 182, 12, 0, 5.66%, 0, 0, 5, 22187.00, 11180936, 245
530, 4, 72, 182, 12, 0, 5.66%, 0, 0, 5, 21698.02, 11307141, 245
535, 4, 0, 182, 12, 0, 5.66%, 0, 0, 5, 25092.54, 11433758, 245
540, 5, 150, 182, 12, 0, 5.66%, 0, 0, 5, 24725.32, 11572444, 245
545, 5, 6, 182, 11, 0, 5.66%, 0, 0, 5, 24767.46, 11677409, 245
551, 5, 174, 182, 10, 0, 5.66%, 0, 0, 5, 21245.01, 11779794, 245
556, 5, 174, 182, 10, 0, 5.66%, 0, 0, 5, 7273.11, 11823525, 245
561, 5, 0, 182, 9, 0, 5.66%, 0, 0, 5, 17323.49, 11934284, 245
566, 5, 0, 182, 8, 0, 5.66%, 0, 0, 5, 19855.98, 12040497, 245
571, 5, 157, 182, 8, 0, 5.66%, 0, 0, 5, 23710.44, 12175540, 245
576, 5, 0, 182, 8, 0, 5.66%, 0, 0, 5, 27717.15, 12327936, 245
581, 5, 29, 182, 8, 0, 5.66%, 0, 0, 5, 23491.73, 12444840, 245
586, 5, 0, 182, 8, 0, 5.66%, 0, 0, 5, 26085.18, 12572944, 245
592, 5, 0, 182, 7, 0, 5.66%, 0, 0, 5, 22482.37, 12692489, 245
597, 5, 90, 182, 7, 0, 5.66%, 0, 0, 5, 16754.17, 12771445, 245
602, 5, 77, 182, 6, 0, 5.66%, 0, 0, 5, 15487.20, 12853557, 245
607, 5, 75, 182, 6, 0, 5.66%, 0, 0, 5, 22249.95, 12963084, 245
612, 5, 91, 182, 6, 0, 5.66%, 0, 0, 5, 17735.86, 13051784, 245
617, 6, 6, 182, 6, 0, 5.66%, 0, 0, 5, 19741.66, 13139176, 245
622, 6, 98, 182, 6, 0, 5.66%, 0, 0, 5, 22569.11, 13263551, 245
627, 6, 142, 182, 5, 0, 5.66%, 0, 0, 5, 21552.28, 13375151, 245
632, 6, 75, 182, 4, 0, 5.66%, 0, 0, 5, 19469.49, 13472558, 245
637, 6, 78, 182, 4, 0, 5.66%, 0, 0, 5, 19621.90, 13573870, 245
642, 6, 98, 182, 4, 0, 5.66%, 0, 0, 5, 21749.86, 13685226, 245
647, 6, 0, 182, 4, 0, 5.66%, 0, 0, 5, 22362.14, 13788579, 245
653, 6, 135, 182, 4, 0, 5.66%, 0, 0, 5, 19718.48, 13899601, 245
658, 6, 135, 182, 4, 0, 5.66%, 0, 0, 5, 22749.44, 14023907, 245
663, 6, 135, 182, 4, 0, 5.66%, 0, 0, 5, 22234.37, 14140113, 245
668, 6, 74, 182, 4, 0, 5.66%, 0, 0, 5, 17046.64, 14227590, 245
673, 6, 74, 182, 4, 0, 5.66%, 0, 0, 5, 10807.47, 14273106, 245
678, 6, 74, 182, 4, 0, 5.66%, 0, 0, 5, 9757.26, 14319528, 245
683, 6, 74, 182, 4, 0, 5.66%, 0, 0, 5, 9047.81, 14365055, 245
689, 6, 74, 182, 4, 0, 5.66%, 0, 0, 5, 10009.91, 14419122, 245
694, 6, 74, 182, 4, 0, 5.66%, 0, 0, 5, 9539.62, 14465599, 245
699, 6, 74, 182, 4, 0, 5.66%, 0, 0, 5, 10372.04, 14519670, 245
704, 6, 74, 182, 4, 0, 5.66%, 0, 0, 5, 9967.80, 14569926, 245
709, 6, 74, 182, 4, 0, 5.66%, 0, 0, 5, 9898.03, 14620441, 245
714, 6, 74, 182, 4, 0, 5.66%, 0, 0, 5, 9360.38, 14668589, 245
719, 6, 74, 182, 4, 0, 5.66%, 0, 0, 5, 9965.27, 14722695, 245
725, 6, 98, 182, 4, 0, 5.66%, 0, 0, 5, 20659.99, 14823386, 245
730, 6, 81, 182, 4, 0, 5.66%, 0, 0, 5, 11248.61, 14865384, 245
735, 6, 81, 182, 4, 0, 5.66%, 0, 0, 5, 7417.35, 14896467, 245
740, 6, 81, 182, 4, 0, 5.66%, 0, 0, 5, 6791.18, 14929618, 245
745, 6, 81, 182, 4, 0, 5.66%, 0, 0, 5, 6576.11, 14962715, 245
750, 6, 81, 182, 4, 0, 5.66%, 0, 0, 5, 6717.81, 14997726, 245
755, 6, 81, 182, 4, 0, 5.66%, 0, 0, 5, 6557.28, 15030147, 245
760, 6, 81, 182, 4, 0, 5.66%, 0, 0, 5, 6635.95, 15065195, 245
765, 6, 81, 182, 4, 0, 5.66%, 0, 0, 5, 6529.66, 15097716, 245
771, 6, 81, 182, 4, 0, 5.66%, 0, 0, 5, 6571.16, 15132170, 245
776, 6, 81, 182, 4, 0, 5.66%, 0, 0, 5, 6498.05, 15165281, 245
781, 6, 81, 182, 4, 0, 5.66%, 0, 0, 5, 6733.27, 15200246, 245
786, 6, 81, 182, 4, 0, 5.66%, 0, 0, 5, 6761.73, 15235458, 245
791, 6, 138, 182, 4, 0, 5.66%, 0, 0, 5, 11332.05, 15291341, 245
796, 6, 138, 182, 4, 0, 5.66%, 0, 0, 5, 16165.12, 15385190, 245
802, 6, 138, 182, 4, 0, 5.66%, 0, 0, 5, 19082.46, 15492302, 245
807, 6, 138, 182, 4, 0, 5.66%, 0, 0, 5, 23563.06, 15616258, 245
812, 6, 138, 182, 4, 0, 5.66%, 0, 0, 5, 23498.02, 15741821, 245
817, 6, 138, 182, 4, 0, 5.66%, 0, 0, 5, 24788.92, 15867417, 245
822, 6, 138, 182, 4, 0, 5.66%, 0, 0, 5, 23315.45, 15986343, 245
827, 6, 138, 182, 4, 0, 5.66%, 0, 0, 5, 24054.27, 16105345, 245
832, 6, 138, 182, 4, 0, 5.66%, 0, 0, 5, 23952.82, 16231025, 245
837, 6, 138, 182, 4, 0, 5.66%, 0, 0, 5, 26028.35, 16368295, 245
843, 6, 138, 182, 4, 0, 5.66%, 0, 0, 5, 23046.62, 16485373, 245
848, 6, 155, 182, 4, 0, 5.66%, 0, 0, 5, 18885.82, 16586604, 245
853, 6, 155, 182, 4, 0, 5.66%, 0, 0, 5, 11465.88, 16636608, 245
858, 6, 155, 182, 4, 0, 5.66%, 0, 0, 5, 10330.73, 16687669, 245
863, 6, 155, 182, 4, 0, 5.66%, 0, 0, 5, 10001.81, 16740600, 245
868, 6, 155, 182, 4, 0, 5.66%, 0, 0, 5, 11751.34, 16802290, 245
873, 6, 155, 182, 4, 0, 5.66%, 0, 0, 5, 11225.28, 16859416, 245
878, 6, 155, 182, 4, 0, 5.66%, 0, 0, 5, 11720.25, 16920920, 245
883, 6, 155, 182, 4, 0, 5.66%, 0, 0, 5, 10234.42, 16971641, 245
888, 6, 155, 182, 4, 0, 5.66%, 0, 0, 5, 11201.06, 17028549, 245
894, 6, 155, 182, 4, 0, 5.66%, 0, 0, 5, 11344.02, 17085495, 245
899, 6, 155, 182, 4, 0, 5.66%, 0, 0, 5, 11731.10, 17144828, 245
904, 6, 155, 182, 4, 0, 5.66%, 0, 0, 5, 10982.54, 17199339, 245
909, 6, 155, 182, 4, 0, 5.66%, 0, 0, 5, 11726.49, 17259838, 245
914, 6, 155, 182, 4, 0, 5.66%, 0, 0, 5, 10817.27, 17313160, 245
919, 6, 155, 182, 4, 0, 5.66%, 0, 0, 5, 10499.18, 17364425, 245
924, 6, 164, 182, 4, 0, 5.66%, 0, 0, 5, 17958.94, 17472070, 245
929, 6, 164, 182, 4, 0, 5.66%, 0, 0, 5, 18033.28, 17564874, 245
934, 6, 164, 182, 4, 0, 5.66%, 0, 0, 5, 17432.62, 17650965, 245
940, 6, 164, 182, 4, 0, 5.66%, 0, 0, 5, 17727.33, 17742293, 245
945, 6, 164, 182, 4, 0, 5.66%, 0, 0, 5, 16694.48, 17824294, 245
950, 6, 164, 182, 4, 0, 5.66%, 0, 0, 5, 17928.38, 17916928, 245
955, 6, 164, 182, 4, 0, 5.66%, 0, 0, 5, 17513.84, 18001658, 245
960, 6, 164, 182, 4, 0, 5.66%, 0, 0, 5, 18042.39, 18092923, 245
965, 6, 164, 182, 4, 0, 5.66%, 0, 0, 5, 17217.16, 18174952, 245
970, 6, 164, 182, 4, 0, 5.66%, 0, 0, 5, 17585.13, 18266243, 245
975, 6, 164, 182, 4, 0, 5.66%, 0, 0, 5, 16970.35, 18347078, 245
980, 6, 164, 182, 4, 0, 5.66%, 0, 0, 5, 16703.41, 18431775, 245
985, 6, 164, 182, 4, 0, 5.66%, 0, 0, 5, 16045.93, 18507201, 245
990, 6, 164, 182, 4, 0, 5.66%, 0, 0, 5, 16943.25, 18594443, 245
996, 6, 164, 182, 4, 0, 5.66%, 0, 0, 5, 16914.86, 18679209, 245
1001, 6, 164, 182, 4, 0, 5.66%, 0, 0, 5, 16144.63, 18762428, 245
1006, 6, 164, 182, 4, 0, 5.66%, 0, 0, 5, 16671.83, 18844576, 245
1011, 6, 164, 182, 4, 0, 5.66%, 0, 0, 5, 16508.59, 18928093, 245
1016, 6, 164, 182, 4, 0, 5.66%, 0, 0, 5, 17031.66, 19012900, 245
1021, 6, 164, 182, 4, 0, 5.66%, 0, 0, 5, 16235.29, 19098842, 245
1026, 6, 164, 182, 4, 0, 5.66%, 0, 0, 5, 17261.62, 19184807, 245
1031, 6, 164, 182, 4, 0, 5.66%, 0, 0, 5, 16357.41, 19270590, 245
1036, 6, 164, 182, 4, 0, 5.66%, 0, 0, 5, 16098.49, 19351286, 245
1041, 6, 164, 182, 4, 0, 5.66%, 0, 0, 5, 15615.47, 19434652, 245
1047, 6, 164, 182, 4, 0, 5.66%, 0, 0, 5, 16267.86, 19514162, 245
1052, 6, 164, 182, 4, 0, 5.66%, 0, 0, 5, 15311.14, 19596142, 245
1057, 6, 164, 182, 4, 0, 5.66%, 0, 0, 5, 17147.44, 19683430, 245
1062, 6, 164, 182, 4, 0, 5.66%, 0, 0, 5, 15525.84, 19766652, 245
1067, 6, 164, 182, 4, 0, 5.66%, 0, 0, 5, 16281.54, 19850031, 245
1072, 6, 164, 182, 4, 0, 5.66%, 0, 0, 5, 14670.30, 19929243, 245
1077, 6, 164, 182, 4, 0, 5.66%, 0, 0, 5, 16895.83, 20015115, 245
1082, 6, 7, 182, 4, 0, 5.66%, 0, 0, 5, 23403.99, 20142405, 245
1088, 6, 115, 182, 4, 0, 5.66%, 0, 0, 5, 32370.13, 20325105, 245
1093, 6, 115, 182, 4, 0, 5.66%, 0, 0, 5, 26971.79, 20452826, 245
1098, 6, 115, 182, 4, 0, 5.66%, 0, 0, 5, 26320.01, 20587995, 245
1103, 6, 115, 182, 4, 0, 5.66%, 0, 0, 5, 25417.69, 20719497, 245
1108, 6, 115, 182, 4, 0, 5.66%, 0, 0, 5, 26888.74, 20856464, 245
1113, 6, 115, 182, 4, 0, 5.66%, 0, 0, 5, 22499.16, 20967775, 245
1118, 6, 106, 182, 4, 0, 5.66%, 0, 0, 5, 16730.78, 21048801, 245
1123, 6, 106, 182, 4, 0, 5.66%, 0, 0, 5, 11459.39, 21096970, 245
1129, 6, 106, 182, 4, 0, 5.66%, 0, 0, 5, 11453.18, 21155435, 245
1134, 6, 106, 182, 4, 0, 5.66%, 0, 0, 5, 9894.56, 21204584, 245
1139, 6, 106, 182, 4, 0, 5.66%, 0, 0, 5, 11005.98, 21262957, 245
1144, 6, 106, 182, 4, 0, 5.66%, 0, 0, 5, 10560.70, 21314168, 245
1149, 6, 106, 182, 4, 0, 5.66%, 0, 0, 5, 11391.60, 21375713, 245
1154, 6, 106, 182, 4, 0, 5.66%, 0, 0, 5, 10599.14, 21428973, 245
1159, 6, 106, 182, 4, 0, 5.66%, 0, 0, 5, 10318.52, 21480309, 245
1165, 6, 106, 182, 4, 0, 5.66%, 0, 0, 5, 10101.38, 21532569, 245
1170, 6, 106, 182, 4, 0, 5.66%, 0, 0, 5, 11353.21, 21595160, 245
1175, 6, 106, 182, 4, 0, 5.66%, 0, 0, 5, 10674.17, 21647377, 245
1180, 6, 106, 182, 4, 0, 5.66%, 0, 0, 5, 11088.67, 21704773, 245
1185, 6, 106, 182, 4, 0, 5.66%, 0, 0, 5, 10382.57, 21754980, 245
1190, 6, 106, 182, 4, 0, 5.66%, 0, 0, 5, 11036.67, 21812334, 245
1195, 6, 106, 182, 4, 0, 5.66%, 0, 0, 5, 10627.19, 21863565, 245
1200, 6, 106, 182, 4, 0, 5.66%, 0, 0, 5, 11382.80, 21921985, 245
1205, 6, 0, 182, 4, 0, 5.66%, 0, 0, 5, 12228.66, 21980302, 245
1210, 6, 140, 182, 4, 0, 5.66%, 0, 0, 5, 24597.85, 22135368, 245
1215, 6, 140, 182, 4, 0, 5.66%, 0, 0, 5, 20848.72, 22233273, 245
1221, 6, 140, 182, 4, 0, 5.66%, 0, 0, 5, 19112.31, 22329911, 245
1226, 6, 116, 182, 4, 0, 5.66%, 0, 0, 5, 14170.07, 22398169, 245
1231, 6, 116, 182, 4, 0, 5.66%, 0, 0, 5, 11937.23, 22456188, 245
1236, 6, 116, 182, 4, 0, 5.66%, 0, 0, 5, 11294.89, 22512120, 245
1241, 6, 116, 182, 4, 0, 5.66%, 0, 0, 5, 11202.41, 22570143, 245
1246, 6, 116, 182, 4, 0, 5.66%, 0, 0, 5, 11489.60, 22628161, 245
1251, 6, 116, 182, 4, 0, 5.66%, 0, 0, 5, 10815.48, 22684055, 245
1256, 6, 170, 182, 4, 0, 5.66%, 0, 0, 5, 8993.87, 22730777, 245
1261, 6, 170, 182, 4, 0, 5.66%, 0, 0, 5, 4041.07, 22744560, 245
1267, 6, 170, 182, 4, 0, 5.66%, 0, 0, 5, 2993.66, 22758226, 245
1272, 6, 170, 182, 4, 0, 5.66%, 0, 0, 5, 2681.13, 22771741, 245
1277, 6, 170, 182, 4, 0, 5.66%, 0, 0, 5, 2534.16, 22784723, 245
1282, 6, 170, 182, 4, 0, 5.66%, 0, 0, 5, 2531.86, 22797762, 245
1287, 6, 170, 182, 4, 0, 5.66%, 0, 0, 5, 2564.84, 22811063, 245
1292, 6, 170, 182, 4, 0, 5.66%, 0, 0, 5, 2495.10, 22823734, 245
1297, 6, 170, 182, 4, 0, 5.66%, 0, 0, 5, 2553.74, 22836993, 245
1302, 6, 170, 182, 4, 0, 5.66%, 0, 0, 5, 2527.32, 22849652, 245
1308, 6, 170, 182, 4, 0, 5.66%, 0, 0, 5, 2636.84, 22863040, 245
1313, 6, 170, 182, 4, 0, 5.66%, 0, 0, 5, 2540.52, 22875967, 245
1318, 6, 170, 182, 4, 0, 5.66%, 0, 0, 5, 2578.33, 22889080, 245
1323, 6, 170, 182, 4, 0, 5.66%, 0, 0, 5, 2507.91, 22902182, 245
1328, 6, 170, 182, 4, 0, 5.66%, 0, 0, 5, 2574.69, 22915492, 245
1333, 6, 170, 182, 4, 0, 5.66%, 0, 0, 5, 2543.87, 22928416, 245
1338, 6, 170, 182, 4, 0, 5.66%, 0, 0, 5, 2689.91, 22941967, 245
1343, 6, 170, 182, 4, 0, 5.66%, 0, 0, 5, 2493.17, 22954671, 245
1348, 6, 170, 182, 4, 0, 5.66%, 0, 0, 5, 2585.14, 22968378, 245
1354, 6, 170, 182, 4, 0, 5.66%, 0, 0, 5, 2514.09, 22981304, 245
1359, 6, 170, 182, 4, 0, 5.66%, 0, 0, 5, 2569.49, 22994513, 245
1364, 6, 170, 182, 4, 0, 5.66%, 0, 0, 5, 2545.34, 23007733, 245
1369, 6, 170, 182, 4, 0, 5.66%, 0, 0, 5, 2590.03, 23021026, 245
1374, 6, 170, 182, 4, 0, 5.66%, 0, 0, 5, 2519.03, 23034055, 245
1379, 6, 170, 182, 4, 0, 5.66%, 0, 0, 5, 2638.92, 23047823, 245
1385, 6, 170, 182, 4, 0, 5.66%, 0, 0, 5, 2550.11, 23061150, 245
1390, 6, 170, 182, 4, 0, 5.66%, 0, 0, 5, 2637.78, 23074448, 245
1395, 6, 170, 182, 4, 0, 5.66%, 0, 0, 5, 2468.84, 23086722, 245
1400, 6, 170, 182, 4, 0, 5.66%, 0, 0, 5, 2559.74, 23099844, 245
1405, 6, 170, 182, 4, 0, 5.66%, 0, 0, 5, 2516.15, 23112619, 245
1410, 6, 170, 182, 4, 0, 5.66%, 0, 0, 5, 2698.41, 23126686, 245
1415, 6, 170, 182, 4, 0, 5.66%, 0, 0, 5, 2562.63, 23139727, 245
1420, 6, 170, 182, 4, 0, 5.66%, 0, 0, 5, 2519.90, 23152421, 245
1425, 6, 170, 182, 4, 0, 5.66%, 0, 0, 5, 2619.48, 23165814, 245
1431, 6, 170, 182, 4, 0, 5.66%, 0, 0, 5, 2562.31, 23179136, 245
1436, 6, 170, 182, 4, 0, 5.66%, 0, 0, 5, 2574.83, 23192118, 245
1441, 6, 170, 182, 4, 0, 5.66%, 0, 0, 5, 2569.92, 23205604, 245
1446, 6, 170, 182, 4, 0, 5.66%, 0, 0, 5, 2592.76, 23218794, 245
1451, 6, 170, 182, 4, 0, 5.66%, 0, 0, 5, 2597.81, 23232406, 245
1456, 6, 170, 182, 4, 0, 5.66%, 0, 0, 5, 2557.51, 23245196, 245
1461, 6, 170, 182, 4, 0, 5.66%, 0, 0, 5, 2512.77, 23258192, 245
1466, 6, 170, 182, 4, 0, 5.66%, 0, 0, 5, 2565.05, 23271493, 245
1472, 6, 170, 182, 4, 0, 5.66%, 0, 0, 5, 2627.93, 23285214, 245
1477, 6, 170, 182, 4, 0, 5.66%, 0, 0, 5, 2628.88, 23298642, 245
1482, 6, 170, 182, 4, 0, 5.66%, 0, 0, 5, 2655.54, 23312327, 245
1487, 6, 170, 182, 4, 0, 5.66%, 0, 0, 5, 2644.79, 23326149, 245
1492, 6, 170, 182, 4, 0, 5.66%, 0, 0, 5, 2592.70, 23339157, 245
1497, 6, 170, 182, 4, 0, 5.66%, 0, 0, 5, 2624.73, 23352291, 245
1502, 6, 170, 182, 4, 0, 5.66%, 0, 0, 5, 2537.05, 23365474, 245
1507, 6, 170, 182, 4, 0, 5.66%, 0, 0, 5, 2602.54, 23378831, 245
1512, 6, 170, 182, 4, 0, 5.66%, 0, 0, 5, 2561.03, 23392199, 245
1518, 6, 170, 182, 4, 0, 5.66%, 0, 0, 5, 2520.82, 23405088, 245
1523, 6, 170, 182, 4, 0, 5.66%, 0, 0, 5, 2487.38, 23417864, 245
1528, 6, 170, 182, 4, 0, 5.66%, 0, 0, 5, 2600.07, 23431015, 245
1533, 6, 170, 182, 4, 0, 5.66%, 0, 0, 5, 2597.38, 23444410, 245
1538, 6, 170, 182, 4, 0, 5.66%, 0, 0, 5, 2663.31, 23458445, 245
1543, 6, 170, 182, 4, 0, 5.66%, 0, 0, 5, 2550.22, 23471624, 245
1548, 6, 170, 182, 4, 0, 5.66%, 0, 0, 5, 2523.04, 23484722, 245
1553, 6, 170, 182, 4, 0, 5.66%, 0, 0, 5, 2527.78, 23497763, 245
1559, 6, 170, 182, 4, 0, 5.66%, 0, 0, 5, 2605.28, 23511530, 245
1564, 6, 170, 182, 4, 0, 5.66%, 0, 0, 5, 2596.53, 23524755, 245
1569, 6, 170, 182, 4, 0, 5.66%, 0, 0, 5, 2606.58, 23538035, 245
1574, 6, 170, 182, 4, 0, 5.66%, 0, 0, 5, 2678.33, 23551546, 245
1579, 6, 170, 182, 4, 0, 5.66%, 0, 0, 5, 2614.33, 23565158, 245
1584, 6, 170, 182, 4, 0, 5.66%, 0, 0, 5, 2573.68, 23577963, 245
1589, 6, 170, 182, 4, 0, 5.66%, 0, 0, 5, 2653.42, 23591415, 245
1594, 6, 170, 182, 4, 0, 5.66%, 0, 0, 5, 2585.71, 23604614, 245
1599, 6, 170, 182, 4, 0, 5.66%, 0, 0, 5, 2646.08, 23618131, 245
1605, 6, 170, 182, 4, 0, 5.66%, 0, 0, 5, 2641.36, 23631466, 245
1610, 6, 170, 182, 4, 0, 5.66%, 0, 0, 5, 2659.74, 23645042, 245
1615, 6, 170, 182, 4, 0, 5.66%, 0, 0, 5, 2608.80, 23658291, 245
1620, 6, 170, 182, 4, 0, 5.66%, 0, 0, 5, 2632.74, 23671986, 245
1625, 6, 170, 182, 4, 0, 5.66%, 0, 0, 5, 2572.94, 23685047, 245
1630, 6, 170, 182, 4, 0, 5.66%, 0, 0, 5, 2665.27, 23698682, 245
1635, 6, 170, 182, 4, 0, 5.66%, 0, 0, 5, 2622.76, 23711888, 245
1640, 6, 170, 182, 4, 0, 5.66%, 0, 0, 5, 2641.40, 23725279, 245
1646, 6, 170, 182, 4, 0, 5.66%, 0, 0, 5, 2601.86, 23738662, 245
1651, 6, 170, 182, 4, 0, 5.66%, 0, 0, 5, 2555.86, 23751789, 245
1656, 6, 170, 182, 4, 0, 5.66%, 0, 0, 5, 2653.99, 23765699, 245
1661, 6, 170, 182, 4, 0, 5.66%, 0, 0, 5, 2648.73, 23779587, 245
1666, 6, 170, 182, 4, 0, 5.66%, 0, 0, 5, 2547.92, 23792252, 245
1671, 6, 170, 182, 4, 0, 5.66%, 0, 0, 5, 2566.53, 23805579, 245
1676, 6, 170, 182, 4, 0, 5.66%, 0, 0, 5, 2578.45, 23818538, 245
1681, 6, 170, 182, 4, 0, 5.66%, 0, 0, 5, 2547.01, 23831850, 245
1687, 6, 170, 182, 4, 0, 5.66%, 0, 0, 5, 2497.65, 23844827, 245
1692, 6, 170, 182, 4, 0, 5.66%, 0, 0, 5, 2596.81, 23858190, 245
1697, 6, 170, 182, 4, 0, 5.66%, 0, 0, 5, 2589.77, 23871330, 245
1702, 6, 170, 182, 4, 0, 5.66%, 0, 0, 5, 2535.31, 23884594, 245
1707, 6, 170, 182, 4, 0, 5.66%, 0, 0, 5, 2658.33, 23898411, 245
1712, 6, 170, 182, 4, 0, 5.66%, 0, 0, 5, 2625.91, 23911735, 245
1717, 6, 170, 182, 4, 0, 5.66%, 0, 0, 5, 2638.37, 23924951, 245
1722, 6, 170, 182, 4, 0, 5.66%, 0, 0, 5, 2581.39, 23938553, 245
1727, 6, 170, 182, 4, 0, 5.66%, 0, 0, 5, 2667.77, 23952065, 245
1732, 6, 170, 182, 4, 0, 5.66%, 0, 0, 5, 2619.75, 23965489, 245
1738, 6, 170, 182, 4, 0, 5.66%, 0, 0, 5, 2627.22, 23978868, 245
1743, 6, 170, 182, 4, 0, 5.66%, 0, 0, 5, 2562.27, 23992201, 245
1748, 6, 170, 182, 4, 0, 5.66%, 0, 0, 5, 2534.56, 24004992, 245
1753, 6, 170, 182, 4, 0, 5.66%, 0, 0, 5, 2531.48, 24017790, 245
1758, 6, 170, 182, 4, 0, 5.66%, 0, 0, 5, 2539.12, 24030558, 245
1763, 6, 170, 182, 4, 0, 5.66%, 0, 0, 5, 2509.58, 24043384, 245
1768, 6, 170, 182, 4, 0, 5.66%, 0, 0, 5, 2581.56, 24056612, 245
1773, 6, 170, 182, 4, 0, 5.66%, 0, 0, 5, 2523.84, 24069466, 245
1778, 6, 170, 182, 4, 0, 5.66%, 0, 0, 5, 2604.65, 24083078, 245
1784, 6, 170, 182, 4, 0, 5.66%, 0, 0, 5, 2644.27, 24096848, 245
1789, 6, 170, 182, 4, 0, 5.66%, 0, 0, 5, 2630.30, 24110476, 245
1794, 6, 170, 182, 4, 0, 5.66%, 0, 0, 5, 2600.35, 24123930, 245
1799, 6, 170, 182, 4, 0, 5.66%, 0, 0, 5, 2641.79, 24137376, 245
1804, 6, 170, 182, 4, 0, 5.66%, 0, 0, 5, 2518.28, 24149959, 245
1809, 6, 170, 182, 4, 0, 5.66%, 0, 0, 5, 2581.52, 24163545, 245
1814, 6, 170, 182, 4, 0, 5.66%, 0, 0, 5, 2533.09, 24176661, 245
1819, 6, 170, 182, 4, 0, 5.66%, 0, 0, 5, 2542.61, 24189437, 245
1825, 6, 170, 182, 4, 0, 5.66%, 0, 0, 5, 2547.95, 24202634, 245
1830, 6, 170, 182, 4, 0, 5.66%, 0, 0, 5, 2636.36, 24216500, 245
1835, 6, 170, 182, 4, 0, 5.66%, 0, 0, 5, 2547.85, 24229225, 245
1840, 6, 170, 182, 4, 0, 5.66%, 0, 0, 5, 2627.64, 24242979, 245
1845, 6, 170, 182, 4, 0, 5.66%, 0, 0, 5, 2590.47, 24256208, 245
1850, 6, 170, 182, 4, 0, 5.66%, 0, 0, 5, 2613.47, 24269937, 245
1855, 6, 170, 182, 4, 0, 5.66%, 0, 0, 5, 2521.57, 24283010, 245
1861, 6, 170, 182, 4, 0, 5.66%, 0, 0, 5, 2559.71, 24296566, 245
1866, 6, 170, 182, 4, 0, 5.66%, 0, 0, 5, 2589.40, 24309995, 245
1871, 6, 170, 182, 4, 0, 5.66%, 0, 0, 5, 2608.89, 24323780, 245
1876, 6, 170, 182, 4, 0, 5.66%, 0, 0, 5, 2548.90, 24336867, 245
1881, 6, 170, 182, 4, 0, 5.66%, 0, 0, 5, 2557.61, 24350290, 245
1887, 6, 170, 182, 4, 0, 5.66%, 0, 0, 5, 2544.86, 24363568, 245
1892, 6, 170, 182, 4, 0, 5.66%, 0, 0, 5, 2562.80, 24376988, 245
1897, 6, 170, 182, 4, 0, 5.66%, 0, 0, 5, 2569.04, 24389999, 245
1902, 6, 170, 182, 4, 0, 5.66%, 0, 0, 5, 2551.28, 24402920, 245
1907, 6, 170, 182, 4, 0, 5.66%, 0, 0, 5, 2586.06, 24415960, 245
1912, 6, 170, 182, 4, 0, 5.66%, 0, 0, 5, 2546.23, 24429014, 245
1917, 6, 170, 182, 4, 0, 5.66%, 0, 0, 5, 2617.44, 24442682, 245
1922, 6, 170, 182, 4, 0, 5.66%, 0, 0, 5, 2554.52, 24455467, 245
1927, 6, 170, 182, 4, 0, 5.66%, 0, 0, 5, 2602.24, 24468780, 245
1932, 6, 170, 182, 4, 0, 5.66%, 0, 0, 5, 2555.94, 24481731, 245
1937, 6, 170, 182, 4, 0, 5.66%, 0, 0, 5, 2514.40, 24494677, 245
1943, 6, 170, 182, 4, 0, 5.66%, 0, 0, 5, 2536.61, 24507796, 245
1948, 6, 170, 182, 4, 0, 5.66%, 0, 0, 5, 2610.05, 24521258, 245
1953, 6, 170, 182, 4, 0, 5.66%, 0, 0, 5, 2511.73, 24534024, 245
1958, 6, 170, 182, 4, 0, 5.66%, 0, 0, 5, 2619.50, 24547829, 245
1963, 6, 170, 182, 4, 0, 5.66%, 0, 0, 5, 2565.23, 24561371, 245
1968, 6, 170, 182, 4, 0, 5.66%, 0, 0, 5, 2599.78, 24574972, 245
1974, 6, 170, 182, 4, 0, 5.66%, 0, 0, 5, 2519.88, 24588025, 245
1979, 6, 170, 182, 4, 0, 5.66%, 0, 0, 5, 2620.54, 24601759, 245
1984, 6, 170, 182, 4, 0, 5.66%, 0, 0, 5, 2481.18, 24614274, 245
1989, 6, 170, 182, 4, 0, 5.66%, 0, 0, 5, 2604.12, 24627589, 245
1994, 6, 170, 182, 4, 0, 5.66%, 0, 0, 5, 2569.61, 24640495, 245
1999, 6, 170, 182, 4, 0, 5.66%, 0, 0, 5, 2583.52, 24653715, 245
2004, 6, 170, 182, 4, 0, 5.66%, 0, 0, 5, 2533.90, 24666893, 245
2009, 6, 170, 182, 4, 0, 5.66%, 0, 0, 5, 2631.40, 24680740, 245
2015, 6, 170, 182, 4, 0, 5.66%, 0, 0, 5, 2571.91, 24693589, 245
2020, 6, 170, 182, 4, 0, 5.66%, 0, 0, 5, 2679.86, 24707391, 245
2025, 6, 170, 182, 4, 0, 5.66%, 0, 0, 5, 2539.50, 24720003, 245
2030, 6, 170, 182, 4, 0, 5.66%, 0, 0, 5, 2566.58, 24733268, 245
2035, 6, 170, 182, 4, 0, 5.66%, 0, 0, 5, 2552.29, 24746337, 245
2040, 6, 170, 182, 4, 0, 5.66%, 0, 0, 5, 2571.55, 24759553, 245
2045, 6, 170, 182, 4, 0, 5.66%, 0, 0, 5, 2520.95, 24772551, 245
2050, 6, 170, 182, 4, 0, 5.66%, 0, 0, 5, 2589.03, 24785731, 245
2055, 6, 170, 182, 4, 0, 5.66%, 0, 0, 5, 2579.30, 24798808, 245
2060, 6, 170, 182, 4, 0, 5.66%, 0, 0, 5, 2547.46, 24811979, 245
2065, 6, 170, 182, 4, 0, 5.66%, 0, 0, 5, 2581.56, 24824886, 245
2071, 6, 170, 182, 4, 0, 5.66%, 0, 0, 5, 2622.96, 24838375, 245
2076, 6, 170, 182, 4, 0, 5.66%, 0, 0, 5, 2602.62, 24851259, 245
2081, 6, 170, 182, 4, 0, 5.66%, 0, 0, 5, 2554.31, 24864313, 245
2086, 6, 170, 182, 4, 0, 5.66%, 0, 0, 5, 2513.34, 24877228, 245
2091, 6, 170, 182, 4, 0, 5.66%, 0, 0, 5, 2542.99, 24890625, 245
2096, 6, 170, 182, 4, 0, 5.66%, 0, 0, 5, 2611.21, 24903800, 245
2101, 6, 170, 182, 4, 0, 5.66%, 0, 0, 5, 2576.65, 24917206, 245
2106, 6, 170, 182, 4, 0, 5.66%, 0, 0, 5, 2618.98, 24930397, 245
2111, 6, 170, 182, 4, 0, 5.66%, 0, 0, 5, 2572.11, 24943623, 245
2116, 6, 170, 182, 4, 0, 5.66%, 0, 0, 5, 2494.66, 24956403, 245
2121, 6, 170, 182, 4, 0, 5.66%, 0, 0, 5, 2498.40, 24969122, 245
2126, 6, 170, 182, 4, 0, 5.66%, 0, 0, 5, 2548.05, 24981958, 245
2131, 6, 170, 182, 4, 0, 5.66%, 0, 0, 5, 2551.98, 24995066, 245
2137, 6, 170, 182, 4, 0, 5.66%, 0, 0, 5, 2604.67, 25008409, 245
2142, 6, 170, 182, 4, 0, 5.66%, 0, 0, 5, 2567.07, 25021705, 245
2147, 6, 170, 182, 4, 0, 5.66%, 0, 0, 5, 2597.35, 25035022, 245
2152, 6, 170, 182, 4, 0, 5.66%, 0, 0, 5, 2581.21, 25048220, 245
2157, 6, 170, 182, 4, 0, 5.66%, 0, 0, 5, 2603.85, 25061347, 245
2162, 6, 170, 182, 4, 0, 5.66%, 0, 0, 5, 2596.15, 25074495, 245
2167, 6, 170, 182, 4, 0, 5.66%, 0, 0, 5, 2589.52, 25087874, 245
2172, 6, 170, 182, 4, 0, 5.66%, 0, 0, 5, 2632.57, 25101475, 245
2177, 6, 170, 182, 4, 0, 5.66%, 0, 0, 5, 2533.48, 25114170, 245
2182, 6, 170, 182, 4, 0, 5.66%, 0, 0, 5, 2546.51, 25127246, 245
2188, 6, 170, 182, 4, 0, 5.66%, 0, 0, 5, 2624.18, 25140759, 245
2193, 6, 170, 182, 4, 0, 5.66%, 0, 0, 5, 2524.91, 25153339, 245
2198, 6, 170, 182, 4, 0, 5.66%, 0, 0, 5, 2686.74, 25167606, 245
2203, 6, 170, 182, 4, 0, 5.66%, 0, 0, 5, 2558.77, 25180736, 245
2208, 6, 170, 182, 4, 0, 5.66%, 0, 0, 5, 2597.86, 25193881, 245
2213, 6, 170, 182, 4, 0, 5.66%, 0, 0, 5, 2559.89, 25206913, 245
2218, 6, 170, 182, 4, 0, 5.66%, 0, 0, 5, 2563.66, 25220350, 245
2223, 6, 170, 182, 4, 0, 5.66%, 0, 0, 5, 2473.76, 25232694, 245
2229, 6, 170, 182, 4, 0, 5.66%, 0, 0, 5, 2634.00, 25246642, 245
2234, 6, 170, 182, 4, 0, 5.66%, 0, 0, 5, 2531.14, 25259874, 245
2239, 6, 170, 182, 4, 0, 5.66%, 0, 0, 5, 2535.09, 25273096, 245
2244, 6, 170, 182, 4, 0, 5.66%, 0, 0, 5, 2514.83, 25285833, 245
2249, 6, 170, 182, 4, 0, 5.66%, 0, 0, 5, 2589.83, 25299303, 245
2254, 6, 170, 182, 4, 0, 5.66%, 0, 0, 5, 2567.96, 25312236, 245
2259, 6, 170, 182, 4, 0, 5.66%, 0, 0, 5, 2589.25, 25325773, 245
2265, 6, 170, 182, 4, 0, 5.66%, 0, 0, 5, 2624.45, 25339384, 245
2270, 6, 170, 182, 4, 0, 5.66%, 0, 0, 5, 2605.54, 25352627, 245
2275, 6, 170, 182, 4, 0, 5.66%, 0, 0, 5, 2546.11, 25365327, 245
2280, 6, 170, 182, 4, 0, 5.66%, 0, 0, 5, 2641.17, 25379262, 245
2285, 6, 170, 182, 4, 0, 5.66%, 0, 0, 5, 2550.01, 25391947, 245
2290, 6, 170, 182, 4, 0, 5.66%, 0, 0, 5, 2541.23, 25405153, 245
2295, 6, 170, 182, 4, 0, 5.66%, 0, 0, 5, 2490.90, 25417840, 245
2300, 6, 170, 182, 4, 0, 5.66%, 0, 0, 5, 2497.21, 25430697, 245
2306, 6, 170, 182, 4, 0, 5.66%, 0, 0, 5, 2531.59, 25443507, 245
2311, 6, 170, 182, 4, 0, 5.66%, 0, 0, 5, 2534.37, 25456689, 245
2316, 6, 170, 182, 4, 0, 5.66%, 0, 0, 5, 2541.71, 25469926, 245
2321, 6, 170, 182, 4, 0, 5.66%, 0, 0, 5, 2542.31, 25482947, 245
2326, 6, 170, 182, 4, 0, 5.66%, 0, 0, 5, 2582.96, 25496011, 245
2331, 6, 170, 182, 4, 0, 5.66%, 0, 0, 5, 2612.35, 25509352, 245
2336, 6, 170, 182, 4, 0, 5.66%, 0, 0, 5, 2616.09, 25522703, 245
2341, 6, 170, 182, 4, 0, 5.66%, 0, 0, 5, 2646.87, 25536544, 245
2347, 6, 170, 182, 4, 0, 5.66%, 0, 0, 5, 2548.76, 25549673, 245
2352, 6, 170, 182, 4, 0, 5.66%, 0, 0, 5, 2544.18, 25562661, 245
2357, 6, 170, 182, 4, 0, 5.66%, 0, 0, 5, 2515.05, 25575458, 245
2362, 6, 170, 182, 4, 0, 5.66%, 0, 0, 5, 2528.31, 25588296, 245
2367, 6, 170, 182, 4, 0, 5.66%, 0, 0, 5, 2560.74, 25601330, 245
2372, 6, 170, 182, 4, 0, 5.66%, 0, 0, 5, 2567.59, 25614843, 245
2377, 6, 170, 182, 4, 0, 5.66%, 0, 0, 5, 2565.57, 25627628, 245
2382, 6, 170, 182, 4, 0, 5.66%, 0, 0, 5, 2604.61, 25641248, 245
2387, 6, 170, 182, 4, 0, 5.66%, 0, 0, 5, 2581.91, 25654382, 245
2392, 6, 170, 182, 4, 0, 5.66%, 0, 0, 5, 2533.05, 25667534, 245
2398, 6, 170, 182, 4, 0, 5.66%, 0, 0, 5, 2549.66, 25680455, 245
2403, 6, 170, 182, 4, 0, 5.66%, 0, 0, 5, 2554.77, 25693211, 245
2408, 6, 170, 182, 4, 0, 5.66%, 0, 0, 5, 2611.29, 25706828, 245
2413, 6, 170, 182, 4, 0, 5.66%, 0, 0, 5, 2603.47, 25720276, 245
2418, 6, 170, 182, 4, 0, 5.66%, 0, 0, 5, 2573.12, 25733377, 245
2423, 6, 170, 182, 4, 0, 5.66%, 0, 0, 5, 2529.36, 25746480, 245
2428, 6, 170, 182, 4, 0, 5.66%, 0, 0, 5, 2622.62, 25759768, 245
2433, 6, 170, 182, 4, 0, 5.66%, 0, 0, 5, 2503.00, 25772558, 245
2438, 6, 170, 182, 4, 0, 5.66%, 0, 0, 5, 2559.11, 25785505, 245
2443, 6, 170, 182, 4, 0, 5.66%, 0, 0, 5, 2505.66, 25798025, 245
2448, 6, 170, 182, 4, 0, 5.66%, 0, 0, 5, 2599.94, 25811669, 245
2454, 6, 170, 182, 4, 0, 5.66%, 0, 0, 5, 2551.64, 25825038, 245
2459, 6, 170, 182, 4, 0, 5.66%, 0, 0, 5, 2611.10, 25838251, 245
2464, 6, 170, 182, 4, 0, 5.66%, 0, 0, 5, 2533.92, 25851275, 245
2469, 6, 170, 182, 4, 0, 5.66%, 0, 0, 5, 2619.32, 25864984, 245
2474, 6, 170, 182, 4, 0, 5.66%, 0, 0, 5, 2553.08, 25877930, 245
2479, 6, 170, 182, 4, 0, 5.66%, 0, 0, 5, 2595.53, 25891259, 245
2484, 6, 170, 182, 4, 0, 5.66%, 0, 0, 5, 2474.67, 25903672, 245
2489, 6, 170, 182, 4, 0, 5.66%, 0, 0, 5, 2592.72, 25916775, 245
2494, 6, 170, 182, 4, 0, 5.66%, 0, 0, 5, 2476.94, 25929324, 245
2499, 6, 170, 182, 4, 0, 5.66%, 0, 0, 5, 2568.70, 25942887, 245
2505, 6, 170, 182, 4, 0, 5.66%, 0, 0, 5, 2486.21, 25955319, 245
2510, 6, 170, 182, 4, 0, 5.66%, 0, 0, 5, 2578.92, 25968567, 245
2515, 6, 170, 182, 4, 0, 5.66%, 0, 0, 5, 2546.70, 25981335, 245
2520, 6, 170, 182, 4, 0, 5.66%, 0, 0, 5, 2597.76, 25994833, 245
2525, 6, 170, 182, 4, 0, 5.66%, 0, 0, 5, 2578.18, 26007681, 245
2530, 6, 170, 182, 4, 0, 5.66%, 0, 0, 5, 2581.96, 26020868, 245
2535, 6, 170, 182, 4, 0, 5.66%, 0, 0, 5, 2541.47, 26033997, 245
2540, 6, 170, 182, 4, 0, 5.66%, 0, 0, 5, 2536.93, 26046935, 245
2545, 6, 170, 182, 4, 0, 5.66%, 0, 0, 5, 2503.43, 26059518, 245
2550, 6, 170, 182, 4, 0, 5.66%, 0, 0, 5, 2574.69, 26073058, 245
2555, 6, 170, 182, 4, 0, 5.66%, 0, 0, 5, 2491.37, 26085471, 245
2561, 6, 170, 182, 4, 0, 5.66%, 0, 0, 5, 2530.25, 26098712, 245
2566, 6, 170, 182, 4, 0, 5.66%, 0, 0, 5, 14822.33, 26125876, 245
2571, 6, 183, 185, 7, 0, 5.66%, 0, 0, 5, 3960.64, 26203241, 245
2576, 6, 10, 185, 6, 0, 5.66%, 0, 0, 5, 14000.23, 26271947, 245
2581, 6, 182, 185, 6, 0, 5.66%, 0, 0, 5, 10918.11, 26320332, 245
2586, 6, 172, 185, 5, 0, 5.66%, 0, 0, 5, 19874.36, 26417593, 245
2591, 6, 53, 185, 5, 0, 5.66%, 0, 0, 5, 16640.84, 26494153, 245
2596, 7, 113, 185, 5, 0, 5.66%, 0, 0, 5, 18788.22, 26593514, 245
2601, 7, 184, 185, 5, 0, 5.66%, 0, 0, 5, 7309.71, 26662129, 245
2606, 7, 87, 185, 4, 0, 5.66%, 0, 0, 5, 14940.01, 26744030, 245
2611, 7, 6, 185, 4, 0, 5.66%, 0, 0, 5, 18268.41, 26853306, 245
2617, 7, 6, 185, 4, 0, 5.66%, 0, 0, 5, 19145.53, 26941194, 245
2622, 7, 82, 185, 4, 0, 5.66%, 0, 0, 5, 19167.44, 27051907, 245
2627, 7, 0, 185, 4, 0, 5.66%, 0, 0, 5, 19514.48, 27139181, 245
2632, 7, 6, 185, 4, 0, 5.66%, 0, 0, 5, 18393.36, 27242160, 245
2637, 7, 98, 185, 4, 0, 5.66%, 0, 0, 5, 14068.29, 27304776, 245
2642, 7, 0, 185, 3, 0, 5.66%, 0, 0, 5, 20452.69, 27425343, 245
2647, 7, 0, 185, 3, 0, 5.66%, 0, 0, 5, 24329.39, 27553244, 245
2652, 7, 0, 185, 3, 0, 5.66%, 0, 0, 5, 19125.81, 27650195, 245
2657, 7, 6, 185, 3, 0, 5.66%, 0, 0, 5, 16999.34, 27729345, 245
2662, 7, 0, 185, 3, 0, 5.66%, 0, 0, 5, 22332.17, 27858929, 245
2668, 7, 0, 185, 3, 0, 5.66%, 0, 0, 5, 21642.60, 27971663, 245
2673, 8, 0, 185, 3, 0, 5.66%, 0, 0, 5, 23062.79, 28088593, 245
2678, 8, 174, 185, 3, 0, 5.66%, 0, 0, 5, 17926.26, 28182342, 245
2683, 8, 98, 185, 3, 0, 5.66%, 0, 0, 5, 19320.00, 28270856, 245
2688, 8, 0, 185, 3, 0, 5.66%, 0, 0, 5, 24981.59, 28406249, 245
2693, 8, 176, 185, 3, 0, 5.66%, 0, 0, 5, 11171.33, 28453388, 245
2698, 8, 6, 185, 2, 0, 5.66%, 0, 0, 5, 20682.67, 28562235, 245
2703, 8, 0, 185, 2, 0, 5.66%, 0, 0, 5, 18987.76, 28657555, 245
2709, 8, 85, 185, 1, 0, 5.66%, 0, 0, 5, 25319.91, 28818679, 245
2714, 8, 72, 185, 1, 0, 5.66%, 0, 0, 5, 18493.31, 28900891, 245
2719, 8, 174, 185, 1, 0, 5.66%, 0, 0, 5, 15400.03, 28978013, 245
2724, 8, 96, 185, 1, 0, 5.66%, 0, 0, 5, 17378.57, 29072402, 245
2729, 8, 0, 185, 1, 0, 5.66%, 0, 0, 5, 20553.44, 29164142, 245
2734, 8, 111, 185, 1, 0, 5.66%, 0, 0, 5, 19856.66, 29269624, 245
2739, 8, 157, 185, 1, 0, 5.66%, 0, 0, 5, 22896.85, 29392604, 245
2744, 8, 156, 185, 1, 0, 5.66%, 0, 0, 5, 20998.81, 29492582, 245
2749, 9, 134, 185, 1, 0, 5.66%, 0, 0, 5, 20119.65, 29604619, 245
2754, 9, 98, 185, 1, 0, 5.66%, 0, 0, 5, 20643.45, 29699320, 245
2759, 9, 0, 185, 1, 0, 5.66%, 0, 0, 5, 25226.85, 29839339, 245
2764, 9, 163, 185, 1, 0, 5.66%, 0, 0, 5, 21425.43, 29933627, 245
2769, 9, 98, 185, 1, 0, 5.66%, 0, 0, 5, 23108.57, 30035752, 245
2774, 9, 170, 185, 1, 0, 5.66%, 0, 0, 5, 24763.76, 30157523, 245
2779, 9, 171, 185, 1, 0, 5.66%, 0, 0, 5, 14841.00, 30213746, 245
2785, 9, 0, 185, 1, 0, 5.66%, 0, 0, 5, 16771.71, 30295822, 245
2790, 9, 0, 185, 1, 0, 5.66%, 0, 0, 5, 21015.95, 30416829, 245
2795, 9, 90, 185, 1, 0, 5.66%, 0, 0, 5, 19488.97, 30515196, 245
2800, 9, 98, 185, 1, 0, 5.66%, 0, 0, 5, 22648.23, 30627350, 245
2805, 9, 6, 185, 1, 0, 5.66%, 0, 0, 5, 19125.85, 30718180, 245
2810, 9, 116, 185, 1, 0, 5.66%, 0, 0, 5, 17361.92, 30799734, 245
2815, 9, 0, 185, 1, 0, 5.66%, 0, 0, 5, 13537.44, 30855778, 245
2820, 9, 183, 185, 1, 0, 5.66%, 0, 0, 5, 11033.67, 30914707, 245
2825, 9, 98, 185, 1, 0, 5.66%, 0, 0, 5, 15000.76, 30986896, 245
2831, 9, 0, 185, 1, 0, 5.66%, 0, 0, 5, 18974.67, 31085070, 245
2836, 9, 0, 185, 1, 0, 5.66%, 0, 0, 5, 19829.53, 31188089, 245
2841, 10, 149, 185, 1, 0, 5.66%, 0, 0, 5, 14818.31, 31255818, 245
2846, 10, 98, 185, 1, 0, 5.66%, 0, 0, 5, 18910.35, 31349421, 245
2851, 10, 0, 185, 1, 0, 5.66%, 0, 0, 5, 21737.54, 31466347, 245
2856, 10, 98, 185, 1, 0, 5.66%, 0, 0, 5, 25874.65, 31607585, 245
2861, 10, 0, 185, 1, 0, 5.66%, 0, 0, 5, 21704.22, 31711446, 245
2866, 10, 0, 185, 1, 0, 5.66%, 0, 0, 5, 24209.72, 31820013, 245
2871, 10, 99, 185, 1, 0, 5.66%, 0, 0, 5, 24636.71, 31950481, 245
2876, 10, 99, 185, 1, 0, 5.66%, 0, 0, 5, 29620.43, 32101109, 245
2882, 10, 161, 185, 1, 0, 5.66%, 0, 0, 5, 4745.22, 32191599, 245
2887, 10, 161, 185, 1, 0, 5.66%, 0, 0, 5, 5890.05, 32222676, 245
2892, 10, 161, 185, 1, 0, 5.66%, 0, 0, 5, 6225.03, 32255819, 245
2897, 10, 161, 185, 1, 0, 5.66%, 0, 0, 5, 6151.40, 32286882, 245
2902, 10, 161, 185, 1, 0, 5.66%, 0, 0, 5, 5754.50, 32317306, 245
2907, 10, 161, 185, 1, 0, 5.66%, 0, 0, 5, 5806.55, 32345763, 245
2912, 10, 161, 185, 1, 0, 5.66%, 0, 0, 5, 5312.79, 32372773, 245
2917, 10, 161, 185, 1, 0, 5.66%, 0, 0, 5, 4936.82, 32397061, 245
2922, 10, 161, 185, 1, 0, 5.66%, 0, 0, 5, 4679.04, 32420020, 245
2928, 10, 161, 185, 1, 0, 5.66%, 0, 0, 5, 5124.77, 32446365, 245
2933, 10, 161, 185, 1, 0, 5.66%, 0, 0, 5, 5105.52, 32472784, 245
2938, 10, 161, 185, 1, 0, 5.66%, 0, 0, 5, 5627.55, 32502556, 245
2943, 10, 161, 185, 1, 0, 5.66%, 0, 0, 5, 5298.53, 32528916, 245
2948, 10, 161, 185, 1, 0, 5.66%, 0, 0, 5, 5847.91, 32560006, 245
2953, 10, 161, 185, 1, 0, 5.66%, 0, 0, 5, 5828.00, 32590411, 245
2958, 10, 161, 185, 1, 0, 5.66%, 0, 0, 5, 5642.32, 32618727, 245
2963, 10, 161, 185, 1, 0, 5.66%, 0, 0, 5, 5663.65, 32647798, 245
2969, 10, 161, 185, 1, 0, 5.66%, 0, 0, 5, 6115.00, 32679590, 245
2974, 10, 161, 185, 1, 0, 5.66%, 0, 0, 5, 5769.42, 32708610, 245
2979, 10, 161, 185, 1, 0, 5.66%, 0, 0, 5, 6232.87, 32741698, 245
2984, 10, 161, 185, 1, 0, 5.66%, 0, 0, 5, 5614.56, 32770102, 245
2989, 10, 161, 185, 1, 0, 5.66%, 0, 0, 5, 6287.43, 32802605, 245
2994, 10, 161, 185, 1, 0, 5.66%, 0, 0, 5, 5969.58, 32833054, 245
3000, 10, 161, 185, 1, 0, 5.66%, 0, 0, 5, 6361.23, 32866854, 245
3005, 10, 161, 185, 1, 0, 5.66%, 0, 0, 5, 6353.71, 32897946, 245
3010, 10, 161, 185, 1, 0, 5.66%, 0, 0, 5, 6545.64, 32931790, 245
3015, 10, 161, 185, 1, 0, 5.66%, 0, 0, 5, 5758.72, 32959460, 245
3020, 10, 161, 185, 1, 0, 5.66%, 0, 0, 5, 6096.47, 32990557, 245
3025, 10, 161, 185, 1, 0, 5.66%, 0, 0, 5, 5851.86, 33018960, 245
3030, 10, 161, 185, 1, 0, 5.66%, 0, 0, 5, 5947.05, 33050112, 245
3036, 10, 161, 185, 1, 0, 5.66%, 0, 0, 5, 6184.57, 33081266, 245
3041, 10, 161, 185, 1, 0, 5.66%, 0, 0, 5, 6419.34, 33115670, 245
3046, 10, 161, 185, 1, 0, 5.66%, 0, 0, 5, 6315.39, 33146795, 245
3051, 10, 161, 185, 1, 0, 5.66%, 0, 0, 5, 6377.12, 33179935, 245
3056, 10, 161, 185, 1, 0, 5.66%, 0, 0, 5, 6050.69, 33209666, 245
3061, 10, 161, 185, 1, 0, 5.66%, 0, 0, 5, 5696.53, 33237393, 245
3066, 10, 161, 185, 1, 0, 5.66%, 0, 0, 5, 5824.23, 33266449, 245
3072, 10, 161, 185, 1, 0, 5.66%, 0, 0, 5, 5341.12, 33294221, 245
3077, 10, 161, 185, 1, 0, 5.66%, 0, 0, 5, 5546.92, 33324021, 245
3082, 10, 161, 185, 1, 0, 5.66%, 0, 0, 5, 5827.77, 33355782, 245
3087, 10, 161, 185, 1, 0, 5.66%, 0, 0, 5, 6092.02, 33384836, 245
3092, 10, 161, 185, 1, 0, 5.66%, 0, 0, 5, 6109.91, 33417917, 245
3098, 10, 161, 185, 1, 0, 5.66%, 0, 0, 5, 5911.76, 33447697, 245
3103, 10, 161, 185, 1, 0, 5.66%, 0, 0, 5, 5771.72, 33477401, 245
3108, 10, 161, 185, 1, 0, 5.66%, 0, 0, 5, 6283.33, 33510567, 245
3113, 10, 161, 185, 1, 0, 5.66%, 0, 0, 5, 5861.94, 33540266, 245
3118, 10, 161, 185, 1, 0, 5.66%, 0, 0, 5, 6105.37, 33571343, 245
3123, 10, 82, 185, 0, 0, 5.66%, 0, 0, 5, 8715.71, 33611347, 245
3128, 10, 82, 185, 0, 0, 5.66%, 0, 0, 5, 4802.48, 33630080, 245
3133, 10, 82, 185, 0, 0, 5.66%, 0, 0, 5, 3736.46, 33647847, 245
3139, 10, 82, 185, 0, 0, 5.66%, 0, 0, 5, 3467.64, 33665084, 245
3144, 10, 82, 185, 0, 0, 5.66%, 0, 0, 5, 3330.35, 33681968, 245
3149, 10, 82, 185, 0, 0, 5.66%, 0, 0, 5, 3469.90, 33699240, 245
3154, 10, 82, 185, 0, 0, 5.66%, 0, 0, 5, 3330.63, 33716524, 245
3159, 10, 82, 185, 0, 0, 5.66%, 0, 0, 5, 3522.50, 33734629, 245
3164, 10, 82, 185, 0, 0, 5.66%, 0, 0, 5, 3404.14, 33751483, 245
3169, 10, 82, 185, 0, 0, 5.66%, 0, 0, 5, 3522.94, 33769531, 245
3174, 10, 82, 185, 0, 0, 5.66%, 0, 0, 5, 3352.02, 33785901, 245
3179, 10, 82, 185, 0, 0, 5.66%, 0, 0, 5, 3574.84, 33804696, 245
3185, 10, 82, 185, 0, 0, 5.66%, 0, 0, 5, 3400.44, 33822009, 245
3190, 10, 82, 185, 0, 0, 5.66%, 0, 0, 5, 3553.64, 33840029, 245
3195, 10, 82, 185, 0, 0, 5.66%, 0, 0, 5, 3132.68, 33855732, 245
3200, 10, 82, 185, 0, 0, 5.66%, 0, 0, 5, 3350.82, 33872582, 245
3205, 10, 82, 185, 0, 0, 5.66%, 0, 0, 5, 3347.59, 33889451, 245
3210, 10, 82, 185, 0, 0, 5.66%, 0, 0, 5, 3585.28, 33907910, 245
3215, 10, 82, 185, 0, 0, 5.66%, 0, 0, 5, 3444.49, 33924742, 245
3220, 10, 82, 185, 0, 0, 5.66%, 0, 0, 5, 3338.65, 33942035, 245
3225, 10, 82, 185, 0, 0, 5.66%, 0, 0, 5, 3449.97, 33959323, 245
3231, 10, 82, 185, 0, 0, 5.66%, 0, 0, 5, 3612.00, 33977812, 245
3236, 10, 82, 185, 0, 0, 5.66%, 0, 0, 5, 3544.97, 33995851, 245
3241, 10, 82, 185, 0, 0, 5.66%, 0, 0, 5, 3522.28, 34014319, 245
3246, 10, 82, 185, 0, 0, 5.66%, 0, 0, 5, 3260.15, 34030059, 245
3251, 10, 82, 185, 0, 0, 5.66%, 0, 0, 5, 3491.10, 34048507, 245
3256, 10, 82, 185, 0, 0, 5.66%, 0, 0, 5, 3348.70, 34065401, 245
3261, 10, 82, 185, 0, 0, 5.66%, 0, 0, 5, 3514.00, 34083475, 245
3266, 10, 82, 185, 0, 0, 5.66%, 0, 0, 5, 3541.28, 34101522, 245
3272, 10, 82, 185, 0, 0, 5.66%, 0, 0, 5, 3454.54, 34119575, 245
3277, 10, 82, 185, 0, 0, 5.66%, 0, 0, 5, 3600.41, 34138173, 245
3282, 10, 82, 185, 0, 0, 5.66%, 0, 0, 5, 3431.82, 34156296, 245
3287, 10, 82, 185, 0, 0, 5.66%, 0, 0, 5, 3635.84, 34174768, 245
3292, 10, 82, 185, 0, 0, 5.66%, 0, 0, 5, 3425.22, 34192444, 245
3297, 10, 82, 185, 0, 0, 5.66%, 0, 0, 5, 3332.26, 34208543, 245
3302, 10, 82, 185, 0, 0, 5.66%, 0, 0, 5, 3358.22, 34225818, 245
3307, 10, 82, 185, 0, 0, 5.66%, 0, 0, 5, 3534.07, 34243502, 245
3313, 10, 82, 185, 0, 0, 5.66%, 0, 0, 5, 3336.53, 34260801, 245
3318, 10, 82, 185, 0, 0, 5.66%, 0, 0, 5, 3294.97, 34277654, 245
3323, 10, 82, 185, 0, 0, 5.66%, 0, 0, 5, 3214.50, 34294159, 245
3328, 10, 82, 185, 0, 0, 5.66%, 0, 0, 5, 3367.30, 34311473, 245
3333, 10, 82, 185, 0, 0, 5.66%, 0, 0, 5, 3513.42, 34329963, 245
3338, 10, 82, 185, 0, 0, 5.66%, 0, 0, 5, 3580.25, 34348111, 245
3343, 10, 82, 185, 0, 0, 5.66%, 0, 0, 5, 3428.28, 34365472, 245
3348, 10, 82, 185, 0, 0, 5.66%, 0, 0, 5, 3436.46, 34383119, 245
3354, 10, 82, 185, 0, 0, 5.66%, 0, 0, 5, 3385.71, 34401166, 245
3359, 10, 82, 185, 0, 0, 5.66%, 0, 0, 5, 3519.70, 34419216, 245
3364, 10, 82, 185, 0, 0, 5.66%, 0, 0, 5, 3375.86, 34436113, 245
3369, 10, 82, 185, 0, 0, 5.66%, 0, 0, 5, 3542.25, 34454886, 245
3374, 10, 82, 185, 0, 0, 5.66%, 0, 0, 5, 3311.11, 34470995, 245
3379, 10, 82, 185, 0, 0, 5.66%, 0, 0, 5, 3473.13, 34488741, 245
3384, 10, 82, 185, 0, 0, 5.66%, 0, 0, 5, 3360.91, 34505556, 245
3389, 10, 82, 185, 0, 0, 5.66%, 0, 0, 5, 3566.67, 34523633, 245
3394, 10, 82, 185, 0, 0, 5.66%, 0, 0, 5, 3368.85, 34540547, 245
3399, 10, 6, 185, 0, 0, 5.66%, 0, 0, 5, 12186.84, 34597750, 245
3404, 10, 78, 185, 0, 0, 5.66%, 0, 0, 5, 11023.58, 34658661, 245
3410, 10, 78, 185, 0, 0, 5.66%, 0, 0, 5, 5642.97, 34678929, 245
3415, 10, 78, 185, 0, 0, 5.66%, 0, 0, 5, 4235.27, 34698525, 245
3420, 10, 78, 185, 0, 0, 5.66%, 0, 0, 5, 3820.50, 34717317, 245
3425, 10, 78, 185, 0, 0, 5.66%, 0, 0, 5, 3661.88, 34734451, 245
3430, 10, 78, 185, 0, 0, 5.66%, 0, 0, 5, 3798.89, 34754103, 245
3435, 10, 78, 185, 0, 0, 5.66%, 0, 0, 5, 3731.29, 34773378, 245
3441, 10, 78, 185, 0, 0, 5.66%, 0, 0, 5, 3551.02, 34790456, 245
3446, 10, 78, 185, 0, 0, 5.66%, 0, 0, 5, 3497.11, 34808029, 245
3451, 10, 78, 185, 0, 0, 5.66%, 0, 0, 5, 3673.73, 34827121, 245
3456, 10, 78, 185, 0, 0, 5.66%, 0, 0, 5, 3724.98, 34846172, 245
3461, 10, 78, 185, 0, 0, 5.66%, 0, 0, 5, 3804.71, 34866502, 245
3466, 10, 78, 185, 0, 0, 5.66%, 0, 0, 5, 3662.60, 34884890, 245
3472, 10, 78, 185, 0, 0, 5.66%, 0, 0, 5, 3670.14, 34904500, 245
3477, 10, 78, 185, 0, 0, 5.66%, 0, 0, 5, 3648.08, 34922460, 245
3482, 10, 78, 185, 0, 0, 5.66%, 0, 0, 5, 3697.28, 34942434, 245
3487, 10, 78, 185, 0, 0, 5.66%, 0, 0, 5, 3725.49, 34961588, 245
3492, 10, 78, 185, 0, 0, 5.66%, 0, 0, 5, 3710.48, 34980777, 245
3497, 10, 78, 185, 0, 0, 5.66%, 0, 0, 5, 3549.56, 34998779, 245
3502, 10, 78, 185, 0, 0, 5.66%, 0, 0, 5, 3459.30, 35016322, 245
3508, 10, 78, 185, 0, 0, 5.66%, 0, 0, 5, 3811.94, 35035884, 245
3513, 10, 78, 185, 0, 0, 5.66%, 0, 0, 5, 3720.49, 35054643, 245
3518, 10, 78, 185, 0, 0, 5.66%, 0, 0, 5, 3696.93, 35073000, 245
3523, 10, 78, 185, 0, 0, 5.66%, 0, 0, 5, 3583.30, 35091374, 245
3528, 10, 78, 185, 0, 0, 5.66%, 0, 0, 5, 3762.77, 35111034, 245
3533, 10, 78, 185, 0, 0, 5.66%, 0, 0, 5, 3607.48, 35129386, 245
3538, 10, 78, 185, 0, 0, 5.66%, 0, 0, 5, 3639.62, 35148124, 245
3543, 10, 78, 185, 0, 0, 5.66%, 0, 0, 5, 3687.20, 35167326, 245
3548, 10, 78, 185, 0, 0, 5.66%, 0, 0, 5, 3874.58, 35187380, 245
3554, 10, 78, 185, 0, 0, 5.66%, 0, 0, 5, 3568.36, 35205374, 245
3559, 10, 78, 185, 0, 0, 5.66%, 0, 0, 5, 3457.11, 35222436, 245
3564, 10, 78, 185, 0, 0, 5.66%, 0, 0, 5, 3562.85, 35241285, 245
3569, 10, 78, 185, 0, 0, 5.66%, 0, 0, 5, 3268.22, 35257559, 245
3574, 10, 78, 185, 0, 0, 5.66%, 0, 0, 5, 3204.30, 35273416, 245
3579, 10, 78, 185, 0, 0, 5.66%, 0, 0, 5, 3743.69, 35293879, 245
3584, 10, 78, 185, 0, 0, 5.66%, 0, 0, 5, 3689.98, 35312244, 245
3589, 10, 78, 185, 0, 0, 5.66%, 0, 0, 5, 3656.70, 35330217, 245
3594, 10, 78, 185, 0, 0, 5.66%, 0, 0, 5, 3713.19, 35349414, 245
3599, 10, 78, 185, 0, 0, 5.66%, 0, 0, 5, 3928.27, 35369046, 245
3600, 10, 78, 185, 0, 0, 5.66%, 0, 0, 5, 3936.43, 35369460, 245
