# relative_time, cycles_done, cur_item, corpus_count, pending_total, pending_favs, map_size, saved_crashes, saved_hangs, max_depth, execs_per_sec, total_execs, edges_found
61, 1, 9, 186, 154, 0, 7.75%, 0, 0, 3, 15529.10, 1139694, 377
66, 1, 24, 186, 152, 0, 7.75%, 0, 0, 3, 15776.89, 1218480, 377
71, 1, 34, 193, 156, 0, 7.75%, 0, 0, 3, 19973.86, 1324115, 377
76, 1, 44, 195, 156, 0, 7.75%, 0, 0, 3, 17702.56, 1410460, 377
81, 1, 47, 196, 155, 0, 7.75%, 0, 0, 3, 20116.91, 1509625, 377
86, 1, 54, 201, 157, 0, 7.75%, 0, 0, 3, 19285.80, 1604494, 377
91, 1, 60, 204, 157, 0, 7.75%, 0, 0, 3, 22674.68, 1726964, 377
96, 1, 63, 207, 157, 0, 7.75%, 0, 0, 3, 21504.62, 1828112, 377
101, 1, 66, 207, 155, 0, 7.75%, 0, 0, 3, 18199.84, 1914719, 377
106, 1, 76, 207, 152, 0, 7.75%, 0, 0, 3, 16342.59, 1996888, 377
111, 1, 77, 211, 155, 0, 7.75%, 0, 0, 3, 20222.56, 2098162, 377
116, 1, 85, 214, 155, 0, 7.75%, 0, 0, 3, 18363.35, 2184458, 377
121, 1, 91, 216, 156, 0, 7.75%, 0, 0, 3, 15941.57, 2261082, 377
126, 1, 109, 217, 155, 0, 7.75%, 0, 0, 3, 15626.49, 2342217, 377
132, 1, 110, 217, 154, 0, 7.75%, 0, 0, 3, 22318.74, 2464337, 377
137, 1, 115, 226, 161, 0, 7.75%, 0, 0, 3, 20035.44, 2555628, 377
142, 1, 115, 226, 161, 0, 7.75%, 0, 0, 3, 16832.11, 2634499, 377
147, 1, 144, 227, 161, 0, 7.75%, 0, 0, 3, 17800.24, 2713729, 377
152, 1, 149, 227, 159, 0, 7.75%, 0, 0, 3, 21851.24, 2820629, 377
157, 1, 159, 227, 158, 0, 7.75%, 0, 0, 3, 17938.11, 2903173, 377
162, 1, 168, 231, 161, 0, 7.75%, 0, 0, 3, 17937.83, 2991399, 377
167, 1, 168, 231, 161, 0, 7.75%, 0, 0, 3, 19638.13, 3091471, 377
172, 1, 170, 237, 166, 0, 7.75%, 0, 0, 3, 13583.49, 3150543, 377
177, 1, 170, 237, 166, 0, 7.75%, 0, 0, 3, 13140.33, 3213525, 377
182, 1, 170, 237, 166, 0, 7.75%, 0, 0, 3, 12801.08, 3275840, 377
187, 1, 170, 237, 166, 0, 7.75%, 0, 0, 3, 14123.95, 3353448, 377
193, 1, 184, 239, 167, 0, 7.75%, 0, 0, 3, 13629.36, 3422956, 377
198, 1, 184, 239, 167, 0, 7.75%, 0, 0, 3, 10997.22, 3474119, 377
203, 1, 184, 239, 167, 0, 7.75%, 0, 0, 3, 13882.23, 3549037, 377
208, 1, 184, 239, 167, 0, 7.75%, 0, 0, 3, 14856.10, 3624955, 377
213, 1, 186, 243, 170, 0, 7.75%, 0, 0, 3, 13011.73, 3688620, 377
218, 1, 186, 243, 170, 0, 7.75%, 0, 0, 3, 10301.22, 3737840, 377
223, 1, 186, 243, 170, 0, 7.75%, 0, 0, 3, 9519.63, 3787455, 377
228, 1, 186, 243, 170, 0, 7.75%, 0, 0, 3, 11833.38, 3850581, 377
233, 1, 186, 243, 170, 0, 7.75%, 0, 0, 3, 13884.83, 3926440, 377
239, 1, 195, 244, 170, 0, 7.75%, 0, 0, 3, 9694.59, 3974371, 377
244, 1, 195, 244, 170, 0, 7.75%, 0, 0, 3, 9210.47, 4018194, 377
249, 1, 195, 244, 170, 0, 7.75%, 0, 0, 3, 8494.36, 4061229, 377
254, 1, 195, 244, 170, 0, 7.75%, 0, 0, 3, 9030.98, 4110145, 377
259, 1, 195, 244, 170, 0, 7.75%, 0, 0, 3, 9502.12, 4156715, 377
264, 1, 195, 244, 170, 0, 7.75%, 0, 0, 3, 8496.56, 4201796, 377
269, 1, 195, 244, 170, 0, 7.75%, 0, 0, 3, 9421.87, 4251121, 377
274, 1, 195, 244, 170, 0, 7.75%, 0, 0, 3, 11700.63, 4312529, 377
279, 1, 195, 244, 170, 0, 7.75%, 0, 0, 3, 10328.94, 4365657, 377
284, 1, 196, 250, 175, 0, 7.75%, 0, 0, 3, 9780.99, 4414460, 377
289, 1, 196, 250, 175, 0, 7.75%, 0, 0, 3, 13130.49, 4484166, 377
294, 1, 196, 250, 175, 0, 7.75%, 0, 0, 3, 11354.43, 4540675, 377
299, 1, 196, 250, 175, 0, 7.75%, 0, 0, 3, 11532.10, 4602548, 377
304, 1, 196, 250, 175, 0, 7.75%, 0, 0, 3, 13237.10, 4673672, 377
309, 1, 203, 252, 176, 0, 7.75%, 0, 0, 3, 14377.25, 4747180, 377
314, 1, 203, 252, 176, 0, 7.75%, 0, 0, 3, 11237.97, 4803789, 377
319, 1, 203, 252, 176, 0, 7.75%, 0, 0, 3, 12253.05, 4864628, 377
325, 1, 203, 252, 176, 0, 7.75%, 0, 0, 3, 10469.30, 4918310, 377
330, 1, 203, 252, 176, 0, 7.75%, 0, 0, 3, 12139.20, 4980093, 377
335, 1, 203, 252, 176, 0, 7.75%, 0, 0, 3, 13101.57, 5043952, 377
340, 1, 203, 252, 176, 0, 7.75%, 0, 0, 3, 13548.97, 5113954, 377
345, 1, 204, 254, 177, 0, 7.75%, 0, 0, 3, 8572.42, 5157189, 377
350, 1, 204, 254, 177, 0, 7.75%, 0, 0, 3, 6559.58, 5187748, 377
355, 1, 204, 254, 177, 0, 7.75%, 0, 0, 3, 6276.35, 5218441, 377
360, 1, 204, 254, 177, 0, 7.75%, 0, 0, 3, 5693.55, 5247889, 377
365, 1, 204, 254, 177, 0, 7.75%, 0, 0, 3, 5744.76, 5276851, 377
370, 1, 204, 254, 177, 0, 7.75%, 0, 0, 3, 5468.09, 5304241, 377
375, 1, 204, 254, 177, 0, 7.75%, 0, 0, 3, 4686.00, 5327369, 377
380, 1, 204, 254, 177, 0, 7.75%, 0, 0, 3, 6266.80, 5361272, 377
385, 1, 204, 254, 177, 0, 7.75%, 0, 0, 3, 5943.12, 5390974, 377
390, 1, 204, 254, 177, 0, 7.75%, 0, 0, 3, 5841.88, 5420021, 377
395, 1, 204, 254, 177, 0, 7.75%, 0, 0, 3, 5188.04, 5445202, 377
400, 1, 204, 254, 177, 0, 7.75%, 0, 0, 3, 6308.07, 5476575, 377
405, 1, 204, 254, 177, 0, 7.75%, 0, 0, 3, 6095.44, 5507390, 377
410, 1, 204, 254, 177, 0, 7.75%, 0, 0, 3, 5900.04, 5537107, 377
416, 1, 204, 254, 177, 0, 7.75%, 0, 0, 3, 5145.36, 5562329, 377
421, 1, 204, 254, 177, 0, 7.75%, 0, 0, 3, 5865.89, 5592376, 377
426, 1, 204, 254, 177, 0, 7.75%, 0, 0, 3, 6382.53, 5624886, 377
431, 1, 204, 254, 177, 0, 7.75%, 0, 0, 3, 6257.38, 5655162, 377
436, 1, 204, 254, 177, 0, 7.75%, 0, 0, 3, 6489.10, 5691750, 377
441, 1, 204, 254, 177, 0, 7.75%, 0, 0, 3, 9307.71, 5742898, 377
446, 1, 204, 254, 177, 0, 7.75%, 0, 0, 3, 8198.21, 5783084, 377
451, 1, 204, 254, 177, 0, 7.75%, 0, 0, 3, 6115.52, 5813334, 377
456, 1, 206, 260, 182, 0, 7.75%, 0, 0, 3, 7688.68, 5855614, 377
461, 1, 206, 260, 182, 0, 7.75%, 0, 0, 3, 8757.55, 5901030, 377
466, 1, 206, 260, 182, 0, 7.75%, 0, 0, 3, 9110.58, 5947014, 377
471, 1, 206, 260, 182, 0, 7.75%, 0, 0, 3, 8475.63, 5989764, 377
476, 1, 206, 260, 182, 0, 7.75%, 0, 0, 3, 8805.51, 6034248, 377
481, 1, 206, 260, 182, 0, 7.75%, 0, 0, 3, 7437.99, 6070997, 377
487, 1, 206, 260, 182, 0, 7.75%, 0, 0, 3, 8198.60, 6109327, 377
492, 1, 206, 260, 182, 0, 7.75%, 0, 0, 3, 9577.71, 6159800, 377
497, 1, 206, 260, 182, 0, 7.75%, 0, 0, 3, 9848.91, 6207313, 377
502, 1, 206, 260, 182, 0, 7.75%, 0, 0, 3, 11769.63, 6269313, 377
507, 1, 206, 260, 182, 0, 7.75%, 0, 0, 3, 12476.88, 6332191, 377
512, 1, 206, 260, 182, 0, 7.75%, 0, 0, 3, 12013.23, 6391935, 377
517, 1, 209, 269, 190, 0, 7.75%, 0, 0, 3, 10605.29, 6441243, 377
522, 1, 209, 269, 190, 0, 7.75%, 0, 0, 3, 10576.76, 6494043, 377
527, 1, 209, 269, 190, 0, 7.75%, 0, 0, 3, 10525.64, 6544376, 377
533, 1, 209, 269, 190, 0, 7.75%, 0, 0, 3, 10308.52, 6597196, 377
538, 1, 209, 269, 190, 0, 7.75%, 0, 0, 3, 9941.54, 6647936, 377
543, 1, 209, 269, 190, 0, 7.75%, 0, 0, 3, 10780.52, 6701164, 377
548, 1, 209, 269, 190, 0, 7.75%, 0, 0, 3, 12137.71, 6764718, 377
553, 1, 209, 269, 190, 0, 7.75%, 0, 0, 3, 10924.66, 6822700, 377
558, 1, 210, 270, 190, 0, 7.75%, 0, 0, 3, 9296.87, 6869354, 377
563, 1, 210, 270, 190, 0, 7.75%, 0, 0, 3, 8995.53, 6914721, 377
568, 1, 210, 270, 190, 0, 7.75%, 0, 0, 3, 8510.08, 6957274, 377
573, 1, 210, 270, 190, 0, 7.75%, 0, 0, 3, 8601.90, 7002050, 377
578, 1, 210, 270, 190, 0, 7.75%, 0, 0, 3, 8717.28, 7046924, 377
583, 1, 210, 270, 190, 0, 7.75%, 0, 0, 3, 7929.61, 7086882, 377
589, 1, 210, 270, 190, 0, 7.75%, 0, 0, 3, 8041.80, 7126581, 377
594, 1, 210, 270, 190, 0, 7.75%, 0, 0, 3, 8836.13, 7172522, 377
599, 1, 210, 270, 190, 0, 7.75%, 0, 0, 3, 8101.31, 7213985, 377
604, 1, 210, 270, 190, 0, 7.75%, 0, 0, 3, 10621.52, 7273324, 377
609, 1, 210, 270, 190, 0, 7.75%, 0, 0, 3, 10523.51, 7327178, 377
614, 1, 215, 271, 190, 0, 7.75%, 0, 0, 3, 9628.53, 7375148, 377
619, 1, 215, 271, 190, 0, 7.75%, 0, 0, 3, 9186.45, 7421175, 377
624, 1, 215, 271, 190, 0, 7.75%, 0, 0, 3, 8185.18, 7462319, 377
629, 1, 215, 271, 190, 0, 7.75%, 0, 0, 3, 8317.77, 7503455, 377
634, 1, 215, 271, 190, 0, 7.75%, 0, 0, 3, 7520.35, 7541729, 377
639, 1, 215, 271, 190, 0, 7.75%, 0, 0, 3, 7612.09, 7579357, 377
644, 1, 215, 271, 190, 0, 7.75%, 0, 0, 3, 7335.23, 7617002, 377
649, 1, 215, 271, 190, 0, 7.75%, 0, 0, 3, 7226.06, 7653004, 377
654, 1, 215, 271, 190, 0, 7.75%, 0, 0, 3, 8154.32, 7695112, 377
659, 1, 215, 271, 190, 0, 7.75%, 0, 0, 3, 7815.30, 7736280, 377
664, 1, 215, 271, 190, 0, 7.75%, 0, 0, 3, 7107.15, 7771874, 377
670, 1, 215, 271, 190, 0, 7.75%, 0, 0, 3, 8926.85, 7820309, 377
675, 1, 215, 271, 190, 0, 7.75%, 0, 0, 3, 11272.40, 7875995, 377
680, 1, 215, 271, 190, 0, 7.75%, 0, 0, 3, 12654.86, 7939267, 377
685, 1, 215, 271, 190, 0, 7.75%, 0, 0, 3, 9647.02, 7987006, 377
690, 1, 219, 271, 189, 0, 7.75%, 0, 0, 3, 10173.13, 8038720, 377
695, 1, 219, 271, 189, 0, 7.75%, 0, 0, 3, 6857.78, 8069147, 377
700, 1, 219, 271, 189, 0, 7.75%, 0, 0, 3, 6356.64, 8100096, 377
705, 1, 219, 271, 189, 0, 7.75%, 0, 0, 3, 5808.91, 8128521, 377
710, 1, 219, 271, 189, 0, 7.75%, 0, 0, 3, 6193.36, 8161021, 377
715, 1, 219, 271, 189, 0, 7.75%, 0, 0, 3, 6118.73, 8191775, 377
720, 1, 219, 271, 189, 0, 7.75%, 0, 0, 3, 5638.95, 8220527, 377
725, 1, 219, 271, 189, 0, 7.75%, 0, 0, 3, 5678.10, 8248875, 377
730, 1, 219, 271, 189, 0, 7.75%, 0, 0, 3, 5562.17, 8277155, 377
735, 1, 219, 271, 189, 0, 7.75%, 0, 0, 3, 6532.96, 8309915, 377
740, 1, 219, 271, 189, 0, 7.75%, 0, 0, 3, 6126.08, 8339810, 377
746, 1, 219, 271, 189, 0, 7.75%, 0, 0, 3, 5848.89, 8369499, 377
751, 1, 219, 271, 189, 0, 7.75%, 0, 0, 3, 5724.94, 8398439, 377
756, 1, 219, 271, 189, 0, 7.75%, 0, 0, 3, 5380.75, 8425927, 377
761, 1, 219, 271, 189, 0, 7.75%, 0, 0, 3, 6379.13, 8461207, 377
766, 1, 219, 271, 189, 0, 7.75%, 0, 0, 3, 6456.15, 8493832, 377
771, 1, 219, 271, 189, 0, 7.75%, 0, 0, 3, 5922.84, 8525673, 377
776, 1, 219, 271, 189, 0, 7.75%, 0, 0, 3, 5251.35, 8551087, 377
781, 1, 219, 271, 189, 0, 7.75%, 0, 0, 3, 6242.65, 8583896, 377
786, 1, 219, 271, 189, 0, 7.75%, 0, 0, 3, 5882.89, 8611691, 377
791, 1, 219, 271, 189, 0, 7.75%, 0, 0, 3, 6152.14, 8642485, 377
796, 1, 219, 271, 189, 0, 7.75%, 0, 0, 3, 6021.42, 8673323, 377
801, 1, 219, 271, 189, 0, 7.75%, 0, 0, 3, 6454.34, 8706498, 377
806, 1, 219, 271, 189, 0, 7.75%, 0, 0, 3, 7661.16, 8750486, 377
811, 1, 219, 271, 189, 0, 7.75%, 0, 0, 3, 9174.95, 8798240, 377
816, 1, 219, 271, 189, 0, 7.75%, 0, 0, 3, 7999.73, 8839120, 377
822, 1, 219, 271, 189, 0, 7.75%, 0, 0, 3, 7269.72, 8876556, 377
827, 1, 219, 271, 189, 0, 7.75%, 0, 0, 3, 6441.69, 8907962, 377
832, 1, 220, 273, 190, 0, 7.75%, 0, 0, 3, 8121.09, 8950181, 377
837, 1, 220, 273, 190, 0, 7.75%, 0, 0, 3, 7386.81, 8986304, 377
842, 1, 220, 273, 190, 0, 7.75%, 0, 0, 3, 7298.72, 9021789, 377
847, 1, 220, 273, 190, 0, 7.75%, 0, 0, 3, 7044.55, 9056199, 377
852, 1, 220, 273, 190, 0, 7.75%, 0, 0, 3, 6912.15, 9091088, 377
857, 1, 220, 273, 190, 0, 7.75%, 0, 0, 3, 7801.12, 9130151, 377
862, 1, 220, 273, 190, 0, 7.75%, 0, 0, 3, 6951.19, 9165628, 377
867, 1, 220, 273, 190, 0, 7.75%, 0, 0, 3, 6553.92, 9197289, 377
872, 1, 220, 273, 190, 0, 7.75%, 0, 0, 3, 8137.13, 9243032, 377
877, 1, 220, 273, 190, 0, 7.75%, 0, 0, 3, 7002.38, 9276541, 377
882, 1, 220, 273, 190, 0, 7.75%, 0, 0, 3, 7424.22, 9314336, 377
887, 1, 220, 273, 190, 0, 7.75%, 0, 0, 3, 6926.34, 9348795, 377
892, 1, 220, 273, 190, 0, 7.75%, 0, 0, 3, 8949.36, 9390111, 377
897, 1, 220, 273, 190, 0, 7.75%, 0, 0, 3, 10090.59, 9438181, 377
902, 1, 220, 273, 190, 0, 7.75%, 0, 0, 3, 9474.13, 9485074, 377
907, 1, 220, 273, 190, 0, 7.75%, 0, 0, 3, 8452.41, 9525633, 377
912, 1, 226, 273, 189, 0, 7.75%, 0, 0, 3, 7174.11, 9562065, 377
918, 1, 226, 273, 189, 0, 7.75%, 0, 0, 3, 6469.20, 9593138, 377
923, 1, 226, 273, 189, 0, 7.75%, 0, 0, 3, 6792.77, 9627892, 377
928, 1, 226, 273, 189, 0, 7.75%, 0, 0, 3, 6837.87, 9663969, 377
933, 1, 226, 273, 189, 0, 7.75%, 0, 0, 3, 7031.57, 9700161, 377
938, 1, 226, 273, 189, 0, 7.75%, 0, 0, 3, 6801.11, 9734137, 377
943, 1, 226, 273, 189, 0, 7.75%, 0, 0, 3, 6383.73, 9765817, 377
948, 1, 226, 273, 189, 0, 7.75%, 0, 0, 3, 6411.63, 9797140, 377
953, 1, 226, 273, 189, 0, 7.75%, 0, 0, 3, 6766.31, 9833450, 377
958, 1, 226, 273, 189, 0, 7.75%, 0, 0, 3, 6632.83, 9867754, 377
963, 1, 226, 273, 189, 0, 7.75%, 0, 0, 3, 6358.35, 9898894, 377
968, 1, 226, 273, 189, 0, 7.75%, 0, 0, 3, 6148.22, 9929734, 377
973, 1, 226, 273, 189, 0, 7.75%, 0, 0, 3, 6835.88, 9966866, 377
978, 1, 226, 273, 189, 0, 7.75%, 0, 0, 3, 6985.08, 10001967, 377
983, 1, 226, 273, 189, 0, 7.75%, 0, 0, 3, 6495.25, 10034480, 377
989, 1, 226, 273, 189, 0, 7.75%, 0, 0, 3, 6376.42, 10066938, 377
994, 1, 226, 273, 189, 0, 7.75%, 0, 0, 3, 6582.26, 10100856, 377
999, 1, 226, 273, 189, 0, 7.75%, 0, 0, 3, 7308.47, 10136497, 377
1004, 1, 226, 273, 189, 0, 7.75%, 0, 0, 3, 6824.61, 10170709, 377
1009, 1, 226, 273, 189, 0, 7.75%, 0, 0, 3, 6785.11, 10203350, 377
1014, 1, 226, 273, 189, 0, 7.75%, 0, 0, 3, 8699.66, 10249819, 377
1019, 1, 226, 273, 189, 0, 7.75%, 0, 0, 3, 9220.80, 10292839, 377
1024, 1, 226, 273, 189, 0, 7.75%, 0, 0, 3, 9270.74, 10340659, 377
1029, 1, 226, 273, 189, 0, 7.75%, 0, 0, 3, 8659.54, 10382543, 377
1034, 1, 226, 273, 189, 0, 7.75%, 0, 0, 3, 6358.76, 10415303, 377
1039, 1, 226, 273, 189, 0, 7.75%, 0, 0, 3, 6237.25, 10445785, 377
1044, 1, 231, 273, 188, 0, 7.75%, 0, 0, 3, 6053.54, 10482063, 377
1049, 1, 231, 273, 188, 0, 7.75%, 0, 0, 3, 5142.15, 10506618, 377
1054, 1, 231, 273, 188, 0, 7.75%, 0, 0, 3, 4886.22, 10530909, 377
1059, 1, 231, 273, 188, 0, 7.75%, 0, 0, 3, 4453.88, 10553589, 377
1064, 1, 231, 273, 188, 0, 7.75%, 0, 0, 3, 4432.91, 10576856, 377
1069, 1, 231, 273, 188, 0, 7.75%, 0, 0, 3, 4894.78, 10601198, 377
1074, 1, 231, 273, 188, 0, 7.75%, 0, 0, 3, 4818.40, 10625545, 377
1079, 1, 231, 273, 188, 0, 7.75%, 0, 0, 3, 4537.32, 10648526, 377
1084, 1, 231, 273, 188, 0, 7.75%, 0, 0, 3, 4487.46, 10671378, 377
1089, 1, 231, 273, 188, 0, 7.75%, 0, 0, 3, 4798.09, 10695800, 377
1095, 1, 231, 273, 188, 0, 7.75%, 0, 0, 3, 4634.05, 10719206, 377
1100, 1, 231, 273, 188, 0, 7.75%, 0, 0, 3, 4858.54, 10743694, 377
1105, 1, 231, 273, 188, 0, 7.75%, 0, 0, 3, 4810.79, 10768171, 377
1110, 1, 231, 273, 188, 0, 7.75%, 0, 0, 3, 4919.27, 10793675, 377
1115, 1, 231, 273, 188, 0, 7.75%, 0, 0, 3, 4507.22, 10816195, 377
1120, 1, 231, 273, 188, 0, 7.75%, 0, 0, 3, 4715.01, 10840405, 377
1125, 1, 231, 273, 188, 0, 7.75%, 0, 0, 3, 4772.04, 10865033, 377
1130, 1, 231, 273, 188, 0, 7.75%, 0, 0, 3, 4895.94, 10889970, 377
1135, 1, 231, 273, 188, 0, 7.75%, 0, 0, 3, 4840.18, 10914215, 377
1140, 1, 231, 273, 188, 0, 7.75%, 0, 0, 3, 5133.61, 10939938, 377
1145, 1, 231, 273, 188, 0, 7.75%, 0, 0, 3, 4881.03, 10964267, 377
1150, 1, 231, 273, 188, 0, 7.75%, 0, 0, 3, 4703.68, 10988901, 377
1155, 1, 231, 273, 188, 0, 7.75%, 0, 0, 3, 4712.95, 11012965, 377
1160, 1, 231, 273, 188, 0, 7.75%, 0, 0, 3, 4816.67, 11037147, 377
1165, 1, 231, 273, 188, 0, 7.75%, 0, 0, 3, 4841.49, 11061106, 377
1170, 1, 231, 273, 188, 0, 7.75%, 0, 0, 3, 5038.65, 11086921, 377
1175, 1, 231, 273, 188, 0, 7.75%, 0, 0, 3, 4760.34, 11109803, 377
1180, 1, 231, 273, 188, 0, 7.75%, 0, 0, 3, 5147.04, 11137329, 377
1185, 1, 231, 273, 188, 0, 7.75%, 0, 0, 3, 5021.07, 11162463, 377
1191, 1, 231, 273, 188, 0, 7.75%, 0, 0, 3, 5005.53, 11187917, 377
1196, 1, 231, 273, 188, 0, 7.75%, 0, 0, 3, 4877.47, 11212455, 377
1201, 1, 231, 273, 188, 0, 7.75%, 0, 0, 3, 7758.07, 11255864, 377
1206, 1, 231, 273, 188, 0, 7.75%, 0, 0, 3, 6993.68, 11289062, 377
1211, 1, 231, 273, 188, 0, 7.75%, 0, 0, 3, 6885.37, 11324710, 377
1216, 1, 231, 273, 188, 0, 7.75%, 0, 0, 3, 6918.07, 11359150, 377
1221, 1, 231, 273, 188, 0, 7.75%, 0, 0, 3, 6256.22, 11390606, 377
1226, 1, 231, 273, 188, 0, 7.75%, 0, 0, 3, 5845.90, 11418610, 377
1231, 1, 231, 273, 188, 0, 7.75%, 0, 0, 3, 5205.48, 11444578, 377
1236, 1, 231, 273, 188, 0, 7.75%, 0, 0, 3, 4840.67, 11468983, 377
1241, 1, 232, 274, 188, 0, 7.75%, 0, 0, 3, 10439.22, 11529112, 377
1246, 1, 232, 274, 188, 0, 7.75%, 0, 0, 3, 11196.19, 11585612, 377
1251, 1, 232, 274, 188, 0, 7.75%, 0, 0, 3, 11710.04, 11645886, 377
1256, 1, 232, 274, 188, 0, 7.75%, 0, 0, 3, 11883.90, 11702879, 377
1261, 1, 232, 274, 188, 0, 7.75%, 0, 0, 3, 14802.23, 11781550, 377
1266, 1, 238, 274, 187, 0, 7.75%, 0, 0, 3, 12279.98, 11840067, 377
1271, 1, 238, 274, 187, 0, 7.75%, 0, 0, 3, 9237.46, 11882707, 377
1277, 1, 238, 274, 187, 0, 7.75%, 0, 0, 3, 10047.57, 11932556, 377
1282, 1, 238, 274, 187, 0, 7.75%, 0, 0, 3, 8456.53, 11974241, 377
1287, 1, 238, 274, 187, 0, 7.75%, 0, 0, 3, 7335.71, 12009601, 377
1292, 1, 238, 274, 187, 0, 7.75%, 0, 0, 3, 8733.91, 12050723, 377
1297, 1, 238, 274, 187, 0, 7.75%, 0, 0, 3, 8683.26, 12097790, 377
1302, 1, 238, 274, 187, 0, 7.75%, 0, 0, 3, 7651.50, 12134900, 377
1307, 1, 238, 274, 187, 0, 7.75%, 0, 0, 3, 9505.67, 12181990, 377
1312, 1, 238, 274, 187, 0, 7.75%, 0, 0, 3, 8446.15, 12224700, 377
1317, 1, 238, 274, 187, 0, 7.75%, 0, 0, 3, 8477.24, 12267242, 377
1322, 1, 238, 274, 187, 0, 7.75%, 0, 0, 3, 8798.80, 12310632, 377
1327, 1, 238, 274, 187, 0, 7.75%, 0, 0, 3, 7738.21, 12349376, 377
1332, 1, 238, 274, 187, 0, 7.75%, 0, 0, 3, 9816.98, 12402284, 377
1338, 1, 238, 274, 187, 0, 7.75%, 0, 0, 3, 12837.68, 12473349, 377
1343, 1, 238, 274, 187, 0, 7.75%, 0, 0, 3, 9921.00, 12520200, 377
1348, 1, 238, 274, 187, 0, 7.75%, 0, 0, 3, 8087.35, 12560144, 377
1353, 1, 252, 274, 186, 0, 7.75%, 0, 0, 3, 7293.97, 12598775, 377
1358, 1, 252, 274, 186, 0, 7.75%, 0, 0, 3, 4088.64, 12615629, 377
1363, 1, 252, 274, 186, 0, 7.75%, 0, 0, 3, 3650.90, 12632595, 377
1368, 1, 252, 274, 186, 0, 7.75%, 0, 0, 3, 3448.76, 12649875, 377
1373, 1, 252, 274, 186, 0, 7.75%, 0, 0, 3, 3463.98, 12666682, 377
1378, 1, 252, 274, 186, 0, 7.75%, 0, 0, 3, 3314.73, 12683412, 377
1383, 1, 252, 274, 186, 0, 7.75%, 0, 0, 3, 3338.21, 12699873, 377
1388, 1, 252, 274, 186, 0, 7.75%, 0, 0, 3, 3620.89, 12717735, 377
1393, 1, 252, 274, 186, 0, 7.75%, 0, 0, 3, 3694.32, 12736361, 377
1398, 1, 252, 274, 186, 0, 7.75%, 0, 0, 3, 3780.56, 12756507, 377
1403, 1, 252, 274, 186, 0, 7.75%, 0, 0, 3, 3841.86, 12776157, 377
1408, 1, 252, 274, 186, 0, 7.75%, 0, 0, 3, 3703.02, 12794895, 377
1414, 1, 252, 274, 186, 0, 7.75%, 0, 0, 3, 3130.92, 12810979, 377
1419, 1, 252, 274, 186, 0, 7.75%, 0, 0, 3, 2741.97, 12824007, 377
1424, 1, 252, 274, 186, 0, 7.75%, 0, 0, 3, 3060.06, 12839651, 377
1429, 1, 252, 274, 186, 0, 7.75%, 0, 0, 3, 3249.59, 12856332, 377
1434, 1, 252, 274, 186, 0, 7.75%, 0, 0, 3, 3201.96, 12872503, 377
1439, 1, 252, 274, 186, 0, 7.75%, 0, 0, 3, 2948.02, 12887281, 377
1444, 1, 252, 274, 186, 0, 7.75%, 0, 0, 3, 2883.13, 12902256, 377
1449, 1, 252, 274, 186, 0, 7.75%, 0, 0, 3, 2905.79, 12916620, 377
1454, 1, 252, 274, 186, 0, 7.75%, 0, 0, 3, 2744.34, 12930652, 377
1459, 1, 252, 274, 186, 0, 7.75%, 0, 0, 3, 3076.21, 12946046, 377
1464, 1, 252, 274, 186, 0, 7.75%, 0, 0, 3, 3815.52, 12966308, 377
1469, 1, 252, 274, 186, 0, 7.75%, 0, 0, 3, 3916.67, 12986135, 377
1475, 1, 252, 274, 186, 0, 7.75%, 0, 0, 3, 3800.54, 13005945, 377
1480, 1, 252, 274, 186, 0, 7.75%, 0, 0, 3, 3739.24, 13025117, 377
1485, 1, 252, 274, 186, 0, 7.75%, 0, 0, 3, 3718.59, 13044221, 377
1490, 1, 252, 274, 186, 0, 7.75%, 0, 0, 3, 3476.79, 13061678, 377
1495, 1, 252, 274, 186, 0, 7.75%, 0, 0, 3, 3255.05, 13077972, 377
1500, 1, 252, 274, 186, 0, 7.75%, 0, 0, 3, 3104.86, 13093490, 377
1505, 1, 252, 274, 186, 0, 7.75%, 0, 0, 3, 3162.07, 13109867, 377
1510, 1, 252, 274, 186, 0, 7.75%, 0, 0, 3, 3169.84, 13125806, 377
1515, 1, 252, 274, 186, 0, 7.75%, 0, 0, 3, 3022.21, 13141202, 377
1520, 1, 252, 274, 186, 0, 7.75%, 0, 0, 3, 3034.29, 13156502, 377
1525, 1, 252, 274, 186, 0, 7.75%, 0, 0, 3, 2927.29, 13171254, 377
1530, 1, 252, 274, 186, 0, 7.75%, 0, 0, 3, 2787.24, 13185195, 377
1536, 1, 252, 274, 186, 0, 7.75%, 0, 0, 3, 3870.77, 13206135, 377
1541, 1, 252, 274, 186, 0, 7.75%, 0, 0, 3, 4398.72, 13228997, 377
1546, 1, 252, 274, 186, 0, 7.75%, 0, 0, 3, 4109.67, 13249607, 377
1551, 1, 252, 274, 186, 0, 7.75%, 0, 0, 3, 3938.13, 13269460, 377
1556, 1, 252, 274, 186, 0, 7.75%, 0, 0, 3, 3723.36, 13287913, 377
1561, 1, 252, 274, 186, 0, 7.75%, 0, 0, 3, 3582.59, 13305999, 377
1566, 1, 252, 274, 186, 0, 7.75%, 0, 0, 3, 3420.58, 13323051, 377
1571, 1, 252, 274, 186, 0, 7.75%, 0, 0, 3, 3063.58, 13338316, 377
1576, 1, 252, 274, 186, 0, 7.75%, 0, 0, 3, 3073.86, 13353627, 377
1581, 1, 252, 274, 186, 0, 7.75%, 0, 0, 3, 2891.02, 13368395, 377
1586, 1, 252, 274, 186, 0, 7.75%, 0, 0, 3, 2887.93, 13382838, 377
1591, 1, 252, 274, 186, 0, 7.75%, 0, 0, 3, 3128.44, 13398896, 377
1596, 1, 252, 274, 186, 0, 7.75%, 0, 0, 3, 3734.69, 13418973, 377
1601, 1, 252, 274, 186, 0, 7.75%, 0, 0, 3, 3316.45, 13436268, 377
1607, 1, 252, 274, 186, 0, 7.75%, 0, 0, 3, 3902.02, 13455593, 377
1612, 1, 252, 274, 186, 0, 7.75%, 0, 0, 3, 4204.63, 13477860, 377
1617, 1, 252, 274, 186, 0, 7.75%, 0, 0, 3, 3734.03, 13496178, 377
1622, 1, 252, 274, 186, 0, 7.75%, 0, 0, 3, 3287.69, 13512408, 377
1627, 1, 252, 274, 186, 0, 7.75%, 0, 0, 3, 3015.27, 13527528, 377
1632, 1, 252, 274, 186, 0, 7.75%, 0, 0, 3, 3722.23, 13546917, 377
1637, 1, 252, 274, 186, 0, 7.75%, 0, 0, 3, 16782.26, 13579688, 377
1642, 1, 252, 274, 186, 0, 7.75%, 0, 0, 3, 6975.31, 13602446, 377
1648, 1, 252, 274, 186, 0, 7.75%, 0, 0, 3, 3943.89, 13618829, 377
1653, 1, 252, 274, 186, 0, 7.75%, 0, 0, 3, 6852.54, 13656412, 377
1658, 1, 252, 274, 186, 0, 7.75%, 0, 0, 3, 6292.37, 13688123, 377
1663, 1, 252, 274, 186, 0, 7.75%, 0, 0, 3, 6393.38, 13721588, 377
1668, 1, 252, 274, 186, 0, 7.75%, 0, 0, 3, 5463.95, 13748958, 377
1673, 1, 252, 274, 186, 0, 7.75%, 0, 0, 3, 4230.70, 13769343, 377
1678, 1, 252, 274, 186, 0, 7.75%, 0, 0, 3, 3927.04, 13788518, 377
1683, 1, 252, 274, 186, 0, 7.75%, 0, 0, 3, 3579.57, 13806548, 377
1688, 1, 252, 274, 186, 0, 7.75%, 0, 0, 3, 3317.10, 13823252, 377
1693, 1, 252, 274, 186, 0, 7.75%, 0, 0, 3, 3071.84, 13839134, 377
1698, 1, 252, 274, 186, 0, 7.75%, 0, 0, 3, 2788.21, 13852740, 377
1703, 1, 252, 274, 186, 0, 7.75%, 0, 0, 3, 2415.23, 13864766, 377
1708, 1, 255, 274, 185, 0, 7.75%, 0, 0, 3, 5385.67, 13896534, 377
1714, 1, 255, 274, 185, 0, 7.75%, 0, 0, 3, 3617.02, 13913502, 377
1719, 1, 255, 274, 185, 0, 7.75%, 0, 0, 3, 3534.97, 13931742, 377
1724, 1, 255, 274, 185, 0, 7.75%, 0, 0, 3, 2892.35, 13946093, 377
1729, 1, 255, 274, 185, 0, 7.75%, 0, 0, 3, 3444.11, 13965069, 377
1734, 1, 255, 274, 185, 0, 7.75%, 0, 0, 3, 3220.40, 13981216, 377
1739, 1, 255, 274, 185, 0, 7.75%, 0, 0, 3, 4236.88, 14002120, 377
1744, 1, 255, 274, 185, 0, 7.75%, 0, 0, 3, 4259.94, 14023803, 377
1749, 1, 255, 274, 185, 0, 7.75%, 0, 0, 3, 4451.38, 14046465, 377
1754, 1, 255, 274, 185, 0, 7.75%, 0, 0, 3, 3730.78, 14064906, 377
1759, 1, 255, 274, 185, 0, 7.75%, 0, 0, 3, 4154.24, 14086019, 377
1764, 1, 255, 274, 185, 0, 7.75%, 0, 0, 3, 3810.77, 14105331, 377
1769, 1, 255, 274, 185, 0, 7.75%, 0, 0, 3, 3513.40, 14122781, 377
1774, 1, 255, 274, 185, 0, 7.75%, 0, 0, 3, 3307.63, 14139465, 377
1779, 1, 255, 274, 185, 0, 7.75%, 0, 0, 3, 3292.48, 14155941, 377
1785, 1, 255, 274, 185, 0, 7.75%, 0, 0, 3, 3128.02, 14171633, 377
1790, 1, 255, 274, 185, 0, 7.75%, 0, 0, 3, 4732.25, 14194926, 377
1795, 1, 255, 274, 185, 0, 7.75%, 0, 0, 3, 4920.91, 14220810, 377
1800, 1, 255, 274, 185, 0, 7.75%, 0, 0, 3, 4644.48, 14244098, 377
1805, 1, 255, 274, 185, 0, 7.75%, 0, 0, 3, 4044.79, 14263206, 377
1810, 1, 255, 274, 185, 0, 7.75%, 0, 0, 3, 3854.97, 14283098, 377
1815, 1, 255, 274, 185, 0, 7.75%, 0, 0, 3, 3548.79, 14300886, 377
1820, 1, 255, 274, 185, 0, 7.75%, 0, 0, 3, 3484.87, 14317997, 377
1825, 1, 255, 274, 185, 0, 7.75%, 0, 0, 3, 3179.21, 14333993, 377
1830, 1, 255, 274, 185, 0, 7.75%, 0, 0, 3, 2940.80, 14348485, 377
1835, 1, 255, 274, 185, 0, 7.75%, 0, 0, 3, 5446.47, 14379119, 377
1840, 1, 255, 274, 185, 0, 7.75%, 0, 0, 3, 5104.80, 14404590, 377
1845, 1, 255, 274, 185, 0, 7.75%, 0, 0, 3, 4486.85, 14426391, 377
1850, 1, 255, 274, 185, 0, 7.75%, 0, 0, 3, 4149.74, 14447683, 377
1855, 1, 255, 274, 185, 0, 7.75%, 0, 0, 3, 3563.25, 14465186, 377
1860, 1, 255, 274, 185, 0, 7.75%, 0, 0, 3, 3436.46, 14482592, 377
1866, 1, 255, 274, 185, 0, 7.75%, 0, 0, 3, 3549.41, 14500150, 377
1871, 1, 255, 274, 185, 0, 7.75%, 0, 0, 3, 4274.98, 14522065, 377
1876, 1, 255, 274, 185, 0, 7.75%, 0, 0, 3, 3740.86, 14540686, 377
1881, 1, 255, 274, 185, 0, 7.75%, 0, 0, 3, 4242.67, 14560109, 377
1886, 1, 255, 274, 185, 0, 7.75%, 0, 0, 3, 4675.87, 14584977, 377
1891, 1, 255, 274, 185, 0, 7.75%, 0, 0, 3, 4227.00, 14605861, 377
1896, 1, 255, 274, 185, 0, 7.75%, 0, 0, 3, 3497.64, 14622917, 377
1901, 1, 255, 274, 185, 0, 7.75%, 0, 0, 3, 4144.47, 14643048, 377
1906, 1, 255, 274, 185, 0, 7.75%, 0, 0, 3, 20156.94, 14673488, 377
1912, 1, 255, 274, 185, 0, 7.75%, 0, 0, 3, 7982.32, 14695718, 377
1917, 1, 255, 274, 185, 0, 7.75%, 0, 0, 3, 6510.23, 14720831, 377
1922, 1, 255, 274, 185, 0, 7.75%, 0, 0, 3, 8502.74, 14769964, 377
1927, 1, 255, 274, 185, 0, 7.75%, 0, 0, 3, 7916.50, 14809944, 377
1932, 1, 255, 274, 185, 0, 7.75%, 0, 0, 3, 6633.47, 14841257, 377
1937, 1, 255, 274, 185, 0, 7.75%, 0, 0, 3, 4993.81, 14865298, 377
1942, 1, 255, 274, 185, 0, 7.75%, 0, 0, 3, 4151.32, 14885076, 377
1947, 1, 255, 274, 185, 0, 7.75%, 0, 0, 3, 3833.85, 14904660, 377
1952, 1, 255, 274, 185, 0, 7.75%, 0, 0, 3, 3494.65, 14921974, 377
1957, 1, 255, 274, 185, 0, 7.75%, 0, 0, 3, 4720.88, 14944102, 377
1962, 1, 266, 274, 184, 0, 7.75%, 0, 0, 3, 4808.21, 14973766, 377
1968, 1, 266, 274, 184, 0, 7.75%, 0, 0, 3, 3231.86, 14988129, 377
1973, 1, 266, 274, 184, 0, 7.75%, 0, 0, 3, 2857.65, 15002002, 377
1978, 1, 266, 274, 184, 0, 7.75%, 0, 0, 3, 2741.26, 15015484, 377
1983, 1, 266, 274, 184, 0, 7.75%, 0, 0, 3, 2798.16, 15029804, 377
1988, 1, 266, 274, 184, 0, 7.75%, 0, 0, 3, 2775.11, 15043417, 377
1993, 1, 266, 274, 184, 0, 7.75%, 0, 0, 3, 2737.35, 15057226, 377
1998, 1, 266, 274, 184, 0, 7.75%, 0, 0, 3, 2856.91, 15071889, 377
2003, 1, 266, 274, 184, 0, 7.75%, 0, 0, 3, 2759.54, 15085784, 377
2008, 1, 266, 274, 184, 0, 7.75%, 0, 0, 3, 2667.74, 15099218, 377
2013, 1, 266, 274, 184, 0, 7.75%, 0, 0, 3, 2728.16, 15112884, 377
2018, 1, 266, 274, 184, 0, 7.75%, 0, 0, 3, 2790.32, 15127322, 377
2023, 1, 266, 274, 184, 0, 7.75%, 0, 0, 3, 2938.71, 15142872, 377
2028, 1, 266, 274, 184, 0, 7.75%, 0, 0, 3, 2842.13, 15157208, 377
2033, 1, 266, 274, 184, 0, 7.75%, 0, 0, 3, 2818.11, 15171820, 377
2038, 1, 266, 274, 184, 0, 7.75%, 0, 0, 3, 2836.77, 15185988, 377
2043, 1, 266, 274, 184, 0, 7.75%, 0, 0, 3, 2787.64, 15199968, 377
2049, 1, 266, 274, 184, 0, 7.75%, 0, 0, 3, 2954.85, 15214928, 377
2054, 1, 266, 274, 184, 0, 7.75%, 0, 0, 3, 2742.40, 15228513, 377
2059, 1, 266, 274, 184, 0, 7.75%, 0, 0, 3, 2782.67, 15242318, 377
2064, 1, 266, 274, 184, 0, 7.75%, 0, 0, 3, 2736.92, 15256220, 377
2069, 1, 266, 274, 184, 0, 7.75%, 0, 0, 3, 2695.88, 15270215, 377
2074, 1, 266, 274, 184, 0, 7.75%, 0, 0, 3, 2691.99, 15284300, 377
2079, 1, 266, 274, 184, 0, 7.75%, 0, 0, 3, 2646.42, 15297722, 377
2084, 1, 266, 274, 184, 0, 7.75%, 0, 0, 3, 2622.17, 15311200, 377
2089, 1, 266, 274, 184, 0, 7.75%, 0, 0, 3, 2759.77, 15325258, 377
2094, 1, 266, 274, 184, 0, 7.75%, 0, 0, 3, 2629.21, 15338344, 377
2099, 1, 266, 274, 184, 0, 7.75%, 0, 0, 3, 2610.16, 15351708, 377
2104, 1, 266, 274, 184, 0, 7.75%, 0, 0, 3, 2555.89, 15364934, 377
2110, 1, 266, 274, 184, 0, 7.75%, 0, 0, 3, 2578.47, 15378449, 377
2115, 1, 266, 274, 184, 0, 7.75%, 0, 0, 3, 2630.92, 15391696, 377
2120, 1, 266, 274, 184, 0, 7.75%, 0, 0, 3, 2652.30, 15405153, 377
2125, 1, 266, 274, 184, 0, 7.75%, 0, 0, 3, 2350.01, 15416981, 377
2130, 1, 266, 274, 184, 0, 7.75%, 0, 0, 3, 2456.80, 15429637, 377
2135, 1, 266, 274, 184, 0, 7.75%, 0, 0, 3, 2430.68, 15441884, 377
2140, 1, 266, 274, 184, 0, 7.75%, 0, 0, 3, 2753.91, 15456772, 377
2145, 1, 266, 274, 184, 0, 7.75%, 0, 0, 3, 2825.74, 15471479, 377
2150, 1, 266, 274, 184, 0, 7.75%, 0, 0, 3, 2746.84, 15484757, 377
2155, 1, 266, 274, 184, 0, 7.75%, 0, 0, 3, 2483.06, 15497174, 377
2160, 1, 266, 274, 184, 0, 7.75%, 0, 0, 3, 2501.15, 15510637, 377
2165, 1, 266, 274, 184, 0, 7.75%, 0, 0, 3, 2309.40, 15522287, 377
2170, 1, 266, 274, 184, 0, 7.75%, 0, 0, 3, 2736.34, 15536651, 377
2175, 1, 266, 274, 184, 0, 7.75%, 0, 0, 3, 2891.08, 15551165, 377
2181, 1, 266, 274, 184, 0, 7.75%, 0, 0, 3, 2911.10, 15565700, 377
2186, 1, 266, 274, 184, 0, 7.75%, 0, 0, 3, 2732.13, 15579203, 377
2191, 1, 266, 274, 184, 0, 7.75%, 0, 0, 3, 2937.89, 15594208, 377
2196, 1, 266, 274, 184, 0, 7.75%, 0, 0, 3, 2843.53, 15608297, 377
2201, 1, 266, 274, 184, 0, 7.75%, 0, 0, 3, 2844.05, 15622814, 377
2206, 1, 266, 274, 184, 0, 7.75%, 0, 0, 3, 2924.33, 15637691, 377
2211, 1, 266, 274, 184, 0, 7.75%, 0, 0, 3, 2785.04, 15651349, 377
2216, 1, 266, 274, 184, 0, 7.75%, 0, 0, 3, 2670.56, 15664866, 377
2221, 1, 266, 274, 184, 0, 7.75%, 0, 0, 3, 2634.12, 15677989, 377
2226, 1, 266, 274, 184, 0, 7.75%, 0, 0, 3, 2700.45, 15691578, 377
2231, 1, 266, 274, 184, 0, 7.75%, 0, 0, 3, 2602.65, 15704717, 377
2236, 1, 266, 274, 184, 0, 7.75%, 0, 0, 3, 2585.08, 15717629, 377
2241, 1, 266, 274, 184, 0, 7.75%, 0, 0, 3, 2751.11, 15731429, 377
2246, 1, 266, 274, 184, 0, 7.75%, 0, 0, 3, 3011.80, 15745942, 377
2251, 1, 266, 274, 184, 0, 7.75%, 0, 0, 3, 3018.95, 15761055, 377
2256, 1, 266, 274, 184, 0, 7.75%, 0, 0, 3, 3162.56, 15776886, 377
2262, 1, 266, 274, 184, 0, 7.75%, 0, 0, 3, 3015.98, 15791415, 377
2267, 1, 266, 274, 184, 0, 7.75%, 0, 0, 3, 2860.71, 15806307, 377
2272, 1, 266, 274, 184, 0, 7.75%, 0, 0, 3, 2925.22, 15820881, 377
2277, 1, 266, 274, 184, 0, 7.75%, 0, 0, 3, 2655.85, 15833933, 377
2282, 1, 266, 274, 184, 0, 7.75%, 0, 0, 3, 2886.63, 15848489, 377
2287, 1, 266, 274, 184, 0, 7.75%, 0, 0, 3, 2788.55, 15862310, 377
2292, 1, 266, 274, 184, 0, 7.75%, 0, 0, 3, 2845.21, 15876811, 377
2297, 1, 266, 274, 184, 0, 7.75%, 0, 0, 3, 2699.95, 15890475, 377
2302, 1, 266, 274, 184, 0, 7.75%, 0, 0, 3, 2888.89, 15904807, 377
2307, 1, 266, 274, 184, 0, 7.75%, 0, 0, 3, 2698.39, 15918256, 377
2312, 1, 266, 274, 184, 0, 7.75%, 0, 0, 3, 2633.71, 15931831, 377
2317, 1, 266, 274, 184, 0, 7.75%, 0, 0, 3, 2525.57, 15944575, 377
2322, 1, 266, 274, 184, 0, 7.75%, 0, 0, 3, 2690.05, 15958731, 377
2327, 1, 266, 274, 184, 0, 7.75%, 0, 0, 3, 2691.43, 15972157, 377
2332, 1, 266, 274, 184, 0, 7.75%, 0, 0, 3, 2649.80, 15985287, 377
2337, 1, 266, 274, 184, 0, 7.75%, 0, 0, 3, 2666.39, 15998864, 377
2343, 1, 266, 274, 184, 0, 7.75%, 0, 0, 3, 2796.91, 16013348, 377
2348, 1, 266, 274, 184, 0, 7.75%, 0, 0, 3, 2978.93, 16028057, 377
2353, 1, 266, 274, 184, 0, 7.75%, 0, 0, 3, 2875.04, 16042706, 377
2358, 1, 266, 274, 184, 0, 7.75%, 0, 0, 3, 2889.16, 16056842, 377
2363, 1, 266, 274, 184, 0, 7.75%, 0, 0, 3, 2876.23, 16071320, 377
2368, 1, 266, 274, 184, 0, 7.75%, 0, 0, 3, 2675.41, 16084801, 377
2373, 1, 266, 274, 184, 0, 7.75%, 0, 0, 3, 2752.20, 16098543, 377
2378, 1, 266, 274, 184, 0, 7.75%, 0, 0, 3, 3057.41, 16113829, 377
2383, 1, 266, 274, 184, 0, 7.75%, 0, 0, 3, 3047.58, 16129460, 377
2388, 1, 266, 274, 184, 0, 7.75%, 0, 0, 3, 2944.30, 16144429, 377
2393, 1, 266, 274, 184, 0, 7.75%, 0, 0, 3, 2922.54, 16159137, 377
2398, 1, 266, 274, 184, 0, 7.75%, 0, 0, 3, 2993.83, 16174609, 377
2403, 1, 266, 274, 184, 0, 7.75%, 0, 0, 3, 2977.11, 16189682, 377
2408, 1, 266, 274, 184, 0, 7.75%, 0, 0, 3, 2839.60, 16203421, 377
2413, 1, 266, 274, 184, 0, 7.75%, 0, 0, 3, 2656.39, 16216869, 377
2418, 1, 266, 274, 184, 0, 7.75%, 0, 0, 3, 2646.18, 16229973, 377
2423, 1, 266, 274, 184, 0, 7.75%, 0, 0, 3, 2688.34, 16243512, 377
2428, 1, 266, 274, 184, 0, 7.75%, 0, 0, 3, 2731.21, 16257361, 377
2433, 1, 266, 274, 184, 0, 7.75%, 0, 0, 3, 2760.65, 16271097, 377
2438, 1, 266, 274, 184, 0, 7.75%, 0, 0, 3, 2810.53, 16285654, 377
2443, 1, 266, 274, 184, 0, 7.75%, 0, 0, 3, 19943.39, 16307603, 377
2448, 1, 266, 274, 184, 0, 7.75%, 0, 0, 3, 9543.08, 16343552, 377
2454, 1, 266, 274, 184, 0, 7.75%, 0, 0, 3, 4757.46, 16362595, 377
2459, 1, 266, 274, 184, 0, 7.75%, 0, 0, 3, 3262.69, 16377677, 377
2464, 1, 266, 274, 184, 0, 7.75%, 0, 0, 3, 4297.37, 16399441, 377
2469, 1, 266, 274, 184, 0, 7.75%, 0, 0, 3, 4905.60, 16424205, 377
2474, 1, 266, 274, 184, 0, 7.75%, 0, 0, 3, 4274.95, 16445735, 377
2479, 1, 266, 274, 184, 0, 7.75%, 0, 0, 3, 4394.60, 16467910, 377
2484, 1, 266, 274, 184, 0, 7.75%, 0, 0, 3, 4372.80, 16491805, 377
2489, 1, 266, 274, 184, 0, 7.75%, 0, 0, 3, 4927.35, 16516105, 377
2495, 1, 266, 274, 184, 0, 7.75%, 0, 0, 3, 3877.52, 16534840, 377
2500, 1, 266, 274, 184, 0, 7.75%, 0, 0, 3, 3998.81, 16555064, 377
2505, 1, 266, 274, 184, 0, 7.75%, 0, 0, 3, 4000.38, 16576030, 377
2510, 1, 266, 274, 184, 0, 7.75%, 0, 0, 3, 3339.43, 16592129, 377
2515, 1, 266, 274, 184, 0, 7.75%, 0, 0, 3, 3149.59, 16608421, 377
2520, 1, 266, 274, 184, 0, 7.75%, 0, 0, 3, 3005.19, 16623452, 377
2525, 1, 266, 274, 184, 0, 7.75%, 0, 0, 3, 3050.15, 16638865, 377
2530, 1, 266, 274, 184, 0, 7.75%, 0, 0, 3, 3029.82, 16654105, 377
2535, 1, 266, 274, 184, 0, 7.75%, 0, 0, 3, 2705.57, 16667425, 377
2540, 1, 266, 274, 184, 0, 7.75%, 0, 0, 3, 2718.13, 16681249, 377
2545, 1, 266, 274, 184, 0, 7.75%, 0, 0, 3, 2550.12, 16694428, 377
2550, 1, 266, 274, 184, 0, 7.75%, 0, 0, 3, 2640.28, 16707933, 377
2555, 1, 266, 274, 184, 0, 7.75%, 0, 0, 3, 5750.51, 16737415, 377
2560, 1, 269, 276, 185, 0, 7.75%, 0, 0, 3, 3045.68, 16750513, 377
2565, 1, 269, 276, 185, 0, 7.75%, 0, 0, 3, 2101.79, 16759985, 377
2571, 1, 269, 276, 185, 0, 7.75%, 0, 0, 3, 1919.05, 16769515, 377
2576, 1, 269, 276, 185, 0, 7.75%, 0, 0, 3, 1792.09, 16778416, 377
2581, 1, 269, 276, 185, 0, 7.75%, 0, 0, 3, 1837.69, 16787861, 377
2586, 1, 269, 276, 185, 0, 7.75%, 0, 0, 3, 1784.02, 16796896, 377
2591, 1, 269, 276, 185, 0, 7.75%, 0, 0, 3, 1710.80, 16805447, 377
2596, 1, 269, 276, 185, 0, 7.75%, 0, 0, 3, 1553.79, 16813181, 377
2601, 1, 269, 276, 185, 0, 7.75%, 0, 0, 3, 1732.81, 16821901, 377
2606, 1, 269, 276, 185, 0, 7.75%, 0, 0, 3, 1846.94, 16831385, 377
2611, 1, 269, 276, 185, 0, 7.75%, 0, 0, 3, 1787.94, 16840149, 377
2616, 1, 269, 276, 185, 0, 7.75%, 0, 0, 3, 1857.79, 16849660, 377
2621, 1, 269, 276, 185, 0, 7.75%, 0, 0, 3, 1829.52, 16859033, 377
2626, 1, 269, 276, 185, 0, 7.75%, 0, 0, 3, 1826.55, 16868069, 377
2631, 1, 269, 276, 185, 0, 7.75%, 0, 0, 3, 1782.45, 16877074, 377
2636, 1, 269, 276, 185, 0, 7.75%, 0, 0, 3, 1723.07, 16885617, 377
2641, 1, 269, 276, 185, 0, 7.75%, 0, 0, 3, 1830.99, 16895248, 377
2646, 1, 269, 276, 185, 0, 7.75%, 0, 0, 3, 1832.07, 16904752, 377
2651, 1, 269, 276, 185, 0, 7.75%, 0, 0, 3, 1845.57, 16913896, 377
2657, 1, 269, 276, 185, 0, 7.75%, 0, 0, 3, 1870.06, 16923188, 377
2662, 1, 269, 276, 185, 0, 7.75%, 0, 0, 3, 1829.41, 16932364, 377
2667, 1, 269, 276, 185, 0, 7.75%, 0, 0, 3, 1775.83, 16941186, 377
2672, 1, 269, 276, 185, 0, 7.75%, 0, 0, 3, 1763.58, 16950111, 377
2677, 1, 269, 276, 185, 0, 7.75%, 0, 0, 3, 1688.79, 16958578, 377
2682, 1, 269, 276, 185, 0, 7.75%, 0, 0, 3, 1721.39, 16967655, 377
2687, 1, 269, 276, 185, 0, 7.75%, 0, 0, 3, 1718.65, 16976529, 377
2692, 1, 269, 276, 185, 0, 7.75%, 0, 0, 3, 1821.39, 16986447, 377
2697, 1, 269, 276, 185, 0, 7.75%, 0, 0, 3, 1845.40, 16995771, 377
2702, 1, 269, 276, 185, 0, 7.75%, 0, 0, 3, 1845.12, 17005095, 377
2707, 1, 269, 276, 185, 0, 7.75%, 0, 0, 3, 1908.08, 17015039, 377
2712, 1, 269, 276, 185, 0, 7.75%, 0, 0, 3, 1925.58, 17024658, 377
2717, 1, 269, 276, 185, 0, 7.75%, 0, 0, 3, 1835.84, 17033679, 377
2722, 1, 269, 276, 185, 0, 7.75%, 0, 0, 3, 1927.10, 17043463, 377
2727, 1, 269, 276, 185, 0, 7.75%, 0, 0, 3, 1833.55, 17052543, 377
2733, 1, 269, 276, 185, 0, 7.75%, 0, 0, 3, 1843.47, 17061867, 377
2738, 1, 269, 276, 185, 0, 7.75%, 0, 0, 3, 1865.03, 17071204, 377
2743, 1, 269, 276, 185, 0, 7.75%, 0, 0, 3, 1870.62, 17080972, 377
2748, 1, 269, 276, 185, 0, 7.75%, 0, 0, 3, 1865.93, 17090148, 377
2753, 1, 269, 276, 185, 0, 7.75%, 0, 0, 3, 1907.52, 17099620, 377
2758, 1, 269, 276, 185, 0, 7.75%, 0, 0, 3, 1830.76, 17109099, 377
2763, 1, 269, 276, 185, 0, 7.75%, 0, 0, 3, 1797.68, 17118063, 377
2768, 1, 269, 276, 185, 0, 7.75%, 0, 0, 3, 1801.90, 17127351, 377
2773, 1, 269, 276, 185, 0, 7.75%, 0, 0, 3, 1813.02, 17136639, 377
2778, 1, 269, 276, 185, 0, 7.75%, 0, 0, 3, 1874.78, 17146166, 377
2783, 1, 269, 276, 185, 0, 7.75%, 0, 0, 3, 1827.62, 17155601, 377
2788, 1, 269, 276, 185, 0, 7.75%, 0, 0, 3, 1725.65, 17164077, 377
2793, 1, 269, 276, 185, 0, 7.75%, 0, 0, 3, 1826.82, 17173935, 377
2799, 1, 269, 276, 185, 0, 7.75%, 0, 0, 3, 1801.41, 17182805, 377
2804, 1, 269, 276, 185, 0, 7.75%, 0, 0, 3, 1801.33, 17192151, 377
2809, 1, 269, 276, 185, 0, 7.75%, 0, 0, 3, 1881.83, 17201370, 377
2814, 1, 269, 276, 185, 0, 7.75%, 0, 0, 3, 1829.36, 17210547, 377
2819, 1, 269, 276, 185, 0, 7.75%, 0, 0, 3, 1764.54, 17219275, 377
2824, 1, 269, 276, 185, 0, 7.75%, 0, 0, 3, 1767.07, 17228270, 377
2829, 1, 269, 276, 185, 0, 7.75%, 0, 0, 3, 1863.29, 17237926, 377
2834, 1, 269, 276, 185, 0, 7.75%, 0, 0, 3, 1862.74, 17247398, 377
2839, 1, 269, 276, 185, 0, 7.75%, 0, 0, 3, 1790.35, 17256410, 377
2844, 1, 269, 276, 185, 0, 7.75%, 0, 0, 3, 1871.69, 17265861, 377
2849, 1, 269, 276, 185, 0, 7.75%, 0, 0, 3, 1823.89, 17275059, 377
2854, 1, 269, 276, 185, 0, 7.75%, 0, 0, 3, 1796.61, 17284167, 377
2859, 1, 269, 276, 185, 0, 7.75%, 0, 0, 3, 1751.04, 17293020, 377
2864, 1, 269, 276, 185, 0, 7.75%, 0, 0, 3, 1785.39, 17302085, 377
2869, 1, 269, 276, 185, 0, 7.75%, 0, 0, 3, 1790.02, 17311131, 377
2874, 1, 269, 276, 185, 0, 7.75%, 0, 0, 3, 1752.05, 17319970, 377
2879, 1, 269, 276, 185, 0, 7.75%, 0, 0, 3, 1823.17, 17329023, 377
2885, 1, 269, 276, 185, 0, 7.75%, 0, 0, 3, 1787.76, 17338275, 377
2890, 1, 269, 276, 185, 0, 7.75%, 0, 0, 3, 1743.91, 17347201, 377
2895, 1, 269, 276, 185, 0, 7.75%, 0, 0, 3, 1693.96, 17355669, 377
2900, 1, 269, 276, 185, 0, 7.75%, 0, 0, 3, 1742.56, 17364507, 377
2905, 1, 269, 276, 185, 0, 7.75%, 0, 0, 3, 1772.23, 17373520, 377
2910, 1, 269, 276, 185, 0, 7.75%, 0, 0, 3, 1789.27, 17382655, 377
2915, 1, 269, 276, 185, 0, 7.75%, 0, 0, 3, 1722.83, 17391367, 377
2920, 1, 269, 276, 185, 0, 7.75%, 0, 0, 3, 1753.22, 17400540, 377
2925, 1, 269, 276, 185, 0, 7.75%, 0, 0, 3, 1714.81, 17409217, 377
2930, 1, 269, 276, 185, 0, 7.75%, 0, 0, 3, 1777.85, 17418530, 377
2935, 1, 269, 276, 185, 0, 7.75%, 0, 0, 3, 1760.97, 17427271, 377
2940, 1, 269, 276, 185, 0, 7.75%, 0, 0, 3, 1709.16, 17435941, 377
2945, 1, 269, 276, 185, 0, 7.75%, 0, 0, 3, 1738.78, 17444679, 377
2951, 1, 269, 276, 185, 0, 7.75%, 0, 0, 3, 1785.63, 17454020, 377
2956, 1, 269, 276, 185, 0, 7.75%, 0, 0, 3, 1770.62, 17462980, 377
2961, 1, 269, 276, 185, 0, 7.75%, 0, 0, 3, 1749.60, 17471811, 377
2966, 1, 269, 276, 185, 0, 7.75%, 0, 0, 3, 1711.29, 17480753, 377
2971, 1, 269, 276, 185, 0, 7.75%, 0, 0, 3, 1800.91, 17489910, 377
2976, 1, 269, 276, 185, 0, 7.75%, 0, 0, 3, 1806.48, 17499486, 377
2981, 1, 269, 276, 185, 0, 7.75%, 0, 0, 3, 1972.59, 17509440, 377
2986, 1, 269, 276, 185, 0, 7.75%, 0, 0, 3, 2037.50, 17519424, 377
2991, 1, 269, 276, 185, 0, 7.75%, 0, 0, 3, 1933.73, 17529012, 377
2997, 1, 269, 276, 185, 0, 7.75%, 0, 0, 3, 2066.80, 17539475, 377
3002, 1, 269, 276, 185, 0, 7.75%, 0, 0, 3, 1860.44, 17548558, 377
3007, 1, 269, 276, 185, 0, 7.75%, 0, 0, 3, 1862.17, 17557882, 377
3012, 1, 269, 276, 185, 0, 7.75%, 0, 0, 3, 1890.59, 17567202, 377
3017, 1, 269, 276, 185, 0, 7.75%, 0, 0, 3, 1863.99, 17577085, 377
3022, 1, 269, 276, 185, 0, 7.75%, 0, 0, 3, 1876.11, 17586631, 377
3027, 1, 269, 276, 185, 0, 7.75%, 0, 0, 3, 2095.61, 17597121, 377
3032, 1, 269, 276, 185, 0, 7.75%, 0, 0, 3, 1919.71, 17606798, 377
3037, 1, 269, 276, 185, 0, 7.75%, 0, 0, 3, 1784.89, 17615691, 377
3042, 1, 269, 276, 185, 0, 7.75%, 0, 0, 3, 1804.45, 17624766, 377
3047, 1, 269, 276, 185, 0, 7.75%, 0, 0, 3, 1833.45, 17633961, 377
3052, 1, 269, 276, 185, 0, 7.75%, 0, 0, 3, 1876.04, 17643907, 377
3057, 1, 269, 276, 185, 0, 7.75%, 0, 0, 3, 1846.52, 17653194, 377
3062, 1, 269, 276, 185, 0, 7.75%, 0, 0, 3, 1986.89, 17663529, 377
3067, 1, 269, 276, 185, 0, 7.75%, 0, 0, 3, 1812.49, 17672466, 377
3072, 1, 269, 276, 185, 0, 7.75%, 0, 0, 3, 1749.87, 17681246, 377
3077, 1, 269, 276, 185, 0, 7.75%, 0, 0, 3, 1905.93, 17690971, 377
3082, 1, 269, 276, 185, 0, 7.75%, 0, 0, 3, 1836.83, 17700150, 377
3087, 1, 269, 276, 185, 0, 7.75%, 0, 0, 3, 1758.27, 17708966, 377
3093, 1, 269, 276, 185, 0, 7.75%, 0, 0, 3, 1916.99, 17718708, 377
3098, 1, 269, 276, 185, 0, 7.75%, 0, 0, 3, 1833.00, 17727762, 377
3103, 1, 269, 276, 185, 0, 7.75%, 0, 0, 3, 1745.65, 17736590, 377
3108, 1, 269, 276, 185, 0, 7.75%, 0, 0, 3, 1885.19, 17746138, 377
3113, 1, 269, 276, 185, 0, 7.75%, 0, 0, 3, 1770.05, 17755201, 377
3118, 1, 269, 276, 185, 0, 7.75%, 0, 0, 3, 1815.81, 17764410, 377
3123, 1, 269, 276, 185, 0, 7.75%, 0, 0, 3, 1823.19, 17773590, 377
3128, 1, 269, 276, 185, 0, 7.75%, 0, 0, 3, 1884.90, 17783175, 377
3133, 1, 269, 276, 185, 0, 7.75%, 0, 0, 3, 1830.12, 17792310, 377
3138, 1, 269, 276, 185, 0, 7.75%, 0, 0, 3, 1818.47, 17801346, 377
3143, 1, 269, 276, 185, 0, 7.75%, 0, 0, 3, 1832.11, 17810670, 377
3149, 1, 269, 276, 185, 0, 7.75%, 0, 0, 3, 1794.70, 17819951, 377
3154, 1, 269, 276, 185, 0, 7.75%, 0, 0, 3, 1796.03, 17829030, 377
3159, 1, 269, 276, 185, 0, 7.75%, 0, 0, 3, 1808.40, 17837994, 377
3164, 1, 269, 276, 185, 0, 7.75%, 0, 0, 3, 1754.48, 17846761, 377
3169, 1, 269, 276, 185, 0, 7.75%, 0, 0, 3, 1727.14, 17855556, 377
3174, 1, 269, 276, 185, 0, 7.75%, 0, 0, 3, 1741.60, 17864328, 377
3179, 1, 269, 276, 185, 0, 7.75%, 0, 0, 3, 1755.40, 17873536, 377
3184, 1, 269, 276, 185, 0, 7.75%, 0, 0, 3, 1532.44, 17881146, 377
3189, 1, 269, 276, 185, 0, 7.75%, 0, 0, 3, 1553.27, 17889186, 377
3194, 1, 269, 276, 185, 0, 7.75%, 0, 0, 3, 1697.92, 17897954, 377
3199, 1, 269, 276, 185, 0, 7.75%, 0, 0, 3, 1738.93, 17906896, 377
3204, 1, 269, 276, 185, 0, 7.75%, 0, 0, 3, 1678.72, 17915301, 377
3209, 1, 269, 276, 185, 0, 7.75%, 0, 0, 3, 1749.35, 17923998, 377
3214, 1, 269, 276, 185, 0, 7.75%, 0, 0, 3, 1724.92, 17932736, 377
3219, 1, 269, 276, 185, 0, 7.75%, 0, 0, 3, 1842.93, 17942106, 377
3224, 1, 269, 276, 185, 0, 7.75%, 0, 0, 3, 1761.70, 17950956, 377
3229, 1, 269, 276, 185, 0, 7.75%, 0, 0, 3, 1971.61, 17960730, 377
3234, 1, 269, 276, 185, 0, 7.75%, 0, 0, 3, 1836.46, 17969944, 377
3239, 1, 269, 276, 185, 0, 7.75%, 0, 0, 3, 1922.37, 17979996, 377
3244, 1, 269, 276, 185, 0, 7.75%, 0, 0, 3, 2033.54, 17990437, 377
3250, 1, 269, 276, 185, 0, 7.75%, 0, 0, 3, 1858.32, 17999583, 377
3255, 1, 269, 276, 185, 0, 7.75%, 0, 0, 3, 2065.37, 18010620, 377
3260, 1, 269, 276, 185, 0, 7.75%, 0, 0, 3, 1980.26, 18020428, 377
3265, 1, 269, 276, 185, 0, 7.75%, 0, 0, 3, 2059.87, 18030824, 377
3270, 1, 269, 276, 185, 0, 7.75%, 0, 0, 3, 1926.25, 18040264, 377
3275, 1, 269, 276, 185, 0, 7.75%, 0, 0, 3, 1931.69, 18049829, 377
3280, 1, 269, 276, 185, 0, 7.75%, 0, 0, 3, 1993.43, 18060715, 377
3285, 1, 269, 276, 185, 0, 7.75%, 0, 0, 3, 1961.88, 18070816, 377
3290, 1, 269, 276, 185, 0, 7.75%, 0, 0, 3, 1915.46, 18080468, 377
3295, 1, 269, 276, 185, 0, 7.75%, 0, 0, 3, 2025.55, 18090900, 377
3300, 1, 269, 276, 185, 0, 7.75%, 0, 0, 3, 1821.21, 18099832, 377
3305, 1, 269, 276, 185, 0, 7.75%, 0, 0, 3, 1857.26, 18109473, 377
3310, 1, 269, 276, 185, 0, 7.75%, 0, 0, 3, 1846.01, 18118768, 377
3315, 1, 269, 276, 185, 0, 7.75%, 0, 0, 3, 1858.06, 18128232, 377
3321, 1, 269, 276, 185, 0, 7.75%, 0, 0, 3, 1890.85, 18138074, 377
3326, 1, 269, 276, 185, 0, 7.75%, 0, 0, 3, 1845.26, 18147316, 377
3331, 1, 269, 276, 185, 0, 7.75%, 0, 0, 3, 1783.93, 18156365, 377
3336, 1, 269, 276, 185, 0, 7.75%, 0, 0, 3, 1880.31, 18166157, 377
3341, 1, 269, 276, 185, 0, 7.75%, 0, 0, 3, 1907.11, 18176038, 377
3346, 1, 269, 276, 185, 0, 7.75%, 0, 0, 3, 1935.75, 18185956, 377
3351, 1, 269, 276, 185, 0, 7.75%, 0, 0, 3, 1850.63, 18195054, 377
3356, 1, 269, 276, 185, 0, 7.75%, 0, 0, 3, 1810.26, 18204088, 377
3361, 1, 269, 276, 185, 0, 7.75%, 0, 0, 3, 1859.79, 18213739, 377
3366, 1, 269, 276, 185, 0, 7.75%, 0, 0, 3, 1841.68, 18223348, 377
3371, 1, 269, 276, 185, 0, 7.75%, 0, 0, 3, 1881.02, 18232757, 377
3376, 1, 269, 276, 185, 0, 7.75%, 0, 0, 3, 1801.88, 18241625, 377
3381, 1, 269, 276, 185, 0, 7.75%, 0, 0, 3, 1849.41, 18250816, 377
3386, 1, 269, 276, 185, 0, 7.75%, 0, 0, 3, 1795.81, 18260032, 377
3391, 1, 269, 276, 185, 0, 7.75%, 0, 0, 3, 1802.89, 18268855, 377
3396, 1, 269, 276, 185, 0, 7.75%, 0, 0, 3, 1806.27, 18277710, 377
3402, 1, 269, 276, 185, 0, 7.75%, 0, 0, 3, 1826.95, 18287176, 377
3407, 1, 269, 276, 185, 0, 7.75%, 0, 0, 3, 1753.38, 18296015, 377
3412, 1, 269, 276, 185, 0, 7.75%, 0, 0, 3, 1822.66, 18305212, 377
3417, 1, 269, 276, 185, 0, 7.75%, 0, 0, 3, 1777.47, 18313970, 377
3422, 1, 269, 276, 185, 0, 7.75%, 0, 0, 3, 1784.94, 18322965, 377
3427, 1, 269, 276, 185, 0, 7.75%, 0, 0, 3, 1720.32, 18331532, 377
3432, 1, 269, 276, 185, 0, 7.75%, 0, 0, 3, 1785.82, 18340430, 377
3437, 1, 269, 276, 185, 0, 7.75%, 0, 0, 3, 1734.01, 18349552, 377
3442, 1, 269, 276, 185, 0, 7.75%, 0, 0, 3, 1819.56, 18358744, 377
3447, 1, 269, 276, 185, 0, 7.75%, 0, 0, 3, 1775.71, 18367493, 377
3452, 1, 269, 276, 185, 0, 7.75%, 0, 0, 3, 1841.02, 18376834, 377
3457, 1, 269, 276, 185, 0, 7.75%, 0, 0, 3, 1831.24, 18386158, 377
3462, 1, 269, 276, 185, 0, 7.75%, 0, 0, 3, 1785.26, 18395003, 377
3467, 1, 269, 276, 185, 0, 7.75%, 0, 0, 3, 1925.64, 18404543, 377
3472, 1, 269, 276, 185, 0, 7.75%, 0, 0, 3, 1989.42, 18414782, 377
3477, 1, 269, 276, 185, 0, 7.75%, 0, 0, 3, 1975.10, 18424766, 377
3482, 1, 269, 276, 185, 0, 7.75%, 0, 0, 3, 1994.45, 18434824, 377
3487, 1, 269, 276, 185, 0, 7.75%, 0, 0, 3, 1930.53, 18444438, 377
3492, 1, 269, 276, 185, 0, 7.75%, 0, 0, 3, 1897.05, 18453975, 377
3498, 1, 269, 276, 185, 0, 7.75%, 0, 0, 3, 1910.22, 18463854, 377
3503, 1, 269, 276, 185, 0, 7.75%, 0, 0, 3, 1927.29, 18473546, 377
3508, 1, 269, 276, 185, 0, 7.75%, 0, 0, 3, 1882.16, 18483205, 377
3513, 1, 269, 276, 185, 0, 7.75%, 0, 0, 3, 1843.73, 18492529, 377
3518, 1, 269, 276, 185, 0, 7.75%, 0, 0, 3, 1810.30, 18501560, 377
3523, 1, 269, 276, 185, 0, 7.75%, 0, 0, 3, 1760.89, 18510439, 377
3528, 1, 269, 276, 185, 0, 7.75%, 0, 0, 3, 1804.74, 18519524, 377
3533, 1, 269, 276, 185, 0, 7.75%, 0, 0, 3, 1846.03, 18528698, 377
3538, 1, 269, 276, 185, 0, 7.75%, 0, 0, 3, 2085.43, 18539739, 377
3543, 1, 269, 276, 185, 0, 7.75%, 0, 0, 3, 2027.89, 18550210, 377
3548, 1, 269, 276, 185, 0, 7.75%, 0, 0, 3, 2035.04, 18560570, 377
3553, 1, 269, 276, 185, 0, 7.75%, 0, 0, 3, 1927.41, 18570102, 377
3558, 1, 269, 276, 185, 0, 7.75%, 0, 0, 3, 2039.53, 18580650, 377
3564, 1, 269, 276, 185, 0, 7.75%, 0, 0, 3, 2136.50, 18591567, 377
3569, 1, 269, 276, 185, 0, 7.75%, 0, 0, 3, 1646.68, 18599818, 377
3574, 1, 269, 276, 185, 0, 7.75%, 0, 0, 3, 1710.46, 18607991, 377
3579, 1, 269, 276, 185, 0, 7.75%, 0, 0, 3, 1567.80, 18616042, 377
3584, 1, 269, 276, 185, 0, 7.75%, 0, 0, 3, 1758.53, 18624880, 377
3589, 1, 269, 276, 185, 0, 7.75%, 0, 0, 3, 1819.59, 18634106, 377
3594, 1, 269, 276, 185, 0, 7.75%, 0, 0, 3, 1880.13, 18643614, 377
3599, 1, 269, 276, 185, 0, 7.75%, 0, 0, 3, 1749.19, 18652425, 377
3600, 1, 270, 276, 185, 0, 7.75%, 0, 0, 3, 1745.66, 18653475, 377
