# relative_time, cycles_done, cur_item, corpus_count, pending_total, pending_favs, map_size, saved_crashes, saved_hangs, max_depth, execs_per_sec, total_execs, edges_found
61, 0, 62, 129, 121, 20, 7.73%, 0, 0, 5, 18404.67, 1248253, 376
66, 0, 35, 132, 123, 19, 7.73%, 0, 0, 5, 18870.43, 1344252, 376
71, 0, 43, 132, 122, 18, 7.73%, 0, 0, 5, 23073.16, 1469165, 376
76, 0, 10, 132, 121, 17, 7.73%, 0, 0, 5, 22519.28, 1579447, 376
81, 0, 31, 132, 120, 16, 7.73%, 0, 0, 5, 23074.92, 1699750, 376
86, 0, 123, 132, 119, 15, 7.73%, 0, 0, 5, 22011.68, 1807853, 376
91, 0, 15, 132, 118, 14, 7.73%, 0, 0, 5, 26926.94, 1951205, 376
96, 0, 105, 134, 118, 13, 7.75%, 0, 0, 6, 23819.97, 2056113, 377
101, 0, 19, 136, 118, 12, 7.75%, 0, 0, 6, 21340.88, 2158599, 377
106, 0, 80, 136, 116, 10, 7.75%, 0, 0, 6, 18653.78, 2249768, 377
111, 0, 80, 136, 116, 10, 7.75%, 0, 0, 6, 21470.27, 2367115, 377
117, 0, 36, 138, 117, 9, 7.75%, 0, 0, 6, 20694.23, 2466239, 377
122, 0, 36, 138, 117, 9, 7.75%, 0, 0, 6, 22476.41, 2578326, 377
127, 0, 0, 138, 115, 7, 7.75%, 0, 0, 6, 20432.62, 2681714, 377
132, 0, 37, 138, 114, 6, 7.75%, 0, 0, 6, 25690.92, 2820855, 377
137, 0, 78, 138, 112, 5, 7.75%, 0, 0, 6, 26111.10, 2952615, 377
142, 0, 78, 146, 120, 5, 7.75%, 0, 0, 6, 17762.23, 3031499, 377
147, 0, 133, 147, 120, 5, 7.75%, 0, 0, 6, 18480.16, 3113602, 377
153, 0, 133, 147, 120, 5, 7.75%, 0, 0, 6, 21536.59, 3219359, 377
158, 0, 71, 147, 118, 3, 7.75%, 0, 0, 6, 23286.25, 3343665, 377
163, 0, 9, 150, 119, 2, 7.75%, 0, 0, 6, 27191.84, 3498936, 377
168, 0, 116, 152, 120, 1, 7.75%, 0, 0, 6, 26389.03, 3634312, 377
173, 0, 0, 154, 117, 0, 7.75%, 0, 0, 6, 22454.39, 3740818, 377
178, 0, 10, 154, 117, 0, 7.75%, 0, 0, 6, 23952.00, 3862468, 377
183, 0, 0, 154, 117, 0, 7.75%, 0, 0, 6, 24602.09, 3985594, 377
188, 0, 104, 154, 117, 0, 7.75%, 0, 0, 6, 27461.61, 4134451, 377
194, 0, 134, 154, 116, 0, 7.75%, 0, 0, 6, 22014.48, 4244896, 377
199, 0, 0, 154, 116, 0, 7.75%, 0, 0, 6, 28113.47, 4383350, 377
204, 0, 22, 154, 116, 0, 7.75%, 0, 0, 6, 25992.07, 4516428, 377
209, 0, 0, 154, 115, 0, 7.75%, 0, 0, 6, 24961.45, 4638556, 377
214, 0, 0, 154, 115, 0, 7.75%, 0, 0, 6, 23696.25, 4770270, 377
219, 0, 15, 154, 114, 0, 7.75%, 0, 0, 6, 24054.67, 4887535, 377
224, 0, 0, 154, 114, 0, 7.75%, 0, 0, 6, 20514.44, 4980910, 377
229, 0, 69, 156, 115, 0, 7.77%, 0, 0, 6, 23249.98, 5108129, 378
234, 0, 0, 157, 115, 0, 7.77%, 0, 0, 6, 21643.57, 5211033, 378
239, 0, 0, 157, 115, 0, 7.77%, 0, 0, 6, 24534.02, 5340328, 378
244, 1, 0, 157, 112, 0, 7.77%, 0, 0, 6, 20649.41, 5447445, 378
250, 1, 142, 160, 110, 0, 7.77%, 0, 0, 6, 15763.24, 5528195, 378
255, 1, 97, 162, 111, 0, 7.77%, 0, 0, 6, 16242.34, 5602767, 378
260, 1, 0, 162, 109, 0, 7.77%, 0, 0, 6, 23833.74, 5737761, 378
265, 1, 159, 169, 116, 0, 7.77%, 0, 0, 6, 17556.54, 5830092, 378
270, 1, 159, 171, 118, 0, 7.77%, 0, 0, 6, 13300.09, 5895118, 378
275, 1, 159, 171, 118, 0, 7.77%, 0, 0, 6, 12760.60, 5958106, 378
280, 1, 59, 172, 114, 0, 7.77%, 0, 0, 6, 17906.42, 6056129, 378
285, 1, 134, 174, 113, 0, 7.77%, 0, 0, 6, 13537.79, 6117874, 378
290, 1, 56, 175, 110, 0, 7.77%, 0, 0, 6, 16917.57, 6212079, 378
295, 1, 0, 175, 107, 0, 7.77%, 0, 0, 6, 16577.46, 6300514, 378
300, 1, 63, 175, 106, 0, 7.77%, 0, 0, 6, 19385.36, 6397123, 378
306, 1, 63, 175, 106, 0, 7.77%, 0, 0, 6, 21815.13, 6511778, 378
311, 1, 17, 175, 105, 1, 7.77%, 0, 0, 6, 24549.49, 6640631, 378
316, 1, 21, 176, 101, 0, 7.77%, 0, 0, 6, 19668.47, 6742166, 378
321, 1, 168, 187, 111, 0, 7.77%, 0, 0, 7, 12348.43, 6796941, 378
326, 1, 168, 187, 111, 0, 7.77%, 0, 0, 7, 9299.15, 6839889, 378
331, 1, 168, 187, 111, 0, 7.77%, 0, 0, 7, 9397.04, 6888242, 378
336, 1, 168, 188, 112, 0, 7.77%, 0, 0, 7, 9363.50, 6935200, 378
341, 1, 168, 188, 112, 0, 7.77%, 0, 0, 7, 9774.58, 6983559, 378
346, 1, 168, 188, 112, 0, 7.77%, 0, 0, 7, 11430.50, 7038029, 378
351, 1, 76, 189, 111, 0, 7.77%, 0, 0, 8, 14026.27, 7126592, 378
357, 1, 13, 189, 109, 0, 7.77%, 0, 0, 8, 22902.19, 7244128, 378
362, 1, 149, 191, 108, 0, 7.77%, 0, 0, 8, 7658.76, 7290281, 378
367, 1, 0, 191, 105, 0, 7.77%, 0, 0, 8, 16151.68, 7385259, 378
372, 1, 152, 193, 103, 0, 7.77%, 0, 0, 8, 17833.16, 7488094, 378
377, 1, 143, 193, 98, 0, 7.77%, 0, 0, 8, 16178.01, 7566498, 378
382, 1, 0, 193, 96, 0, 7.77%, 0, 0, 8, 16250.87, 7644393, 378
387, 1, 0, 193, 91, 0, 7.77%, 0, 0, 8, 18248.33, 7728603, 378
392, 1, 47, 193, 90, 0, 7.77%, 0, 0, 8, 19060.27, 7816229, 378
397, 1, 104, 193, 89, 0, 7.77%, 0, 0, 8, 27443.85, 7961377, 378
402, 1, 0, 193, 87, 0, 7.77%, 0, 0, 8, 18510.62, 8051764, 378
407, 1, 191, 195, 85, 0, 7.77%, 0, 0, 8, 16985.99, 8133998, 378
412, 1, 15, 195, 83, 0, 7.77%, 0, 0, 8, 17781.04, 8223594, 378
418, 2, 104, 235, 122, 0, 7.77%, 0, 0, 8, 19264.87, 8312351, 378
423, 2, 134, 235, 121, 0, 7.77%, 0, 0, 8, 21952.75, 8424190, 378
428, 2, 5, 235, 120, 0, 7.77%, 0, 0, 8, 29500.49, 8582436, 378
433, 2, 13, 235, 117, 0, 7.77%, 0, 0, 8, 20860.27, 8688231, 378
438, 2, 61, 235, 114, 0, 7.77%, 0, 0, 8, 16842.54, 8771527, 378
443, 2, 227, 236, 114, 0, 7.77%, 0, 0, 8, 9719.16, 8812113, 378
448, 2, 180, 236, 110, 0, 7.77%, 0, 0, 8, 8951.10, 8865993, 378
453, 2, 235, 236, 106, 0, 7.77%, 0, 0, 8, 9703.80, 8919594, 378
459, 2, 235, 237, 107, 0, 7.77%, 0, 0, 8, 7586.28, 8955121, 378
464, 2, 57, 240, 108, 0, 7.77%, 0, 0, 8, 21834.94, 9070409, 378
469, 2, 231, 240, 106, 0, 7.77%, 0, 0, 8, 4938.61, 9148968, 378
474, 2, 43, 240, 104, 0, 7.77%, 0, 0, 8, 26930.10, 9249256, 378
479, 2, 0, 240, 102, 0, 7.77%, 0, 0, 8, 17607.30, 9327540, 378
484, 2, 37, 240, 100, 0, 7.77%, 0, 0, 8, 12132.34, 9381170, 378
489, 2, 230, 240, 98, 0, 7.77%, 0, 0, 8, 14507.16, 9461203, 378
494, 2, 0, 240, 95, 0, 7.77%, 0, 0, 8, 14283.18, 9522385, 378
499, 2, 134, 240, 93, 0, 7.77%, 0, 0, 8, 19121.58, 9609703, 378
504, 2, 134, 240, 88, 0, 7.77%, 0, 0, 8, 4718.13, 9690373, 378
509, 2, 232, 240, 86, 0, 7.77%, 0, 0, 8, 6226.27, 9745698, 378
514, 2, 20, 240, 83, 0, 7.77%, 0, 0, 8, 27645.50, 9870667, 378
520, 2, 104, 240, 82, 0, 7.77%, 0, 0, 8, 34000.76, 10055872, 378
525, 2, 224, 242, 83, 0, 7.77%, 0, 0, 8, 19787.63, 10139356, 378
530, 2, 0, 242, 80, 0, 7.77%, 0, 0, 8, 23011.86, 10256662, 378
535, 2, 211, 242, 77, 0, 7.77%, 0, 0, 8, 23478.65, 10396700, 378
540, 2, 134, 242, 75, 0, 7.77%, 0, 0, 8, 16452.97, 10465001, 378
545, 2, 0, 242, 73, 0, 7.77%, 0, 0, 8, 20311.78, 10587372, 378
551, 2, 0, 242, 67, 0, 7.77%, 0, 0, 8, 23300.57, 10708217, 378
556, 2, 225, 243, 68, 0, 7.77%, 0, 0, 8, 5883.94, 10759508, 378
561, 2, 210, 243, 67, 0, 7.77%, 0, 0, 8, 16116.04, 10850479, 378
566, 2, 104, 243, 60, 0, 7.77%, 0, 0, 8, 20599.05, 10978617, 378
571, 2, 0, 243, 60, 0, 7.77%, 0, 0, 8, 27753.99, 11116263, 378
576, 2, 0, 243, 57, 0, 7.77%, 0, 0, 8, 27480.46, 11236399, 378
581, 3, 4, 251, 62, 0, 7.77%, 0, 0, 8, 29479.82, 11354843, 378
586, 3, 0, 251, 61, 0, 7.77%, 0, 0, 8, 27235.37, 11494226, 378
591, 3, 0, 251, 61, 0, 7.77%, 0, 0, 8, 30914.27, 11653391, 378
596, 3, 134, 251, 60, 0, 7.77%, 0, 0, 8, 23589.04, 11750248, 378
602, 3, 0, 251, 59, 0, 7.77%, 0, 0, 8, 43292.96, 11811715, 378
607, 3, 0, 251, 59, 0, 7.77%, 0, 0, 8, 33525.30, 11964615, 378
612, 3, 0, 251, 59, 0, 7.77%, 0, 0, 8, 31249.91, 12124015, 378
617, 3, 159, 251, 58, 0, 7.77%, 0, 0, 8, 9480.28, 12195074, 378
622, 3, 176, 251, 58, 0, 7.77%, 0, 0, 8, 19568.84, 12305589, 378
627, 3, 0, 251, 58, 0, 7.77%, 0, 0, 8, 23165.35, 12409506, 378
632, 3, 0, 251, 58, 0, 7.77%, 0, 0, 8, 17823.93, 12485036, 378
637, 3, 133, 251, 56, 0, 7.77%, 0, 0, 8, 15122.35, 12558139, 378
642, 3, 242, 251, 55, 0, 7.77%, 0, 0, 8, 8613.02, 12596366, 378
647, 3, 203, 251, 54, 0, 7.77%, 0, 0, 8, 13053.93, 12666617, 378
652, 3, 104, 251, 52, 0, 7.77%, 0, 0, 8, 16963.32, 12744642, 378
657, 3, 188, 251, 52, 0, 7.77%, 0, 0, 8, 16564.23, 12838122, 378
663, 3, 216, 251, 51, 0, 7.77%, 0, 0, 8, 25725.89, 12978905, 378
668, 3, 0, 251, 48, 0, 7.77%, 0, 0, 8, 18312.61, 13050800, 378
673, 3, 104, 251, 46, 0, 7.77%, 0, 0, 8, 14309.82, 13116451, 378
678, 3, 0, 251, 42, 0, 7.77%, 0, 0, 8, 18562.05, 13209435, 378
683, 3, 0, 251, 42, 0, 7.77%, 0, 0, 8, 26161.08, 13345443, 378
688, 3, 0, 251, 41, 0, 7.77%, 0, 0, 8, 26881.74, 13488665, 378
693, 3, 250, 252, 42, 0, 7.77%, 0, 0, 8, 4983.43, 13550927, 378
698, 3, 246, 252, 41, 0, 7.77%, 0, 0, 8, 6996.29, 13590522, 378
703, 3, 180, 252, 40, 0, 7.77%, 0, 0, 8, 9321.75, 13637818, 378
708, 3, 251, 252, 40, 0, 7.77%, 0, 0, 8, 7822.80, 13675683, 378
714, 3, 7, 252, 37, 0, 7.77%, 0, 0, 8, 20270.54, 13799851, 378
719, 3, 0, 252, 35, 0, 7.77%, 0, 0, 8, 18110.30, 13900750, 378
724, 3, 0, 252, 33, 0, 7.77%, 0, 0, 8, 24268.46, 14025454, 378
729, 3, 88, 252, 32, 0, 7.77%, 0, 0, 8, 22206.77, 14125099, 378
734, 4, 104, 252, 31, 0, 7.77%, 0, 0, 8, 20658.90, 14232675, 378
739, 4, 180, 252, 31, 0, 7.77%, 0, 0, 8, 24902.28, 14379639, 378
744, 4, 104, 252, 30, 0, 7.77%, 0, 0, 8, 7362.42, 14423679, 378
749, 4, 89, 252, 29, 0, 7.77%, 0, 0, 8, 18473.23, 14546651, 378
754, 4, 200, 252, 29, 0, 7.77%, 0, 0, 8, 20091.37, 14663724, 378
759, 4, 177, 252, 28, 0, 7.77%, 0, 0, 8, 24889.22, 14797679, 378
765, 4, 0, 252, 27, 0, 7.77%, 0, 0, 8, 26115.64, 14927245, 378
770, 4, 229, 252, 26, 0, 7.77%, 0, 0, 8, 21495.47, 15037357, 378
775, 4, 236, 252, 25, 0, 7.77%, 0, 0, 8, 16343.70, 15112101, 378
780, 4, 243, 252, 24, 0, 7.77%, 0, 0, 8, 16976.61, 15187122, 378
785, 4, 234, 252, 21, 0, 7.77%, 0, 0, 8, 4144.84, 15263663, 378
790, 4, 0, 252, 20, 0, 7.77%, 0, 0, 8, 28422.12, 15376535, 378
795, 4, 7, 253, 20, 0, 7.77%, 0, 0, 8, 23912.95, 15486045, 378
800, 4, 7, 253, 19, 0, 7.77%, 0, 0, 8, 32577.19, 15563247, 378
806, 4, 0, 253, 19, 0, 7.77%, 0, 0, 8, 26267.05, 15685644, 378
811, 4, 0, 253, 16, 0, 7.77%, 0, 0, 8, 11672.23, 15765864, 378
816, 4, 0, 253, 15, 0, 7.77%, 0, 0, 8, 17438.19, 15852014, 378
821, 4, 0, 253, 14, 0, 7.77%, 0, 0, 8, 13347.48, 15941669, 378
826, 4, 208, 253, 14, 0, 7.77%, 0, 0, 8, 21648.90, 16051442, 378
831, 4, 10, 253, 14, 0, 7.77%, 0, 0, 8, 28760.45, 16214888, 378
836, 4, 7, 253, 14, 0, 7.77%, 0, 0, 8, 28197.40, 16347362, 378
841, 4, 185, 253, 14, 0, 7.77%, 0, 0, 8, 19948.62, 16439381, 378
846, 4, 146, 253, 13, 0, 7.77%, 0, 0, 8, 18406.91, 16528517, 378
852, 4, 32, 253, 13, 0, 7.77%, 0, 0, 8, 24346.69, 16662006, 378
857, 5, 133, 254, 13, 0, 7.77%, 0, 0, 8, 22532.01, 16786056, 378
862, 5, 253, 254, 13, 0, 7.77%, 0, 0, 8, 2395.89, 16930127, 378
867, 5, 253, 254, 13, 0, 7.77%, 0, 0, 8, 5874.42, 16964169, 378
872, 5, 0, 254, 12, 0, 7.77%, 0, 0, 8, 32315.18, 17075223, 378
877, 5, 63, 254, 12, 0, 7.77%, 0, 0, 8, 29444.39, 17206398, 378
882, 5, 193, 254, 12, 0, 7.77%, 0, 0, 8, 24706.20, 17324999, 378
887, 5, 0, 254, 12, 0, 7.77%, 0, 0, 8, 26704.63, 17464442, 378
893, 5, 221, 254, 12, 0, 7.77%, 0, 0, 8, 18598.77, 17560729, 378
898, 5, 158, 254, 11, 0, 7.77%, 0, 0, 8, 20106.79, 17665296, 378
903, 5, 104, 254, 11, 0, 7.77%, 0, 0, 8, 25794.71, 17793587, 378
908, 5, 160, 254, 8, 0, 7.77%, 0, 0, 8, 21059.65, 17899189, 378
913, 5, 0, 254, 8, 0, 7.77%, 0, 0, 8, 25467.86, 18048510, 378
918, 5, 10, 254, 8, 0, 7.77%, 0, 0, 8, 26827.78, 18181906, 378
923, 5, 0, 254, 7, 0, 7.77%, 0, 0, 8, 22883.15, 18297464, 378
928, 5, 0, 254, 6, 0, 7.77%, 0, 0, 8, 21580.72, 18413405, 378
933, 5, 104, 254, 6, 0, 7.77%, 0, 0, 8, 22989.45, 18524111, 378
938, 5, 108, 254, 5, 0, 7.77%, 0, 0, 8, 17566.86, 18619755, 378
943, 5, 244, 254, 5, 0, 7.77%, 0, 0, 8, 17574.20, 18729510, 378
948, 5, 230, 254, 5, 0, 7.77%, 0, 0, 8, 11332.53, 18776456, 378
953, 5, 134, 254, 5, 0, 7.77%, 0, 0, 8, 26016.30, 18908968, 378
959, 5, 0, 254, 5, 0, 7.77%, 0, 0, 8, 19922.17, 19007373, 378
964, 5, 35, 254, 4, 0, 7.77%, 0, 0, 8, 25041.15, 19142464, 378
969, 5, 36, 254, 4, 0, 7.77%, 0, 0, 8, 28064.37, 19280545, 378
974, 6, 145, 254, 4, 0, 7.77%, 0, 0, 8, 26752.16, 19418985, 378
979, 6, 109, 254, 4, 0, 7.77%, 0, 0, 8, 21186.25, 19523759, 378
984, 6, 135, 254, 4, 0, 7.77%, 0, 0, 8, 26645.10, 19678606, 378
989, 6, 7, 254, 4, 0, 7.77%, 0, 0, 8, 22203.10, 19779001, 378
994, 6, 32, 254, 3, 0, 7.77%, 0, 0, 8, 23770.16, 19908397, 378
999, 6, 0, 254, 3, 0, 7.77%, 0, 0, 8, 25420.40, 20043373, 378
1004, 6, 246, 254, 3, 0, 7.77%, 0, 0, 8, 23054.16, 20173612, 378
1010, 6, 187, 254, 3, 0, 7.77%, 0, 0, 8, 25503.65, 20296593, 378
1015, 6, 123, 254, 3, 0, 7.77%, 0, 0, 8, 21622.58, 20386078, 378
1020, 6, 225, 254, 3, 0, 7.77%, 0, 0, 8, 24825.52, 20529212, 378
1025, 6, 210, 254, 3, 0, 7.77%, 0, 0, 8, 21124.38, 20620698, 378
1030, 6, 104, 254, 3, 0, 7.77%, 0, 0, 8, 22753.57, 20730396, 378
1035, 6, 0, 254, 3, 0, 7.77%, 0, 0, 8, 14826.50, 20852374, 378
1041, 6, 134, 254, 3, 0, 7.77%, 0, 0, 8, 29640.64, 21023235, 378
1046, 6, 178, 254, 3, 0, 7.77%, 0, 0, 8, 25798.00, 21160199, 378
1051, 6, 37, 254, 3, 0, 7.77%, 0, 0, 8, 27960.28, 21292930, 378
1056, 6, 183, 254, 3, 0, 7.77%, 0, 0, 8, 23435.07, 21384760, 378
1061, 6, 220, 254, 3, 0, 7.77%, 0, 0, 8, 27710.24, 21526301, 378
1066, 6, 7, 254, 3, 0, 7.77%, 0, 0, 8, 14209.51, 21597273, 378
1071, 6, 252, 254, 3, 0, 7.77%, 0, 0, 8, 14299.17, 21676116, 378
1076, 7, 0, 254, 2, 0, 7.77%, 0, 0, 8, 17775.63, 21748355, 378
1082, 7, 54, 254, 2, 0, 7.77%, 0, 0, 8, 20651.48, 21846669, 378
1087, 7, 104, 254, 2, 0, 7.77%, 0, 0, 8, 25841.21, 21971486, 378
1092, 7, 0, 254, 2, 0, 7.77%, 0, 0, 8, 27837.82, 22114028, 378
1097, 7, 133, 254, 2, 0, 7.77%, 0, 0, 8, 27337.83, 22245701, 378
1102, 7, 152, 254, 2, 0, 7.77%, 0, 0, 8, 27429.71, 22358216, 378
1107, 7, 134, 254, 2, 0, 7.77%, 0, 0, 8, 27448.93, 22506763, 378
1112, 7, 13, 254, 2, 0, 7.77%, 0, 0, 8, 32034.87, 22674421, 378
1117, 7, 128, 254, 2, 0, 7.77%, 0, 0, 8, 27315.09, 22783436, 378
1122, 7, 0, 254, 1, 0, 7.77%, 0, 0, 8, 26121.97, 22901841, 378
1127, 7, 104, 254, 1, 0, 7.77%, 0, 0, 8, 22878.45, 23020578, 378
1132, 7, 232, 254, 1, 0, 7.77%, 0, 0, 8, 20219.53, 23138201, 378
1138, 7, 0, 254, 1, 0, 7.77%, 0, 0, 8, 30216.88, 23295396, 378
1143, 7, 0, 254, 1, 0, 7.77%, 0, 0, 8, 30424.31, 23436991, 378
1148, 7, 0, 254, 1, 0, 7.77%, 0, 0, 8, 28519.49, 23566373, 378
1153, 7, 56, 254, 1, 0, 7.77%, 0, 0, 8, 28625.42, 23701273, 378
1158, 7, 135, 254, 1, 0, 7.77%, 0, 0, 8, 29228.85, 23831007, 378
1163, 7, 177, 254, 1, 0, 7.77%, 0, 0, 8, 6106.47, 23913408, 378
1168, 7, 177, 254, 1, 0, 7.77%, 0, 0, 8, 7144.99, 23951721, 378
1173, 7, 177, 254, 1, 0, 7.77%, 0, 0, 8, 7379.52, 23990581, 378
1178, 7, 177, 254, 1, 0, 7.77%, 0, 0, 8, 7485.27, 24028164, 378
1183, 7, 177, 254, 1, 0, 7.77%, 0, 0, 8, 7519.38, 24067779, 378
1189, 7, 177, 254, 1, 0, 7.77%, 0, 0, 8, 7634.79, 24105947, 378
1194, 7, 177, 254, 1, 0, 7.77%, 0, 0, 8, 7543.09, 24144969, 378
1199, 7, 177, 254, 1, 0, 7.77%, 0, 0, 8, 7377.55, 24181837, 378
1204, 8, 19, 254, 1, 0, 7.77%, 0, 0, 8, 12618.25, 24239386, 378
1209, 8, 151, 254, 1, 0, 7.77%, 0, 0, 8, 24908.07, 24387922, 378
1214, 8, 151, 254, 1, 0, 7.77%, 0, 0, 8, 26337.58, 24525717, 378
1219, 8, 157, 254, 1, 0, 7.77%, 0, 0, 8, 27160.97, 24669168, 378
1224, 8, 157, 254, 1, 0, 7.77%, 0, 0, 8, 17206.67, 24736150, 378
1230, 8, 157, 254, 1, 0, 7.77%, 0, 0, 8, 14656.87, 24806555, 378
1235, 8, 157, 254, 1, 0, 7.77%, 0, 0, 8, 13308.87, 24873443, 378
1240, 8, 157, 254, 1, 0, 7.77%, 0, 0, 8, 13101.69, 24940361, 378
1245, 8, 157, 254, 1, 0, 7.77%, 0, 0, 8, 12884.10, 25007327, 378
1250, 8, 20, 254, 1, 0, 7.77%, 0, 0, 8, 17245.80, 25085536, 378
1255, 8, 185, 254, 1, 0, 7.77%, 0, 0, 8, 5476.59, 25235930, 378
1260, 8, 185, 254, 1, 0, 7.77%, 0, 0, 8, 5915.67, 25267042, 378
1266, 8, 185, 254, 1, 0, 7.77%, 0, 0, 8, 5982.09, 25297523, 378
1271, 8, 185, 254, 1, 0, 7.77%, 0, 0, 8, 6258.62, 25330952, 378
1276, 8, 185, 254, 1, 0, 7.77%, 0, 0, 8, 6242.46, 25362878, 378
1281, 8, 185, 254, 1, 0, 7.77%, 0, 0, 8, 6323.94, 25394944, 378
1286, 8, 185, 254, 1, 0, 7.77%, 0, 0, 8, 6235.86, 25426701, 378
1291, 8, 185, 254, 1, 0, 7.77%, 0, 0, 8, 6383.70, 25458909, 378
1296, 8, 185, 254, 1, 0, 7.77%, 0, 0, 8, 6199.13, 25490387, 378
1301, 8, 185, 254, 1, 0, 7.77%, 0, 0, 8, 6372.09, 25522514, 378
1306, 8, 185, 254, 1, 0, 7.77%, 0, 0, 8, 6389.75, 25555348, 378
1312, 8, 185, 254, 1, 0, 7.77%, 0, 0, 8, 6362.85, 25587723, 378
1317, 8, 185, 254, 1, 0, 7.77%, 0, 0, 8, 6258.82, 25619626, 378
1322, 8, 185, 254, 1, 0, 7.77%, 0, 0, 8, 5802.21, 25648579, 378
1327, 8, 116, 254, 1, 0, 7.77%, 0, 0, 8, 13338.22, 25710329, 378
1332, 8, 130, 254, 1, 0, 7.77%, 0, 0, 8, 31229.54, 25901746, 378
1337, 8, 189, 254, 1, 0, 7.77%, 0, 0, 8, 28564.27, 26053984, 378
1342, 8, 189, 254, 1, 0, 7.77%, 0, 0, 8, 23651.42, 26165929, 378
1347, 8, 189, 254, 1, 0, 7.77%, 0, 0, 8, 22036.30, 26272922, 378
1352, 8, 189, 254, 1, 0, 7.77%, 0, 0, 8, 21979.83, 26386412, 378
1358, 8, 189, 254, 1, 0, 7.77%, 0, 0, 8, 21423.78, 26491693, 378
1363, 8, 239, 254, 1, 0, 7.77%, 0, 0, 8, 19027.14, 26591516, 378
1368, 8, 239, 254, 1, 0, 7.77%, 0, 0, 8, 14330.51, 26654361, 378
1373, 8, 239, 254, 1, 0, 7.77%, 0, 0, 8, 13620.95, 26721102, 378
1378, 8, 239, 254, 1, 0, 7.77%, 0, 0, 8, 12590.21, 26784054, 378
1383, 8, 239, 254, 1, 0, 7.77%, 0, 0, 8, 12866.74, 26850611, 378
1388, 8, 239, 254, 1, 0, 7.77%, 0, 0, 8, 12599.05, 26914780, 378
1393, 8, 239, 254, 1, 0, 7.77%, 0, 0, 8, 12669.24, 26978952, 378
1398, 8, 239, 254, 1, 0, 7.77%, 0, 0, 8, 12631.56, 27044225, 378
1404, 8, 164, 254, 1, 0, 7.77%, 0, 0, 8, 10205.73, 27096048, 378
1409, 8, 164, 254, 1, 0, 7.77%, 0, 0, 8, 9191.18, 27140923, 378
1414, 8, 164, 254, 1, 0, 7.77%, 0, 0, 8, 7109.22, 27176165, 378
1419, 8, 164, 254, 1, 0, 7.77%, 0, 0, 8, 6777.43, 27208913, 378
1424, 8, 164, 254, 1, 0, 7.77%, 0, 0, 8, 7209.33, 27245477, 378
1430, 8, 164, 254, 1, 0, 7.77%, 0, 0, 8, 8073.71, 27288827, 378
1435, 8, 164, 254, 1, 0, 7.77%, 0, 0, 8, 8044.45, 27331362, 378
1440, 8, 164, 254, 1, 0, 7.77%, 0, 0, 8, 7950.28, 27372426, 378
1445, 8, 164, 254, 1, 0, 7.77%, 0, 0, 8, 8109.79, 27414919, 378
1450, 8, 164, 254, 1, 0, 7.77%, 0, 0, 8, 8384.07, 27458268, 378
1455, 8, 164, 254, 1, 0, 7.77%, 0, 0, 8, 8352.00, 27500984, 378
1460, 8, 164, 254, 1, 0, 7.77%, 0, 0, 8, 8368.46, 27544371, 378
1465, 8, 216, 254, 1, 0, 7.77%, 0, 0, 8, 6921.99, 27584043, 378
1471, 8, 216, 254, 1, 0, 7.77%, 0, 0, 8, 5165.83, 27607321, 378
1476, 8, 216, 254, 1, 0, 7.77%, 0, 0, 8, 4668.50, 27630318, 378
1481, 8, 216, 254, 1, 0, 7.77%, 0, 0, 8, 4654.05, 27653873, 378
1486, 8, 216, 254, 1, 0, 7.77%, 0, 0, 8, 4594.08, 27676884, 378
1491, 8, 216, 254, 1, 0, 7.77%, 0, 0, 8, 4598.04, 27700539, 378
1496, 8, 216, 254, 1, 0, 7.77%, 0, 0, 8, 4467.96, 27723855, 378
1501, 8, 216, 254, 1, 0, 7.77%, 0, 0, 8, 4618.31, 27747826, 378
1506, 8, 216, 254, 1, 0, 7.77%, 0, 0, 8, 4668.92, 27771314, 378
1511, 8, 216, 254, 1, 0, 7.77%, 0, 0, 8, 4659.80, 27795854, 378
1517, 8, 216, 254, 1, 0, 7.77%, 0, 0, 8, 4689.70, 27820306, 378
1522, 8, 216, 254, 1, 0, 7.77%, 0, 0, 8, 4753.45, 27845071, 378
1527, 8, 216, 254, 1, 0, 7.77%, 0, 0, 8, 4535.19, 27867587, 378
1532, 8, 216, 254, 1, 0, 7.77%, 0, 0, 8, 4565.91, 27890783, 378
1537, 8, 216, 254, 1, 0, 7.77%, 0, 0, 8, 4585.73, 27914724, 378
1542, 8, 216, 254, 1, 0, 7.77%, 0, 0, 8, 4650.24, 27938288, 378
1548, 8, 216, 254, 1, 0, 7.77%, 0, 0, 8, 4440.72, 27961030, 378
1553, 8, 216, 254, 1, 0, 7.77%, 0, 0, 8, 4489.62, 27984147, 378
1558, 8, 216, 254, 1, 0, 7.77%, 0, 0, 8, 4471.74, 28006490, 378
1563, 8, 216, 254, 1, 0, 7.77%, 0, 0, 8, 4350.49, 28028567, 378
1568, 8, 216, 254, 1, 0, 7.77%, 0, 0, 8, 4497.49, 28051729, 378
1573, 8, 216, 254, 1, 0, 7.77%, 0, 0, 8, 4299.33, 28073588, 378
1578, 8, 216, 254, 1, 0, 7.77%, 0, 0, 8, 4542.91, 28096867, 378
1583, 8, 216, 254, 1, 0, 7.77%, 0, 0, 8, 4429.58, 28119222, 378
1588, 8, 216, 254, 1, 0, 7.77%, 0, 0, 8, 4663.52, 28142818, 378
1593, 8, 216, 254, 1, 0, 7.77%, 0, 0, 8, 4620.55, 28166070, 378
1599, 8, 216, 254, 1, 0, 7.77%, 0, 0, 8, 4328.02, 28187373, 378
1604, 8, 216, 254, 1, 0, 7.77%, 0, 0, 8, 4523.05, 28211588, 378
1609, 8, 216, 254, 1, 0, 7.77%, 0, 0, 8, 4360.97, 28234230, 378
1614, 8, 216, 254, 1, 0, 7.77%, 0, 0, 8, 4528.96, 28257434, 378
1619, 8, 216, 254, 1, 0, 7.77%, 0, 0, 8, 4389.26, 28279637, 378
1624, 8, 216, 254, 1, 0, 7.77%, 0, 0, 8, 4368.28, 28302358, 378
1629, 8, 216, 254, 1, 0, 7.77%, 0, 0, 8, 4508.63, 28325727, 378
1634, 8, 216, 254, 1, 0, 7.77%, 0, 0, 8, 4440.29, 28348925, 378
1640, 8, 216, 254, 1, 0, 7.77%, 0, 0, 8, 4526.87, 28372884, 378
1645, 8, 216, 254, 1, 0, 7.77%, 0, 0, 8, 4427.98, 28395211, 378
1650, 8, 216, 254, 1, 0, 7.77%, 0, 0, 8, 4452.84, 28418449, 378
1655, 8, 216, 254, 1, 0, 7.77%, 0, 0, 8, 4418.97, 28441409, 378
1660, 8, 216, 254, 1, 0, 7.77%, 0, 0, 8, 4599.58, 28464938, 378
1665, 8, 216, 254, 1, 0, 7.77%, 0, 0, 8, 4401.24, 28487213, 378
1670, 8, 216, 254, 1, 0, 7.77%, 0, 0, 8, 4102.56, 28507900, 378
1675, 8, 216, 254, 1, 0, 7.77%, 0, 0, 8, 3985.09, 28527681, 378
1680, 8, 216, 254, 1, 0, 7.77%, 0, 0, 8, 4036.46, 28548423, 378
1686, 8, 216, 254, 1, 0, 7.77%, 0, 0, 8, 4142.19, 28569823, 378
1691, 8, 216, 254, 1, 0, 7.77%, 0, 0, 8, 4491.58, 28592922, 378
1696, 8, 216, 254, 1, 0, 7.77%, 0, 0, 8, 4138.77, 28613438, 378
1701, 8, 216, 254, 1, 0, 7.77%, 0, 0, 8, 3674.61, 28632341, 378
1706, 8, 216, 254, 1, 0, 7.77%, 0, 0, 8, 3896.13, 28652831, 378
1711, 8, 216, 254, 1, 0, 7.77%, 0, 0, 8, 4297.37, 28676257, 378
1717, 8, 216, 254, 1, 0, 7.77%, 0, 0, 8, 4195.09, 28697492, 378
1722, 8, 216, 254, 1, 0, 7.77%, 0, 0, 8, 3980.68, 28717228, 378
1727, 8, 216, 254, 1, 0, 7.77%, 0, 0, 8, 3850.39, 28735757, 378
1732, 8, 216, 254, 1, 0, 7.77%, 0, 0, 8, 3980.54, 28756940, 378
1737, 8, 216, 254, 1, 0, 7.77%, 0, 0, 8, 3743.08, 28775853, 378
1742, 8, 216, 254, 1, 0, 7.77%, 0, 0, 8, 4158.10, 28797816, 378
1747, 8, 216, 254, 1, 0, 7.77%, 0, 0, 8, 4183.09, 28818705, 378
1752, 8, 216, 254, 1, 0, 7.77%, 0, 0, 8, 4106.10, 28839855, 378
1757, 8, 216, 254, 1, 0, 7.77%, 0, 0, 8, 4326.23, 28862409, 378
1763, 8, 216, 254, 1, 0, 7.77%, 0, 0, 8, 4544.17, 28886094, 378
1768, 8, 216, 254, 1, 0, 7.77%, 0, 0, 8, 4310.03, 28908165, 378
1773, 8, 216, 254, 1, 0, 7.77%, 0, 0, 8, 4546.79, 28931750, 378
1778, 8, 216, 254, 1, 0, 7.77%, 0, 0, 8, 4624.65, 28955605, 378
1783, 8, 216, 254, 1, 0, 7.77%, 0, 0, 8, 4628.97, 28978519, 378
1788, 8, 216, 254, 1, 0, 7.77%, 0, 0, 8, 4533.54, 29002070, 378
1793, 8, 216, 254, 1, 0, 7.77%, 0, 0, 8, 4647.77, 29025835, 378
1798, 8, 216, 254, 1, 0, 7.77%, 0, 0, 8, 4519.27, 29049072, 378
1804, 8, 216, 254, 1, 0, 7.77%, 0, 0, 8, 4331.23, 29071713, 378
1809, 8, 216, 254, 1, 0, 7.77%, 0, 0, 8, 4474.66, 29094949, 378
1814, 8, 216, 254, 1, 0, 7.77%, 0, 0, 8, 4381.00, 29117311, 378
1819, 8, 216, 254, 1, 0, 7.77%, 0, 0, 8, 4503.49, 29139981, 378
1824, 8, 216, 254, 1, 0, 7.77%, 0, 0, 8, 4429.88, 29162892, 378
1829, 8, 216, 254, 1, 0, 7.77%, 0, 0, 8, 4481.32, 29186124, 378
1835, 8, 216, 254, 1, 0, 7.77%, 0, 0, 8, 4372.39, 29208787, 378
1840, 8, 216, 254, 1, 0, 7.77%, 0, 0, 8, 4479.72, 29231493, 378
1845, 8, 216, 254, 1, 0, 7.77%, 0, 0, 8, 4278.55, 29253736, 378
1850, 8, 216, 254, 1, 0, 7.77%, 0, 0, 8, 4539.43, 29276840, 378
1855, 8, 216, 254, 1, 0, 7.77%, 0, 0, 8, 4581.43, 29300225, 378
1860, 8, 216, 254, 1, 0, 7.77%, 0, 0, 8, 4532.85, 29323899, 378
1865, 8, 216, 254, 1, 0, 7.77%, 0, 0, 8, 4469.76, 29347005, 378
1870, 8, 216, 254, 1, 0, 7.77%, 0, 0, 8, 4542.95, 29370794, 378
1876, 8, 216, 254, 1, 0, 7.77%, 0, 0, 8, 4596.84, 29394907, 378
1881, 8, 216, 254, 1, 0, 7.77%, 0, 0, 8, 4519.11, 29417708, 378
1886, 8, 216, 254, 1, 0, 7.77%, 0, 0, 8, 4410.17, 29439668, 378
1891, 8, 216, 254, 1, 0, 7.77%, 0, 0, 8, 4520.52, 29463702, 378
1896, 8, 216, 254, 1, 0, 7.77%, 0, 0, 8, 4531.69, 29486645, 378
1901, 8, 216, 254, 1, 0, 7.77%, 0, 0, 8, 4601.92, 29509880, 378
1906, 8, 216, 254, 1, 0, 7.77%, 0, 0, 8, 4547.04, 29532622, 378
1911, 8, 216, 254, 1, 0, 7.77%, 0, 0, 8, 4033.08, 29551896, 378
1917, 8, 216, 254, 1, 0, 7.77%, 0, 0, 8, 4523.26, 29575890, 378
1922, 8, 216, 254, 1, 0, 7.77%, 0, 0, 8, 4451.69, 29598787, 378
1927, 8, 216, 254, 1, 0, 7.77%, 0, 0, 8, 4511.32, 29621978, 378
1932, 8, 216, 254, 1, 0, 7.77%, 0, 0, 8, 4685.30, 29645824, 378
1937, 8, 216, 254, 1, 0, 7.77%, 0, 0, 8, 4693.12, 29669959, 378
1942, 8, 216, 254, 1, 0, 7.77%, 0, 0, 8, 4705.97, 29693352, 378
1947, 8, 216, 254, 1, 0, 7.77%, 0, 0, 8, 4588.26, 29716865, 378
1952, 8, 216, 254, 1, 0, 7.77%, 0, 0, 8, 4638.40, 29740639, 378
1958, 8, 216, 254, 1, 0, 7.77%, 0, 0, 8, 4560.66, 29763215, 378
1963, 8, 216, 254, 1, 0, 7.77%, 0, 0, 8, 4444.86, 29786558, 378
1968, 8, 216, 254, 1, 0, 7.77%, 0, 0, 8, 4449.53, 29809328, 378
1973, 8, 216, 254, 1, 0, 7.77%, 0, 0, 8, 4600.79, 29834115, 378
1978, 8, 216, 254, 1, 0, 7.77%, 0, 0, 8, 4347.13, 29855845, 378
1983, 8, 216, 254, 1, 0, 7.77%, 0, 0, 8, 4486.42, 29879022, 378
1989, 8, 216, 254, 1, 0, 7.77%, 0, 0, 8, 4606.98, 29902986, 378
1994, 8, 216, 254, 1, 0, 7.77%, 0, 0, 8, 4496.12, 29926579, 378
1999, 8, 216, 254, 1, 0, 7.77%, 0, 0, 8, 4553.75, 29949821, 378
2004, 8, 216, 254, 1, 0, 7.77%, 0, 0, 8, 4661.62, 29974415, 378
2009, 8, 216, 254, 1, 0, 7.77%, 0, 0, 8, 4639.08, 29998090, 378
2014, 8, 216, 254, 1, 0, 7.77%, 0, 0, 8, 4537.36, 30021500, 378
2020, 8, 216, 254, 1, 0, 7.77%, 0, 0, 8, 4570.86, 30045217, 378
2025, 8, 216, 254, 1, 0, 7.77%, 0, 0, 8, 4482.79, 30068180, 378
2030, 8, 216, 254, 1, 0, 7.77%, 0, 0, 8, 4529.52, 30091218, 378
2035, 8, 216, 254, 1, 0, 7.77%, 0, 0, 8, 4267.40, 30113316, 378
2040, 8, 216, 254, 1, 0, 7.77%, 0, 0, 8, 4437.54, 30136275, 378
2045, 8, 216, 254, 1, 0, 7.77%, 0, 0, 8, 4274.49, 30158205, 378
2050, 8, 216, 254, 1, 0, 7.77%, 0, 0, 8, 4608.75, 30182003, 378
2055, 8, 216, 254, 1, 0, 7.77%, 0, 0, 8, 4529.47, 30205115, 378
2060, 8, 216, 254, 1, 0, 7.77%, 0, 0, 8, 4572.77, 30228780, 378
2066, 8, 216, 254, 1, 0, 7.77%, 0, 0, 8, 4549.77, 30252250, 378
2071, 8, 216, 254, 1, 0, 7.77%, 0, 0, 8, 4510.95, 30274745, 378
2076, 8, 216, 254, 1, 0, 7.77%, 0, 0, 8, 4545.70, 30298136, 378
2081, 8, 216, 254, 1, 0, 7.77%, 0, 0, 8, 4595.36, 30322259, 378
2086, 8, 216, 254, 1, 0, 7.77%, 0, 0, 8, 4626.01, 30345946, 378
2091, 8, 216, 254, 1, 0, 7.77%, 0, 0, 8, 4869.48, 30370158, 378
2096, 8, 216, 254, 1, 0, 7.77%, 0, 0, 8, 4586.65, 30393268, 378
2101, 8, 216, 254, 1, 0, 7.77%, 0, 0, 8, 4357.41, 30415230, 378
2106, 8, 216, 254, 1, 0, 7.77%, 0, 0, 8, 4472.18, 30437211, 378
2112, 8, 216, 254, 1, 0, 7.77%, 0, 0, 8, 4612.35, 30461173, 378
2117, 8, 216, 254, 1, 0, 7.77%, 0, 0, 8, 4485.61, 30483705, 378
2122, 8, 216, 254, 1, 0, 7.77%, 0, 0, 8, 4508.50, 30506823, 378
2127, 8, 216, 254, 1, 0, 7.77%, 0, 0, 8, 4087.53, 30527075, 378
2132, 8, 216, 254, 1, 0, 7.77%, 0, 0, 8, 4187.14, 30548465, 378
2137, 8, 216, 254, 1, 0, 7.77%, 0, 0, 8, 4655.18, 30571907, 378
2143, 8, 216, 254, 1, 0, 7.77%, 0, 0, 8, 4494.00, 30594803, 378
2148, 8, 216, 254, 1, 0, 7.77%, 0, 0, 8, 3994.28, 30614036, 378
2153, 8, 216, 254, 1, 0, 7.77%, 0, 0, 8, 4158.97, 30635575, 378
2158, 8, 216, 254, 1, 0, 7.77%, 0, 0, 8, 4414.51, 30657177, 378
2163, 8, 216, 254, 1, 0, 7.77%, 0, 0, 8, 3892.62, 30676457, 378
2168, 8, 216, 254, 1, 0, 7.77%, 0, 0, 8, 4050.46, 30696832, 378
2173, 8, 216, 254, 1, 0, 7.77%, 0, 0, 8, 4317.44, 30719365, 378
2178, 8, 216, 254, 1, 0, 7.77%, 0, 0, 8, 4422.34, 30741904, 378
2183, 8, 216, 254, 1, 0, 7.77%, 0, 0, 8, 4500.73, 30765015, 378
2188, 8, 216, 254, 1, 0, 7.77%, 0, 0, 8, 4551.35, 30788694, 378
2194, 8, 216, 254, 1, 0, 7.77%, 0, 0, 8, 4518.13, 30812081, 378
2199, 8, 216, 254, 1, 0, 7.77%, 0, 0, 8, 4566.14, 30835193, 378
2204, 8, 216, 254, 1, 0, 7.77%, 0, 0, 8, 4539.32, 30858875, 378
2209, 8, 216, 254, 1, 0, 7.77%, 0, 0, 8, 4598.88, 30881925, 378
2214, 8, 216, 254, 1, 0, 7.77%, 0, 0, 8, 4614.08, 30905172, 378
2219, 8, 216, 254, 1, 0, 7.77%, 0, 0, 8, 4557.56, 30928009, 378
2224, 8, 216, 254, 1, 0, 7.77%, 0, 0, 8, 4592.96, 30952550, 378
2229, 8, 216, 254, 1, 0, 7.77%, 0, 0, 8, 4747.10, 30976532, 378
2234, 8, 216, 254, 1, 0, 7.77%, 0, 0, 8, 4417.14, 30998933, 378
2239, 8, 216, 254, 1, 0, 7.77%, 0, 0, 8, 4600.21, 31022211, 378
2244, 8, 216, 254, 1, 0, 7.77%, 0, 0, 8, 4398.41, 31044292, 378
2250, 8, 216, 254, 1, 0, 7.77%, 0, 0, 8, 4583.31, 31067760, 378
2255, 8, 216, 254, 1, 0, 7.77%, 0, 0, 8, 4362.22, 31089863, 378
2260, 8, 216, 254, 1, 0, 7.77%, 0, 0, 8, 4724.44, 31114256, 378
2265, 8, 216, 254, 1, 0, 7.77%, 0, 0, 8, 4729.49, 31138974, 378
2270, 8, 216, 254, 1, 0, 7.77%, 0, 0, 8, 4673.77, 31162264, 378
2275, 8, 216, 254, 1, 0, 7.77%, 0, 0, 8, 4424.89, 31185008, 378
2280, 8, 216, 254, 1, 0, 7.77%, 0, 0, 8, 4527.19, 31208084, 378
2285, 8, 216, 254, 1, 0, 7.77%, 0, 0, 8, 4380.90, 31229859, 378
2290, 8, 216, 254, 1, 0, 7.77%, 0, 0, 8, 4363.35, 31252754, 378
2296, 8, 216, 254, 1, 0, 7.77%, 0, 0, 8, 4396.55, 31275162, 378
2301, 8, 216, 254, 1, 0, 7.77%, 0, 0, 8, 4375.35, 31298306, 378
2306, 8, 216, 254, 1, 0, 7.77%, 0, 0, 8, 4461.35, 31321072, 378
2311, 8, 216, 254, 1, 0, 7.77%, 0, 0, 8, 4584.54, 31343834, 378
2316, 8, 216, 254, 1, 0, 7.77%, 0, 0, 8, 4306.39, 31366053, 378
2321, 8, 216, 254, 1, 0, 7.77%, 0, 0, 8, 4583.36, 31389529, 378
2326, 8, 216, 254, 1, 0, 7.77%, 0, 0, 8, 4436.81, 31412241, 378
2331, 8, 216, 254, 1, 0, 7.77%, 0, 0, 8, 4620.42, 31435761, 378
2336, 8, 216, 254, 1, 0, 7.77%, 0, 0, 8, 4412.36, 31457969, 378
2341, 8, 216, 254, 1, 0, 7.77%, 0, 0, 8, 4377.35, 31479952, 378
2346, 8, 216, 254, 1, 0, 7.77%, 0, 0, 8, 4479.21, 31503324, 378
2352, 8, 216, 254, 1, 0, 7.77%, 0, 0, 8, 4400.91, 31526132, 378
2357, 8, 216, 254, 1, 0, 7.77%, 0, 0, 8, 4417.79, 31549219, 378
2362, 8, 216, 254, 1, 0, 7.77%, 0, 0, 8, 4524.00, 31572864, 378
2367, 8, 216, 254, 1, 0, 7.77%, 0, 0, 8, 4466.15, 31595198, 378
2372, 8, 216, 254, 1, 0, 7.77%, 0, 0, 8, 4558.15, 31618483, 378
2377, 8, 216, 254, 1, 0, 7.77%, 0, 0, 8, 4615.36, 31642180, 378
2382, 8, 216, 254, 1, 0, 7.77%, 0, 0, 8, 4592.61, 31665296, 378
2387, 8, 216, 254, 1, 0, 7.77%, 0, 0, 8, 4234.70, 31686114, 378
2392, 8, 216, 254, 1, 0, 7.77%, 0, 0, 8, 4414.92, 31709096, 378
2398, 8, 216, 254, 1, 0, 7.77%, 0, 0, 8, 4297.40, 31730914, 378
2403, 8, 216, 254, 1, 0, 7.77%, 0, 0, 8, 4427.78, 31753597, 378
2408, 8, 216, 254, 1, 0, 7.77%, 0, 0, 8, 4599.97, 31776630, 378
2413, 8, 216, 254, 1, 0, 7.77%, 0, 0, 8, 4365.11, 31799372, 378
2418, 8, 216, 254, 1, 0, 7.77%, 0, 0, 8, 4536.65, 31823082, 378
2423, 8, 216, 254, 1, 0, 7.77%, 0, 0, 8, 4574.89, 31846748, 378
2428, 8, 216, 254, 1, 0, 7.77%, 0, 0, 8, 4669.02, 31870417, 378
2433, 8, 216, 254, 1, 0, 7.77%, 0, 0, 8, 4422.56, 31892140, 378
2438, 8, 216, 254, 1, 0, 7.77%, 0, 0, 8, 4465.76, 31915238, 378
2443, 8, 216, 254, 1, 0, 7.77%, 0, 0, 8, 4590.68, 31938631, 378
2449, 8, 216, 254, 1, 0, 7.77%, 0, 0, 8, 4656.93, 31962624, 378
2454, 8, 216, 254, 1, 0, 7.77%, 0, 0, 8, 4429.96, 31985011, 378
2459, 8, 216, 254, 1, 0, 7.77%, 0, 0, 8, 4315.18, 32007158, 378
2464, 8, 216, 254, 1, 0, 7.77%, 0, 0, 8, 4407.87, 32030158, 378
2469, 8, 216, 254, 1, 0, 7.77%, 0, 0, 8, 4665.62, 32053969, 378
2474, 8, 216, 254, 1, 0, 7.77%, 0, 0, 8, 4429.50, 32076271, 378
2479, 8, 216, 254, 1, 0, 7.77%, 0, 0, 8, 4360.43, 32098216, 378
2484, 8, 216, 254, 1, 0, 7.77%, 0, 0, 8, 4482.14, 32121294, 378
2489, 8, 216, 254, 1, 0, 7.77%, 0, 0, 8, 4522.48, 32144296, 378
2494, 8, 216, 254, 1, 0, 7.77%, 0, 0, 8, 4551.63, 32167243, 378
2499, 8, 216, 254, 1, 0, 7.77%, 0, 0, 8, 4495.15, 32190375, 378
2504, 8, 216, 254, 1, 0, 7.77%, 0, 0, 8, 4395.91, 32212707, 378
2509, 8, 216, 254, 1, 0, 7.77%, 0, 0, 8, 4505.66, 32236668, 378
2515, 8, 216, 254, 1, 0, 7.77%, 0, 0, 8, 4484.89, 32260116, 378
2520, 8, 216, 254, 1, 0, 7.77%, 0, 0, 8, 4291.92, 32281943, 378
2525, 8, 216, 254, 1, 0, 7.77%, 0, 0, 8, 4343.67, 32304802, 378
2530, 8, 216, 254, 1, 0, 7.77%, 0, 0, 8, 4477.87, 32328392, 378
2535, 8, 216, 254, 1, 0, 7.77%, 0, 0, 8, 4335.24, 32350369, 378
2540, 8, 216, 254, 1, 0, 7.77%, 0, 0, 8, 4396.94, 32373754, 378
2545, 8, 216, 254, 1, 0, 7.77%, 0, 0, 8, 4278.29, 32395449, 378
2551, 8, 216, 254, 1, 0, 7.77%, 0, 0, 8, 4531.44, 32419132, 378
2556, 8, 216, 254, 1, 0, 7.77%, 0, 0, 8, 4521.55, 32442238, 378
2561, 8, 216, 254, 1, 0, 7.77%, 0, 0, 8, 4584.29, 32465925, 378
2566, 8, 216, 254, 1, 0, 7.77%, 0, 0, 8, 4596.86, 32489299, 378
2571, 8, 216, 254, 1, 0, 7.77%, 0, 0, 8, 4560.73, 32512931, 378
2576, 8, 216, 254, 1, 0, 7.77%, 0, 0, 8, 4071.86, 32532456, 378
2581, 8, 216, 254, 1, 0, 7.77%, 0, 0, 8, 4199.75, 32554543, 378
2586, 8, 216, 254, 1, 0, 7.77%, 0, 0, 8, 4472.19, 32577222, 378
2591, 8, 216, 254, 1, 0, 7.77%, 0, 0, 8, 4171.36, 32598230, 378
2596, 8, 216, 254, 1, 0, 7.77%, 0, 0, 8, 4091.32, 32619202, 378
2602, 8, 216, 254, 1, 0, 7.77%, 0, 0, 8, 4260.76, 32641286, 378
2607, 8, 216, 254, 1, 0, 7.77%, 0, 0, 8, 4506.19, 32665281, 378
2612, 8, 216, 254, 1, 0, 7.77%, 0, 0, 8, 4410.95, 32687681, 378
2617, 8, 216, 254, 1, 0, 7.77%, 0, 0, 8, 4542.08, 32710625, 378
2622, 8, 216, 254, 1, 0, 7.77%, 0, 0, 8, 4583.77, 32733850, 378
2627, 8, 216, 254, 1, 0, 7.77%, 0, 0, 8, 4751.01, 32758116, 378
2632, 8, 216, 254, 1, 0, 7.77%, 0, 0, 8, 4613.71, 32781348, 378
2637, 8, 216, 254, 1, 0, 7.77%, 0, 0, 8, 4523.79, 32803713, 378
2643, 8, 216, 254, 1, 0, 7.77%, 0, 0, 8, 4312.36, 32825450, 378
2648, 8, 216, 254, 1, 0, 7.77%, 0, 0, 8, 4425.12, 32847655, 378
2653, 8, 216, 254, 1, 0, 7.77%, 0, 0, 8, 4416.52, 32870614, 378
2658, 8, 216, 254, 1, 0, 7.77%, 0, 0, 8, 4527.00, 32893502, 378
2663, 8, 216, 254, 1, 0, 7.77%, 0, 0, 8, 4584.74, 32917226, 378
2668, 8, 216, 254, 1, 0, 7.77%, 0, 0, 8, 4590.09, 32940426, 378
2673, 8, 216, 254, 1, 0, 7.77%, 0, 0, 8, 4709.28, 32964784, 378
2678, 8, 216, 254, 1, 0, 7.77%, 0, 0, 8, 4471.61, 32987454, 378
2684, 8, 216, 254, 1, 0, 7.77%, 0, 0, 8, 4746.72, 33012332, 378
2689, 8, 216, 254, 1, 0, 7.77%, 0, 0, 8, 4712.73, 33036549, 378
2694, 8, 216, 254, 1, 0, 7.77%, 0, 0, 8, 4499.92, 33059323, 378
2699, 8, 216, 254, 1, 0, 7.77%, 0, 0, 8, 4255.40, 33080463, 378
2704, 8, 216, 254, 1, 0, 7.77%, 0, 0, 8, 4335.02, 33103571, 378
2709, 8, 216, 254, 1, 0, 7.77%, 0, 0, 8, 4112.57, 33124687, 378
2714, 8, 216, 254, 1, 0, 7.77%, 0, 0, 8, 4148.96, 33146384, 378
2720, 8, 216, 254, 1, 0, 7.77%, 0, 0, 8, 4377.60, 33169487, 378
2725, 8, 216, 254, 1, 0, 7.77%, 0, 0, 8, 4377.38, 33191749, 378
2730, 8, 216, 254, 1, 0, 7.77%, 0, 0, 8, 4467.27, 33214574, 378
2735, 8, 216, 254, 1, 0, 7.77%, 0, 0, 8, 4345.16, 33236819, 378
2740, 8, 216, 254, 1, 0, 7.77%, 0, 0, 8, 4522.83, 33260492, 378
2745, 8, 216, 254, 1, 0, 7.77%, 0, 0, 8, 4405.61, 33282818, 378
2750, 8, 216, 254, 1, 0, 7.77%, 0, 0, 8, 4493.32, 33306050, 378
2755, 8, 216, 254, 1, 0, 7.77%, 0, 0, 8, 4315.48, 33328339, 378
2760, 8, 216, 254, 1, 0, 7.77%, 0, 0, 8, 4123.36, 33349087, 378
2765, 8, 216, 254, 1, 0, 7.77%, 0, 0, 8, 4366.54, 33371722, 378
2770, 8, 216, 254, 1, 0, 7.77%, 0, 0, 8, 4579.27, 33395053, 378
2776, 8, 216, 254, 1, 0, 7.77%, 0, 0, 8, 4451.25, 33417898, 378
2781, 8, 216, 254, 1, 0, 7.77%, 0, 0, 8, 4583.71, 33442252, 378
2786, 8, 216, 254, 1, 0, 7.77%, 0, 0, 8, 4407.44, 33464837, 378
2791, 8, 216, 254, 1, 0, 7.77%, 0, 0, 8, 4452.95, 33487729, 378
2796, 8, 216, 254, 1, 0, 7.77%, 0, 0, 8, 4455.34, 33510173, 378
2801, 8, 216, 254, 1, 0, 7.77%, 0, 0, 8, 4595.03, 33533674, 378
2806, 8, 216, 254, 1, 0, 7.77%, 0, 0, 8, 4605.20, 33557742, 378
2812, 8, 216, 254, 1, 0, 7.77%, 0, 0, 8, 4530.59, 33580933, 378
2817, 8, 216, 254, 1, 0, 7.77%, 0, 0, 8, 4500.39, 33604175, 378
2822, 8, 216, 254, 1, 0, 7.77%, 0, 0, 8, 4601.60, 33627798, 378
2827, 8, 216, 254, 1, 0, 7.77%, 0, 0, 8, 4461.65, 33650019, 378
2832, 8, 216, 254, 1, 0, 7.77%, 0, 0, 8, 4785.51, 33674714, 378
2837, 8, 216, 254, 1, 0, 7.77%, 0, 0, 8, 4445.69, 33696594, 378
2842, 8, 216, 254, 1, 0, 7.77%, 0, 0, 8, 4569.29, 33719845, 378
2847, 8, 216, 254, 1, 0, 7.77%, 0, 0, 8, 4577.69, 33743386, 378
2852, 8, 216, 254, 1, 0, 7.77%, 0, 0, 8, 4792.60, 33767783, 378
2857, 8, 216, 254, 1, 0, 7.77%, 0, 0, 8, 4615.68, 33790784, 378
2863, 8, 216, 254, 1, 0, 7.77%, 0, 0, 8, 4628.27, 33814069, 378
2868, 8, 216, 254, 1, 0, 7.77%, 0, 0, 8, 4615.53, 33838030, 378
2873, 8, 216, 254, 1, 0, 7.77%, 0, 0, 8, 4553.68, 33860995, 378
2878, 8, 216, 254, 1, 0, 7.77%, 0, 0, 8, 4471.30, 33883405, 378
2883, 8, 216, 254, 1, 0, 7.77%, 0, 0, 8, 4553.64, 33906917, 378
2888, 8, 216, 254, 1, 0, 7.77%, 0, 0, 8, 4587.12, 33930069, 378
2893, 8, 216, 254, 1, 0, 7.77%, 0, 0, 8, 4460.75, 33952838, 378
2898, 8, 216, 254, 1, 0, 7.77%, 0, 0, 8, 4598.48, 33976212, 378
2904, 8, 216, 254, 1, 0, 7.77%, 0, 0, 8, 4638.07, 34000328, 378
2909, 8, 216, 254, 1, 0, 7.77%, 0, 0, 8, 4533.39, 34022882, 378
2914, 8, 216, 254, 1, 0, 7.77%, 0, 0, 8, 4531.05, 34046582, 378
2919, 8, 216, 254, 1, 0, 7.77%, 0, 0, 8, 4528.17, 34069768, 378
2924, 8, 216, 254, 1, 0, 7.77%, 0, 0, 8, 4422.34, 34091955, 378
2929, 8, 216, 254, 1, 0, 7.77%, 0, 0, 8, 4431.72, 34114270, 378
2934, 8, 216, 254, 1, 0, 7.77%, 0, 0, 8, 4562.84, 34137918, 378
2939, 8, 216, 254, 1, 0, 7.77%, 0, 0, 8, 4365.82, 34160084, 378
2945, 8, 216, 254, 1, 0, 7.77%, 0, 0, 8, 4268.00, 34182281, 378
2950, 8, 216, 254, 1, 0, 7.77%, 0, 0, 8, 4531.32, 34205788, 378
2955, 8, 216, 254, 1, 0, 7.77%, 0, 0, 8, 4461.79, 34228888, 378
2960, 8, 216, 254, 1, 0, 7.77%, 0, 0, 8, 4558.55, 34252010, 378
2965, 8, 216, 254, 1, 0, 7.77%, 0, 0, 8, 4625.21, 34275698, 378
2970, 8, 216, 254, 1, 0, 7.77%, 0, 0, 8, 4520.75, 34298525, 378
2975, 8, 216, 254, 1, 0, 7.77%, 0, 0, 8, 4300.03, 34320771, 378
2980, 8, 216, 254, 1, 0, 7.77%, 0, 0, 8, 4531.04, 34344465, 378
2985, 8, 216, 254, 1, 0, 7.77%, 0, 0, 8, 4246.91, 34366423, 378
2990, 8, 216, 254, 1, 0, 7.77%, 0, 0, 8, 4562.76, 34389604, 378
2996, 8, 216, 254, 1, 0, 7.77%, 0, 0, 8, 4427.15, 34412354, 378
3001, 8, 216, 254, 1, 0, 7.77%, 0, 0, 8, 4285.39, 34434332, 378
3006, 8, 216, 254, 1, 0, 7.77%, 0, 0, 8, 4281.14, 34455844, 378
3011, 8, 216, 254, 1, 0, 7.77%, 0, 0, 8, 4450.68, 34479524, 378
3016, 8, 216, 254, 1, 0, 7.77%, 0, 0, 8, 4363.97, 34502469, 378
3021, 8, 216, 254, 1, 0, 7.77%, 0, 0, 8, 4539.67, 34525754, 378
3026, 8, 216, 254, 1, 0, 7.77%, 0, 0, 8, 4565.54, 34548741, 378
3031, 8, 216, 254, 1, 0, 7.77%, 0, 0, 8, 4564.05, 34571652, 378
3036, 8, 216, 254, 1, 0, 7.77%, 0, 0, 8, 4523.73, 34593992, 378
3042, 8, 216, 254, 1, 0, 7.77%, 0, 0, 8, 4694.44, 34618449, 378
3047, 8, 216, 254, 1, 0, 7.77%, 0, 0, 8, 4635.68, 34642477, 378
3052, 8, 216, 254, 1, 0, 7.77%, 0, 0, 8, 4601.54, 34666270, 378
3057, 8, 216, 254, 1, 0, 7.77%, 0, 0, 8, 4319.82, 34687821, 378
3062, 8, 216, 254, 1, 0, 7.77%, 0, 0, 8, 4570.12, 34712062, 378
3067, 8, 216, 254, 1, 0, 7.77%, 0, 0, 8, 4489.74, 34735307, 378
3073, 8, 216, 254, 1, 0, 7.77%, 0, 0, 8, 4675.33, 34759929, 378
3078, 8, 216, 254, 1, 0, 7.77%, 0, 0, 8, 4498.98, 34782882, 378
3083, 8, 216, 254, 1, 0, 7.77%, 0, 0, 8, 4416.46, 34805956, 378
3088, 8, 216, 254, 1, 0, 7.77%, 0, 0, 8, 4361.70, 34827972, 378
3093, 8, 216, 254, 1, 0, 7.77%, 0, 0, 8, 4470.03, 34850622, 378
3098, 8, 216, 254, 1, 0, 7.77%, 0, 0, 8, 4409.75, 34873258, 378
3103, 8, 216, 254, 1, 0, 7.77%, 0, 0, 8, 4454.70, 34895854, 378
3109, 8, 216, 254, 1, 0, 7.77%, 0, 0, 8, 4523.10, 34918683, 378
3114, 8, 216, 254, 1, 0, 7.77%, 0, 0, 8, 4353.41, 34940673, 378
3119, 8, 216, 254, 1, 0, 7.77%, 0, 0, 8, 4285.62, 34962942, 378
3124, 8, 216, 254, 1, 0, 7.77%, 0, 0, 8, 4445.42, 34986365, 378
3129, 8, 216, 254, 1, 0, 7.77%, 0, 0, 8, 4539.88, 35009177, 378
3134, 8, 216, 254, 1, 0, 7.77%, 0, 0, 8, 4615.25, 35032280, 378
3139, 8, 216, 254, 1, 0, 7.77%, 0, 0, 8, 4656.38, 35055438, 378
3144, 8, 216, 254, 1, 0, 7.77%, 0, 0, 8, 4893.45, 35080984, 378
3149, 8, 216, 254, 1, 0, 7.77%, 0, 0, 8, 4858.57, 35105135, 378
3154, 8, 216, 254, 1, 0, 7.77%, 0, 0, 8, 4607.03, 35128088, 378
3159, 8, 216, 254, 1, 0, 7.77%, 0, 0, 8, 4578.67, 35151577, 378
3165, 8, 216, 254, 1, 0, 7.77%, 0, 0, 8, 4297.32, 35173573, 378
3170, 8, 216, 254, 1, 0, 7.77%, 0, 0, 8, 4300.39, 35196245, 378
3175, 8, 216, 254, 1, 0, 7.77%, 0, 0, 8, 4185.05, 35217676, 378
3180, 8, 216, 254, 1, 0, 7.77%, 0, 0, 8, 4339.07, 35239327, 378
3185, 8, 216, 254, 1, 0, 7.77%, 0, 0, 8, 3961.67, 35258988, 378
3190, 8, 216, 254, 1, 0, 7.77%, 0, 0, 8, 4119.18, 35279653, 378
3195, 8, 216, 254, 1, 0, 7.77%, 0, 0, 8, 4348.57, 35302760, 378
3200, 8, 216, 254, 1, 0, 7.77%, 0, 0, 8, 4375.29, 35325216, 378
3206, 8, 216, 254, 1, 0, 7.77%, 0, 0, 8, 4201.34, 35347290, 378
3211, 8, 216, 254, 1, 0, 7.77%, 0, 0, 8, 4367.29, 35369745, 378
3216, 8, 216, 254, 1, 0, 7.77%, 0, 0, 8, 4383.70, 35392713, 378
3221, 8, 216, 254, 1, 0, 7.77%, 0, 0, 8, 4503.57, 35415576, 378
3226, 8, 104, 257, 4, 0, 7.77%, 0, 0, 8, 19651.56, 35519791, 378
3231, 8, 7, 257, 4, 0, 7.77%, 0, 0, 8, 28447.50, 35672630, 378
3236, 8, 249, 257, 4, 0, 7.77%, 0, 0, 8, 21856.39, 35779223, 378
3241, 8, 254, 257, 4, 0, 7.77%, 0, 0, 8, 4312.63, 35833007, 378
3246, 8, 225, 257, 3, 0, 7.77%, 0, 0, 8, 12532.01, 35900438, 378
3252, 8, 0, 257, 3, 0, 7.77%, 0, 0, 8, 17861.28, 35991859, 378
3257, 8, 0, 257, 3, 0, 7.77%, 0, 0, 8, 20285.22, 36112137, 378
3262, 8, 32, 257, 3, 0, 7.77%, 0, 0, 8, 24678.47, 36251498, 378
3267, 8, 104, 257, 1, 0, 7.77%, 0, 0, 8, 24004.60, 36355860, 378
3272, 8, 134, 257, 1, 0, 7.77%, 0, 0, 8, 25121.25, 36474277, 378
3277, 8, 210, 257, 1, 0, 7.77%, 0, 0, 8, 15388.32, 36546281, 378
3282, 8, 255, 257, 1, 0, 7.77%, 0, 0, 8, 24513.01, 36681009, 378
3287, 8, 36, 257, 0, 0, 7.77%, 0, 0, 8, 23393.35, 36789316, 378
3292, 8, 104, 257, 0, 0, 7.77%, 0, 0, 8, 29968.77, 36946390, 378
3298, 8, 202, 257, 0, 0, 7.77%, 0, 0, 8, 23689.92, 37073190, 378
3303, 8, 0, 257, 0, 0, 7.77%, 0, 0, 8, 25819.13, 37202639, 378
3308, 9, 134, 257, 0, 0, 7.77%, 0, 0, 8, 28230.75, 37332686, 378
3313, 9, 128, 257, 0, 0, 7.77%, 0, 0, 8, 35963.22, 37496508, 378
3318, 9, 0, 257, 0, 0, 7.77%, 0, 0, 8, 33833.38, 37660506, 378
3323, 9, 0, 257, 0, 0, 7.77%, 0, 0, 8, 27549.04, 37793083, 378
3328, 9, 134, 257, 0, 0, 7.77%, 0, 0, 8, 25514.66, 37916650, 378
3333, 9, 0, 257, 0, 0, 7.77%, 0, 0, 8, 29595.00, 38063553, 378
3338, 9, 231, 257, 0, 0, 7.77%, 0, 0, 8, 18382.40, 38155897, 378
3343, 9, 0, 257, 0, 0, 7.77%, 0, 0, 8, 26076.61, 38295073, 378
3348, 9, 134, 257, 0, 0, 7.77%, 0, 0, 8, 21994.65, 38404011, 378
3353, 9, 13, 257, 0, 0, 7.77%, 0, 0, 8, 28266.33, 38565114, 378
3358, 9, 7, 257, 0, 0, 7.77%, 0, 0, 8, 22328.02, 38674459, 378
3364, 9, 251, 257, 0, 0, 7.77%, 0, 0, 8, 15591.75, 38754304, 378
3369, 9, 0, 257, 0, 0, 7.77%, 0, 0, 8, 26773.86, 38890287, 378
3374, 9, 134, 257, 0, 0, 7.77%, 0, 0, 8, 19812.62, 38976212, 378
3379, 9, 0, 257, 0, 0, 7.77%, 0, 0, 8, 24756.99, 39108671, 378
3384, 9, 248, 257, 0, 0, 7.77%, 0, 0, 8, 16099.55, 39195347, 378
3389, 9, 128, 257, 0, 0, 7.77%, 0, 0, 8, 22319.27, 39309581, 378
3394, 9, 227, 257, 0, 0, 7.77%, 0, 0, 8, 16103.18, 39396998, 378
3399, 9, 28, 257, 0, 0, 7.77%, 0, 0, 8, 27080.24, 39536560, 378
3404, 9, 28, 257, 0, 0, 7.77%, 0, 0, 8, 26977.82, 39676579, 378
3410, 10, 133, 257, 0, 0, 7.77%, 0, 0, 8, 28764.08, 39828061, 378
3415, 10, 61, 257, 0, 0, 7.77%, 0, 0, 8, 22040.68, 39929465, 378
3420, 10, 225, 257, 0, 0, 7.77%, 0, 0, 8, 16185.14, 40020399, 378
3425, 10, 128, 257, 0, 0, 7.77%, 0, 0, 8, 26207.14, 40158293, 378
3430, 10, 251, 257, 0, 0, 7.77%, 0, 0, 8, 20136.08, 40256149, 378
3435, 10, 211, 257, 0, 0, 7.77%, 0, 0, 8, 23814.70, 40369292, 378
3440, 10, 229, 257, 0, 0, 7.77%, 0, 0, 8, 21863.82, 40481882, 378
3445, 10, 220, 257, 0, 0, 7.77%, 0, 0, 8, 17588.78, 40575237, 378
3450, 10, 0, 257, 0, 0, 7.77%, 0, 0, 8, 19562.48, 40667205, 378
3456, 10, 70, 257, 0, 0, 7.77%, 0, 0, 8, 26008.06, 40812412, 378
3461, 10, 0, 257, 0, 0, 7.77%, 0, 0, 8, 30206.12, 40968828, 378
3466, 10, 0, 257, 0, 0, 7.77%, 0, 0, 8, 23780.89, 41070629, 378
3471, 10, 30, 257, 0, 0, 7.77%, 0, 0, 8, 26391.88, 41192678, 378
3476, 10, 36, 257, 0, 0, 7.77%, 0, 0, 8, 26332.13, 41309699, 378
3481, 10, 184, 257, 0, 0, 7.77%, 0, 0, 8, 24441.04, 41435044, 378
3486, 10, 253, 257, 0, 0, 7.77%, 0, 0, 8, 15058.11, 41508013, 378
3491, 10, 232, 257, 0, 0, 7.77%, 0, 0, 8, 14098.86, 41582839, 378
3496, 10, 0, 257, 0, 0, 7.77%, 0, 0, 8, 21349.37, 41694027, 378
3501, 10, 0, 257, 0, 0, 7.77%, 0, 0, 8, 26023.59, 41838635, 378
3506, 11, 0, 257, 0, 0, 7.77%, 0, 0, 8, 23226.12, 41954482, 378
3512, 11, 67, 257, 0, 0, 7.77%, 0, 0, 8, 29047.81, 42109070, 378
3517, 11, 70, 257, 0, 0, 7.77%, 0, 0, 8, 19352.26, 42198013, 378
3522, 11, 252, 257, 0, 0, 7.77%, 0, 0, 8, 17531.75, 42298939, 378
3527, 11, 136, 257, 0, 0, 7.77%, 0, 0, 8, 24136.73, 42413423, 378
3532, 11, 136, 257, 0, 0, 7.77%, 0, 0, 8, 26624.85, 42558153, 378
3537, 11, 202, 257, 0, 0, 7.77%, 0, 0, 8, 5431.24, 42593701, 378
3542, 11, 202, 257, 0, 0, 7.77%, 0, 0, 8, 5554.21, 42622867, 378
3548, 11, 202, 257, 0, 0, 7.77%, 0, 0, 8, 5779.60, 42652559, 378
3553, 11, 202, 257, 0, 0, 7.77%, 0, 0, 8, 5528.40, 42680499, 378
3558, 11, 202, 257, 0, 0, 7.77%, 0, 0, 8, 5766.24, 42710120, 378
3563, 11, 202, 257, 0, 0, 7.77%, 0, 0, 8, 5882.50, 42740914, 378
3568, 11, 202, 257, 0, 0, 7.77%, 0, 0, 8, 4999.14, 42765043, 378
3573, 11, 202, 257, 0, 0, 7.77%, 0, 0, 8, 4899.36, 42788067, 378
3578, 11, 202, 257, 0, 0, 7.77%, 0, 0, 8, 4265.17, 42809910, 378
3583, 11, 202, 257, 0, 0, 7.77%, 0, 0, 8, 4462.33, 42831798, 378
3589, 11, 202, 257, 0, 0, 7.77%, 0, 0, 8, 4901.01, 42857529, 378
3594, 11, 202, 257, 0, 0, 7.77%, 0, 0, 8, 4979.34, 42883301, 378
3599, 11, 202, 257, 0, 0, 7.77%, 0, 0, 8, 4708.98, 42906854, 378
3600, 11, 202, 257, 0, 0, 7.77%, 0, 0, 8, 0.00, 42910216, 378
