# relative_time, cycles_done, cur_item, corpus_count, pending_total, pending_favs, map_size, saved_crashes, saved_hangs, max_depth, execs_per_sec, total_execs, edges_found
61, 0, 72, 250, 217, 0, 8.74%, 0, 0, 3, 15314.40, 1122332, 430
66, 0, 45, 251, 218, 0, 8.74%, 0, 0, 3, 22435.87, 1249731, 430
71, 1, 25, 252, 217, 0, 8.74%, 0, 0, 3, 23905.08, 1376388, 430
76, 1, 139, 254, 217, 0, 8.74%, 0, 0, 3, 22228.38, 1490472, 430
81, 1, 166, 254, 216, 0, 8.74%, 0, 0, 3, 22186.67, 1606222, 430
87, 1, 231, 258, 218, 0, 8.74%, 0, 0, 4, 23432.53, 1728673, 430
92, 1, 139, 259, 218, 0, 8.74%, 0, 0, 4, 21897.92, 1840220, 430
97, 1, 4, 260, 218, 0, 8.74%, 0, 0, 4, 20054.06, 1938211, 430
102, 1, 139, 260, 218, 0, 8.74%, 0, 0, 4, 17847.59, 2034853, 430
107, 2, 139, 311, 269, 0, 8.74%, 0, 0, 4, 20560.59, 2139082, 430
112, 2, 139, 311, 267, 0, 8.74%, 0, 0, 4, 19641.29, 2239716, 430
118, 2, 139, 311, 267, 0, 8.74%, 0, 0, 4, 20424.39, 2336595, 430
123, 2, 165, 311, 265, 0, 8.74%, 0, 0, 4, 22141.79, 2451192, 430
128, 2, 166, 311, 265, 0, 8.74%, 0, 0, 4, 19882.74, 2546901, 430
133, 2, 4, 311, 264, 0, 8.74%, 0, 0, 4, 24044.61, 2669168, 430
138, 2, 139, 312, 264, 0, 8.74%, 0, 0, 4, 23558.36, 2785318, 430
143, 2, 45, 312, 263, 0, 8.74%, 0, 0, 4, 24710.25, 2918760, 430
149, 3, 121, 320, 271, 0, 8.74%, 0, 0, 4, 23381.20, 3031798, 430
154, 3, 84, 320, 271, 0, 8.74%, 0, 0, 4, 20038.62, 3131276, 430
159, 3, 4, 320, 268, 0, 8.74%, 0, 0, 4, 20934.34, 3234597, 430
164, 3, 13, 320, 268, 0, 8.74%, 0, 0, 4, 22968.68, 3357846, 430
169, 3, 45, 320, 266, 0, 8.74%, 0, 0, 4, 21574.54, 3465820, 430
174, 3, 103, 320, 265, 0, 8.74%, 0, 0, 4, 21366.69, 3577267, 430
179, 3, 74, 320, 264, 0, 8.74%, 0, 0, 4, 20843.49, 3682259, 430
185, 3, 139, 320, 264, 0, 8.74%, 0, 0, 4, 21877.90, 3799059, 430
190, 4, 139, 331, 274, 0, 8.74%, 0, 0, 4, 22607.51, 3914854, 430
195, 4, 45, 331, 273, 0, 8.74%, 0, 0, 4, 22409.96, 4031550, 430
200, 4, 28, 331, 271, 0, 8.74%, 0, 0, 4, 20708.78, 4136456, 430
205, 4, 72, 331, 270, 0, 8.74%, 0, 0, 4, 20745.68, 4241841, 430
210, 4, 1, 331, 270, 0, 8.74%, 0, 0, 4, 22961.07, 4364234, 430
215, 4, 165, 331, 270, 0, 8.74%, 0, 0, 4, 18101.32, 4450653, 430
220, 4, 28, 331, 270, 0, 8.74%, 0, 0, 4, 14489.87, 4521404, 430
225, 4, 139, 331, 270, 0, 8.74%, 0, 0, 4, 16692.44, 4607716, 430
231, 4, 139, 331, 268, 0, 8.74%, 0, 0, 4, 17050.94, 4702588, 430
236, 4, 166, 331, 267, 0, 8.74%, 0, 0, 4, 17415.60, 4800700, 430
241, 5, 28, 342, 278, 0, 8.74%, 0, 0, 4, 19934.55, 4904018, 430
246, 5, 139, 342, 278, 0, 8.74%, 0, 0, 4, 18445.74, 5002472, 430
251, 5, 139, 342, 277, 0, 8.74%, 0, 0, 4, 22122.97, 5119323, 430
257, 5, 161, 342, 277, 0, 8.74%, 0, 0, 4, 19091.23, 5229931, 430
262, 5, 120, 342, 275, 0, 8.74%, 0, 0, 4, 21689.98, 5347500, 430
267, 5, 28, 342, 274, 0, 8.74%, 0, 0, 4, 23411.92, 5461712, 430
272, 5, 98, 342, 273, 0, 8.74%, 0, 0, 4, 21455.90, 5571887, 430
277, 5, 164, 342, 273, 0, 8.74%, 0, 0, 4, 18266.35, 5655836, 430
282, 5, 28, 342, 272, 0, 8.74%, 0, 0, 4, 18606.98, 5748094, 430
287, 5, 45, 342, 271, 0, 8.74%, 0, 0, 4, 18233.92, 5836962, 430
292, 5, 164, 342, 271, 0, 8.74%, 0, 0, 4, 19599.65, 5937790, 430
297, 6, 139, 342, 270, 0, 8.74%, 0, 0, 4, 18992.07, 6025748, 430
302, 6, 4, 342, 270, 0, 8.74%, 0, 0, 4, 20714.06, 6140400, 430
308, 6, 4, 342, 270, 0, 8.74%, 0, 0, 4, 20456.69, 6245247, 430
313, 6, 28, 342, 269, 0, 8.74%, 0, 0, 4, 21956.28, 6361799, 430
318, 6, 139, 342, 269, 0, 8.74%, 0, 0, 4, 22955.46, 6476792, 430
323, 6, 55, 342, 269, 0, 8.74%, 0, 0, 4, 25663.92, 6604894, 430
328, 6, 4, 342, 269, 0, 8.74%, 0, 0, 4, 21107.01, 6704049, 430
333, 6, 166, 342, 267, 0, 8.74%, 0, 0, 4, 20000.23, 6803984, 430
339, 6, 45, 342, 267, 0, 8.74%, 0, 0, 4, 19824.59, 6903954, 430
344, 6, 28, 342, 266, 0, 8.74%, 0, 0, 4, 20623.57, 7012975, 430
349, 6, 76, 342, 266, 0, 8.74%, 0, 0, 4, 21136.01, 7116922, 430
354, 7, 120, 342, 266, 0, 8.74%, 0, 0, 4, 20981.23, 7227463, 430
359, 7, 139, 342, 266, 0, 8.74%, 0, 0, 4, 22309.16, 7344013, 430
364, 7, 139, 342, 265, 0, 8.74%, 0, 0, 4, 21150.13, 7449479, 430
369, 7, 140, 342, 264, 0, 8.74%, 0, 0, 4, 19569.42, 7543486, 430
375, 7, 24, 342, 264, 0, 8.74%, 0, 0, 4, 20375.16, 7655056, 430
380, 7, 98, 342, 263, 0, 8.74%, 0, 0, 4, 20804.67, 7756956, 430
385, 7, 139, 342, 261, 0, 8.74%, 0, 0, 4, 18644.63, 7853211, 430
390, 7, 45, 342, 260, 0, 8.74%, 0, 0, 4, 19923.42, 7955668, 430
395, 7, 72, 342, 259, 0, 8.74%, 0, 0, 4, 18191.83, 8050066, 430
400, 7, 84, 342, 258, 0, 8.74%, 0, 0, 4, 20209.26, 8152603, 430
405, 8, 4, 342, 258, 0, 8.74%, 0, 0, 4, 19558.33, 8257152, 430
410, 8, 293, 342, 258, 0, 8.74%, 0, 0, 4, 22328.10, 8365872, 430
415, 8, 139, 342, 257, 0, 8.74%, 0, 0, 4, 18837.69, 8457801, 430
420, 8, 109, 342, 256, 0, 8.74%, 0, 0, 4, 18931.34, 8547407, 430
426, 8, 28, 342, 256, 0, 8.74%, 0, 0, 4, 17324.77, 8638650, 430
431, 8, 165, 342, 256, 0, 8.74%, 0, 0, 4, 20707.75, 8752024, 430
436, 8, 139, 342, 256, 0, 8.74%, 0, 0, 4, 20385.67, 8860036, 430
441, 8, 159, 342, 255, 0, 8.74%, 0, 0, 4, 20838.11, 8966375, 430
446, 8, 166, 342, 255, 0, 8.74%, 0, 0, 4, 19890.68, 9071948, 430
451, 8, 159, 342, 255, 0, 8.74%, 0, 0, 4, 20714.97, 9175388, 430
456, 8, 84, 342, 255, 0, 8.74%, 0, 0, 4, 17535.50, 9261683, 430
462, 9, 45, 342, 255, 0, 8.74%, 0, 0, 4, 19923.54, 9364188, 430
467, 9, 172, 342, 255, 0, 8.74%, 0, 0, 4, 16966.84, 9442282, 430
472, 9, 139, 342, 255, 0, 8.74%, 0, 0, 4, 20866.56, 9557974, 430
477, 9, 139, 342, 255, 0, 8.74%, 0, 0, 4, 14802.46, 9631400, 430
482, 9, 4, 342, 255, 0, 8.74%, 0, 0, 4, 12338.59, 9687021, 430
487, 9, 166, 342, 254, 0, 8.74%, 0, 0, 4, 19351.44, 9792265, 430
492, 9, 103, 342, 254, 0, 8.74%, 0, 0, 4, 20980.13, 9906107, 430
497, 9, 55, 342, 253, 0, 8.74%, 0, 0, 4, 23184.23, 10032004, 430
502, 9, 28, 342, 253, 0, 8.74%, 0, 0, 4, 21562.89, 10136622, 430
507, 9, 139, 342, 253, 0, 8.74%, 0, 0, 4, 17548.16, 10220920, 430
512, 9, 72, 342, 253, 0, 8.74%, 0, 0, 4, 20224.77, 10332557, 430
517, 10, 4, 342, 252, 0, 8.74%, 0, 0, 4, 18322.32, 10420004, 430
522, 10, 139, 342, 252, 0, 8.74%, 0, 0, 4, 14416.30, 10489497, 430
527, 10, 45, 342, 251, 0, 8.74%, 0, 0, 4, 15271.42, 10564457, 430
533, 10, 28, 342, 251, 0, 8.74%, 0, 0, 4, 23600.53, 10690220, 430
538, 10, 139, 342, 250, 0, 8.74%, 0, 0, 4, 21717.55, 10793423, 430
543, 10, 28, 342, 250, 0, 8.74%, 0, 0, 4, 20056.84, 10898375, 430
548, 10, 159, 342, 250, 0, 8.74%, 0, 0, 4, 19398.11, 10989618, 430
553, 10, 4, 342, 250, 0, 8.74%, 0, 0, 4, 21433.29, 11099341, 430
558, 10, 28, 342, 249, 0, 8.74%, 0, 0, 4, 20930.40, 11201822, 430
563, 10, 28, 342, 249, 0, 8.74%, 0, 0, 4, 21052.92, 11312797, 430
568, 11, 84, 355, 262, 0, 8.74%, 0, 0, 4, 19256.56, 11409804, 430
573, 11, 165, 355, 262, 0, 8.74%, 0, 0, 4, 20171.30, 11512260, 430
578, 11, 78, 355, 261, 0, 8.74%, 0, 0, 4, 18779.33, 11600042, 430
584, 11, 103, 355, 261, 0, 8.74%, 0, 0, 4, 22517.38, 11716663, 430
589, 11, 166, 355, 261, 0, 8.74%, 0, 0, 4, 21680.80, 11829178, 430
594, 11, 139, 355, 261, 0, 8.74%, 0, 0, 4, 21840.80, 11947701, 430
599, 11, 45, 355, 261, 0, 8.74%, 0, 0, 4, 21202.61, 12053178, 430
604, 11, 28, 355, 261, 0, 8.74%, 0, 0, 4, 20558.93, 12164475, 430
610, 11, 4, 355, 261, 0, 8.74%, 0, 0, 4, 19972.48, 12264506, 430
615, 11, 139, 355, 261, 0, 8.74%, 0, 0, 4, 20033.79, 12370358, 430
620, 11, 139, 356, 260, 0, 8.74%, 0, 0, 4, 20864.21, 12472391, 430
625, 11, 72, 357, 261, 0, 8.74%, 0, 0, 4, 21707.03, 12586576, 430
630, 12, 139, 357, 260, 0, 8.74%, 0, 0, 4, 21749.15, 12700604, 430
635, 12, 73, 357, 260, 0, 8.74%, 0, 0, 4, 19020.35, 12794226, 430
640, 12, 139, 357, 260, 0, 8.74%, 0, 0, 4, 18381.20, 12890991, 430
645, 12, 139, 357, 260, 0, 8.74%, 0, 0, 4, 17657.75, 12986233, 430
651, 12, 165, 357, 260, 0, 8.74%, 0, 0, 4, 20016.86, 13093038, 430
656, 12, 74, 357, 259, 0, 8.74%, 0, 0, 4, 18250.19, 13190091, 430
661, 12, 4, 357, 259, 0, 8.74%, 0, 0, 4, 21472.22, 13304412, 430
666, 12, 139, 357, 259, 0, 8.74%, 0, 0, 4, 19840.54, 13407359, 430
671, 12, 4, 357, 259, 0, 8.74%, 0, 0, 4, 21029.87, 13517982, 430
676, 12, 103, 357, 259, 0, 8.74%, 0, 0, 4, 19647.81, 13619607, 430
682, 12, 55, 357, 259, 0, 8.74%, 0, 0, 4, 21479.36, 13732254, 430
687, 12, 45, 357, 259, 0, 8.74%, 0, 0, 4, 22127.51, 13847239, 430
692, 13, 399, 419, 318, 9, 9.25%, 0, 0, 4, 20292.25, 13956622, 455
697, 13, 399, 422, 321, 9, 9.25%, 0, 0, 4, 16116.69, 14025972, 455
702, 13, 405, 428, 325, 8, 9.25%, 0, 0, 4, 22883.79, 14145272, 455
707, 13, 423, 433, 328, 6, 9.25%, 0, 0, 4, 20768.61, 14247738, 455
712, 13, 4, 435, 323, 0, 9.25%, 0, 0, 4, 23359.75, 14373742, 455
717, 13, 4, 435, 322, 0, 9.25%, 0, 0, 4, 20949.52, 14483258, 455
723, 13, 84, 435, 321, 0, 9.25%, 0, 0, 4, 21692.87, 14596351, 455
728, 13, 4, 435, 321, 0, 9.25%, 0, 0, 4, 21221.03, 14700857, 455
733, 13, 375, 435, 320, 0, 9.25%, 0, 0, 4, 22144.54, 14821493, 455
738, 13, 73, 435, 320, 0, 9.25%, 0, 0, 4, 19642.68, 14925873, 455
739, 13, 78, 435, 320, 0, 9.25%, 0, 0, 4, 19081.42, 14950885, 455
