# relative_time, cycles_done, cur_item, corpus_count, pending_total, pending_favs, map_size, saved_crashes, saved_hangs, max_depth, execs_per_sec, total_execs, edges_found
61, 3, 25, 92, 77, 0, 4.81%, 0, 0, 5, 18702.98, 1188993, 205
66, 4, 28, 94, 79, 0, 4.81%, 0, 0, 5, 19001.03, 1288278, 205
71, 4, 20, 94, 79, 0, 4.81%, 0, 0, 5, 19003.61, 1382605, 205
77, 4, 16, 94, 79, 0, 4.81%, 0, 0, 5, 19260.34, 1483076, 205
82, 5, 28, 96, 80, 0, 4.81%, 0, 0, 5, 19470.10, 1582971, 205
87, 5, 20, 96, 80, 0, 4.81%, 0, 0, 5, 19490.94, 1681328, 205
92, 5, 28, 96, 80, 0, 4.81%, 0, 0, 5, 19178.81, 1779706, 205
97, 6, 20, 97, 81, 0, 4.81%, 0, 0, 5, 18814.04, 1878401, 205
102, 6, 20, 97, 80, 0, 4.81%, 0, 0, 5, 18353.06, 1968069, 205
107, 6, 16, 97, 78, 0, 4.81%, 0, 0, 5, 19163.74, 2067502, 205
112, 7, 20, 99, 80, 0, 4.81%, 0, 0, 5, 20058.59, 2169869, 205
118, 7, 28, 99, 80, 0, 4.81%, 0, 0, 5, 18883.56, 2267901, 205
123, 8, 20, 99, 80, 0, 4.81%, 0, 0, 5, 18833.19, 2364502, 205
128, 8, 25, 99, 77, 0, 4.81%, 0, 0, 5, 18312.83, 2459754, 205
133, 8, 28, 99, 77, 0, 4.81%, 0, 0, 5, 20655.79, 2569294, 205
138, 9, 20, 105, 83, 0, 4.81%, 0, 0, 5, 18722.41, 2663488, 205
143, 9, 28, 105, 82, 0, 4.81%, 0, 0, 5, 19849.33, 2766668, 205
148, 9, 28, 105, 82, 0, 4.81%, 0, 0, 5, 19084.76, 2868718, 205
154, 10, 36, 105, 82, 0, 4.81%, 0, 0, 5, 21220.09, 2975162, 205
159, 10, 20, 105, 80, 0, 4.81%, 0, 0, 5, 18632.72, 3070025, 205
164, 10, 20, 105, 80, 0, 4.81%, 0, 0, 5, 19755.33, 3175184, 205
169, 11, 20, 105, 80, 0, 4.81%, 0, 0, 5, 17566.10, 3262835, 205
174, 11, 20, 105, 79, 0, 4.81%, 0, 0, 5, 19048.95, 3364683, 205
179, 11, 20, 105, 77, 0, 4.81%, 0, 0, 5, 16746.57, 3448212, 205
185, 12, 50, 105, 77, 0, 4.81%, 0, 0, 5, 21847.97, 3564051, 205
190, 12, 20, 105, 76, 0, 4.81%, 0, 0, 5, 19073.48, 3658795, 205
195, 12, 16, 105, 76, 0, 4.81%, 0, 0, 5, 22579.75, 3779163, 205
200, 13, 20, 112, 83, 0, 4.81%, 0, 0, 5, 19992.06, 3881360, 205
205, 13, 20, 112, 83, 0, 4.81%, 0, 0, 5, 23229.58, 3999209, 205
210, 13, 28, 112, 83, 0, 4.81%, 0, 0, 5, 22662.97, 4115208, 205
215, 13, 20, 112, 82, 0, 4.81%, 0, 0, 5, 22977.30, 4224687, 205
221, 14, 20, 112, 81, 0, 4.81%, 0, 0, 5, 22186.63, 4335423, 205
226, 14, 36, 112, 80, 0, 4.81%, 0, 0, 5, 21633.05, 4446911, 205
231, 14, 28, 112, 80, 0, 4.81%, 0, 0, 5, 20308.04, 4546678, 205
236, 14, 20, 112, 79, 0, 4.81%, 0, 0, 5, 21239.44, 4653943, 205
241, 15, 25, 112, 79, 0, 4.81%, 0, 0, 5, 20994.99, 4758929, 205
246, 15, 20, 112, 79, 0, 4.81%, 0, 0, 5, 22834.49, 4874321, 205
251, 15, 20, 112, 77, 0, 4.81%, 0, 0, 5, 22700.42, 4985828, 205
256, 15, 25, 112, 77, 0, 4.81%, 0, 0, 5, 21672.60, 5094070, 205
262, 16, 20, 112, 77, 0, 4.81%, 0, 0, 5, 20586.48, 5197372, 205
267, 16, 71, 112, 77, 0, 4.81%, 0, 0, 5, 22069.40, 5315178, 205
272, 16, 28, 112, 76, 0, 4.81%, 0, 0, 5, 22661.24, 5431306, 205
277, 16, 20, 112, 73, 0, 4.81%, 0, 0, 5, 21382.86, 5535038, 205
282, 17, 20, 112, 73, 0, 4.81%, 0, 0, 5, 21316.92, 5642328, 205
287, 17, 28, 112, 73, 0, 4.81%, 0, 0, 5, 19288.17, 5744938, 205
293, 17, 34, 112, 73, 0, 4.81%, 0, 0, 5, 21077.70, 5850352, 205
298, 18, 28, 115, 75, 0, 4.81%, 0, 0, 5, 20363.48, 5957158, 205
303, 18, 28, 115, 75, 0, 4.81%, 0, 0, 5, 21456.83, 6068023, 205
308, 18, 20, 115, 75, 0, 4.81%, 0, 0, 5, 18054.42, 6160125, 205
313, 19, 25, 115, 75, 0, 4.81%, 0, 0, 5, 20924.82, 6269470, 205
318, 19, 26, 115, 75, 0, 4.81%, 0, 0, 5, 18578.03, 6366535, 205
324, 19, 16, 115, 74, 0, 4.81%, 0, 0, 5, 21289.70, 6481545, 205
329, 20, 16, 115, 74, 0, 4.81%, 0, 0, 5, 18682.56, 6577228, 205
334, 20, 20, 115, 74, 0, 4.81%, 0, 0, 5, 19090.67, 6676053, 205
339, 20, 20, 115, 73, 0, 4.81%, 0, 0, 5, 19224.91, 6775345, 205
344, 21, 20, 115, 72, 0, 4.81%, 0, 0, 5, 18533.14, 6873608, 205
349, 21, 20, 115, 72, 0, 4.81%, 0, 0, 5, 16654.92, 6958085, 205
355, 21, 20, 115, 70, 0, 4.81%, 0, 0, 5, 15990.92, 7041077, 205
360, 22, 49, 115, 70, 0, 4.81%, 0, 0, 5, 15422.11, 7121322, 205
365, 22, 29, 115, 69, 0, 4.81%, 0, 0, 5, 16420.47, 7204467, 205
370, 22, 20, 115, 69, 0, 4.81%, 0, 0, 5, 15553.11, 7282259, 205
375, 22, 20, 115, 69, 0, 4.81%, 0, 0, 5, 18152.52, 7376041, 205
380, 23, 82, 115, 69, 0, 4.81%, 0, 0, 5, 14266.77, 7448555, 205
385, 23, 28, 115, 68, 0, 4.81%, 0, 0, 5, 19066.41, 7544477, 205
390, 23, 49, 115, 68, 0, 4.81%, 0, 0, 5, 17953.81, 7642337, 205
396, 23, 20, 115, 68, 0, 4.81%, 0, 0, 5, 16935.56, 7734350, 205
401, 24, 20, 115, 68, 0, 4.81%, 0, 0, 5, 17503.11, 7820986, 205
406, 24, 20, 115, 67, 0, 4.81%, 0, 0, 5, 15178.18, 7898617, 205
411, 24, 16, 115, 66, 0, 4.81%, 0, 0, 5, 16253.06, 7976674, 205
416, 25, 16, 115, 66, 0, 4.81%, 0, 0, 5, 16567.56, 8058857, 205
421, 25, 20, 116, 66, 0, 4.81%, 0, 0, 5, 18718.98, 8151911, 205
426, 25, 20, 116, 64, 0, 4.81%, 0, 0, 5, 20344.16, 8259409, 205
431, 25, 20, 116, 64, 0, 4.81%, 0, 0, 5, 19467.90, 8355547, 205
436, 26, 11, 116, 64, 0, 4.81%, 0, 0, 5, 18199.12, 8445845, 205
441, 26, 20, 116, 63, 0, 4.81%, 0, 0, 5, 17270.56, 8528043, 205
446, 26, 20, 116, 63, 0, 4.81%, 0, 0, 5, 15414.74, 8607045, 205
451, 27, 20, 116, 63, 0, 4.81%, 0, 0, 5, 17823.67, 8699849, 205
456, 27, 20, 116, 63, 0, 4.81%, 0, 0, 5, 18840.73, 8794958, 205
462, 27, 20, 116, 63, 0, 4.81%, 0, 0, 5, 19445.23, 8891554, 205
467, 28, 20, 116, 63, 0, 4.81%, 0, 0, 5, 16771.69, 8978250, 205
472, 28, 28, 116, 62, 0, 4.81%, 0, 0, 5, 17257.68, 9068350, 205
477, 28, 20, 116, 62, 0, 4.81%, 0, 0, 5, 17021.82, 9156275, 205
482, 28, 20, 116, 61, 0, 4.81%, 0, 0, 5, 18116.25, 9249515, 205
487, 29, 20, 116, 60, 0, 4.81%, 0, 0, 5, 16234.13, 9331611, 205
493, 29, 20, 116, 60, 0, 4.81%, 0, 0, 5, 17591.20, 9423284, 205
498, 29, 20, 116, 60, 0, 4.81%, 0, 0, 5, 19869.61, 9530775, 205
503, 30, 20, 116, 60, 0, 4.81%, 0, 0, 5, 21501.69, 9644922, 205
508, 30, 20, 116, 60, 0, 4.81%, 0, 0, 5, 16506.51, 9726279, 205
513, 30, 20, 116, 59, 0, 4.81%, 0, 0, 5, 17794.38, 9821056, 205
518, 31, 16, 116, 58, 0, 4.81%, 0, 0, 5, 17207.81, 9909389, 205
523, 31, 20, 116, 57, 0, 4.81%, 0, 0, 5, 18318.00, 10002823, 205
529, 31, 20, 116, 57, 0, 4.81%, 0, 0, 5, 17864.81, 10094034, 205
534, 31, 20, 116, 57, 0, 4.81%, 0, 0, 5, 16824.25, 10178644, 205
539, 32, 40, 116, 57, 0, 4.81%, 0, 0, 5, 16388.12, 10268188, 205
544, 32, 16, 116, 57, 0, 4.81%, 0, 0, 5, 16500.29, 10352214, 205
549, 32, 20, 116, 57, 0, 4.81%, 0, 0, 5, 11321.23, 10408394, 205
554, 32, 16, 116, 57, 0, 4.81%, 0, 0, 5, 12061.51, 10468224, 205
559, 33, 67, 116, 56, 0, 4.81%, 0, 0, 5, 12762.34, 10527832, 205
564, 33, 28, 116, 54, 0, 4.81%, 0, 0, 5, 19792.64, 10637714, 205
570, 33, 20, 116, 54, 0, 4.81%, 0, 0, 5, 20357.12, 10741934, 205
575, 34, 20, 116, 54, 0, 4.81%, 0, 0, 5, 22266.17, 10857205, 205
580, 34, 20, 116, 54, 0, 4.81%, 0, 0, 5, 20581.42, 10962764, 205
585, 34, 20, 116, 54, 0, 4.81%, 0, 0, 5, 22269.06, 11077235, 205
590, 35, 20, 116, 54, 0, 4.81%, 0, 0, 5, 21386.99, 11182824, 205
595, 35, 28, 116, 53, 0, 4.81%, 0, 0, 5, 22233.78, 11295329, 205
600, 35, 20, 116, 52, 0, 4.81%, 0, 0, 5, 23819.27, 11411851, 205
606, 36, 37, 116, 52, 0, 4.81%, 0, 0, 5, 18694.03, 11508256, 205
611, 36, 97, 116, 52, 0, 4.81%, 0, 0, 5, 12207.63, 11569771, 205
616, 36, 49, 116, 50, 0, 4.81%, 0, 0, 5, 11126.31, 11624587, 205
621, 36, 20, 116, 50, 0, 4.81%, 0, 0, 5, 12304.46, 11692626, 205
626, 37, 20, 117, 51, 0, 4.81%, 0, 0, 5, 17036.42, 11780714, 205
631, 37, 20, 117, 51, 0, 4.81%, 0, 0, 5, 12329.85, 11843862, 205
636, 37, 20, 117, 51, 0, 4.81%, 0, 0, 5, 17938.06, 11938184, 205
642, 37, 16, 117, 51, 0, 4.81%, 0, 0, 5, 19331.18, 12039243, 205
647, 38, 20, 117, 51, 0, 4.81%, 0, 0, 5, 19190.19, 12139492, 205
652, 38, 28, 117, 51, 0, 4.81%, 0, 0, 5, 19878.92, 12239508, 205
657, 38, 20, 117, 51, 0, 4.81%, 0, 0, 5, 17926.11, 12330055, 205
662, 39, 20, 117, 50, 0, 4.81%, 0, 0, 5, 19030.36, 12418737, 205
667, 39, 20, 117, 48, 0, 4.81%, 0, 0, 5, 20348.64, 12528886, 205
672, 39, 28, 117, 48, 0, 4.81%, 0, 0, 5, 20323.50, 12627112, 205
677, 40, 16, 117, 48, 0, 4.81%, 0, 0, 5, 20098.25, 12733994, 205
683, 40, 37, 117, 47, 0, 4.81%, 0, 0, 5, 19827.88, 12837106, 205
688, 40, 20, 117, 47, 0, 4.81%, 0, 0, 5, 20321.53, 12940457, 205
693, 41, 20, 117, 47, 0, 4.81%, 0, 0, 5, 21307.98, 13043225, 205
698, 41, 20, 117, 47, 0, 4.81%, 0, 0, 5, 20540.20, 13149767, 205
703, 41, 37, 117, 47, 0, 4.81%, 0, 0, 5, 21822.54, 13263717, 205
708, 42, 28, 117, 47, 0, 4.81%, 0, 0, 5, 20204.92, 13370438, 205
713, 42, 20, 117, 47, 0, 4.81%, 0, 0, 5, 22040.37, 13485474, 205
718, 42, 28, 117, 47, 0, 4.81%, 0, 0, 5, 20834.36, 13598724, 205
724, 43, 28, 117, 47, 0, 4.81%, 0, 0, 5, 20847.11, 13709872, 205
729, 43, 20, 117, 47, 0, 4.81%, 0, 0, 5, 19667.66, 13809402, 205
734, 43, 20, 117, 46, 0, 4.81%, 0, 0, 5, 21159.90, 13918531, 205
739, 44, 20, 117, 46, 0, 4.81%, 0, 0, 5, 21254.66, 14032479, 205
744, 44, 37, 117, 46, 0, 4.81%, 0, 0, 5, 21639.30, 14146958, 205
749, 44, 20, 117, 46, 0, 4.81%, 0, 0, 5, 20580.35, 14253892, 205
754, 45, 20, 117, 45, 0, 4.81%, 0, 0, 5, 21984.82, 14371404, 205
760, 45, 37, 117, 45, 0, 4.81%, 0, 0, 5, 20375.82, 14475454, 205
765, 46, 26, 117, 45, 0, 4.81%, 0, 0, 5, 21522.86, 14589700, 205
770, 46, 20, 117, 45, 0, 4.81%, 0, 0, 5, 20057.21, 14685504, 205
775, 46, 20, 117, 45, 0, 4.81%, 0, 0, 5, 21155.54, 14796100, 205
780, 47, 20, 117, 43, 0, 4.81%, 0, 0, 5, 20212.47, 14899323, 205
785, 47, 20, 117, 43, 0, 4.81%, 0, 0, 5, 21614.07, 15010707, 205
790, 47, 25, 117, 43, 0, 4.81%, 0, 0, 5, 21243.49, 15119365, 205
796, 48, 20, 117, 43, 0, 4.81%, 0, 0, 5, 21885.69, 15231712, 205
801, 48, 20, 117, 42, 0, 4.81%, 0, 0, 5, 20767.20, 15329959, 205
806, 48, 37, 117, 42, 0, 4.81%, 0, 0, 5, 21805.42, 15443653, 205
811, 49, 20, 117, 41, 0, 4.81%, 0, 0, 5, 19494.82, 15537937, 205
816, 49, 49, 117, 40, 0, 4.81%, 0, 0, 5, 18258.74, 15622574, 205
821, 49, 37, 117, 40, 0, 4.81%, 0, 0, 5, 19744.33, 15723350, 205
826, 50, 28, 117, 40, 0, 4.81%, 0, 0, 5, 18995.72, 15822567, 205
831, 50, 20, 117, 40, 0, 4.81%, 0, 0, 5, 12892.98, 15882694, 205
836, 50, 20, 117, 40, 0, 4.81%, 0, 0, 5, 15564.53, 15961867, 205
841, 50, 20, 117, 40, 0, 4.81%, 0, 0, 5, 16028.91, 16046057, 205
846, 51, 37, 117, 40, 0, 4.81%, 0, 0, 5, 21103.69, 16162458, 205
852, 51, 28, 117, 40, 0, 4.81%, 0, 0, 5, 20663.78, 16266137, 205
857, 51, 28, 117, 39, 0, 4.81%, 0, 0, 5, 20750.46, 16378264, 205
862, 52, 20, 117, 39, 0, 4.81%, 0, 0, 5, 21521.58, 16486568, 205
867, 52, 20, 117, 39, 0, 4.81%, 0, 0, 5, 23249.16, 16609504, 205
872, 52, 20, 117, 39, 0, 4.81%, 0, 0, 5, 23066.91, 16722552, 205
877, 53, 28, 117, 39, 0, 4.81%, 0, 0, 5, 19841.31, 16828549, 205
882, 53, 28, 117, 39, 0, 4.81%, 0, 0, 5, 18148.69, 16918857, 205
888, 53, 20, 117, 39, 0, 4.81%, 0, 0, 5, 16541.54, 17005389, 205
893, 54, 20, 117, 39, 0, 4.81%, 0, 0, 5, 17163.16, 17090519, 205
898, 54, 20, 117, 39, 0, 4.81%, 0, 0, 5, 20951.06, 17206790, 205
903, 54, 34, 117, 38, 0, 4.81%, 0, 0, 5, 21635.27, 17317822, 205
908, 55, 20, 117, 38, 0, 4.81%, 0, 0, 5, 20876.81, 17429497, 205
913, 55, 20, 117, 38, 0, 4.81%, 0, 0, 5, 23126.88, 17551099, 205
919, 55, 40, 117, 38, 0, 4.81%, 0, 0, 5, 21421.91, 17663482, 205
924, 56, 20, 117, 38, 0, 4.81%, 0, 0, 5, 23102.86, 17785524, 205
929, 56, 25, 117, 38, 0, 4.81%, 0, 0, 5, 20779.41, 17887759, 205
934, 57, 20, 117, 38, 0, 4.81%, 0, 0, 5, 21953.31, 18004920, 205
939, 57, 20, 117, 38, 0, 4.81%, 0, 0, 5, 20920.85, 18113683, 205
944, 57, 28, 117, 38, 0, 4.81%, 0, 0, 5, 23068.75, 18234090, 205
949, 58, 28, 117, 38, 0, 4.81%, 0, 0, 5, 21773.93, 18337887, 205
954, 58, 20, 117, 38, 0, 4.81%, 0, 0, 5, 23459.61, 18459167, 205
960, 58, 20, 117, 38, 0, 4.81%, 0, 0, 5, 22259.61, 18572610, 205
965, 59, 20, 117, 38, 0, 4.81%, 0, 0, 5, 24381.53, 18695274, 205
970, 59, 28, 117, 38, 0, 4.81%, 0, 0, 5, 21800.25, 18805034, 205
975, 60, 28, 117, 36, 0, 4.81%, 0, 0, 5, 23003.19, 18923657, 205
980, 60, 20, 117, 36, 0, 4.81%, 0, 0, 5, 24543.99, 19043377, 205
985, 60, 20, 117, 36, 0, 4.81%, 0, 0, 5, 24002.04, 19166492, 205
990, 61, 20, 117, 36, 0, 4.81%, 0, 0, 5, 21982.32, 19275333, 205
996, 61, 20, 117, 36, 0, 4.81%, 0, 0, 5, 23648.22, 19395928, 205
1001, 61, 20, 117, 36, 0, 4.81%, 0, 0, 5, 22106.84, 19507868, 205
1006, 62, 20, 117, 36, 0, 4.81%, 0, 0, 5, 22174.70, 19628122, 205
1011, 62, 20, 117, 35, 0, 4.81%, 0, 0, 5, 24704.59, 19743810, 205
1016, 63, 28, 117, 35, 0, 4.81%, 0, 0, 5, 23117.28, 19862898, 205
1021, 63, 28, 117, 35, 0, 4.81%, 0, 0, 5, 23471.64, 19981179, 205
1027, 63, 16, 117, 35, 0, 4.81%, 0, 0, 5, 21712.71, 20096368, 205
1032, 64, 20, 117, 34, 0, 4.81%, 0, 0, 5, 20073.61, 20195588, 205
1037, 64, 20, 117, 34, 0, 4.81%, 0, 0, 5, 22412.80, 20313513, 205
1042, 64, 20, 117, 34, 0, 4.81%, 0, 0, 5, 22099.42, 20424367, 205
1047, 65, 20, 117, 34, 0, 4.81%, 0, 0, 5, 21244.08, 20534037, 205
1052, 65, 20, 117, 34, 0, 4.81%, 0, 0, 5, 22376.88, 20649287, 205
1057, 65, 16, 117, 33, 0, 4.81%, 0, 0, 5, 21850.68, 20762906, 205
1063, 66, 28, 117, 33, 0, 4.81%, 0, 0, 5, 22594.99, 20879644, 205
1068, 66, 20, 117, 33, 0, 4.81%, 0, 0, 5, 20838.41, 20989263, 205
1073, 67, 20, 117, 33, 0, 4.81%, 0, 0, 5, 21777.65, 21103219, 205
1078, 67, 20, 117, 33, 0, 4.81%, 0, 0, 5, 21030.00, 21213685, 205
1083, 67, 28, 117, 33, 0, 4.81%, 0, 0, 5, 22571.91, 21330537, 205
1088, 68, 20, 117, 33, 0, 4.81%, 0, 0, 5, 21464.45, 21445874, 205
1094, 68, 20, 117, 33, 0, 4.81%, 0, 0, 5, 21930.09, 21560714, 205
1099, 68, 20, 117, 33, 0, 4.81%, 0, 0, 5, 20487.45, 21668677, 205
1104, 69, 20, 117, 33, 0, 4.81%, 0, 0, 5, 22944.41, 21787937, 205
1109, 69, 101, 117, 33, 0, 4.81%, 0, 0, 5, 21537.86, 21906954, 205
1114, 69, 20, 117, 32, 0, 4.81%, 0, 0, 5, 19637.01, 21992407, 205
1119, 70, 49, 117, 32, 0, 4.81%, 0, 0, 5, 19523.79, 22094402, 205
1124, 70, 20, 117, 32, 0, 4.81%, 0, 0, 5, 21563.94, 22207575, 205
1130, 70, 28, 117, 32, 0, 4.81%, 0, 0, 5, 20590.68, 22306159, 205
1135, 71, 20, 117, 32, 0, 4.81%, 0, 0, 5, 23994.43, 22435667, 205
1140, 71, 28, 117, 32, 0, 4.81%, 0, 0, 5, 22221.08, 22547051, 205
1145, 72, 20, 117, 32, 0, 4.81%, 0, 0, 5, 23752.29, 22670331, 205
1150, 72, 26, 117, 32, 0, 4.81%, 0, 0, 5, 22015.83, 22781679, 205
1155, 72, 20, 117, 32, 0, 4.81%, 0, 0, 5, 22835.49, 22896889, 205
1160, 73, 20, 117, 32, 0, 4.81%, 0, 0, 5, 21617.20, 23004161, 205
1166, 73, 20, 117, 32, 0, 4.81%, 0, 0, 5, 24172.49, 23132057, 205
1171, 73, 28, 117, 32, 0, 4.81%, 0, 0, 5, 21196.62, 23233088, 205
1176, 74, 49, 117, 32, 0, 4.81%, 0, 0, 5, 23059.91, 23358831, 205
1181, 74, 20, 117, 32, 0, 4.81%, 0, 0, 5, 21939.28, 23468988, 205
1186, 75, 20, 117, 32, 0, 4.81%, 0, 0, 5, 22144.69, 23587339, 205
1191, 75, 20, 117, 32, 0, 4.81%, 0, 0, 5, 19468.15, 23681877, 205
1197, 75, 40, 117, 32, 0, 4.81%, 0, 0, 5, 21692.94, 23797460, 205
1202, 76, 20, 117, 32, 0, 4.81%, 0, 0, 5, 22094.76, 23907603, 205
1207, 76, 49, 117, 32, 0, 4.81%, 0, 0, 5, 20924.27, 24019270, 205
1212, 76, 34, 117, 31, 0, 4.81%, 0, 0, 5, 21739.98, 24128589, 205
1217, 77, 20, 117, 31, 0, 4.81%, 0, 0, 5, 22552.30, 24249709, 205
1222, 77, 20, 117, 31, 0, 4.81%, 0, 0, 5, 22743.91, 24361746, 205
1227, 78, 34, 117, 31, 0, 4.81%, 0, 0, 5, 21526.53, 24473984, 205
1232, 78, 26, 117, 31, 0, 4.81%, 0, 0, 5, 23786.78, 24591199, 205
1237, 78, 20, 117, 31, 0, 4.81%, 0, 0, 5, 23555.10, 24716891, 205
1243, 79, 20, 117, 31, 0, 4.81%, 0, 0, 5, 21457.62, 24820134, 205
1248, 79, 20, 117, 31, 0, 4.81%, 0, 0, 5, 18329.72, 24918636, 205
1253, 79, 20, 117, 31, 0, 4.81%, 0, 0, 5, 24244.34, 25041473, 205
1258, 80, 20, 117, 31, 0, 4.81%, 0, 0, 5, 20680.41, 25143627, 205
1263, 80, 28, 117, 31, 0, 4.81%, 0, 0, 5, 22686.55, 25261202, 205
1268, 81, 20, 117, 30, 0, 4.81%, 0, 0, 5, 20532.95, 25369563, 205
1273, 81, 16, 117, 29, 0, 4.81%, 0, 0, 5, 23395.84, 25488943, 205
1278, 81, 20, 117, 29, 0, 4.81%, 0, 0, 5, 20056.19, 25591612, 205
1284, 82, 20, 117, 29, 0, 4.81%, 0, 0, 5, 22858.64, 25706577, 205
1289, 82, 16, 117, 29, 0, 4.81%, 0, 0, 5, 19965.61, 25810180, 205
1294, 82, 28, 117, 29, 0, 4.81%, 0, 0, 5, 21551.91, 25925455, 205
1299, 83, 28, 117, 29, 0, 4.81%, 0, 0, 5, 20619.91, 26031313, 205
1304, 83, 28, 117, 29, 0, 4.81%, 0, 0, 5, 22085.77, 26148774, 205
1309, 83, 20, 117, 29, 0, 4.81%, 0, 0, 5, 20000.58, 26251476, 205
1315, 84, 20, 117, 29, 0, 4.81%, 0, 0, 5, 21845.74, 26368296, 205
1320, 84, 20, 117, 29, 0, 4.81%, 0, 0, 5, 21633.20, 26480193, 205
1325, 85, 26, 117, 29, 0, 4.81%, 0, 0, 5, 21421.43, 26589239, 205
1330, 85, 20, 117, 29, 0, 4.81%, 0, 0, 5, 23376.85, 26701523, 205
1335, 85, 37, 117, 29, 0, 4.81%, 0, 0, 5, 24132.10, 26830322, 205
1340, 86, 20, 117, 29, 0, 4.81%, 0, 0, 5, 22241.43, 26944098, 205
1345, 86, 36, 117, 29, 0, 4.81%, 0, 0, 5, 23757.62, 27066482, 205
1350, 87, 20, 117, 29, 0, 4.81%, 0, 0, 5, 23940.41, 27179599, 205
1355, 87, 16, 117, 28, 0, 4.81%, 0, 0, 5, 19597.08, 27272993, 205
1360, 87, 20, 117, 28, 0, 4.81%, 0, 0, 5, 23137.48, 27392589, 205
1366, 88, 20, 117, 28, 0, 4.81%, 0, 0, 5, 22105.35, 27505902, 205
1371, 88, 20, 117, 28, 0, 4.81%, 0, 0, 5, 21277.79, 27609919, 205
1376, 88, 20, 117, 28, 0, 4.81%, 0, 0, 5, 22547.78, 27728050, 205
1381, 89, 20, 117, 28, 0, 4.81%, 0, 0, 5, 21529.44, 27836172, 205
1386, 89, 20, 117, 28, 0, 4.81%, 0, 0, 5, 23838.40, 27957738, 205
1391, 89, 37, 117, 28, 0, 4.81%, 0, 0, 5, 21402.05, 28058559, 205
1396, 90, 28, 117, 28, 0, 4.81%, 0, 0, 5, 23800.77, 28184320, 205
1402, 90, 20, 117, 28, 0, 4.81%, 0, 0, 5, 21672.21, 28290201, 205
1407, 91, 20, 117, 28, 0, 4.81%, 0, 0, 5, 22133.79, 28404120, 205
1412, 91, 28, 117, 28, 0, 4.81%, 0, 0, 5, 22793.23, 28518621, 205
1417, 91, 20, 117, 28, 0, 4.81%, 0, 0, 5, 23218.38, 28637110, 205
1422, 92, 20, 117, 28, 0, 4.81%, 0, 0, 5, 21918.67, 28746626, 205
1427, 92, 28, 117, 28, 0, 4.81%, 0, 0, 5, 20215.59, 28853716, 205
1432, 92, 20, 117, 28, 0, 4.81%, 0, 0, 5, 22405.50, 28970382, 205
1437, 93, 20, 117, 28, 0, 4.81%, 0, 0, 5, 21118.33, 29079273, 205
1442, 93, 20, 117, 28, 0, 4.81%, 0, 0, 5, 20967.29, 29183046, 205
1448, 93, 20, 117, 28, 0, 4.81%, 0, 0, 5, 20850.79, 29292452, 205
1453, 94, 28, 117, 28, 0, 4.81%, 0, 0, 5, 23007.19, 29411106, 205
1458, 94, 28, 117, 28, 0, 4.81%, 0, 0, 5, 23383.45, 29537680, 205
1463, 95, 20, 117, 28, 0, 4.81%, 0, 0, 5, 23631.41, 29654187, 205
1468, 95, 20, 117, 28, 0, 4.81%, 0, 0, 5, 20951.94, 29760596, 205
1473, 95, 20, 117, 28, 0, 4.81%, 0, 0, 5, 23457.82, 29886165, 205
1478, 96, 20, 117, 28, 0, 4.81%, 0, 0, 5, 20804.95, 29995034, 205
1484, 96, 34, 117, 27, 0, 4.81%, 0, 0, 5, 23181.40, 30122836, 205
1489, 97, 28, 118, 28, 0, 4.81%, 0, 0, 5, 20053.98, 30228938, 205
1494, 97, 20, 118, 28, 0, 4.81%, 0, 0, 5, 22816.02, 30348932, 205
1499, 97, 16, 118, 28, 0, 4.81%, 0, 0, 5, 22216.97, 30461935, 205
1504, 98, 20, 118, 28, 0, 4.81%, 0, 0, 5, 23515.06, 30584233, 205
1509, 98, 28, 118, 28, 0, 4.81%, 0, 0, 5, 21351.13, 30693289, 205
1514, 99, 16, 118, 28, 0, 4.81%, 0, 0, 5, 24248.27, 30821458, 205
1520, 99, 40, 118, 28, 0, 4.81%, 0, 0, 5, 22131.30, 30930690, 205
1525, 99, 108, 118, 28, 0, 4.81%, 0, 0, 5, 19846.66, 31032263, 205
1530, 99, 20, 118, 28, 0, 4.81%, 0, 0, 5, 20694.44, 31129696, 205
1535, 100, 20, 118, 28, 0, 4.81%, 0, 0, 5, 23238.79, 31252462, 205
1540, 100, 20, 118, 28, 0, 4.81%, 0, 0, 5, 23537.33, 31367728, 205
1545, 101, 28, 118, 28, 0, 4.81%, 0, 0, 5, 23907.89, 31489742, 205
1550, 101, 20, 118, 28, 0, 4.81%, 0, 0, 5, 22295.60, 31596371, 205
1555, 101, 20, 118, 27, 0, 4.81%, 0, 0, 5, 22977.78, 31704427, 205
1560, 102, 20, 118, 27, 0, 4.81%, 0, 0, 5, 22329.94, 31812218, 205
1566, 102, 20, 118, 27, 0, 4.81%, 0, 0, 5, 23317.60, 31933449, 205
1571, 103, 20, 121, 30, 0, 4.81%, 0, 0, 5, 22662.81, 32042590, 205
1576, 103, 16, 121, 29, 0, 4.81%, 0, 0, 5, 23364.42, 32164214, 205
1581, 103, 16, 121, 29, 0, 4.81%, 0, 0, 5, 22556.13, 32274638, 205
1586, 104, 28, 121, 29, 0, 4.81%, 0, 0, 5, 24250.50, 32401414, 205
1591, 104, 20, 121, 29, 0, 4.81%, 0, 0, 5, 22938.75, 32515511, 205
1596, 104, 20, 121, 29, 0, 4.81%, 0, 0, 5, 23394.52, 32638494, 205
1602, 105, 20, 121, 29, 0, 4.81%, 0, 0, 5, 22818.03, 32752011, 205
1607, 105, 20, 121, 29, 0, 4.81%, 0, 0, 5, 22018.67, 32868977, 205
1612, 105, 20, 121, 29, 0, 4.81%, 0, 0, 5, 21978.31, 32978183, 205
1617, 106, 28, 121, 29, 0, 4.81%, 0, 0, 5, 24431.74, 33108796, 205
1622, 106, 20, 121, 29, 0, 4.81%, 0, 0, 5, 22917.95, 33225629, 205
1627, 107, 28, 121, 29, 0, 4.81%, 0, 0, 5, 22652.89, 33347166, 205
1632, 107, 49, 121, 28, 0, 4.81%, 0, 0, 5, 22126.66, 33458317, 205
1638, 107, 20, 121, 28, 0, 4.81%, 0, 0, 5, 21673.82, 33573878, 205
1643, 108, 20, 121, 28, 0, 4.81%, 0, 0, 5, 22016.94, 33685567, 205
1648, 108, 20, 121, 28, 0, 4.81%, 0, 0, 5, 21721.13, 33799393, 205
1653, 108, 20, 121, 28, 0, 4.81%, 0, 0, 5, 21764.69, 33912510, 205
1658, 109, 20, 121, 28, 0, 4.81%, 0, 0, 5, 20892.72, 34022070, 205
1663, 109, 20, 121, 28, 0, 4.81%, 0, 0, 5, 25063.87, 34152152, 205
1668, 110, 20, 121, 28, 0, 4.81%, 0, 0, 5, 20753.27, 34259027, 205
1674, 110, 20, 121, 28, 0, 4.81%, 0, 0, 5, 22101.80, 34379606, 205
1679, 110, 20, 121, 27, 0, 4.81%, 0, 0, 5, 22494.70, 34497588, 205
1684, 111, 20, 121, 27, 0, 4.81%, 0, 0, 5, 23077.07, 34614452, 205
1689, 111, 20, 121, 27, 0, 4.81%, 0, 0, 5, 20696.19, 34722040, 205
1694, 111, 20, 121, 27, 0, 4.81%, 0, 0, 5, 23568.80, 34845565, 205
1699, 112, 20, 121, 27, 0, 4.81%, 0, 0, 5, 22423.83, 34966269, 205
1704, 112, 28, 121, 27, 0, 4.81%, 0, 0, 5, 23171.80, 35087203, 205
1710, 113, 34, 121, 27, 0, 4.81%, 0, 0, 5, 21741.30, 35202435, 205
1715, 113, 28, 121, 27, 0, 4.81%, 0, 0, 5, 22389.61, 35320819, 205
1720, 113, 20, 121, 27, 0, 4.81%, 0, 0, 5, 22017.87, 35436230, 205
1725, 114, 20, 121, 27, 0, 4.81%, 0, 0, 5, 22998.71, 35555196, 205
1730, 114, 20, 121, 27, 0, 4.81%, 0, 0, 5, 20695.54, 35653627, 205
1735, 114, 20, 121, 27, 0, 4.81%, 0, 0, 5, 23125.82, 35774680, 205
1740, 115, 20, 121, 27, 0, 4.81%, 0, 0, 5, 19961.44, 35866718, 205
1745, 115, 20, 121, 27, 0, 4.81%, 0, 0, 5, 22540.57, 35983735, 205
1750, 115, 20, 121, 27, 0, 4.81%, 0, 0, 5, 21425.46, 36091450, 205
1755, 116, 20, 121, 27, 0, 4.81%, 0, 0, 5, 23516.92, 36207651, 205
1760, 116, 20, 121, 27, 0, 4.81%, 0, 0, 5, 21945.94, 36317504, 205
1766, 116, 20, 121, 27, 0, 4.81%, 0, 0, 5, 21849.22, 36430956, 205
1771, 117, 28, 121, 26, 0, 4.81%, 0, 0, 5, 20722.46, 36532046, 205
1776, 117, 20, 121, 26, 0, 4.81%, 0, 0, 5, 22790.46, 36652051, 205
1781, 117, 20, 121, 26, 0, 4.81%, 0, 0, 5, 22163.89, 36761451, 205
1786, 118, 20, 121, 26, 0, 4.81%, 0, 0, 5, 20570.24, 36867099, 205
1791, 118, 40, 121, 26, 0, 4.81%, 0, 0, 5, 19689.42, 36963767, 205
1796, 118, 28, 121, 25, 0, 4.81%, 0, 0, 5, 21150.43, 37074402, 205
1802, 119, 20, 121, 25, 0, 4.81%, 0, 0, 5, 20866.07, 37181466, 205
1807, 119, 20, 121, 25, 0, 4.81%, 0, 0, 5, 21460.14, 37294009, 205
1812, 120, 20, 121, 25, 0, 4.81%, 0, 0, 5, 21840.87, 37405458, 205
1817, 120, 20, 121, 25, 0, 4.81%, 0, 0, 5, 21406.62, 37518643, 205
1822, 120, 28, 121, 25, 0, 4.81%, 0, 0, 5, 21467.77, 37628049, 205
1828, 121, 20, 121, 25, 0, 4.81%, 0, 0, 5, 23512.06, 37753298, 205
1833, 121, 40, 121, 25, 0, 4.81%, 0, 0, 5, 22004.62, 37862580, 205
1838, 121, 20, 121, 25, 0, 4.81%, 0, 0, 5, 22104.15, 37982896, 205
1843, 122, 20, 121, 25, 0, 4.81%, 0, 0, 5, 23555.62, 38100476, 205
1848, 122, 28, 121, 25, 0, 4.81%, 0, 0, 5, 20188.50, 38206318, 205
1853, 122, 16, 121, 25, 0, 4.81%, 0, 0, 5, 21953.51, 38319217, 205
1858, 123, 28, 121, 25, 0, 4.81%, 0, 0, 5, 20600.09, 38424929, 205
1864, 123, 20, 121, 25, 0, 4.81%, 0, 0, 5, 23930.71, 38549827, 205
1869, 124, 37, 121, 25, 0, 4.81%, 0, 0, 5, 21141.25, 38659438, 205
1874, 124, 20, 121, 25, 0, 4.81%, 0, 0, 5, 21925.15, 38775903, 205
1879, 124, 28, 121, 25, 0, 4.81%, 0, 0, 5, 20405.08, 38881486, 205
1884, 125, 20, 121, 25, 0, 4.81%, 0, 0, 5, 21834.19, 38995866, 205
1889, 125, 20, 121, 25, 0, 4.81%, 0, 0, 5, 20452.79, 39101793, 205
1895, 125, 20, 121, 25, 0, 4.81%, 0, 0, 5, 23406.68, 39225964, 205
1900, 126, 28, 121, 25, 0, 4.81%, 0, 0, 5, 21541.69, 39335810, 205
1905, 126, 28, 121, 25, 0, 4.81%, 0, 0, 5, 23865.26, 39461976, 205
1910, 126, 28, 121, 25, 0, 4.81%, 0, 0, 5, 20665.97, 39556193, 205
1915, 127, 20, 121, 25, 0, 4.81%, 0, 0, 5, 22177.37, 39674292, 205
1920, 127, 20, 121, 25, 0, 4.81%, 0, 0, 5, 21180.19, 39783421, 205
1925, 127, 28, 121, 25, 0, 4.81%, 0, 0, 5, 22602.38, 39903090, 205
1931, 128, 28, 121, 25, 0, 4.81%, 0, 0, 5, 21510.14, 40009928, 205
1936, 128, 20, 121, 25, 0, 4.81%, 0, 0, 5, 21765.10, 40125132, 205
1941, 129, 20, 121, 25, 0, 4.81%, 0, 0, 5, 21016.84, 40229519, 205
1946, 129, 28, 121, 25, 0, 4.81%, 0, 0, 5, 23643.75, 40355603, 205
1951, 129, 20, 121, 25, 0, 4.81%, 0, 0, 5, 20994.20, 40457822, 205
1956, 130, 20, 121, 25, 0, 4.81%, 0, 0, 5, 21909.53, 40573112, 205
1961, 130, 20, 121, 25, 0, 4.81%, 0, 0, 5, 21429.20, 40678874, 205
1966, 130, 20, 121, 25, 0, 4.81%, 0, 0, 5, 20057.41, 40783896, 205
1972, 131, 20, 121, 25, 0, 4.81%, 0, 0, 5, 20664.13, 40886764, 205
1977, 131, 20, 121, 25, 0, 4.81%, 0, 0, 5, 23219.38, 41010626, 205
1982, 131, 20, 121, 25, 0, 4.81%, 0, 0, 5, 23266.21, 41125376, 205
1987, 132, 25, 121, 25, 0, 4.81%, 0, 0, 5, 22568.75, 41242957, 205
1992, 132, 20, 121, 25, 0, 4.81%, 0, 0, 5, 23391.59, 41363127, 205
1997, 133, 28, 121, 25, 0, 4.81%, 0, 0, 5, 22315.90, 41477834, 205
2002, 133, 20, 121, 25, 0, 4.81%, 0, 0, 5, 24840.27, 41600669, 205
2007, 133, 20, 121, 25, 0, 4.81%, 0, 0, 5, 22876.37, 41718947, 205
2013, 134, 20, 121, 25, 0, 4.81%, 0, 0, 5, 21844.45, 41828952, 205
2018, 134, 83, 121, 25, 0, 4.81%, 0, 0, 5, 19864.83, 41932694, 205
2023, 134, 20, 121, 24, 0, 4.81%, 0, 0, 5, 22924.81, 42045586, 205
2028, 135, 20, 121, 23, 0, 4.81%, 0, 0, 5, 20203.29, 42148563, 205
2033, 135, 37, 121, 23, 0, 4.81%, 0, 0, 5, 23330.61, 42269374, 205
2038, 135, 20, 121, 23, 0, 4.81%, 0, 0, 5, 21719.71, 42391931, 205
2043, 136, 20, 121, 23, 0, 4.81%, 0, 0, 5, 23340.35, 42510120, 205
2048, 136, 20, 121, 23, 0, 4.81%, 0, 0, 5, 21353.31, 42619960, 205
2054, 136, 37, 121, 23, 0, 4.81%, 0, 0, 5, 22475.34, 42736026, 205
2059, 137, 16, 121, 23, 0, 4.81%, 0, 0, 5, 21104.61, 42845238, 205
2064, 137, 28, 121, 23, 0, 4.81%, 0, 0, 5, 24053.73, 42976429, 205
2069, 138, 20, 121, 23, 0, 4.81%, 0, 0, 5, 22718.94, 43094477, 205
2074, 138, 20, 121, 23, 0, 4.81%, 0, 0, 5, 22636.04, 43211912, 205
2080, 138, 20, 121, 23, 0, 4.81%, 0, 0, 5, 20407.62, 43316103, 205
2085, 139, 20, 121, 23, 0, 4.81%, 0, 0, 5, 22810.34, 43433954, 205
2090, 139, 20, 121, 23, 0, 4.81%, 0, 0, 5, 20062.37, 43524801, 205
2095, 139, 37, 121, 23, 0, 4.81%, 0, 0, 5, 21102.31, 43636250, 205
2100, 140, 20, 121, 23, 0, 4.81%, 0, 0, 5, 22476.14, 43747991, 205
2105, 140, 28, 121, 23, 0, 4.81%, 0, 0, 5, 24033.28, 43872384, 205
2110, 140, 20, 121, 23, 0, 4.81%, 0, 0, 5, 21704.67, 43979359, 205
2115, 141, 20, 121, 23, 0, 4.81%, 0, 0, 5, 21770.89, 44091938, 205
2121, 141, 20, 121, 23, 0, 4.81%, 0, 0, 5, 21067.46, 44196071, 205
2126, 141, 20, 121, 23, 0, 4.81%, 0, 0, 5, 22154.25, 44310557, 205
2131, 142, 20, 121, 23, 0, 4.81%, 0, 0, 5, 21830.20, 44417908, 205
2136, 142, 20, 121, 23, 0, 4.81%, 0, 0, 5, 22467.86, 44538931, 205
2141, 143, 20, 121, 23, 0, 4.81%, 0, 0, 5, 21745.52, 44643782, 205
2146, 143, 28, 121, 23, 0, 4.81%, 0, 0, 5, 21550.57, 44763277, 205
2151, 143, 28, 121, 23, 0, 4.81%, 0, 0, 5, 20681.84, 44865668, 205
2157, 144, 20, 121, 23, 0, 4.81%, 0, 0, 5, 21723.11, 44980800, 205
2162, 144, 49, 121, 23, 0, 4.81%, 0, 0, 5, 21737.95, 45090649, 205
2167, 144, 28, 121, 23, 0, 4.81%, 0, 0, 5, 22778.77, 45208122, 205
2172, 145, 20, 121, 23, 0, 4.81%, 0, 0, 5, 21456.61, 45313977, 205
2177, 145, 20, 121, 23, 0, 4.81%, 0, 0, 5, 21981.14, 45429354, 205
2182, 145, 20, 121, 23, 0, 4.81%, 0, 0, 5, 22442.14, 45540007, 205
2187, 146, 20, 121, 23, 0, 4.81%, 0, 0, 5, 22008.82, 45660302, 205
2192, 146, 20, 121, 23, 0, 4.81%, 0, 0, 5, 22271.28, 45777227, 205
2198, 147, 20, 121, 23, 0, 4.81%, 0, 0, 5, 22916.86, 45899293, 205
2203, 147, 40, 121, 23, 0, 4.81%, 0, 0, 5, 23758.89, 46020752, 205
2208, 147, 20, 121, 23, 0, 4.81%, 0, 0, 5, 20027.47, 46125244, 205
2213, 148, 20, 121, 23, 0, 4.81%, 0, 0, 5, 21651.17, 46238074, 205
2218, 148, 20, 121, 22, 0, 4.81%, 0, 0, 5, 17370.91, 46325807, 205
2223, 148, 20, 121, 22, 0, 4.81%, 0, 0, 5, 21941.11, 46442641, 205
2229, 149, 28, 121, 22, 0, 4.81%, 0, 0, 5, 20564.31, 46551333, 205
2234, 149, 20, 121, 22, 0, 4.81%, 0, 0, 5, 22328.86, 46666526, 205
2239, 149, 20, 121, 21, 0, 4.81%, 0, 0, 5, 18949.31, 46753981, 205
2244, 150, 28, 121, 21, 0, 4.81%, 0, 0, 5, 22405.38, 46874102, 205
2249, 150, 20, 121, 21, 0, 4.81%, 0, 0, 5, 21733.75, 46985385, 205
2254, 150, 28, 121, 21, 0, 4.81%, 0, 0, 5, 22053.69, 47098137, 205
2260, 151, 20, 121, 21, 0, 4.81%, 0, 0, 5, 22538.88, 47219305, 205
2265, 151, 25, 121, 21, 0, 4.81%, 0, 0, 5, 22009.97, 47333687, 205
2270, 151, 20, 121, 21, 0, 4.81%, 0, 0, 5, 21040.99, 47440410, 205
2275, 152, 20, 121, 21, 0, 4.81%, 0, 0, 5, 23041.02, 47561332, 205
2280, 152, 20, 121, 21, 0, 4.81%, 0, 0, 5, 21352.98, 47668183, 205
2285, 153, 20, 121, 21, 0, 4.81%, 0, 0, 5, 21880.65, 47784100, 205
2290, 153, 20, 121, 21, 0, 4.81%, 0, 0, 5, 21933.08, 47892506, 205
2296, 153, 20, 121, 21, 0, 4.81%, 0, 0, 5, 22608.90, 48012387, 205
2301, 154, 20, 121, 21, 0, 4.81%, 0, 0, 5, 22883.59, 48127832, 205
2306, 154, 20, 121, 21, 0, 4.81%, 0, 0, 5, 24397.96, 48253563, 205
2311, 154, 20, 121, 21, 0, 4.81%, 0, 0, 5, 22150.15, 48361350, 205
2316, 155, 20, 121, 21, 0, 4.81%, 0, 0, 5, 22858.80, 48476787, 205
2321, 155, 28, 121, 21, 0, 4.81%, 0, 0, 5, 21415.36, 48583184, 205
2326, 156, 40, 121, 21, 0, 4.81%, 0, 0, 5, 21090.92, 48701357, 205
2332, 156, 28, 121, 21, 0, 4.81%, 0, 0, 5, 20615.06, 48804154, 205
2337, 156, 20, 121, 21, 0, 4.81%, 0, 0, 5, 23300.57, 48932846, 205
2342, 157, 16, 121, 21, 0, 4.81%, 0, 0, 5, 22358.88, 49045652, 205
2347, 157, 28, 121, 21, 0, 4.81%, 0, 0, 5, 21969.22, 49160281, 205
2352, 157, 20, 121, 21, 0, 4.81%, 0, 0, 5, 22839.99, 49275100, 205
2358, 158, 20, 121, 20, 0, 4.81%, 0, 0, 5, 20520.00, 49381620, 205
2363, 158, 20, 121, 20, 0, 4.81%, 0, 0, 5, 21509.53, 49490773, 205
2368, 158, 20, 121, 20, 0, 4.81%, 0, 0, 5, 21082.33, 49600540, 205
2373, 159, 28, 121, 20, 0, 4.81%, 0, 0, 5, 22717.92, 49715966, 205
2378, 159, 20, 121, 20, 0, 4.81%, 0, 0, 5, 20686.22, 49820152, 205
2383, 159, 20, 121, 20, 0, 4.81%, 0, 0, 5, 22641.94, 49939108, 205
2388, 160, 28, 121, 19, 0, 4.81%, 0, 0, 5, 16487.30, 50017899, 205
2393, 160, 49, 121, 19, 0, 4.81%, 0, 0, 5, 19861.47, 50127719, 205
2399, 160, 20, 121, 19, 0, 4.81%, 0, 0, 5, 20398.15, 50235492, 205
2404, 161, 37, 121, 19, 0, 4.81%, 0, 0, 5, 22471.25, 50352320, 205
2409, 161, 28, 121, 19, 0, 4.81%, 0, 0, 5, 20788.55, 50460569, 205
2414, 161, 36, 121, 19, 0, 4.81%, 0, 0, 5, 23949.58, 50583620, 205
2419, 162, 20, 121, 19, 0, 4.81%, 0, 0, 5, 20802.09, 50685042, 205
2424, 162, 20, 121, 19, 0, 4.81%, 0, 0, 5, 23222.98, 50805465, 205
2430, 163, 20, 121, 19, 0, 4.81%, 0, 0, 5, 20838.33, 50909768, 205
2435, 163, 16, 121, 19, 0, 4.81%, 0, 0, 5, 22537.72, 51031919, 205
2440, 163, 20, 121, 19, 0, 4.81%, 0, 0, 5, 22503.28, 51142070, 205
2445, 164, 20, 121, 19, 0, 4.81%, 0, 0, 5, 24302.24, 51267504, 205
2450, 164, 28, 121, 19, 0, 4.81%, 0, 0, 5, 21146.37, 51366320, 205
2455, 164, 28, 121, 19, 0, 4.81%, 0, 0, 5, 24158.23, 51493390, 205
2460, 165, 20, 121, 18, 0, 4.81%, 0, 0, 5, 22070.96, 51604074, 205
2465, 165, 20, 121, 18, 0, 4.81%, 0, 0, 5, 18625.99, 51699584, 205
2471, 165, 20, 121, 18, 0, 4.81%, 0, 0, 5, 20914.43, 51808181, 205
2476, 166, 16, 121, 18, 0, 4.81%, 0, 0, 5, 20126.41, 51917438, 205
2481, 166, 20, 121, 18, 0, 4.81%, 0, 0, 5, 21164.20, 52017328, 205
2486, 166, 20, 121, 18, 0, 4.81%, 0, 0, 5, 21782.00, 52130325, 205
2491, 167, 28, 121, 18, 0, 4.81%, 0, 0, 5, 22248.51, 52239781, 205
2496, 167, 20, 121, 18, 0, 4.81%, 0, 0, 5, 25178.98, 52372469, 205
2501, 168, 20, 121, 18, 0, 4.81%, 0, 0, 5, 22077.75, 52481018, 205
2507, 168, 20, 121, 18, 0, 4.81%, 0, 0, 5, 21002.33, 52592266, 205
2512, 168, 16, 121, 18, 0, 4.81%, 0, 0, 5, 19971.79, 52689040, 205
2517, 169, 20, 121, 18, 0, 4.81%, 0, 0, 5, 19023.60, 52792363, 205
2522, 169, 26, 121, 18, 0, 4.81%, 0, 0, 5, 15570.12, 52838975, 205
2527, 169, 28, 121, 18, 0, 4.81%, 0, 0, 5, 14539.78, 52907671, 205
2532, 169, 20, 121, 18, 0, 4.81%, 0, 0, 5, 18130.08, 53000490, 205
2538, 170, 20, 121, 18, 0, 4.81%, 0, 0, 5, 19540.28, 53112115, 205
2543, 170, 20, 121, 18, 0, 4.81%, 0, 0, 5, 22833.87, 53228616, 205
2548, 170, 20, 121, 18, 0, 4.81%, 0, 0, 5, 20099.25, 53328756, 205
2553, 171, 20, 121, 18, 0, 4.81%, 0, 0, 5, 21720.66, 53441851, 205
2558, 171, 16, 121, 18, 0, 4.81%, 0, 0, 5, 18270.99, 53534603, 205
2563, 171, 20, 121, 18, 0, 4.81%, 0, 0, 5, 20596.53, 53642489, 205
2568, 172, 34, 121, 18, 0, 4.81%, 0, 0, 5, 16148.60, 53728798, 205
2574, 172, 20, 121, 18, 0, 4.81%, 0, 0, 5, 17088.71, 53815589, 205
2579, 172, 16, 121, 18, 0, 4.81%, 0, 0, 5, 14970.13, 53894606, 205
2584, 172, 20, 121, 18, 0, 4.81%, 0, 0, 5, 13361.93, 53964364, 205
2589, 173, 20, 121, 18, 0, 4.81%, 0, 0, 5, 16735.46, 54059222, 205
2594, 173, 20, 121, 18, 0, 4.81%, 0, 0, 5, 18130.42, 54154932, 205
2599, 173, 20, 121, 18, 0, 4.81%, 0, 0, 5, 19188.28, 54256541, 205
2605, 174, 28, 121, 18, 0, 4.81%, 0, 0, 5, 19988.68, 54360029, 205
2610, 174, 28, 121, 18, 0, 4.81%, 0, 0, 5, 18692.62, 54457019, 205
2615, 174, 40, 121, 18, 0, 4.81%, 0, 0, 5, 14531.35, 54524691, 205
2620, 175, 20, 121, 18, 0, 4.81%, 0, 0, 5, 18118.61, 54614325, 205
2625, 175, 20, 121, 18, 0, 4.81%, 0, 0, 5, 22159.56, 54731376, 205
2630, 175, 25, 121, 18, 0, 4.81%, 0, 0, 5, 19476.77, 54823393, 205
2635, 176, 28, 121, 18, 0, 4.81%, 0, 0, 5, 22079.86, 54936301, 205
2641, 176, 20, 121, 18, 0, 4.81%, 0, 0, 5, 21487.53, 55045383, 205
2646, 176, 20, 121, 18, 0, 4.81%, 0, 0, 5, 19411.85, 55142909, 205
2651, 176, 20, 121, 18, 0, 4.81%, 0, 0, 5, 14749.90, 55214340, 205
2656, 177, 28, 121, 18, 0, 4.81%, 0, 0, 5, 15677.27, 55305604, 205
2661, 177, 20, 121, 18, 0, 4.81%, 0, 0, 5, 15510.67, 55385573, 205
2666, 177, 20, 121, 18, 0, 4.81%, 0, 0, 5, 19047.06, 55483612, 205
2671, 178, 28, 121, 18, 0, 4.81%, 0, 0, 5, 21007.01, 55591027, 205
2677, 178, 95, 121, 18, 0, 4.81%, 0, 0, 5, 18617.89, 55698761, 205
2682, 178, 37, 121, 17, 0, 4.81%, 0, 0, 5, 19777.47, 55800951, 205
2687, 179, 20, 121, 17, 0, 4.81%, 0, 0, 5, 19142.97, 55902051, 205
2692, 179, 20, 121, 17, 0, 4.81%, 0, 0, 5, 19361.45, 55998042, 205
2697, 179, 20, 121, 17, 0, 4.81%, 0, 0, 5, 17159.72, 56083354, 205
2702, 180, 20, 121, 17, 0, 4.81%, 0, 0, 5, 18785.23, 56179350, 205
2707, 180, 28, 121, 17, 0, 4.81%, 0, 0, 5, 20628.87, 56290060, 205
2713, 180, 20, 121, 16, 0, 4.81%, 0, 0, 5, 15885.36, 56363076, 205
2718, 180, 25, 121, 16, 0, 4.81%, 0, 0, 5, 14790.02, 56432597, 205
2723, 181, 20, 121, 16, 0, 4.81%, 0, 0, 5, 14118.93, 56510299, 205
2728, 181, 20, 121, 16, 0, 4.81%, 0, 0, 5, 16735.10, 56606208, 205
2733, 181, 49, 121, 16, 0, 4.81%, 0, 0, 5, 13977.65, 56677027, 205
2738, 181, 20, 121, 16, 0, 4.81%, 0, 0, 5, 17595.80, 56772669, 205
2743, 182, 20, 121, 16, 0, 4.81%, 0, 0, 5, 20580.21, 56880801, 205
2748, 182, 26, 121, 16, 0, 4.81%, 0, 0, 5, 18639.52, 56974415, 205
2754, 182, 28, 121, 16, 0, 4.81%, 0, 0, 5, 19956.48, 57076015, 205
2759, 182, 20, 121, 15, 0, 4.81%, 0, 0, 5, 14891.88, 57143492, 205
2764, 183, 20, 121, 15, 0, 4.81%, 0, 0, 5, 14804.71, 57218049, 205
2769, 183, 20, 121, 15, 0, 4.81%, 0, 0, 5, 16627.77, 57309800, 205
2774, 183, 20, 121, 15, 0, 4.81%, 0, 0, 5, 19076.39, 57412882, 205
2779, 184, 16, 121, 15, 0, 4.81%, 0, 0, 5, 17755.45, 57502689, 205
2784, 184, 16, 121, 15, 0, 4.81%, 0, 0, 5, 19784.38, 57605894, 205
2790, 184, 20, 121, 15, 0, 4.81%, 0, 0, 5, 18747.83, 57701103, 205
2795, 185, 28, 121, 15, 0, 4.81%, 0, 0, 5, 18793.62, 57795122, 205
2800, 185, 20, 121, 15, 0, 4.81%, 0, 0, 5, 20029.33, 57897934, 205
2805, 185, 20, 121, 15, 0, 4.81%, 0, 0, 5, 22337.59, 58013494, 205
2810, 186, 20, 121, 14, 0, 4.81%, 0, 0, 5, 19699.28, 58109729, 205
2815, 186, 20, 121, 14, 0, 4.81%, 0, 0, 5, 21759.23, 58225229, 205
2820, 186, 20, 121, 14, 0, 4.81%, 0, 0, 5, 21984.21, 58335015, 205
2825, 187, 20, 121, 14, 0, 4.81%, 0, 0, 5, 21893.35, 58449140, 205
2831, 187, 20, 121, 14, 0, 4.81%, 0, 0, 5, 22633.82, 58565056, 205
2836, 187, 20, 121, 14, 0, 4.81%, 0, 0, 5, 22722.34, 58683055, 205
2841, 188, 20, 121, 13, 0, 4.81%, 0, 0, 5, 20582.52, 58770833, 205
2846, 188, 28, 121, 13, 0, 4.81%, 0, 0, 5, 21258.50, 58879337, 205
2851, 188, 20, 121, 13, 0, 4.81%, 0, 0, 5, 21555.28, 58986307, 205
2856, 189, 28, 121, 13, 0, 4.81%, 0, 0, 5, 22057.60, 59099703, 205
2861, 189, 20, 121, 12, 0, 4.81%, 0, 0, 5, 18142.49, 59173830, 205
2867, 189, 20, 121, 12, 0, 4.81%, 0, 0, 5, 20459.71, 59286812, 205
2872, 190, 20, 121, 12, 0, 4.81%, 0, 0, 5, 20426.38, 59389368, 205
2877, 190, 28, 121, 12, 0, 4.81%, 0, 0, 5, 21691.80, 59505131, 205
2882, 190, 20, 121, 12, 0, 4.81%, 0, 0, 5, 22499.68, 59614455, 205
2887, 191, 20, 121, 12, 0, 4.81%, 0, 0, 5, 23134.99, 59734884, 205
2892, 191, 20, 121, 12, 0, 4.81%, 0, 0, 5, 22356.09, 59846236, 205
2897, 191, 49, 121, 12, 0, 4.81%, 0, 0, 5, 21159.24, 59957873, 205
2903, 192, 40, 121, 12, 0, 4.81%, 0, 0, 5, 21274.32, 60065307, 205
2908, 192, 49, 121, 12, 0, 4.81%, 0, 0, 5, 20877.12, 60177441, 205
2913, 192, 20, 121, 12, 0, 4.81%, 0, 0, 5, 21629.94, 60285715, 205
2918, 193, 20, 121, 12, 0, 4.81%, 0, 0, 5, 19809.09, 60387067, 205
2923, 193, 20, 121, 12, 0, 4.81%, 0, 0, 5, 21074.91, 60496744, 205
2928, 193, 20, 121, 12, 0, 4.81%, 0, 0, 5, 18024.12, 60590304, 205
2933, 194, 20, 121, 12, 0, 4.81%, 0, 0, 5, 19892.96, 60694936, 205
2939, 194, 20, 121, 12, 0, 4.81%, 0, 0, 5, 20454.77, 60804652, 205
2944, 195, 20, 121, 12, 0, 4.81%, 0, 0, 5, 21672.56, 60917808, 205
2949, 195, 20, 121, 12, 0, 4.81%, 0, 0, 5, 20613.13, 61029175, 205
2954, 195, 20, 121, 12, 0, 4.81%, 0, 0, 5, 22666.37, 61147254, 205
2959, 196, 20, 121, 12, 0, 4.81%, 0, 0, 5, 20117.01, 61247694, 205
2965, 196, 28, 121, 12, 0, 4.81%, 0, 0, 5, 22345.41, 61364259, 205
2970, 196, 28, 121, 12, 0, 4.81%, 0, 0, 5, 21200.05, 61469536, 205
2975, 197, 20, 121, 12, 0, 4.81%, 0, 0, 5, 22706.27, 61585984, 205
2980, 197, 20, 121, 12, 0, 4.81%, 0, 0, 5, 20902.83, 61694813, 205
2985, 197, 20, 121, 12, 0, 4.81%, 0, 0, 5, 22495.65, 61809125, 205
2990, 198, 20, 121, 12, 0, 4.81%, 0, 0, 5, 18609.63, 61895397, 205
2995, 198, 20, 121, 12, 0, 4.81%, 0, 0, 5, 23742.67, 62023532, 205
3000, 198, 28, 121, 12, 0, 4.81%, 0, 0, 5, 22102.21, 62133096, 205
3006, 199, 16, 121, 12, 0, 4.81%, 0, 0, 5, 23218.55, 62251422, 205
3011, 199, 25, 121, 12, 0, 4.81%, 0, 0, 5, 22248.49, 62361200, 205
3016, 200, 20, 121, 12, 0, 4.81%, 0, 0, 5, 22007.33, 62472342, 205
3021, 200, 20, 121, 12, 0, 4.81%, 0, 0, 5, 21798.47, 62576629, 205
3026, 200, 20, 121, 12, 0, 4.81%, 0, 0, 5, 15297.74, 62650529, 205
3031, 200, 20, 121, 12, 0, 4.81%, 0, 0, 5, 17700.51, 62735837, 205
3036, 201, 20, 121, 12, 0, 4.81%, 0, 0, 5, 18597.66, 62826308, 205
3041, 201, 26, 121, 12, 0, 4.81%, 0, 0, 5, 18311.04, 62918029, 205
3046, 201, 20, 121, 12, 0, 4.81%, 0, 0, 5, 17673.57, 63010471, 205
3052, 202, 28, 121, 12, 0, 4.81%, 0, 0, 5, 18293.59, 63102780, 205
3057, 202, 16, 121, 12, 0, 4.81%, 0, 0, 5, 18934.54, 63203667, 205
3062, 202, 49, 121, 12, 0, 4.81%, 0, 0, 5, 17060.63, 63284154, 205
3067, 202, 28, 121, 12, 0, 4.81%, 0, 0, 5, 17643.90, 63374359, 205
3072, 203, 20, 121, 12, 0, 4.81%, 0, 0, 5, 15297.51, 63449963, 205
3077, 203, 20, 121, 12, 0, 4.81%, 0, 0, 5, 20714.26, 63565521, 205
3082, 203, 28, 121, 12, 0, 4.81%, 0, 0, 5, 18623.40, 63658935, 205
3087, 204, 20, 121, 12, 0, 4.81%, 0, 0, 5, 16208.55, 63746231, 205
3093, 204, 20, 121, 12, 0, 4.81%, 0, 0, 5, 18905.62, 63844435, 205
3098, 204, 20, 121, 12, 0, 4.81%, 0, 0, 5, 19026.18, 63944550, 205
3103, 205, 20, 121, 12, 0, 4.81%, 0, 0, 5, 20075.34, 64049508, 205
3108, 205, 20, 121, 12, 0, 4.81%, 0, 0, 5, 17189.35, 64138898, 205
3113, 205, 20, 121, 12, 0, 4.81%, 0, 0, 5, 21271.34, 64251349, 205
3118, 206, 20, 121, 12, 0, 4.81%, 0, 0, 5, 16764.11, 64336881, 205
3124, 206, 20, 121, 12, 0, 4.81%, 0, 0, 5, 16571.11, 64424493, 205
3129, 206, 28, 121, 12, 0, 4.81%, 0, 0, 5, 14398.70, 64492149, 205
3134, 206, 40, 121, 12, 0, 4.81%, 0, 0, 5, 21369.51, 64615463, 205
3139, 207, 20, 121, 12, 0, 4.81%, 0, 0, 5, 20222.69, 64720343, 205
3144, 207, 40, 121, 12, 0, 4.81%, 0, 0, 5, 21463.00, 64831300, 205
3149, 208, 20, 121, 12, 0, 4.81%, 0, 0, 5, 19961.44, 64934485, 205
3154, 208, 20, 121, 12, 0, 4.81%, 0, 0, 5, 21664.77, 65043241, 205
3159, 208, 28, 121, 12, 0, 4.81%, 0, 0, 5, 16291.99, 65122145, 205
3165, 208, 28, 121, 12, 0, 4.81%, 0, 0, 5, 17151.17, 65215403, 205
3170, 209, 20, 121, 12, 0, 4.81%, 0, 0, 5, 15885.84, 65290376, 205
3175, 209, 28, 121, 12, 0, 4.81%, 0, 0, 5, 16075.97, 65376269, 205
3180, 209, 28, 121, 12, 0, 4.81%, 0, 0, 5, 15672.51, 65451565, 205
3185, 209, 16, 121, 12, 0, 4.81%, 0, 0, 5, 19468.11, 65546920, 205
3190, 210, 20, 121, 12, 0, 4.81%, 0, 0, 5, 19458.76, 65650104, 205
3196, 210, 20, 121, 12, 0, 4.81%, 0, 0, 5, 19422.45, 65750144, 205
3201, 210, 20, 121, 12, 0, 4.81%, 0, 0, 5, 19950.63, 65852505, 205
3206, 211, 37, 121, 12, 0, 4.81%, 0, 0, 5, 20207.99, 65954482, 205
3211, 211, 20, 121, 12, 0, 4.81%, 0, 0, 5, 20465.24, 66056208, 205
3216, 211, 20, 121, 12, 0, 4.81%, 0, 0, 5, 19891.72, 66153497, 205
3221, 212, 20, 121, 12, 0, 4.81%, 0, 0, 5, 19250.78, 66250916, 205
3226, 212, 28, 121, 12, 0, 4.81%, 0, 0, 5, 14951.11, 66326653, 205
3231, 212, 28, 121, 12, 0, 4.81%, 0, 0, 5, 17885.82, 66414800, 205
3237, 213, 20, 121, 12, 0, 4.81%, 0, 0, 5, 19215.74, 66512319, 205
3242, 213, 25, 121, 12, 0, 4.81%, 0, 0, 5, 16409.33, 66595472, 205
3247, 213, 28, 121, 12, 0, 4.81%, 0, 0, 5, 18648.25, 66690489, 205
3252, 214, 28, 121, 12, 0, 4.81%, 0, 0, 5, 20127.41, 66799470, 205
3257, 214, 20, 121, 12, 0, 4.81%, 0, 0, 5, 17670.75, 66897396, 205
3262, 214, 28, 121, 12, 0, 4.81%, 0, 0, 5, 20147.30, 67000669, 205
3267, 215, 20, 121, 12, 0, 4.81%, 0, 0, 5, 21583.75, 67116486, 205
3272, 215, 20, 121, 12, 0, 4.81%, 0, 0, 5, 22345.72, 67233858, 205
3278, 215, 20, 121, 12, 0, 4.81%, 0, 0, 5, 21301.60, 67343885, 205
3283, 216, 20, 121, 12, 0, 4.81%, 0, 0, 5, 20270.80, 67447447, 205
3288, 216, 20, 121, 12, 0, 4.81%, 0, 0, 5, 18246.51, 67539129, 205
3293, 216, 28, 121, 12, 0, 4.81%, 0, 0, 5, 21652.09, 67651076, 205
3298, 217, 20, 121, 12, 0, 4.81%, 0, 0, 5, 20049.45, 67759861, 205
3303, 217, 20, 121, 12, 0, 4.81%, 0, 0, 5, 20922.92, 67866956, 205
3308, 217, 20, 121, 12, 0, 4.81%, 0, 0, 5, 18528.16, 67960824, 205
3313, 218, 34, 121, 12, 0, 4.81%, 0, 0, 5, 21965.36, 68068731, 205
3318, 218, 20, 121, 12, 0, 4.81%, 0, 0, 5, 16191.05, 68144331, 205
3323, 218, 20, 121, 12, 0, 4.81%, 0, 0, 5, 17343.03, 68233214, 205
3329, 218, 16, 121, 12, 0, 4.81%, 0, 0, 5, 16249.87, 68320670, 205
3334, 219, 81, 121, 12, 0, 4.81%, 0, 0, 5, 19158.78, 68421527, 205
3339, 219, 20, 121, 12, 0, 4.81%, 0, 0, 5, 17283.09, 68506413, 205
3344, 219, 20, 121, 12, 0, 4.81%, 0, 0, 5, 20580.72, 68614594, 205
3349, 220, 20, 121, 12, 0, 4.81%, 0, 0, 5, 17497.87, 68705607, 205
3354, 220, 28, 121, 12, 0, 4.81%, 0, 0, 5, 17786.26, 68793470, 205
3359, 220, 20, 121, 12, 0, 4.81%, 0, 0, 5, 18547.68, 68891180, 205
3364, 221, 20, 121, 12, 0, 4.81%, 0, 0, 5, 20242.27, 69000323, 205
3370, 221, 20, 121, 12, 0, 4.81%, 0, 0, 5, 17557.03, 69095430, 205
3375, 221, 28, 121, 12, 0, 4.81%, 0, 0, 5, 20985.31, 69208395, 205
3380, 222, 20, 121, 12, 0, 4.81%, 0, 0, 5, 20764.26, 69322847, 205
3385, 222, 20, 121, 12, 0, 4.81%, 0, 0, 5, 20956.88, 69427289, 205
3390, 222, 28, 121, 12, 0, 4.81%, 0, 0, 5, 20711.80, 69534567, 205
3395, 223, 20, 121, 12, 0, 4.81%, 0, 0, 5, 22723.79, 69654362, 205
3401, 223, 28, 121, 12, 0, 4.81%, 0, 0, 5, 21295.81, 69759860, 205
3406, 223, 20, 121, 12, 0, 4.81%, 0, 0, 5, 16824.98, 69845119, 205
3411, 224, 20, 121, 12, 0, 4.81%, 0, 0, 5, 15869.01, 69920990, 205
3416, 224, 49, 121, 12, 0, 4.81%, 0, 0, 5, 17376.00, 70012640, 205
3421, 224, 20, 121, 12, 0, 4.81%, 0, 0, 5, 17924.68, 70101867, 205
3426, 224, 40, 121, 12, 0, 4.81%, 0, 0, 5, 17599.24, 70188189, 205
3431, 225, 20, 121, 12, 0, 4.81%, 0, 0, 5, 17448.42, 70279286, 205
3436, 225, 16, 121, 12, 0, 4.81%, 0, 0, 5, 15281.87, 70351767, 205
3442, 225, 20, 121, 12, 0, 4.81%, 0, 0, 5, 15667.95, 70432954, 205
3447, 226, 20, 121, 12, 0, 4.81%, 0, 0, 5, 19484.18, 70537031, 205
3452, 226, 20, 121, 12, 0, 4.81%, 0, 0, 5, 18456.10, 70632295, 205
3457, 226, 20, 121, 12, 0, 4.81%, 0, 0, 5, 20438.57, 70740899, 205
3462, 227, 20, 121, 12, 0, 4.81%, 0, 0, 5, 21325.11, 70847223, 205
3467, 227, 20, 121, 12, 0, 4.81%, 0, 0, 5, 17712.86, 70937767, 205
3472, 227, 20, 121, 12, 0, 4.81%, 0, 0, 5, 17576.40, 71021183, 205
3477, 227, 28, 121, 12, 0, 4.81%, 0, 0, 5, 18474.53, 71118773, 205
3483, 228, 20, 121, 12, 0, 4.81%, 0, 0, 5, 16395.50, 71199549, 205
3488, 228, 20, 121, 12, 0, 4.81%, 0, 0, 5, 17725.49, 71294215, 205
3493, 228, 20, 121, 12, 0, 4.81%, 0, 0, 5, 20008.04, 71394399, 205
3498, 229, 16, 121, 12, 0, 4.81%, 0, 0, 5, 17571.93, 71483634, 205
3503, 229, 28, 121, 12, 0, 4.81%, 0, 0, 5, 16344.65, 71569931, 205
3508, 229, 20, 121, 12, 0, 4.81%, 0, 0, 5, 15763.10, 71648806, 205
3513, 229, 20, 121, 12, 0, 4.81%, 0, 0, 5, 18831.18, 71749830, 205
3519, 230, 16, 121, 12, 0, 4.81%, 0, 0, 5, 17462.80, 71839788, 205
3524, 230, 20, 121, 12, 0, 4.81%, 0, 0, 5, 18845.05, 71935541, 205
3529, 230, 28, 121, 12, 0, 4.81%, 0, 0, 5, 16407.91, 72018491, 205
3534, 231, 28, 121, 12, 0, 4.81%, 0, 0, 5, 19213.96, 72115128, 205
3539, 231, 20, 121, 12, 0, 4.81%, 0, 0, 5, 13231.81, 72175005, 205
3544, 231, 20, 121, 12, 0, 4.81%, 0, 0, 5, 16083.67, 72258647, 205
3549, 231, 28, 121, 12, 0, 4.81%, 0, 0, 5, 18934.73, 72354872, 205
3555, 232, 20, 121, 12, 0, 4.81%, 0, 0, 5, 18634.60, 72448968, 205
3560, 232, 20, 121, 12, 0, 4.81%, 0, 0, 5, 18031.71, 72540769, 205
3565, 232, 20, 121, 12, 0, 4.81%, 0, 0, 5, 16901.70, 72625019, 205
3570, 233, 20, 121, 12, 0, 4.81%, 0, 0, 5, 15665.41, 72707463, 205
3575, 233, 20, 121, 12, 0, 4.81%, 0, 0, 5, 14242.60, 72784991, 205
3580, 233, 20, 121, 12, 0, 4.81%, 0, 0, 5, 19554.12, 72894783, 205
3585, 233, 20, 121, 12, 0, 4.81%, 0, 0, 5, 18627.67, 72986090, 205
3590, 234, 20, 121, 12, 0, 4.81%, 0, 0, 5, 18446.55, 73077359, 205
3595, 234, 20, 121, 12, 0, 4.81%, 0, 0, 5, 21719.02, 73190555, 205
3599, 234, 20, 121, 12, 0, 4.81%, 0, 0, 5, 20774.05, 73254213, 205
