# relative_time, cycles_done, cur_item, corpus_count, pending_total, pending_favs, map_size, saved_crashes, saved_hangs, max_depth, execs_per_sec, total_execs, edges_found
61, 0, 183, 280, 251, 7, 9.48%, 23, 0, 3, 19089.93, 1160409, 456
66, 0, 185, 280, 249, 5, 9.48%, 23, 0, 3, 15398.93, 1237622, 456
71, 0, 192, 280, 248, 4, 9.48%, 23, 0, 3, 16862.79, 1318213, 456
76, 0, 221, 280, 246, 2, 9.48%, 23, 0, 3, 15269.59, 1395946, 456
81, 0, 221, 280, 246, 2, 9.48%, 23, 0, 3, 13569.55, 1461633, 456
86, 0, 249, 289, 254, 2, 9.48%, 24, 0, 3, 15250.67, 1537339, 456
91, 0, 288, 289, 253, 1, 9.48%, 24, 0, 3, 12442.16, 1600062, 456
96, 0, 288, 289, 253, 1, 9.48%, 24, 0, 3, 10994.14, 1652321, 456
101, 0, 288, 289, 253, 1, 9.48%, 24, 0, 3, 11377.45, 1709240, 456
107, 1, 91, 291, 252, 0, 9.48%, 28, 0, 3, 17389.17, 1808469, 456
112, 1, 101, 293, 252, 0, 9.48%, 29, 0, 3, 15944.97, 1890321, 456
117, 1, 102, 293, 251, 0, 9.48%, 30, 0, 3, 13389.53, 1954027, 456
122, 1, 102, 293, 251, 0, 9.48%, 30, 0, 3, 12665.03, 2016402, 456
127, 1, 105, 293, 250, 0, 9.48%, 31, 0, 3, 16069.37, 2099995, 456
132, 1, 107, 294, 250, 0, 9.48%, 31, 0, 3, 13482.08, 2164552, 456
137, 1, 107, 294, 250, 0, 9.48%, 31, 0, 3, 12959.60, 2229535, 456
142, 1, 115, 295, 250, 0, 9.48%, 31, 0, 3, 13463.11, 2300833, 456
147, 1, 118, 295, 249, 0, 9.48%, 31, 0, 3, 15997.07, 2374749, 456
152, 1, 121, 297, 250, 0, 9.48%, 32, 0, 3, 14279.88, 2452228, 456
158, 1, 121, 297, 250, 0, 9.48%, 32, 0, 3, 9328.46, 2493340, 456
163, 1, 121, 297, 250, 0, 9.48%, 32, 0, 3, 8423.10, 2534934, 456
168, 1, 121, 297, 250, 0, 9.48%, 32, 0, 3, 8538.53, 2577574, 456
173, 1, 121, 297, 250, 0, 9.48%, 32, 0, 3, 8517.57, 2620837, 456
178, 1, 121, 297, 250, 0, 9.48%, 32, 0, 3, 8855.31, 2664520, 456
183, 1, 121, 297, 250, 0, 9.48%, 32, 0, 3, 8856.25, 2709523, 456
188, 1, 121, 297, 250, 0, 9.48%, 32, 0, 3, 8353.06, 2750405, 456
193, 1, 121, 297, 250, 0, 9.48%, 32, 0, 3, 8563.07, 2793869, 456
198, 1, 121, 297, 250, 0, 9.48%, 32, 0, 3, 9324.97, 2844506, 456
203, 1, 130, 305, 257, 0, 9.48%, 32, 0, 3, 7356.65, 2883315, 456
208, 1, 130, 305, 257, 0, 9.48%, 32, 0, 3, 5480.21, 2908399, 456
214, 1, 130, 305, 257, 0, 9.48%, 32, 0, 3, 5078.87, 2934286, 456
219, 1, 130, 305, 257, 0, 9.48%, 32, 0, 3, 5001.50, 2959075, 456
224, 1, 130, 305, 257, 0, 9.48%, 32, 0, 3, 5060.00, 2984844, 456
229, 1, 130, 305, 257, 0, 9.48%, 32, 0, 3, 5064.65, 3010700, 456
234, 1, 130, 305, 257, 0, 9.48%, 32, 0, 3, 5016.90, 3036883, 456
239, 1, 130, 305, 257, 0, 9.48%, 32, 0, 3, 4906.88, 3062161, 456
244, 1, 130, 305, 257, 0, 9.48%, 32, 0, 3, 4825.74, 3086719, 456
249, 1, 130, 305, 257, 0, 9.48%, 32, 0, 3, 4894.19, 3111198, 456
254, 1, 130, 305, 257, 0, 9.48%, 32, 0, 3, 5187.37, 3137774, 456
259, 1, 130, 305, 257, 0, 9.48%, 32, 0, 3, 5264.89, 3164985, 456
265, 1, 130, 305, 257, 0, 9.48%, 32, 0, 3, 5129.15, 3191919, 456
270, 1, 130, 305, 257, 0, 9.48%, 32, 0, 3, 5066.17, 3217827, 456
275, 1, 130, 305, 257, 0, 9.48%, 32, 0, 3, 5043.05, 3243305, 456
280, 1, 130, 305, 257, 0, 9.48%, 32, 0, 3, 4918.04, 3267871, 456
285, 1, 130, 305, 257, 0, 9.48%, 32, 0, 3, 4822.26, 3292089, 456
290, 1, 130, 305, 257, 0, 9.48%, 32, 0, 3, 5712.62, 3322244, 456
295, 1, 130, 305, 257, 0, 9.48%, 32, 0, 3, 5776.06, 3351825, 456
300, 1, 130, 305, 257, 0, 9.48%, 32, 0, 3, 5430.08, 3380000, 456
305, 1, 130, 305, 257, 0, 9.48%, 32, 0, 3, 5292.78, 3406798, 456
311, 1, 130, 305, 257, 0, 9.48%, 32, 0, 3, 5153.47, 3433346, 456
316, 1, 130, 305, 257, 0, 9.48%, 32, 0, 3, 4972.74, 3458260, 456
321, 1, 130, 305, 257, 0, 9.48%, 32, 0, 3, 4869.71, 3483160, 456
326, 1, 130, 305, 257, 0, 9.48%, 32, 0, 3, 5030.76, 3508610, 456
331, 1, 130, 305, 257, 0, 9.48%, 32, 0, 3, 5046.37, 3534401, 456
336, 1, 130, 305, 257, 0, 9.48%, 32, 0, 3, 5904.50, 3565134, 456
341, 1, 130, 305, 257, 0, 9.48%, 32, 0, 3, 5168.15, 3590764, 456
346, 1, 130, 305, 257, 0, 9.48%, 32, 0, 3, 6280.57, 3623248, 456
351, 1, 130, 305, 257, 0, 9.48%, 32, 0, 3, 6229.40, 3655116, 456
356, 1, 130, 305, 257, 0, 9.48%, 32, 0, 3, 5332.42, 3681683, 456
361, 1, 131, 324, 275, 0, 9.48%, 32, 0, 3, 8476.06, 3729934, 456
367, 1, 131, 324, 275, 0, 9.48%, 32, 0, 3, 9212.33, 3778846, 456
372, 1, 131, 324, 275, 0, 9.48%, 32, 0, 3, 9428.07, 3826709, 456
377, 1, 131, 324, 275, 0, 9.48%, 32, 0, 3, 9607.31, 3875136, 456
382, 1, 131, 324, 275, 0, 9.48%, 32, 0, 3, 10156.72, 3928314, 456
387, 1, 131, 324, 275, 0, 9.48%, 32, 0, 3, 9939.16, 3977468, 456
392, 1, 131, 324, 275, 0, 9.48%, 32, 0, 3, 10564.71, 4031662, 456
397, 1, 144, 327, 276, 0, 9.48%, 33, 0, 3, 11678.75, 4089307, 456
402, 1, 144, 327, 276, 0, 9.48%, 33, 0, 3, 11251.32, 4145300, 456
407, 1, 144, 327, 276, 0, 9.48%, 33, 0, 3, 12450.18, 4209459, 456
412, 1, 152, 328, 276, 0, 9.48%, 33, 0, 3, 9888.64, 4263284, 456
417, 1, 152, 328, 276, 0, 9.48%, 33, 0, 3, 6853.83, 4294161, 456
422, 1, 152, 328, 276, 0, 9.48%, 33, 0, 3, 6326.04, 4325028, 456
427, 1, 152, 328, 276, 0, 9.48%, 33, 0, 3, 6212.77, 4356090, 456
433, 1, 152, 328, 276, 0, 9.48%, 33, 0, 3, 6074.30, 4387657, 456
438, 1, 152, 328, 276, 0, 9.48%, 33, 0, 3, 5929.78, 4417126, 456
443, 1, 152, 328, 276, 0, 9.48%, 33, 0, 3, 6403.26, 4450067, 456
448, 1, 152, 328, 276, 0, 9.48%, 33, 0, 3, 6390.83, 4482198, 456
453, 1, 152, 328, 276, 0, 9.48%, 33, 0, 3, 6210.57, 4514477, 456
458, 1, 152, 328, 276, 0, 9.48%, 33, 0, 3, 6096.83, 4544809, 456
463, 1, 152, 328, 276, 0, 9.48%, 33, 0, 3, 6709.69, 4578827, 456
468, 1, 152, 328, 276, 0, 9.48%, 33, 0, 3, 6903.80, 4614287, 456
473, 1, 152, 328, 276, 0, 9.48%, 33, 0, 3, 6623.92, 4647731, 456
478, 1, 152, 328, 276, 0, 9.48%, 33, 0, 3, 6252.53, 4679618, 456
483, 1, 152, 328, 276, 0, 9.48%, 33, 0, 3, 6021.26, 4710685, 456
489, 1, 152, 328, 276, 0, 9.48%, 33, 0, 3, 5843.26, 4740164, 456
494, 1, 152, 328, 276, 0, 9.48%, 33, 0, 3, 6235.19, 4773156, 456
499, 1, 152, 328, 276, 0, 9.48%, 33, 0, 3, 6581.65, 4805142, 456
504, 1, 152, 328, 276, 0, 9.48%, 33, 0, 3, 6757.17, 4839683, 456
509, 1, 152, 328, 276, 0, 9.48%, 33, 0, 3, 6075.96, 4870045, 456
514, 1, 154, 336, 283, 0, 9.48%, 33, 0, 3, 6078.02, 4903825, 456
519, 1, 154, 336, 283, 0, 9.48%, 33, 0, 3, 5827.42, 4932301, 456
524, 1, 154, 336, 283, 0, 9.48%, 33, 0, 3, 5915.99, 4961951, 456
529, 1, 154, 336, 283, 0, 9.48%, 33, 0, 3, 5918.20, 4991569, 456
534, 1, 154, 336, 283, 0, 9.48%, 33, 0, 3, 5908.79, 5021541, 456
539, 1, 154, 336, 283, 0, 9.48%, 33, 0, 3, 5867.77, 5050976, 456
544, 1, 154, 336, 283, 0, 9.48%, 33, 0, 3, 6149.60, 5081344, 456
549, 1, 154, 336, 283, 0, 9.48%, 33, 0, 3, 6159.88, 5112193, 456
554, 1, 154, 336, 283, 0, 9.48%, 33, 0, 3, 6144.60, 5144038, 456
559, 1, 154, 336, 283, 0, 9.48%, 33, 0, 3, 6078.74, 5174514, 456
564, 1, 154, 336, 283, 0, 9.48%, 33, 0, 3, 5789.54, 5204224, 456
570, 1, 154, 336, 283, 0, 9.48%, 33, 0, 3, 6491.18, 5236460, 456
575, 1, 154, 336, 283, 0, 9.48%, 33, 0, 3, 6519.43, 5269782, 456
580, 1, 154, 336, 283, 0, 9.48%, 33, 0, 3, 6433.40, 5303121, 456
585, 1, 154, 336, 283, 0, 9.48%, 33, 0, 3, 6065.33, 5333351, 456
590, 1, 154, 336, 283, 0, 9.48%, 33, 0, 3, 5842.73, 5362598, 456
595, 1, 154, 336, 283, 0, 9.48%, 33, 0, 3, 6126.01, 5393465, 456
600, 1, 154, 336, 283, 0, 9.48%, 33, 0, 3, 6630.32, 5426184, 456
605, 1, 154, 336, 283, 0, 9.48%, 33, 0, 3, 6683.36, 5460255, 456
610, 1, 154, 336, 283, 0, 9.48%, 33, 0, 3, 7213.25, 5498592, 456
615, 1, 154, 336, 283, 0, 9.48%, 33, 0, 3, 6710.27, 5532621, 456
620, 1, 163, 339, 285, 0, 9.48%, 33, 0, 3, 12981.66, 5597695, 456
626, 1, 163, 339, 285, 0, 9.48%, 33, 0, 3, 15199.31, 5681497, 456
631, 1, 177, 339, 283, 0, 9.48%, 33, 0, 3, 16680.44, 5770391, 456
636, 1, 177, 339, 283, 0, 9.48%, 33, 0, 3, 15399.47, 5846926, 456
641, 1, 187, 339, 282, 0, 9.48%, 33, 0, 3, 14378.73, 5921075, 456
646, 1, 187, 339, 282, 0, 9.48%, 33, 0, 3, 13787.92, 5989924, 456
651, 1, 197, 339, 281, 0, 9.48%, 33, 0, 3, 12876.01, 6054794, 456
656, 1, 197, 339, 281, 0, 9.48%, 33, 0, 3, 12918.17, 6120273, 456
661, 1, 197, 339, 281, 0, 9.48%, 33, 0, 3, 13727.90, 6190067, 456
666, 1, 200, 339, 280, 0, 9.48%, 33, 0, 3, 12578.00, 6251833, 456
671, 1, 201, 339, 279, 0, 9.48%, 33, 0, 3, 15674.63, 6332844, 456
677, 1, 207, 339, 278, 0, 9.48%, 33, 0, 3, 12827.14, 6395961, 456
682, 1, 207, 339, 278, 0, 9.48%, 33, 0, 3, 12173.35, 6457087, 456
687, 1, 207, 339, 278, 0, 9.48%, 33, 0, 3, 12471.77, 6519540, 456
692, 1, 209, 339, 277, 0, 9.48%, 33, 0, 3, 14571.34, 6595007, 456
697, 1, 212, 340, 277, 0, 9.48%, 33, 0, 3, 13702.21, 6666276, 456
702, 1, 212, 340, 277, 0, 9.48%, 33, 0, 3, 14717.91, 6734093, 456
707, 1, 212, 340, 277, 0, 9.48%, 33, 0, 3, 13107.57, 6798407, 456
712, 1, 214, 340, 276, 0, 9.48%, 35, 0, 3, 16332.89, 6883440, 456
717, 1, 218, 340, 274, 0, 9.48%, 36, 0, 3, 16073.63, 6964377, 456
722, 1, 235, 340, 273, 0, 9.48%, 36, 0, 3, 15056.90, 7042127, 456
727, 1, 235, 340, 273, 0, 9.48%, 37, 0, 3, 13831.63, 7111109, 456
733, 1, 237, 340, 272, 0, 9.48%, 37, 0, 3, 14495.26, 7189046, 456
738, 1, 252, 340, 271, 0, 9.48%, 37, 0, 3, 13564.17, 7256069, 456
743, 1, 253, 341, 271, 0, 9.48%, 37, 0, 3, 13561.33, 7327600, 456
748, 1, 255, 341, 270, 0, 9.48%, 38, 0, 3, 14030.12, 7399604, 456
753, 1, 255, 341, 270, 0, 9.48%, 38, 0, 3, 10643.02, 7448023, 456
758, 1, 255, 341, 270, 0, 9.48%, 38, 0, 3, 9860.47, 7495143, 456
763, 1, 255, 341, 270, 0, 9.48%, 38, 0, 3, 10115.18, 7545880, 456
768, 1, 255, 341, 270, 0, 9.48%, 38, 0, 3, 9558.84, 7593403, 456
773, 1, 255, 341, 270, 0, 9.48%, 38, 0, 3, 10848.92, 7649300, 456
778, 1, 255, 341, 270, 0, 9.48%, 38, 0, 3, 9422.81, 7696474, 456
783, 1, 257, 345, 273, 0, 9.48%, 38, 0, 3, 12950.90, 7761667, 456
788, 1, 265, 346, 273, 0, 9.48%, 38, 0, 3, 10841.44, 7818802, 456
794, 1, 265, 346, 273, 0, 9.48%, 38, 0, 3, 9921.62, 7869772, 456
799, 1, 265, 346, 273, 0, 9.48%, 38, 0, 3, 10834.57, 7924812, 456
804, 1, 265, 346, 273, 0, 9.48%, 38, 0, 3, 10120.73, 7975444, 456
809, 1, 265, 346, 273, 0, 9.48%, 38, 0, 3, 10136.32, 8027013, 456
814, 1, 269, 346, 272, 0, 9.48%, 38, 0, 3, 9576.52, 8075527, 456
819, 1, 269, 346, 272, 0, 9.48%, 38, 0, 3, 9132.41, 8119475, 456
824, 1, 269, 346, 272, 0, 9.48%, 38, 0, 3, 8409.27, 8163658, 456
829, 1, 269, 346, 272, 0, 9.48%, 38, 0, 3, 8520.04, 8209085, 456
834, 1, 269, 346, 272, 0, 9.48%, 38, 0, 3, 9068.52, 8256806, 456
839, 1, 269, 346, 272, 0, 9.48%, 38, 0, 3, 8959.89, 8301105, 456
844, 1, 269, 346, 272, 0, 9.48%, 38, 0, 3, 10289.49, 8355437, 456
849, 1, 269, 346, 272, 0, 9.48%, 38, 0, 3, 8855.66, 8399223, 456
854, 1, 270, 348, 273, 0, 9.48%, 38, 0, 3, 12043.08, 8462821, 456
860, 1, 270, 348, 273, 0, 9.48%, 38, 0, 3, 12504.50, 8526882, 456
865, 1, 279, 350, 274, 0, 9.48%, 38, 0, 3, 12316.79, 8589576, 456
870, 1, 279, 350, 274, 0, 9.48%, 38, 0, 3, 13204.84, 8654599, 456
875, 1, 279, 350, 274, 0, 9.48%, 38, 0, 3, 13405.34, 8722961, 456
880, 1, 286, 350, 273, 0, 9.48%, 38, 0, 3, 11832.21, 8785976, 456
885, 1, 286, 350, 273, 0, 9.48%, 38, 0, 3, 10281.95, 8836810, 456
890, 1, 286, 350, 273, 0, 9.48%, 38, 0, 3, 12062.80, 8898035, 456
895, 1, 289, 351, 273, 0, 9.48%, 38, 0, 3, 8053.06, 8935574, 456
900, 1, 289, 351, 273, 0, 9.48%, 38, 0, 3, 6724.83, 8967049, 456
905, 1, 289, 351, 273, 0, 9.48%, 38, 0, 3, 6508.06, 9000144, 456
910, 1, 289, 351, 273, 0, 9.48%, 38, 0, 3, 6489.30, 9032791, 456
915, 1, 289, 351, 273, 0, 9.48%, 38, 0, 3, 6375.10, 9064932, 456
920, 1, 289, 351, 273, 0, 9.48%, 38, 0, 3, 6426.71, 9096951, 456
925, 1, 289, 351, 273, 0, 9.48%, 38, 0, 3, 6891.04, 9132184, 456
931, 1, 289, 351, 273, 0, 9.48%, 38, 0, 3, 6843.23, 9166831, 456
936, 1, 289, 351, 273, 0, 9.48%, 38, 0, 3, 6501.78, 9199599, 456
941, 1, 289, 351, 273, 0, 9.48%, 38, 0, 3, 6272.96, 9231899, 456
946, 1, 289, 351, 273, 0, 9.48%, 38, 0, 3, 6969.58, 9267289, 456
951, 1, 289, 351, 273, 0, 9.48%, 38, 0, 3, 6927.38, 9303738, 456
956, 1, 289, 351, 273, 0, 9.48%, 38, 0, 3, 6662.25, 9337016, 456
961, 1, 289, 351, 273, 0, 9.48%, 38, 0, 3, 6273.58, 9369226, 456
966, 1, 289, 351, 273, 0, 9.48%, 38, 0, 3, 6422.19, 9401025, 456
971, 1, 289, 351, 273, 0, 9.48%, 38, 0, 3, 6711.67, 9434765, 456
976, 1, 289, 351, 273, 0, 9.48%, 38, 0, 3, 7034.59, 9471961, 456
981, 1, 289, 351, 273, 0, 9.48%, 38, 0, 3, 7853.15, 9512768, 456
986, 1, 289, 351, 273, 0, 9.48%, 38, 0, 3, 7379.72, 9549763, 456
991, 1, 289, 351, 273, 0, 9.48%, 38, 0, 3, 6975.48, 9585218, 456
996, 1, 293, 351, 272, 0, 9.48%, 38, 0, 3, 11378.19, 9642178, 456
1001, 1, 295, 351, 271, 0, 9.48%, 38, 0, 3, 11214.50, 9701779, 456
1006, 1, 295, 351, 271, 0, 9.48%, 38, 0, 3, 5387.99, 9720779, 456
1012, 1, 295, 351, 271, 0, 9.48%, 38, 0, 3, 4036.78, 9739188, 456
1017, 1, 295, 351, 271, 0, 9.48%, 38, 0, 3, 3777.42, 9757884, 456
1022, 1, 295, 351, 271, 0, 9.48%, 38, 0, 3, 3777.39, 9777028, 456
1027, 1, 295, 351, 271, 0, 9.48%, 38, 0, 3, 3685.31, 9795845, 456
1032, 1, 295, 351, 271, 0, 9.48%, 38, 0, 3, 3880.45, 9815490, 456
1037, 1, 295, 351, 271, 0, 9.48%, 38, 0, 3, 3918.34, 9835532, 456
1042, 1, 295, 351, 271, 0, 9.48%, 38, 0, 3, 3936.27, 9855847, 456
1047, 1, 295, 351, 271, 0, 9.48%, 38, 0, 3, 3860.98, 9875165, 456
1052, 1, 295, 351, 271, 0, 9.48%, 38, 0, 3, 3852.92, 9894986, 456
1057, 1, 295, 351, 271, 0, 9.48%, 38, 0, 3, 3788.58, 9914261, 456
1062, 1, 295, 351, 271, 0, 9.48%, 38, 0, 3, 3782.51, 9933536, 456
1068, 1, 295, 351, 271, 0, 9.48%, 38, 0, 3, 3725.78, 9952378, 456
1073, 1, 295, 351, 271, 0, 9.48%, 38, 0, 3, 3686.97, 9971029, 456
1078, 1, 295, 351, 271, 0, 9.48%, 38, 0, 3, 3635.51, 9989258, 456
1083, 1, 295, 351, 271, 0, 9.48%, 38, 0, 3, 3609.09, 10007618, 456
1088, 1, 295, 351, 271, 0, 9.48%, 38, 0, 3, 3709.64, 10025967, 456
1093, 1, 295, 351, 271, 0, 9.48%, 38, 0, 3, 4136.82, 10047506, 456
1098, 1, 295, 351, 271, 0, 9.48%, 38, 0, 3, 4186.78, 10068584, 456
1103, 1, 295, 351, 271, 0, 9.48%, 38, 0, 3, 4195.41, 10089920, 456
1108, 1, 295, 351, 271, 0, 9.48%, 38, 0, 3, 4093.46, 10110236, 456
1113, 1, 295, 351, 271, 0, 9.48%, 38, 0, 3, 4052.57, 10130600, 456
1118, 1, 295, 351, 271, 0, 9.48%, 38, 0, 3, 3973.41, 10150787, 456
1123, 1, 295, 351, 271, 0, 9.48%, 38, 0, 3, 3875.17, 10170504, 456
1128, 1, 295, 351, 271, 0, 9.48%, 38, 0, 3, 3803.67, 10189984, 456
1133, 1, 295, 351, 271, 0, 9.48%, 38, 0, 3, 3732.43, 10208900, 456
1138, 1, 295, 351, 271, 0, 9.48%, 38, 0, 3, 3681.13, 10227520, 456
1143, 1, 295, 351, 271, 0, 9.48%, 38, 0, 3, 3637.27, 10245848, 456
1149, 1, 295, 351, 271, 0, 9.48%, 38, 0, 3, 3616.02, 10264136, 456
1154, 1, 295, 351, 271, 0, 9.48%, 38, 0, 3, 3862.94, 10283496, 456
1159, 1, 295, 351, 271, 0, 9.48%, 38, 0, 3, 4553.29, 10307571, 456
1164, 1, 295, 351, 271, 0, 9.48%, 38, 0, 3, 4632.28, 10331251, 456
1169, 1, 295, 351, 271, 0, 9.48%, 38, 0, 3, 4523.13, 10354281, 456
1174, 1, 295, 351, 271, 0, 9.48%, 38, 0, 3, 4412.40, 10377203, 456
1179, 1, 295, 351, 271, 0, 9.48%, 38, 0, 3, 4325.91, 10399032, 456
1184, 1, 295, 351, 271, 0, 9.48%, 38, 0, 3, 4155.16, 10420146, 456
1189, 1, 295, 351, 271, 0, 9.48%, 38, 0, 3, 3991.92, 10440264, 456
1194, 1, 295, 351, 271, 0, 9.48%, 38, 0, 3, 3894.53, 10460077, 456
1199, 1, 295, 351, 271, 0, 9.48%, 38, 0, 3, 3803.22, 10479131, 456
1204, 1, 295, 351, 271, 0, 9.48%, 38, 0, 3, 3669.49, 10497577, 456
1210, 1, 295, 351, 271, 0, 9.48%, 38, 0, 3, 3582.67, 10516170, 456
1215, 1, 295, 351, 271, 0, 9.48%, 38, 0, 3, 3638.83, 10534452, 456
1220, 1, 295, 351, 271, 0, 9.48%, 38, 0, 3, 3863.53, 10554449, 456
1225, 1, 295, 351, 271, 0, 9.48%, 38, 0, 3, 4094.73, 10574878, 456
1230, 1, 295, 351, 271, 0, 9.48%, 38, 0, 3, 3977.58, 10594962, 456
1235, 1, 295, 351, 271, 0, 9.48%, 38, 0, 3, 3976.96, 10614323, 456
1240, 1, 295, 351, 271, 0, 9.48%, 38, 0, 3, 5133.69, 10639364, 456
1245, 1, 295, 351, 271, 0, 9.48%, 38, 0, 3, 5382.49, 10669560, 456
1250, 1, 295, 351, 271, 0, 9.48%, 38, 0, 3, 4195.02, 10689224, 456
1255, 1, 295, 351, 271, 0, 9.48%, 38, 0, 3, 5405.28, 10718301, 456
1260, 1, 295, 351, 271, 0, 9.48%, 38, 0, 3, 5475.53, 10746383, 456
1265, 1, 295, 351, 271, 0, 9.48%, 38, 0, 3, 5287.50, 10773127, 456
1270, 1, 295, 351, 271, 0, 9.48%, 38, 0, 3, 5214.58, 10799956, 456
1275, 1, 295, 351, 271, 0, 9.48%, 38, 0, 3, 4626.07, 10822999, 456
1281, 1, 295, 351, 271, 0, 9.48%, 38, 0, 3, 4128.26, 10843384, 456
1286, 1, 295, 351, 271, 0, 9.48%, 38, 0, 3, 3761.80, 10862152, 456
1291, 1, 295, 351, 271, 0, 9.48%, 38, 0, 3, 5422.40, 10887501, 456
1296, 1, 297, 359, 278, 0, 9.48%, 38, 0, 3, 6005.12, 10922515, 456
1301, 1, 297, 359, 278, 0, 9.48%, 38, 0, 3, 5148.18, 10947581, 456
1306, 1, 297, 359, 278, 0, 9.48%, 38, 0, 3, 4910.50, 10971750, 456
1311, 1, 297, 359, 278, 0, 9.48%, 38, 0, 3, 5412.13, 10998088, 456
1316, 1, 297, 359, 278, 0, 9.48%, 38, 0, 3, 5012.58, 11023135, 456
1321, 1, 297, 359, 278, 0, 9.48%, 38, 0, 3, 4756.20, 11046832, 456
1326, 1, 297, 359, 278, 0, 9.48%, 38, 0, 3, 4694.03, 11070650, 456
1331, 1, 297, 359, 278, 0, 9.48%, 38, 0, 3, 4617.76, 11094830, 456
1337, 1, 297, 359, 278, 0, 9.48%, 38, 0, 3, 4335.48, 11116096, 456
1342, 1, 297, 359, 278, 0, 9.48%, 38, 0, 3, 4251.64, 11137442, 456
1347, 1, 297, 359, 278, 0, 9.48%, 38, 0, 3, 5131.61, 11164347, 456
1352, 1, 297, 359, 278, 0, 9.48%, 38, 0, 3, 5139.68, 11190979, 456
1357, 1, 297, 359, 278, 0, 9.48%, 38, 0, 3, 5042.91, 11217225, 456
1362, 1, 297, 359, 278, 0, 9.48%, 38, 0, 3, 4599.44, 11239719, 456
1367, 1, 297, 359, 278, 0, 9.48%, 38, 0, 3, 4495.51, 11262396, 456
1372, 1, 297, 359, 278, 0, 9.48%, 38, 0, 3, 5537.04, 11292396, 456
1377, 1, 297, 359, 278, 0, 9.48%, 38, 0, 3, 5323.38, 11318927, 456
1382, 1, 297, 359, 278, 0, 9.48%, 38, 0, 3, 4681.83, 11341964, 456
1387, 1, 297, 359, 278, 0, 9.48%, 38, 0, 3, 4882.02, 11366259, 456
1393, 1, 297, 359, 278, 0, 9.48%, 38, 0, 3, 4743.30, 11390323, 456
1398, 1, 297, 359, 278, 0, 9.48%, 38, 0, 3, 5262.31, 11415558, 456
1403, 1, 297, 359, 278, 0, 9.48%, 38, 0, 3, 4722.58, 11438918, 456
1408, 1, 297, 359, 278, 0, 9.48%, 38, 0, 3, 4545.63, 11462444, 456
1413, 1, 297, 359, 278, 0, 9.48%, 38, 0, 3, 4788.93, 11485505, 456
1418, 1, 297, 359, 278, 0, 9.48%, 38, 0, 3, 6837.75, 11520573, 456
1423, 1, 297, 359, 278, 0, 9.48%, 38, 0, 3, 6459.81, 11550408, 456
1428, 1, 297, 359, 278, 0, 9.48%, 38, 0, 3, 6418.65, 11584639, 456
1433, 1, 297, 359, 278, 0, 9.48%, 38, 0, 3, 5436.96, 11610772, 456
1438, 1, 297, 359, 278, 0, 9.48%, 38, 0, 3, 5316.14, 11638022, 456
1443, 1, 297, 359, 278, 0, 9.48%, 38, 0, 3, 4909.98, 11662810, 456
1448, 1, 297, 359, 278, 0, 9.48%, 38, 0, 3, 4509.59, 11685128, 456
1453, 1, 299, 361, 279, 0, 9.48%, 40, 0, 3, 6197.03, 11715554, 456
1458, 1, 299, 361, 279, 0, 9.48%, 40, 0, 3, 5993.67, 11745391, 456
1463, 1, 299, 361, 279, 0, 9.48%, 40, 0, 3, 6078.91, 11775959, 456
1468, 1, 299, 361, 279, 0, 9.48%, 40, 0, 3, 6153.46, 11807879, 456
1473, 1, 299, 361, 279, 0, 9.48%, 40, 0, 3, 5931.58, 11837394, 456
1478, 1, 299, 361, 279, 0, 9.48%, 40, 0, 3, 5544.94, 11864806, 456
1484, 1, 299, 361, 279, 0, 9.48%, 40, 0, 3, 6646.42, 11898201, 456
1489, 1, 299, 361, 279, 0, 9.48%, 40, 0, 3, 6366.48, 11929628, 456
1494, 1, 299, 361, 279, 0, 9.48%, 40, 0, 3, 5719.89, 11957861, 456
1499, 1, 299, 361, 279, 0, 9.48%, 40, 0, 3, 6780.35, 11992007, 456
1504, 1, 299, 361, 279, 0, 9.48%, 40, 0, 3, 6231.15, 12023267, 456
1509, 1, 299, 361, 279, 0, 9.48%, 40, 0, 3, 6020.37, 12052919, 456
1514, 1, 299, 361, 279, 0, 9.48%, 40, 0, 3, 6297.16, 12084368, 456
1519, 1, 299, 361, 279, 0, 9.48%, 40, 0, 3, 5919.38, 12114296, 456
1524, 1, 299, 361, 279, 0, 9.48%, 40, 0, 3, 7805.52, 12154350, 456
1529, 1, 299, 361, 279, 0, 9.48%, 40, 0, 3, 8133.13, 12192260, 456
1534, 1, 299, 361, 279, 0, 9.48%, 40, 0, 3, 7202.98, 12229412, 456
1539, 1, 299, 361, 279, 0, 9.48%, 40, 0, 3, 6433.86, 12260933, 456
1545, 1, 299, 361, 279, 0, 9.48%, 40, 0, 3, 6266.62, 12293276, 456
1550, 1, 304, 363, 280, 0, 9.48%, 40, 0, 3, 6857.30, 12329287, 456
1555, 1, 304, 363, 280, 0, 9.48%, 40, 0, 3, 6981.27, 12364833, 456
1560, 1, 304, 363, 280, 0, 9.48%, 40, 0, 3, 7502.81, 12404235, 456
1565, 1, 304, 363, 280, 0, 9.48%, 40, 0, 3, 6928.50, 12438836, 456
1570, 1, 304, 363, 280, 0, 9.48%, 40, 0, 3, 6527.62, 12471198, 456
1575, 1, 304, 363, 280, 0, 9.48%, 40, 0, 3, 7525.88, 12509393, 456
1580, 1, 304, 363, 280, 0, 9.48%, 40, 0, 3, 7164.58, 12545462, 456
1585, 1, 304, 363, 280, 0, 9.48%, 40, 0, 3, 6753.45, 12579020, 456
1590, 1, 304, 363, 280, 0, 9.48%, 40, 0, 3, 7781.41, 12619345, 456
1595, 1, 304, 363, 280, 0, 9.48%, 40, 0, 3, 6994.80, 12654385, 456
1600, 1, 304, 363, 280, 0, 9.48%, 40, 0, 3, 7232.14, 12691118, 456
1606, 1, 304, 363, 280, 0, 9.48%, 40, 0, 3, 7311.08, 12730544, 456
1611, 1, 304, 363, 280, 0, 9.48%, 40, 0, 3, 9096.95, 12774716, 456
1616, 1, 304, 363, 280, 0, 9.48%, 40, 0, 3, 9304.28, 12820160, 456
1621, 1, 304, 363, 280, 0, 9.48%, 40, 0, 3, 8388.91, 12860952, 456
1626, 1, 304, 363, 280, 0, 9.48%, 40, 0, 3, 7482.81, 12897638, 456
1631, 1, 304, 363, 280, 0, 9.48%, 40, 0, 3, 7083.42, 12932846, 456
1636, 1, 308, 363, 279, 0, 9.48%, 40, 0, 3, 5992.27, 12962786, 456
1641, 1, 308, 363, 279, 0, 9.48%, 40, 0, 3, 5532.27, 12989924, 456
1646, 1, 308, 363, 279, 0, 9.48%, 40, 0, 3, 5643.45, 13018452, 456
1651, 1, 308, 363, 279, 0, 9.48%, 40, 0, 3, 5452.51, 13045998, 456
1656, 1, 308, 363, 279, 0, 9.48%, 40, 0, 3, 5248.32, 13072074, 456
1661, 1, 308, 363, 279, 0, 9.48%, 40, 0, 3, 4836.39, 13096338, 456
1666, 1, 308, 363, 279, 0, 9.48%, 40, 0, 3, 5974.41, 13125565, 456
1671, 1, 308, 363, 279, 0, 9.48%, 40, 0, 3, 5697.25, 13153942, 456
1676, 1, 308, 363, 279, 0, 9.48%, 40, 0, 3, 5111.80, 13179367, 456
1681, 1, 308, 363, 279, 0, 9.48%, 40, 0, 3, 6185.32, 13209160, 456
1686, 1, 308, 363, 279, 0, 9.48%, 40, 0, 3, 5771.08, 13237885, 456
1691, 1, 308, 363, 279, 0, 9.48%, 40, 0, 3, 5147.32, 13263251, 456
1696, 1, 308, 363, 279, 0, 9.48%, 40, 0, 3, 5305.24, 13290429, 456
1702, 1, 308, 363, 279, 0, 9.48%, 40, 0, 3, 5623.52, 13318796, 456
1707, 1, 308, 363, 279, 0, 9.48%, 40, 0, 3, 5044.73, 13343693, 456
1712, 1, 308, 363, 279, 0, 9.48%, 40, 0, 3, 7172.02, 13378249, 456
1717, 1, 308, 363, 279, 0, 9.48%, 40, 0, 3, 6129.59, 13407710, 456
1722, 1, 308, 363, 279, 0, 9.48%, 40, 0, 3, 6640.62, 13443859, 456
1727, 1, 308, 363, 279, 0, 9.48%, 40, 0, 3, 6494.70, 13476391, 456
1732, 1, 308, 363, 279, 0, 9.48%, 40, 0, 3, 5748.74, 13504563, 456
1737, 1, 308, 363, 279, 0, 9.48%, 40, 0, 3, 5450.38, 13532294, 456
1742, 1, 309, 363, 278, 0, 9.48%, 40, 0, 3, 5862.36, 13561894, 456
1747, 1, 309, 363, 278, 0, 9.48%, 40, 0, 3, 4314.26, 13582268, 456
1752, 1, 309, 363, 278, 0, 9.48%, 40, 0, 3, 4167.39, 13603105, 456
1757, 1, 309, 363, 278, 0, 9.48%, 40, 0, 3, 4082.73, 13623143, 456
1762, 1, 309, 363, 278, 0, 9.48%, 40, 0, 3, 3830.79, 13642914, 456
1767, 1, 309, 363, 278, 0, 9.48%, 40, 0, 3, 4681.44, 13666195, 456
1772, 1, 309, 363, 278, 0, 9.48%, 40, 0, 3, 4221.95, 13687336, 456
1777, 1, 309, 363, 278, 0, 9.48%, 40, 0, 3, 4044.91, 13707627, 456
1782, 1, 309, 363, 278, 0, 9.48%, 40, 0, 3, 3896.44, 13727145, 456
1787, 1, 309, 363, 278, 0, 9.48%, 40, 0, 3, 4473.99, 13750039, 456
1792, 1, 309, 363, 278, 0, 9.48%, 40, 0, 3, 3985.82, 13769591, 456
1797, 1, 309, 363, 278, 0, 9.48%, 40, 0, 3, 3996.17, 13789313, 456
1802, 1, 309, 363, 278, 0, 9.48%, 40, 0, 3, 3749.17, 13808316, 456
1807, 1, 309, 363, 278, 0, 9.48%, 40, 0, 3, 3542.71, 13825861, 456
1812, 1, 309, 363, 278, 0, 9.48%, 40, 0, 3, 3541.36, 13843571, 456
1817, 1, 309, 363, 278, 0, 9.48%, 40, 0, 3, 3832.50, 13862375, 456
1823, 1, 309, 363, 278, 0, 9.48%, 40, 0, 3, 4572.47, 13887020, 456
1828, 1, 309, 363, 278, 0, 9.48%, 40, 0, 3, 4435.25, 13909340, 456
1833, 1, 309, 363, 278, 0, 9.48%, 40, 0, 3, 4519.33, 13932830, 456
1838, 1, 309, 363, 278, 0, 9.48%, 40, 0, 3, 4155.77, 13953038, 456
1843, 1, 309, 363, 278, 0, 9.48%, 40, 0, 3, 3866.18, 13972634, 456
1848, 1, 309, 363, 278, 0, 9.48%, 40, 0, 3, 3642.67, 13990848, 456
1853, 1, 309, 363, 278, 0, 9.48%, 40, 0, 3, 3269.90, 14007525, 456
1858, 1, 309, 363, 278, 0, 9.48%, 40, 0, 3, 4806.14, 14034777, 456
1863, 1, 309, 363, 278, 0, 9.48%, 40, 0, 3, 4930.83, 14059429, 456
1868, 1, 309, 363, 278, 0, 9.48%, 40, 0, 3, 4391.25, 14081451, 456
1873, 1, 309, 363, 278, 0, 9.48%, 40, 0, 3, 4116.47, 14102395, 456
1878, 1, 309, 363, 278, 0, 9.48%, 40, 0, 3, 3741.14, 14120854, 456
1883, 1, 309, 363, 278, 0, 9.48%, 40, 0, 3, 3841.88, 14139727, 456
1888, 1, 309, 363, 278, 0, 9.48%, 40, 0, 3, 4089.23, 14160915, 456
1893, 1, 309, 363, 278, 0, 9.48%, 40, 0, 3, 3950.51, 14180863, 456
1898, 1, 309, 363, 278, 0, 9.48%, 40, 0, 3, 3633.61, 14199021, 456
1903, 1, 309, 363, 278, 0, 9.48%, 40, 0, 3, 4263.44, 14221926, 456
1908, 1, 309, 363, 278, 0, 9.48%, 40, 0, 3, 4090.68, 14241835, 456
1913, 1, 309, 363, 278, 0, 9.48%, 40, 0, 3, 3991.32, 14262671, 456
1919, 1, 309, 363, 278, 0, 9.48%, 40, 0, 3, 3713.53, 14281515, 456
1924, 1, 309, 363, 278, 0, 9.48%, 40, 0, 3, 3695.25, 14299710, 456
1929, 1, 309, 363, 278, 0, 9.48%, 40, 0, 3, 5433.05, 14326658, 456
1934, 1, 309, 363, 278, 0, 9.48%, 40, 0, 3, 5651.99, 14359392, 456
1939, 1, 309, 363, 278, 0, 9.48%, 40, 0, 3, 5802.44, 14384664, 456
1944, 1, 309, 363, 278, 0, 9.48%, 40, 0, 3, 5810.52, 14415024, 456
1949, 1, 309, 363, 278, 0, 9.48%, 40, 0, 3, 4692.87, 14437348, 456
1954, 1, 309, 363, 278, 0, 9.48%, 40, 0, 3, 4661.04, 14461084, 456
1959, 1, 309, 363, 278, 0, 9.48%, 40, 0, 3, 4323.13, 14482596, 456
1964, 1, 309, 363, 278, 0, 9.48%, 40, 0, 3, 4752.66, 14506862, 456
1969, 1, 309, 363, 278, 0, 9.48%, 40, 0, 3, 4162.75, 14527228, 456
1974, 1, 309, 363, 278, 0, 9.48%, 40, 0, 3, 3830.19, 14545840, 456
1979, 1, 309, 363, 278, 0, 9.48%, 40, 0, 3, 3633.24, 14563744, 456
1984, 1, 309, 363, 278, 0, 9.48%, 40, 0, 3, 4900.90, 14586815, 456
1990, 1, 310, 367, 281, 0, 9.48%, 40, 0, 3, 4456.75, 14612171, 456
1995, 1, 310, 367, 281, 0, 9.48%, 40, 0, 3, 3454.73, 14629040, 456
2000, 1, 310, 367, 281, 0, 9.48%, 40, 0, 3, 3551.95, 14647048, 456
2005, 1, 310, 367, 281, 0, 9.48%, 40, 0, 3, 3228.64, 14663845, 456
2010, 1, 310, 367, 281, 0, 9.48%, 40, 0, 3, 3542.78, 14682640, 456
2015, 1, 310, 367, 281, 0, 9.48%, 40, 0, 3, 3216.86, 14698756, 456
2020, 1, 310, 367, 281, 0, 9.48%, 40, 0, 3, 3179.77, 14715411, 456
2025, 1, 310, 367, 281, 0, 9.48%, 40, 0, 3, 3999.53, 14738100, 456
2030, 1, 310, 367, 281, 0, 9.48%, 40, 0, 3, 3858.44, 14757771, 456
2035, 1, 310, 367, 281, 0, 9.48%, 40, 0, 3, 3577.23, 14775297, 456
2041, 1, 310, 367, 281, 0, 9.48%, 40, 0, 3, 3447.39, 14792226, 456
2046, 1, 310, 367, 281, 0, 9.48%, 40, 0, 3, 3296.95, 14808933, 456
2051, 1, 310, 367, 281, 0, 9.48%, 40, 0, 3, 3617.21, 14827857, 456
2056, 1, 310, 367, 281, 0, 9.48%, 40, 0, 3, 3523.90, 14845719, 456
2061, 1, 310, 367, 281, 0, 9.48%, 40, 0, 3, 3190.69, 14861329, 456
2066, 1, 310, 367, 281, 0, 9.48%, 40, 0, 3, 3112.33, 14877285, 456
2071, 1, 310, 367, 281, 0, 9.48%, 40, 0, 3, 3181.91, 14893476, 456
2076, 1, 310, 367, 281, 0, 9.48%, 40, 0, 3, 3141.71, 14909541, 456
2081, 1, 310, 367, 281, 0, 9.48%, 40, 0, 3, 3032.48, 14924553, 456
2086, 1, 310, 367, 281, 0, 9.48%, 40, 0, 3, 3024.70, 14939673, 456
2091, 1, 310, 367, 281, 0, 9.48%, 40, 0, 3, 3300.09, 14955522, 456
2096, 1, 310, 367, 281, 0, 9.48%, 40, 0, 3, 3877.90, 14976179, 456
2101, 1, 310, 367, 281, 0, 9.48%, 40, 0, 3, 3923.21, 14995925, 456
2106, 1, 310, 367, 281, 0, 9.48%, 40, 0, 3, 3750.84, 15014925, 456
2111, 1, 310, 367, 281, 0, 9.48%, 40, 0, 3, 3823.87, 15034119, 456
2116, 1, 310, 367, 281, 0, 9.48%, 40, 0, 3, 3591.07, 15052637, 456
2121, 1, 310, 367, 281, 0, 9.48%, 40, 0, 3, 3363.43, 15069423, 456
2127, 1, 310, 367, 281, 0, 9.48%, 40, 0, 3, 3336.40, 15086171, 456
2132, 1, 310, 367, 281, 0, 9.48%, 40, 0, 3, 3115.68, 15101725, 456
2137, 1, 310, 367, 281, 0, 9.48%, 40, 0, 3, 3048.80, 15117077, 456
2142, 1, 310, 367, 281, 0, 9.48%, 40, 0, 3, 3297.54, 15133461, 456
2147, 1, 310, 367, 281, 0, 9.48%, 40, 0, 3, 4083.44, 15155997, 456
2152, 1, 310, 367, 281, 0, 9.48%, 40, 0, 3, 4068.25, 15176893, 456
2157, 1, 310, 367, 281, 0, 9.48%, 40, 0, 3, 4189.71, 15197557, 456
2162, 1, 310, 367, 281, 0, 9.48%, 40, 0, 3, 3820.73, 15216683, 456
2167, 1, 310, 367, 281, 0, 9.48%, 40, 0, 3, 3526.92, 15234221, 456
2172, 1, 310, 367, 281, 0, 9.48%, 40, 0, 3, 3326.54, 15250965, 456
2177, 1, 310, 367, 281, 0, 9.48%, 40, 0, 3, 3101.14, 15266429, 456
2182, 1, 310, 367, 281, 0, 9.48%, 40, 0, 3, 3285.57, 15282621, 456
2187, 1, 310, 367, 281, 0, 9.48%, 40, 0, 3, 3647.87, 15300973, 456
2192, 1, 310, 367, 281, 0, 9.48%, 40, 0, 3, 3379.79, 15318581, 456
2197, 1, 310, 367, 281, 0, 9.48%, 40, 0, 3, 3314.41, 15335545, 456
2203, 1, 310, 367, 281, 0, 9.48%, 40, 0, 3, 3148.99, 15351421, 456
2208, 1, 310, 367, 281, 0, 9.48%, 40, 0, 3, 3899.61, 15370705, 456
2213, 1, 310, 367, 281, 0, 9.48%, 40, 0, 3, 3679.53, 15389997, 456
2218, 1, 310, 367, 281, 0, 9.48%, 40, 0, 3, 3368.30, 15406797, 456
2223, 1, 310, 367, 281, 0, 9.48%, 40, 0, 3, 3504.41, 15425079, 456
2228, 1, 310, 367, 281, 0, 9.48%, 40, 0, 3, 3249.14, 15440909, 456
2233, 1, 310, 367, 281, 0, 9.48%, 40, 0, 3, 3135.38, 15456783, 456
2238, 1, 310, 367, 281, 0, 9.48%, 40, 0, 3, 3014.70, 15471709, 456
2243, 1, 310, 367, 281, 0, 9.48%, 40, 0, 3, 3704.00, 15491823, 456
2248, 1, 310, 367, 281, 0, 9.48%, 40, 0, 3, 5803.81, 15523040, 456
2253, 1, 310, 367, 281, 0, 9.48%, 40, 0, 3, 4350.39, 15544232, 456
2258, 1, 310, 367, 281, 0, 9.48%, 40, 0, 3, 3693.95, 15561239, 456
2263, 1, 310, 367, 281, 0, 9.48%, 40, 0, 3, 4903.05, 15591646, 456
2268, 1, 310, 367, 281, 0, 9.48%, 40, 0, 3, 4575.35, 15614788, 456
2273, 1, 310, 367, 281, 0, 9.48%, 40, 0, 3, 4428.58, 15638704, 456
2278, 1, 310, 367, 281, 0, 9.48%, 40, 0, 3, 4134.35, 15660790, 456
2284, 1, 310, 367, 281, 0, 9.48%, 40, 0, 3, 3805.05, 15679886, 456
2289, 1, 310, 367, 281, 0, 9.48%, 40, 0, 3, 3993.54, 15700378, 456
2294, 1, 310, 367, 281, 0, 9.48%, 40, 0, 3, 3793.75, 15720754, 456
2299, 1, 310, 367, 281, 0, 9.48%, 40, 0, 3, 3500.27, 15738364, 456
2304, 1, 310, 367, 281, 0, 9.48%, 40, 0, 3, 3248.49, 15754289, 456
2309, 1, 310, 367, 281, 0, 9.48%, 40, 0, 3, 3040.31, 15769414, 456
2314, 1, 310, 367, 281, 0, 9.48%, 40, 0, 3, 5270.32, 15794026, 456
2319, 1, 311, 371, 284, 0, 9.48%, 41, 0, 3, 4127.38, 15815990, 456
2324, 1, 311, 371, 284, 0, 9.48%, 41, 0, 3, 3167.73, 15830925, 456
2329, 1, 311, 371, 284, 0, 9.48%, 41, 0, 3, 3023.96, 15845441, 456
2334, 1, 311, 371, 284, 0, 9.48%, 41, 0, 3, 3032.04, 15861237, 456
2339, 1, 311, 371, 284, 0, 9.48%, 41, 0, 3, 2851.31, 15875477, 456
2344, 1, 311, 371, 284, 0, 9.48%, 41, 0, 3, 3226.42, 15892176, 456
2350, 1, 311, 371, 284, 0, 9.48%, 41, 0, 3, 3008.06, 15907164, 456
2355, 1, 311, 371, 284, 0, 9.48%, 41, 0, 3, 2909.27, 15921401, 456
2360, 1, 311, 371, 284, 0, 9.48%, 41, 0, 3, 2969.39, 15936760, 456
2365, 1, 311, 371, 284, 0, 9.48%, 41, 0, 3, 3517.78, 15954960, 456
2370, 1, 311, 371, 284, 0, 9.48%, 41, 0, 3, 3721.09, 15973112, 456
2375, 1, 311, 371, 284, 0, 9.48%, 41, 0, 3, 3417.64, 15989842, 456
2380, 1, 311, 371, 284, 0, 9.48%, 41, 0, 3, 3120.76, 16005409, 456
2385, 1, 311, 371, 284, 0, 9.48%, 41, 0, 3, 3260.51, 16022125, 456
2390, 1, 311, 371, 284, 0, 9.48%, 41, 0, 3, 3026.26, 16037380, 456
2395, 1, 311, 371, 284, 0, 9.48%, 41, 0, 3, 2918.75, 16051952, 456
2400, 1, 311, 371, 284, 0, 9.48%, 41, 0, 3, 2915.13, 16066324, 456
2405, 1, 311, 371, 284, 0, 9.48%, 41, 0, 3, 2951.71, 16081490, 456
2410, 1, 311, 371, 284, 0, 9.48%, 41, 0, 3, 2882.29, 16096021, 456
2415, 1, 311, 371, 284, 0, 9.48%, 41, 0, 3, 2954.81, 16110764, 456
2420, 1, 311, 371, 284, 0, 9.48%, 41, 0, 3, 2887.93, 16125319, 456
2425, 1, 311, 371, 284, 0, 9.48%, 41, 0, 3, 2783.32, 16139155, 456
2430, 1, 311, 371, 284, 0, 9.48%, 41, 0, 3, 2773.57, 16153070, 456
2435, 1, 311, 371, 284, 0, 9.48%, 41, 0, 3, 2742.41, 16166950, 456
2440, 1, 311, 371, 284, 0, 9.48%, 41, 0, 3, 2725.00, 16180666, 456
2445, 1, 311, 371, 284, 0, 9.48%, 41, 0, 3, 2710.66, 16194490, 456
2450, 1, 311, 371, 284, 0, 9.48%, 41, 0, 3, 2913.44, 16208609, 456
2456, 1, 311, 371, 284, 0, 9.48%, 41, 0, 3, 4353.61, 16232059, 456
2461, 1, 311, 371, 284, 0, 9.48%, 41, 0, 3, 3870.48, 16251548, 456
2466, 1, 311, 371, 284, 0, 9.48%, 41, 0, 3, 3792.88, 16269720, 456
2471, 1, 311, 371, 284, 0, 9.48%, 41, 0, 3, 3201.50, 16285801, 456
2476, 1, 311, 371, 284, 0, 9.48%, 41, 0, 3, 2976.51, 16300462, 456
2481, 1, 311, 371, 284, 0, 9.48%, 41, 0, 3, 2935.55, 16315091, 456
2486, 1, 311, 371, 284, 0, 9.48%, 41, 0, 3, 3097.18, 16331177, 456
2491, 1, 311, 371, 284, 0, 9.48%, 41, 0, 3, 2916.20, 16345779, 456
2496, 1, 311, 371, 284, 0, 9.48%, 41, 0, 3, 2968.45, 16361645, 456
2501, 1, 311, 371, 284, 0, 9.48%, 41, 0, 3, 2841.88, 16375910, 456
2506, 1, 311, 371, 284, 0, 9.48%, 41, 0, 3, 2823.19, 16390169, 456
2511, 1, 311, 371, 284, 0, 9.48%, 41, 0, 3, 2755.87, 16403819, 456
2516, 1, 311, 371, 284, 0, 9.48%, 41, 0, 3, 2728.48, 16417643, 456
2521, 1, 311, 371, 284, 0, 9.48%, 41, 0, 3, 3838.43, 16435894, 456
2527, 1, 311, 371, 284, 0, 9.48%, 41, 0, 3, 4528.59, 16460290, 456
2532, 1, 311, 371, 284, 0, 9.48%, 41, 0, 3, 4178.50, 16479674, 456
2537, 1, 311, 371, 284, 0, 9.48%, 41, 0, 3, 3370.86, 16496306, 456
2542, 1, 311, 371, 284, 0, 9.48%, 41, 0, 3, 3110.50, 16511895, 456
2547, 1, 311, 371, 284, 0, 9.48%, 41, 0, 3, 3265.56, 16528660, 456
2552, 1, 311, 371, 284, 0, 9.48%, 41, 0, 3, 3029.12, 16543750, 456
2557, 1, 311, 371, 284, 0, 9.48%, 41, 0, 3, 3054.63, 16559902, 456
2562, 1, 311, 371, 284, 0, 9.48%, 41, 0, 3, 2956.70, 16574731, 456
2567, 1, 311, 371, 284, 0, 9.48%, 41, 0, 3, 2837.39, 16589062, 456
2572, 1, 311, 371, 284, 0, 9.48%, 41, 0, 3, 2784.56, 16602995, 456
2577, 1, 311, 371, 284, 0, 9.48%, 41, 0, 3, 2862.85, 16617103, 456
2582, 1, 311, 371, 284, 0, 9.48%, 41, 0, 3, 2829.04, 16631447, 456
2587, 1, 311, 371, 284, 0, 9.48%, 41, 0, 3, 3097.21, 16647503, 456
2593, 1, 311, 371, 284, 0, 9.48%, 41, 0, 3, 2922.10, 16662671, 456
2598, 1, 311, 371, 284, 0, 9.48%, 41, 0, 3, 2857.06, 16677114, 456
2603, 1, 311, 371, 284, 0, 9.48%, 41, 0, 3, 2789.49, 16691002, 456
2608, 1, 311, 371, 284, 0, 9.48%, 41, 0, 3, 2899.86, 16705837, 456
2613, 1, 311, 371, 284, 0, 9.48%, 41, 0, 3, 3401.31, 16723965, 456
2618, 1, 311, 371, 284, 0, 9.48%, 41, 0, 3, 3235.24, 16739564, 456
2623, 1, 311, 371, 284, 0, 9.48%, 41, 0, 3, 3055.86, 16754699, 456
2628, 1, 311, 371, 284, 0, 9.48%, 41, 0, 3, 2949.12, 16770130, 456
2633, 1, 311, 371, 284, 0, 9.48%, 41, 0, 3, 2875.39, 16784738, 456
2638, 1, 311, 371, 284, 0, 9.48%, 41, 0, 3, 2801.94, 16798704, 456
2644, 1, 311, 371, 284, 0, 9.48%, 41, 0, 3, 2726.80, 16812893, 456
2649, 1, 311, 371, 284, 0, 9.48%, 41, 0, 3, 3344.68, 16829680, 456
2654, 1, 311, 371, 284, 0, 9.48%, 41, 0, 3, 3034.08, 16845131, 456
2659, 1, 311, 371, 284, 0, 9.48%, 41, 0, 3, 9107.20, 16878554, 456
2664, 1, 311, 371, 284, 0, 9.48%, 41, 0, 3, 4899.13, 16897764, 456
2669, 1, 311, 371, 284, 0, 9.48%, 41, 0, 3, 3356.15, 16912893, 456
2674, 1, 311, 371, 284, 0, 9.48%, 41, 0, 3, 3479.51, 16929961, 456
2679, 1, 311, 371, 284, 0, 9.48%, 41, 0, 3, 5053.76, 16954552, 456
2684, 1, 311, 371, 284, 0, 9.48%, 41, 0, 3, 4000.86, 16972756, 456
2689, 1, 311, 371, 284, 0, 9.48%, 41, 0, 3, 5014.53, 16996033, 456
2694, 1, 311, 371, 284, 0, 9.48%, 41, 0, 3, 3718.47, 17013835, 456
2699, 1, 311, 371, 284, 0, 9.48%, 41, 0, 3, 3820.28, 17034896, 456
2704, 1, 311, 371, 284, 0, 9.48%, 41, 0, 3, 3452.98, 17052229, 456
2709, 1, 311, 371, 284, 0, 9.48%, 41, 0, 3, 3495.06, 17070260, 456
2715, 1, 311, 371, 284, 0, 9.48%, 41, 0, 3, 3246.50, 17086448, 456
2720, 1, 311, 371, 284, 0, 9.48%, 41, 0, 3, 3060.66, 17101613, 456
2725, 1, 311, 371, 284, 0, 9.48%, 41, 0, 3, 2979.31, 17116412, 456
2730, 1, 311, 371, 284, 0, 9.48%, 41, 0, 3, 2895.70, 17130760, 456
2735, 1, 311, 371, 284, 0, 9.48%, 41, 0, 3, 2827.07, 17145104, 456
2740, 1, 311, 371, 284, 0, 9.48%, 41, 0, 3, 2794.74, 17159295, 456
2745, 1, 311, 371, 284, 0, 9.48%, 41, 0, 3, 2705.03, 17173306, 456
2750, 1, 313, 373, 285, 0, 9.48%, 41, 0, 3, 9041.69, 17219912, 456
2755, 1, 313, 373, 285, 0, 9.48%, 41, 0, 3, 12548.63, 17289210, 456
2760, 1, 313, 373, 285, 0, 9.48%, 41, 0, 3, 13437.63, 17358492, 456
2765, 1, 314, 373, 284, 0, 9.48%, 41, 0, 3, 6437.35, 17385323, 456
2771, 1, 314, 373, 284, 0, 9.48%, 41, 0, 3, 3919.00, 17402246, 456
2776, 1, 314, 373, 284, 0, 9.48%, 41, 0, 3, 3509.55, 17419319, 456
2781, 1, 314, 373, 284, 0, 9.48%, 41, 0, 3, 3291.19, 17436225, 456
2786, 1, 314, 373, 284, 0, 9.48%, 41, 0, 3, 3393.90, 17454039, 456
2791, 1, 314, 373, 284, 0, 9.48%, 41, 0, 3, 3256.27, 17470843, 456
2796, 1, 314, 373, 284, 0, 9.48%, 41, 0, 3, 3400.32, 17488737, 456
2801, 1, 314, 373, 284, 0, 9.48%, 41, 0, 3, 3536.95, 17506611, 456
2807, 1, 314, 373, 284, 0, 9.48%, 41, 0, 3, 3543.27, 17524671, 456
2812, 1, 314, 373, 284, 0, 9.48%, 41, 0, 3, 3523.21, 17542591, 456
2817, 1, 314, 373, 284, 0, 9.48%, 41, 0, 3, 3480.02, 17560377, 456
2822, 1, 314, 373, 284, 0, 9.48%, 41, 0, 3, 3477.51, 17578179, 456
2827, 1, 314, 373, 284, 0, 9.48%, 41, 0, 3, 3410.34, 17595507, 456
2832, 1, 314, 373, 284, 0, 9.48%, 41, 0, 3, 3375.68, 17612754, 456
2837, 1, 314, 373, 284, 0, 9.48%, 41, 0, 3, 3286.04, 17629241, 456
2842, 1, 314, 373, 284, 0, 9.48%, 41, 0, 3, 3279.40, 17645946, 456
2847, 1, 314, 373, 284, 0, 9.48%, 41, 0, 3, 3252.83, 17662326, 456
2852, 1, 314, 373, 284, 0, 9.48%, 41, 0, 3, 3222.72, 17678711, 456
2858, 1, 314, 373, 284, 0, 9.48%, 41, 0, 3, 3164.17, 17695065, 456
2863, 1, 314, 373, 284, 0, 9.48%, 41, 0, 3, 3152.96, 17710941, 456
2868, 1, 314, 373, 284, 0, 9.48%, 41, 0, 3, 3466.13, 17728338, 456
2873, 1, 314, 373, 284, 0, 9.48%, 41, 0, 3, 3720.78, 17747592, 456
2878, 1, 314, 373, 284, 0, 9.48%, 41, 0, 3, 3711.66, 17766832, 456
2883, 1, 314, 373, 284, 0, 9.48%, 41, 0, 3, 3703.00, 17786080, 456
2888, 1, 314, 373, 284, 0, 9.48%, 41, 0, 3, 3642.65, 17804278, 456
2893, 1, 314, 373, 284, 0, 9.48%, 41, 0, 3, 3619.83, 17823070, 456
2898, 1, 314, 373, 284, 0, 9.48%, 41, 0, 3, 3564.18, 17840830, 456
2903, 1, 314, 373, 284, 0, 9.48%, 41, 0, 3, 3554.05, 17858678, 456
2908, 1, 314, 373, 284, 0, 9.48%, 41, 0, 3, 3449.48, 17876035, 456
2914, 1, 314, 373, 284, 0, 9.48%, 41, 0, 3, 3394.33, 17893385, 456
2919, 1, 314, 373, 284, 0, 9.48%, 41, 0, 3, 3355.90, 17910403, 456
2924, 1, 314, 373, 284, 0, 9.48%, 41, 0, 3, 3329.43, 17927242, 456
2929, 1, 314, 373, 284, 0, 9.48%, 41, 0, 3, 3296.14, 17943743, 456
2934, 1, 314, 373, 284, 0, 9.48%, 41, 0, 3, 3257.20, 17960123, 456
2939, 1, 314, 373, 284, 0, 9.48%, 41, 0, 3, 3223.01, 17976278, 456
2944, 1, 314, 373, 284, 0, 9.48%, 41, 0, 3, 3170.64, 17992567, 456
2949, 1, 314, 373, 284, 0, 9.48%, 41, 0, 3, 3992.83, 18013944, 456
2954, 1, 314, 373, 284, 0, 9.48%, 41, 0, 3, 4128.31, 18035582, 456
2959, 1, 314, 373, 284, 0, 9.48%, 41, 0, 3, 4111.23, 18056928, 456
2965, 1, 314, 373, 284, 0, 9.48%, 41, 0, 3, 4102.20, 18077988, 456
2970, 1, 314, 373, 284, 0, 9.48%, 41, 0, 3, 3942.87, 18097680, 456
2975, 1, 314, 373, 284, 0, 9.48%, 41, 0, 3, 3800.40, 18116722, 456
2980, 1, 314, 373, 284, 0, 9.48%, 41, 0, 3, 3704.95, 18135582, 456
2985, 1, 314, 373, 284, 0, 9.48%, 41, 0, 3, 3578.17, 18154068, 456
2990, 1, 314, 373, 284, 0, 9.48%, 41, 0, 3, 3559.11, 18171960, 456
2995, 1, 314, 373, 284, 0, 9.48%, 41, 0, 3, 3480.89, 18189402, 456
3000, 1, 314, 373, 284, 0, 9.48%, 41, 0, 3, 3432.19, 18206678, 456
3005, 1, 314, 373, 284, 0, 9.48%, 41, 0, 3, 3316.92, 18223416, 456
3010, 1, 314, 373, 284, 0, 9.48%, 41, 0, 3, 3264.11, 18239874, 456
3015, 1, 314, 373, 284, 0, 9.48%, 41, 0, 3, 3245.87, 18256294, 456
3021, 1, 314, 373, 284, 0, 9.48%, 41, 0, 3, 3288.38, 18273401, 456
3026, 1, 314, 373, 284, 0, 9.48%, 41, 0, 3, 3419.89, 18291587, 456
3031, 1, 314, 373, 284, 0, 9.48%, 41, 0, 3, 3621.61, 18309385, 456
3036, 1, 314, 373, 284, 0, 9.48%, 41, 0, 3, 3638.69, 18327939, 456
3041, 1, 314, 373, 284, 0, 9.48%, 41, 0, 3, 3377.62, 18344809, 456
3046, 1, 314, 373, 284, 0, 9.48%, 41, 0, 3, 3788.35, 18363839, 456
3051, 1, 314, 373, 284, 0, 9.48%, 41, 0, 3, 5236.66, 18390031, 456
3056, 1, 314, 373, 284, 0, 9.48%, 41, 0, 3, 4663.62, 18414154, 456
3061, 1, 314, 373, 284, 0, 9.48%, 41, 0, 3, 3614.14, 18431392, 456
3066, 1, 314, 373, 284, 0, 9.48%, 41, 0, 3, 4786.93, 18456804, 456
3071, 1, 314, 373, 284, 0, 9.48%, 41, 0, 3, 5136.54, 18482990, 456
3076, 1, 314, 373, 284, 0, 9.48%, 41, 0, 3, 5010.87, 18508240, 456
3081, 1, 314, 373, 284, 0, 9.48%, 41, 0, 3, 4895.20, 18532886, 456
3086, 1, 314, 373, 284, 0, 9.48%, 41, 0, 3, 4802.25, 18557200, 456
3092, 1, 314, 373, 284, 0, 9.48%, 41, 0, 3, 4546.26, 18581004, 456
3097, 1, 314, 373, 284, 0, 9.48%, 41, 0, 3, 4225.40, 18601948, 456
3102, 1, 314, 373, 284, 0, 9.48%, 41, 0, 3, 3853.55, 18621170, 456
3107, 1, 314, 373, 284, 0, 9.48%, 41, 0, 3, 3563.82, 18639057, 456
3112, 1, 314, 373, 284, 0, 9.48%, 41, 0, 3, 3423.17, 18656568, 456
3117, 1, 314, 373, 284, 0, 9.48%, 41, 0, 3, 5858.31, 18684385, 456
3122, 1, 327, 373, 283, 0, 9.48%, 41, 0, 3, 8362.81, 18729498, 456
3128, 1, 327, 373, 283, 0, 9.48%, 41, 0, 3, 9040.20, 18777912, 456
3133, 1, 327, 373, 283, 0, 9.48%, 41, 0, 3, 9820.64, 18828562, 456
3138, 1, 327, 373, 283, 0, 9.48%, 41, 0, 3, 9814.45, 18877961, 456
3143, 1, 327, 373, 283, 0, 9.48%, 41, 0, 3, 9410.56, 18923745, 456
3148, 1, 327, 373, 283, 0, 9.48%, 41, 0, 3, 10446.00, 18978474, 456
3153, 1, 327, 373, 283, 0, 9.48%, 41, 0, 3, 10235.29, 19030338, 456
3158, 1, 327, 373, 283, 0, 9.48%, 41, 0, 3, 9454.08, 19077364, 456
3163, 1, 334, 373, 282, 0, 9.48%, 41, 0, 3, 7944.75, 19117955, 456
3168, 1, 334, 373, 282, 0, 9.48%, 41, 0, 3, 7090.16, 19152486, 456
3173, 1, 334, 373, 282, 0, 9.48%, 41, 0, 3, 7116.69, 19188087, 456
3178, 1, 334, 373, 282, 0, 9.48%, 41, 0, 3, 6548.92, 19220473, 456
3183, 1, 334, 373, 282, 0, 9.48%, 41, 0, 3, 6465.32, 19253060, 456
3188, 1, 334, 373, 282, 0, 9.48%, 41, 0, 3, 6134.87, 19283589, 456
3193, 1, 334, 373, 282, 0, 9.48%, 41, 0, 3, 6654.76, 19316403, 456
3198, 1, 334, 373, 282, 0, 9.48%, 41, 0, 3, 6832.09, 19351271, 456
3203, 1, 334, 373, 282, 0, 9.48%, 41, 0, 3, 6409.19, 19383279, 456
3208, 1, 334, 373, 282, 0, 9.48%, 41, 0, 3, 7139.34, 19420774, 456
3213, 1, 334, 373, 282, 0, 9.48%, 41, 0, 3, 6474.39, 19453056, 456
3218, 1, 334, 373, 282, 0, 9.48%, 41, 0, 3, 6671.39, 19486523, 456
3223, 1, 334, 373, 282, 0, 9.48%, 41, 0, 3, 6696.98, 19519208, 456
3228, 1, 334, 373, 282, 0, 9.48%, 41, 0, 3, 6587.54, 19552600, 456
3233, 1, 334, 373, 282, 0, 9.48%, 41, 0, 3, 6209.56, 19583380, 456
3239, 1, 334, 373, 282, 0, 9.48%, 41, 0, 3, 8207.81, 19625324, 456
3244, 1, 334, 373, 282, 0, 9.48%, 41, 0, 3, 8858.69, 19667944, 456
3249, 1, 334, 373, 282, 0, 9.48%, 41, 0, 3, 7643.49, 19705312, 456
3254, 1, 334, 373, 282, 0, 9.48%, 41, 0, 3, 7600.02, 19743766, 456
3259, 1, 334, 373, 282, 0, 9.48%, 41, 0, 3, 6981.39, 19778444, 456
3264, 1, 334, 373, 282, 0, 9.48%, 41, 0, 3, 6628.71, 19812170, 456
3269, 1, 342, 373, 281, 0, 9.48%, 41, 0, 3, 8082.91, 19850687, 456
3274, 1, 342, 373, 281, 0, 9.48%, 41, 0, 3, 9558.00, 19901127, 456
3279, 1, 342, 373, 281, 0, 9.48%, 41, 0, 3, 9857.43, 19951446, 456
3284, 1, 342, 373, 281, 0, 9.48%, 41, 0, 3, 9662.41, 20001579, 456
3289, 1, 342, 373, 281, 0, 9.48%, 41, 0, 3, 10611.08, 20053965, 456
3294, 1, 342, 373, 281, 0, 9.48%, 41, 0, 3, 10440.18, 20108845, 456
3299, 1, 347, 373, 280, 0, 9.48%, 41, 0, 3, 9829.98, 20156119, 456
3304, 1, 347, 373, 280, 0, 9.48%, 41, 0, 3, 10232.92, 20208047, 456
3310, 1, 347, 373, 280, 0, 9.48%, 41, 0, 3, 10307.12, 20260544, 456
3315, 1, 347, 373, 280, 0, 9.48%, 41, 0, 3, 10152.94, 20314561, 456
3320, 1, 347, 373, 280, 0, 9.48%, 41, 0, 3, 10750.88, 20368697, 456
3325, 1, 347, 373, 280, 0, 9.48%, 41, 0, 3, 10637.00, 20424047, 456
3330, 1, 347, 373, 280, 0, 9.48%, 41, 0, 3, 10091.37, 20474372, 456
3335, 1, 348, 373, 279, 0, 9.48%, 41, 0, 3, 7531.98, 20512635, 456
3340, 1, 348, 373, 279, 0, 9.48%, 41, 0, 3, 6279.87, 20542518, 456
3345, 1, 348, 373, 279, 0, 9.48%, 41, 0, 3, 6332.71, 20573887, 456
3350, 1, 348, 373, 279, 0, 9.48%, 41, 0, 3, 5856.48, 20603921, 456
3355, 1, 348, 373, 279, 0, 9.48%, 41, 0, 3, 5547.83, 20631733, 456
3360, 1, 348, 373, 279, 0, 9.48%, 41, 0, 3, 5386.71, 20658666, 456
3366, 1, 348, 373, 279, 0, 9.48%, 41, 0, 3, 5650.46, 20686732, 456
3371, 1, 348, 373, 279, 0, 9.48%, 41, 0, 3, 6123.10, 20718931, 456
3376, 1, 348, 373, 279, 0, 9.48%, 41, 0, 3, 5717.44, 20748614, 456
3381, 1, 348, 373, 279, 0, 9.48%, 41, 0, 3, 5306.43, 20774819, 456
3386, 1, 348, 373, 279, 0, 9.48%, 41, 0, 3, 6317.45, 20807066, 456
3391, 1, 348, 373, 279, 0, 9.48%, 41, 0, 3, 6038.54, 20837629, 456
3396, 1, 348, 373, 279, 0, 9.48%, 41, 0, 3, 5425.95, 20864630, 456
3401, 1, 348, 373, 279, 0, 9.48%, 41, 0, 3, 5815.19, 20894483, 456
3406, 1, 348, 373, 279, 0, 9.48%, 41, 0, 3, 6058.53, 20924680, 456
3411, 1, 348, 373, 279, 0, 9.48%, 41, 0, 3, 5513.25, 20951938, 456
3416, 1, 348, 373, 279, 0, 9.48%, 41, 0, 3, 7322.62, 20988428, 456
3421, 1, 348, 373, 279, 0, 9.48%, 41, 0, 3, 6211.64, 21017655, 456
3426, 1, 348, 373, 279, 0, 9.48%, 41, 0, 3, 7144.38, 21057849, 456
3431, 1, 348, 373, 279, 0, 9.48%, 41, 0, 3, 6621.67, 21090705, 456
3436, 1, 348, 373, 279, 0, 9.48%, 41, 0, 3, 6212.08, 21122269, 456
3442, 1, 348, 373, 279, 0, 9.48%, 41, 0, 3, 6064.87, 21152933, 456
3447, 1, 348, 373, 279, 0, 9.48%, 41, 0, 3, 5605.49, 21181369, 456
3452, 1, 348, 373, 279, 0, 9.48%, 41, 0, 3, 5892.82, 21209619, 456
3457, 1, 352, 373, 278, 0, 9.48%, 41, 0, 3, 10097.24, 21266846, 456
3462, 1, 352, 373, 278, 0, 9.48%, 41, 0, 3, 11018.27, 21322705, 456
3467, 1, 352, 373, 278, 0, 9.48%, 41, 0, 3, 11074.32, 21378563, 456
3472, 1, 352, 373, 278, 0, 9.48%, 41, 0, 3, 10412.02, 21430645, 456
3477, 1, 352, 373, 278, 0, 9.48%, 41, 0, 3, 10957.00, 21486330, 456
3482, 1, 352, 373, 278, 0, 9.48%, 41, 0, 3, 11404.58, 21544218, 456
3487, 1, 352, 373, 278, 0, 9.48%, 41, 0, 3, 10883.20, 21598452, 456
3492, 1, 354, 373, 277, 0, 9.48%, 41, 0, 3, 8373.30, 21641689, 456
3497, 1, 354, 373, 277, 0, 9.48%, 41, 0, 3, 4158.00, 21656521, 456
3502, 1, 354, 373, 277, 0, 9.48%, 41, 0, 3, 3129.79, 21671131, 456
3507, 1, 354, 373, 277, 0, 9.48%, 41, 0, 3, 2867.49, 21685283, 456
3512, 1, 354, 373, 277, 0, 9.48%, 41, 0, 3, 2925.14, 21700307, 456
3517, 1, 354, 373, 277, 0, 9.48%, 41, 0, 3, 2881.25, 21714809, 456
3522, 1, 354, 373, 277, 0, 9.48%, 41, 0, 3, 2838.30, 21729577, 456
3528, 1, 354, 373, 277, 0, 9.48%, 41, 0, 3, 2967.14, 21745285, 456
3533, 1, 354, 373, 277, 0, 9.48%, 41, 0, 3, 2916.74, 21760432, 456
3538, 1, 354, 373, 277, 0, 9.48%, 41, 0, 3, 2825.72, 21775024, 456
3543, 1, 354, 373, 277, 0, 9.48%, 41, 0, 3, 2940.76, 21789793, 456
3548, 1, 354, 373, 277, 0, 9.48%, 41, 0, 3, 3642.30, 21808444, 456
3553, 1, 354, 373, 277, 0, 9.48%, 41, 0, 3, 3102.74, 21823785, 456
3558, 1, 354, 373, 277, 0, 9.48%, 41, 0, 3, 2967.83, 21838640, 456
3563, 1, 354, 373, 277, 0, 9.48%, 41, 0, 3, 2952.39, 21853508, 456
3568, 1, 354, 373, 277, 0, 9.48%, 41, 0, 3, 2961.96, 21868376, 456
3573, 1, 354, 373, 277, 0, 9.48%, 41, 0, 3, 2977.04, 21883362, 456
3579, 1, 354, 373, 277, 0, 9.48%, 41, 0, 3, 2955.01, 21898133, 456
3584, 1, 354, 373, 277, 0, 9.48%, 41, 0, 3, 2970.20, 21913452, 456
3589, 1, 354, 373, 277, 0, 9.48%, 41, 0, 3, 2942.34, 21928143, 456
3594, 1, 354, 373, 277, 0, 9.48%, 41, 0, 3, 2951.65, 21942909, 456
3599, 1, 354, 373, 277, 0, 9.48%, 41, 0, 3, 2910.90, 21957525, 456
3604, 1, 354, 373, 277, 0, 9.48%, 41, 0, 3, 2901.79, 21972650, 456
3609, 1, 354, 373, 277, 0, 9.48%, 41, 0, 3, 2908.43, 21987163, 456
3614, 1, 354, 373, 277, 0, 9.48%, 41, 0, 3, 2877.14, 22001549, 456
3619, 1, 354, 373, 277, 0, 9.48%, 41, 0, 3, 2856.84, 22015856, 456
3624, 1, 354, 373, 277, 0, 9.48%, 41, 0, 3, 2888.85, 22030448, 456
3629, 1, 354, 373, 277, 0, 9.48%, 41, 0, 3, 2854.08, 22044755, 456
3634, 1, 354, 373, 277, 0, 9.48%, 41, 0, 3, 2853.70, 22059233, 456
3639, 1, 354, 373, 277, 0, 9.48%, 41, 0, 3, 2855.48, 22073654, 456
3644, 1, 354, 373, 277, 0, 9.48%, 41, 0, 3, 2824.16, 22087891, 456
3649, 1, 354, 373, 277, 0, 9.48%, 41, 0, 3, 2823.77, 22102227, 456
3654, 1, 354, 373, 277, 0, 9.48%, 41, 0, 3, 2804.55, 22116675, 456
3660, 1, 354, 373, 277, 0, 9.48%, 41, 0, 3, 3243.83, 22132557, 456
3665, 1, 354, 373, 277, 0, 9.48%, 41, 0, 3, 3305.06, 22149622, 456
3670, 1, 354, 373, 277, 0, 9.48%, 41, 0, 3, 3215.07, 22165824, 456
3675, 1, 354, 373, 277, 0, 9.48%, 41, 0, 3, 3213.07, 22182705, 456
3680, 1, 354, 373, 277, 0, 9.48%, 41, 0, 3, 3216.40, 22199104, 456
3685, 1, 354, 373, 277, 0, 9.48%, 41, 0, 3, 3245.72, 22215872, 456
3690, 1, 354, 373, 277, 0, 9.48%, 41, 0, 3, 3211.85, 22231908, 456
3695, 1, 354, 373, 277, 0, 9.48%, 41, 0, 3, 3114.55, 22247638, 456
3700, 1, 354, 373, 277, 0, 9.48%, 41, 0, 3, 3164.23, 22263660, 456
3705, 1, 354, 373, 277, 0, 9.48%, 41, 0, 3, 3138.20, 22279444, 456
3710, 1, 354, 373, 277, 0, 9.48%, 41, 0, 3, 3095.34, 22295197, 456
3715, 1, 354, 373, 277, 0, 9.48%, 41, 0, 3, 3047.50, 22310569, 456
3720, 1, 354, 373, 277, 0, 9.48%, 41, 0, 3, 3066.46, 22326185, 456
3726, 1, 354, 373, 277, 0, 9.48%, 41, 0, 3, 3023.73, 22341372, 456
3731, 1, 354, 373, 277, 0, 9.48%, 41, 0, 3, 3026.71, 22356672, 456
3736, 1, 354, 373, 277, 0, 9.48%, 41, 0, 3, 2940.70, 22371460, 456
3741, 1, 354, 373, 277, 0, 9.48%, 41, 0, 3, 2932.32, 22386602, 456
3746, 1, 354, 373, 277, 0, 9.48%, 41, 0, 3, 2880.35, 22401534, 456
3751, 1, 354, 373, 277, 0, 9.48%, 41, 0, 3, 2902.57, 22416582, 456
3756, 1, 354, 373, 277, 0, 9.48%, 41, 0, 3, 2869.46, 22431345, 456
3762, 1, 354, 373, 277, 0, 9.48%, 41, 0, 3, 2857.10, 22446222, 456
3767, 1, 354, 373, 277, 0, 9.48%, 41, 0, 3, 2799.13, 22460304, 456
3772, 1, 354, 373, 277, 0, 9.48%, 41, 0, 3, 2799.23, 22474360, 456
3777, 1, 354, 373, 277, 0, 9.48%, 41, 0, 3, 2800.36, 22488367, 456
3782, 1, 354, 373, 277, 0, 9.48%, 41, 0, 3, 2795.57, 22502557, 456
3787, 1, 354, 373, 277, 0, 9.48%, 41, 0, 3, 2784.77, 22516651, 456
3792, 1, 354, 373, 277, 0, 9.48%, 41, 0, 3, 3371.04, 22535672, 456
3797, 1, 354, 373, 277, 0, 9.48%, 41, 0, 3, 3384.33, 22553216, 456
3802, 1, 354, 373, 277, 0, 9.48%, 41, 0, 3, 3470.75, 22571168, 456
3807, 1, 354, 373, 277, 0, 9.48%, 41, 0, 3, 3402.48, 22588449, 456
3812, 1, 354, 373, 277, 0, 9.48%, 41, 0, 3, 3353.45, 22605400, 456
3817, 1, 354, 373, 277, 0, 9.48%, 41, 0, 3, 3300.61, 22622350, 456
3822, 1, 354, 373, 277, 0, 9.48%, 41, 0, 3, 3228.59, 22639331, 456
3828, 1, 354, 373, 277, 0, 9.48%, 41, 0, 3, 3293.99, 22656036, 456
3833, 1, 354, 373, 277, 0, 9.48%, 41, 0, 3, 3211.88, 22671932, 456
3838, 1, 354, 373, 277, 0, 9.48%, 41, 0, 3, 3153.31, 22687772, 456
3843, 1, 354, 373, 277, 0, 9.48%, 41, 0, 3, 3114.90, 22703520, 456
3848, 1, 354, 373, 277, 0, 9.48%, 41, 0, 3, 3058.52, 22719042, 456
3853, 1, 354, 373, 277, 0, 9.48%, 41, 0, 3, 3090.92, 22734841, 456
3858, 1, 354, 373, 277, 0, 9.48%, 41, 0, 3, 3031.97, 22750636, 456
3863, 1, 354, 373, 277, 0, 9.48%, 41, 0, 3, 3034.23, 22765996, 456
3868, 1, 354, 373, 277, 0, 9.48%, 41, 0, 3, 2963.83, 22780984, 456
3873, 1, 354, 373, 277, 0, 9.48%, 41, 0, 3, 2924.37, 22796238, 456
3878, 1, 354, 373, 277, 0, 9.48%, 41, 0, 3, 2932.58, 22811550, 456
3883, 1, 354, 373, 277, 0, 9.48%, 41, 0, 3, 2898.22, 22826008, 456
3889, 1, 354, 373, 277, 0, 9.48%, 41, 0, 3, 2846.18, 22840788, 456
3894, 1, 354, 373, 277, 0, 9.48%, 41, 0, 3, 2875.94, 22855819, 456
3899, 1, 354, 373, 277, 0, 9.48%, 41, 0, 3, 2823.56, 22869964, 456
3904, 1, 354, 373, 277, 0, 9.48%, 41, 0, 3, 2816.90, 22884188, 456
3909, 1, 354, 373, 277, 0, 9.48%, 41, 0, 3, 2900.48, 22899480, 456
3914, 1, 354, 373, 277, 0, 9.48%, 41, 0, 3, 3110.27, 22915956, 456
3919, 1, 354, 373, 277, 0, 9.48%, 41, 0, 3, 2954.30, 22931142, 456
3925, 1, 354, 373, 277, 0, 9.48%, 41, 0, 3, 3479.45, 22948587, 456
3930, 1, 354, 373, 277, 0, 9.48%, 41, 0, 3, 3292.55, 22965097, 456
3935, 1, 354, 373, 277, 0, 9.48%, 41, 0, 3, 3145.95, 22980781, 456
3940, 1, 354, 373, 277, 0, 9.48%, 41, 0, 3, 3006.64, 22995797, 456
3945, 1, 354, 373, 277, 0, 9.48%, 41, 0, 3, 2871.65, 23010617, 456
3950, 1, 354, 373, 277, 0, 9.48%, 41, 0, 3, 3296.41, 23027143, 456
3955, 1, 354, 373, 277, 0, 9.48%, 41, 0, 3, 3145.08, 23043162, 456
3960, 1, 354, 373, 277, 0, 9.48%, 41, 0, 3, 4315.12, 23064854, 456
3965, 1, 354, 373, 277, 0, 9.48%, 41, 0, 3, 4151.92, 23086419, 456
3970, 1, 354, 373, 277, 0, 9.48%, 41, 0, 3, 3618.27, 23104508, 456
3975, 1, 354, 373, 277, 0, 9.48%, 41, 0, 3, 3183.52, 23120393, 456
3981, 1, 354, 373, 277, 0, 9.48%, 41, 0, 3, 2899.81, 23134836, 456
3986, 1, 354, 373, 277, 0, 9.48%, 41, 0, 3, 5156.65, 23165206, 456
3991, 1, 354, 373, 277, 0, 9.48%, 41, 0, 3, 4039.07, 23185721, 456
3996, 1, 354, 373, 277, 0, 9.48%, 41, 0, 3, 3820.07, 23205602, 456
4001, 1, 354, 373, 277, 0, 9.48%, 41, 0, 3, 3675.62, 23225138, 456
4006, 1, 354, 373, 277, 0, 9.48%, 41, 0, 3, 3704.18, 23244616, 456
4011, 1, 354, 373, 277, 0, 9.48%, 41, 0, 3, 3616.02, 23263814, 456
4016, 1, 354, 373, 277, 0, 9.48%, 41, 0, 3, 3683.91, 23283598, 456
4021, 1, 354, 373, 277, 0, 9.48%, 41, 0, 3, 3793.56, 23303667, 456
4026, 1, 354, 373, 277, 0, 9.48%, 41, 0, 3, 3530.72, 23321202, 456
4031, 1, 354, 373, 277, 0, 9.48%, 41, 0, 3, 3594.53, 23339946, 456
4036, 1, 354, 373, 277, 0, 9.48%, 41, 0, 3, 3430.97, 23356606, 456
4041, 1, 354, 373, 277, 0, 9.48%, 41, 0, 3, 3382.31, 23373402, 456
4046, 1, 354, 373, 277, 0, 9.48%, 41, 0, 3, 3258.68, 23389302, 456
4051, 1, 354, 373, 277, 0, 9.48%, 41, 0, 3, 3225.41, 23405366, 456
4056, 1, 354, 373, 277, 0, 9.48%, 41, 0, 3, 3195.56, 23421197, 456
4061, 1, 354, 373, 277, 0, 9.48%, 41, 0, 3, 3022.35, 23436182, 456
4066, 1, 354, 373, 277, 0, 9.48%, 41, 0, 3, 2962.88, 23451001, 456
4071, 1, 354, 373, 277, 0, 9.48%, 41, 0, 3, 2969.59, 23466046, 456
4076, 1, 354, 373, 277, 0, 9.48%, 41, 0, 3, 2961.78, 23481091, 456
4081, 1, 354, 373, 277, 0, 9.48%, 41, 0, 3, 2914.48, 23495538, 456
4086, 1, 354, 373, 277, 0, 9.48%, 41, 0, 3, 2833.67, 23509782, 456
4091, 1, 354, 373, 277, 0, 9.48%, 41, 0, 3, 2811.44, 23523950, 456
4097, 1, 354, 373, 277, 0, 9.48%, 43, 0, 3, 7020.66, 23561974, 456
4102, 1, 356, 374, 277, 0, 9.48%, 43, 0, 3, 4130.46, 23579770, 456
4107, 1, 356, 374, 277, 0, 9.48%, 43, 0, 3, 3150.58, 23594386, 456
4112, 1, 356, 374, 277, 0, 9.48%, 43, 0, 3, 2932.79, 23608840, 456
4117, 1, 356, 374, 277, 0, 9.48%, 43, 0, 3, 2902.56, 23623737, 456
4122, 1, 356, 374, 277, 0, 9.48%, 43, 0, 3, 2881.00, 23638728, 456
4127, 1, 356, 374, 277, 0, 9.48%, 43, 0, 3, 2851.19, 23653035, 456
4132, 1, 356, 374, 277, 0, 9.48%, 43, 0, 3, 2877.39, 23667409, 456
4137, 1, 356, 374, 277, 0, 9.48%, 43, 0, 3, 2949.94, 23682389, 456
4142, 1, 356, 374, 277, 0, 9.48%, 43, 0, 3, 2908.47, 23696929, 456
4147, 1, 356, 374, 277, 0, 9.48%, 43, 0, 3, 2825.12, 23711646, 456
4152, 1, 356, 374, 277, 0, 9.48%, 43, 0, 3, 3075.66, 23727502, 456
4157, 1, 356, 374, 277, 0, 9.48%, 43, 0, 3, 2988.96, 23742458, 456
4162, 1, 356, 374, 277, 0, 9.48%, 43, 0, 3, 3003.95, 23757458, 456
4168, 1, 356, 374, 277, 0, 9.48%, 43, 0, 3, 2972.05, 23772563, 456
4173, 1, 356, 374, 277, 0, 9.48%, 43, 0, 3, 2976.91, 23787726, 456
4178, 1, 356, 374, 277, 0, 9.48%, 43, 0, 3, 2985.64, 23802712, 456
4183, 1, 356, 374, 277, 0, 9.48%, 43, 0, 3, 2982.45, 23817639, 456
4188, 1, 356, 374, 277, 0, 9.48%, 43, 0, 3, 2992.55, 23832566, 456
4193, 1, 356, 374, 277, 0, 9.48%, 43, 0, 3, 2973.41, 23847434, 456
4198, 1, 356, 374, 277, 0, 9.48%, 43, 0, 3, 2945.20, 23862076, 456
4203, 1, 356, 374, 277, 0, 9.48%, 43, 0, 3, 2945.70, 23877330, 456
4208, 1, 356, 374, 277, 0, 9.48%, 43, 0, 3, 2921.04, 23892468, 456
4213, 1, 356, 374, 277, 0, 9.48%, 43, 0, 3, 2914.34, 23907084, 456
4218, 1, 356, 374, 277, 0, 9.48%, 43, 0, 3, 2925.31, 23921758, 456
4223, 1, 356, 374, 277, 0, 9.48%, 43, 0, 3, 2913.93, 23936838, 456
4228, 1, 356, 374, 277, 0, 9.48%, 43, 0, 3, 2902.70, 23951327, 456
4233, 1, 356, 374, 277, 0, 9.48%, 43, 0, 3, 2893.24, 23965862, 456
4238, 1, 356, 374, 277, 0, 9.48%, 43, 0, 3, 2851.81, 23980134, 456
4243, 1, 356, 374, 277, 0, 9.48%, 43, 0, 3, 2871.99, 23994533, 456
4248, 1, 356, 374, 277, 0, 9.48%, 43, 0, 3, 2850.11, 24008783, 456
4253, 1, 356, 374, 277, 0, 9.48%, 43, 0, 3, 2848.02, 24023090, 456
4259, 1, 356, 374, 277, 0, 9.48%, 43, 0, 3, 2831.72, 24037534, 456
4264, 1, 356, 374, 277, 0, 9.48%, 43, 0, 3, 2821.70, 24052094, 456
4269, 1, 356, 374, 277, 0, 9.48%, 43, 0, 3, 2982.10, 24066919, 456
4274, 1, 356, 374, 277, 0, 9.48%, 43, 0, 3, 3192.41, 24083253, 456
4279, 1, 356, 374, 277, 0, 9.48%, 43, 0, 3, 3270.85, 24099637, 456
4284, 1, 356, 374, 277, 0, 9.48%, 43, 0, 3, 3234.33, 24115765, 456
4289, 1, 356, 374, 277, 0, 9.48%, 43, 0, 3, 3136.77, 24131399, 456
4294, 1, 356, 374, 277, 0, 9.48%, 43, 0, 3, 3170.07, 24147779, 456
4299, 1, 356, 374, 277, 0, 9.48%, 43, 0, 3, 3153.44, 24163529, 456
4304, 1, 356, 374, 277, 0, 9.48%, 43, 0, 3, 3109.61, 24179090, 456
4309, 1, 356, 374, 277, 0, 9.48%, 43, 0, 3, 3103.80, 24194807, 456
4314, 1, 356, 374, 277, 0, 9.48%, 43, 0, 3, 3115.10, 24210617, 456
4319, 1, 356, 374, 277, 0, 9.48%, 43, 0, 3, 3032.12, 24225857, 456
4324, 1, 356, 374, 277, 0, 9.48%, 43, 0, 3, 3004.71, 24241157, 456
4329, 1, 356, 374, 277, 0, 9.48%, 43, 0, 3, 3050.31, 24256457, 456
4334, 1, 356, 374, 277, 0, 9.48%, 43, 0, 3, 3007.62, 24271649, 456
4339, 1, 356, 374, 277, 0, 9.48%, 43, 0, 3, 2992.80, 24286694, 456
4344, 1, 356, 374, 277, 0, 9.48%, 43, 0, 3, 2956.65, 24301621, 456
4349, 1, 356, 374, 277, 0, 9.48%, 43, 0, 3, 2970.73, 24316489, 456
4355, 1, 356, 374, 277, 0, 9.48%, 43, 0, 3, 2930.02, 24331687, 456
4360, 1, 356, 374, 277, 0, 9.48%, 43, 0, 3, 2931.50, 24346883, 456
4365, 1, 356, 374, 277, 0, 9.48%, 43, 0, 3, 2899.04, 24361373, 456
4370, 1, 356, 374, 277, 0, 9.48%, 43, 0, 3, 2911.49, 24376521, 456
4375, 1, 356, 374, 277, 0, 9.48%, 43, 0, 3, 2892.87, 24390956, 456
4380, 1, 356, 374, 277, 0, 9.48%, 43, 0, 3, 2842.93, 24405253, 456
4385, 1, 356, 374, 277, 0, 9.48%, 43, 0, 3, 2823.13, 24419477, 456
4390, 1, 356, 374, 277, 0, 9.48%, 43, 0, 3, 2803.55, 24433645, 456
4395, 1, 356, 374, 277, 0, 9.48%, 43, 0, 3, 2788.23, 24447817, 456
4400, 1, 356, 374, 277, 0, 9.48%, 43, 0, 3, 3200.65, 24463738, 456
4405, 1, 356, 374, 277, 0, 9.48%, 43, 0, 3, 3481.03, 24481298, 456
4410, 1, 356, 374, 277, 0, 9.48%, 43, 0, 3, 3570.88, 24499508, 456
4416, 1, 356, 374, 277, 0, 9.48%, 43, 0, 3, 3545.42, 24517218, 456
4421, 1, 356, 374, 277, 0, 9.48%, 43, 0, 3, 3496.56, 24534818, 456
4426, 1, 356, 374, 277, 0, 9.48%, 43, 0, 3, 3424.35, 24552062, 456
4431, 1, 356, 374, 277, 0, 9.48%, 43, 0, 3, 3335.44, 24568678, 456
4436, 1, 356, 374, 277, 0, 9.48%, 43, 0, 3, 3326.40, 24585558, 456
4441, 1, 356, 374, 277, 0, 9.48%, 43, 0, 3, 3255.95, 24602042, 456
4446, 1, 356, 374, 277, 0, 9.48%, 43, 0, 3, 3237.32, 24618643, 456
4451, 1, 356, 374, 277, 0, 9.48%, 43, 0, 3, 3231.74, 24634810, 456
4456, 1, 356, 374, 277, 0, 9.48%, 43, 0, 3, 3174.47, 24651149, 456
4461, 1, 356, 374, 277, 0, 9.48%, 43, 0, 3, 3179.26, 24666899, 456
4466, 1, 356, 374, 277, 0, 9.48%, 43, 0, 3, 3127.80, 24682442, 456
4471, 1, 356, 374, 277, 0, 9.48%, 43, 0, 3, 3087.67, 24698046, 456
4476, 1, 356, 374, 277, 0, 9.48%, 43, 0, 3, 3045.37, 24713498, 456
4481, 1, 356, 374, 277, 0, 9.48%, 43, 0, 3, 3049.49, 24728918, 456
4486, 1, 356, 374, 277, 0, 9.48%, 43, 0, 3, 2990.82, 24743760, 456
4491, 1, 356, 374, 277, 0, 9.48%, 43, 0, 3, 2954.71, 24758640, 456
4496, 1, 356, 374, 277, 0, 9.48%, 43, 0, 3, 2927.15, 24773372, 456
4502, 1, 356, 374, 277, 0, 9.48%, 43, 0, 3, 2898.77, 24788342, 456
4507, 1, 356, 374, 277, 0, 9.48%, 43, 0, 3, 2857.48, 24802706, 456
4512, 1, 356, 374, 277, 0, 9.48%, 43, 0, 3, 2830.82, 24816930, 456
4517, 1, 356, 374, 277, 0, 9.48%, 43, 0, 3, 2807.88, 24831429, 456
4522, 1, 356, 374, 277, 0, 9.48%, 43, 0, 3, 2935.53, 24846795, 456
4527, 1, 356, 374, 277, 0, 9.48%, 43, 0, 3, 3028.07, 24862213, 456
4532, 1, 356, 374, 277, 0, 9.48%, 43, 0, 3, 2927.51, 24877303, 456
4537, 1, 356, 374, 277, 0, 9.48%, 43, 0, 3, 3091.41, 24893115, 456
4542, 1, 356, 374, 277, 0, 9.48%, 43, 0, 3, 3215.73, 24909529, 456
4548, 1, 356, 374, 277, 0, 9.48%, 43, 0, 3, 3092.72, 24925140, 456
4553, 1, 356, 374, 277, 0, 9.48%, 43, 0, 3, 3023.79, 24940497, 456
4558, 1, 356, 374, 277, 0, 9.48%, 43, 0, 3, 2878.11, 24955320, 456
4563, 1, 356, 374, 277, 0, 9.48%, 43, 0, 3, 3229.57, 24972099, 456
4568, 1, 356, 374, 277, 0, 9.48%, 43, 0, 3, 3092.65, 24987887, 456
4573, 1, 356, 374, 277, 0, 9.48%, 43, 0, 3, 4339.36, 25010509, 456
4578, 1, 356, 374, 277, 0, 9.48%, 43, 0, 3, 4160.68, 25031545, 456
4583, 1, 356, 374, 277, 0, 9.48%, 43, 0, 3, 3623.67, 25049487, 456
4588, 1, 356, 374, 277, 0, 9.48%, 43, 0, 3, 3226.41, 25065431, 456
4593, 1, 356, 374, 277, 0, 9.48%, 43, 0, 3, 3079.38, 25080361, 456
4598, 1, 356, 374, 277, 0, 9.48%, 43, 0, 3, 3708.30, 25101109, 456
4603, 1, 356, 374, 277, 0, 9.48%, 43, 0, 3, 4175.25, 25122160, 456
4609, 1, 356, 374, 277, 0, 9.48%, 43, 0, 3, 4148.92, 25142408, 456
4614, 1, 356, 374, 277, 0, 9.48%, 43, 0, 3, 4092.97, 25162822, 456
4619, 1, 356, 374, 277, 0, 9.48%, 43, 0, 3, 4122.12, 25182763, 456
4624, 1, 356, 374, 277, 0, 9.48%, 43, 0, 3, 4009.81, 25202541, 456
4629, 1, 356, 374, 277, 0, 9.48%, 43, 0, 3, 3806.15, 25221941, 456
4634, 1, 356, 374, 277, 0, 9.48%, 43, 0, 3, 3939.98, 25241966, 456
4639, 1, 356, 374, 277, 0, 9.48%, 43, 0, 3, 3773.80, 25261486, 456
4644, 1, 356, 374, 277, 0, 9.48%, 43, 0, 3, 3673.53, 25279813, 456
4649, 1, 356, 374, 277, 0, 9.48%, 43, 0, 3, 3604.00, 25298422, 456
4654, 1, 356, 374, 277, 0, 9.48%, 43, 0, 3, 3627.15, 25316389, 456
4659, 1, 356, 374, 277, 0, 9.48%, 43, 0, 3, 3494.83, 25334121, 456
4664, 1, 356, 374, 277, 0, 9.48%, 43, 0, 3, 3318.27, 25350547, 456
4669, 1, 356, 374, 277, 0, 9.48%, 43, 0, 3, 3274.35, 25367501, 456
4674, 1, 356, 374, 277, 0, 9.48%, 43, 0, 3, 3175.78, 25383583, 456
4679, 1, 356, 374, 277, 0, 9.48%, 43, 0, 3, 3084.42, 25398988, 456
4684, 1, 356, 374, 277, 0, 9.48%, 43, 0, 3, 2993.97, 25413841, 456
4690, 1, 356, 374, 277, 0, 9.48%, 43, 0, 3, 2976.76, 25428789, 456
4695, 1, 356, 374, 277, 0, 9.48%, 43, 0, 3, 2926.95, 25443619, 456
4700, 1, 356, 374, 277, 0, 9.48%, 43, 0, 3, 2892.87, 25458529, 456
4705, 1, 356, 374, 277, 0, 9.48%, 43, 0, 3, 2820.92, 25473141, 456
4710, 1, 356, 374, 277, 0, 9.48%, 43, 0, 3, 2814.12, 25487477, 456
4715, 1, 356, 374, 277, 0, 9.48%, 43, 0, 3, 6480.19, 25521533, 456
4720, 1, 364, 374, 276, 0, 9.48%, 44, 0, 3, 3633.10, 25538232, 456
4725, 1, 364, 374, 276, 0, 9.48%, 44, 0, 3, 2062.54, 25546653, 456
4731, 1, 364, 374, 276, 0, 9.48%, 44, 0, 3, 1704.72, 25555297, 456
4736, 1, 364, 374, 276, 0, 9.48%, 44, 0, 3, 1536.44, 25562997, 456
4741, 1, 364, 374, 276, 0, 9.48%, 44, 0, 3, 1475.50, 25570372, 456
4746, 1, 364, 374, 276, 0, 9.48%, 44, 0, 3, 1451.25, 25577564, 456
4751, 1, 364, 374, 276, 0, 9.48%, 44, 0, 3, 1437.39, 25584789, 456
4756, 1, 364, 374, 276, 0, 9.48%, 44, 0, 3, 1390.72, 25591878, 456
4761, 1, 364, 374, 276, 0, 9.48%, 44, 0, 3, 1353.46, 25598709, 456
4766, 1, 364, 374, 276, 0, 9.48%, 44, 0, 3, 1343.14, 25605693, 456
4771, 1, 364, 374, 276, 0, 9.48%, 44, 0, 3, 1329.11, 25612401, 456
4776, 1, 364, 374, 276, 0, 9.48%, 44, 0, 3, 1295.83, 25619082, 456
4782, 1, 364, 374, 276, 0, 9.48%, 44, 0, 3, 1383.70, 25625951, 456
4787, 1, 364, 374, 276, 0, 9.48%, 44, 0, 3, 1571.56, 25634350, 456
4792, 1, 364, 374, 276, 0, 9.48%, 44, 0, 3, 1638.42, 25642885, 456
4797, 1, 364, 374, 276, 0, 9.48%, 44, 0, 3, 1540.09, 25650689, 456
4802, 1, 364, 374, 276, 0, 9.48%, 44, 0, 3, 1443.88, 25657972, 456
4807, 1, 364, 374, 276, 0, 9.48%, 44, 0, 3, 1432.84, 25665197, 456
4812, 1, 364, 374, 276, 0, 9.48%, 44, 0, 3, 1426.85, 25672505, 456
4817, 1, 364, 374, 276, 0, 9.48%, 44, 0, 3, 1384.63, 25679465, 456
4822, 1, 364, 374, 276, 0, 9.48%, 44, 0, 3, 1356.33, 25686323, 456
4827, 1, 364, 374, 276, 0, 9.48%, 44, 0, 3, 1354.15, 25693154, 456
4832, 1, 364, 374, 276, 0, 9.48%, 44, 0, 3, 1339.26, 25700135, 456
4837, 1, 364, 374, 276, 0, 9.48%, 44, 0, 3, 1298.58, 25706635, 456
4842, 1, 364, 374, 276, 0, 9.48%, 44, 0, 3, 1279.38, 25713184, 456
4847, 1, 364, 374, 276, 0, 9.48%, 44, 0, 3, 1587.43, 25721463, 456
4852, 1, 364, 374, 276, 0, 9.48%, 44, 0, 3, 1745.41, 25730295, 456
4857, 1, 364, 374, 276, 0, 9.48%, 44, 0, 3, 1609.01, 25738284, 456
4862, 1, 364, 374, 276, 0, 9.48%, 44, 0, 3, 1528.33, 25745820, 456
4868, 1, 364, 374, 276, 0, 9.48%, 44, 0, 3, 1447.28, 25753082, 456
4873, 1, 364, 374, 276, 0, 9.48%, 44, 0, 3, 1446.83, 25760360, 456
4878, 1, 364, 374, 276, 0, 9.48%, 44, 0, 3, 1427.92, 25767612, 456
4883, 1, 364, 374, 276, 0, 9.48%, 44, 0, 3, 1380.66, 25774557, 456
4888, 1, 364, 374, 276, 0, 9.48%, 44, 0, 3, 1364.26, 25781442, 456
4893, 1, 364, 374, 276, 0, 9.48%, 44, 0, 3, 1355.46, 25788219, 456
4898, 1, 364, 374, 276, 0, 9.48%, 44, 0, 3, 1316.85, 25794862, 456
4903, 1, 364, 374, 276, 0, 9.48%, 44, 0, 3, 1279.39, 25801485, 456
4908, 1, 364, 374, 276, 0, 9.48%, 44, 0, 3, 1460.89, 25808808, 456
4913, 1, 364, 374, 276, 0, 9.48%, 44, 0, 3, 1376.75, 25815755, 456
4918, 1, 364, 374, 276, 0, 9.48%, 44, 0, 3, 1480.33, 25823789, 456
4923, 1, 364, 374, 276, 0, 9.48%, 44, 0, 3, 1565.52, 25831421, 456
4928, 1, 364, 374, 276, 0, 9.48%, 44, 0, 3, 1416.42, 25838634, 456
4934, 1, 364, 374, 276, 0, 9.48%, 44, 0, 3, 1887.43, 25848017, 456
4939, 1, 364, 374, 276, 0, 9.48%, 44, 0, 3, 1774.17, 25857424, 456
4944, 1, 364, 374, 276, 0, 9.48%, 44, 0, 3, 1686.29, 25866454, 456
4949, 1, 364, 374, 276, 0, 9.48%, 44, 0, 3, 1676.13, 25874584, 456
4954, 1, 364, 374, 276, 0, 9.48%, 44, 0, 3, 1549.83, 25882429, 456
4959, 1, 364, 374, 276, 0, 9.48%, 44, 0, 3, 1574.65, 25890365, 456
4964, 1, 364, 374, 276, 0, 9.48%, 44, 0, 3, 1579.54, 25898364, 456
4969, 1, 364, 374, 276, 0, 9.48%, 44, 0, 3, 1544.08, 25906423, 456
4974, 1, 364, 374, 276, 0, 9.48%, 44, 0, 3, 1581.22, 25914428, 456
4979, 1, 364, 374, 276, 0, 9.48%, 44, 0, 3, 1832.77, 25924037, 456
4984, 1, 364, 374, 276, 0, 9.48%, 44, 0, 3, 2189.63, 25935003, 456
4990, 1, 364, 374, 276, 0, 9.48%, 44, 0, 3, 1790.76, 25943906, 456
4995, 1, 364, 374, 276, 0, 9.48%, 44, 0, 3, 1577.41, 25951652, 456
5000, 1, 364, 374, 276, 0, 9.48%, 44, 0, 3, 1500.22, 25959191, 456
5005, 1, 364, 374, 276, 0, 9.48%, 44, 0, 3, 1595.93, 25967422, 456
5010, 1, 364, 374, 276, 0, 9.48%, 44, 0, 3, 1627.04, 25975964, 456
5015, 1, 364, 374, 276, 0, 9.48%, 44, 0, 3, 1504.34, 25983622, 456
5020, 1, 364, 374, 276, 0, 9.48%, 44, 0, 3, 1695.82, 25992790, 456
5025, 1, 364, 374, 276, 0, 9.48%, 44, 0, 3, 1479.74, 25999936, 456
5031, 1, 364, 374, 276, 0, 9.48%, 44, 0, 3, 1660.87, 26008102, 456
5036, 1, 364, 374, 276, 0, 9.48%, 44, 0, 3, 1466.28, 26015248, 456
5041, 1, 364, 374, 276, 0, 9.48%, 44, 0, 3, 1498.76, 26022742, 456
5046, 1, 364, 374, 276, 0, 9.48%, 44, 0, 3, 1409.39, 26029968, 456
5051, 1, 364, 374, 276, 0, 9.48%, 44, 0, 3, 1462.23, 26037636, 456
5056, 1, 364, 374, 276, 0, 9.48%, 44, 0, 3, 1540.24, 26045632, 456
5061, 1, 364, 374, 276, 0, 9.48%, 44, 0, 3, 1440.19, 26052861, 456
5066, 1, 364, 374, 276, 0, 9.48%, 44, 0, 3, 1372.53, 26059726, 456
5071, 1, 364, 374, 276, 0, 9.48%, 44, 0, 3, 1357.93, 26066611, 456
5076, 1, 364, 374, 276, 0, 9.48%, 44, 0, 3, 1384.17, 26073523, 456
5081, 1, 364, 374, 276, 0, 9.48%, 44, 0, 3, 1533.41, 26081728, 456
5086, 1, 364, 374, 276, 0, 9.48%, 44, 0, 3, 1475.72, 26089053, 456
5091, 1, 364, 374, 276, 0, 9.48%, 44, 0, 3, 1402.03, 26095964, 456
5096, 1, 364, 374, 276, 0, 9.48%, 44, 0, 3, 1374.18, 26103196, 456
5101, 1, 364, 374, 276, 0, 9.48%, 44, 0, 3, 1396.47, 26110270, 456
5107, 1, 364, 374, 276, 0, 9.48%, 44, 0, 3, 1465.94, 26117937, 456
5112, 1, 364, 374, 276, 0, 9.48%, 44, 0, 3, 1451.85, 26125361, 456
5117, 1, 364, 374, 276, 0, 9.48%, 44, 0, 3, 1482.54, 26132872, 456
5122, 1, 364, 374, 276, 0, 9.48%, 44, 0, 3, 1511.33, 26140383, 456
5127, 1, 364, 374, 276, 0, 9.48%, 44, 0, 3, 1397.02, 26147344, 456
5132, 1, 364, 374, 276, 0, 9.48%, 44, 0, 3, 1414.73, 26154820, 456
5137, 1, 364, 374, 276, 0, 9.48%, 44, 0, 3, 1437.29, 26162128, 456
5142, 1, 364, 374, 276, 0, 9.48%, 44, 0, 3, 1467.29, 26169528, 456
5147, 1, 364, 374, 276, 0, 9.48%, 44, 0, 3, 1429.39, 26176660, 456
5152, 1, 364, 374, 276, 0, 9.48%, 44, 0, 3, 1436.80, 26183912, 456
5157, 1, 364, 374, 276, 0, 9.48%, 44, 0, 3, 1505.43, 26191713, 456
5162, 1, 364, 374, 276, 0, 9.48%, 44, 0, 3, 1418.13, 26198640, 456
5167, 1, 364, 374, 276, 0, 9.48%, 44, 0, 3, 1378.17, 26205526, 456
5173, 1, 364, 374, 276, 0, 9.48%, 44, 0, 3, 1382.77, 26212681, 456
5178, 1, 364, 374, 276, 0, 9.48%, 44, 0, 3, 1404.83, 26219782, 456
5183, 1, 364, 374, 276, 0, 9.48%, 44, 0, 3, 1418.87, 26226775, 456
5188, 1, 364, 374, 276, 0, 9.48%, 44, 0, 3, 1383.38, 26233795, 456
5193, 1, 364, 374, 276, 0, 9.48%, 44, 0, 3, 1401.38, 26240896, 456
5198, 1, 364, 374, 276, 0, 9.48%, 44, 0, 3, 1398.58, 26247864, 456
5203, 1, 364, 374, 276, 0, 9.48%, 44, 0, 3, 1368.77, 26254747, 456
5208, 1, 364, 374, 276, 0, 9.48%, 44, 0, 3, 1347.47, 26261605, 456
5213, 1, 364, 374, 276, 0, 9.48%, 44, 0, 3, 1350.16, 26268463, 456
5218, 1, 364, 374, 276, 0, 9.48%, 44, 0, 3, 1370.87, 26275375, 456
5223, 1, 364, 374, 276, 0, 9.48%, 44, 0, 3, 1338.84, 26282034, 456
5228, 1, 364, 374, 276, 0, 9.48%, 44, 0, 3, 1324.97, 26288690, 456
5233, 1, 364, 374, 276, 0, 9.48%, 44, 0, 3, 1344.69, 26295733, 456
5238, 1, 364, 374, 276, 0, 9.48%, 44, 0, 3, 1382.20, 26302537, 456
5243, 1, 364, 374, 276, 0, 9.48%, 44, 0, 3, 1357.09, 26309464, 456
5248, 1, 364, 374, 276, 0, 9.48%, 44, 0, 3, 1353.10, 26316276, 456
5253, 1, 364, 374, 276, 0, 9.48%, 44, 0, 3, 1392.61, 26323300, 456
5259, 1, 364, 374, 276, 0, 9.48%, 44, 0, 3, 1343.78, 26330050, 456
5264, 1, 364, 374, 276, 0, 9.48%, 44, 0, 3, 1315.41, 26336582, 456
5269, 1, 364, 374, 276, 0, 9.48%, 44, 0, 3, 1318.14, 26343160, 456
5274, 1, 364, 374, 276, 0, 9.48%, 44, 0, 3, 1384.45, 26350165, 456
5279, 1, 364, 374, 276, 0, 9.48%, 44, 0, 3, 1341.47, 26356940, 456
5284, 1, 364, 374, 276, 0, 9.48%, 44, 0, 3, 1342.18, 26363674, 456
5289, 1, 364, 374, 276, 0, 9.48%, 44, 0, 3, 1328.90, 26370486, 456
5294, 1, 364, 374, 276, 0, 9.48%, 44, 0, 3, 1301.23, 26377187, 456
5299, 1, 364, 374, 276, 0, 9.48%, 44, 0, 3, 1321.81, 26383902, 456
5304, 1, 364, 374, 276, 0, 9.48%, 44, 0, 3, 1319.98, 26390766, 456
5309, 1, 364, 374, 276, 0, 9.48%, 44, 0, 3, 1298.02, 26397266, 456
5314, 1, 364, 374, 276, 0, 9.48%, 44, 0, 3, 1286.46, 26403762, 456
5319, 1, 364, 374, 276, 0, 9.48%, 44, 0, 3, 1280.61, 26410187, 456
5324, 1, 364, 374, 276, 0, 9.48%, 44, 0, 3, 1277.01, 26416662, 456
5329, 1, 364, 374, 276, 0, 9.48%, 44, 0, 3, 1285.36, 26423212, 456
5335, 1, 364, 374, 276, 0, 9.48%, 44, 0, 3, 1269.89, 26429612, 456
5340, 1, 364, 374, 276, 0, 9.48%, 44, 0, 3, 1281.19, 26436137, 456
5345, 1, 364, 374, 276, 0, 9.48%, 44, 0, 3, 1273.07, 26442662, 456
5350, 1, 364, 374, 276, 0, 9.48%, 44, 0, 3, 1272.30, 26449087, 456
5355, 1, 364, 374, 276, 0, 9.48%, 44, 0, 3, 1268.78, 26455562, 456
5360, 1, 364, 374, 276, 0, 9.48%, 44, 0, 3, 1273.68, 26462087, 456
5365, 1, 364, 374, 276, 0, 9.48%, 44, 0, 3, 1261.32, 26468487, 456
5370, 1, 364, 374, 276, 0, 9.48%, 44, 0, 3, 1572.61, 26476558, 456
5375, 1, 364, 374, 276, 0, 9.48%, 44, 0, 3, 1888.63, 26486924, 456
5380, 1, 364, 374, 276, 0, 9.48%, 44, 0, 3, 2065.19, 26497142, 456
5385, 1, 364, 374, 276, 0, 9.48%, 44, 0, 3, 1797.52, 26506118, 456
5391, 1, 364, 374, 276, 0, 9.48%, 44, 0, 3, 1981.95, 26516524, 456
5396, 1, 364, 374, 276, 0, 9.48%, 44, 0, 3, 1767.89, 26525342, 456
5401, 1, 364, 374, 276, 0, 9.48%, 44, 0, 3, 2385.38, 26538058, 456
5406, 1, 364, 374, 276, 0, 9.48%, 44, 0, 3, 2185.97, 26549054, 456
5411, 1, 364, 374, 276, 0, 9.48%, 44, 0, 3, 1787.35, 26557670, 456
5416, 1, 364, 374, 276, 0, 9.48%, 44, 0, 3, 1900.90, 26567174, 456
5421, 1, 364, 374, 276, 0, 9.48%, 44, 0, 3, 1830.48, 26576945, 456
5426, 1, 364, 374, 276, 0, 9.48%, 44, 0, 3, 1916.51, 26587286, 456
5431, 1, 364, 374, 276, 0, 9.48%, 44, 0, 3, 1814.20, 26595828, 456
5436, 1, 364, 374, 276, 0, 9.48%, 44, 0, 3, 1656.57, 26604260, 456
5442, 1, 364, 374, 276, 0, 9.48%, 44, 0, 3, 1602.71, 26612434, 456
5447, 1, 364, 374, 276, 0, 9.48%, 44, 0, 3, 1850.33, 26621498, 456
5452, 1, 364, 374, 276, 0, 9.48%, 44, 0, 3, 1579.36, 26629586, 456
5457, 1, 364, 374, 276, 0, 9.48%, 44, 0, 3, 1476.12, 26637162, 456
5462, 1, 364, 374, 276, 0, 9.48%, 44, 0, 3, 1384.17, 26644025, 456
5467, 1, 364, 374, 276, 0, 9.48%, 44, 0, 3, 1356.83, 26650991, 456
5472, 1, 364, 374, 276, 0, 9.48%, 44, 0, 3, 1839.03, 26660234, 456
5477, 1, 364, 374, 276, 0, 9.48%, 44, 0, 3, 1575.66, 26667828, 456
5482, 1, 364, 374, 276, 0, 9.48%, 44, 0, 3, 1566.96, 26675798, 456
5487, 1, 364, 374, 276, 0, 9.48%, 44, 0, 3, 1491.38, 26683069, 456
5492, 1, 364, 374, 276, 0, 9.48%, 44, 0, 3, 1578.46, 26691078, 456
5497, 1, 364, 374, 276, 0, 9.48%, 44, 0, 3, 1580.94, 26699045, 456
5502, 1, 364, 374, 276, 0, 9.48%, 44, 0, 3, 1586.81, 26707043, 456
5507, 1, 364, 374, 276, 0, 9.48%, 44, 0, 3, 1571.20, 26714948, 456
5513, 1, 364, 374, 276, 0, 9.48%, 44, 0, 3, 1527.52, 26722538, 456
5518, 1, 364, 374, 276, 0, 9.48%, 44, 0, 3, 1502.98, 26730136, 456
5523, 1, 364, 374, 276, 0, 9.48%, 44, 0, 3, 1486.42, 26737718, 456
5528, 1, 364, 374, 276, 0, 9.48%, 44, 0, 3, 1496.23, 26745398, 456
5533, 1, 364, 374, 276, 0, 9.48%, 44, 0, 3, 1508.93, 26752958, 456
5538, 1, 364, 374, 276, 0, 9.48%, 44, 0, 3, 1607.38, 26761170, 456
5543, 1, 364, 374, 276, 0, 9.48%, 44, 0, 3, 1479.30, 26768590, 456
5548, 1, 364, 374, 276, 0, 9.48%, 44, 0, 3, 1416.86, 26775602, 456
5553, 1, 364, 374, 276, 0, 9.48%, 44, 0, 3, 1459.95, 26783293, 456
5559, 1, 364, 374, 276, 0, 9.48%, 44, 0, 3, 1496.50, 26790978, 456
5564, 1, 364, 374, 276, 0, 9.48%, 44, 0, 3, 1445.86, 26798373, 456
5569, 1, 364, 374, 276, 0, 9.48%, 44, 0, 3, 1388.36, 26805593, 456
5574, 1, 364, 374, 276, 0, 9.48%, 44, 0, 3, 1372.42, 26812559, 456
5579, 1, 364, 374, 276, 0, 9.48%, 44, 0, 3, 1368.58, 26819606, 456
5584, 1, 364, 374, 276, 0, 9.48%, 44, 0, 3, 1360.43, 26826572, 456
5589, 1, 364, 374, 276, 0, 9.48%, 44, 0, 3, 1356.32, 26833565, 456
5594, 1, 364, 374, 276, 0, 9.48%, 44, 0, 3, 1383.70, 26840639, 456
5599, 1, 364, 374, 276, 0, 9.48%, 44, 0, 3, 1418.92, 26848010, 456
5604, 1, 364, 374, 276, 0, 9.48%, 44, 0, 3, 1384.73, 26854922, 456
5609, 1, 364, 374, 276, 0, 9.48%, 44, 0, 3, 1413.26, 26862038, 456
5614, 1, 364, 374, 276, 0, 9.48%, 44, 0, 3, 1395.93, 26869122, 456
5619, 1, 364, 374, 276, 0, 9.48%, 44, 0, 3, 1371.85, 26876036, 456
5624, 1, 364, 374, 276, 0, 9.48%, 44, 0, 3, 1430.29, 26883262, 456
5629, 1, 364, 374, 276, 0, 9.48%, 44, 0, 3, 1369.15, 26890130, 456
5634, 1, 364, 374, 276, 0, 9.48%, 44, 0, 3, 1350.79, 26896907, 456
5640, 1, 364, 374, 276, 0, 9.48%, 44, 0, 3, 1440.47, 26904178, 456
5645, 1, 364, 374, 276, 0, 9.48%, 44, 0, 3, 1387.16, 26911109, 456
5650, 1, 364, 374, 276, 0, 9.48%, 44, 0, 3, 1368.02, 26917940, 456
5655, 1, 364, 374, 276, 0, 9.48%, 44, 0, 3, 1318.15, 26924668, 456
5660, 1, 364, 374, 276, 0, 9.48%, 44, 0, 3, 1327.56, 26931610, 456
5665, 1, 364, 374, 276, 0, 9.48%, 44, 0, 3, 1336.42, 26938604, 456
5670, 1, 364, 374, 276, 0, 9.48%, 44, 0, 3, 1300.68, 26945104, 456
5675, 1, 364, 374, 276, 0, 9.48%, 44, 0, 3, 1289.26, 26951798, 456
5680, 1, 364, 374, 276, 0, 9.48%, 44, 0, 3, 1296.86, 26958298, 456
5685, 1, 364, 374, 276, 0, 9.48%, 44, 0, 3, 1298.96, 26964823, 456
5690, 1, 364, 374, 276, 0, 9.48%, 44, 0, 3, 1286.42, 26971323, 456
5696, 1, 364, 374, 276, 0, 9.48%, 44, 0, 3, 1287.28, 26977848, 456
5701, 1, 364, 374, 276, 0, 9.48%, 44, 0, 3, 1280.57, 26984298, 456
5706, 1, 364, 374, 276, 0, 9.48%, 44, 0, 3, 1270.39, 26990798, 456
5711, 1, 364, 374, 276, 0, 9.48%, 44, 0, 3, 1272.93, 26997373, 456
5716, 1, 364, 374, 276, 0, 9.48%, 44, 0, 3, 1202.46, 27003544, 456
5721, 1, 364, 374, 276, 0, 9.48%, 44, 0, 3, 2022.48, 27014951, 456
5726, 1, 364, 374, 276, 0, 9.48%, 44, 0, 3, 2185.30, 27026208, 456
5731, 1, 364, 374, 276, 0, 9.48%, 44, 0, 3, 2047.78, 27036722, 456
5736, 1, 364, 374, 276, 0, 9.48%, 44, 0, 3, 2022.27, 27047587, 456
5741, 1, 364, 374, 276, 0, 9.48%, 44, 0, 3, 2823.94, 27061826, 456
5747, 1, 364, 374, 276, 0, 9.48%, 44, 0, 3, 2173.09, 27072166, 456
5752, 1, 364, 374, 276, 0, 9.48%, 44, 0, 3, 1998.82, 27082136, 456
5757, 1, 364, 374, 276, 0, 9.48%, 44, 0, 3, 2028.07, 27093138, 456
5762, 1, 364, 374, 276, 0, 9.48%, 44, 0, 3, 1998.93, 27104216, 456
5767, 1, 364, 374, 276, 0, 9.48%, 44, 0, 3, 1906.42, 27113810, 456
5772, 1, 364, 374, 276, 0, 9.48%, 44, 0, 3, 1763.34, 27122631, 456
5777, 1, 364, 374, 276, 0, 9.48%, 44, 0, 3, 2035.44, 27133114, 456
5782, 1, 364, 374, 276, 0, 9.48%, 44, 0, 3, 1674.50, 27140990, 456
5788, 1, 364, 374, 276, 0, 9.48%, 44, 0, 3, 1458.66, 27148188, 456
5793, 1, 364, 374, 276, 0, 9.48%, 44, 0, 3, 1411.05, 27155552, 456
5798, 1, 364, 374, 276, 0, 9.48%, 44, 0, 3, 1818.87, 27165088, 456
5803, 1, 364, 374, 276, 0, 9.48%, 44, 0, 3, 1683.22, 27173542, 456
5808, 1, 364, 374, 276, 0, 9.48%, 44, 0, 3, 1521.38, 27181276, 456
5813, 1, 364, 374, 276, 0, 9.48%, 44, 0, 3, 1608.85, 27189504, 456
5818, 1, 364, 374, 276, 0, 9.48%, 44, 0, 3, 1597.20, 27197856, 456
5823, 1, 364, 374, 276, 0, 9.48%, 44, 0, 3, 1581.59, 27206176, 456
5828, 1, 364, 374, 276, 0, 9.48%, 44, 0, 3, 1529.93, 27213976, 456
5834, 1, 364, 374, 276, 0, 9.48%, 44, 0, 3, 1539.65, 27221812, 456
5839, 1, 364, 374, 276, 0, 9.48%, 44, 0, 3, 1564.36, 27229872, 456
5844, 1, 364, 374, 276, 0, 9.48%, 44, 0, 3, 1569.75, 27237715, 456
5849, 1, 364, 374, 276, 0, 9.48%, 44, 0, 3, 1529.60, 27245476, 456
5854, 1, 364, 374, 276, 0, 9.48%, 44, 0, 3, 1546.79, 27253928, 456
5859, 1, 364, 374, 276, 0, 9.48%, 44, 0, 3, 1418.37, 27261000, 456
5864, 1, 364, 374, 276, 0, 9.48%, 44, 0, 3, 1499.33, 27268654, 456
5869, 1, 364, 374, 276, 0, 9.48%, 44, 0, 3, 1534.31, 27276346, 456
5874, 1, 364, 374, 276, 0, 9.48%, 44, 0, 3, 1437.78, 27283596, 456
5879, 1, 364, 374, 276, 0, 9.48%, 44, 0, 3, 1410.71, 27290876, 456
5884, 1, 364, 374, 276, 0, 9.48%, 44, 0, 3, 1351.30, 27297649, 456
5889, 1, 364, 374, 276, 0, 9.48%, 44, 0, 3, 1363.58, 27304588, 456
5895, 1, 364, 374, 276, 0, 9.48%, 44, 0, 3, 1394.93, 27311708, 456
5900, 1, 364, 374, 276, 0, 9.48%, 44, 0, 3, 1394.62, 27318655, 456
5905, 1, 364, 374, 276, 0, 9.48%, 44, 0, 3, 1425.35, 27325904, 456
5910, 1, 364, 374, 276, 0, 9.48%, 44, 0, 3, 1403.48, 27333184, 456
5915, 1, 364, 374, 276, 0, 9.48%, 44, 0, 3, 1432.37, 27340744, 456
5920, 1, 364, 374, 276, 0, 9.48%, 44, 0, 3, 1346.06, 27347491, 456
5925, 1, 364, 374, 276, 0, 9.48%, 44, 0, 3, 1420.02, 27354660, 456
5930, 1, 364, 374, 276, 0, 9.48%, 44, 0, 3, 1409.64, 27361856, 456
5935, 1, 364, 374, 276, 0, 9.48%, 44, 0, 3, 1389.90, 27368848, 456
5940, 1, 364, 374, 276, 0, 9.48%, 44, 0, 3, 1414.30, 27376220, 456
5945, 1, 364, 374, 276, 0, 9.48%, 44, 0, 3, 1391.59, 27383192, 456
5950, 1, 364, 374, 276, 0, 9.48%, 44, 0, 3, 1351.91, 27389994, 456
5955, 1, 364, 374, 276, 0, 9.48%, 44, 0, 3, 1331.27, 27396702, 456
5960, 1, 364, 374, 276, 0, 9.48%, 44, 0, 3, 1341.17, 27403436, 456
5965, 1, 364, 374, 276, 0, 9.48%, 44, 0, 3, 1313.08, 27409962, 456
5971, 1, 364, 374, 276, 0, 9.48%, 44, 0, 3, 1303.01, 27416722, 456
5976, 1, 364, 374, 276, 0, 9.48%, 44, 0, 3, 1302.20, 27423274, 456
5981, 1, 364, 374, 276, 0, 9.48%, 44, 0, 3, 1287.06, 27429991, 456
5986, 1, 364, 374, 276, 0, 9.48%, 44, 0, 3, 1291.36, 27436491, 456
5991, 1, 364, 374, 276, 0, 9.48%, 44, 0, 3, 1282.37, 27442991, 456
5996, 1, 364, 374, 276, 0, 9.48%, 44, 0, 3, 1268.31, 27449466, 456
6001, 1, 364, 374, 276, 0, 9.48%, 44, 0, 3, 1384.48, 27456371, 456
6006, 1, 364, 374, 276, 0, 9.48%, 44, 0, 3, 1491.17, 27464267, 456
6011, 1, 364, 374, 276, 0, 9.48%, 44, 0, 3, 1401.33, 27471275, 456
6016, 1, 364, 374, 276, 0, 9.48%, 44, 0, 3, 1368.56, 27478160, 456
6022, 1, 364, 374, 276, 0, 9.48%, 44, 0, 3, 1334.48, 27485033, 456
6027, 1, 364, 374, 276, 0, 9.48%, 44, 0, 3, 1295.02, 27491762, 456
6032, 1, 364, 374, 276, 0, 9.48%, 44, 0, 3, 1782.65, 27500753, 456
6037, 1, 364, 374, 276, 0, 9.48%, 44, 0, 3, 1490.14, 27507947, 456
6042, 1, 364, 374, 276, 0, 9.48%, 44, 0, 3, 1450.10, 27515465, 456
6047, 1, 364, 374, 276, 0, 9.48%, 44, 0, 3, 1741.14, 27524782, 456
6052, 1, 364, 374, 276, 0, 9.48%, 44, 0, 3, 1505.32, 27531996, 456
6057, 1, 364, 374, 276, 0, 9.48%, 44, 0, 3, 1465.09, 27539391, 456
6062, 1, 364, 374, 276, 0, 9.48%, 44, 0, 3, 1401.86, 27546433, 456
6068, 1, 364, 374, 276, 0, 9.48%, 44, 0, 3, 1425.69, 27553545, 456
6073, 1, 364, 374, 276, 0, 9.48%, 44, 0, 3, 1434.06, 27561021, 456
6078, 1, 364, 374, 276, 0, 9.48%, 44, 0, 3, 1372.49, 27567929, 456
6083, 1, 364, 374, 276, 0, 9.48%, 44, 0, 3, 1399.58, 27575021, 456
6088, 1, 364, 374, 276, 0, 9.48%, 44, 0, 3, 1374.33, 27581888, 456
6093, 1, 364, 374, 276, 0, 9.48%, 44, 0, 3, 1403.33, 27588937, 456
6098, 1, 364, 374, 276, 0, 9.48%, 44, 0, 3, 1368.62, 27595685, 456
6103, 1, 364, 374, 276, 0, 9.48%, 44, 0, 3, 1372.19, 27602597, 456
6108, 1, 364, 374, 276, 0, 9.48%, 44, 0, 3, 1308.87, 27609173, 456
6113, 1, 364, 374, 276, 0, 9.48%, 44, 0, 3, 1334.76, 27616141, 456
6118, 1, 364, 374, 276, 0, 9.48%, 44, 0, 3, 1341.83, 27622979, 456
6123, 1, 364, 374, 276, 0, 9.48%, 44, 0, 3, 1303.73, 27629479, 456
6128, 1, 364, 374, 276, 0, 9.48%, 44, 0, 3, 1286.33, 27635987, 456
6134, 1, 364, 374, 276, 0, 9.48%, 44, 0, 3, 1274.90, 27642462, 456
6139, 1, 364, 374, 276, 0, 9.48%, 44, 0, 3, 1276.69, 27648962, 456
6144, 1, 364, 374, 276, 0, 9.48%, 44, 0, 3, 1999.35, 27658490, 456
6149, 1, 364, 374, 276, 0, 9.48%, 44, 0, 3, 1714.59, 27667090, 456
6154, 1, 364, 374, 276, 0, 9.48%, 44, 0, 3, 1545.02, 27674942, 456
6159, 1, 364, 374, 276, 0, 9.48%, 44, 0, 3, 1537.50, 27682568, 456
6164, 1, 364, 374, 276, 0, 9.48%, 44, 0, 3, 1468.12, 27689972, 456
6169, 1, 364, 374, 276, 0, 9.48%, 44, 0, 3, 2046.51, 27701378, 456
6174, 1, 364, 374, 276, 0, 9.48%, 44, 0, 3, 1572.99, 27708856, 456
6180, 1, 364, 374, 276, 0, 9.48%, 44, 0, 3, 1661.15, 27716978, 456
6185, 1, 364, 374, 276, 0, 9.48%, 44, 0, 3, 1685.71, 27725034, 456
6190, 1, 364, 374, 276, 0, 9.48%, 44, 0, 3, 1481.93, 27732080, 456
6195, 1, 364, 374, 276, 0, 9.48%, 44, 0, 3, 1447.58, 27739533, 456
6200, 1, 364, 374, 276, 0, 9.48%, 44, 0, 3, 1413.14, 27746758, 456
6205, 1, 364, 374, 276, 0, 9.48%, 44, 0, 3, 1495.96, 27754470, 456
6210, 1, 364, 374, 276, 0, 9.48%, 44, 0, 3, 1483.47, 27761979, 456
6215, 1, 364, 374, 276, 0, 9.48%, 44, 0, 3, 1446.82, 27769548, 456
6220, 1, 364, 374, 276, 0, 9.48%, 44, 0, 3, 1419.02, 27776606, 456
6225, 1, 364, 374, 276, 0, 9.48%, 44, 0, 3, 1455.04, 27783914, 456
6230, 1, 364, 374, 276, 0, 9.48%, 44, 0, 3, 1463.64, 27791269, 456
6235, 1, 364, 374, 276, 0, 9.48%, 44, 0, 3, 1466.45, 27798809, 456
6240, 1, 364, 374, 276, 0, 9.48%, 44, 0, 3, 1437.62, 27806090, 456
6245, 1, 364, 374, 276, 0, 9.48%, 44, 0, 3, 1475.26, 27813541, 456
6250, 1, 364, 374, 276, 0, 9.48%, 44, 0, 3, 1388.02, 27820539, 456
6255, 1, 364, 374, 276, 0, 9.48%, 44, 0, 3, 1415.02, 27827678, 456
6260, 1, 364, 374, 276, 0, 9.48%, 44, 0, 3, 1433.62, 27834958, 456
6266, 1, 364, 374, 276, 0, 9.48%, 44, 0, 3, 1406.74, 27842098, 456
6271, 1, 364, 374, 276, 0, 9.48%, 44, 0, 3, 1340.24, 27848698, 456
6276, 1, 364, 374, 276, 0, 9.48%, 44, 0, 3, 1346.40, 27855406, 456
6281, 1, 364, 374, 276, 0, 9.48%, 44, 0, 3, 1381.99, 27862497, 456
6286, 1, 364, 374, 276, 0, 9.48%, 44, 0, 3, 1323.13, 27869108, 456
6291, 1, 364, 374, 276, 0, 9.48%, 44, 0, 3, 1339.92, 27875790, 456
6296, 1, 364, 374, 276, 0, 9.48%, 44, 0, 3, 1329.22, 27882498, 456
6301, 1, 364, 374, 276, 0, 9.48%, 44, 0, 3, 1317.99, 27889284, 456
6306, 1, 364, 374, 276, 0, 9.48%, 44, 0, 3, 1315.71, 27895940, 456
6311, 1, 364, 374, 276, 0, 9.48%, 44, 0, 3, 1290.36, 27902415, 456
6316, 1, 364, 374, 276, 0, 9.48%, 44, 0, 3, 1278.71, 27908940, 456
6321, 1, 364, 374, 276, 0, 9.48%, 44, 0, 3, 1264.00, 27915340, 456
6326, 1, 364, 374, 276, 0, 9.48%, 44, 0, 3, 1265.54, 27921765, 456
6331, 1, 364, 374, 276, 0, 9.48%, 44, 0, 3, 1269.23, 27928315, 456
6336, 1, 364, 374, 276, 0, 9.48%, 44, 0, 3, 1695.23, 27937456, 456
6342, 1, 364, 374, 276, 0, 9.48%, 44, 0, 3, 1689.53, 27945990, 456
6347, 1, 364, 374, 276, 0, 9.48%, 44, 0, 3, 1648.51, 27954178, 456
6352, 1, 364, 374, 276, 0, 9.48%, 44, 0, 3, 1566.05, 27962028, 456
6357, 1, 364, 374, 276, 0, 9.48%, 44, 0, 3, 1478.41, 27969448, 456
6362, 1, 364, 374, 276, 0, 9.48%, 44, 0, 3, 1404.45, 27976418, 456
6367, 1, 364, 374, 276, 0, 9.48%, 44, 0, 3, 1326.32, 27983240, 456
6372, 1, 364, 374, 276, 0, 9.48%, 44, 0, 3, 11594.72, 28009911, 456
6377, 1, 364, 374, 276, 0, 9.48%, 44, 0, 3, 5882.79, 28032787, 456
6382, 1, 364, 374, 276, 0, 9.48%, 44, 0, 3, 3528.28, 28048357, 456
6387, 1, 364, 374, 276, 0, 9.48%, 44, 0, 3, 2664.23, 28060893, 456
6392, 1, 364, 374, 276, 0, 9.48%, 44, 0, 3, 2265.44, 28071997, 456
6398, 1, 364, 374, 276, 0, 9.48%, 44, 0, 3, 2054.63, 28082486, 456
6403, 1, 364, 374, 276, 0, 9.48%, 44, 0, 3, 1830.80, 28091563, 456
6408, 1, 364, 374, 276, 0, 9.48%, 44, 0, 3, 1759.94, 28100652, 456
6413, 1, 364, 374, 276, 0, 9.48%, 44, 0, 3, 1673.60, 28109314, 456
6418, 1, 364, 374, 276, 0, 9.48%, 44, 0, 3, 1567.50, 28117283, 456
6423, 1, 364, 374, 276, 0, 9.48%, 44, 0, 3, 1458.13, 28124772, 456
6428, 1, 364, 374, 276, 0, 9.48%, 44, 0, 3, 1401.37, 28131963, 456
6433, 1, 364, 374, 276, 0, 9.48%, 44, 0, 3, 1349.56, 28138678, 456
6439, 1, 364, 374, 276, 0, 9.48%, 44, 0, 3, 1284.32, 28145067, 456
6444, 1, 364, 374, 276, 0, 9.48%, 44, 0, 3, 9785.79, 28162637, 456
6449, 1, 364, 374, 276, 0, 9.48%, 44, 0, 3, 1480.09, 28178703, 456
6454, 1, 364, 374, 276, 0, 9.48%, 44, 0, 3, 1657.98, 28187795, 456
6459, 1, 364, 374, 276, 0, 9.48%, 44, 0, 3, 1644.74, 28201613, 456
6464, 1, 364, 374, 276, 0, 9.48%, 44, 0, 3, 1861.11, 28210449, 456
6469, 1, 364, 374, 276, 0, 9.48%, 44, 0, 3, 1821.96, 28219218, 456
6475, 1, 364, 374, 276, 0, 9.48%, 44, 0, 3, 1756.82, 28228122, 456
6480, 1, 364, 374, 276, 0, 9.48%, 44, 0, 3, 1699.38, 28237017, 456
6485, 1, 364, 374, 276, 0, 9.48%, 44, 0, 3, 1941.50, 28248185, 456
6490, 1, 364, 374, 276, 0, 9.48%, 44, 0, 3, 1707.51, 28257145, 456
6495, 1, 364, 374, 276, 0, 9.48%, 44, 0, 3, 1635.91, 28266223, 456
6500, 1, 364, 374, 276, 0, 9.48%, 44, 0, 3, 1646.11, 28275215, 456
6505, 1, 364, 374, 276, 0, 9.48%, 44, 0, 3, 2041.01, 28285452, 456
6510, 1, 364, 374, 276, 0, 9.48%, 44, 0, 3, 2007.00, 28294447, 456
6515, 1, 364, 374, 276, 0, 9.48%, 44, 0, 3, 2484.95, 28305332, 456
6521, 1, 364, 374, 276, 0, 9.48%, 44, 0, 3, 1913.28, 28314446, 456
6526, 1, 364, 374, 276, 0, 9.48%, 44, 0, 3, 1872.04, 28324829, 456
6531, 1, 364, 374, 276, 0, 9.48%, 44, 0, 3, 1809.31, 28334172, 456
6536, 1, 364, 374, 276, 0, 9.48%, 44, 0, 3, 1830.75, 28342539, 456
6541, 1, 364, 374, 276, 0, 9.48%, 44, 0, 3, 1805.76, 28351043, 456
6546, 1, 364, 374, 276, 0, 9.48%, 44, 0, 3, 1547.38, 28358205, 456
6551, 1, 364, 374, 276, 0, 9.48%, 44, 0, 3, 2505.57, 28371929, 456
6556, 1, 364, 374, 276, 0, 9.48%, 44, 0, 3, 1958.26, 28380278, 456
6561, 1, 364, 374, 276, 0, 9.48%, 44, 0, 3, 1650.78, 28388666, 456
6566, 1, 364, 374, 276, 0, 9.48%, 44, 0, 3, 1636.59, 28396619, 456
6571, 1, 364, 374, 276, 0, 9.48%, 44, 0, 3, 1588.49, 28404783, 456
6577, 1, 364, 374, 276, 0, 9.48%, 44, 0, 3, 1561.88, 28412889, 456
6582, 1, 364, 374, 276, 0, 9.48%, 44, 0, 3, 1587.09, 28420457, 456
6587, 1, 364, 374, 276, 0, 9.48%, 44, 0, 3, 2083.74, 28432529, 456
6592, 1, 364, 374, 276, 0, 9.48%, 44, 0, 3, 1657.37, 28440047, 456
6597, 1, 364, 374, 276, 0, 9.48%, 44, 0, 3, 2155.13, 28450871, 456
6602, 1, 364, 374, 276, 0, 9.48%, 44, 0, 3, 1965.65, 28460774, 456
6607, 1, 364, 374, 276, 0, 9.48%, 44, 0, 3, 1839.40, 28469745, 456
6612, 1, 364, 374, 276, 0, 9.48%, 44, 0, 3, 1584.00, 28476997, 456
6617, 1, 364, 374, 276, 0, 9.48%, 44, 0, 3, 1834.82, 28486728, 456
6622, 1, 364, 374, 276, 0, 9.48%, 44, 0, 3, 1797.45, 28495691, 456
6627, 1, 364, 374, 276, 0, 9.48%, 44, 0, 3, 1707.71, 28504223, 456
6632, 1, 364, 374, 276, 0, 9.48%, 44, 0, 3, 1690.46, 28513010, 456
6637, 1, 364, 374, 276, 0, 9.48%, 44, 0, 3, 1683.09, 28521529, 456
6642, 1, 364, 374, 276, 0, 9.48%, 44, 0, 3, 1606.96, 28529551, 456
6648, 1, 364, 374, 276, 0, 9.48%, 44, 0, 3, 1829.15, 28538999, 456
6653, 1, 364, 374, 276, 0, 9.48%, 44, 0, 3, 1638.44, 28547033, 456
6658, 1, 364, 374, 276, 0, 9.48%, 44, 0, 3, 1680.78, 28555712, 456
6663, 1, 364, 374, 276, 0, 9.48%, 44, 0, 3, 1670.59, 28564061, 456
6668, 1, 364, 374, 276, 0, 9.48%, 44, 0, 3, 1597.16, 28571919, 456
6673, 1, 364, 374, 276, 0, 9.48%, 44, 0, 3, 1741.23, 28580723, 456
6678, 1, 364, 374, 276, 0, 9.48%, 44, 0, 3, 1826.94, 28590083, 456
6683, 1, 364, 374, 276, 0, 9.48%, 44, 0, 3, 1462.71, 28596941, 456
6688, 1, 364, 374, 276, 0, 9.48%, 44, 0, 3, 1567.86, 28604655, 456
6693, 1, 364, 374, 276, 0, 9.48%, 44, 0, 3, 1405.40, 28611771, 456
6698, 1, 364, 374, 276, 0, 9.48%, 44, 0, 3, 1453.62, 28618981, 456
6703, 1, 364, 374, 276, 0, 9.48%, 44, 0, 3, 1486.18, 28626115, 456
6708, 1, 364, 374, 276, 0, 9.48%, 44, 0, 3, 1617.79, 28634607, 456
6713, 1, 364, 374, 276, 0, 9.48%, 44, 0, 3, 1541.45, 28642067, 456
6718, 1, 364, 374, 276, 0, 9.48%, 44, 0, 3, 1517.66, 28649489, 456
6724, 1, 364, 374, 276, 0, 9.48%, 44, 0, 3, 1463.38, 28656884, 456
6729, 1, 364, 374, 276, 0, 9.48%, 44, 0, 3, 1549.09, 28664950, 456
6734, 1, 364, 374, 276, 0, 9.48%, 44, 0, 3, 1554.29, 28672855, 456
6739, 1, 364, 374, 276, 0, 9.48%, 44, 0, 3, 1470.08, 28679923, 456
6744, 1, 364, 374, 276, 0, 9.48%, 44, 0, 3, 1534.41, 28687817, 456
6749, 1, 364, 374, 276, 0, 9.48%, 44, 0, 3, 1479.91, 28694845, 456
6754, 1, 364, 374, 276, 0, 9.48%, 44, 0, 3, 1332.51, 28701443, 456
6759, 1, 364, 374, 276, 0, 9.48%, 44, 0, 3, 1345.92, 28708333, 456
6764, 1, 364, 374, 276, 0, 9.48%, 44, 0, 3, 1387.38, 28715417, 456
6769, 1, 364, 374, 276, 0, 9.48%, 44, 0, 3, 1492.08, 28722801, 456
6774, 1, 364, 374, 276, 0, 9.48%, 44, 0, 3, 1519.26, 28730747, 456
6779, 1, 364, 374, 276, 0, 9.48%, 44, 0, 3, 1438.25, 28737995, 456
6784, 1, 364, 374, 276, 0, 9.48%, 44, 0, 3, 1519.77, 28745687, 456
6789, 1, 364, 374, 276, 0, 9.48%, 44, 0, 3, 1386.86, 28752704, 456
6795, 1, 364, 374, 276, 0, 9.48%, 44, 0, 3, 1460.01, 28760240, 456
6800, 1, 364, 374, 276, 0, 9.48%, 44, 0, 3, 1387.20, 28767095, 456
6805, 1, 364, 374, 276, 0, 9.48%, 44, 0, 3, 1320.30, 28773827, 456
6810, 1, 364, 374, 276, 0, 9.48%, 44, 0, 3, 1449.59, 28781265, 456
6815, 1, 364, 374, 276, 0, 9.48%, 44, 0, 3, 1310.79, 28787789, 456
6820, 1, 364, 374, 276, 0, 9.48%, 44, 0, 3, 1365.87, 28794770, 456
6825, 1, 364, 374, 276, 0, 9.48%, 44, 0, 3, 1311.91, 28801361, 456
6830, 1, 364, 374, 276, 0, 9.48%, 44, 0, 3, 1294.95, 28808142, 456
6835, 1, 364, 374, 276, 0, 9.48%, 44, 0, 3, 1274.05, 28814617, 456
6841, 1, 364, 374, 276, 0, 9.48%, 44, 0, 3, 1332.51, 28821667, 456
6846, 1, 364, 374, 276, 0, 9.48%, 44, 0, 3, 1315.40, 28828609, 456
6851, 1, 364, 374, 276, 0, 9.48%, 44, 0, 3, 1355.81, 28835513, 456
6856, 1, 364, 374, 276, 0, 9.48%, 44, 0, 3, 1339.98, 28842285, 456
6861, 1, 364, 374, 276, 0, 9.48%, 44, 0, 3, 1299.02, 28848811, 456
6866, 1, 364, 374, 276, 0, 9.48%, 44, 0, 3, 1299.43, 28855567, 456
6871, 1, 364, 374, 276, 0, 9.48%, 44, 0, 3, 1304.52, 28862123, 456
6876, 1, 364, 374, 276, 0, 9.48%, 44, 0, 3, 1291.42, 28868642, 456
6881, 1, 364, 374, 276, 0, 9.48%, 44, 0, 3, 1287.85, 28875117, 456
6886, 1, 364, 374, 276, 0, 9.48%, 44, 0, 3, 1264.57, 28881542, 456
6891, 1, 364, 374, 276, 0, 9.48%, 44, 0, 3, 1282.55, 28887967, 456
6896, 1, 364, 374, 276, 0, 9.48%, 44, 0, 3, 1284.68, 28894467, 456
6901, 1, 364, 374, 276, 0, 9.48%, 44, 0, 3, 1288.92, 28900967, 456
6906, 1, 364, 374, 276, 0, 9.48%, 44, 0, 3, 1277.95, 28907342, 456
6912, 1, 364, 374, 276, 0, 9.48%, 44, 0, 3, 1291.54, 28913867, 456
6917, 1, 364, 374, 276, 0, 9.48%, 44, 0, 3, 1270.35, 28920292, 456
6922, 1, 364, 374, 276, 0, 9.48%, 44, 0, 3, 7479.27, 28942203, 456
6927, 1, 374, 376, 277, 0, 9.48%, 44, 0, 3, 1029.93, 28968655, 456
6932, 1, 374, 376, 277, 0, 9.48%, 44, 0, 3, 1375.17, 28975785, 456
6937, 1, 374, 376, 277, 0, 9.48%, 44, 0, 3, 1313.47, 28982415, 456
6942, 1, 374, 376, 277, 0, 9.48%, 44, 0, 3, 1315.15, 28989071, 456
6947, 1, 374, 376, 277, 0, 9.48%, 44, 0, 3, 1319.82, 28995675, 456
6952, 1, 374, 376, 277, 0, 9.48%, 44, 0, 3, 1286.64, 29002094, 456
6957, 1, 374, 376, 277, 0, 9.48%, 44, 0, 3, 1269.30, 29008594, 456
6962, 1, 374, 376, 277, 0, 9.48%, 44, 0, 3, 1237.24, 29014905, 456
6967, 1, 374, 376, 277, 0, 9.48%, 44, 0, 3, 1237.77, 29021217, 456
6972, 1, 374, 376, 277, 0, 9.48%, 44, 0, 3, 1213.05, 29027289, 456
6977, 1, 374, 376, 277, 0, 9.48%, 44, 0, 3, 1157.21, 29033189, 456
6982, 1, 374, 376, 277, 0, 9.48%, 45, 0, 3, 1161.54, 29038985, 456
6988, 1, 374, 376, 277, 0, 9.48%, 45, 0, 3, 1134.51, 29044859, 456
6993, 1, 374, 376, 277, 0, 9.48%, 45, 0, 3, 1138.78, 29050535, 456
6998, 1, 374, 376, 277, 0, 9.48%, 45, 0, 3, 1131.40, 29056277, 456
7003, 1, 374, 376, 277, 0, 9.48%, 45, 0, 3, 1087.24, 29061792, 456
7008, 1, 374, 376, 277, 0, 9.48%, 45, 0, 3, 1057.77, 29067273, 456
7013, 1, 374, 376, 277, 0, 9.48%, 46, 0, 3, 1029.21, 29072609, 456
7018, 1, 374, 376, 277, 0, 9.48%, 46, 0, 3, 1404.68, 29079953, 456
7023, 1, 374, 376, 277, 0, 9.48%, 46, 0, 3, 1336.30, 29086663, 456
7028, 1, 374, 376, 277, 0, 9.48%, 46, 0, 3, 1314.61, 29093319, 456
7034, 1, 374, 376, 277, 0, 9.48%, 46, 0, 3, 1321.22, 29100209, 456
7039, 1, 374, 376, 277, 0, 9.48%, 46, 0, 3, 1297.09, 29106889, 456
7044, 1, 374, 376, 277, 0, 9.48%, 46, 0, 3, 1281.89, 29113364, 456
7049, 1, 374, 376, 277, 0, 9.48%, 46, 0, 3, 1234.60, 29119601, 456
7054, 1, 374, 376, 277, 0, 9.48%, 46, 0, 3, 1221.86, 29125841, 456
7059, 1, 374, 376, 277, 0, 9.48%, 46, 0, 3, 1217.76, 29132033, 456
7064, 1, 374, 376, 277, 0, 9.48%, 46, 0, 3, 1148.70, 29137841, 456
7069, 1, 374, 376, 277, 0, 9.48%, 46, 0, 3, 1141.16, 29143605, 456
7074, 1, 374, 376, 277, 0, 9.48%, 46, 0, 3, 1113.35, 29149237, 456
7079, 1, 374, 376, 277, 0, 9.48%, 46, 0, 3, 1147.77, 29155001, 456
7084, 1, 374, 376, 277, 0, 9.48%, 46, 0, 3, 1123.60, 29160611, 456
7089, 1, 374, 376, 277, 0, 9.48%, 46, 0, 3, 1072.91, 29166005, 456
7094, 1, 374, 376, 277, 0, 9.48%, 46, 0, 3, 1055.48, 29171381, 456
7100, 1, 374, 376, 277, 0, 9.48%, 46, 0, 3, 1033.46, 29176729, 456
7105, 1, 374, 376, 277, 0, 9.48%, 46, 0, 3, 1388.12, 29184120, 456
7110, 1, 374, 376, 277, 0, 9.48%, 46, 0, 3, 1332.30, 29190832, 456
7115, 1, 374, 376, 277, 0, 9.48%, 46, 0, 3, 1324.34, 29197514, 456
7120, 1, 374, 376, 277, 0, 9.48%, 46, 0, 3, 1312.06, 29204222, 456
7125, 1, 374, 376, 277, 0, 9.48%, 46, 0, 3, 1308.63, 29210826, 456
7130, 1, 374, 376, 277, 0, 9.48%, 46, 0, 3, 1279.28, 29217283, 456
7135, 1, 374, 376, 277, 0, 9.48%, 46, 0, 3, 1242.58, 29223600, 456
7140, 1, 374, 376, 277, 0, 9.48%, 46, 0, 3, 1230.59, 29229840, 456
7145, 1, 374, 376, 277, 0, 9.48%, 46, 0, 3, 1215.29, 29235984, 456
7150, 1, 374, 376, 277, 0, 9.48%, 46, 0, 3, 1145.11, 29241888, 456
7155, 1, 374, 376, 277, 0, 9.48%, 46, 0, 3, 1130.03, 29247586, 456
7160, 1, 374, 376, 277, 0, 9.48%, 46, 0, 3, 1113.45, 29253262, 456
7165, 1, 374, 376, 277, 0, 9.48%, 46, 0, 3, 1153.56, 29259042, 456
7171, 1, 374, 376, 277, 0, 9.48%, 46, 0, 3, 1111.52, 29264768, 456
7176, 1, 374, 376, 277, 0, 9.48%, 46, 0, 3, 1088.86, 29270427, 456
7181, 1, 374, 376, 277, 0, 9.48%, 46, 0, 3, 1043.56, 29275668, 456
7186, 1, 374, 376, 277, 0, 9.48%, 46, 0, 3, 1028.28, 29280805, 456
7191, 1, 374, 376, 277, 0, 9.48%, 46, 0, 3, 1215.55, 29287301, 456
7196, 1, 374, 376, 277, 0, 9.48%, 46, 0, 3, 1126.42, 29293023, 456
7200, 1, 375, 376, 277, 0, 9.48%, 46, 0, 3, 1253.15, 29297590, 456
