# relative_time, cycles_done, cur_item, corpus_count, pending_total, pending_favs, map_size, saved_crashes, saved_hangs, max_depth, execs_per_sec, total_execs, edges_found
60, 0, 155, 177, 142, 1, 8.98%, 23, 0, 6, 11337.67, 920828, 432
65, 0, 169, 178, 142, 1, 8.98%, 23, 0, 6, 10384.36, 972986, 432
70, 0, 83, 180, 139, 0, 8.98%, 25, 0, 7, 14166.42, 1042954, 432
75, 0, 46, 180, 138, 0, 8.98%, 25, 0, 7, 16119.01, 1128520, 432
81, 0, 178, 188, 146, 0, 8.98%, 25, 0, 8, 11036.53, 1181884, 432
86, 0, 178, 190, 148, 0, 8.98%, 25, 0, 8, 9268.91, 1226672, 432
91, 0, 46, 192, 149, 0, 8.98%, 25, 0, 8, 11622.03, 1281433, 432
96, 0, 0, 192, 149, 0, 8.98%, 25, 0, 8, 16399.01, 1369435, 432
101, 0, 75, 193, 147, 0, 9.00%, 25, 0, 8, 16465.13, 1452981, 433
106, 0, 187, 196, 150, 0, 9.00%, 26, 0, 9, 13285.01, 1524820, 433
111, 0, 187, 198, 152, 0, 9.00%, 26, 0, 9, 8404.34, 1561506, 433
116, 0, 187, 198, 152, 0, 9.00%, 26, 0, 9, 7392.63, 1597314, 433
121, 0, 190, 199, 151, 0, 9.00%, 26, 0, 9, 10204.39, 1653637, 433
126, 0, 190, 201, 153, 0, 9.00%, 26, 0, 9, 7986.13, 1692112, 433
132, 0, 68, 202, 153, 0, 9.00%, 26, 0, 9, 9629.64, 1738543, 433
137, 0, 188, 202, 150, 0, 9.00%, 26, 0, 9, 9751.37, 1791015, 433
142, 0, 0, 202, 148, 0, 9.00%, 26, 0, 9, 13705.14, 1864370, 433
147, 0, 171, 204, 149, 0, 9.00%, 26, 0, 9, 12457.17, 1925462, 433
152, 0, 200, 207, 150, 0, 9.00%, 26, 0, 10, 10407.98, 1983331, 433
157, 0, 200, 208, 151, 0, 9.00%, 26, 0, 10, 7664.16, 2018399, 433
162, 0, 177, 209, 150, 0, 9.00%, 26, 0, 10, 7897.49, 2056655, 433
167, 0, 0, 210, 150, 0, 9.00%, 26, 0, 10, 14743.59, 2137285, 433
172, 0, 193, 210, 150, 0, 9.00%, 27, 0, 10, 16755.74, 2226848, 433
177, 0, 61, 210, 148, 0, 9.00%, 27, 0, 10, 15116.13, 2292209, 433
182, 0, 0, 211, 146, 0, 9.00%, 28, 0, 10, 15042.89, 2367637, 433
188, 1, 65, 211, 143, 0, 9.00%, 28, 0, 10, 12880.54, 2424249, 433
193, 1, 75, 212, 140, 0, 9.00%, 28, 0, 10, 12714.81, 2494032, 433
198, 1, 183, 212, 137, 0, 9.00%, 28, 0, 10, 12431.63, 2561962, 433
203, 1, 183, 215, 140, 0, 9.00%, 28, 0, 10, 8285.63, 2597868, 433
208, 1, 61, 215, 139, 0, 9.00%, 28, 0, 10, 7830.94, 2634739, 433
213, 1, 32, 215, 135, 0, 9.00%, 28, 0, 10, 8302.73, 2681525, 433
218, 1, 161, 215, 132, 0, 9.00%, 28, 0, 10, 7830.09, 2718756, 433
223, 1, 148, 216, 129, 1, 9.02%, 28, 0, 10, 7431.92, 2757024, 434
228, 1, 191, 216, 126, 0, 9.02%, 28, 0, 10, 9665.51, 2815806, 434
233, 1, 46, 216, 122, 0, 9.02%, 28, 0, 10, 10844.13, 2871238, 434
238, 1, 213, 220, 126, 0, 9.02%, 28, 0, 10, 8747.33, 2918515, 434
243, 1, 213, 220, 126, 0, 9.02%, 28, 0, 10, 7371.91, 2953721, 434
248, 1, 213, 221, 127, 0, 9.02%, 28, 0, 10, 6960.65, 2987848, 434
253, 1, 219, 224, 129, 0, 9.02%, 28, 0, 11, 6280.28, 3017729, 434
258, 1, 219, 224, 129, 0, 9.02%, 28, 0, 11, 6533.96, 3050361, 434
264, 1, 8, 224, 127, 0, 9.02%, 28, 0, 11, 12359.74, 3111279, 434
269, 1, 39, 224, 125, 0, 9.02%, 28, 0, 11, 12455.70, 3170342, 434
274, 1, 44, 226, 124, 0, 9.02%, 29, 0, 11, 12868.41, 3233921, 434
279, 1, 71, 226, 121, 0, 9.02%, 29, 0, 11, 13455.82, 3299811, 434
284, 1, 212, 227, 120, 0, 9.02%, 29, 0, 11, 10308.68, 3347514, 434
289, 1, 0, 227, 116, 0, 9.02%, 29, 0, 11, 12485.63, 3403519, 434
294, 1, 130, 227, 113, 0, 9.02%, 29, 0, 11, 11762.02, 3458780, 434
299, 1, 223, 227, 111, 0, 9.02%, 29, 0, 11, 9267.60, 3507331, 434
304, 1, 8, 228, 107, 0, 9.02%, 29, 0, 11, 10696.16, 3565656, 434
309, 1, 200, 228, 105, 0, 9.02%, 29, 0, 11, 7689.48, 3602933, 434
314, 1, 75, 228, 104, 0, 9.02%, 29, 0, 11, 8003.95, 3643336, 434
320, 1, 207, 228, 100, 0, 9.02%, 29, 0, 11, 9733.61, 3696254, 434
325, 1, 207, 230, 102, 0, 9.02%, 29, 0, 11, 7306.51, 3729895, 434
330, 1, 196, 232, 102, 0, 9.02%, 29, 0, 11, 7616.19, 3770083, 434
335, 1, 196, 235, 105, 0, 9.02%, 29, 0, 11, 7130.23, 3805511, 434
340, 1, 196, 236, 106, 0, 9.02%, 29, 0, 11, 6926.46, 3840471, 434
345, 1, 196, 238, 108, 0, 9.02%, 29, 0, 11, 7020.57, 3876288, 434
350, 1, 237, 239, 108, 0, 9.02%, 29, 0, 11, 7394.05, 3914247, 434
355, 1, 238, 239, 107, 0, 9.02%, 29, 0, 11, 8376.64, 3959832, 434
360, 1, 221, 240, 104, 0, 9.02%, 29, 0, 11, 11321.27, 4021416, 434
365, 1, 209, 240, 102, 0, 9.02%, 29, 0, 11, 11764.37, 4071870, 434
370, 1, 65, 240, 95, 0, 9.02%, 29, 0, 11, 10343.95, 4119135, 434
375, 1, 195, 240, 95, 0, 9.02%, 29, 0, 11, 11887.13, 4188584, 434
380, 1, 230, 240, 93, 0, 9.02%, 29, 0, 11, 11113.20, 4241329, 434
385, 1, 205, 240, 90, 0, 9.02%, 29, 0, 11, 9640.03, 4291279, 434
390, 2, 160, 331, 177, 16, 9.48%, 30, 0, 11, 9966.94, 4338111, 456
395, 2, 0, 331, 167, 8, 9.48%, 33, 0, 11, 11821.55, 4402986, 456
401, 2, 195, 331, 160, 2, 9.48%, 37, 0, 11, 9628.69, 4450924, 456
406, 2, 316, 332, 159, 2, 9.48%, 37, 0, 11, 9226.99, 4495885, 456
411, 2, 94, 332, 156, 0, 9.48%, 37, 0, 11, 10154.81, 4546131, 456
416, 2, 0, 332, 153, 0, 9.48%, 37, 0, 11, 9870.98, 4595802, 456
421, 2, 247, 332, 146, 0, 9.48%, 37, 0, 11, 13469.53, 4670613, 456
426, 2, 318, 332, 146, 0, 9.48%, 37, 0, 11, 6837.57, 4722056, 456
431, 2, 185, 332, 141, 0, 9.48%, 38, 0, 11, 12654.24, 4799624, 456
436, 2, 0, 333, 142, 0, 9.48%, 38, 0, 11, 9103.24, 4837975, 456
442, 2, 332, 333, 142, 0, 9.48%, 38, 0, 11, 6046.48, 4889024, 456
447, 2, 251, 333, 138, 0, 9.48%, 39, 0, 11, 11033.58, 4947655, 456
452, 2, 187, 333, 137, 0, 9.48%, 39, 0, 11, 8136.31, 4987658, 456
457, 2, 251, 333, 133, 0, 9.48%, 39, 0, 11, 11666.93, 5044107, 456
462, 2, 251, 333, 133, 0, 9.48%, 39, 0, 11, 15257.83, 5125557, 456
467, 2, 251, 333, 128, 0, 9.48%, 40, 0, 11, 15115.81, 5196158, 456
472, 2, 210, 333, 123, 0, 9.48%, 40, 0, 11, 11165.79, 5255681, 456
477, 2, 208, 333, 120, 0, 9.48%, 40, 0, 11, 10280.68, 5302020, 456
482, 2, 234, 333, 119, 0, 9.48%, 40, 0, 11, 8405.91, 5342851, 456
487, 2, 197, 334, 116, 0, 9.48%, 40, 0, 11, 8847.84, 5393120, 456
492, 2, 251, 334, 114, 0, 9.48%, 40, 0, 11, 10586.58, 5442008, 456
498, 2, 222, 334, 113, 0, 9.48%, 40, 0, 11, 8743.04, 5491680, 456
503, 2, 212, 334, 111, 0, 9.48%, 40, 0, 11, 8196.31, 5529469, 456
508, 2, 315, 334, 111, 0, 9.48%, 40, 0, 11, 9762.98, 5577097, 456
513, 2, 65, 334, 110, 0, 9.48%, 41, 0, 11, 10759.81, 5628317, 456
518, 2, 111, 334, 107, 0, 9.48%, 42, 0, 11, 13604.48, 5700052, 456
523, 2, 204, 334, 104, 0, 9.48%, 42, 0, 11, 14373.22, 5775318, 456
528, 2, 188, 334, 103, 0, 9.48%, 42, 0, 11, 9298.41, 5816846, 456
533, 2, 191, 334, 101, 0, 9.48%, 42, 0, 11, 11426.70, 5875170, 456
538, 2, 65, 334, 94, 0, 9.48%, 42, 0, 11, 14070.64, 5942180, 456
543, 2, 65, 334, 92, 0, 9.48%, 42, 0, 11, 15414.26, 6021570, 456
549, 2, 251, 334, 90, 0, 9.48%, 42, 0, 11, 12165.39, 6077523, 456
554, 2, 65, 334, 88, 0, 9.48%, 42, 0, 11, 11376.76, 6131364, 456
559, 2, 26, 334, 84, 0, 9.48%, 42, 0, 11, 14688.68, 6214393, 456
564, 3, 237, 343, 93, 0, 9.48%, 42, 0, 11, 9096.27, 6257139, 456
569, 3, 65, 343, 92, 0, 9.48%, 42, 0, 11, 12361.58, 6316462, 456
574, 3, 191, 343, 92, 0, 9.48%, 42, 0, 11, 11672.67, 6375893, 456
579, 3, 247, 343, 88, 0, 9.48%, 42, 0, 11, 12009.68, 6435550, 456
584, 3, 177, 343, 85, 0, 9.48%, 42, 0, 11, 9976.05, 6486359, 456
590, 3, 324, 343, 81, 0, 9.48%, 42, 0, 11, 11971.75, 6555456, 456
595, 3, 235, 343, 80, 0, 9.48%, 42, 0, 11, 9709.22, 6602717, 456
600, 3, 194, 343, 79, 0, 9.48%, 42, 0, 11, 9788.68, 6651703, 456
605, 3, 17, 343, 74, 0, 9.48%, 42, 0, 11, 12250.30, 6718362, 456
610, 3, 166, 343, 69, 0, 9.48%, 42, 0, 11, 13822.57, 6789327, 456
615, 3, 0, 343, 68, 0, 9.48%, 42, 0, 11, 14498.26, 6864951, 456
620, 3, 77, 344, 66, 0, 9.48%, 44, 0, 11, 15243.53, 6937862, 456
625, 3, 219, 344, 66, 0, 9.48%, 44, 0, 11, 10533.54, 6994323, 456
630, 3, 333, 344, 66, 0, 9.48%, 44, 0, 11, 11364.03, 7058947, 456
635, 3, 0, 344, 65, 0, 9.48%, 44, 0, 11, 12488.41, 7113978, 456
640, 3, 332, 344, 61, 0, 9.48%, 44, 0, 11, 12350.51, 7182882, 456
646, 3, 0, 344, 59, 0, 9.48%, 44, 0, 11, 11375.29, 7233481, 456
651, 3, 229, 344, 58, 0, 9.48%, 44, 0, 11, 10185.13, 7283287, 456
656, 3, 333, 344, 56, 0, 9.48%, 44, 0, 11, 9291.28, 7334880, 456
661, 3, 0, 344, 56, 0, 9.48%, 44, 0, 11, 9816.54, 7390352, 456
666, 3, 160, 344, 56, 0, 9.48%, 44, 0, 11, 8544.35, 7437487, 456
671, 3, 226, 344, 54, 0, 9.48%, 44, 0, 11, 10631.11, 7495054, 456
676, 3, 181, 344, 51, 0, 9.48%, 44, 0, 11, 8951.46, 7537152, 456
681, 3, 57, 344, 49, 0, 9.48%, 44, 0, 11, 13663.01, 7607103, 456
686, 3, 168, 344, 47, 0, 9.48%, 44, 0, 11, 12748.48, 7675052, 456
691, 3, 215, 344, 47, 0, 9.48%, 44, 0, 11, 11522.91, 7734901, 456
697, 3, 131, 344, 47, 0, 9.48%, 44, 0, 11, 9360.89, 7783192, 456
702, 3, 332, 344, 46, 0, 9.48%, 44, 0, 11, 9957.53, 7838550, 456
707, 3, 251, 344, 45, 0, 9.48%, 44, 0, 11, 9778.16, 7884498, 456
712, 3, 209, 344, 44, 0, 9.48%, 44, 0, 11, 12188.70, 7948953, 456
717, 3, 197, 344, 44, 0, 9.48%, 44, 0, 11, 11273.76, 8011543, 456
722, 3, 247, 344, 44, 0, 9.48%, 44, 0, 11, 12665.60, 8075743, 456
727, 3, 219, 344, 44, 0, 9.48%, 44, 0, 11, 11166.23, 8133479, 456
732, 3, 229, 344, 43, 0, 9.48%, 44, 0, 11, 9636.15, 8179992, 456
737, 3, 247, 344, 42, 0, 9.48%, 44, 0, 11, 13505.12, 8254490, 456
742, 4, 344, 347, 45, 0, 9.48%, 44, 0, 11, 11105.07, 8315887, 456
747, 4, 247, 347, 43, 0, 9.48%, 44, 0, 11, 13577.95, 8380035, 456
752, 4, 0, 347, 43, 0, 9.48%, 44, 0, 11, 12043.52, 8436513, 456
758, 4, 345, 347, 43, 0, 9.48%, 44, 0, 11, 11934.30, 8498558, 456
763, 4, 57, 347, 42, 0, 9.48%, 44, 0, 11, 13388.15, 8557344, 456
768, 4, 221, 347, 41, 0, 9.48%, 44, 0, 11, 10777.12, 8607453, 456
773, 4, 157, 347, 41, 0, 9.48%, 44, 0, 11, 10597.65, 8653943, 456
778, 4, 318, 347, 41, 0, 9.48%, 44, 0, 11, 11242.56, 8717034, 456
783, 4, 283, 347, 40, 0, 9.48%, 44, 0, 11, 10740.09, 8771626, 456
788, 4, 236, 347, 37, 0, 9.48%, 44, 0, 11, 11553.69, 8834125, 456
793, 4, 222, 347, 37, 0, 9.48%, 44, 0, 11, 9220.40, 8880038, 456
798, 4, 251, 347, 37, 0, 9.48%, 44, 0, 11, 14356.21, 8957557, 456
804, 4, 200, 347, 35, 0, 9.48%, 44, 0, 11, 9802.75, 9008816, 456
809, 4, 207, 347, 34, 0, 9.48%, 44, 0, 11, 9080.49, 9053386, 456
814, 4, 237, 347, 34, 0, 9.48%, 44, 0, 11, 8118.50, 9094631, 456
819, 4, 0, 347, 34, 0, 9.48%, 44, 0, 11, 14432.19, 9170714, 456
824, 4, 251, 347, 34, 0, 9.48%, 44, 0, 11, 14070.41, 9234678, 456
829, 4, 335, 347, 33, 0, 9.48%, 44, 0, 11, 5899.47, 9290853, 456
834, 4, 228, 347, 31, 0, 9.48%, 44, 0, 11, 7953.83, 9335672, 456
840, 4, 251, 347, 31, 0, 9.48%, 44, 0, 11, 12918.99, 9398868, 456
845, 4, 189, 347, 30, 0, 9.48%, 44, 0, 11, 11134.45, 9451599, 456
850, 4, 237, 347, 30, 0, 9.48%, 44, 0, 11, 10999.73, 9508527, 456
855, 4, 65, 347, 29, 0, 9.48%, 44, 0, 11, 11280.54, 9559031, 456
860, 4, 189, 347, 29, 0, 9.48%, 44, 0, 11, 9834.66, 9616183, 456
865, 4, 65, 347, 26, 0, 9.48%, 44, 0, 11, 11499.94, 9672700, 456
870, 4, 145, 347, 26, 0, 9.48%, 44, 0, 11, 12585.80, 9736728, 456
875, 4, 251, 347, 26, 0, 9.48%, 44, 0, 11, 11099.18, 9792473, 456
880, 4, 190, 347, 26, 0, 9.48%, 44, 0, 11, 10690.82, 9852662, 456
885, 4, 251, 347, 26, 0, 9.48%, 44, 0, 11, 12664.73, 9915509, 456
890, 4, 0, 347, 25, 0, 9.48%, 44, 0, 11, 14148.45, 9984817, 456
895, 4, 234, 347, 24, 0, 9.48%, 44, 0, 11, 10547.07, 10037603, 456
900, 4, 44, 347, 24, 0, 9.48%, 44, 0, 11, 13457.80, 10106008, 456
906, 4, 340, 347, 24, 0, 9.48%, 44, 0, 11, 9019.69, 10152954, 456
911, 4, 0, 348, 22, 0, 9.48%, 44, 0, 11, 11974.99, 10212959, 456
916, 4, 141, 348, 22, 0, 9.48%, 44, 0, 11, 13510.51, 10286345, 456
921, 4, 251, 348, 22, 0, 9.48%, 44, 0, 11, 12997.19, 10347932, 456
926, 4, 247, 348, 20, 0, 9.48%, 45, 0, 11, 15978.36, 10433936, 456
931, 4, 0, 348, 20, 0, 9.48%, 45, 0, 11, 13860.32, 10497826, 456
936, 5, 247, 358, 28, 0, 9.48%, 45, 0, 11, 15999.23, 10580121, 456
941, 5, 197, 358, 28, 0, 9.48%, 45, 0, 11, 10846.30, 10630881, 456
946, 5, 161, 358, 27, 0, 9.48%, 45, 0, 11, 13922.93, 10704442, 456
952, 5, 184, 358, 26, 0, 9.48%, 45, 0, 11, 13755.68, 10773408, 456
957, 5, 228, 358, 26, 0, 9.48%, 45, 0, 11, 12245.37, 10836951, 456
962, 5, 201, 358, 25, 0, 9.48%, 45, 0, 11, 8388.61, 10878837, 456
967, 5, 0, 358, 24, 0, 9.48%, 46, 0, 11, 13958.78, 10954838, 456
972, 5, 183, 358, 24, 0, 9.48%, 46, 0, 11, 10289.22, 11009474, 456
977, 5, 228, 358, 23, 0, 9.48%, 46, 0, 11, 11894.41, 11066943, 456
982, 5, 251, 358, 23, 0, 9.48%, 46, 0, 11, 14228.45, 11138401, 456
988, 5, 0, 358, 22, 0, 9.48%, 46, 0, 11, 10717.66, 11188139, 456
993, 5, 216, 358, 22, 0, 9.48%, 46, 0, 11, 9318.95, 11239242, 456
998, 5, 247, 358, 22, 0, 9.48%, 46, 0, 11, 13721.70, 11308636, 456
1003, 5, 155, 358, 20, 0, 9.48%, 46, 0, 11, 12432.19, 11365599, 456
1008, 5, 218, 358, 19, 0, 9.48%, 46, 0, 11, 10557.66, 11420116, 456
1013, 5, 251, 358, 19, 0, 9.48%, 46, 0, 11, 8755.21, 11457824, 456
1018, 5, 247, 358, 19, 0, 9.48%, 46, 0, 11, 9517.67, 11506194, 456
1023, 5, 247, 358, 18, 0, 9.48%, 46, 0, 11, 10371.06, 11553012, 456
1028, 5, 181, 358, 18, 0, 9.48%, 46, 0, 11, 9344.54, 11608028, 456
1034, 5, 211, 358, 18, 0, 9.48%, 46, 0, 11, 11819.93, 11666236, 456
1039, 5, 216, 358, 18, 0, 9.48%, 46, 0, 11, 9018.82, 11707703, 456
1044, 5, 17, 358, 17, 0, 9.48%, 46, 0, 11, 14307.05, 11790751, 456
1049, 5, 247, 358, 17, 0, 9.48%, 46, 0, 11, 12895.35, 11846104, 456
1054, 5, 0, 358, 17, 0, 9.48%, 46, 0, 11, 15363.77, 11929477, 456
1059, 5, 120, 358, 17, 0, 9.48%, 46, 0, 11, 12456.13, 11993862, 456
1064, 5, 221, 358, 17, 0, 9.48%, 46, 0, 11, 11772.05, 12059227, 456
1069, 5, 260, 358, 17, 0, 9.48%, 46, 0, 11, 12356.98, 12116875, 456
1074, 5, 247, 358, 16, 0, 9.48%, 46, 0, 11, 9974.22, 12163850, 456
1080, 5, 223, 358, 15, 0, 9.48%, 46, 0, 11, 10599.67, 12221908, 456
1085, 5, 168, 358, 15, 0, 9.48%, 46, 0, 11, 9747.82, 12273344, 456
1090, 5, 200, 358, 15, 0, 9.48%, 46, 0, 11, 10570.88, 12328318, 456
1095, 6, 159, 358, 15, 0, 9.48%, 46, 0, 11, 9842.90, 12375572, 456
1100, 6, 247, 358, 14, 0, 9.48%, 46, 0, 11, 14417.96, 12453956, 456
1105, 6, 77, 358, 14, 0, 9.48%, 46, 0, 11, 10729.16, 12511584, 456
1110, 6, 251, 358, 13, 0, 9.48%, 46, 0, 11, 13461.14, 12581266, 456
1115, 6, 251, 358, 13, 0, 9.48%, 46, 0, 11, 11914.49, 12642925, 456
1121, 6, 232, 358, 13, 0, 9.48%, 46, 0, 11, 10514.81, 12697759, 456
1126, 6, 247, 358, 12, 0, 9.48%, 46, 0, 11, 12591.65, 12757113, 456
1131, 6, 235, 358, 12, 0, 9.48%, 46, 0, 11, 8447.73, 12796564, 456
1136, 6, 212, 358, 12, 0, 9.48%, 46, 0, 11, 8668.90, 12843993, 456
1141, 6, 17, 358, 11, 0, 9.48%, 46, 0, 11, 9148.63, 12887418, 456
1146, 6, 251, 358, 11, 0, 9.48%, 46, 0, 11, 13008.47, 12957253, 456
1151, 6, 251, 358, 11, 0, 9.48%, 46, 0, 11, 15403.23, 13038690, 456
1156, 6, 47, 358, 11, 0, 9.48%, 46, 0, 11, 11471.80, 13099671, 456
1161, 6, 247, 358, 10, 0, 9.48%, 46, 0, 11, 12493.88, 13164213, 456
1166, 6, 230, 358, 10, 0, 9.48%, 46, 0, 11, 10471.16, 13219665, 456
1171, 6, 189, 358, 10, 0, 9.48%, 46, 0, 11, 10512.93, 13273733, 456
1176, 6, 185, 358, 9, 0, 9.48%, 46, 0, 11, 10452.68, 13330233, 456
1182, 6, 27, 358, 9, 0, 9.48%, 46, 0, 11, 9686.79, 13382036, 456
1187, 6, 316, 358, 9, 0, 9.48%, 46, 0, 11, 11829.14, 13449419, 456
1192, 6, 208, 358, 8, 0, 9.48%, 46, 0, 11, 8496.08, 13489665, 456
1197, 6, 220, 358, 8, 0, 9.48%, 46, 0, 11, 7172.17, 13525658, 456
1202, 6, 197, 358, 8, 0, 9.48%, 46, 0, 11, 7970.98, 13569532, 456
1207, 6, 28, 358, 8, 0, 9.48%, 46, 0, 11, 8279.38, 13607788, 456
1212, 6, 247, 358, 7, 0, 9.48%, 46, 0, 11, 10807.80, 13663253, 456
1217, 6, 2, 358, 7, 0, 9.48%, 46, 0, 11, 12230.82, 13722109, 456
1222, 6, 186, 358, 7, 0, 9.48%, 46, 0, 11, 10641.32, 13779145, 456
1227, 6, 90, 358, 7, 0, 9.48%, 46, 0, 11, 9706.64, 13828747, 456
1232, 6, 235, 358, 7, 0, 9.48%, 46, 0, 11, 9007.35, 13875295, 456
1237, 6, 2, 358, 7, 0, 9.48%, 46, 0, 11, 12896.63, 13937539, 456
1242, 6, 214, 358, 7, 0, 9.48%, 46, 0, 11, 11125.84, 13993819, 456
1248, 6, 222, 358, 7, 0, 9.48%, 46, 0, 11, 9048.99, 14037055, 456
1253, 6, 230, 358, 7, 0, 9.48%, 46, 0, 11, 9448.44, 14079859, 456
1258, 6, 236, 358, 7, 0, 9.48%, 46, 0, 11, 11904.84, 14139703, 456
1263, 6, 27, 358, 7, 0, 9.48%, 46, 0, 11, 8973.47, 14182615, 456
1268, 6, 65, 358, 7, 0, 9.48%, 46, 0, 11, 10382.62, 14243241, 456
1273, 6, 27, 358, 7, 0, 9.48%, 46, 0, 11, 14444.36, 14320630, 456
1278, 6, 332, 358, 7, 0, 9.48%, 46, 0, 11, 10580.50, 14370730, 456
1283, 7, 198, 358, 7, 0, 9.48%, 46, 0, 11, 9966.66, 14415528, 456
1288, 7, 2, 358, 7, 0, 9.48%, 46, 0, 11, 8510.46, 14456177, 456
1293, 7, 57, 358, 7, 0, 9.48%, 46, 0, 11, 10399.34, 14517995, 456
1298, 7, 206, 358, 7, 0, 9.48%, 46, 0, 11, 11171.73, 14583839, 456
1303, 7, 233, 358, 7, 0, 9.48%, 46, 0, 11, 10526.98, 14644726, 456
1308, 7, 305, 358, 7, 0, 9.48%, 46, 0, 11, 13315.19, 14706497, 456
1314, 7, 168, 358, 7, 0, 9.48%, 46, 0, 11, 12782.75, 14769845, 456
1319, 7, 2, 358, 7, 0, 9.48%, 46, 0, 11, 14570.58, 14844809, 456
1324, 7, 260, 358, 7, 0, 9.48%, 46, 0, 11, 14508.92, 14916643, 456
1329, 7, 247, 358, 7, 0, 9.48%, 46, 0, 11, 13919.76, 14978305, 456
1334, 7, 223, 358, 7, 0, 9.48%, 46, 0, 11, 10409.58, 15030619, 456
1339, 7, 251, 358, 7, 0, 9.48%, 46, 0, 11, 11608.83, 15081817, 456
1344, 7, 247, 358, 7, 0, 9.48%, 46, 0, 11, 11773.43, 15144963, 456
1349, 7, 247, 358, 7, 0, 9.48%, 46, 0, 11, 15092.43, 15224254, 456
1354, 7, 229, 358, 7, 0, 9.48%, 46, 0, 11, 13299.17, 15294979, 456
1359, 7, 328, 358, 7, 0, 9.48%, 46, 0, 11, 13901.02, 15369003, 456
1364, 7, 110, 358, 7, 0, 9.48%, 46, 0, 11, 11662.74, 15428018, 456
1369, 7, 196, 358, 7, 0, 9.48%, 46, 0, 11, 14373.10, 15504770, 456
1374, 7, 200, 358, 7, 0, 9.48%, 46, 0, 11, 12660.63, 15562631, 456
1379, 7, 65, 358, 7, 0, 9.48%, 46, 0, 11, 14481.95, 15633074, 456
1385, 7, 251, 358, 7, 0, 9.48%, 46, 0, 11, 12374.81, 15694639, 456
1390, 7, 2, 358, 7, 0, 9.48%, 46, 0, 11, 14273.90, 15763970, 456
1395, 7, 230, 358, 7, 0, 9.48%, 46, 0, 11, 13287.31, 15836251, 456
1400, 7, 207, 358, 7, 0, 9.48%, 46, 0, 11, 13157.91, 15901433, 456
1405, 7, 27, 358, 7, 0, 9.48%, 46, 0, 11, 12238.67, 15955136, 456
1410, 7, 2, 358, 7, 0, 9.48%, 46, 0, 11, 13615.09, 16023816, 456
1415, 7, 180, 358, 7, 0, 9.48%, 46, 0, 11, 12677.14, 16085919, 456
1420, 7, 247, 358, 7, 0, 9.48%, 46, 0, 11, 10940.30, 16137224, 456
1425, 7, 187, 358, 6, 0, 9.48%, 46, 0, 11, 10190.03, 16187118, 456
1430, 7, 173, 358, 6, 0, 9.48%, 46, 0, 11, 12682.94, 16252374, 456
1435, 8, 363, 366, 14, 0, 9.48%, 46, 0, 11, 9925.10, 16304788, 456
1441, 8, 238, 366, 13, 0, 9.48%, 46, 0, 11, 8942.02, 16349619, 456
1446, 8, 2, 366, 13, 0, 9.48%, 46, 0, 11, 10129.00, 16400648, 456
1451, 8, 17, 366, 12, 0, 9.48%, 46, 0, 11, 11584.78, 16458072, 456
1456, 8, 356, 366, 12, 0, 9.48%, 46, 0, 11, 13857.39, 16532176, 456
1461, 8, 222, 366, 12, 0, 9.48%, 46, 0, 11, 9977.66, 16584468, 456
1466, 8, 364, 366, 12, 0, 9.48%, 46, 0, 11, 9031.32, 16628559, 456
1471, 8, 57, 366, 10, 0, 9.48%, 46, 0, 11, 12444.03, 16693162, 456
1476, 8, 27, 366, 10, 0, 9.48%, 46, 0, 11, 12025.40, 16752173, 456
1481, 8, 332, 366, 9, 0, 9.48%, 46, 0, 11, 8969.02, 16793524, 456
1486, 8, 65, 366, 9, 0, 9.48%, 46, 0, 11, 10035.24, 16848931, 456
1491, 8, 2, 366, 9, 0, 9.48%, 46, 0, 11, 10065.62, 16899091, 456
1496, 8, 27, 366, 9, 0, 9.48%, 46, 0, 11, 12243.12, 16959144, 456
1501, 8, 141, 366, 9, 0, 9.48%, 46, 0, 11, 13820.88, 17024104, 456
1507, 8, 342, 366, 9, 0, 9.48%, 46, 0, 11, 9236.70, 17066958, 456
1512, 8, 207, 366, 9, 0, 9.48%, 46, 0, 11, 10326.81, 17123171, 456
1517, 8, 361, 366, 9, 0, 9.48%, 46, 0, 11, 8883.82, 17165309, 456
1522, 8, 190, 366, 8, 0, 9.48%, 46, 0, 11, 12405.18, 17232261, 456
1527, 8, 2, 367, 8, 0, 9.48%, 46, 0, 11, 13984.71, 17297734, 456
1532, 8, 27, 367, 8, 0, 9.48%, 46, 0, 11, 11329.27, 17357763, 456
1537, 8, 185, 367, 8, 0, 9.48%, 46, 0, 11, 10383.41, 17407005, 456
1542, 8, 219, 367, 8, 0, 9.48%, 46, 0, 11, 9012.29, 17447814, 456
1547, 8, 221, 367, 8, 0, 9.48%, 46, 0, 11, 9108.88, 17491737, 456
1552, 8, 235, 367, 8, 0, 9.48%, 46, 0, 11, 8403.34, 17535199, 456
1557, 8, 169, 367, 8, 0, 9.48%, 46, 0, 11, 10073.49, 17587095, 456
1562, 8, 27, 367, 8, 0, 9.48%, 46, 0, 11, 11771.51, 17642571, 456
1567, 8, 57, 367, 7, 0, 9.48%, 46, 0, 11, 11016.77, 17695691, 456
1573, 8, 193, 367, 7, 0, 9.48%, 46, 0, 11, 8970.76, 17744216, 456
1578, 8, 196, 367, 7, 0, 9.48%, 46, 0, 11, 10182.10, 17804915, 456
1583, 8, 247, 367, 7, 0, 9.48%, 46, 0, 11, 11333.42, 17860653, 456
1588, 8, 219, 367, 7, 0, 9.48%, 46, 0, 11, 10252.08, 17919878, 456
1593, 8, 2, 367, 7, 0, 9.48%, 46, 0, 11, 10356.40, 17968232, 456
1598, 8, 251, 367, 7, 0, 9.48%, 46, 0, 11, 9502.36, 18016944, 456
1603, 8, 251, 367, 7, 0, 9.48%, 46, 0, 11, 15481.37, 18103093, 456
1608, 8, 189, 367, 7, 0, 9.48%, 46, 0, 11, 13025.72, 18163138, 456
1613, 8, 47, 367, 7, 0, 9.48%, 46, 0, 11, 13715.90, 18226286, 456
1618, 9, 365, 370, 10, 0, 9.48%, 46, 0, 11, 11757.41, 18280735, 456
1624, 9, 362, 370, 9, 0, 9.48%, 46, 0, 11, 11351.12, 18337787, 456
1629, 9, 87, 370, 8, 0, 9.48%, 46, 0, 11, 10553.03, 18385361, 456
1634, 9, 167, 370, 7, 0, 9.48%, 46, 0, 11, 9915.69, 18432306, 456
1639, 9, 206, 370, 7, 0, 9.48%, 46, 0, 11, 10181.83, 18486534, 456
1644, 9, 2, 370, 6, 0, 9.48%, 46, 0, 11, 11742.45, 18544575, 456
1649, 9, 27, 370, 6, 0, 9.48%, 46, 0, 11, 11541.16, 18601863, 456
1654, 9, 2, 370, 6, 0, 9.48%, 46, 0, 11, 9159.54, 18645773, 456
1659, 9, 229, 370, 6, 0, 9.48%, 46, 0, 11, 12237.80, 18717143, 456
1664, 9, 42, 370, 5, 0, 9.48%, 46, 0, 11, 10660.84, 18764866, 456
1669, 9, 200, 370, 5, 0, 9.48%, 46, 0, 11, 10944.72, 18821578, 456
1675, 9, 187, 370, 5, 0, 9.48%, 46, 0, 11, 8086.84, 18860311, 456
1680, 9, 65, 370, 5, 0, 9.48%, 46, 0, 11, 8319.99, 18898804, 456
1685, 9, 332, 370, 5, 0, 9.48%, 46, 0, 11, 9629.63, 18956522, 456
1690, 9, 351, 370, 5, 0, 9.48%, 46, 0, 11, 9593.67, 19008468, 456
1695, 9, 17, 370, 5, 0, 9.48%, 46, 0, 11, 12642.92, 19072424, 456
1700, 9, 368, 370, 5, 0, 9.48%, 46, 0, 11, 2221.42, 19127316, 456
1705, 9, 65, 370, 4, 0, 9.48%, 46, 0, 11, 7328.92, 19169998, 456
1710, 9, 362, 370, 4, 0, 9.48%, 46, 0, 11, 11455.41, 19240666, 456
1715, 9, 332, 370, 4, 0, 9.48%, 46, 0, 11, 9007.32, 19284130, 456
1721, 9, 368, 370, 4, 0, 9.48%, 46, 0, 11, 10781.43, 19343556, 456
1726, 9, 181, 370, 4, 0, 9.48%, 46, 0, 11, 11711.08, 19404978, 456
1731, 9, 219, 370, 4, 0, 9.48%, 46, 0, 11, 7971.60, 19442818, 456
1736, 9, 214, 370, 4, 0, 9.48%, 46, 0, 11, 8418.59, 19485594, 456
1741, 9, 367, 370, 4, 0, 9.48%, 46, 0, 11, 3015.50, 19547496, 456
1746, 9, 169, 370, 3, 0, 9.48%, 46, 0, 11, 10035.03, 19604906, 456
1751, 9, 237, 370, 3, 0, 9.48%, 46, 0, 11, 9535.22, 19656262, 456
1756, 9, 172, 370, 2, 0, 9.48%, 46, 0, 11, 12296.73, 19719547, 456
1761, 9, 234, 370, 2, 0, 9.48%, 46, 0, 11, 8943.60, 19764136, 456
1766, 9, 323, 370, 2, 0, 9.48%, 46, 0, 11, 10897.97, 19816826, 456
1772, 9, 128, 370, 2, 0, 9.48%, 46, 0, 11, 10604.66, 19866883, 456
1777, 9, 185, 370, 2, 0, 9.48%, 46, 0, 11, 8828.13, 19910565, 456
1782, 9, 191, 370, 2, 0, 9.48%, 46, 0, 11, 10769.43, 19964064, 456
1787, 9, 247, 370, 2, 0, 9.48%, 46, 0, 11, 10945.44, 20014411, 456
1792, 9, 65, 370, 2, 0, 9.48%, 46, 0, 11, 13822.68, 20085885, 456
1797, 10, 2, 370, 2, 0, 9.48%, 46, 0, 11, 13129.54, 20151155, 456
1802, 10, 2, 370, 1, 0, 9.48%, 46, 0, 11, 12545.01, 20212859, 456
1807, 10, 2, 370, 0, 0, 9.48%, 46, 0, 11, 8025.70, 20260578, 456
1812, 10, 228, 370, 0, 0, 9.48%, 46, 0, 11, 11583.88, 20329236, 456
1817, 10, 2, 370, 0, 0, 9.48%, 46, 0, 11, 13676.25, 20402720, 456
1822, 10, 201, 370, 0, 0, 9.48%, 46, 0, 11, 9953.15, 20454275, 456
1827, 10, 91, 370, 0, 0, 9.48%, 46, 0, 11, 13642.50, 20521926, 456
1833, 10, 223, 370, 0, 0, 9.48%, 46, 0, 11, 14875.06, 20596960, 456
1838, 10, 65, 370, 0, 0, 9.48%, 46, 0, 11, 9500.86, 20635354, 456
1843, 10, 186, 370, 0, 0, 9.48%, 46, 0, 11, 10586.27, 20698037, 456
1848, 10, 2, 370, 0, 0, 9.48%, 46, 0, 11, 12522.76, 20756822, 456
1853, 10, 332, 371, 1, 0, 9.48%, 46, 0, 12, 9874.55, 20808229, 456
1858, 10, 197, 371, 1, 0, 9.48%, 46, 0, 12, 9364.16, 20852769, 456
1863, 10, 200, 371, 1, 0, 9.48%, 46, 0, 12, 9260.26, 20897996, 456
1868, 10, 194, 371, 1, 0, 9.48%, 46, 0, 12, 10125.61, 20953496, 456
1873, 10, 245, 371, 1, 0, 9.48%, 46, 0, 12, 10230.69, 21004278, 456
1878, 10, 209, 371, 1, 0, 9.48%, 46, 0, 12, 10715.58, 21060296, 456
1883, 10, 208, 371, 1, 0, 9.48%, 46, 0, 12, 10086.30, 21108376, 456
1888, 10, 37, 371, 1, 0, 9.48%, 46, 0, 12, 11488.09, 21166046, 456
1893, 10, 247, 371, 1, 0, 9.48%, 46, 0, 12, 12653.09, 21227036, 456
1899, 10, 370, 371, 1, 0, 9.48%, 46, 0, 12, 5926.17, 21261417, 456
1904, 10, 187, 371, 0, 0, 9.48%, 46, 0, 12, 7994.67, 21304553, 456
1909, 10, 27, 371, 0, 0, 9.48%, 46, 0, 12, 8868.49, 21354706, 456
1914, 10, 57, 371, 0, 0, 9.48%, 46, 0, 12, 11521.68, 21411824, 456
1919, 10, 180, 371, 0, 0, 9.48%, 46, 0, 12, 9571.98, 21465091, 456
1924, 10, 168, 371, 0, 0, 9.48%, 46, 0, 12, 10185.78, 21518639, 456
1929, 10, 335, 371, 0, 0, 9.48%, 46, 0, 12, 10419.36, 21570459, 456
1934, 10, 186, 371, 0, 0, 9.48%, 46, 0, 12, 10269.04, 21621395, 456
1939, 10, 156, 371, 0, 0, 9.48%, 46, 0, 12, 9747.13, 21666773, 456
1944, 10, 78, 371, 0, 0, 9.48%, 46, 0, 12, 13642.06, 21736504, 456
1949, 10, 332, 371, 0, 0, 9.48%, 46, 0, 12, 11671.84, 21798055, 456
1955, 10, 2, 371, 0, 0, 9.48%, 46, 0, 12, 12953.31, 21858703, 456
1960, 10, 370, 371, 0, 0, 9.48%, 46, 0, 12, 9888.52, 21909943, 456
1965, 10, 370, 371, 0, 0, 9.48%, 46, 0, 12, 8083.85, 21948071, 456
1970, 10, 370, 372, 1, 0, 9.48%, 46, 0, 13, 7614.40, 21985919, 456
1975, 10, 371, 372, 1, 0, 9.48%, 46, 0, 13, 1053.04, 22016461, 456
1980, 10, 371, 374, 3, 0, 9.48%, 46, 0, 14, 7503.10, 22047975, 456
1985, 10, 371, 374, 3, 0, 9.48%, 46, 0, 14, 7250.40, 22083921, 456
1990, 10, 371, 374, 3, 0, 9.48%, 46, 0, 14, 7147.46, 22119639, 456
1995, 10, 372, 374, 2, 0, 9.48%, 46, 0, 14, 4662.08, 22154714, 456
2000, 10, 372, 374, 2, 0, 9.48%, 46, 0, 14, 6799.60, 22192684, 456
2005, 10, 371, 374, 1, 0, 9.48%, 46, 0, 14, 7022.19, 22229207, 456
2010, 10, 373, 374, 1, 0, 9.48%, 46, 0, 14, 6898.45, 22260371, 456
2016, 10, 373, 374, 1, 0, 9.48%, 46, 0, 14, 6760.53, 22295609, 456
2021, 10, 27, 374, 0, 0, 9.48%, 46, 0, 14, 7297.95, 22331011, 456
2026, 10, 230, 374, 0, 0, 9.48%, 46, 0, 14, 10046.51, 22391859, 456
2031, 11, 247, 374, 0, 0, 9.48%, 46, 0, 14, 12169.80, 22453084, 456
2036, 11, 233, 374, 0, 0, 9.48%, 46, 0, 14, 9087.81, 22501437, 456
2041, 11, 181, 374, 0, 0, 9.48%, 46, 0, 14, 7855.96, 22539677, 456
2046, 11, 255, 374, 0, 0, 9.48%, 46, 0, 14, 9943.51, 22587993, 456
2051, 11, 371, 374, 0, 0, 9.48%, 46, 0, 14, 9036.53, 22638165, 456
2056, 11, 41, 374, 0, 0, 9.48%, 46, 0, 14, 9566.27, 22681472, 456
2061, 11, 372, 374, 0, 0, 9.48%, 46, 0, 14, 8938.49, 22729693, 456
2067, 11, 27, 374, 0, 0, 9.48%, 46, 0, 14, 9015.33, 22771440, 456
2072, 11, 249, 374, 0, 0, 9.48%, 46, 0, 14, 9416.66, 22819355, 456
2077, 11, 372, 374, 0, 0, 9.48%, 46, 0, 14, 9915.99, 22875665, 456
2082, 11, 17, 374, 0, 0, 9.48%, 46, 0, 14, 8127.47, 22913255, 456
2087, 11, 220, 374, 0, 0, 9.48%, 46, 0, 14, 10271.13, 22969134, 456
2092, 11, 65, 374, 0, 0, 9.48%, 46, 0, 14, 11423.88, 23023425, 456
2097, 11, 271, 374, 0, 0, 9.48%, 46, 0, 14, 9482.81, 23067811, 456
2102, 11, 341, 374, 0, 0, 9.48%, 46, 0, 14, 9250.91, 23117064, 456
2107, 11, 189, 374, 0, 0, 9.48%, 46, 0, 14, 9559.61, 23171239, 456
2112, 11, 370, 374, 0, 0, 9.48%, 46, 0, 14, 9075.59, 23220797, 456
2117, 11, 220, 374, 0, 0, 9.48%, 46, 0, 14, 8193.43, 23261049, 456
2122, 11, 371, 374, 0, 0, 9.48%, 46, 0, 14, 10905.42, 23315152, 456
2127, 11, 371, 374, 0, 0, 9.48%, 46, 0, 14, 7640.36, 23349813, 456
2132, 11, 371, 374, 0, 0, 9.48%, 46, 0, 14, 7429.17, 23385238, 456
2137, 11, 371, 374, 0, 0, 9.48%, 46, 0, 14, 7010.81, 23420235, 456
2143, 11, 54, 374, 0, 0, 9.48%, 46, 0, 14, 10385.52, 23473836, 456
2148, 11, 247, 374, 0, 0, 9.48%, 46, 0, 14, 9817.89, 23523658, 456
2153, 11, 369, 374, 0, 0, 9.48%, 46, 0, 14, 10183.87, 23580753, 456
2158, 11, 168, 374, 0, 0, 9.48%, 46, 0, 14, 13638.02, 23653453, 456
2163, 11, 214, 374, 0, 0, 9.48%, 46, 0, 14, 13360.68, 23722101, 456
2168, 11, 373, 374, 0, 0, 9.48%, 46, 0, 14, 8626.01, 23761225, 456
2173, 11, 235, 374, 0, 0, 9.48%, 46, 0, 14, 7774.95, 23797939, 456
2178, 11, 228, 374, 0, 0, 9.48%, 46, 0, 14, 10242.72, 23847331, 456
2183, 11, 65, 374, 0, 0, 9.48%, 46, 0, 14, 12266.63, 23907394, 456
2188, 11, 373, 374, 0, 0, 9.48%, 46, 0, 14, 8593.55, 23947899, 456
2193, 11, 373, 374, 0, 0, 9.48%, 46, 0, 14, 7112.50, 23981599, 456
2199, 11, 209, 374, 0, 0, 9.48%, 46, 0, 14, 11471.99, 24042587, 456
2204, 11, 191, 374, 0, 0, 9.48%, 46, 0, 14, 8737.18, 24085361, 456
2209, 11, 321, 374, 0, 0, 9.48%, 46, 0, 14, 9744.97, 24134749, 456
2214, 11, 17, 374, 0, 0, 9.48%, 46, 0, 14, 9923.79, 24181751, 456
2219, 11, 17, 374, 0, 0, 9.48%, 46, 0, 14, 11624.61, 24247983, 456
2224, 11, 47, 374, 0, 0, 9.48%, 46, 0, 14, 12747.48, 24306053, 456
2229, 11, 181, 374, 0, 0, 9.48%, 46, 0, 14, 11472.15, 24366673, 456
2234, 11, 373, 374, 0, 0, 9.48%, 46, 0, 14, 7847.06, 24400928, 456
2239, 11, 373, 374, 0, 0, 9.48%, 46, 0, 14, 7048.73, 24435227, 456
2244, 12, 271, 374, 0, 0, 9.48%, 46, 0, 14, 8690.87, 24481163, 456
2250, 12, 189, 374, 0, 0, 9.48%, 46, 0, 14, 9009.76, 24529597, 456
2255, 12, 197, 374, 0, 0, 9.48%, 46, 0, 14, 8841.68, 24575455, 456
2260, 12, 207, 374, 0, 0, 9.48%, 46, 0, 14, 10777.97, 24633397, 456
2265, 12, 247, 374, 0, 0, 9.48%, 46, 0, 14, 10467.05, 24681739, 456
2270, 12, 318, 374, 0, 0, 9.48%, 46, 0, 14, 11383.81, 24746241, 456
2275, 12, 2, 374, 0, 0, 9.48%, 46, 0, 14, 10444.46, 24797405, 456
2280, 12, 181, 374, 0, 0, 9.48%, 46, 0, 14, 9576.40, 24846426, 456
2285, 12, 17, 374, 0, 0, 9.48%, 46, 0, 14, 8919.51, 24888249, 456
2290, 12, 17, 374, 0, 0, 9.48%, 46, 0, 14, 10243.73, 24939658, 456
2295, 12, 186, 374, 0, 0, 9.48%, 46, 0, 14, 7006.62, 24973188, 456
2301, 12, 199, 374, 0, 0, 9.48%, 46, 0, 14, 9081.59, 25020433, 456
2306, 12, 238, 375, 1, 0, 9.48%, 46, 0, 14, 7588.34, 25056567, 456
2311, 12, 27, 375, 1, 0, 9.48%, 46, 0, 14, 10088.80, 25107031, 456
2316, 12, 267, 375, 1, 0, 9.48%, 46, 0, 14, 13308.28, 25181985, 456
2321, 12, 247, 375, 1, 0, 9.48%, 46, 0, 14, 12721.60, 25241444, 456
2326, 12, 17, 375, 1, 0, 9.48%, 46, 0, 14, 10312.54, 25290790, 456
2331, 12, 374, 375, 1, 0, 9.48%, 46, 0, 14, 8980.53, 25335471, 456
2336, 12, 2, 375, 0, 0, 9.48%, 46, 0, 14, 10335.84, 25383413, 456
2341, 12, 199, 375, 0, 0, 9.48%, 46, 0, 14, 9659.26, 25434086, 456
2347, 12, 170, 375, 0, 0, 9.48%, 46, 0, 14, 9631.52, 25488522, 456
2352, 12, 57, 375, 0, 0, 9.48%, 46, 0, 14, 10639.81, 25542595, 456
2357, 12, 194, 375, 0, 0, 9.48%, 46, 0, 14, 9448.06, 25589227, 456
2362, 12, 201, 375, 0, 0, 9.48%, 46, 0, 14, 8477.79, 25635005, 456
2367, 12, 50, 375, 0, 0, 9.48%, 46, 0, 14, 8779.97, 25681943, 456
2372, 12, 2, 375, 0, 0, 9.48%, 46, 0, 14, 9752.19, 25727722, 456
2377, 12, 65, 375, 0, 0, 9.48%, 46, 0, 14, 12387.05, 25796540, 456
2382, 12, 251, 375, 0, 0, 9.48%, 46, 0, 14, 11009.83, 25848313, 456
2387, 12, 374, 375, 0, 0, 9.48%, 46, 0, 14, 9228.67, 25894085, 456
2392, 12, 247, 375, 0, 0, 9.48%, 46, 0, 14, 9508.26, 25942506, 456
2397, 12, 247, 375, 0, 0, 9.48%, 46, 0, 14, 9229.06, 25987249, 456
2402, 12, 374, 375, 0, 0, 9.48%, 46, 0, 14, 11657.87, 26053432, 456
2407, 12, 27, 375, 0, 0, 9.48%, 46, 0, 14, 10331.17, 26101243, 456
2412, 12, 374, 375, 0, 0, 9.48%, 46, 0, 14, 9415.68, 26149988, 456
2418, 12, 191, 375, 0, 0, 9.48%, 46, 0, 14, 9644.84, 26201947, 456
2423, 12, 204, 375, 0, 0, 9.48%, 46, 0, 14, 8977.32, 26249269, 456
2428, 13, 181, 378, 3, 0, 9.48%, 46, 0, 14, 9757.56, 26300309, 456
2433, 13, 191, 378, 3, 0, 9.48%, 46, 0, 14, 9598.17, 26346385, 456
2438, 13, 17, 378, 3, 0, 9.48%, 46, 0, 14, 11980.81, 26405637, 456
2443, 13, 376, 378, 3, 0, 9.48%, 46, 0, 14, 1413.04, 26456198, 456
2448, 13, 376, 378, 3, 0, 9.48%, 46, 0, 14, 6334.50, 26492421, 456
2453, 13, 191, 378, 2, 0, 9.48%, 46, 0, 14, 8387.70, 26543849, 456
2458, 13, 216, 378, 2, 0, 9.48%, 46, 0, 14, 10007.26, 26595989, 456
2463, 13, 27, 378, 2, 0, 9.48%, 46, 0, 14, 8927.51, 26639192, 456
2468, 13, 185, 378, 2, 0, 9.48%, 46, 0, 14, 7302.67, 26675866, 456
2474, 13, 377, 378, 2, 0, 9.48%, 46, 0, 14, 7070.57, 26696690, 456
2479, 13, 377, 378, 2, 0, 9.48%, 46, 0, 14, 7181.24, 26733085, 456
2484, 13, 376, 378, 1, 0, 9.48%, 46, 0, 14, 10996.07, 26795550, 456
2489, 13, 199, 378, 1, 0, 9.48%, 46, 0, 14, 9893.02, 26841579, 456
2494, 13, 236, 378, 1, 0, 9.48%, 46, 0, 14, 9626.25, 26892352, 456
2499, 13, 195, 378, 1, 0, 9.48%, 46, 0, 14, 8933.35, 26935473, 456
2504, 13, 373, 378, 1, 0, 9.48%, 47, 0, 14, 9494.71, 26988147, 456
2509, 13, 200, 378, 1, 0, 9.48%, 47, 0, 14, 7123.11, 27022105, 456
2514, 13, 332, 378, 1, 0, 9.48%, 47, 0, 14, 7063.78, 27056675, 456
2519, 13, 220, 378, 1, 0, 9.48%, 47, 0, 14, 7255.67, 27095362, 456
2524, 13, 3, 378, 1, 0, 9.48%, 47, 0, 14, 9383.10, 27140550, 456
2529, 13, 200, 378, 1, 0, 9.48%, 47, 0, 14, 9933.13, 27186013, 456
2534, 13, 223, 378, 1, 0, 9.48%, 47, 0, 14, 8735.18, 27230568, 456
2540, 13, 375, 378, 1, 0, 9.48%, 48, 0, 14, 5855.56, 27262949, 456
2545, 13, 29, 378, 0, 0, 9.48%, 48, 0, 14, 11091.92, 27324260, 456
2550, 13, 232, 378, 0, 0, 9.48%, 48, 0, 14, 8150.74, 27364141, 456
2555, 13, 247, 378, 0, 0, 9.48%, 48, 0, 14, 9870.24, 27413261, 456
2560, 13, 313, 378, 0, 0, 9.48%, 48, 0, 14, 10944.87, 27469158, 456
2565, 13, 232, 378, 0, 0, 9.48%, 48, 0, 14, 9222.29, 27516535, 456
2570, 13, 215, 378, 0, 0, 9.48%, 48, 0, 14, 9644.88, 27561597, 456
2575, 13, 171, 378, 0, 0, 9.48%, 48, 0, 14, 12371.39, 27631305, 456
2580, 13, 374, 378, 0, 0, 9.48%, 48, 0, 14, 13114.97, 27695837, 456
2585, 13, 267, 378, 0, 0, 9.48%, 48, 0, 14, 10127.10, 27740327, 456
2591, 13, 235, 378, 0, 0, 9.48%, 48, 0, 14, 11037.45, 27801393, 456
2596, 13, 370, 378, 0, 0, 9.48%, 48, 0, 14, 7860.19, 27836571, 456
2601, 13, 260, 378, 0, 0, 9.48%, 48, 0, 14, 9168.90, 27880075, 456
2606, 13, 60, 378, 0, 0, 9.48%, 48, 0, 14, 11854.35, 27946544, 456
2611, 13, 318, 378, 0, 0, 9.48%, 48, 0, 14, 9251.55, 27992915, 456
2616, 13, 372, 378, 0, 0, 9.48%, 48, 0, 14, 8287.37, 28034135, 456
2621, 13, 65, 378, 0, 0, 9.48%, 48, 0, 14, 9994.50, 28080160, 456
2626, 13, 367, 378, 0, 0, 9.48%, 48, 0, 14, 9322.95, 28124819, 456
2631, 13, 194, 378, 0, 0, 9.48%, 48, 0, 14, 8349.40, 28167303, 456
2636, 13, 271, 378, 0, 0, 9.48%, 48, 0, 14, 9941.98, 28214504, 456
2641, 13, 199, 378, 0, 0, 9.48%, 48, 0, 14, 8520.72, 28257695, 456
2646, 13, 194, 378, 0, 0, 9.48%, 48, 0, 14, 8879.01, 28302078, 456
2652, 14, 185, 378, 0, 0, 9.48%, 48, 0, 14, 9764.42, 28352031, 456
2657, 14, 374, 378, 0, 0, 9.48%, 48, 0, 14, 11364.85, 28408039, 456
2662, 14, 230, 378, 0, 0, 9.48%, 48, 0, 14, 9896.85, 28456673, 456
2667, 14, 27, 378, 0, 0, 9.48%, 48, 0, 14, 13353.65, 28525011, 456
2672, 14, 17, 378, 0, 0, 9.48%, 48, 0, 14, 13655.57, 28595937, 456
2677, 14, 217, 378, 0, 0, 9.48%, 48, 0, 14, 11693.66, 28657593, 456
2682, 14, 214, 378, 0, 0, 9.48%, 48, 0, 14, 8273.64, 28693224, 456
2687, 14, 371, 378, 0, 0, 9.48%, 48, 0, 14, 8670.87, 28735701, 456
2692, 14, 371, 378, 0, 0, 9.48%, 48, 0, 14, 7308.34, 28770929, 456
2697, 14, 65, 378, 0, 0, 9.48%, 48, 0, 14, 10280.04, 28826219, 456
2702, 14, 247, 378, 0, 0, 9.48%, 48, 0, 14, 10878.89, 28872974, 456
2707, 14, 373, 378, 0, 0, 9.48%, 48, 0, 14, 8423.69, 28917857, 456
2712, 14, 186, 378, 0, 0, 9.48%, 48, 0, 14, 7809.37, 28957255, 456
2718, 14, 229, 378, 0, 0, 9.48%, 48, 0, 14, 11554.96, 29025006, 456
2723, 14, 232, 378, 0, 0, 9.48%, 48, 0, 14, 10387.26, 29074765, 456
2728, 14, 141, 378, 0, 0, 9.48%, 48, 0, 14, 10689.41, 29123981, 456
2733, 14, 27, 378, 0, 0, 9.48%, 48, 0, 14, 12353.59, 29189463, 456
2738, 14, 208, 378, 0, 0, 9.48%, 48, 0, 14, 9683.23, 29238786, 456
2743, 14, 283, 378, 0, 0, 9.48%, 48, 0, 14, 10927.28, 29289892, 456
2748, 14, 137, 378, 0, 0, 9.48%, 48, 0, 14, 8513.95, 29328016, 456
2753, 14, 229, 378, 0, 0, 9.48%, 48, 0, 14, 8851.24, 29373251, 456
2758, 14, 141, 378, 0, 0, 9.48%, 48, 0, 14, 12189.65, 29434347, 456
2763, 14, 237, 378, 0, 0, 9.48%, 48, 0, 14, 11082.45, 29485181, 456
2768, 14, 327, 378, 0, 0, 9.48%, 48, 0, 14, 11662.74, 29540610, 456
2773, 14, 230, 378, 0, 0, 9.48%, 48, 0, 14, 12113.80, 29604107, 456
2779, 14, 54, 378, 0, 0, 9.48%, 48, 0, 14, 11030.53, 29651442, 456
2784, 14, 175, 378, 0, 0, 9.48%, 48, 0, 14, 9638.76, 29694545, 456
2789, 14, 371, 378, 0, 0, 9.48%, 48, 0, 14, 7642.48, 29731625, 456
2794, 14, 212, 378, 0, 0, 9.48%, 48, 0, 14, 8090.23, 29772823, 456
2799, 14, 335, 378, 0, 0, 9.48%, 48, 0, 14, 8940.57, 29821478, 456
2804, 14, 318, 378, 0, 0, 9.48%, 48, 0, 14, 9632.91, 29870637, 456
2809, 14, 208, 378, 0, 0, 9.48%, 48, 0, 14, 8644.66, 29915011, 456
2814, 14, 17, 378, 0, 0, 9.48%, 48, 0, 14, 11522.09, 29972519, 456
2819, 14, 17, 378, 0, 0, 9.48%, 48, 0, 14, 12332.27, 30030033, 456
2824, 14, 252, 378, 0, 0, 9.48%, 48, 0, 14, 9994.19, 30083459, 456
2829, 15, 27, 380, 2, 0, 9.48%, 48, 0, 14, 10621.45, 30136465, 456
2834, 15, 201, 380, 2, 0, 9.48%, 48, 0, 14, 8965.52, 30180301, 456
2839, 15, 260, 380, 2, 0, 9.48%, 48, 0, 14, 7569.34, 30216200, 456
2845, 15, 368, 380, 1, 0, 9.48%, 48, 0, 14, 10177.49, 30270795, 456
2850, 15, 233, 380, 1, 0, 9.48%, 48, 0, 14, 7731.63, 30308343, 456
2855, 15, 234, 380, 1, 0, 9.48%, 48, 0, 14, 8749.87, 30348849, 456
2860, 15, 375, 380, 1, 0, 9.48%, 48, 0, 14, 8291.64, 30388781, 456
2865, 15, 97, 380, 1, 0, 9.48%, 48, 0, 14, 8667.58, 30429451, 456
2870, 15, 48, 380, 1, 0, 9.48%, 48, 0, 14, 8894.00, 30472002, 456
2875, 15, 237, 380, 1, 0, 9.48%, 48, 0, 14, 9533.78, 30517022, 456
2880, 15, 194, 380, 1, 0, 9.48%, 48, 0, 14, 9392.24, 30563910, 456
2885, 15, 186, 380, 1, 0, 9.48%, 48, 0, 14, 9176.48, 30613505, 456
2890, 15, 65, 380, 0, 0, 9.48%, 48, 0, 14, 8466.95, 30654846, 456
2895, 15, 27, 380, 0, 0, 9.48%, 48, 0, 14, 11667.86, 30717795, 456
2900, 15, 239, 380, 0, 0, 9.48%, 48, 0, 14, 11343.12, 30771185, 456
2905, 15, 251, 380, 0, 0, 9.48%, 48, 0, 14, 12366.64, 30831312, 456
2910, 15, 196, 380, 0, 0, 9.48%, 48, 0, 14, 9206.59, 30878067, 456
2915, 15, 27, 380, 0, 0, 9.48%, 48, 0, 14, 9860.37, 30929064, 456
2920, 15, 17, 380, 0, 0, 9.48%, 48, 0, 14, 9757.37, 30982581, 456
2926, 15, 206, 380, 0, 0, 9.48%, 48, 0, 14, 9304.04, 31030672, 456
2931, 15, 316, 380, 0, 0, 9.48%, 48, 0, 14, 10823.05, 31088761, 456
2936, 15, 8, 380, 0, 0, 9.48%, 48, 0, 14, 9536.04, 31138988, 456
2941, 15, 370, 380, 0, 0, 9.48%, 48, 0, 14, 8523.32, 31184597, 456
2946, 15, 373, 380, 0, 0, 9.48%, 48, 0, 14, 9583.88, 31238170, 456
2951, 15, 32, 380, 0, 0, 9.48%, 48, 0, 14, 8316.15, 31275413, 456
2956, 15, 373, 380, 0, 0, 9.48%, 48, 0, 14, 7177.91, 31311584, 456
2961, 15, 2, 380, 0, 0, 9.48%, 48, 0, 14, 9087.60, 31356113, 456
2966, 15, 184, 380, 0, 0, 9.48%, 48, 0, 14, 11018.84, 31411276, 456
2971, 15, 247, 380, 0, 0, 9.48%, 48, 0, 14, 9322.02, 31451785, 456
2976, 15, 17, 380, 0, 0, 9.48%, 48, 0, 14, 10238.56, 31501730, 456
2981, 15, 65, 380, 0, 0, 9.48%, 48, 0, 14, 8927.18, 31547668, 456
2986, 15, 236, 380, 0, 0, 9.48%, 48, 0, 14, 10253.20, 31602890, 456
2991, 15, 213, 380, 0, 0, 9.48%, 48, 0, 14, 8469.58, 31643984, 456
2996, 15, 318, 380, 0, 0, 9.48%, 48, 0, 14, 8178.48, 31683109, 456
3002, 15, 201, 380, 0, 0, 9.48%, 48, 0, 14, 9413.26, 31734860, 456
3007, 15, 2, 380, 0, 0, 9.48%, 49, 0, 14, 8388.30, 31776404, 456
3012, 15, 186, 380, 0, 0, 9.48%, 49, 0, 14, 6986.14, 31811634, 456
3017, 15, 61, 380, 0, 0, 9.48%, 49, 0, 14, 12026.45, 31877670, 456
3022, 16, 238, 380, 0, 0, 9.48%, 49, 0, 14, 9606.71, 31928211, 456
3027, 16, 2, 380, 0, 0, 9.48%, 49, 0, 14, 12345.33, 31990692, 456
3032, 16, 208, 380, 0, 0, 9.48%, 49, 0, 14, 9390.05, 32036416, 456
3037, 16, 370, 380, 0, 0, 9.48%, 49, 0, 14, 7634.89, 32072772, 456
3042, 16, 336, 380, 0, 0, 9.48%, 49, 0, 14, 11062.49, 32133004, 456
3048, 16, 230, 380, 0, 0, 9.48%, 49, 0, 14, 8634.52, 32171540, 456
3053, 16, 193, 380, 0, 0, 9.48%, 49, 0, 14, 8575.26, 32216298, 456
3058, 16, 247, 380, 0, 0, 9.48%, 49, 0, 14, 11698.09, 32273106, 456
3063, 16, 204, 380, 0, 0, 9.48%, 49, 0, 14, 9385.11, 32319173, 456
3068, 16, 47, 380, 0, 0, 9.48%, 49, 0, 14, 10186.77, 32375942, 456
3073, 16, 183, 380, 0, 0, 9.48%, 49, 0, 14, 11029.45, 32440056, 456
3078, 16, 220, 380, 0, 0, 9.48%, 49, 0, 14, 9583.07, 32494136, 456
3083, 16, 48, 380, 0, 0, 9.48%, 49, 0, 14, 13140.53, 32563831, 456
3088, 16, 373, 380, 0, 0, 9.48%, 49, 0, 14, 8867.11, 32607249, 456
3093, 16, 270, 380, 0, 0, 9.48%, 49, 0, 14, 10003.47, 32657077, 456
3098, 16, 371, 380, 0, 0, 9.48%, 49, 0, 14, 9255.48, 32708886, 456
3104, 16, 27, 380, 0, 0, 9.48%, 49, 0, 14, 8211.48, 32746942, 456
3109, 16, 217, 380, 0, 0, 9.48%, 49, 0, 14, 7674.46, 32786622, 456
3114, 16, 318, 380, 0, 0, 9.48%, 49, 0, 14, 8987.57, 32831310, 456
3119, 16, 170, 380, 0, 0, 9.48%, 49, 0, 14, 7836.18, 32870239, 456
3124, 16, 2, 380, 0, 0, 9.48%, 49, 0, 14, 10472.70, 32923874, 456
3129, 16, 149, 380, 0, 0, 9.48%, 49, 0, 14, 9054.23, 32972674, 456
3134, 16, 169, 380, 0, 0, 9.48%, 49, 0, 14, 11509.48, 33036715, 456
3139, 16, 191, 380, 0, 0, 9.48%, 49, 0, 14, 10271.47, 33093451, 456
3144, 16, 68, 380, 0, 0, 9.48%, 49, 0, 14, 12352.64, 33159335, 456
3149, 16, 17, 380, 0, 0, 9.48%, 49, 0, 14, 10275.09, 33210502, 456
3154, 16, 196, 380, 0, 0, 9.48%, 49, 0, 14, 9366.21, 33264837, 456
3160, 16, 187, 380, 0, 0, 9.48%, 49, 0, 14, 8823.80, 33309551, 456
3165, 16, 194, 380, 0, 0, 9.48%, 49, 0, 14, 10167.76, 33360556, 456
3170, 16, 373, 380, 0, 0, 9.48%, 49, 0, 14, 7669.90, 33396940, 456
3175, 16, 214, 380, 0, 0, 9.48%, 49, 0, 14, 9652.67, 33444498, 456
3180, 16, 215, 380, 0, 0, 9.48%, 49, 0, 14, 9391.02, 33488670, 456
3185, 16, 345, 380, 0, 0, 9.48%, 49, 0, 14, 12041.84, 33554354, 456
3190, 16, 183, 380, 0, 0, 9.48%, 49, 0, 14, 9458.84, 33601983, 456
3195, 17, 221, 380, 0, 0, 9.48%, 49, 0, 14, 8485.85, 33651525, 456
3200, 17, 17, 380, 0, 0, 9.48%, 49, 0, 14, 11333.84, 33707520, 456
3205, 17, 341, 380, 0, 0, 9.48%, 49, 0, 14, 11778.58, 33773847, 456
3210, 17, 213, 380, 0, 0, 9.48%, 49, 0, 14, 8645.59, 33815631, 456
3216, 17, 231, 380, 0, 0, 9.48%, 49, 0, 14, 7690.86, 33856035, 456
3221, 17, 77, 380, 0, 0, 9.48%, 49, 0, 14, 8030.57, 33900544, 456
3226, 17, 238, 380, 0, 0, 9.48%, 49, 0, 14, 10157.21, 33954362, 456
3231, 17, 27, 380, 0, 0, 9.48%, 49, 0, 14, 10860.16, 34004226, 456
3236, 17, 370, 380, 0, 0, 9.48%, 49, 0, 14, 8594.56, 34048095, 456
3241, 17, 373, 380, 0, 0, 9.48%, 49, 0, 14, 7616.92, 34088241, 456
3246, 17, 188, 380, 0, 0, 9.48%, 49, 0, 14, 6985.58, 34122790, 456
3251, 17, 32, 380, 0, 0, 9.48%, 49, 0, 14, 11184.58, 34186774, 456
3256, 17, 188, 380, 0, 0, 9.48%, 49, 0, 14, 8488.74, 34228429, 456
3261, 17, 2, 380, 0, 0, 9.48%, 49, 0, 14, 9778.51, 34281568, 456
3267, 17, 370, 380, 0, 0, 9.48%, 49, 0, 14, 9417.76, 34334056, 456
3272, 17, 77, 380, 0, 0, 9.48%, 49, 0, 14, 11350.31, 34385654, 456
3277, 17, 371, 380, 0, 0, 9.48%, 49, 0, 14, 11760.39, 34448890, 456
3282, 17, 341, 380, 0, 0, 9.48%, 49, 0, 14, 8419.50, 34486352, 456
3287, 17, 60, 380, 0, 0, 9.48%, 49, 0, 14, 7954.98, 34530033, 456
3292, 17, 65, 380, 0, 0, 9.48%, 49, 0, 14, 10131.91, 34575942, 456
3297, 17, 271, 380, 0, 0, 9.48%, 49, 0, 14, 11169.98, 34635810, 456
3302, 17, 373, 380, 0, 0, 9.48%, 49, 0, 14, 8866.96, 34683502, 456
3307, 17, 77, 380, 0, 0, 9.48%, 49, 0, 14, 7692.17, 34721055, 456
3312, 17, 237, 380, 0, 0, 9.48%, 49, 0, 14, 10254.56, 34775133, 456
3317, 17, 206, 380, 0, 0, 9.48%, 49, 0, 14, 10101.37, 34823669, 456
3322, 17, 213, 380, 0, 0, 9.48%, 49, 0, 14, 8168.20, 34861791, 456
3327, 17, 372, 380, 0, 0, 9.48%, 49, 0, 14, 8255.40, 34905812, 456
3333, 17, 220, 380, 0, 0, 9.48%, 49, 0, 14, 7473.41, 34943790, 456
3338, 17, 236, 380, 0, 0, 9.48%, 49, 0, 14, 8202.64, 34987492, 456
3343, 17, 232, 380, 0, 0, 9.48%, 49, 0, 14, 9654.21, 35042216, 456
3348, 17, 371, 380, 0, 0, 9.48%, 49, 0, 14, 7695.77, 35080130, 456
3353, 17, 32, 380, 0, 0, 9.48%, 49, 0, 14, 9492.37, 35128529, 456
3358, 17, 260, 380, 0, 0, 9.48%, 49, 0, 14, 11282.08, 35188308, 456
3363, 17, 238, 380, 0, 0, 9.48%, 49, 0, 14, 9353.99, 35237317, 456
3368, 17, 65, 380, 0, 0, 9.48%, 49, 0, 14, 10586.47, 35288498, 456
3373, 17, 176, 380, 0, 0, 9.48%, 49, 0, 14, 8027.97, 35324762, 456
3378, 17, 233, 380, 0, 0, 9.48%, 49, 0, 14, 8134.07, 35368138, 456
3383, 18, 185, 380, 0, 0, 9.48%, 49, 0, 14, 7586.84, 35404369, 456
3388, 18, 247, 380, 0, 0, 9.48%, 49, 0, 14, 10224.02, 35453804, 456
3393, 18, 221, 380, 0, 0, 9.48%, 49, 0, 14, 10172.93, 35511758, 456
3399, 18, 27, 380, 0, 0, 9.48%, 49, 0, 14, 13052.32, 35576823, 456
3404, 18, 240, 380, 0, 0, 9.48%, 49, 0, 14, 9731.09, 35618157, 456
3409, 18, 188, 380, 0, 0, 9.48%, 49, 0, 14, 10206.05, 35668749, 456
3414, 18, 309, 380, 0, 0, 9.48%, 49, 0, 14, 8160.82, 35707805, 456
3419, 18, 17, 380, 0, 0, 9.48%, 49, 0, 14, 11674.69, 35763785, 456
3424, 18, 194, 380, 0, 0, 9.48%, 49, 0, 14, 11465.35, 35827318, 456
3429, 18, 214, 380, 0, 0, 9.48%, 49, 0, 14, 11347.34, 35884306, 456
3434, 18, 373, 380, 0, 0, 9.48%, 49, 0, 14, 8214.24, 35922648, 456
3439, 18, 373, 380, 0, 0, 9.48%, 49, 0, 14, 8322.80, 35963428, 456
3444, 18, 65, 380, 0, 0, 9.48%, 49, 0, 14, 7445.55, 35999128, 456
3449, 18, 65, 380, 0, 0, 9.48%, 49, 0, 14, 9369.78, 36050554, 456
3454, 18, 369, 380, 0, 0, 9.48%, 49, 0, 14, 9414.68, 36099786, 456
3459, 18, 190, 380, 0, 0, 9.48%, 49, 0, 14, 8883.23, 36143476, 456
3464, 18, 372, 380, 0, 0, 9.48%, 49, 0, 14, 8066.92, 36183768, 456
3469, 18, 331, 380, 0, 0, 9.48%, 49, 0, 14, 9720.39, 36234151, 456
3475, 18, 189, 380, 0, 0, 9.48%, 49, 0, 14, 9034.11, 36278746, 456
3480, 18, 372, 380, 0, 0, 9.48%, 49, 0, 14, 8206.31, 36320211, 456
3485, 18, 181, 380, 0, 0, 9.48%, 49, 0, 14, 8883.30, 36365730, 456
3490, 18, 234, 380, 0, 0, 9.48%, 49, 0, 14, 10436.52, 36425177, 456
3495, 18, 242, 380, 0, 0, 9.48%, 49, 0, 14, 9778.97, 36467251, 456
3500, 18, 44, 380, 0, 0, 9.48%, 49, 0, 14, 10060.88, 36513135, 456
3505, 18, 237, 380, 0, 0, 9.48%, 49, 0, 14, 9913.76, 36571026, 456
3510, 18, 185, 380, 0, 0, 9.48%, 49, 0, 14, 8801.84, 36615075, 456
3515, 18, 319, 380, 0, 0, 9.48%, 49, 0, 14, 11752.91, 36675297, 456
3520, 18, 2, 380, 0, 0, 9.48%, 49, 0, 14, 11456.08, 36733424, 456
3525, 18, 379, 380, 0, 0, 9.48%, 49, 0, 14, 11308.69, 36789152, 456
3530, 18, 332, 380, 0, 0, 9.48%, 49, 0, 14, 9496.58, 36837576, 456
3535, 18, 228, 380, 0, 0, 9.48%, 49, 0, 14, 7878.77, 36876148, 456
3540, 18, 37, 380, 0, 0, 9.48%, 49, 0, 14, 9515.08, 36924094, 456
3545, 18, 184, 380, 0, 0, 9.48%, 49, 0, 14, 10339.37, 36978976, 456
3550, 18, 191, 380, 0, 0, 9.48%, 49, 0, 14, 8737.69, 37024018, 456
3556, 18, 251, 380, 0, 0, 9.48%, 49, 0, 14, 7596.85, 37061946, 456
3561, 18, 196, 380, 0, 0, 9.48%, 49, 0, 14, 7993.10, 37107014, 456
3566, 18, 371, 380, 0, 0, 9.48%, 49, 0, 14, 7441.63, 37146387, 456
3571, 18, 335, 380, 0, 0, 9.48%, 49, 0, 14, 8045.77, 37187088, 456
3576, 18, 373, 380, 0, 0, 9.48%, 49, 0, 14, 7386.03, 37225052, 456
3581, 18, 373, 380, 0, 0, 9.48%, 49, 0, 14, 7008.04, 37259748, 456
3586, 19, 171, 380, 0, 0, 9.48%, 49, 0, 14, 8026.06, 37300518, 456
3591, 19, 196, 380, 0, 0, 9.48%, 49, 0, 14, 10654.79, 37354258, 456
3596, 19, 141, 380, 0, 0, 9.48%, 49, 0, 14, 8957.82, 37397822, 456
3601, 19, 368, 380, 0, 0, 9.48%, 49, 0, 14, 9563.47, 37447282, 456
3606, 19, 223, 380, 0, 0, 9.48%, 49, 0, 14, 9043.53, 37492402, 456
3611, 19, 65, 380, 0, 0, 9.48%, 49, 0, 14, 10530.03, 37543765, 456
3617, 19, 190, 380, 0, 0, 9.48%, 49, 0, 14, 9521.34, 37593684, 456
3622, 19, 191, 380, 0, 0, 9.48%, 49, 0, 14, 9130.28, 37638608, 456
3627, 19, 207, 380, 0, 0, 9.48%, 49, 0, 14, 9924.58, 37690550, 456
3632, 19, 47, 380, 0, 0, 9.48%, 49, 0, 14, 10376.54, 37739758, 456
3637, 19, 322, 380, 0, 0, 9.48%, 49, 0, 14, 8445.79, 37779175, 456
3642, 19, 213, 380, 0, 0, 9.48%, 49, 0, 14, 9913.29, 37834236, 456
3647, 19, 372, 380, 0, 0, 9.48%, 49, 0, 14, 9765.08, 37885982, 456
3652, 19, 182, 380, 0, 0, 9.48%, 49, 0, 14, 10535.76, 37934492, 456
3657, 19, 77, 380, 0, 0, 9.48%, 49, 0, 14, 12199.74, 37992526, 456
3662, 19, 377, 380, 0, 0, 9.48%, 49, 0, 14, 9154.56, 38039710, 456
3667, 19, 373, 380, 0, 0, 9.48%, 49, 0, 14, 8912.08, 38082428, 456
3672, 19, 373, 380, 0, 0, 9.48%, 49, 0, 14, 7371.79, 38117516, 456
3677, 19, 242, 380, 0, 0, 9.48%, 49, 0, 14, 10684.71, 38174034, 456
3683, 19, 369, 380, 0, 0, 9.48%, 49, 0, 14, 11044.41, 38235607, 456
3688, 19, 334, 380, 0, 0, 9.48%, 49, 0, 14, 12203.22, 38297608, 456
3693, 19, 207, 380, 0, 0, 9.48%, 49, 0, 14, 10619.55, 38356892, 456
3698, 19, 233, 380, 0, 0, 9.48%, 49, 0, 14, 10264.13, 38414228, 456
3703, 19, 200, 380, 0, 0, 9.48%, 49, 0, 14, 9980.28, 38463562, 456
3708, 19, 169, 380, 0, 0, 9.48%, 49, 0, 14, 11074.95, 38517180, 456
3713, 19, 186, 380, 0, 0, 9.48%, 49, 0, 14, 10068.53, 38573253, 456
3718, 19, 335, 380, 0, 0, 9.48%, 49, 0, 14, 9007.23, 38617012, 456
3723, 19, 176, 380, 0, 0, 9.48%, 49, 0, 14, 8784.89, 38663400, 456
3728, 19, 205, 380, 0, 0, 9.48%, 49, 0, 14, 9759.41, 38714422, 456
3733, 19, 251, 380, 0, 0, 9.48%, 49, 0, 14, 9992.35, 38766842, 456
3738, 19, 377, 380, 0, 0, 9.48%, 49, 0, 14, 10262.46, 38825831, 456
3744, 19, 377, 380, 0, 0, 9.48%, 49, 0, 14, 7770.38, 38862115, 456
3749, 19, 234, 380, 0, 0, 9.48%, 49, 0, 14, 9498.35, 38909898, 456
3754, 19, 349, 380, 0, 0, 9.48%, 49, 0, 14, 8843.79, 38952134, 456
3759, 19, 188, 380, 0, 0, 9.48%, 49, 0, 14, 8777.36, 38997508, 456
3764, 20, 27, 380, 0, 0, 9.48%, 49, 0, 14, 10579.74, 39050591, 456
3769, 20, 372, 380, 0, 0, 9.48%, 49, 0, 14, 8636.29, 39090958, 456
3774, 20, 27, 380, 0, 0, 9.48%, 49, 0, 14, 8120.22, 39128725, 456
3779, 20, 373, 380, 0, 0, 9.48%, 49, 0, 14, 8538.59, 39177554, 456
3784, 20, 238, 380, 0, 0, 9.48%, 49, 0, 14, 8417.65, 39217686, 456
3789, 20, 372, 380, 0, 0, 9.48%, 49, 0, 14, 10024.92, 39268032, 456
3794, 20, 251, 380, 0, 0, 9.48%, 49, 0, 14, 8358.91, 39306247, 456
3799, 20, 27, 380, 0, 0, 9.48%, 49, 0, 14, 8407.39, 39345015, 456
3804, 20, 360, 380, 0, 0, 9.48%, 49, 0, 14, 9207.29, 39393886, 456
3809, 20, 350, 380, 0, 0, 9.48%, 49, 0, 14, 8096.29, 39435332, 456
3814, 20, 160, 380, 0, 0, 9.48%, 49, 0, 14, 9220.15, 39489380, 456
3819, 20, 208, 380, 0, 0, 9.48%, 49, 0, 14, 9417.29, 39544582, 456
3825, 20, 326, 380, 0, 0, 9.48%, 49, 0, 14, 12599.58, 39612479, 456
3830, 20, 344, 380, 0, 0, 9.48%, 49, 0, 14, 12154.53, 39674648, 456
3835, 20, 371, 380, 0, 0, 9.48%, 49, 0, 14, 8044.88, 39710532, 456
3840, 20, 247, 380, 0, 0, 9.48%, 49, 0, 14, 9126.85, 39756392, 456
3845, 20, 191, 380, 0, 0, 9.48%, 49, 0, 14, 7945.41, 39800193, 456
3850, 20, 221, 380, 0, 0, 9.48%, 49, 0, 14, 7298.00, 39841540, 456
3855, 20, 182, 380, 0, 0, 9.48%, 49, 0, 14, 9276.65, 39889732, 456
3860, 20, 233, 380, 0, 0, 9.48%, 49, 0, 14, 8569.97, 39931974, 456
3866, 20, 218, 380, 0, 0, 9.48%, 49, 0, 14, 7411.07, 39969614, 456
3871, 20, 370, 380, 0, 0, 9.48%, 49, 0, 14, 8239.35, 40012316, 456
3876, 20, 247, 380, 0, 0, 9.48%, 49, 0, 14, 10349.50, 40063402, 456
3881, 20, 372, 380, 0, 0, 9.48%, 49, 0, 14, 9753.32, 40118074, 456
3886, 20, 370, 380, 0, 0, 9.48%, 49, 0, 14, 8792.31, 40159294, 456
3891, 20, 231, 380, 0, 0, 9.48%, 49, 0, 14, 8683.72, 40200174, 456
3896, 20, 333, 380, 0, 0, 9.48%, 49, 0, 14, 9682.61, 40251041, 456
3901, 20, 332, 380, 0, 0, 9.48%, 49, 0, 14, 8806.84, 40294597, 456
3906, 20, 27, 380, 0, 0, 9.48%, 49, 0, 14, 8467.28, 40339002, 456
3911, 20, 206, 380, 0, 0, 9.48%, 49, 0, 14, 9729.10, 40394556, 456
3916, 20, 89, 380, 0, 0, 9.48%, 49, 0, 14, 8824.06, 40442553, 456
3921, 20, 154, 380, 0, 0, 9.48%, 49, 0, 14, 11985.12, 40500752, 456
3926, 20, 371, 380, 0, 0, 9.48%, 49, 0, 14, 8638.76, 40543614, 456
3931, 20, 57, 380, 0, 0, 9.48%, 49, 0, 14, 9098.54, 40585536, 456
3937, 20, 17, 380, 0, 0, 9.48%, 49, 0, 14, 13255.48, 40660968, 456
3942, 20, 182, 380, 0, 0, 9.48%, 49, 0, 14, 11526.59, 40720030, 456
3947, 20, 3, 380, 0, 0, 9.48%, 49, 0, 14, 11267.93, 40772256, 456
3952, 21, 372, 380, 0, 0, 9.48%, 49, 0, 14, 10176.18, 40828387, 456
3957, 21, 214, 380, 0, 0, 9.48%, 49, 0, 14, 9125.31, 40870584, 456
3962, 21, 230, 380, 0, 0, 9.48%, 49, 0, 14, 9475.83, 40920979, 456
3967, 21, 27, 380, 0, 0, 9.48%, 49, 0, 14, 10623.24, 40979330, 456
3972, 21, 183, 380, 0, 0, 9.48%, 49, 0, 14, 10684.07, 41031732, 456
3977, 21, 332, 380, 0, 0, 9.48%, 49, 0, 14, 8968.05, 41076721, 456
3982, 21, 230, 380, 0, 0, 9.48%, 49, 0, 14, 8959.88, 41122424, 456
3987, 21, 362, 380, 0, 0, 9.48%, 49, 0, 14, 10870.41, 41179252, 456
3993, 21, 219, 380, 0, 0, 9.48%, 49, 0, 14, 8544.77, 41221593, 456
3998, 21, 332, 380, 0, 0, 9.48%, 49, 0, 14, 8248.17, 41262266, 456
4003, 21, 189, 380, 0, 0, 9.48%, 49, 0, 14, 10830.91, 41320486, 456
4008, 21, 333, 380, 0, 0, 9.48%, 49, 0, 14, 8316.34, 41359690, 456
4013, 21, 375, 380, 0, 0, 9.48%, 49, 0, 14, 12051.87, 41419334, 456
4018, 21, 194, 380, 0, 0, 9.48%, 49, 0, 14, 8496.05, 41458182, 456
4023, 21, 44, 380, 0, 0, 9.48%, 49, 0, 14, 8130.42, 41497810, 456
4028, 21, 318, 380, 0, 0, 9.48%, 49, 0, 14, 10689.92, 41555434, 456
4033, 21, 220, 380, 0, 0, 9.48%, 49, 0, 14, 7820.71, 41593718, 456
4039, 21, 180, 380, 0, 0, 9.48%, 49, 0, 14, 8360.22, 41636736, 456
4044, 21, 373, 380, 0, 0, 9.48%, 49, 0, 14, 7594.34, 41677857, 456
4049, 21, 373, 380, 0, 0, 9.48%, 50, 0, 14, 6985.96, 41711702, 456
4054, 21, 251, 380, 0, 0, 9.48%, 50, 0, 14, 11392.60, 41775276, 456
4059, 21, 373, 380, 0, 0, 9.48%, 50, 0, 14, 7995.98, 41813130, 456
4064, 21, 228, 380, 0, 0, 9.48%, 50, 0, 14, 10520.96, 41868865, 456
4069, 21, 222, 380, 0, 0, 9.48%, 50, 0, 14, 8689.69, 41908408, 456
4074, 21, 370, 380, 0, 0, 9.48%, 50, 0, 14, 7760.69, 41944397, 456
4080, 21, 374, 380, 0, 0, 9.48%, 50, 0, 14, 8332.55, 41985884, 456
4085, 21, 2, 380, 0, 0, 9.48%, 50, 0, 14, 8504.32, 42025541, 456
4090, 21, 181, 380, 0, 0, 9.48%, 50, 0, 14, 8685.60, 42073457, 456
4095, 21, 257, 380, 0, 0, 9.48%, 50, 0, 14, 11918.11, 42131604, 456
4100, 21, 251, 380, 0, 0, 9.48%, 50, 0, 14, 11587.04, 42188357, 456
4105, 21, 368, 380, 0, 0, 9.48%, 50, 0, 14, 9943.44, 42234844, 456
4110, 21, 171, 380, 0, 0, 9.48%, 50, 0, 14, 11333.92, 42292296, 456
4115, 21, 247, 380, 0, 0, 9.48%, 50, 0, 14, 11979.76, 42350662, 456
4120, 21, 223, 380, 0, 0, 9.48%, 50, 0, 14, 8881.83, 42394292, 456
4125, 21, 48, 380, 0, 0, 9.48%, 50, 0, 14, 7702.72, 42429803, 456
4130, 21, 205, 380, 0, 0, 9.48%, 50, 0, 14, 7154.65, 42466439, 456
4135, 21, 236, 380, 0, 0, 9.48%, 50, 0, 14, 8049.85, 42509057, 456
4140, 21, 168, 380, 0, 0, 9.48%, 50, 0, 14, 7907.13, 42549096, 456
4146, 21, 77, 380, 0, 0, 9.48%, 50, 0, 14, 11420.54, 42613058, 456
4151, 21, 197, 380, 0, 0, 9.48%, 50, 0, 14, 9914.86, 42661658, 456
4156, 22, 188, 381, 1, 0, 9.48%, 50, 0, 14, 8738.97, 42705577, 456
4161, 22, 188, 381, 1, 0, 9.48%, 50, 0, 14, 7251.81, 42740992, 456
4166, 22, 257, 381, 1, 0, 9.48%, 50, 0, 14, 11649.65, 42801803, 456
4171, 22, 251, 381, 1, 0, 9.48%, 50, 0, 14, 9112.18, 42845149, 456
4176, 22, 180, 381, 1, 0, 9.48%, 50, 0, 14, 10734.11, 42897136, 456
4181, 22, 144, 381, 1, 0, 9.48%, 50, 0, 14, 8955.82, 42942359, 456
4186, 22, 270, 381, 1, 0, 9.48%, 50, 0, 14, 11864.03, 43001379, 456
4191, 22, 229, 381, 1, 0, 9.48%, 50, 0, 14, 10552.36, 43056739, 456
4196, 22, 372, 381, 1, 0, 9.48%, 50, 0, 14, 8162.23, 43096547, 456
4201, 22, 228, 381, 1, 0, 9.48%, 50, 0, 14, 8746.26, 43140341, 456
4206, 22, 200, 381, 1, 0, 9.48%, 50, 0, 14, 9175.05, 43187539, 456
4212, 22, 319, 381, 1, 0, 9.48%, 50, 0, 14, 10859.23, 43245223, 456
4217, 22, 65, 381, 1, 0, 9.48%, 50, 0, 14, 9677.61, 43293149, 456
4222, 22, 247, 381, 1, 0, 9.48%, 50, 0, 14, 10677.88, 43347269, 456
4227, 22, 201, 381, 1, 0, 9.48%, 50, 0, 14, 9204.48, 43393251, 456
4232, 22, 228, 381, 1, 0, 9.48%, 50, 0, 14, 11980.87, 43451796, 456
4237, 22, 371, 381, 1, 0, 9.48%, 50, 0, 14, 8350.90, 43490917, 456
4242, 22, 251, 381, 1, 0, 9.48%, 50, 0, 14, 8272.93, 43531817, 456
4247, 22, 200, 381, 1, 0, 9.48%, 50, 0, 14, 9388.44, 43583991, 456
4252, 22, 213, 381, 1, 0, 9.48%, 50, 0, 14, 9495.77, 43632317, 456
4257, 22, 65, 381, 1, 0, 9.48%, 50, 0, 14, 10194.48, 43678370, 456
4262, 22, 193, 381, 1, 0, 9.48%, 50, 0, 14, 10906.70, 43740249, 456
4268, 22, 213, 381, 1, 0, 9.48%, 50, 0, 14, 9110.90, 43783309, 456
4273, 22, 201, 381, 1, 0, 9.48%, 50, 0, 14, 10370.98, 43833147, 456
4278, 22, 345, 381, 1, 0, 9.48%, 50, 0, 14, 9239.69, 43879957, 456
4283, 22, 186, 381, 1, 0, 9.48%, 50, 0, 14, 7935.65, 43920443, 456
4288, 22, 189, 381, 1, 0, 9.48%, 50, 0, 14, 8841.30, 43969171, 456
4293, 22, 221, 381, 1, 0, 9.48%, 50, 0, 14, 10674.72, 44030073, 456
4298, 22, 27, 381, 1, 0, 9.48%, 50, 0, 14, 10733.45, 44077416, 456
4303, 22, 380, 381, 1, 0, 9.48%, 50, 0, 14, 9143.91, 44123548, 456
4308, 22, 360, 381, 0, 0, 9.48%, 50, 0, 14, 12760.40, 44192998, 456
4314, 22, 219, 381, 0, 0, 9.48%, 50, 0, 14, 9824.55, 44239102, 456
4319, 22, 178, 381, 0, 0, 9.48%, 50, 0, 14, 8680.54, 44278330, 456
4324, 22, 235, 381, 0, 0, 9.48%, 50, 0, 14, 11780.12, 44345132, 456
4329, 23, 77, 381, 0, 0, 9.48%, 50, 0, 14, 10802.39, 44391464, 456
4334, 23, 141, 381, 0, 0, 9.48%, 50, 0, 14, 11106.72, 44444908, 456
4339, 23, 373, 381, 0, 0, 9.48%, 50, 0, 14, 7991.32, 44483589, 456
4344, 23, 335, 381, 0, 0, 9.48%, 50, 0, 14, 7306.75, 44519529, 456
4349, 23, 256, 381, 0, 0, 9.48%, 50, 0, 14, 9752.50, 44569690, 456
4354, 23, 186, 381, 0, 0, 9.48%, 50, 0, 14, 7913.46, 44613032, 456
4359, 23, 238, 381, 0, 0, 9.48%, 50, 0, 14, 8099.27, 44653496, 456
4364, 23, 107, 381, 0, 0, 9.48%, 50, 0, 14, 9724.10, 44703140, 456
4370, 23, 77, 381, 0, 0, 9.48%, 50, 0, 14, 10027.94, 44755024, 456
4375, 23, 333, 381, 0, 0, 9.48%, 50, 0, 14, 9420.33, 44799802, 456
4380, 23, 168, 381, 0, 0, 9.48%, 50, 0, 14, 9693.09, 44844923, 456
4385, 23, 195, 381, 0, 0, 9.48%, 50, 0, 14, 9669.33, 44890904, 456
4390, 23, 372, 381, 0, 0, 9.48%, 50, 0, 14, 8047.88, 44930430, 456
4395, 23, 233, 381, 0, 0, 9.48%, 50, 0, 14, 8739.10, 44975528, 456
4400, 23, 66, 381, 0, 0, 9.48%, 50, 0, 14, 8758.70, 45018308, 456
4405, 23, 238, 381, 0, 0, 9.48%, 50, 0, 14, 7771.51, 45056650, 456
4410, 23, 352, 381, 0, 0, 9.48%, 50, 0, 14, 9452.06, 45102720, 456
4415, 23, 65, 381, 0, 0, 9.48%, 50, 0, 14, 10499.14, 45149806, 456
4420, 23, 247, 381, 0, 0, 9.48%, 50, 0, 14, 9590.26, 45194677, 456
4425, 23, 340, 381, 0, 0, 9.48%, 50, 0, 14, 10056.62, 45249794, 456
4430, 23, 17, 381, 0, 0, 9.48%, 50, 0, 14, 10278.20, 45294948, 456
4435, 23, 205, 381, 0, 0, 9.48%, 50, 0, 14, 8319.40, 45334872, 456
4441, 23, 377, 381, 0, 0, 9.48%, 50, 0, 14, 11784.28, 45397196, 456
4446, 23, 377, 381, 0, 0, 9.48%, 50, 0, 14, 8076.37, 45433824, 456
4451, 23, 180, 381, 0, 0, 9.48%, 50, 0, 14, 7040.68, 45468103, 456
4456, 23, 27, 381, 0, 0, 9.48%, 50, 0, 14, 10453.05, 45528942, 456
4461, 23, 374, 381, 0, 0, 9.48%, 50, 0, 14, 9166.21, 45575305, 456
4466, 23, 189, 381, 0, 0, 9.48%, 50, 0, 14, 10754.21, 45634080, 456
4471, 23, 335, 381, 0, 0, 9.48%, 50, 0, 14, 10932.98, 45692422, 456
4476, 23, 65, 381, 0, 0, 9.48%, 50, 0, 14, 11604.37, 45748062, 456
4481, 23, 371, 381, 0, 0, 9.48%, 50, 0, 14, 10678.40, 45807982, 456
4487, 23, 48, 381, 0, 0, 9.48%, 50, 0, 14, 10019.09, 45852050, 456
4492, 23, 201, 381, 0, 0, 9.48%, 50, 0, 14, 11431.24, 45912718, 456
4497, 23, 247, 381, 0, 0, 9.48%, 50, 0, 14, 9502.74, 45954724, 456
4502, 23, 65, 381, 0, 0, 9.48%, 50, 0, 14, 10176.26, 46005419, 456
4507, 23, 207, 381, 0, 0, 9.48%, 50, 0, 14, 9556.65, 46058943, 456
4512, 23, 196, 381, 0, 0, 9.48%, 50, 0, 14, 7378.75, 46093283, 456
4517, 23, 251, 381, 0, 0, 9.48%, 50, 0, 14, 9646.98, 46146702, 456
4522, 23, 237, 381, 0, 0, 9.48%, 50, 0, 14, 8361.73, 46191036, 456
4528, 23, 218, 381, 0, 0, 9.48%, 50, 0, 14, 8339.02, 46236316, 456
4533, 23, 77, 381, 0, 0, 9.48%, 50, 0, 14, 9039.07, 46282044, 456
4538, 24, 214, 381, 0, 0, 9.48%, 50, 0, 14, 8504.67, 46324960, 456
4543, 24, 229, 381, 0, 0, 9.48%, 50, 0, 14, 9379.00, 46377354, 456
4548, 24, 190, 381, 0, 0, 9.48%, 50, 0, 14, 8174.83, 46418253, 456
4553, 24, 230, 381, 0, 0, 9.48%, 50, 0, 14, 10048.79, 46478800, 456
4558, 24, 220, 381, 0, 0, 9.48%, 50, 0, 14, 9824.84, 46530667, 456
4563, 24, 78, 381, 0, 0, 9.48%, 50, 0, 14, 10123.21, 46574996, 456
4568, 24, 47, 381, 0, 0, 9.48%, 50, 0, 14, 9709.38, 46621603, 456
4573, 24, 247, 381, 0, 0, 9.48%, 50, 0, 14, 11776.39, 46678998, 456
4578, 24, 220, 381, 0, 0, 9.48%, 50, 0, 14, 10424.77, 46726014, 456
4583, 24, 221, 381, 0, 0, 9.48%, 50, 0, 14, 9972.84, 46773656, 456
4589, 24, 87, 381, 0, 0, 9.48%, 50, 0, 14, 10755.02, 46820316, 456
4594, 24, 228, 381, 0, 0, 9.48%, 50, 0, 14, 9144.09, 46864350, 456
4599, 24, 77, 381, 0, 0, 9.48%, 50, 0, 14, 12158.94, 46924860, 456
4604, 24, 231, 381, 0, 0, 9.48%, 50, 0, 14, 12251.37, 46985948, 456
4609, 24, 154, 381, 0, 0, 9.48%, 50, 0, 14, 8389.10, 47022590, 456
4614, 24, 373, 381, 0, 0, 9.48%, 50, 0, 14, 7987.12, 47063460, 456
4619, 24, 188, 381, 0, 0, 9.48%, 50, 0, 14, 7088.77, 47098036, 456
4624, 24, 228, 381, 0, 0, 9.48%, 50, 0, 14, 8545.05, 47143178, 456
4629, 24, 207, 381, 0, 0, 9.48%, 50, 0, 14, 9140.18, 47189742, 456
4634, 24, 219, 381, 0, 0, 9.48%, 50, 0, 14, 11745.92, 47248336, 456
4640, 24, 183, 381, 0, 0, 9.48%, 50, 0, 14, 9834.37, 47292084, 456
4645, 24, 317, 381, 0, 0, 9.48%, 50, 0, 14, 8090.89, 47328622, 456
4650, 24, 32, 381, 0, 0, 9.48%, 50, 0, 14, 10437.85, 47382484, 456
4655, 24, 372, 381, 0, 0, 9.48%, 50, 0, 14, 7936.40, 47419366, 456
4660, 24, 27, 381, 0, 0, 9.48%, 50, 0, 14, 11910.70, 47477978, 456
4665, 24, 193, 381, 0, 0, 9.48%, 50, 0, 14, 10018.42, 47532138, 456
4670, 24, 370, 381, 0, 0, 9.48%, 50, 0, 14, 12030.72, 47597762, 456
4675, 24, 269, 381, 0, 0, 9.48%, 50, 0, 14, 9073.49, 47638090, 456
4680, 24, 2, 381, 0, 0, 9.48%, 50, 0, 14, 12307.13, 47704084, 456
4686, 24, 159, 381, 0, 0, 9.48%, 50, 0, 14, 9358.54, 47749986, 456
4691, 24, 373, 381, 0, 0, 9.48%, 50, 0, 14, 8263.70, 47794777, 456
4696, 24, 231, 381, 0, 0, 9.48%, 50, 0, 14, 8199.68, 47834542, 456
4701, 24, 189, 381, 0, 0, 9.48%, 50, 0, 14, 8420.33, 47880232, 456
4706, 24, 247, 381, 0, 0, 9.48%, 50, 0, 14, 11959.50, 47941784, 456
4711, 24, 2, 381, 0, 0, 9.48%, 50, 0, 14, 9988.56, 47990370, 456
4716, 24, 302, 381, 0, 0, 9.48%, 50, 0, 14, 9131.04, 48033469, 456
4721, 25, 208, 381, 0, 0, 9.48%, 50, 0, 14, 9761.75, 48088809, 456
4726, 25, 251, 381, 0, 0, 9.48%, 50, 0, 14, 11914.34, 48151714, 456
4732, 25, 380, 381, 0, 0, 9.48%, 50, 0, 14, 10673.65, 48207706, 456
4737, 25, 65, 381, 0, 0, 9.48%, 50, 0, 14, 11312.55, 48260019, 456
4742, 25, 237, 381, 0, 0, 9.48%, 50, 0, 14, 8801.75, 48304256, 456
4747, 25, 65, 381, 0, 0, 9.48%, 50, 0, 14, 11482.11, 48360520, 456
4752, 25, 168, 381, 0, 0, 9.48%, 50, 0, 14, 10165.08, 48408098, 456
4757, 25, 325, 381, 0, 0, 9.48%, 50, 0, 14, 10916.69, 48460774, 456
4762, 25, 204, 381, 0, 0, 9.48%, 50, 0, 14, 7755.90, 48497888, 456
4767, 25, 364, 381, 0, 0, 9.48%, 50, 0, 14, 10511.96, 48557022, 456
4772, 25, 371, 381, 0, 0, 9.48%, 50, 0, 14, 8626.51, 48602638, 456
4777, 25, 231, 381, 0, 0, 9.48%, 50, 0, 14, 9322.66, 48649000, 456
4782, 25, 68, 381, 0, 0, 9.48%, 50, 0, 14, 12418.27, 48709523, 456
4787, 25, 373, 381, 0, 0, 9.48%, 50, 0, 14, 9585.19, 48759528, 456
4792, 25, 373, 381, 0, 0, 9.48%, 50, 0, 14, 10020.10, 48804090, 456
4797, 25, 373, 381, 0, 0, 9.48%, 50, 0, 14, 7177.45, 48836554, 456
4803, 25, 47, 381, 0, 0, 9.48%, 50, 0, 14, 12029.78, 48899492, 456
4808, 25, 238, 381, 0, 0, 9.48%, 50, 0, 14, 7919.57, 48936210, 456
4813, 25, 213, 381, 0, 0, 9.48%, 50, 0, 14, 7298.13, 48972064, 456
4818, 25, 201, 381, 0, 0, 9.48%, 50, 0, 14, 7396.35, 49012758, 456
4823, 25, 17, 381, 0, 0, 9.48%, 50, 0, 14, 8039.41, 49052404, 456
4828, 25, 44, 381, 0, 0, 9.48%, 50, 0, 14, 12741.60, 49122512, 456
4833, 25, 207, 381, 0, 0, 9.48%, 50, 0, 14, 8950.63, 49166522, 456
4838, 25, 176, 381, 0, 0, 9.48%, 50, 0, 14, 8941.67, 49215138, 456
4843, 25, 251, 381, 0, 0, 9.48%, 50, 0, 14, 8605.60, 49254388, 456
4848, 25, 193, 381, 0, 0, 9.48%, 50, 0, 14, 10965.17, 49318766, 456
4853, 25, 2, 381, 0, 0, 9.48%, 50, 0, 14, 10553.42, 49367884, 456
4858, 25, 251, 381, 0, 0, 9.48%, 50, 0, 14, 11041.12, 49426109, 456
4863, 25, 176, 381, 0, 0, 9.48%, 50, 0, 14, 10378.05, 49481116, 456
4869, 25, 367, 381, 0, 0, 9.48%, 50, 0, 14, 8459.82, 49524286, 456
4874, 25, 236, 381, 0, 0, 9.48%, 50, 0, 14, 9189.11, 49572873, 456
4879, 25, 77, 381, 0, 0, 9.48%, 50, 0, 14, 8959.48, 49614108, 456
4884, 25, 321, 381, 0, 0, 9.48%, 50, 0, 14, 8900.54, 49662149, 456
4889, 25, 206, 381, 0, 0, 9.48%, 50, 0, 14, 8781.41, 49712590, 456
4894, 25, 230, 381, 0, 0, 9.48%, 50, 0, 14, 11097.97, 49774283, 456
4899, 25, 37, 381, 0, 0, 9.48%, 50, 0, 14, 9561.81, 49819082, 456
4904, 26, 251, 381, 0, 0, 9.48%, 50, 0, 14, 10297.80, 49868408, 456
4909, 26, 220, 381, 0, 0, 9.48%, 50, 0, 14, 10608.74, 49926926, 456
4915, 26, 219, 381, 0, 0, 9.48%, 50, 0, 14, 8373.82, 49966410, 456
4920, 26, 196, 381, 0, 0, 9.48%, 50, 0, 14, 8541.09, 50011226, 456
4925, 26, 373, 381, 0, 0, 9.48%, 50, 0, 14, 7072.40, 50045045, 456
4930, 26, 186, 381, 0, 0, 9.48%, 50, 0, 14, 8066.02, 50086716, 456
4935, 26, 234, 381, 0, 0, 9.48%, 50, 0, 14, 9611.44, 50139706, 456
4940, 26, 335, 381, 0, 0, 9.48%, 50, 0, 14, 10032.64, 50188626, 456
4945, 26, 191, 381, 0, 0, 9.48%, 50, 0, 14, 8853.45, 50231585, 456
4950, 26, 27, 381, 0, 0, 9.48%, 50, 0, 14, 9089.67, 50278078, 456
4955, 26, 374, 381, 0, 0, 9.48%, 50, 0, 14, 10095.56, 50331287, 456
4960, 26, 370, 381, 0, 0, 9.48%, 50, 0, 14, 8214.09, 50370780, 456
4965, 26, 17, 381, 0, 0, 9.48%, 50, 0, 14, 8466.13, 50410374, 456
4970, 26, 195, 381, 0, 0, 9.48%, 50, 0, 14, 9894.04, 50458887, 456
4975, 26, 333, 381, 0, 0, 9.48%, 50, 0, 14, 7970.32, 50498571, 456
4980, 26, 251, 381, 0, 0, 9.48%, 50, 0, 14, 8021.34, 50542364, 456
4985, 26, 213, 381, 0, 0, 9.48%, 50, 0, 14, 9652.55, 50595508, 456
4990, 26, 208, 381, 0, 0, 9.48%, 50, 0, 14, 6956.29, 50626934, 456
4995, 26, 373, 381, 0, 0, 9.48%, 50, 0, 14, 6992.45, 50663594, 456
5001, 26, 115, 381, 0, 0, 9.48%, 50, 0, 14, 9094.01, 50706618, 456
5006, 26, 372, 381, 0, 0, 9.48%, 50, 0, 14, 8800.99, 50756146, 456
5011, 26, 353, 381, 0, 0, 9.48%, 50, 0, 14, 7745.95, 50793301, 456
5016, 26, 372, 381, 0, 0, 9.48%, 50, 0, 14, 7368.09, 50830984, 456
5021, 26, 371, 381, 0, 0, 9.48%, 50, 0, 14, 9676.41, 50884475, 456
5026, 26, 247, 381, 0, 0, 9.48%, 50, 0, 14, 8466.42, 50922498, 456
5031, 26, 370, 381, 0, 0, 9.48%, 50, 0, 14, 8021.03, 50966295, 456
5036, 26, 234, 381, 0, 0, 9.48%, 50, 0, 14, 8489.45, 51012312, 456
5041, 26, 231, 381, 0, 0, 9.48%, 50, 0, 14, 8813.17, 51055074, 456
5046, 26, 232, 381, 0, 0, 9.48%, 50, 0, 14, 7598.06, 51092332, 456
5051, 26, 212, 381, 0, 0, 9.48%, 50, 0, 14, 10171.43, 51147870, 456
5056, 26, 260, 381, 0, 0, 9.48%, 50, 0, 14, 12298.24, 51208015, 456
5061, 26, 374, 381, 0, 0, 9.48%, 50, 0, 14, 8509.76, 51244188, 456
5067, 26, 218, 381, 0, 0, 9.48%, 50, 0, 14, 7752.37, 51283589, 456
5072, 26, 205, 381, 0, 0, 9.48%, 50, 0, 14, 6431.15, 51314492, 456
5077, 26, 32, 381, 0, 0, 9.48%, 50, 0, 14, 7550.41, 51350726, 456
5082, 26, 191, 381, 0, 0, 9.48%, 50, 0, 14, 8211.75, 51395060, 456
5087, 26, 180, 381, 0, 0, 9.48%, 50, 0, 14, 7334.10, 51431016, 456
5092, 26, 229, 381, 0, 0, 9.48%, 50, 0, 14, 7350.74, 51467295, 456
5097, 26, 333, 381, 0, 0, 9.48%, 50, 0, 14, 8312.38, 51509258, 456
5102, 26, 216, 381, 0, 0, 9.48%, 50, 0, 14, 8768.73, 51551217, 456
5107, 26, 57, 381, 0, 0, 9.48%, 50, 0, 14, 10765.26, 51603629, 456
5112, 26, 27, 381, 0, 0, 9.48%, 50, 0, 14, 11225.91, 51656386, 456
5117, 26, 141, 381, 0, 0, 9.48%, 50, 0, 14, 11586.00, 51713054, 456
5122, 26, 172, 381, 0, 0, 9.48%, 50, 0, 14, 10137.40, 51764602, 456
5127, 26, 380, 381, 0, 0, 9.48%, 50, 0, 14, 10985.86, 51822168, 456
5132, 27, 181, 381, 0, 0, 9.48%, 50, 0, 14, 9619.33, 51868838, 456
5137, 27, 2, 381, 0, 0, 9.48%, 50, 0, 14, 9591.73, 51914681, 456
5143, 27, 237, 381, 0, 0, 9.48%, 50, 0, 14, 9067.60, 51963502, 456
5148, 27, 245, 381, 0, 0, 9.48%, 50, 0, 14, 8665.80, 52007766, 456
5153, 27, 251, 381, 0, 0, 9.48%, 50, 0, 14, 9295.80, 52056436, 456
5158, 27, 251, 381, 0, 0, 9.48%, 50, 0, 14, 8046.54, 52095138, 456
5163, 27, 373, 381, 0, 0, 9.48%, 50, 0, 14, 9360.15, 52146970, 456
5168, 27, 373, 381, 0, 0, 9.48%, 50, 0, 14, 7205.51, 52180458, 456
5173, 27, 201, 381, 0, 0, 9.48%, 50, 0, 14, 8486.67, 52224738, 456
5178, 27, 374, 381, 0, 0, 9.48%, 50, 0, 14, 9648.37, 52278684, 456
5183, 27, 187, 381, 0, 0, 9.48%, 50, 0, 14, 7824.77, 52317790, 456
5188, 27, 229, 381, 0, 0, 9.48%, 50, 0, 14, 10017.43, 52373836, 456
5193, 27, 321, 381, 0, 0, 9.48%, 50, 0, 14, 11674.15, 52435468, 456
5198, 27, 15, 381, 0, 0, 9.48%, 50, 0, 14, 11920.39, 52489851, 456
5203, 27, 229, 381, 0, 0, 9.48%, 50, 0, 14, 9240.25, 52534840, 456
5208, 27, 373, 381, 0, 0, 9.48%, 50, 0, 14, 8420.66, 52579794, 456
5213, 27, 260, 381, 0, 0, 9.48%, 50, 0, 14, 7775.60, 52616262, 456
5218, 27, 193, 381, 0, 0, 9.48%, 50, 0, 14, 7819.70, 52661800, 456
5223, 27, 189, 381, 0, 0, 9.48%, 50, 0, 14, 8826.51, 52707811, 456
5229, 27, 65, 381, 0, 0, 9.48%, 50, 0, 14, 11947.62, 52770990, 456
5234, 27, 376, 381, 0, 0, 9.48%, 50, 0, 14, 9141.92, 52815968, 456
5239, 27, 58, 381, 0, 0, 9.48%, 50, 0, 14, 10445.31, 52866244, 456
5244, 27, 178, 381, 0, 0, 9.48%, 50, 0, 14, 10420.95, 52923081, 456
5249, 27, 370, 381, 0, 0, 9.48%, 50, 0, 14, 8638.05, 52967090, 456
5254, 27, 373, 381, 0, 0, 9.48%, 50, 0, 14, 10065.38, 53022565, 456
5259, 27, 373, 381, 0, 0, 9.48%, 50, 0, 14, 7300.04, 53056242, 456
5265, 27, 214, 381, 0, 0, 9.48%, 50, 0, 14, 8384.50, 53102690, 456
5270, 27, 37, 381, 0, 0, 9.48%, 50, 0, 14, 7578.20, 53140601, 456
5275, 27, 196, 381, 0, 0, 9.48%, 50, 0, 14, 7167.80, 53177000, 456
5280, 27, 65, 381, 0, 0, 9.48%, 50, 0, 14, 10076.77, 53226458, 456
5285, 27, 332, 381, 0, 0, 9.48%, 50, 0, 14, 7908.50, 53266186, 456
5290, 27, 218, 381, 0, 0, 9.48%, 50, 0, 14, 9130.42, 53311318, 456
5295, 27, 372, 381, 0, 0, 9.48%, 50, 0, 14, 8343.48, 53353058, 456
5300, 27, 374, 381, 0, 0, 9.48%, 50, 0, 14, 8748.43, 53395294, 456
5305, 27, 196, 381, 0, 0, 9.48%, 50, 0, 14, 10390.07, 53450825, 456
5310, 27, 186, 381, 0, 0, 9.48%, 50, 0, 14, 8327.09, 53490734, 456
5315, 27, 373, 381, 0, 0, 9.48%, 50, 0, 14, 8986.99, 53542962, 456
5320, 27, 230, 381, 0, 0, 9.48%, 50, 0, 14, 7663.78, 53578751, 456
5326, 27, 324, 381, 0, 0, 9.48%, 50, 0, 14, 9023.95, 53627214, 456
5331, 27, 371, 381, 0, 0, 9.48%, 50, 0, 14, 7630.48, 53666035, 456
5336, 27, 17, 381, 0, 0, 9.48%, 50, 0, 14, 8561.71, 53706432, 456
5341, 28, 223, 381, 0, 0, 9.48%, 50, 0, 14, 10547.81, 53768464, 456
5346, 28, 189, 381, 0, 0, 9.48%, 50, 0, 14, 10290.78, 53822355, 456
5351, 28, 260, 381, 0, 0, 9.48%, 50, 0, 14, 9948.20, 53872416, 456
5356, 28, 362, 381, 0, 0, 9.48%, 50, 0, 14, 10207.60, 53928418, 456
5361, 28, 238, 381, 0, 0, 9.48%, 50, 0, 14, 8645.13, 53971115, 456
5366, 28, 188, 381, 0, 0, 9.48%, 50, 0, 14, 8203.96, 54013505, 456
5371, 28, 249, 381, 0, 0, 9.48%, 50, 0, 14, 10682.05, 54072478, 456
5376, 28, 57, 381, 0, 0, 9.48%, 50, 0, 14, 12649.63, 54139962, 456
5381, 28, 17, 381, 0, 0, 9.48%, 50, 0, 14, 11424.94, 54192912, 456
5386, 28, 247, 381, 0, 0, 9.48%, 50, 0, 14, 9772.42, 54241488, 456
5392, 28, 236, 381, 0, 0, 9.48%, 50, 0, 14, 11165.58, 54296366, 456
5397, 28, 247, 381, 0, 0, 9.48%, 50, 0, 14, 8934.31, 54335644, 456
5402, 28, 375, 381, 0, 0, 9.48%, 50, 0, 14, 9106.58, 54386471, 456
5407, 28, 141, 381, 0, 0, 9.48%, 50, 0, 14, 9729.89, 54432057, 456
5412, 28, 212, 381, 0, 0, 9.48%, 50, 0, 14, 8125.14, 54470194, 456
5417, 28, 372, 381, 0, 0, 9.48%, 50, 0, 14, 7689.10, 54510098, 456
5422, 28, 180, 381, 0, 0, 9.48%, 50, 0, 14, 8591.34, 54551360, 456
5427, 28, 37, 381, 0, 0, 9.48%, 50, 0, 14, 12161.06, 54610481, 456
5432, 28, 169, 381, 0, 0, 9.48%, 50, 0, 14, 8899.08, 54651682, 456
5437, 28, 217, 381, 0, 0, 9.48%, 50, 0, 14, 9928.08, 54704644, 456
5442, 28, 235, 381, 0, 0, 9.48%, 50, 0, 14, 8086.82, 54743560, 456
5447, 28, 232, 381, 0, 0, 9.48%, 50, 0, 14, 7464.78, 54779973, 456
5452, 28, 185, 381, 0, 0, 9.48%, 50, 0, 14, 7290.23, 54817998, 456
5457, 28, 191, 381, 0, 0, 9.48%, 50, 0, 14, 9763.19, 54872028, 456
5462, 28, 158, 381, 0, 0, 9.48%, 50, 0, 14, 9377.52, 54913589, 456
5467, 28, 373, 381, 0, 0, 9.48%, 50, 0, 14, 7148.37, 54947052, 456
5472, 28, 206, 381, 0, 0, 9.48%, 50, 0, 14, 6720.78, 54980198, 456
5477, 28, 377, 381, 0, 0, 9.48%, 50, 0, 14, 7200.50, 55018834, 456
5482, 28, 240, 381, 0, 0, 9.48%, 50, 0, 14, 8695.03, 55060449, 456
5488, 28, 180, 381, 0, 0, 9.48%, 50, 0, 14, 11353.36, 55126156, 456
5493, 28, 377, 381, 0, 0, 9.48%, 50, 0, 14, 10108.23, 55172802, 456
5498, 28, 377, 381, 0, 0, 9.48%, 50, 0, 14, 7625.19, 55208406, 456
5503, 28, 371, 381, 0, 0, 9.48%, 50, 0, 14, 8004.68, 55249987, 456
5508, 28, 221, 381, 0, 0, 9.48%, 50, 0, 14, 7074.19, 55285526, 456
5513, 28, 373, 381, 0, 0, 9.48%, 50, 0, 14, 8349.65, 55333094, 456
5518, 28, 371, 381, 0, 0, 9.48%, 50, 0, 14, 6923.42, 55366258, 456
5523, 28, 65, 381, 0, 0, 9.48%, 50, 0, 14, 7345.49, 55402250, 456
5528, 28, 191, 381, 0, 0, 9.48%, 50, 0, 14, 8880.74, 55452222, 456
5533, 28, 190, 381, 0, 0, 9.48%, 50, 0, 14, 8734.94, 55491564, 456
5538, 28, 233, 381, 0, 0, 9.48%, 50, 0, 14, 7466.29, 55525692, 456
5543, 28, 189, 381, 0, 0, 9.48%, 50, 0, 14, 9090.14, 55572803, 456
5549, 28, 317, 381, 0, 0, 9.48%, 50, 0, 14, 8095.30, 55610672, 456
5554, 28, 17, 381, 0, 0, 9.48%, 50, 0, 14, 10343.87, 55661063, 456
5559, 28, 235, 381, 0, 0, 9.48%, 50, 0, 14, 8837.93, 55704433, 456
5564, 29, 373, 381, 0, 0, 9.48%, 50, 0, 14, 11481.92, 55761862, 456
5569, 29, 373, 381, 0, 0, 9.48%, 50, 0, 14, 7653.08, 55795506, 456
5574, 29, 251, 381, 0, 0, 9.48%, 50, 0, 14, 8378.30, 55840102, 456
5579, 29, 374, 381, 0, 0, 9.48%, 50, 0, 14, 8324.37, 55881556, 456
5584, 29, 232, 381, 0, 0, 9.48%, 50, 0, 14, 10322.63, 55940163, 456
5589, 29, 377, 381, 0, 0, 9.48%, 50, 0, 14, 8159.68, 55979380, 456
5594, 29, 182, 381, 0, 0, 9.48%, 50, 0, 14, 7074.76, 56014292, 456
5599, 29, 193, 381, 0, 0, 9.48%, 50, 0, 14, 8568.50, 56063090, 456
5605, 29, 232, 381, 0, 0, 9.48%, 50, 0, 14, 11418.79, 56128091, 456
5610, 29, 205, 381, 0, 0, 9.48%, 50, 0, 14, 8507.27, 56167142, 456
5615, 29, 210, 381, 0, 0, 9.48%, 50, 0, 14, 9268.00, 56219082, 456
5620, 29, 228, 381, 0, 0, 9.48%, 50, 0, 14, 8834.46, 56262626, 456
5625, 29, 219, 381, 0, 0, 9.48%, 50, 0, 14, 11292.47, 56327442, 456
5630, 29, 65, 381, 0, 0, 9.48%, 50, 0, 14, 8455.30, 56363067, 456
5635, 29, 65, 381, 0, 0, 9.48%, 50, 0, 14, 9733.94, 56415922, 456
5640, 29, 196, 381, 0, 0, 9.48%, 50, 0, 14, 10147.03, 56470918, 456
5645, 29, 251, 381, 0, 0, 9.48%, 50, 0, 14, 11235.72, 56524068, 456
5650, 29, 53, 381, 0, 0, 9.48%, 50, 0, 14, 11776.43, 56578772, 456
5655, 29, 373, 381, 0, 0, 9.48%, 50, 0, 14, 11027.52, 56637530, 456
5661, 29, 373, 381, 0, 0, 9.48%, 50, 0, 14, 7583.07, 56671500, 456
5666, 29, 238, 381, 0, 0, 9.48%, 50, 0, 14, 7261.03, 56709384, 456
5671, 29, 206, 381, 0, 0, 9.48%, 50, 0, 14, 7159.82, 56747724, 456
5676, 29, 208, 381, 0, 0, 9.48%, 50, 0, 14, 7598.11, 56784570, 456
5681, 29, 200, 381, 0, 0, 9.48%, 50, 0, 14, 9144.85, 56826876, 456
5686, 29, 270, 381, 0, 0, 9.48%, 50, 0, 14, 12537.34, 56889589, 456
5691, 29, 57, 381, 0, 0, 9.48%, 50, 0, 14, 9688.12, 56939186, 456
5696, 29, 166, 381, 0, 0, 9.48%, 50, 0, 14, 11509.05, 57000080, 456
5701, 29, 17, 381, 0, 0, 9.48%, 50, 0, 14, 10056.54, 57053670, 456
5706, 29, 65, 381, 0, 0, 9.48%, 50, 0, 14, 9062.58, 57099336, 456
5711, 29, 216, 381, 0, 0, 9.48%, 50, 0, 14, 10035.76, 57156541, 456
5717, 29, 57, 381, 0, 0, 9.48%, 50, 0, 14, 7411.92, 57190332, 456
5722, 29, 217, 381, 0, 0, 9.48%, 50, 0, 14, 10105.49, 57251862, 456
5727, 29, 176, 381, 0, 0, 9.48%, 50, 0, 14, 11609.19, 57309340, 456
5732, 29, 333, 381, 0, 0, 9.48%, 50, 0, 14, 9076.97, 57352490, 456
5737, 29, 373, 381, 0, 0, 9.48%, 50, 0, 14, 7480.47, 57389584, 456
5742, 29, 373, 381, 0, 0, 9.48%, 50, 0, 14, 6814.58, 57423252, 456
5747, 29, 208, 381, 0, 0, 9.48%, 50, 0, 14, 7562.29, 57461726, 456
5752, 29, 197, 381, 0, 0, 9.48%, 50, 0, 14, 8509.42, 57507210, 456
5757, 29, 372, 381, 0, 0, 9.48%, 50, 0, 14, 7620.77, 57546144, 456
5762, 30, 65, 381, 0, 0, 9.48%, 50, 0, 14, 11003.07, 57601840, 456
5767, 30, 207, 381, 0, 0, 9.48%, 50, 0, 14, 8619.58, 57644753, 456
5772, 30, 335, 381, 0, 0, 9.48%, 50, 0, 14, 9117.84, 57692521, 456
5777, 30, 182, 381, 0, 0, 9.48%, 50, 0, 14, 11181.86, 57748139, 456
5782, 30, 48, 381, 0, 0, 9.48%, 50, 0, 14, 13180.10, 57811633, 456
5787, 30, 2, 381, 0, 0, 9.48%, 50, 0, 14, 11158.27, 57865568, 456
5793, 30, 65, 381, 0, 0, 9.48%, 50, 0, 14, 9871.77, 57918712, 456
5798, 30, 367, 381, 0, 0, 9.48%, 50, 0, 14, 11463.05, 57974575, 456
5803, 30, 200, 381, 0, 0, 9.48%, 50, 0, 14, 10848.90, 58027182, 456
5808, 30, 233, 381, 0, 0, 9.48%, 50, 0, 14, 9915.26, 58077465, 456
5813, 30, 154, 381, 0, 0, 9.48%, 50, 0, 14, 11165.21, 58130526, 456
5818, 30, 232, 381, 0, 0, 9.48%, 50, 0, 14, 10182.47, 58184971, 456
5823, 30, 65, 381, 0, 0, 9.48%, 50, 0, 14, 10317.52, 58235791, 456
5828, 30, 222, 381, 0, 0, 9.48%, 50, 0, 14, 7783.58, 58273758, 456
5833, 30, 150, 381, 0, 0, 9.48%, 50, 0, 14, 7800.36, 58313209, 456
5838, 30, 190, 381, 0, 0, 9.48%, 50, 0, 14, 7318.27, 58350964, 456
5844, 30, 231, 381, 0, 0, 9.48%, 50, 0, 14, 9122.26, 58397137, 456
5849, 30, 370, 381, 0, 0, 9.48%, 50, 0, 14, 9397.86, 58443176, 456
5854, 30, 190, 381, 0, 0, 9.48%, 50, 0, 14, 7435.71, 58478370, 456
5859, 30, 17, 381, 0, 0, 9.48%, 50, 0, 14, 12084.23, 58544142, 456
5864, 30, 204, 381, 0, 0, 9.48%, 50, 0, 14, 11404.82, 58605794, 456
5869, 30, 380, 381, 0, 0, 9.48%, 50, 0, 14, 9461.42, 58647726, 456
5874, 30, 372, 381, 0, 0, 9.48%, 50, 0, 14, 8367.10, 58691574, 456
5879, 30, 2, 381, 0, 0, 9.48%, 50, 0, 14, 11918.61, 58747654, 456
5884, 30, 235, 381, 0, 0, 9.48%, 50, 0, 14, 8466.40, 58788606, 456
5889, 30, 147, 381, 0, 0, 9.48%, 50, 0, 14, 10516.95, 58837280, 456
5894, 30, 374, 381, 0, 0, 9.48%, 50, 0, 14, 8936.24, 58881987, 456
5899, 30, 77, 381, 0, 0, 9.48%, 50, 0, 14, 8583.80, 58921758, 456
5904, 30, 204, 381, 0, 0, 9.48%, 50, 0, 14, 7939.11, 58962518, 456
5909, 30, 373, 381, 0, 0, 9.48%, 50, 0, 14, 7814.74, 59006796, 456
5915, 30, 321, 381, 0, 0, 9.48%, 50, 0, 14, 8630.65, 59049178, 456
5920, 30, 207, 381, 0, 0, 9.48%, 50, 0, 14, 7807.61, 59088688, 456
5925, 30, 242, 381, 0, 0, 9.48%, 50, 0, 14, 12261.96, 59150991, 456
5930, 30, 372, 381, 0, 0, 9.48%, 50, 0, 14, 10016.64, 59205298, 456
5935, 30, 193, 381, 0, 0, 9.48%, 50, 0, 14, 8150.92, 59244433, 456
5940, 30, 2, 381, 0, 0, 9.48%, 50, 0, 14, 8827.14, 59289908, 456
5945, 30, 65, 381, 0, 0, 9.48%, 50, 0, 14, 8965.43, 59342156, 456
5950, 30, 333, 381, 0, 0, 9.48%, 50, 0, 14, 7829.45, 59385210, 456
5955, 30, 370, 381, 0, 0, 9.48%, 50, 0, 14, 7537.74, 59425380, 456
5960, 31, 32, 381, 0, 0, 9.48%, 50, 0, 14, 11340.59, 59482128, 456
5966, 31, 197, 381, 0, 0, 9.48%, 50, 0, 14, 10396.62, 59540555, 456
5971, 31, 187, 381, 0, 0, 9.48%, 50, 0, 14, 8650.71, 59583278, 456
5976, 31, 189, 381, 0, 0, 9.48%, 50, 0, 14, 8999.78, 59629001, 456
5981, 31, 364, 381, 0, 0, 9.48%, 50, 0, 14, 10288.74, 59681179, 456
5986, 31, 247, 381, 0, 0, 9.48%, 50, 0, 14, 11610.55, 59735006, 456
5991, 31, 302, 381, 0, 0, 9.48%, 50, 0, 14, 10239.29, 59783872, 456
5996, 31, 371, 381, 0, 0, 9.48%, 50, 0, 14, 7513.89, 59818353, 456
6001, 31, 361, 381, 0, 0, 9.48%, 50, 0, 14, 8450.16, 59866366, 456
6006, 31, 193, 381, 0, 0, 9.48%, 50, 0, 14, 7312.48, 59904143, 456
6012, 31, 260, 381, 0, 0, 9.48%, 50, 0, 14, 9349.89, 59952738, 456
6017, 31, 196, 381, 0, 0, 9.48%, 50, 0, 14, 8684.43, 59997569, 456
6022, 31, 197, 381, 0, 0, 9.48%, 50, 0, 14, 6846.39, 60030020, 456
6027, 31, 65, 381, 0, 0, 9.48%, 50, 0, 14, 12513.72, 60100078, 456
6032, 31, 74, 381, 0, 0, 9.48%, 50, 0, 14, 9765.03, 60153234, 456
6037, 31, 188, 381, 0, 0, 9.48%, 50, 0, 14, 9831.32, 60199150, 456
6042, 31, 65, 381, 0, 0, 9.48%, 50, 0, 14, 10210.58, 60246989, 456
6047, 31, 205, 381, 0, 0, 9.48%, 50, 0, 14, 7689.15, 60284972, 456
6052, 31, 194, 381, 0, 0, 9.48%, 50, 0, 14, 9535.74, 60338807, 456
6057, 31, 372, 381, 0, 0, 9.48%, 50, 0, 14, 9578.96, 60386472, 456
6062, 31, 251, 381, 0, 0, 9.48%, 50, 0, 14, 8787.21, 60426872, 456
6067, 31, 302, 381, 0, 0, 9.48%, 50, 0, 14, 10922.80, 60485830, 456
6073, 31, 217, 381, 0, 0, 9.48%, 50, 0, 14, 9718.83, 60539962, 456
6078, 31, 65, 381, 0, 0, 9.48%, 50, 0, 14, 10699.92, 60593796, 456
6083, 31, 208, 381, 0, 0, 9.48%, 50, 0, 14, 8146.79, 60637324, 456
6088, 31, 229, 381, 0, 0, 9.48%, 50, 0, 14, 9654.13, 60690433, 456
6093, 31, 377, 381, 0, 0, 9.48%, 50, 0, 14, 9372.14, 60739346, 456
6098, 31, 377, 381, 0, 0, 9.48%, 50, 0, 14, 7407.39, 60774544, 456
6103, 31, 260, 381, 0, 0, 9.48%, 50, 0, 14, 11017.66, 60833342, 456
6108, 31, 361, 381, 0, 0, 9.48%, 50, 0, 14, 10461.75, 60887023, 456
6113, 31, 223, 381, 0, 0, 9.48%, 50, 0, 14, 9733.13, 60935192, 456
6118, 31, 222, 381, 0, 0, 9.48%, 50, 0, 14, 8520.86, 60978103, 456
6124, 31, 147, 381, 0, 0, 9.48%, 50, 0, 14, 10422.08, 61027004, 456
6129, 31, 214, 381, 0, 0, 9.48%, 50, 0, 14, 11098.59, 61083500, 456
6134, 31, 362, 381, 0, 0, 9.48%, 50, 0, 14, 8963.92, 61125358, 456
6139, 32, 242, 381, 0, 0, 9.48%, 50, 0, 14, 10952.21, 61183924, 456
6144, 32, 206, 381, 0, 0, 9.48%, 50, 0, 14, 8006.28, 61224448, 456
6149, 32, 193, 381, 0, 0, 9.48%, 50, 0, 14, 9444.04, 61276147, 456
6154, 32, 271, 381, 0, 0, 9.48%, 50, 0, 14, 10011.16, 61321219, 456
6159, 32, 232, 381, 0, 0, 9.48%, 50, 0, 14, 7972.22, 61358426, 456
6164, 32, 141, 381, 0, 0, 9.48%, 50, 0, 14, 10370.24, 61407268, 456
6169, 32, 65, 381, 0, 0, 9.48%, 50, 0, 14, 10102.18, 61453356, 456
6174, 32, 48, 381, 0, 0, 9.48%, 50, 0, 14, 10777.48, 61503602, 456
6179, 32, 3, 381, 0, 0, 9.48%, 50, 0, 14, 11251.39, 61556539, 456
6184, 32, 235, 381, 0, 0, 9.48%, 50, 0, 14, 9325.61, 61608456, 456
6189, 32, 3, 381, 0, 0, 9.48%, 50, 0, 14, 10775.03, 61656458, 456
6195, 32, 220, 381, 0, 0, 9.48%, 50, 0, 14, 8612.48, 61701032, 456
6200, 32, 17, 381, 0, 0, 9.48%, 50, 0, 14, 9924.22, 61749298, 456
6205, 32, 329, 381, 0, 0, 9.48%, 50, 0, 14, 8597.41, 61791095, 456
6210, 32, 213, 381, 0, 0, 9.48%, 50, 0, 14, 10929.73, 61853132, 456
6215, 32, 65, 381, 0, 0, 9.48%, 50, 0, 14, 12458.00, 61915692, 456
6220, 32, 77, 381, 0, 0, 9.48%, 50, 0, 14, 9675.85, 61957524, 456
6225, 32, 353, 381, 0, 0, 9.48%, 50, 0, 14, 8279.36, 62002812, 456
6230, 32, 271, 381, 0, 0, 9.48%, 50, 0, 14, 10347.98, 62055910, 456
6235, 32, 222, 381, 0, 0, 9.48%, 50, 0, 14, 9995.64, 62108312, 456
6240, 32, 27, 381, 0, 0, 9.48%, 50, 0, 14, 10683.93, 62160038, 456
6245, 32, 65, 381, 0, 0, 9.48%, 50, 0, 14, 11451.54, 62220819, 456
6250, 32, 251, 381, 0, 0, 9.48%, 50, 0, 14, 12029.67, 62277786, 456
6255, 32, 65, 381, 0, 0, 9.48%, 50, 0, 14, 10651.78, 62333707, 456
6260, 32, 170, 381, 0, 0, 9.48%, 50, 0, 14, 11751.23, 62395726, 456
6265, 32, 166, 381, 0, 0, 9.48%, 50, 0, 14, 12281.07, 62455027, 456
6271, 32, 17, 381, 0, 0, 9.48%, 50, 0, 14, 10921.99, 62505616, 456
6276, 32, 370, 381, 0, 0, 9.48%, 50, 0, 14, 7899.89, 62541872, 456
6281, 32, 197, 381, 0, 0, 9.48%, 50, 0, 14, 8605.04, 62584754, 456
6286, 32, 212, 381, 0, 0, 9.48%, 50, 0, 14, 6705.30, 62616512, 456
6291, 32, 368, 381, 0, 0, 9.48%, 50, 0, 14, 7394.23, 62655295, 456
6296, 33, 27, 381, 0, 0, 9.48%, 50, 0, 14, 12111.48, 62718578, 456
6301, 33, 185, 381, 0, 0, 9.48%, 50, 0, 14, 9056.78, 62761924, 456
6306, 33, 184, 381, 0, 0, 9.48%, 50, 0, 14, 11521.76, 62822342, 456
6311, 33, 281, 381, 0, 0, 9.48%, 50, 0, 14, 11433.13, 62879628, 456
6316, 33, 188, 381, 0, 0, 9.48%, 50, 0, 14, 9098.41, 62923851, 456
6321, 33, 185, 381, 0, 0, 9.48%, 50, 0, 14, 6899.71, 62956166, 456
6326, 33, 260, 381, 0, 0, 9.48%, 50, 0, 14, 10517.43, 63010942, 456
6331, 33, 233, 381, 0, 0, 9.48%, 50, 0, 14, 10682.76, 63059828, 456
6337, 33, 57, 381, 0, 0, 9.48%, 50, 0, 14, 11930.72, 63112859, 456
6342, 33, 210, 381, 0, 0, 9.48%, 50, 0, 14, 9519.41, 63157879, 456
6347, 33, 251, 381, 0, 0, 9.48%, 50, 0, 14, 11153.79, 63217886, 456
6352, 33, 181, 381, 0, 0, 9.48%, 50, 0, 14, 8534.13, 63260281, 456
6357, 33, 321, 381, 0, 0, 9.48%, 50, 0, 14, 9802.58, 63315161, 456
6362, 33, 208, 381, 0, 0, 9.48%, 50, 0, 14, 7925.44, 63353100, 456
6367, 33, 361, 381, 0, 0, 9.48%, 50, 0, 14, 9808.50, 63406288, 456
6372, 33, 65, 381, 0, 0, 9.48%, 50, 0, 14, 11812.49, 63462870, 456
6377, 33, 373, 381, 0, 0, 9.48%, 50, 0, 14, 8358.05, 63504428, 456
6382, 33, 373, 382, 1, 0, 9.48%, 50, 0, 15, 7051.41, 63538766, 456
6388, 33, 227, 382, 1, 0, 9.48%, 50, 0, 15, 6538.90, 63571078, 456
6393, 33, 213, 382, 1, 0, 9.48%, 50, 0, 15, 8295.96, 63616424, 456
6398, 33, 110, 382, 1, 0, 9.48%, 50, 0, 15, 10398.66, 63663876, 456
6403, 33, 193, 382, 1, 0, 9.48%, 50, 0, 15, 8193.86, 63707700, 456
6408, 33, 196, 382, 1, 0, 9.48%, 50, 0, 15, 8881.53, 63754670, 456
6413, 33, 222, 382, 1, 0, 9.48%, 50, 0, 15, 8305.76, 63795408, 456
6418, 33, 381, 382, 1, 0, 9.48%, 50, 0, 15, 1667.07, 63825333, 456
6423, 33, 381, 382, 1, 0, 9.48%, 50, 0, 15, 3396.24, 63845257, 456
6428, 33, 381, 382, 1, 0, 9.48%, 50, 0, 15, 3762.21, 63864863, 456
6433, 33, 381, 382, 1, 0, 9.48%, 50, 0, 15, 3887.61, 63884382, 456
6438, 33, 332, 382, 0, 0, 9.48%, 50, 0, 15, 5097.50, 63908543, 456
6443, 33, 197, 382, 0, 0, 9.48%, 50, 0, 15, 8516.42, 63954343, 456
6449, 33, 381, 382, 0, 0, 9.48%, 50, 0, 15, 9540.52, 63999967, 456
6454, 33, 381, 382, 0, 0, 9.48%, 50, 0, 15, 5150.59, 64019571, 456
6459, 33, 381, 382, 0, 0, 9.48%, 50, 0, 15, 4154.63, 64039359, 456
6464, 33, 381, 382, 0, 0, 9.48%, 50, 0, 15, 3928.91, 64058857, 456
6469, 33, 181, 382, 0, 0, 9.48%, 50, 0, 15, 5648.04, 64084433, 456
6474, 33, 335, 382, 0, 0, 9.48%, 50, 0, 15, 8085.51, 64129617, 456
6479, 33, 198, 382, 0, 0, 9.48%, 50, 0, 15, 11506.51, 64191583, 456
6484, 33, 344, 382, 0, 0, 9.48%, 50, 0, 15, 9752.46, 64238693, 456
6489, 33, 372, 382, 0, 0, 9.48%, 50, 0, 15, 8957.67, 64286130, 456
6494, 33, 372, 382, 0, 0, 9.48%, 50, 0, 15, 7452.18, 64322070, 456
6499, 33, 362, 382, 0, 0, 9.48%, 50, 0, 15, 7841.61, 64361027, 456
6505, 33, 204, 382, 0, 0, 9.48%, 50, 0, 15, 7799.42, 64402388, 456
6510, 33, 193, 382, 0, 0, 9.48%, 50, 0, 15, 10567.88, 64458555, 456
6515, 33, 247, 382, 0, 0, 9.48%, 50, 0, 15, 10615.22, 64507946, 456
6520, 34, 271, 382, 0, 0, 9.48%, 50, 0, 15, 9460.39, 64563613, 456
6525, 34, 381, 382, 0, 0, 9.48%, 50, 0, 15, 5467.37, 64589887, 456
6530, 34, 381, 382, 0, 0, 9.48%, 50, 0, 15, 4118.32, 64609191, 456
6535, 34, 381, 382, 0, 0, 9.48%, 50, 0, 15, 3882.72, 64628568, 456
6540, 34, 2, 382, 0, 0, 9.48%, 50, 0, 15, 4553.98, 64650011, 456
6545, 34, 244, 382, 0, 0, 9.48%, 50, 0, 15, 8397.36, 64697813, 456
6550, 34, 208, 382, 0, 0, 9.48%, 50, 0, 15, 11408.55, 64764976, 456
6556, 34, 251, 382, 0, 0, 9.48%, 50, 0, 15, 9326.01, 64805399, 456
6561, 34, 68, 382, 0, 0, 9.48%, 50, 0, 15, 10624.02, 64858121, 456
6566, 34, 154, 382, 0, 0, 9.48%, 50, 0, 15, 8128.49, 64894020, 456
6571, 34, 65, 382, 0, 0, 9.48%, 50, 0, 15, 11405.21, 64950607, 456
6576, 34, 27, 382, 0, 0, 9.48%, 50, 0, 15, 12081.44, 65006683, 456
6581, 34, 17, 382, 0, 0, 9.48%, 50, 0, 15, 12765.71, 65068183, 456
6586, 34, 178, 382, 0, 0, 9.48%, 50, 0, 15, 12622.08, 65133807, 456
6591, 34, 307, 382, 0, 0, 9.48%, 50, 0, 15, 12866.37, 65197338, 456
6596, 34, 44, 382, 0, 0, 9.48%, 50, 0, 15, 7998.63, 65234777, 456
6601, 34, 370, 382, 0, 0, 9.48%, 50, 0, 15, 7969.80, 65278401, 456
6606, 34, 377, 382, 0, 0, 9.48%, 50, 0, 15, 7285.06, 65315223, 456
6611, 34, 332, 382, 0, 0, 9.48%, 50, 0, 15, 9030.77, 65358479, 456
6616, 34, 2, 382, 0, 0, 9.48%, 50, 0, 15, 9727.37, 65405187, 456
6621, 34, 37, 382, 0, 0, 9.48%, 50, 0, 15, 10312.23, 65454108, 456
6626, 34, 32, 382, 0, 0, 9.48%, 50, 0, 15, 9775.10, 65500485, 456
6631, 34, 2, 382, 0, 0, 9.48%, 50, 0, 15, 11099.26, 65559517, 456
6636, 34, 360, 382, 0, 0, 9.48%, 50, 0, 15, 9297.31, 65606435, 456
6642, 34, 189, 382, 0, 0, 9.48%, 50, 0, 15, 7563.77, 65643774, 456
6647, 34, 191, 382, 0, 0, 9.48%, 50, 0, 15, 9041.25, 65694749, 456
6652, 34, 168, 382, 0, 0, 9.48%, 50, 0, 15, 10157.14, 65740235, 456
6657, 34, 65, 382, 0, 0, 9.48%, 50, 0, 15, 11236.94, 65799537, 456
6662, 34, 177, 382, 0, 0, 9.48%, 50, 0, 15, 9670.84, 65849727, 456
6667, 34, 194, 382, 0, 0, 9.48%, 50, 0, 15, 9152.06, 65898831, 456
6672, 34, 373, 382, 0, 0, 9.48%, 50, 0, 15, 7193.35, 65932669, 456
6677, 34, 381, 382, 0, 0, 9.48%, 50, 0, 15, 5341.97, 65960422, 456
6682, 34, 381, 382, 0, 0, 9.48%, 50, 0, 15, 4110.87, 65979695, 456
6687, 34, 381, 382, 0, 0, 9.48%, 50, 0, 15, 3790.75, 65998353, 456
6693, 34, 381, 382, 0, 0, 9.48%, 50, 0, 15, 3808.81, 66017459, 456
6698, 34, 237, 382, 0, 0, 9.48%, 50, 0, 15, 6093.40, 66048873, 456
6703, 34, 184, 382, 0, 0, 9.48%, 50, 0, 15, 9930.31, 66104765, 456
6708, 34, 372, 382, 0, 0, 9.48%, 50, 0, 15, 7776.14, 66143521, 456
6713, 34, 217, 382, 0, 0, 9.48%, 50, 0, 15, 9661.74, 66197091, 456
6718, 34, 27, 382, 0, 0, 9.48%, 50, 0, 15, 11142.53, 66252624, 456
6723, 35, 372, 382, 0, 0, 9.48%, 50, 0, 15, 8319.96, 66294484, 456
6728, 35, 27, 382, 0, 0, 9.48%, 50, 0, 15, 12207.72, 66357297, 456
6733, 35, 196, 382, 0, 0, 9.48%, 50, 0, 15, 10054.12, 66411520, 456
6739, 35, 373, 382, 0, 0, 9.48%, 50, 0, 15, 7372.35, 66445315, 456
6744, 35, 381, 382, 0, 0, 9.48%, 50, 0, 15, 6658.77, 66483696, 456
6749, 35, 381, 382, 0, 0, 9.48%, 50, 0, 15, 4422.21, 66503175, 456
6754, 35, 381, 382, 0, 0, 9.48%, 50, 0, 15, 3964.90, 66522470, 456
6759, 35, 381, 382, 0, 0, 9.48%, 50, 0, 15, 3862.87, 66541584, 456
6764, 35, 168, 382, 0, 0, 9.48%, 50, 0, 15, 9665.76, 66591501, 456
6769, 35, 251, 382, 0, 0, 9.48%, 50, 0, 15, 8974.80, 66636009, 456
6774, 35, 315, 382, 0, 0, 9.48%, 50, 0, 15, 8445.46, 66677997, 456
6779, 35, 375, 382, 0, 0, 9.48%, 50, 0, 15, 7947.92, 66718410, 456
6784, 35, 65, 382, 0, 0, 9.48%, 50, 0, 15, 10347.62, 66770558, 456
6789, 35, 247, 382, 0, 0, 9.48%, 50, 0, 15, 11321.68, 66822639, 456
6794, 35, 17, 382, 0, 0, 9.48%, 50, 0, 15, 11673.05, 66875841, 456
6799, 35, 373, 382, 0, 0, 9.48%, 50, 0, 15, 8059.38, 66915383, 456
6805, 35, 194, 382, 0, 0, 9.48%, 50, 0, 15, 6870.74, 66949227, 456
6810, 35, 65, 382, 0, 0, 9.48%, 50, 0, 15, 7221.84, 66984481, 456
6815, 35, 372, 382, 0, 0, 9.48%, 50, 0, 15, 7197.01, 67022203, 456
6820, 35, 230, 382, 0, 0, 9.48%, 50, 0, 15, 7318.68, 67059127, 456
6825, 35, 213, 382, 0, 0, 9.48%, 50, 0, 15, 9237.35, 67108188, 456
6830, 35, 233, 382, 0, 0, 9.48%, 50, 0, 15, 7407.66, 67142855, 456
6835, 35, 271, 382, 0, 0, 9.48%, 50, 0, 15, 9140.87, 67187219, 456
6840, 35, 201, 382, 0, 0, 9.48%, 50, 0, 15, 7811.16, 67228351, 456
6845, 35, 340, 382, 0, 0, 9.48%, 50, 0, 15, 9899.01, 67283736, 456
6850, 35, 373, 382, 0, 0, 9.48%, 50, 0, 15, 8169.87, 67327465, 456
6855, 35, 356, 382, 0, 0, 9.48%, 50, 0, 15, 7348.49, 67362182, 456
6860, 35, 212, 382, 0, 0, 9.48%, 50, 0, 15, 7490.75, 67403920, 456
6865, 35, 152, 382, 0, 0, 9.48%, 50, 0, 15, 9908.03, 67456747, 456
6870, 35, 233, 382, 0, 0, 9.48%, 50, 0, 15, 9121.98, 67508093, 456
6875, 35, 251, 382, 0, 0, 9.48%, 50, 0, 15, 11056.23, 67561679, 456
6880, 35, 373, 382, 0, 0, 9.48%, 50, 0, 15, 9094.69, 67606689, 456
6885, 35, 48, 382, 0, 0, 9.48%, 50, 0, 15, 7419.21, 67640909, 456
6890, 35, 141, 382, 0, 0, 9.48%, 50, 0, 15, 6907.64, 67677924, 456
6896, 35, 234, 382, 0, 0, 9.48%, 50, 0, 15, 9776.35, 67736825, 456
6901, 35, 371, 382, 0, 0, 9.48%, 50, 0, 15, 8626.82, 67780631, 456
6906, 35, 246, 382, 0, 0, 9.48%, 50, 0, 15, 9196.00, 67823461, 456
6911, 35, 377, 382, 0, 0, 9.48%, 50, 0, 15, 8844.71, 67873044, 456
6916, 35, 184, 382, 0, 0, 9.48%, 50, 0, 15, 7325.39, 67907925, 456
6921, 35, 328, 382, 0, 0, 9.48%, 50, 0, 15, 9234.59, 67954487, 456
6926, 35, 372, 382, 0, 0, 9.48%, 50, 0, 15, 7762.90, 67992349, 456
6931, 35, 65, 382, 0, 0, 9.48%, 50, 0, 15, 9688.04, 68038870, 456
6936, 35, 168, 382, 0, 0, 9.48%, 50, 0, 15, 8138.74, 68077167, 456
6941, 35, 186, 382, 0, 0, 9.48%, 50, 0, 15, 8439.07, 68121589, 456
6946, 35, 188, 382, 0, 0, 9.48%, 50, 0, 15, 8066.97, 68158273, 456
6951, 35, 196, 382, 0, 0, 9.48%, 50, 0, 15, 7402.18, 68194121, 456
6956, 35, 333, 382, 0, 0, 9.48%, 50, 0, 15, 7056.70, 68229793, 456
6961, 35, 182, 382, 0, 0, 9.48%, 50, 0, 15, 6785.23, 68266097, 456
6967, 36, 65, 383, 1, 0, 9.48%, 50, 0, 15, 8591.31, 68309491, 456
6972, 36, 371, 383, 1, 0, 9.48%, 50, 0, 15, 8676.90, 68359417, 456
6977, 36, 17, 383, 1, 0, 9.48%, 50, 0, 15, 10421.01, 68407909, 456
6982, 36, 258, 383, 1, 0, 9.48%, 50, 0, 15, 11352.43, 68468855, 456
6987, 36, 194, 383, 1, 0, 9.48%, 50, 0, 15, 8392.63, 68507887, 456
6992, 36, 235, 383, 1, 0, 9.48%, 50, 0, 15, 7540.01, 68544721, 456
6997, 36, 17, 383, 1, 0, 9.48%, 50, 0, 15, 8945.64, 68586349, 456
7002, 36, 381, 383, 1, 0, 9.48%, 50, 0, 15, 11471.49, 68648514, 456
7007, 36, 381, 383, 1, 0, 9.48%, 50, 0, 15, 5512.63, 68667397, 456
7012, 36, 381, 383, 1, 0, 9.48%, 50, 0, 15, 4101.14, 68686091, 456
7017, 36, 381, 383, 1, 0, 9.48%, 50, 0, 15, 3867.37, 68705162, 456
7022, 36, 362, 383, 1, 0, 9.48%, 50, 0, 15, 4491.36, 68726673, 456
7027, 36, 17, 383, 1, 0, 9.48%, 50, 0, 15, 8934.42, 68774836, 456
7032, 36, 17, 383, 1, 0, 9.48%, 50, 0, 15, 8266.32, 68814996, 456
7037, 36, 247, 383, 1, 0, 9.48%, 50, 0, 15, 11800.58, 68878143, 456
7043, 36, 187, 383, 1, 0, 9.48%, 50, 0, 15, 8077.98, 68918316, 456
7048, 36, 196, 383, 1, 0, 9.48%, 50, 0, 15, 7551.29, 68958631, 456
7053, 36, 221, 383, 1, 0, 9.48%, 50, 0, 15, 7982.21, 69000987, 456
7058, 36, 27, 383, 1, 0, 9.48%, 50, 0, 15, 11477.48, 69058181, 456
7063, 36, 260, 383, 1, 0, 9.48%, 50, 0, 15, 11082.36, 69118847, 456
7068, 36, 302, 383, 1, 0, 9.48%, 50, 0, 15, 11083.33, 69175343, 456
7073, 36, 17, 383, 1, 0, 9.48%, 50, 0, 15, 11277.48, 69230159, 456
7078, 36, 321, 383, 0, 0, 9.48%, 50, 0, 15, 9646.74, 69281572, 456
7083, 36, 181, 383, 0, 0, 9.48%, 50, 0, 15, 8604.14, 69324900, 456
7088, 36, 371, 383, 0, 0, 9.48%, 50, 0, 15, 10590.14, 69381868, 456
7093, 36, 371, 383, 0, 0, 9.48%, 50, 0, 15, 7521.23, 69415451, 456
7098, 36, 17, 383, 0, 0, 9.48%, 50, 0, 15, 10664.86, 69469352, 456
7104, 36, 247, 383, 0, 0, 9.48%, 50, 0, 15, 10097.02, 69522382, 456
7109, 36, 230, 383, 0, 0, 9.48%, 50, 0, 15, 9022.49, 69569652, 456
7114, 36, 230, 383, 0, 0, 9.48%, 50, 0, 15, 7696.70, 69607008, 456
7119, 36, 207, 383, 0, 0, 9.48%, 50, 0, 15, 8603.30, 69654626, 456
7124, 36, 238, 383, 0, 0, 9.48%, 50, 0, 15, 8990.98, 69706430, 456
7129, 36, 373, 383, 0, 0, 9.48%, 50, 0, 15, 7087.80, 69741406, 456
7134, 36, 271, 383, 0, 0, 9.48%, 50, 0, 15, 6891.40, 69775386, 456
7139, 36, 65, 383, 0, 0, 9.48%, 50, 0, 15, 9964.94, 69826462, 456
7144, 36, 230, 383, 0, 0, 9.48%, 50, 0, 15, 9631.87, 69874741, 456
7149, 36, 381, 383, 0, 0, 9.48%, 50, 0, 15, 6965.70, 69911658, 456
7154, 36, 381, 383, 0, 0, 9.48%, 50, 0, 15, 4448.81, 69930903, 456
7159, 36, 381, 383, 0, 0, 9.48%, 50, 0, 15, 3836.02, 69949384, 456
7165, 36, 381, 383, 0, 0, 9.48%, 50, 0, 15, 3782.46, 69968361, 456
7170, 36, 381, 383, 0, 0, 9.48%, 50, 0, 15, 5799.87, 69997849, 456
7175, 36, 381, 383, 0, 0, 9.48%, 50, 0, 15, 4194.60, 70016812, 456
7180, 36, 381, 383, 0, 0, 9.48%, 50, 0, 15, 3877.71, 70035754, 456
7185, 36, 381, 383, 0, 0, 9.48%, 50, 0, 15, 3726.31, 70054336, 456
7190, 36, 211, 383, 0, 0, 9.48%, 50, 0, 15, 5908.81, 70081198, 456
7195, 36, 381, 383, 0, 0, 9.48%, 50, 0, 15, 5163.50, 70110761, 456
7200, 36, 381, 383, 0, 0, 9.48%, 50, 0, 15, 4062.29, 70128479, 456
