# relative_time, cycles_done, cur_item, corpus_count, pending_total, pending_favs, map_size, saved_crashes, saved_hangs, max_depth, execs_per_sec, total_execs, edges_found
60, 0, 65, 447, 422, 56, 14.27%, 0, 0, 3, 25944.35, 1315230, 1041
65, 0, 75, 461, 434, 54, 14.27%, 0, 0, 3, 21909.85, 1435779, 1041
70, 0, 79, 469, 440, 52, 14.27%, 0, 0, 3, 31256.86, 1601263, 1041
76, 0, 84, 471, 440, 50, 14.27%, 0, 0, 3, 21672.31, 1714816, 1041
81, 0, 92, 485, 451, 47, 14.27%, 0, 0, 3, 31947.16, 1873913, 1041
86, 0, 99, 487, 451, 45, 14.27%, 0, 0, 3, 21718.73, 1988531, 1041
91, 0, 115, 492, 453, 42, 14.27%, 0, 0, 3, 29748.17, 2144987, 1041
96, 0, 117, 492, 452, 41, 14.27%, 0, 0, 3, 25018.24, 2262869, 1041
101, 0, 125, 498, 455, 38, 14.27%, 0, 0, 3, 30383.99, 2417688, 1041
106, 0, 125, 498, 455, 38, 14.27%, 0, 0, 3, 27338.09, 2545959, 1041
111, 0, 131, 506, 461, 37, 14.27%, 0, 0, 3, 30069.23, 2697208, 1041
116, 0, 158, 508, 460, 34, 14.27%, 0, 0, 3, 20822.50, 2794039, 1041
122, 0, 164, 509, 460, 33, 14.27%, 0, 0, 3, 28270.05, 2949508, 1041
127, 0, 175, 511, 460, 32, 14.27%, 0, 0, 3, 17464.12, 3034022, 1041
132, 0, 182, 512, 459, 30, 14.27%, 0, 0, 3, 24455.64, 3173151, 1041
137, 0, 207, 514, 460, 29, 14.27%, 0, 0, 3, 23346.82, 3278858, 1041
142, 0, 220, 517, 460, 26, 14.27%, 0, 0, 3, 28596.01, 3428454, 1041
147, 0, 221, 519, 461, 25, 14.27%, 0, 0, 3, 19277.53, 3523137, 1041
152, 0, 221, 519, 461, 25, 14.27%, 0, 0, 3, 24805.05, 3647480, 1041
157, 0, 226, 521, 460, 22, 14.27%, 0, 0, 3, 24982.41, 3778110, 1041
162, 0, 235, 523, 459, 19, 14.27%, 0, 0, 3, 21977.36, 3878094, 1041
168, 0, 243, 524, 458, 17, 14.27%, 0, 0, 3, 26337.41, 4005695, 1041
173, 0, 256, 524, 455, 14, 14.27%, 0, 0, 3, 29927.63, 4158697, 1041
178, 0, 276, 524, 453, 12, 14.27%, 0, 0, 3, 25517.69, 4267661, 1041
183, 0, 288, 524, 451, 10, 14.27%, 0, 0, 3, 21290.12, 4376967, 1041
188, 0, 293, 525, 451, 9, 14.27%, 0, 0, 3, 19189.39, 4462573, 1041
193, 0, 301, 526, 451, 9, 14.27%, 0, 0, 3, 21933.71, 4590863, 1041
198, 0, 301, 526, 451, 9, 14.27%, 0, 0, 3, 19568.16, 4685007, 1041
203, 0, 327, 528, 451, 8, 14.27%, 0, 0, 3, 26624.75, 4827997, 1041
208, 0, 343, 528, 450, 7, 14.27%, 0, 0, 3, 25646.67, 4946162, 1041
213, 0, 348, 529, 450, 6, 14.27%, 0, 0, 3, 5661.91, 5063240, 1041
218, 0, 348, 529, 450, 6, 14.27%, 0, 0, 3, 14954.44, 5154087, 1041
223, 0, 374, 529, 449, 5, 14.27%, 0, 0, 3, 16723.21, 5239418, 1041
228, 0, 378, 529, 448, 4, 14.27%, 0, 0, 3, 23128.52, 5366420, 1041
233, 0, 430, 529, 446, 2, 14.27%, 0, 0, 3, 26195.78, 5501189, 1041
239, 0, 464, 529, 444, 0, 14.27%, 0, 0, 3, 27244.76, 5629788, 1041
244, 0, 468, 530, 444, 0, 14.27%, 0, 0, 3, 20673.09, 5740920, 1041
249, 0, 468, 530, 444, 0, 14.27%, 0, 0, 3, 18976.31, 5827671, 1041
254, 0, 468, 530, 444, 0, 14.27%, 0, 0, 3, 18240.58, 5924682, 1041
259, 0, 513, 537, 450, 0, 14.27%, 0, 0, 3, 16443.61, 6009295, 1041
264, 0, 513, 537, 450, 0, 14.27%, 0, 0, 3, 16310.86, 6093641, 1041
269, 0, 513, 537, 450, 0, 14.27%, 0, 0, 3, 17791.72, 6179989, 1041
274, 0, 513, 537, 450, 0, 14.27%, 0, 0, 3, 18300.67, 6279964, 1041
279, 0, 514, 544, 456, 0, 14.27%, 0, 0, 3, 16407.95, 6359349, 1041
284, 0, 514, 544, 456, 0, 14.27%, 0, 0, 3, 15356.47, 6447330, 1041
289, 0, 514, 544, 456, 0, 14.27%, 0, 0, 3, 18947.42, 6540905, 1041
294, 0, 522, 546, 457, 0, 14.27%, 0, 0, 3, 17767.47, 6630971, 1041
300, 0, 522, 546, 457, 0, 14.27%, 0, 0, 3, 22893.14, 6755925, 1041
305, 0, 538, 550, 460, 0, 14.27%, 0, 0, 3, 14668.64, 6823966, 1041
310, 0, 538, 550, 460, 0, 14.27%, 0, 0, 3, 14098.48, 6892804, 1041
315, 0, 538, 550, 460, 0, 14.27%, 0, 0, 3, 12814.53, 6955811, 1041
320, 0, 538, 550, 460, 0, 14.27%, 0, 0, 3, 13696.08, 7024279, 1041
325, 0, 538, 550, 460, 0, 14.27%, 0, 0, 3, 12429.91, 7092953, 1041
330, 0, 538, 550, 460, 0, 14.27%, 0, 0, 3, 16733.48, 7182589, 1041
335, 0, 538, 550, 460, 0, 14.27%, 0, 0, 3, 12542.57, 7246795, 1041
341, 0, 552, 557, 466, 0, 14.27%, 0, 0, 3, 10520.50, 7297481, 1041
346, 0, 552, 557, 466, 0, 14.27%, 0, 0, 3, 10148.33, 7350244, 1041
351, 0, 552, 557, 466, 0, 14.27%, 0, 0, 3, 12557.81, 7415746, 1041
356, 0, 552, 557, 466, 0, 14.27%, 0, 0, 3, 11596.42, 7473032, 1041
361, 0, 552, 557, 466, 0, 14.27%, 0, 0, 3, 11866.30, 7533382, 1041
366, 0, 552, 557, 466, 0, 14.27%, 0, 0, 3, 11165.61, 7588520, 1041
371, 0, 552, 557, 466, 0, 14.27%, 0, 0, 3, 15274.88, 7667963, 1041
376, 0, 552, 557, 466, 0, 14.27%, 0, 0, 3, 12823.75, 7728029, 1041
381, 0, 552, 557, 466, 0, 14.27%, 0, 0, 3, 13643.59, 7800773, 1041
386, 1, 5, 560, 468, 0, 14.27%, 0, 0, 3, 12997.40, 7865075, 1041
391, 1, 17, 560, 464, 0, 14.27%, 0, 0, 3, 27142.26, 8006513, 1041
396, 1, 33, 560, 462, 0, 14.27%, 0, 0, 3, 24648.18, 8134564, 1041
401, 1, 45, 560, 461, 0, 14.27%, 0, 0, 3, 22209.96, 8237326, 1041
406, 1, 46, 561, 461, 0, 14.27%, 0, 0, 3, 21262.31, 8346632, 1041
411, 1, 62, 563, 461, 0, 14.27%, 0, 0, 3, 26145.73, 8480969, 1041
417, 1, 63, 563, 461, 0, 14.27%, 0, 0, 3, 24857.64, 8587680, 1041
422, 1, 75, 564, 460, 0, 14.27%, 0, 0, 3, 27775.84, 8726935, 1041
427, 1, 87, 567, 463, 0, 14.27%, 0, 0, 3, 16369.41, 8794736, 1041
432, 1, 87, 567, 463, 0, 14.27%, 0, 0, 3, 21745.37, 8912797, 1041
437, 1, 89, 569, 464, 0, 14.27%, 0, 0, 3, 20858.68, 9007045, 1041
442, 1, 94, 569, 463, 0, 14.27%, 0, 0, 3, 26903.95, 9147621, 1041
447, 1, 96, 570, 463, 0, 14.27%, 0, 0, 3, 26271.08, 9266791, 1041
452, 1, 105, 574, 465, 0, 14.27%, 0, 0, 3, 27440.46, 9405872, 1041
458, 1, 109, 574, 464, 0, 14.27%, 0, 0, 3, 24837.42, 9522841, 1041
463, 1, 118, 575, 463, 0, 14.27%, 0, 0, 3, 23126.72, 9639962, 1041
468, 1, 129, 575, 463, 0, 14.27%, 0, 0, 3, 22599.22, 9737335, 1041
473, 1, 134, 577, 464, 0, 14.27%, 0, 0, 3, 23770.58, 9856747, 1041
478, 1, 134, 577, 464, 0, 14.27%, 0, 0, 3, 23021.36, 9962514, 1041
483, 1, 137, 581, 467, 0, 14.27%, 0, 0, 3, 22819.45, 10075558, 1041
488, 1, 147, 582, 467, 0, 14.27%, 0, 0, 3, 19211.08, 10167163, 1041
493, 1, 149, 582, 466, 0, 14.27%, 0, 0, 3, 20232.18, 10270152, 1041
498, 1, 154, 583, 466, 0, 14.27%, 0, 0, 3, 24172.02, 10392023, 1041
503, 1, 162, 583, 465, 0, 14.27%, 0, 0, 3, 22712.57, 10520546, 1041
508, 1, 162, 583, 465, 0, 14.27%, 0, 0, 3, 23638.34, 10630554, 1041
513, 1, 163, 584, 465, 0, 14.27%, 0, 0, 3, 21971.05, 10746460, 1041
518, 1, 167, 584, 464, 0, 14.27%, 0, 0, 3, 19380.20, 10842190, 1041
523, 1, 167, 584, 464, 0, 14.27%, 0, 0, 3, 21869.83, 10958453, 1041
528, 1, 168, 584, 463, 0, 14.27%, 0, 0, 3, 22706.65, 11067249, 1041
534, 1, 180, 586, 464, 0, 14.27%, 0, 0, 3, 20481.50, 11181670, 1041
539, 1, 180, 586, 464, 0, 14.27%, 0, 0, 3, 22201.13, 11279884, 1041
544, 1, 187, 586, 463, 0, 14.27%, 0, 0, 3, 20997.82, 11388066, 1041
549, 1, 188, 586, 462, 0, 14.27%, 0, 0, 3, 21966.31, 11496184, 1041
554, 1, 188, 586, 462, 0, 14.27%, 0, 0, 3, 19840.46, 11599857, 1041
559, 1, 188, 586, 462, 0, 14.27%, 0, 0, 3, 19976.53, 11692936, 1041
564, 1, 191, 588, 463, 0, 14.27%, 0, 0, 3, 15151.90, 11767694, 1041
569, 1, 191, 588, 463, 0, 14.27%, 0, 0, 3, 16672.90, 11847556, 1041
574, 1, 191, 588, 463, 0, 14.27%, 0, 0, 3, 17399.22, 11940736, 1041
579, 1, 203, 589, 463, 0, 14.27%, 0, 0, 3, 12605.77, 12005874, 1041
584, 1, 203, 589, 463, 0, 14.27%, 0, 0, 3, 9604.47, 12051721, 1041
589, 1, 203, 589, 463, 0, 14.27%, 0, 0, 3, 10002.05, 12099045, 1041
594, 1, 203, 589, 463, 0, 14.27%, 0, 0, 3, 9926.78, 12155703, 1041
599, 1, 203, 589, 463, 0, 14.27%, 0, 0, 3, 13191.09, 12221592, 1041
604, 1, 203, 589, 463, 0, 14.27%, 0, 0, 3, 9688.60, 12266701, 1041
610, 1, 203, 589, 463, 0, 14.27%, 0, 0, 3, 10749.24, 12326275, 1041
615, 1, 203, 589, 463, 0, 14.27%, 0, 0, 3, 10937.96, 12386732, 1041
620, 1, 203, 589, 463, 0, 14.27%, 0, 0, 3, 12373.06, 12440595, 1041
625, 1, 203, 589, 463, 0, 14.27%, 0, 0, 3, 11971.16, 12506586, 1041
630, 1, 203, 589, 463, 0, 14.27%, 0, 0, 3, 10035.79, 12556099, 1041
635, 1, 203, 589, 463, 0, 14.27%, 0, 0, 3, 8410.65, 12597260, 1041
640, 1, 204, 591, 464, 0, 14.27%, 0, 0, 3, 13474.25, 12662674, 1041
645, 1, 204, 591, 464, 0, 14.27%, 0, 0, 3, 14852.04, 12746960, 1041
650, 1, 337, 591, 462, 2, 14.27%, 0, 0, 3, 21975.04, 12863705, 1041
655, 1, 337, 591, 462, 2, 14.27%, 0, 0, 3, 18982.87, 12960225, 1041
660, 1, 337, 591, 462, 2, 14.27%, 0, 0, 3, 20229.93, 13069061, 1041
665, 2, 6, 591, 459, 0, 14.27%, 0, 0, 3, 19543.26, 13180540, 1041
671, 2, 18, 591, 456, 0, 14.27%, 0, 0, 3, 28416.52, 13339906, 1041
676, 2, 20, 591, 454, 0, 14.27%, 0, 0, 3, 23483.71, 13458831, 1041
681, 2, 36, 593, 454, 0, 14.27%, 0, 0, 3, 27427.19, 13598154, 1041
686, 2, 40, 593, 453, 0, 14.27%, 0, 0, 3, 22526.46, 13713011, 1041
691, 2, 57, 594, 452, 0, 14.27%, 0, 0, 3, 28522.21, 13862316, 1041
696, 2, 72, 594, 450, 0, 14.27%, 0, 0, 3, 23889.51, 13961660, 1041
701, 2, 72, 594, 450, 0, 14.27%, 0, 0, 3, 24646.44, 14072962, 1041
706, 2, 73, 594, 449, 0, 14.27%, 0, 0, 3, 17437.48, 14150510, 1041
711, 2, 95, 594, 448, 0, 14.27%, 0, 0, 3, 19582.37, 14260777, 1041
717, 2, 102, 594, 447, 0, 14.27%, 0, 0, 3, 21965.31, 14370434, 1041
722, 2, 119, 595, 446, 0, 14.27%, 0, 0, 3, 25811.13, 14500663, 1041
727, 2, 123, 595, 446, 0, 14.27%, 0, 0, 3, 16386.05, 14564402, 1041
732, 2, 123, 595, 446, 0, 14.27%, 0, 0, 3, 17568.00, 14652579, 1041
737, 2, 123, 595, 446, 0, 14.27%, 0, 0, 3, 18285.77, 14743699, 1041
742, 2, 127, 596, 446, 0, 14.27%, 0, 0, 3, 21761.26, 14848156, 1041
747, 2, 127, 596, 446, 0, 14.27%, 0, 0, 3, 22926.66, 14959268, 1041
752, 2, 150, 597, 445, 0, 14.27%, 0, 0, 3, 24867.73, 15092899, 1041
757, 2, 152, 597, 444, 0, 14.27%, 0, 0, 3, 22491.87, 15192335, 1041
762, 2, 152, 597, 444, 0, 14.27%, 0, 0, 3, 24777.58, 15312733, 1041
767, 2, 153, 597, 443, 0, 14.27%, 0, 0, 3, 24039.50, 15419804, 1041
772, 2, 170, 597, 442, 0, 14.27%, 0, 0, 3, 26077.81, 15556363, 1041
777, 2, 172, 597, 441, 0, 14.27%, 0, 0, 3, 21722.92, 15662022, 1041
782, 2, 178, 597, 440, 0, 14.27%, 0, 0, 3, 23655.16, 15788018, 1041
788, 2, 190, 598, 440, 0, 14.27%, 0, 0, 3, 14096.69, 15850158, 1041
793, 2, 190, 598, 440, 0, 14.27%, 0, 0, 3, 14636.58, 15926201, 1041
798, 2, 190, 598, 440, 0, 14.27%, 0, 0, 3, 15253.27, 15997204, 1041
803, 2, 190, 598, 440, 0, 14.27%, 0, 0, 3, 18309.51, 16097674, 1041
808, 2, 195, 599, 440, 0, 14.27%, 0, 0, 3, 13689.61, 16160977, 1041
813, 2, 195, 599, 440, 0, 14.27%, 0, 0, 3, 11104.49, 16212907, 1041
818, 2, 195, 599, 440, 0, 14.27%, 0, 0, 3, 8340.25, 16252589, 1041
823, 2, 195, 599, 440, 0, 14.27%, 0, 0, 3, 9656.32, 16303113, 1041
828, 2, 195, 599, 440, 0, 14.27%, 0, 0, 3, 8033.97, 16341801, 1041
833, 2, 195, 599, 440, 0, 14.27%, 0, 0, 3, 9615.96, 16394497, 1041
838, 2, 195, 599, 440, 0, 14.27%, 0, 0, 3, 8946.78, 16437026, 1041
843, 2, 195, 599, 440, 0, 14.27%, 0, 0, 3, 10439.81, 16492485, 1041
848, 2, 195, 599, 440, 0, 14.27%, 0, 0, 3, 11346.22, 16544237, 1041
854, 2, 195, 599, 440, 0, 14.27%, 0, 0, 3, 9667.43, 16597243, 1041
859, 2, 195, 599, 440, 0, 14.27%, 0, 0, 3, 11859.82, 16651989, 1041
864, 2, 195, 599, 440, 0, 14.27%, 0, 0, 3, 11211.07, 16710917, 1041
869, 2, 195, 599, 440, 0, 14.27%, 0, 0, 3, 9156.05, 16752099, 1041
874, 2, 195, 599, 440, 0, 14.27%, 0, 0, 3, 8447.42, 16795649, 1041
879, 2, 202, 600, 440, 0, 14.27%, 0, 0, 3, 7634.15, 16832806, 1041
884, 2, 202, 600, 440, 0, 14.27%, 0, 0, 3, 9274.90, 16879501, 1041
889, 2, 202, 600, 440, 0, 14.27%, 0, 0, 3, 10624.57, 16929375, 1041
894, 2, 202, 600, 440, 0, 14.27%, 0, 0, 3, 9819.16, 16984503, 1041
899, 2, 202, 600, 440, 0, 14.27%, 0, 0, 3, 10855.21, 17044963, 1041
904, 2, 202, 600, 440, 0, 14.27%, 0, 0, 3, 10976.97, 17102108, 1041
909, 2, 202, 600, 440, 0, 14.27%, 0, 0, 3, 12765.83, 17160387, 1041
914, 2, 202, 600, 440, 0, 14.27%, 0, 0, 3, 10306.29, 17210939, 1041
919, 2, 202, 600, 440, 0, 14.27%, 0, 0, 3, 13455.37, 17286069, 1041
924, 2, 202, 600, 440, 0, 14.27%, 0, 0, 3, 10165.23, 17336588, 1041
929, 2, 202, 600, 440, 0, 14.27%, 0, 0, 3, 9310.35, 17381900, 1041
935, 2, 205, 601, 440, 0, 14.27%, 0, 0, 3, 15916.23, 17478271, 1041
940, 2, 209, 602, 440, 0, 14.27%, 0, 0, 3, 20369.12, 17586826, 1041
945, 2, 209, 602, 440, 0, 14.27%, 0, 0, 3, 17479.29, 17679942, 1041
950, 2, 224, 602, 439, 0, 14.27%, 0, 0, 3, 21775.52, 17792420, 1041
955, 2, 228, 602, 439, 0, 14.27%, 0, 0, 3, 18087.63, 17885909, 1041
960, 2, 228, 602, 439, 0, 14.27%, 0, 0, 3, 20154.82, 17987135, 1041
965, 2, 247, 603, 438, 0, 14.27%, 0, 0, 3, 17024.07, 18085478, 1041
970, 2, 247, 603, 438, 0, 14.27%, 0, 0, 3, 20891.21, 18193466, 1041
975, 2, 247, 603, 438, 0, 14.27%, 0, 0, 3, 18896.19, 18294015, 1041
980, 2, 248, 603, 437, 0, 14.27%, 0, 0, 3, 23312.89, 18403092, 1041
986, 2, 250, 603, 436, 0, 14.27%, 0, 0, 3, 17870.84, 18499305, 1041
991, 2, 250, 603, 436, 0, 14.27%, 0, 0, 3, 20227.06, 18610338, 1041
996, 2, 250, 603, 436, 0, 14.27%, 0, 0, 3, 19783.12, 18701805, 1041
1001, 2, 258, 604, 436, 0, 14.27%, 0, 0, 3, 19006.03, 18794830, 1041
1006, 2, 258, 604, 436, 0, 14.27%, 0, 0, 3, 13065.25, 18857114, 1041
1011, 2, 258, 604, 436, 0, 14.27%, 0, 0, 3, 13876.62, 18921336, 1041
1016, 2, 258, 604, 436, 0, 14.27%, 0, 0, 3, 13965.18, 18995378, 1041
1021, 2, 258, 604, 436, 0, 14.27%, 0, 0, 3, 11598.42, 19051785, 1041
1026, 2, 272, 605, 434, 0, 14.27%, 0, 0, 3, 19421.60, 19147350, 1041
1031, 2, 272, 605, 434, 0, 14.27%, 0, 0, 3, 9224.75, 19180280, 1041
1036, 2, 272, 605, 434, 0, 14.27%, 0, 0, 3, 5779.02, 19206210, 1041
1041, 2, 272, 605, 434, 0, 14.27%, 0, 0, 3, 6339.30, 19236863, 1041
1047, 2, 272, 605, 434, 0, 14.27%, 0, 0, 3, 6378.12, 19269785, 1041
1052, 2, 272, 605, 434, 0, 14.27%, 0, 0, 3, 6196.88, 19301181, 1041
1057, 2, 272, 605, 434, 0, 14.27%, 0, 0, 3, 4807.03, 19324601, 1041
1062, 2, 272, 605, 434, 0, 14.27%, 0, 0, 3, 4340.86, 19345588, 1041
1067, 2, 272, 605, 434, 0, 14.27%, 0, 0, 3, 7858.53, 19387318, 1041
1072, 2, 272, 605, 434, 0, 14.27%, 0, 0, 3, 7418.79, 19426362, 1041
1077, 2, 272, 605, 434, 0, 14.27%, 0, 0, 3, 5746.33, 19454209, 1041
1082, 2, 272, 605, 434, 0, 14.27%, 0, 0, 3, 5337.59, 19480918, 1041
1087, 2, 272, 605, 434, 0, 14.27%, 0, 0, 3, 4374.82, 19501630, 1041
1092, 2, 272, 605, 434, 0, 14.27%, 0, 0, 3, 8650.93, 19543607, 1041
1097, 2, 272, 605, 434, 0, 14.27%, 0, 0, 3, 7906.35, 19582814, 1041
1102, 2, 272, 605, 434, 0, 14.27%, 0, 0, 3, 6982.68, 19617163, 1041
1107, 2, 272, 605, 434, 0, 14.27%, 0, 0, 3, 5444.36, 19642847, 1041
1113, 2, 272, 605, 434, 0, 14.27%, 0, 0, 3, 4896.60, 19666527, 1041
1118, 2, 272, 605, 434, 0, 14.27%, 0, 0, 3, 6063.30, 19696607, 1041
1123, 2, 272, 605, 434, 0, 14.27%, 0, 0, 3, 6186.29, 19725395, 1041
1128, 2, 272, 605, 434, 0, 14.27%, 0, 0, 3, 8124.79, 19767767, 1041
1133, 2, 272, 605, 434, 0, 14.27%, 0, 0, 3, 8573.98, 19809007, 1041
1138, 2, 272, 605, 434, 0, 14.27%, 0, 0, 3, 8559.45, 19853228, 1041
1143, 2, 272, 605, 434, 0, 14.27%, 0, 0, 3, 7397.89, 19890847, 1041
1148, 2, 272, 605, 434, 0, 14.27%, 0, 0, 3, 5633.76, 19917073, 1041
1153, 2, 272, 605, 434, 0, 14.27%, 0, 0, 3, 5087.05, 19942525, 1041
1158, 2, 272, 605, 434, 0, 14.27%, 0, 0, 3, 6262.28, 19974479, 1041
1163, 2, 272, 605, 434, 0, 14.27%, 0, 0, 3, 9840.22, 20032324, 1041
1168, 2, 272, 605, 434, 0, 14.27%, 0, 0, 3, 8747.18, 20073139, 1041
1173, 2, 272, 605, 434, 0, 14.27%, 0, 0, 3, 7558.55, 20111399, 1041
1178, 2, 272, 605, 434, 0, 14.27%, 0, 0, 3, 5929.51, 20139294, 1041
1183, 2, 272, 605, 434, 0, 14.27%, 0, 0, 3, 4787.20, 20162564, 1041
1188, 2, 272, 605, 434, 0, 14.27%, 0, 0, 3, 4980.57, 20187519, 1041
1194, 2, 272, 605, 434, 0, 14.27%, 0, 0, 3, 4934.01, 20213657, 1041
1199, 2, 276, 609, 437, 0, 14.27%, 0, 0, 3, 9413.24, 20254125, 1041
1204, 2, 278, 609, 437, 0, 14.27%, 0, 0, 3, 14400.97, 20339001, 1041
1209, 2, 278, 609, 437, 0, 14.27%, 0, 0, 3, 17661.04, 20425710, 1041
1214, 2, 286, 609, 436, 0, 14.27%, 0, 0, 3, 17270.24, 20517030, 1041
1219, 2, 286, 609, 436, 0, 14.27%, 0, 0, 3, 17697.21, 20602247, 1041
1224, 2, 286, 609, 436, 0, 14.27%, 0, 0, 3, 18622.28, 20709817, 1041
1229, 2, 298, 609, 435, 0, 14.27%, 0, 0, 3, 21545.36, 20810513, 1041
1234, 2, 299, 609, 434, 0, 14.27%, 0, 0, 3, 20571.97, 20922646, 1041
1239, 2, 300, 610, 434, 0, 14.27%, 0, 0, 3, 16949.09, 21012196, 1041
1244, 2, 303, 610, 433, 0, 14.27%, 0, 0, 3, 18649.58, 21122124, 1041
1249, 2, 303, 610, 433, 0, 14.27%, 0, 0, 3, 20508.18, 21219817, 1041
1254, 2, 303, 610, 433, 0, 14.27%, 0, 0, 3, 14805.90, 21291144, 1041
1259, 2, 306, 610, 432, 0, 14.27%, 0, 0, 3, 18274.20, 21393674, 1041
1264, 2, 306, 610, 432, 0, 14.27%, 0, 0, 3, 18424.36, 21497971, 1041
1269, 2, 306, 610, 432, 0, 14.27%, 0, 0, 3, 22714.18, 21612509, 1041
1274, 2, 307, 614, 435, 0, 14.27%, 0, 0, 3, 18520.67, 21709412, 1041
1280, 2, 307, 614, 435, 0, 14.27%, 0, 0, 3, 22259.74, 21823771, 1041
1285, 2, 308, 614, 434, 0, 14.27%, 0, 0, 3, 18102.71, 21917609, 1041
1290, 2, 308, 614, 434, 0, 14.27%, 0, 0, 3, 19230.78, 22011911, 1041
1295, 2, 312, 614, 433, 0, 14.27%, 0, 0, 3, 17213.82, 22098722, 1041
1300, 2, 313, 614, 432, 0, 14.27%, 0, 0, 3, 22121.98, 22204658, 1041
1305, 2, 314, 614, 431, 0, 14.27%, 0, 0, 3, 20699.94, 22309586, 1041
1310, 2, 316, 614, 430, 0, 14.27%, 0, 0, 3, 27274.01, 22451087, 1041
1315, 2, 316, 614, 430, 0, 14.27%, 0, 0, 3, 23690.14, 22576528, 1041
1320, 2, 326, 614, 429, 0, 14.27%, 0, 0, 3, 23727.72, 22692399, 1041
1325, 2, 329, 614, 428, 0, 14.27%, 0, 0, 3, 19910.23, 22798095, 1041
1330, 2, 333, 614, 427, 0, 14.27%, 0, 0, 3, 26170.20, 22940496, 1041
1335, 2, 333, 614, 427, 0, 14.27%, 0, 0, 3, 18611.95, 23031359, 1041
1341, 2, 335, 615, 427, 0, 14.27%, 0, 0, 3, 24383.22, 23164714, 1041
1346, 2, 335, 615, 427, 0, 14.27%, 0, 0, 3, 21570.94, 23277220, 1041
1351, 2, 346, 615, 425, 0, 14.27%, 0, 0, 3, 29084.34, 23432692, 1041
1356, 2, 348, 615, 424, 0, 14.27%, 0, 0, 3, 21867.99, 23542484, 1041
1361, 2, 366, 615, 423, 0, 14.27%, 0, 0, 3, 25568.00, 23659790, 1041
1366, 2, 367, 615, 422, 0, 14.27%, 0, 0, 3, 22514.38, 23773253, 1041
1371, 2, 368, 615, 421, 0, 14.27%, 0, 0, 3, 24943.03, 23907169, 1041
1376, 2, 368, 615, 421, 0, 14.27%, 0, 0, 3, 21830.38, 24015436, 1041
1381, 2, 373, 615, 420, 0, 14.27%, 0, 0, 3, 25013.92, 24146317, 1041
1386, 2, 382, 615, 419, 0, 14.27%, 0, 0, 3, 20267.00, 24243277, 1041
1391, 2, 394, 615, 418, 0, 14.27%, 0, 0, 3, 25254.92, 24375284, 1041
1397, 2, 397, 615, 417, 0, 14.27%, 0, 0, 3, 21071.20, 24478990, 1041
1402, 2, 397, 615, 417, 0, 14.27%, 0, 0, 3, 23087.64, 24596156, 1041
1407, 2, 398, 615, 416, 0, 14.27%, 0, 0, 3, 21806.44, 24703726, 1041
1412, 2, 398, 615, 416, 0, 14.27%, 0, 0, 3, 22357.59, 24821620, 1041
1417, 2, 398, 615, 416, 0, 14.27%, 0, 0, 3, 19752.55, 24916147, 1041
1422, 2, 399, 615, 415, 0, 14.27%, 0, 0, 3, 18651.42, 25006516, 1041
1427, 2, 399, 615, 415, 0, 14.27%, 0, 0, 3, 16364.94, 25085802, 1041
1432, 2, 399, 615, 415, 0, 14.27%, 0, 0, 3, 19372.89, 25186722, 1041
1437, 2, 399, 615, 415, 0, 14.27%, 0, 0, 3, 20016.77, 25286319, 1041
1442, 2, 401, 617, 416, 0, 14.27%, 0, 0, 3, 27253.93, 25420512, 1041
1447, 2, 404, 617, 414, 0, 14.27%, 0, 0, 3, 20883.30, 25522308, 1041
1452, 2, 404, 617, 414, 0, 14.27%, 0, 0, 3, 18375.37, 25612820, 1041
1457, 2, 404, 617, 414, 0, 14.27%, 0, 0, 3, 18016.75, 25697514, 1041
1462, 2, 411, 617, 413, 0, 14.27%, 0, 0, 3, 19733.44, 25792483, 1041
1467, 2, 412, 617, 412, 0, 14.27%, 0, 0, 3, 22179.54, 25901434, 1041
1472, 2, 414, 617, 411, 0, 14.27%, 0, 0, 3, 25148.81, 26035319, 1041
1478, 2, 414, 617, 411, 0, 14.27%, 0, 0, 3, 18913.99, 26122859, 1041
1483, 2, 419, 619, 412, 0, 14.27%, 0, 0, 3, 24796.67, 26237680, 1041
1488, 2, 420, 622, 414, 0, 14.27%, 0, 0, 3, 20832.29, 26332708, 1041
1493, 2, 420, 622, 414, 0, 14.27%, 0, 0, 3, 20419.31, 26434037, 1041
1498, 2, 420, 622, 414, 0, 14.27%, 0, 0, 3, 22154.31, 26535649, 1041
1503, 2, 423, 622, 413, 0, 14.27%, 0, 0, 3, 17129.57, 26624211, 1041
1508, 2, 423, 622, 413, 0, 14.27%, 0, 0, 3, 16137.26, 26696890, 1041
1513, 2, 423, 622, 413, 0, 14.27%, 0, 0, 3, 15084.37, 26775521, 1041
1518, 2, 423, 622, 413, 0, 14.27%, 0, 0, 3, 15151.38, 26843099, 1041
1523, 2, 423, 622, 413, 0, 14.27%, 0, 0, 3, 18618.64, 26942871, 1041
1528, 2, 423, 622, 413, 0, 14.27%, 0, 0, 3, 16850.69, 27024751, 1041
1533, 2, 424, 624, 414, 0, 14.27%, 0, 0, 3, 15700.17, 27103485, 1041
1538, 2, 424, 624, 414, 0, 14.27%, 0, 0, 3, 15543.28, 27176683, 1041
1543, 2, 424, 624, 414, 0, 14.27%, 0, 0, 3, 18423.05, 27272389, 1041
1549, 2, 424, 624, 414, 0, 14.27%, 0, 0, 3, 19571.62, 27375157, 1041
1554, 2, 425, 625, 414, 0, 14.27%, 0, 0, 3, 16187.07, 27461519, 1041
1559, 2, 431, 625, 413, 0, 14.27%, 0, 0, 3, 22565.44, 27578611, 1041
1564, 2, 435, 625, 412, 0, 14.27%, 0, 0, 3, 19259.33, 27687538, 1041
1569, 2, 435, 625, 412, 0, 14.27%, 0, 0, 3, 15348.02, 27758569, 1041
1574, 2, 435, 625, 412, 0, 14.27%, 0, 0, 3, 14072.46, 27832647, 1041
1579, 2, 435, 625, 412, 0, 14.27%, 0, 0, 3, 18215.96, 27925375, 1041
1585, 2, 435, 625, 412, 0, 14.27%, 0, 0, 3, 17844.50, 28019271, 1041
1590, 2, 435, 625, 412, 0, 14.27%, 0, 0, 3, 17952.33, 28108191, 1041
1595, 2, 444, 627, 413, 0, 14.27%, 0, 0, 3, 12924.20, 28170485, 1041
1600, 2, 444, 627, 413, 0, 14.27%, 0, 0, 3, 13879.00, 28240316, 1041
1605, 2, 444, 627, 413, 0, 14.27%, 0, 0, 3, 12504.10, 28309288, 1041
1610, 2, 444, 627, 413, 0, 14.27%, 0, 0, 3, 17434.16, 28396346, 1041
1615, 2, 444, 627, 413, 0, 14.27%, 0, 0, 3, 14961.86, 28480652, 1041
1620, 2, 444, 627, 413, 0, 14.27%, 0, 0, 3, 10837.93, 28530456, 1041
1625, 2, 448, 628, 413, 0, 14.27%, 0, 0, 3, 12541.86, 28596375, 1041
1630, 2, 450, 628, 412, 0, 14.27%, 0, 0, 3, 19647.98, 28712318, 1041
1636, 2, 450, 628, 412, 0, 14.27%, 0, 0, 3, 14021.44, 28789856, 1041
1641, 2, 450, 628, 412, 0, 14.27%, 0, 0, 3, 15192.00, 28868972, 1041
1646, 2, 455, 628, 411, 0, 14.27%, 0, 0, 3, 14597.11, 28948087, 1041
1651, 2, 455, 628, 411, 0, 14.27%, 0, 0, 3, 18918.93, 29017384, 1041
1656, 2, 455, 628, 411, 0, 14.27%, 0, 0, 3, 16300.74, 29094113, 1041
1661, 2, 455, 628, 411, 0, 14.27%, 0, 0, 3, 9610.65, 29149235, 1041
1666, 2, 456, 629, 411, 0, 14.27%, 0, 0, 3, 11199.93, 29207181, 1041
1672, 2, 456, 629, 411, 0, 14.27%, 0, 0, 3, 19070.88, 29312563, 1041
1677, 2, 456, 629, 411, 0, 14.27%, 0, 0, 3, 20484.61, 29413853, 1041
1682, 2, 456, 629, 411, 0, 14.27%, 0, 0, 3, 20450.94, 29518692, 1041
1687, 2, 458, 629, 410, 0, 14.27%, 0, 0, 3, 15354.48, 29582965, 1041
1692, 2, 458, 629, 410, 0, 14.27%, 0, 0, 3, 19781.22, 29686936, 1041
1697, 2, 458, 629, 410, 0, 14.27%, 0, 0, 3, 20469.44, 29785326, 1041
1702, 2, 466, 630, 410, 0, 14.27%, 0, 0, 3, 20287.01, 29885885, 1041
1707, 2, 466, 630, 410, 0, 14.27%, 0, 0, 3, 20039.66, 29978816, 1041
1712, 2, 467, 631, 410, 0, 14.27%, 0, 0, 3, 20565.51, 30093985, 1041
1717, 2, 467, 631, 410, 0, 14.27%, 0, 0, 3, 15159.92, 30162064, 1041
1722, 2, 467, 631, 410, 0, 14.27%, 0, 0, 3, 16246.00, 30243551, 1041
1727, 2, 467, 631, 410, 0, 14.27%, 0, 0, 3, 18820.17, 30341061, 1041
1732, 2, 467, 631, 410, 0, 14.27%, 0, 0, 3, 16581.56, 30425628, 1041
1738, 2, 469, 631, 409, 0, 14.27%, 0, 0, 3, 20040.82, 30523316, 1041
1743, 2, 469, 631, 409, 0, 14.27%, 0, 0, 3, 22893.75, 30647918, 1041
1748, 2, 470, 632, 409, 0, 14.27%, 0, 0, 3, 19368.15, 30735841, 1041
1753, 2, 470, 632, 409, 0, 14.27%, 0, 0, 3, 20251.24, 30840787, 1041
1758, 2, 470, 632, 409, 0, 14.27%, 0, 0, 3, 22190.40, 30950151, 1041
1763, 2, 472, 632, 408, 0, 14.27%, 0, 0, 3, 17581.34, 31038953, 1041
1768, 2, 476, 632, 407, 0, 14.27%, 0, 0, 3, 24246.14, 31170154, 1041
1773, 2, 481, 633, 407, 0, 14.27%, 0, 0, 3, 24018.07, 31307711, 1041
1779, 2, 481, 633, 407, 0, 14.27%, 0, 0, 3, 20190.22, 31406657, 1041
1784, 2, 485, 633, 406, 0, 14.27%, 0, 0, 3, 14548.47, 31478312, 1041
1789, 2, 485, 633, 406, 0, 14.27%, 0, 0, 3, 14362.99, 31546113, 1041
1794, 2, 485, 633, 406, 0, 14.27%, 0, 0, 3, 14308.12, 31622500, 1041
1799, 2, 485, 633, 406, 0, 14.27%, 0, 0, 3, 16070.82, 31695298, 1041
1804, 2, 485, 633, 406, 0, 14.27%, 0, 0, 3, 15168.77, 31781546, 1041
1809, 2, 485, 633, 406, 0, 14.27%, 0, 0, 3, 16386.25, 31861154, 1041
1814, 2, 485, 633, 406, 0, 14.27%, 0, 0, 3, 13961.20, 31936534, 1041
1819, 2, 489, 634, 406, 0, 14.27%, 0, 0, 3, 18767.09, 32020492, 1041
1824, 2, 492, 634, 405, 0, 14.27%, 0, 0, 3, 20240.21, 32132259, 1041
1829, 2, 493, 634, 404, 0, 14.27%, 0, 0, 3, 18406.19, 32236422, 1041
1834, 2, 493, 634, 404, 0, 14.27%, 0, 0, 3, 8987.99, 32268581, 1041
1840, 2, 493, 634, 404, 0, 14.27%, 0, 0, 3, 7756.13, 32302783, 1041
1845, 2, 493, 634, 404, 0, 14.27%, 0, 0, 3, 7079.82, 32340086, 1041
1850, 2, 493, 634, 404, 0, 14.27%, 0, 0, 3, 6422.93, 32371960, 1041
1855, 2, 493, 634, 404, 0, 14.27%, 0, 0, 3, 5035.83, 32397286, 1041
1860, 2, 493, 634, 404, 0, 14.27%, 0, 0, 3, 7914.67, 32435697, 1041
1865, 2, 493, 634, 404, 0, 14.27%, 0, 0, 3, 7542.69, 32475824, 1041
1870, 2, 493, 634, 404, 0, 14.27%, 0, 0, 3, 6618.42, 32508371, 1041
1875, 2, 493, 634, 404, 0, 14.27%, 0, 0, 3, 4931.36, 32531843, 1041
1880, 2, 493, 634, 404, 0, 14.27%, 0, 0, 3, 4513.25, 32554873, 1041
1886, 2, 493, 634, 404, 0, 14.27%, 0, 0, 3, 6949.71, 32596919, 1041
1891, 2, 493, 634, 404, 0, 14.27%, 0, 0, 3, 7607.08, 32638543, 1041
1896, 2, 493, 634, 404, 0, 14.27%, 0, 0, 3, 6112.92, 32668404, 1041
1901, 2, 493, 634, 404, 0, 14.27%, 0, 0, 3, 4852.48, 32692729, 1041
1906, 2, 493, 634, 404, 0, 14.27%, 0, 0, 3, 5822.44, 32722477, 1041
1911, 2, 493, 634, 404, 0, 14.27%, 0, 0, 3, 8618.57, 32763905, 1041
1916, 2, 493, 634, 404, 0, 14.27%, 0, 0, 3, 8176.06, 32805509, 1041
1921, 2, 493, 634, 404, 0, 14.27%, 0, 0, 3, 7187.50, 32838157, 1041
1926, 2, 493, 634, 404, 0, 14.27%, 0, 0, 3, 7575.55, 32880017, 1041
1931, 2, 493, 634, 404, 0, 14.27%, 0, 0, 3, 7265.23, 32918930, 1041
1937, 2, 493, 634, 404, 0, 14.27%, 0, 0, 3, 5498.98, 32945448, 1041
1942, 2, 493, 634, 404, 0, 14.27%, 0, 0, 3, 8481.04, 32986097, 1041
1947, 2, 493, 634, 404, 0, 14.27%, 0, 0, 3, 9828.66, 33036932, 1041
1952, 2, 493, 634, 404, 0, 14.27%, 0, 0, 3, 10831.97, 33094161, 1041
1957, 2, 493, 634, 404, 0, 14.27%, 0, 0, 3, 8317.92, 33132933, 1041
1962, 2, 493, 634, 404, 0, 14.27%, 0, 0, 3, 7135.55, 33165275, 1041
1967, 2, 493, 634, 404, 0, 14.27%, 0, 0, 3, 7433.53, 33201101, 1041
1972, 2, 493, 634, 404, 0, 14.27%, 0, 0, 3, 6307.38, 33233209, 1041
1977, 2, 493, 634, 404, 0, 14.27%, 0, 0, 3, 5245.21, 33258051, 1041
1983, 2, 493, 634, 404, 0, 14.27%, 0, 0, 3, 5690.74, 33289581, 1041
1988, 2, 493, 634, 404, 0, 14.27%, 0, 0, 3, 5147.63, 33314259, 1041
1993, 2, 493, 634, 404, 0, 14.27%, 0, 0, 3, 6110.08, 33342536, 1041
1998, 2, 498, 636, 405, 0, 14.27%, 0, 0, 3, 10267.20, 33394553, 1041
2003, 2, 498, 636, 405, 0, 14.27%, 0, 0, 3, 11321.63, 33454995, 1041
2008, 2, 498, 636, 405, 0, 14.27%, 0, 0, 3, 9344.03, 33501976, 1041
2013, 2, 498, 636, 405, 0, 14.27%, 0, 0, 3, 11926.00, 33567195, 1041
2018, 2, 498, 636, 405, 0, 14.27%, 0, 0, 3, 9274.85, 33609709, 1041
2023, 2, 498, 636, 405, 0, 14.27%, 0, 0, 3, 10463.57, 33660913, 1041
2028, 2, 498, 636, 405, 0, 14.27%, 0, 0, 3, 11333.11, 33717527, 1041
2033, 2, 498, 636, 405, 0, 14.27%, 0, 0, 3, 13636.67, 33786737, 1041
2038, 2, 498, 636, 405, 0, 14.27%, 0, 0, 3, 14136.03, 33849691, 1041
2043, 2, 498, 636, 405, 0, 14.27%, 0, 0, 3, 13892.79, 33927925, 1041
2048, 2, 498, 636, 405, 0, 14.27%, 0, 0, 3, 11818.75, 33982041, 1041
2053, 2, 498, 636, 405, 0, 14.27%, 0, 0, 3, 11144.01, 34040309, 1041
2058, 2, 498, 636, 405, 0, 14.27%, 0, 0, 3, 11007.05, 34091225, 1041
2064, 2, 499, 638, 406, 0, 14.27%, 0, 0, 3, 10172.80, 34147467, 1041
2069, 2, 499, 638, 406, 0, 14.27%, 0, 0, 3, 7033.29, 34178017, 1041
2074, 2, 499, 638, 406, 0, 14.27%, 0, 0, 3, 6442.63, 34210273, 1041
2079, 2, 499, 638, 406, 0, 14.27%, 0, 0, 3, 6379.49, 34243000, 1041
2084, 2, 499, 638, 406, 0, 14.27%, 0, 0, 3, 6100.75, 34274530, 1041
2089, 2, 499, 638, 406, 0, 14.27%, 0, 0, 3, 5912.60, 34303516, 1041
2094, 2, 499, 638, 406, 0, 14.27%, 0, 0, 3, 5712.70, 34331622, 1041
2099, 2, 499, 638, 406, 0, 14.27%, 0, 0, 3, 8265.39, 34374579, 1041
2104, 2, 499, 638, 406, 0, 14.27%, 0, 0, 3, 7224.80, 34411801, 1041
2109, 2, 499, 638, 406, 0, 14.27%, 0, 0, 3, 6173.32, 34440753, 1041
2114, 2, 499, 638, 406, 0, 14.27%, 0, 0, 3, 5185.49, 34466539, 1041
2119, 2, 499, 638, 406, 0, 14.27%, 0, 0, 3, 8107.23, 34511754, 1041
2124, 2, 499, 638, 406, 0, 14.27%, 0, 0, 3, 7370.63, 34550858, 1041
2130, 2, 499, 638, 406, 0, 14.27%, 0, 0, 3, 5609.29, 34577757, 1041
2135, 2, 499, 638, 406, 0, 14.27%, 0, 0, 3, 4586.97, 34600653, 1041
2140, 2, 499, 638, 406, 0, 14.27%, 0, 0, 3, 6329.57, 34634203, 1041
2145, 2, 499, 638, 406, 0, 14.27%, 0, 0, 3, 7081.61, 34668139, 1041
2150, 2, 499, 638, 406, 0, 14.27%, 0, 0, 3, 7357.68, 34707917, 1041
2155, 2, 499, 638, 406, 0, 14.27%, 0, 0, 3, 7707.42, 34746041, 1041
2160, 2, 499, 638, 406, 0, 14.27%, 0, 0, 3, 7692.98, 34784474, 1041
2165, 2, 499, 638, 406, 0, 14.27%, 0, 0, 3, 5811.98, 34813687, 1041
2170, 2, 499, 638, 406, 0, 14.27%, 0, 0, 3, 5760.14, 34841390, 1041
2175, 2, 499, 638, 406, 0, 14.27%, 0, 0, 3, 6070.63, 34872065, 1041
2180, 2, 499, 638, 406, 0, 14.27%, 0, 0, 3, 7377.58, 34912331, 1041
2185, 2, 499, 638, 406, 0, 14.27%, 0, 0, 3, 7459.20, 34952912, 1041
2190, 2, 499, 638, 406, 0, 14.27%, 0, 0, 3, 9769.55, 35003569, 1041
2195, 2, 499, 638, 406, 0, 14.27%, 0, 0, 3, 7820.95, 35043182, 1041
2200, 2, 499, 638, 406, 0, 14.27%, 0, 0, 3, 7623.38, 35083121, 1041
2205, 2, 499, 638, 406, 0, 14.27%, 0, 0, 3, 6878.03, 35116433, 1041
2211, 2, 499, 638, 406, 0, 14.27%, 0, 0, 3, 6070.20, 35145998, 1041
2216, 2, 499, 638, 406, 0, 14.27%, 0, 0, 3, 6204.45, 35179723, 1041
2221, 2, 499, 638, 406, 0, 14.27%, 0, 0, 3, 5804.76, 35209376, 1041
2226, 2, 500, 639, 406, 0, 14.27%, 0, 0, 3, 9956.36, 35253939, 1041
2231, 2, 500, 639, 406, 0, 14.27%, 0, 0, 3, 15989.02, 35344924, 1041
2236, 2, 500, 639, 406, 0, 14.27%, 0, 0, 3, 18343.99, 35439342, 1041
2241, 2, 500, 639, 406, 0, 14.27%, 0, 0, 3, 22498.10, 35560486, 1041
2246, 2, 501, 639, 405, 0, 14.27%, 0, 0, 3, 18351.77, 35649226, 1041
2251, 2, 515, 639, 404, 0, 14.27%, 0, 0, 3, 22263.14, 35776434, 1041
2256, 2, 515, 639, 404, 0, 14.27%, 0, 0, 3, 16324.52, 35856274, 1041
2261, 2, 515, 639, 404, 0, 14.27%, 0, 0, 3, 16407.71, 35933240, 1041
2266, 2, 515, 639, 404, 0, 14.27%, 0, 0, 3, 17460.77, 36021828, 1041
2271, 2, 515, 639, 404, 0, 14.27%, 0, 0, 3, 21333.16, 36135537, 1041
2277, 2, 515, 639, 404, 0, 14.27%, 0, 0, 3, 17588.45, 36217821, 1041
2282, 2, 529, 639, 403, 0, 14.27%, 0, 0, 3, 16105.64, 36298837, 1041
2287, 2, 529, 639, 403, 0, 14.27%, 0, 0, 3, 14568.92, 36369688, 1041
2292, 2, 529, 639, 403, 0, 14.27%, 0, 0, 3, 15549.95, 36448569, 1041
2297, 2, 529, 639, 403, 0, 14.27%, 0, 0, 3, 12470.07, 36505238, 1041
2302, 2, 529, 639, 403, 0, 14.27%, 0, 0, 3, 16275.47, 36587575, 1041
2307, 2, 529, 639, 403, 0, 14.27%, 0, 0, 3, 12008.31, 36648507, 1041
2312, 2, 529, 639, 403, 0, 14.27%, 0, 0, 3, 19100.29, 36755533, 1041
2317, 2, 529, 639, 403, 0, 14.27%, 0, 0, 3, 13177.63, 36816623, 1041
2322, 2, 529, 639, 403, 0, 14.27%, 0, 0, 3, 13575.67, 36883375, 1041
2327, 2, 529, 639, 403, 0, 14.27%, 0, 0, 3, 11725.76, 36938998, 1041
2333, 2, 537, 640, 403, 0, 14.27%, 0, 0, 3, 15024.28, 37024615, 1041
2338, 2, 537, 640, 403, 0, 14.27%, 0, 0, 3, 13524.61, 37088260, 1041
2343, 2, 537, 640, 403, 0, 14.27%, 0, 0, 3, 15244.77, 37173650, 1041
2348, 2, 537, 640, 403, 0, 14.27%, 0, 0, 3, 13776.84, 37238125, 1041
2353, 2, 537, 640, 403, 0, 14.27%, 0, 0, 3, 17919.62, 37336864, 1041
2358, 2, 537, 640, 403, 0, 14.27%, 0, 0, 3, 18578.45, 37426325, 1041
2363, 2, 537, 640, 403, 0, 14.27%, 0, 0, 3, 16785.41, 37513741, 1041
2368, 2, 537, 640, 403, 0, 14.27%, 0, 0, 3, 14096.14, 37578509, 1041
2374, 2, 542, 640, 402, 0, 14.27%, 0, 0, 3, 11260.76, 37635506, 1041
2379, 2, 542, 640, 402, 0, 14.27%, 0, 0, 3, 9446.94, 37682715, 1041
2384, 2, 542, 640, 402, 0, 14.27%, 0, 0, 3, 10317.39, 37734054, 1041
2389, 2, 542, 640, 402, 0, 14.27%, 0, 0, 3, 10781.08, 37785889, 1041
2394, 2, 542, 640, 402, 0, 14.27%, 0, 0, 3, 11435.61, 37845776, 1041
2399, 2, 542, 640, 402, 0, 14.27%, 0, 0, 3, 11009.51, 37898944, 1041
2404, 2, 542, 640, 402, 0, 14.27%, 0, 0, 3, 12287.68, 37960867, 1041
2409, 2, 542, 640, 402, 0, 14.27%, 0, 0, 3, 13704.32, 38024304, 1041
2414, 2, 542, 640, 402, 0, 14.27%, 0, 0, 3, 13052.55, 38098707, 1041
2419, 2, 542, 640, 402, 0, 14.27%, 0, 0, 3, 18770.29, 38190706, 1041
2424, 2, 542, 640, 402, 0, 14.27%, 0, 0, 3, 13900.00, 38259252, 1041
2429, 2, 542, 640, 402, 0, 14.27%, 0, 0, 3, 12267.83, 38318257, 1041
2434, 2, 542, 640, 402, 0, 14.27%, 0, 0, 3, 12746.77, 38383073, 1041
2439, 2, 542, 640, 402, 0, 14.27%, 0, 0, 3, 11145.07, 38436906, 1041
2444, 2, 547, 642, 403, 0, 14.27%, 0, 0, 3, 10523.00, 38491279, 1041
2449, 2, 547, 642, 403, 0, 14.27%, 0, 0, 3, 10650.03, 38543435, 1041
2454, 2, 547, 642, 403, 0, 14.27%, 0, 0, 3, 9857.25, 38593155, 1041
2460, 2, 547, 642, 403, 0, 14.27%, 0, 0, 3, 11189.78, 38649282, 1041
2465, 2, 547, 642, 403, 0, 14.27%, 0, 0, 3, 10260.64, 38701362, 1041
2470, 2, 547, 642, 403, 0, 14.27%, 0, 0, 3, 11334.74, 38757612, 1041
2475, 2, 547, 642, 403, 0, 14.27%, 0, 0, 3, 9017.65, 38802963, 1041
2480, 2, 547, 642, 403, 0, 14.27%, 0, 0, 3, 9429.58, 38847559, 1041
2485, 2, 547, 642, 403, 0, 14.27%, 0, 0, 3, 8254.45, 38888405, 1041
2490, 2, 547, 642, 403, 0, 14.27%, 0, 0, 3, 9997.17, 38940644, 1041
2495, 2, 547, 642, 403, 0, 14.27%, 0, 0, 3, 13105.09, 39016796, 1041
2500, 2, 547, 642, 403, 0, 14.27%, 0, 0, 3, 9964.32, 39063632, 1041
2505, 2, 547, 642, 403, 0, 14.27%, 0, 0, 3, 10198.93, 39123993, 1041
2510, 2, 547, 642, 403, 0, 14.27%, 0, 0, 3, 13984.38, 39199684, 1041
2515, 2, 547, 642, 403, 0, 14.27%, 0, 0, 3, 10990.33, 39252854, 1041
2520, 2, 547, 642, 403, 0, 14.27%, 0, 0, 3, 11793.16, 39309970, 1041
2525, 2, 547, 642, 403, 0, 14.27%, 0, 0, 3, 9429.31, 39357864, 1041
2530, 2, 547, 642, 403, 0, 14.27%, 0, 0, 3, 9748.16, 39407294, 1041
2536, 2, 551, 643, 403, 0, 14.27%, 0, 0, 3, 8314.96, 39451016, 1041
2541, 2, 551, 643, 403, 0, 14.27%, 0, 0, 3, 6120.74, 39478982, 1041
2546, 2, 551, 643, 403, 0, 14.27%, 0, 0, 3, 5266.89, 39505044, 1041
2551, 2, 551, 643, 403, 0, 14.27%, 0, 0, 3, 5766.06, 39535148, 1041
2556, 2, 551, 643, 403, 0, 14.27%, 0, 0, 3, 5654.44, 39563473, 1041
2561, 2, 551, 643, 403, 0, 14.27%, 0, 0, 3, 5787.80, 39592616, 1041
2566, 2, 551, 643, 403, 0, 14.27%, 0, 0, 3, 5948.27, 39623376, 1041
2571, 2, 551, 643, 403, 0, 14.27%, 0, 0, 3, 6078.01, 39654306, 1041
2576, 2, 551, 643, 403, 0, 14.27%, 0, 0, 3, 5520.02, 39681676, 1041
2581, 2, 551, 643, 403, 0, 14.27%, 0, 0, 3, 5636.46, 39711051, 1041
2586, 2, 551, 643, 403, 0, 14.27%, 0, 0, 3, 5221.96, 39737704, 1041
2592, 2, 551, 643, 403, 0, 14.27%, 0, 0, 3, 5502.15, 39765606, 1041
2597, 2, 551, 643, 403, 0, 14.27%, 0, 0, 3, 5753.39, 39793135, 1041
2602, 2, 551, 643, 403, 0, 14.27%, 0, 0, 3, 6555.24, 39828000, 1041
2607, 2, 551, 643, 403, 0, 14.27%, 0, 0, 3, 5796.81, 39856858, 1041
2612, 2, 551, 643, 403, 0, 14.27%, 0, 0, 3, 6149.06, 39888790, 1041
2617, 2, 551, 643, 403, 0, 14.27%, 0, 0, 3, 5595.79, 39916991, 1041
2622, 2, 551, 643, 403, 0, 14.27%, 0, 0, 3, 5388.05, 39944383, 1041
2627, 2, 551, 643, 403, 0, 14.27%, 0, 0, 3, 4909.63, 39968815, 1041
2632, 2, 551, 643, 403, 0, 14.27%, 0, 0, 3, 6786.62, 40002460, 1041
2637, 2, 551, 643, 403, 0, 14.27%, 0, 0, 3, 7272.18, 40038899, 1041
2642, 2, 551, 643, 403, 0, 14.27%, 0, 0, 3, 6477.76, 40071471, 1041
2648, 2, 551, 643, 403, 0, 14.27%, 0, 0, 3, 5988.23, 40101054, 1041
2653, 2, 551, 643, 403, 0, 14.27%, 0, 0, 3, 5615.83, 40129550, 1041
2658, 2, 551, 643, 403, 0, 14.27%, 0, 0, 3, 5346.41, 40156022, 1041
2663, 2, 551, 643, 403, 0, 14.27%, 0, 0, 3, 5640.49, 40184617, 1041
2668, 2, 551, 643, 403, 0, 14.27%, 0, 0, 3, 4946.05, 40207241, 1041
2673, 2, 551, 643, 403, 0, 14.27%, 0, 0, 3, 5278.86, 40233833, 1041
2678, 2, 551, 643, 403, 0, 14.27%, 0, 0, 3, 5236.78, 40260421, 1041
2683, 2, 551, 643, 403, 0, 14.27%, 0, 0, 3, 5245.12, 40287575, 1041
2688, 2, 551, 643, 403, 0, 14.27%, 0, 0, 3, 5134.71, 40313545, 1041
2693, 2, 551, 643, 403, 0, 14.27%, 0, 0, 3, 5795.25, 40343071, 1041
2698, 2, 551, 643, 403, 0, 14.27%, 0, 0, 3, 6564.90, 40376395, 1041
2703, 2, 551, 643, 403, 0, 14.27%, 0, 0, 3, 6170.30, 40408428, 1041
2708, 2, 551, 643, 403, 0, 14.27%, 0, 0, 3, 5601.97, 40435498, 1041
2714, 2, 551, 643, 403, 0, 14.27%, 0, 0, 3, 23234.00, 40508409, 1041
2719, 2, 551, 643, 403, 0, 14.27%, 0, 0, 3, 13532.30, 40566835, 1041
2724, 2, 551, 643, 403, 0, 14.27%, 0, 0, 3, 8864.68, 40608187, 1041
2729, 2, 551, 643, 403, 0, 14.27%, 0, 0, 3, 7102.47, 40642361, 1041
2734, 2, 551, 643, 403, 0, 14.27%, 0, 0, 3, 5778.60, 40670629, 1041
2739, 2, 551, 643, 403, 0, 14.27%, 0, 0, 3, 4944.94, 40694993, 1041
2744, 2, 551, 643, 403, 0, 14.27%, 0, 0, 3, 5156.02, 40720697, 1041
2749, 2, 551, 643, 403, 0, 14.27%, 0, 0, 3, 9018.59, 40772801, 1041
2754, 2, 551, 643, 403, 0, 14.27%, 0, 0, 3, 8589.76, 40815325, 1041
2759, 2, 551, 643, 403, 0, 14.27%, 0, 0, 3, 9518.87, 40864123, 1041
2765, 2, 551, 643, 403, 0, 14.27%, 0, 0, 3, 8004.91, 40904789, 1041
2770, 2, 551, 643, 403, 0, 14.27%, 0, 0, 3, 8309.37, 40947329, 1041
2775, 2, 551, 643, 403, 0, 14.27%, 0, 0, 3, 6718.61, 40981201, 1041
2780, 2, 551, 643, 403, 0, 14.27%, 0, 0, 3, 7232.47, 41015417, 1041
2785, 2, 551, 643, 403, 0, 14.27%, 0, 0, 3, 8969.96, 41061705, 1041
2790, 2, 551, 643, 403, 0, 14.27%, 0, 0, 3, 7737.42, 41100089, 1041
2795, 2, 551, 643, 403, 0, 14.27%, 0, 0, 3, 6387.33, 41130965, 1041
2800, 2, 551, 643, 403, 0, 14.27%, 0, 0, 3, 6530.06, 41164089, 1041
2805, 2, 551, 643, 403, 0, 14.27%, 0, 0, 3, 6229.64, 41195651, 1041
2810, 2, 551, 643, 403, 0, 14.27%, 0, 0, 3, 6465.33, 41226481, 1041
2815, 2, 551, 643, 403, 0, 14.27%, 0, 0, 3, 5654.32, 41254673, 1041
2820, 2, 551, 643, 403, 0, 14.27%, 0, 0, 3, 5719.36, 41282717, 1041
2825, 2, 551, 643, 403, 0, 14.27%, 0, 0, 3, 4722.86, 41306105, 1041
2830, 2, 551, 643, 403, 0, 14.27%, 0, 0, 3, 4494.35, 41327729, 1041
2835, 2, 551, 643, 403, 0, 14.27%, 0, 0, 3, 4001.14, 41348166, 1041
2840, 2, 551, 643, 403, 0, 14.27%, 0, 0, 3, 4591.46, 41371331, 1041
2846, 2, 551, 643, 403, 0, 14.27%, 0, 0, 3, 4454.86, 41394785, 1041
2851, 2, 551, 643, 403, 0, 14.27%, 0, 0, 3, 4668.69, 41418620, 1041
2856, 2, 554, 644, 403, 0, 14.27%, 0, 0, 3, 5580.69, 41446783, 1041
2861, 2, 554, 644, 403, 0, 14.27%, 0, 0, 3, 5401.01, 41473340, 1041
2866, 2, 554, 644, 403, 0, 14.27%, 0, 0, 3, 5979.22, 41504465, 1041
2871, 2, 554, 644, 403, 0, 14.27%, 0, 0, 3, 6278.62, 41535932, 1041
2876, 2, 554, 644, 403, 0, 14.27%, 0, 0, 3, 6369.27, 41568499, 1041
2881, 2, 554, 644, 403, 0, 14.27%, 0, 0, 3, 6318.62, 41600426, 1041
2886, 2, 554, 644, 403, 0, 14.27%, 0, 0, 3, 6082.09, 41631482, 1041
2891, 2, 554, 644, 403, 0, 14.27%, 0, 0, 3, 5896.96, 41662382, 1041
2896, 2, 554, 644, 403, 0, 14.27%, 0, 0, 3, 4734.02, 41686322, 1041
2901, 2, 554, 644, 403, 0, 14.27%, 0, 0, 3, 5385.93, 41711802, 1041
2906, 2, 554, 644, 403, 0, 14.27%, 0, 0, 3, 5739.89, 41741934, 1041
2911, 2, 554, 644, 403, 0, 14.27%, 0, 0, 3, 5814.87, 41773329, 1041
2916, 2, 554, 644, 403, 0, 14.27%, 0, 0, 3, 4493.84, 41796493, 1041
2921, 2, 554, 644, 403, 0, 14.27%, 0, 0, 3, 4904.82, 41820104, 1041
2926, 2, 554, 644, 403, 0, 14.27%, 0, 0, 3, 5284.81, 41847562, 1041
2931, 2, 554, 644, 403, 0, 14.27%, 0, 0, 3, 6015.41, 41877954, 1041
2936, 2, 554, 644, 403, 0, 14.27%, 0, 0, 3, 7302.71, 41912917, 1041
2942, 2, 554, 644, 403, 0, 14.27%, 0, 0, 3, 7816.46, 41955120, 1041
2947, 2, 554, 644, 403, 0, 14.27%, 0, 0, 3, 6355.10, 41984887, 1041
2952, 2, 554, 644, 403, 0, 14.27%, 0, 0, 3, 6057.55, 42015500, 1041
2957, 2, 554, 644, 403, 0, 14.27%, 0, 0, 3, 5218.89, 42040978, 1041
2962, 2, 554, 644, 403, 0, 14.27%, 0, 0, 3, 5696.65, 42069229, 1041
2967, 2, 554, 644, 403, 0, 14.27%, 0, 0, 3, 5986.27, 42100294, 1041
2972, 2, 554, 644, 403, 0, 14.27%, 0, 0, 3, 6883.73, 42136742, 1041
2977, 2, 554, 644, 403, 0, 14.27%, 0, 0, 3, 5836.63, 42163893, 1041
2982, 2, 554, 644, 403, 0, 14.27%, 0, 0, 3, 8047.83, 42203944, 1041
2987, 2, 554, 644, 403, 0, 14.27%, 0, 0, 3, 7163.74, 42239412, 1041
2992, 2, 554, 644, 403, 0, 14.27%, 0, 0, 3, 6854.55, 42273184, 1041
2997, 2, 554, 644, 403, 0, 14.27%, 0, 0, 3, 11568.17, 42340612, 1041
3002, 2, 554, 644, 403, 0, 14.27%, 0, 0, 3, 9357.55, 42387061, 1041
3007, 2, 554, 644, 403, 0, 14.27%, 0, 0, 3, 7493.63, 42422495, 1041
3012, 2, 554, 644, 403, 0, 14.27%, 0, 0, 3, 6927.85, 42456736, 1041
3017, 2, 554, 644, 403, 0, 14.27%, 0, 0, 3, 9800.94, 42498312, 1041
3022, 2, 554, 644, 403, 0, 14.27%, 0, 0, 3, 12049.20, 42557941, 1041
3028, 2, 554, 644, 403, 0, 14.27%, 0, 0, 3, 8851.88, 42598309, 1041
3033, 2, 554, 644, 403, 0, 14.27%, 0, 0, 3, 9331.95, 42648055, 1041
3038, 2, 554, 644, 403, 0, 14.27%, 0, 0, 3, 8119.83, 42686789, 1041
3043, 2, 554, 644, 403, 0, 14.27%, 0, 0, 3, 10423.28, 42740725, 1041
3048, 2, 554, 644, 403, 0, 14.27%, 0, 0, 3, 9376.77, 42782701, 1041
3053, 2, 554, 644, 403, 0, 14.27%, 0, 0, 3, 8922.83, 42828349, 1041
3058, 2, 554, 644, 403, 0, 14.27%, 0, 0, 3, 7202.75, 42862693, 1041
3063, 2, 554, 644, 403, 0, 14.27%, 0, 0, 3, 7101.67, 42898837, 1041
3068, 2, 554, 644, 403, 0, 14.27%, 0, 0, 3, 6853.59, 42931219, 1041
3073, 2, 554, 644, 403, 0, 14.27%, 0, 0, 3, 6333.79, 42963376, 1041
3078, 2, 554, 644, 403, 0, 14.27%, 0, 0, 3, 6246.22, 42993688, 1041
3083, 2, 554, 644, 403, 0, 14.27%, 0, 0, 3, 6021.87, 43024910, 1041
3089, 2, 554, 644, 403, 0, 14.27%, 0, 0, 3, 5871.58, 43052429, 1041
3094, 2, 559, 645, 403, 0, 14.27%, 0, 0, 3, 10426.28, 43113886, 1041
3099, 2, 559, 645, 403, 0, 14.27%, 0, 0, 3, 10752.32, 43171779, 1041
3104, 2, 559, 645, 403, 0, 14.27%, 0, 0, 3, 11605.10, 43234346, 1041
3109, 2, 559, 645, 403, 0, 14.27%, 0, 0, 3, 11727.62, 43290972, 1041
3114, 2, 559, 645, 403, 0, 14.27%, 0, 0, 3, 12096.71, 43355302, 1041
3119, 2, 559, 645, 403, 0, 14.27%, 0, 0, 3, 13242.13, 43422193, 1041
3124, 2, 559, 645, 403, 0, 14.27%, 0, 0, 3, 14865.01, 43509792, 1041
3129, 2, 559, 645, 403, 0, 14.27%, 0, 0, 3, 17687.86, 43603936, 1041
3134, 2, 559, 645, 403, 0, 14.27%, 0, 0, 3, 15513.33, 43683216, 1041
3139, 2, 559, 645, 403, 0, 14.27%, 0, 0, 3, 15318.96, 43757808, 1041
3144, 2, 559, 645, 403, 0, 14.27%, 0, 0, 3, 12262.21, 43821872, 1041
3149, 2, 559, 645, 403, 0, 14.27%, 0, 0, 3, 8402.95, 43858558, 1041
3154, 2, 565, 645, 402, 0, 14.27%, 0, 0, 3, 10315.55, 43910761, 1041
3159, 2, 565, 645, 402, 0, 14.27%, 0, 0, 3, 7966.15, 43951041, 1041
3165, 2, 565, 645, 402, 0, 14.27%, 0, 0, 3, 9568.35, 44001562, 1041
3170, 2, 565, 645, 402, 0, 14.27%, 0, 0, 3, 10679.57, 44060075, 1041
3175, 2, 565, 645, 402, 0, 14.27%, 0, 0, 3, 11589.93, 44119064, 1041
3180, 2, 565, 645, 402, 0, 14.27%, 0, 0, 3, 12435.49, 44186543, 1041
3185, 2, 565, 645, 402, 0, 14.27%, 0, 0, 3, 13334.28, 44249426, 1041
3190, 2, 565, 645, 402, 0, 14.27%, 0, 0, 3, 10916.30, 44305090, 1041
3195, 2, 565, 645, 402, 0, 14.27%, 0, 0, 3, 11507.01, 44364759, 1041
3200, 2, 565, 645, 402, 0, 14.27%, 0, 0, 3, 10679.56, 44420415, 1041
3205, 2, 565, 645, 402, 0, 14.27%, 0, 0, 3, 10391.46, 44476163, 1041
3210, 2, 566, 646, 402, 0, 14.27%, 0, 0, 3, 8783.92, 44518905, 1041
3215, 2, 566, 646, 402, 0, 14.27%, 0, 0, 3, 10050.54, 44569377, 1041
3221, 2, 566, 646, 402, 0, 14.27%, 0, 0, 3, 9169.20, 44615709, 1041
3226, 2, 566, 646, 402, 0, 14.27%, 0, 0, 3, 11949.48, 44679381, 1041
3231, 2, 566, 646, 402, 0, 14.27%, 0, 0, 3, 13641.47, 44745850, 1041
3236, 2, 566, 646, 402, 0, 14.27%, 0, 0, 3, 14816.01, 44819093, 1041
3241, 2, 566, 646, 402, 0, 14.27%, 0, 0, 3, 13056.72, 44883342, 1041
3246, 2, 566, 646, 402, 0, 14.27%, 0, 0, 3, 11886.00, 44939778, 1041
3251, 2, 566, 646, 402, 0, 14.27%, 0, 0, 3, 10454.28, 44988400, 1041
3256, 2, 570, 646, 401, 0, 14.27%, 0, 0, 3, 10152.00, 45041883, 1041
3261, 2, 570, 646, 401, 0, 14.27%, 0, 0, 3, 9658.08, 45089169, 1041
3266, 2, 570, 646, 401, 0, 14.27%, 0, 0, 3, 9297.14, 45136123, 1041
3271, 2, 570, 646, 401, 0, 14.27%, 0, 0, 3, 7694.12, 45173006, 1041
3276, 2, 570, 646, 401, 0, 14.27%, 0, 0, 3, 7377.07, 45206675, 1041
3282, 2, 570, 646, 401, 0, 14.27%, 0, 0, 3, 4749.72, 45226678, 1041
3287, 2, 570, 646, 401, 0, 14.27%, 0, 0, 3, 7788.84, 45270004, 1041
3292, 2, 570, 646, 401, 0, 14.27%, 0, 0, 3, 9872.22, 45321160, 1041
3297, 2, 570, 646, 401, 0, 14.27%, 0, 0, 3, 9481.34, 45368168, 1041
3302, 2, 570, 646, 401, 0, 14.27%, 0, 0, 3, 10228.07, 45421331, 1041
3307, 2, 570, 646, 401, 0, 14.27%, 0, 0, 3, 11397.75, 45481087, 1041
3312, 2, 570, 646, 401, 0, 14.27%, 0, 0, 3, 14454.71, 45549482, 1041
3317, 2, 570, 646, 401, 0, 14.27%, 0, 0, 3, 12082.84, 45614735, 1041
3322, 2, 570, 646, 401, 0, 14.27%, 0, 0, 3, 14643.63, 45683525, 1041
3327, 2, 570, 646, 401, 0, 14.27%, 0, 0, 3, 14359.22, 45755451, 1041
3332, 2, 570, 646, 401, 0, 14.27%, 0, 0, 3, 14259.23, 45824973, 1041
3337, 2, 570, 646, 401, 0, 14.27%, 0, 0, 3, 12580.87, 45889985, 1041
3342, 2, 570, 646, 401, 0, 14.27%, 0, 0, 3, 11625.01, 45946657, 1041
3347, 2, 570, 646, 401, 0, 14.27%, 0, 0, 3, 11121.22, 46002169, 1041
3352, 2, 570, 646, 401, 0, 14.27%, 0, 0, 3, 9537.05, 46048297, 1041
3358, 2, 571, 647, 401, 0, 14.27%, 0, 0, 3, 10879.37, 46106263, 1041
3363, 2, 571, 647, 401, 0, 14.27%, 0, 0, 3, 10198.75, 46157151, 1041
3368, 2, 571, 647, 401, 0, 14.27%, 0, 0, 3, 10038.76, 46207495, 1041
3373, 2, 571, 647, 401, 0, 14.27%, 0, 0, 3, 11006.98, 46265749, 1041
3378, 2, 571, 647, 401, 0, 14.27%, 0, 0, 3, 11575.85, 46321789, 1041
3383, 2, 571, 647, 401, 0, 14.27%, 0, 0, 3, 10809.89, 46375449, 1041
3388, 2, 571, 647, 401, 0, 14.27%, 0, 0, 3, 11044.34, 46429804, 1041
3393, 2, 571, 647, 401, 0, 14.27%, 0, 0, 3, 11758.70, 46489286, 1041
3398, 2, 571, 647, 401, 0, 14.27%, 0, 0, 3, 13658.04, 46559147, 1041
3403, 2, 571, 647, 401, 0, 14.27%, 0, 0, 3, 11737.99, 46617707, 1041
3408, 2, 571, 647, 401, 0, 14.27%, 0, 0, 3, 16402.02, 46701043, 1041
3413, 2, 571, 647, 401, 0, 14.27%, 0, 0, 3, 15045.48, 46776878, 1041
3418, 2, 571, 647, 401, 0, 14.27%, 0, 0, 3, 13558.79, 46844098, 1041
3423, 2, 571, 647, 401, 0, 14.27%, 0, 0, 3, 12490.67, 46904260, 1041
3428, 2, 571, 647, 401, 0, 14.27%, 0, 0, 3, 10442.63, 46956283, 1041
3433, 2, 571, 647, 401, 0, 14.27%, 0, 0, 3, 10677.59, 47010253, 1041
3438, 2, 572, 648, 401, 0, 14.27%, 0, 0, 3, 11385.38, 47066948, 1041
3444, 2, 572, 648, 401, 0, 14.27%, 0, 0, 3, 11829.89, 47128190, 1041
3449, 2, 572, 648, 401, 0, 14.27%, 0, 0, 3, 12200.72, 47191443, 1041
3454, 2, 572, 648, 401, 0, 14.27%, 0, 0, 3, 11827.70, 47249641, 1041
3459, 2, 572, 648, 401, 0, 14.27%, 0, 0, 3, 10488.50, 47301728, 1041
3464, 2, 572, 648, 401, 0, 14.27%, 0, 0, 3, 12198.98, 47365811, 1041
3469, 2, 572, 648, 401, 0, 14.27%, 0, 0, 3, 14781.66, 47446424, 1041
3474, 2, 572, 648, 401, 0, 14.27%, 0, 0, 3, 17581.40, 47527950, 1041
3479, 2, 572, 648, 401, 0, 14.27%, 0, 0, 3, 16368.87, 47613808, 1041
3484, 2, 572, 648, 401, 0, 14.27%, 0, 0, 3, 14767.72, 47689786, 1041
3489, 2, 572, 648, 401, 0, 14.27%, 0, 0, 3, 11385.34, 47744509, 1041
3494, 2, 572, 648, 401, 0, 14.27%, 0, 0, 3, 11471.41, 47802302, 1041
3499, 2, 573, 648, 400, 0, 14.27%, 0, 0, 3, 11044.35, 47858436, 1041
3504, 2, 573, 648, 400, 0, 14.27%, 0, 0, 3, 10820.80, 47914586, 1041
3509, 2, 573, 648, 400, 0, 14.27%, 0, 0, 3, 10297.44, 47968860, 1041
3515, 2, 573, 648, 400, 0, 14.27%, 0, 0, 3, 11206.70, 48025629, 1041
3520, 2, 573, 648, 400, 0, 14.27%, 0, 0, 3, 11139.93, 48082165, 1041
3525, 2, 573, 648, 400, 0, 14.27%, 0, 0, 3, 15206.84, 48159045, 1041
3530, 2, 573, 648, 400, 0, 14.27%, 0, 0, 3, 15629.42, 48237327, 1041
3535, 2, 573, 648, 400, 0, 14.27%, 0, 0, 3, 14400.04, 48310297, 1041
3540, 2, 573, 648, 400, 0, 14.27%, 0, 0, 3, 11671.58, 48366300, 1041
3545, 2, 573, 648, 400, 0, 14.27%, 0, 0, 3, 11434.93, 48423867, 1041
3550, 2, 577, 648, 399, 0, 14.27%, 0, 0, 3, 14006.50, 48492865, 1041
3555, 2, 577, 648, 399, 0, 14.27%, 0, 0, 3, 18332.95, 48594103, 1041
3560, 2, 577, 648, 399, 0, 14.27%, 0, 0, 3, 21216.98, 48702111, 1041
3565, 2, 577, 648, 399, 0, 14.27%, 0, 0, 3, 22594.42, 48823413, 1041
3570, 2, 577, 648, 399, 0, 14.27%, 0, 0, 3, 17580.89, 48911048, 1041
3576, 2, 580, 648, 398, 0, 14.27%, 0, 0, 3, 3508.35, 48946849, 1041
3581, 2, 580, 648, 398, 0, 14.27%, 0, 0, 3, 3266.65, 48963779, 1041
3586, 2, 580, 648, 398, 0, 14.27%, 0, 0, 3, 3167.51, 48979868, 1041
3591, 2, 580, 648, 398, 0, 14.27%, 0, 0, 3, 3618.08, 48997861, 1041
3596, 2, 580, 648, 398, 0, 14.27%, 0, 0, 3, 3439.41, 49015533, 1041
3600, 2, 581, 648, 398, 0, 14.27%, 0, 0, 3, 3214.97, 49027277, 1041
