# relative_time, cycles_done, cur_item, corpus_count, pending_total, pending_favs, map_size, saved_crashes, saved_hangs, max_depth, execs_per_sec, total_execs, edges_found
61, 13, 8, 30, 7, 0, 4.88%, 0, 0, 2, 20722.37, 1244670, 206
66, 14, 14, 30, 6, 0, 4.88%, 0, 0, 2, 19656.55, 1342307, 206
71, 15, 14, 30, 6, 0, 4.88%, 0, 0, 2, 20825.59, 1451741, 206
76, 16, 17, 30, 6, 0, 4.88%, 0, 0, 2, 20232.00, 1552515, 206
81, 18, 16, 30, 6, 0, 4.88%, 0, 0, 2, 21003.42, 1660999, 206
87, 19, 14, 30, 6, 0, 4.88%, 0, 0, 2, 19410.34, 1757528, 206
92, 20, 8, 30, 5, 0, 4.88%, 0, 0, 2, 20658.01, 1862226, 206
97, 21, 14, 30, 5, 0, 4.88%, 0, 0, 2, 20154.76, 1965753, 206
102, 22, 2, 30, 5, 0, 4.88%, 0, 0, 2, 20853.41, 2073116, 206
107, 24, 5, 30, 5, 0, 4.88%, 0, 0, 2, 19963.96, 2171469, 206
112, 25, 24, 30, 5, 0, 4.88%, 0, 0, 2, 20750.01, 2276406, 206
117, 26, 14, 30, 4, 0, 4.88%, 0, 0, 2, 20331.08, 2379774, 206
122, 27, 14, 30, 4, 0, 4.88%, 0, 0, 2, 20847.91, 2484346, 206
127, 28, 14, 30, 4, 0, 4.88%, 0, 0, 2, 20262.37, 2587005, 206
132, 30, 16, 30, 4, 0, 4.88%, 0, 0, 2, 20976.43, 2695889, 206
138, 31, 14, 30, 4, 0, 4.88%, 0, 0, 2, 20580.82, 2800801, 206
143, 32, 14, 30, 4, 0, 4.88%, 0, 0, 2, 20155.96, 2905838, 206
148, 33, 14, 30, 4, 0, 4.88%, 0, 0, 2, 20328.48, 3009778, 206
153, 34, 14, 30, 4, 0, 4.88%, 0, 0, 2, 20465.68, 3117345, 206
158, 36, 14, 30, 4, 0, 4.88%, 0, 0, 2, 20635.15, 3221630, 206
163, 37, 14, 30, 4, 0, 4.88%, 0, 0, 2, 20323.71, 3324903, 206
168, 38, 14, 30, 4, 0, 4.88%, 0, 0, 2, 20640.76, 3430768, 206
174, 39, 14, 30, 4, 0, 4.88%, 0, 0, 2, 20302.11, 3537261, 206
179, 41, 24, 30, 4, 0, 4.88%, 0, 0, 2, 19961.23, 3638544, 206
184, 42, 12, 30, 4, 0, 4.88%, 0, 0, 2, 20096.01, 3740455, 206
189, 43, 14, 30, 4, 0, 4.88%, 0, 0, 2, 20546.91, 3845913, 206
194, 44, 26, 30, 4, 0, 4.88%, 0, 0, 2, 19986.00, 3950848, 206
199, 45, 14, 30, 4, 0, 4.88%, 0, 0, 2, 20500.12, 4056328, 206
204, 46, 14, 30, 4, 0, 4.88%, 0, 0, 2, 19531.78, 4154918, 206
210, 47, 20, 30, 4, 0, 4.88%, 0, 0, 2, 20467.37, 4261670, 206
215, 49, 24, 30, 4, 0, 4.88%, 0, 0, 2, 19753.89, 4364932, 206
220, 50, 14, 30, 4, 0, 4.88%, 0, 0, 2, 20643.10, 4468225, 206
225, 51, 14, 30, 4, 0, 4.88%, 0, 0, 2, 19879.84, 4569264, 206
230, 52, 14, 30, 4, 0, 4.88%, 0, 0, 2, 20676.39, 4677556, 206
235, 53, 14, 30, 4, 0, 4.88%, 0, 0, 2, 20117.68, 4781454, 206
240, 55, 14, 30, 4, 0, 4.88%, 0, 0, 2, 20680.15, 4889367, 206
246, 56, 20, 30, 4, 0, 4.88%, 0, 0, 2, 19744.35, 4989261, 206
251, 57, 14, 30, 4, 0, 4.88%, 0, 0, 2, 20531.55, 5092771, 206
256, 58, 14, 30, 4, 0, 4.88%, 0, 0, 2, 19932.58, 5196456, 206
261, 59, 14, 30, 4, 0, 4.88%, 0, 0, 2, 20502.23, 5302353, 206
266, 61, 5, 30, 4, 0, 4.88%, 0, 0, 2, 19706.62, 5399959, 206
271, 62, 14, 30, 4, 0, 4.88%, 0, 0, 2, 20539.07, 5507287, 206
276, 63, 8, 30, 3, 0, 4.88%, 0, 0, 2, 19556.84, 5605526, 206
281, 64, 14, 30, 3, 0, 4.88%, 0, 0, 2, 20648.15, 5712655, 206
286, 66, 14, 30, 3, 0, 4.88%, 0, 0, 2, 19821.45, 5814722, 206
292, 67, 14, 30, 3, 0, 4.88%, 0, 0, 2, 20600.81, 5921809, 206
297, 68, 2, 30, 3, 0, 4.88%, 0, 0, 2, 20304.28, 6025939, 206
302, 69, 18, 30, 3, 0, 4.88%, 0, 0, 2, 20634.61, 6133033, 206
307, 70, 14, 30, 2, 0, 4.88%, 0, 0, 2, 20126.70, 6234936, 206
312, 72, 17, 30, 2, 0, 4.88%, 0, 0, 2, 20699.17, 6343009, 206
317, 73, 14, 30, 2, 0, 4.88%, 0, 0, 2, 20453.04, 6447836, 206
323, 74, 14, 30, 2, 0, 4.88%, 0, 0, 2, 20503.04, 6554883, 206
328, 75, 28, 30, 2, 0, 4.88%, 0, 0, 2, 20239.82, 6656536, 206
333, 77, 24, 30, 2, 0, 4.88%, 0, 0, 2, 20416.23, 6763734, 206
338, 78, 14, 30, 2, 0, 4.88%, 0, 0, 2, 20574.10, 6869207, 206
343, 79, 26, 30, 2, 0, 4.88%, 0, 0, 2, 20080.65, 6974573, 206
348, 80, 24, 30, 2, 0, 4.88%, 0, 0, 2, 20539.69, 7081635, 206
354, 81, 14, 30, 2, 0, 4.88%, 0, 0, 2, 20062.68, 7186405, 206
359, 82, 14, 30, 2, 0, 4.88%, 0, 0, 2, 20433.56, 7288552, 206
364, 84, 28, 30, 2, 0, 4.88%, 0, 0, 2, 20091.04, 7394019, 206
369, 85, 16, 30, 2, 0, 4.88%, 0, 0, 2, 20477.69, 7499831, 206
374, 86, 14, 30, 2, 0, 4.88%, 0, 0, 2, 20469.88, 7606235, 206
379, 87, 25, 30, 2, 0, 4.88%, 0, 0, 2, 20549.24, 7712286, 206
384, 88, 14, 30, 2, 0, 4.88%, 0, 0, 2, 19861.18, 7812132, 206
390, 90, 14, 30, 2, 0, 4.88%, 0, 0, 2, 20381.26, 7917445, 206
395, 91, 28, 30, 2, 0, 4.88%, 0, 0, 2, 20095.68, 8021093, 206
400, 92, 14, 30, 2, 0, 4.88%, 0, 0, 2, 20440.65, 8126372, 206
405, 93, 16, 30, 2, 0, 4.88%, 0, 0, 2, 19834.05, 8230462, 206
410, 95, 14, 30, 2, 0, 4.88%, 0, 0, 2, 20563.09, 8336388, 206
415, 96, 14, 30, 2, 0, 4.88%, 0, 0, 2, 20594.00, 8439530, 206
420, 97, 23, 30, 2, 0, 4.88%, 0, 0, 2, 20555.44, 8545445, 206
426, 98, 14, 30, 2, 0, 4.88%, 0, 0, 2, 19611.04, 8646786, 206
431, 99, 28, 30, 2, 0, 4.88%, 0, 0, 2, 20060.81, 8750898, 206
436, 101, 14, 30, 2, 0, 4.88%, 0, 0, 2, 19788.85, 8851151, 206
441, 102, 22, 30, 2, 0, 4.88%, 0, 0, 2, 20371.29, 8958490, 206
446, 103, 14, 30, 2, 0, 4.88%, 0, 0, 2, 19933.97, 9060765, 206
451, 104, 26, 30, 2, 0, 4.88%, 0, 0, 2, 20716.31, 9168401, 206
456, 106, 14, 30, 2, 0, 4.88%, 0, 0, 2, 20223.09, 9271854, 206
462, 107, 14, 30, 2, 0, 4.88%, 0, 0, 2, 20660.29, 9379839, 206
467, 108, 17, 30, 2, 0, 4.88%, 0, 0, 2, 20006.67, 9481823, 206
472, 109, 14, 30, 2, 0, 4.88%, 0, 0, 2, 20592.90, 9585429, 206
477, 110, 14, 30, 2, 0, 4.88%, 0, 0, 2, 20062.94, 9684819, 206
482, 112, 14, 30, 2, 0, 4.88%, 0, 0, 2, 20716.63, 9792568, 206
487, 113, 14, 30, 2, 0, 4.88%, 0, 0, 2, 20194.01, 9895442, 206
492, 114, 26, 30, 2, 0, 4.88%, 0, 0, 2, 20783.32, 10003927, 206
498, 115, 26, 30, 2, 0, 4.88%, 0, 0, 2, 20386.04, 10107556, 206
503, 117, 14, 30, 2, 0, 4.88%, 0, 0, 2, 20443.82, 10214343, 206
508, 118, 26, 30, 2, 0, 4.88%, 0, 0, 2, 20038.14, 10317218, 206
513, 119, 16, 30, 2, 0, 4.88%, 0, 0, 2, 20398.90, 10420793, 206
518, 120, 8, 30, 2, 0, 4.88%, 0, 0, 2, 20034.80, 10519267, 206
523, 121, 14, 30, 2, 0, 4.88%, 0, 0, 2, 20376.60, 10626400, 206
528, 122, 26, 30, 2, 0, 4.88%, 0, 0, 2, 20375.07, 10731687, 206
533, 124, 23, 30, 2, 0, 4.88%, 0, 0, 2, 20366.71, 10838002, 206
539, 125, 18, 30, 2, 0, 4.88%, 0, 0, 2, 20464.55, 10944131, 206
544, 126, 20, 30, 2, 0, 4.88%, 0, 0, 2, 19502.04, 11045265, 206
549, 127, 25, 30, 2, 0, 4.88%, 0, 0, 2, 20528.96, 11151706, 206
554, 128, 14, 30, 2, 0, 4.88%, 0, 0, 2, 20328.34, 11253997, 206
559, 130, 25, 30, 1, 0, 4.88%, 0, 0, 2, 20366.28, 11359243, 206
564, 131, 14, 30, 1, 0, 4.88%, 0, 0, 2, 19494.36, 11461018, 206
569, 132, 14, 30, 1, 0, 4.88%, 0, 0, 2, 20356.28, 11564881, 206
575, 133, 24, 30, 1, 0, 4.88%, 0, 0, 2, 20181.62, 11670209, 206
580, 135, 14, 30, 1, 0, 4.88%, 0, 0, 2, 20746.51, 11778394, 206
585, 136, 14, 30, 1, 0, 4.88%, 0, 0, 2, 19980.46, 11881709, 206
590, 137, 14, 30, 1, 0, 4.88%, 0, 0, 2, 20531.92, 11988296, 206
595, 138, 14, 30, 1, 0, 4.88%, 0, 0, 2, 19969.26, 12092449, 206
601, 139, 17, 30, 0, 0, 4.88%, 0, 0, 2, 20681.93, 12201051, 206
606, 141, 16, 30, 0, 0, 4.88%, 0, 0, 2, 19604.35, 12301686, 206
611, 142, 28, 30, 0, 0, 4.88%, 0, 0, 2, 20564.44, 12409143, 206
616, 143, 14, 30, 0, 0, 4.88%, 0, 0, 2, 19981.30, 12512330, 206
621, 144, 22, 30, 0, 0, 4.88%, 0, 0, 2, 20712.10, 12620843, 206
626, 146, 26, 30, 0, 0, 4.88%, 0, 0, 2, 19732.41, 12717905, 206
631, 147, 14, 30, 0, 0, 4.88%, 0, 0, 2, 20770.29, 12825308, 206
637, 148, 5, 30, 0, 0, 4.88%, 0, 0, 2, 20054.91, 12927861, 206
642, 149, 14, 30, 0, 0, 4.88%, 0, 0, 2, 20674.60, 13036383, 206
647, 150, 17, 30, 0, 0, 4.88%, 0, 0, 2, 20219.10, 13137585, 206
652, 152, 14, 30, 0, 0, 4.88%, 0, 0, 2, 20802.75, 13245730, 206
657, 153, 14, 30, 0, 0, 4.88%, 0, 0, 2, 20505.43, 13347417, 206
662, 154, 17, 30, 0, 0, 4.88%, 0, 0, 2, 20805.54, 13454543, 206
667, 155, 26, 30, 0, 0, 4.88%, 0, 0, 2, 20473.26, 13558335, 206
672, 156, 28, 30, 0, 0, 4.88%, 0, 0, 2, 20589.70, 13663541, 206
678, 158, 20, 30, 0, 0, 4.88%, 0, 0, 2, 20579.77, 13768687, 206
683, 159, 14, 30, 0, 0, 4.88%, 0, 0, 2, 20133.66, 13874210, 206
688, 160, 14, 30, 0, 0, 4.88%, 0, 0, 2, 20270.51, 13977498, 206
693, 161, 14, 30, 0, 0, 4.88%, 0, 0, 2, 20223.17, 14084337, 206
698, 162, 14, 30, 0, 0, 4.88%, 0, 0, 2, 20110.31, 14187713, 206
704, 163, 14, 30, 0, 0, 4.88%, 0, 0, 2, 20188.32, 14293940, 206
709, 165, 26, 30, 0, 0, 4.88%, 0, 0, 2, 20369.79, 14395999, 206
714, 166, 14, 30, 0, 0, 4.88%, 0, 0, 2, 20078.45, 14500588, 206
719, 167, 14, 30, 0, 0, 4.88%, 0, 0, 2, 20470.46, 14605735, 206
724, 168, 14, 30, 0, 0, 4.88%, 0, 0, 2, 20014.58, 14710897, 206
729, 169, 14, 30, 0, 0, 4.88%, 0, 0, 2, 20469.09, 14817186, 206
735, 171, 17, 30, 0, 0, 4.88%, 0, 0, 2, 20022.96, 14922552, 206
740, 172, 14, 30, 0, 0, 4.88%, 0, 0, 2, 20549.49, 15029118, 206
745, 173, 18, 30, 0, 0, 4.88%, 0, 0, 2, 19104.27, 15124634, 206
750, 174, 20, 30, 0, 0, 4.88%, 0, 0, 2, 20385.26, 15230110, 206
755, 175, 20, 30, 0, 0, 4.88%, 0, 0, 2, 20014.26, 15335022, 206
760, 177, 27, 30, 0, 0, 4.88%, 0, 0, 2, 20599.50, 15441036, 206
765, 178, 14, 30, 0, 0, 4.88%, 0, 0, 2, 20128.60, 15541668, 206
770, 179, 16, 30, 0, 0, 4.88%, 0, 0, 2, 20824.40, 15648463, 206
775, 180, 14, 30, 0, 0, 4.88%, 0, 0, 2, 20121.72, 15749586, 206
781, 181, 24, 30, 0, 0, 4.88%, 0, 0, 2, 20641.43, 15856494, 206
786, 183, 14, 30, 0, 0, 4.88%, 0, 0, 2, 19808.26, 15953629, 206
791, 184, 23, 30, 0, 0, 4.88%, 0, 0, 2, 20657.55, 16057825, 206
796, 185, 28, 30, 0, 0, 4.88%, 0, 0, 2, 19965.40, 16158245, 206
801, 186, 14, 30, 0, 0, 4.88%, 0, 0, 2, 20488.61, 16265299, 206
806, 187, 25, 30, 0, 0, 4.88%, 0, 0, 2, 19887.09, 16366908, 206
811, 189, 14, 30, 0, 0, 4.88%, 0, 0, 2, 20741.25, 16475270, 206
816, 190, 26, 30, 0, 0, 4.88%, 0, 0, 2, 20168.86, 16579175, 206
821, 191, 14, 30, 0, 0, 4.88%, 0, 0, 2, 20488.60, 16682393, 206
827, 192, 14, 30, 0, 0, 4.88%, 0, 0, 2, 20332.41, 16787600, 206
832, 193, 14, 30, 0, 0, 4.88%, 0, 0, 2, 20618.92, 16895364, 206
837, 195, 24, 30, 0, 0, 4.88%, 0, 0, 2, 20373.59, 17000066, 206
842, 196, 26, 30, 0, 0, 4.88%, 0, 0, 2, 20324.21, 17106411, 206
847, 197, 14, 30, 0, 0, 4.88%, 0, 0, 2, 20139.40, 17208956, 206
852, 198, 18, 30, 0, 0, 4.88%, 0, 0, 2, 20481.32, 17314487, 206
857, 199, 17, 30, 0, 0, 4.88%, 0, 0, 2, 20320.77, 17414848, 206
863, 201, 14, 30, 0, 0, 4.88%, 0, 0, 2, 20262.80, 17516971, 206
868, 202, 26, 30, 0, 0, 4.88%, 0, 0, 2, 19894.63, 17613988, 206
873, 203, 8, 30, 0, 0, 4.88%, 0, 0, 2, 20385.71, 17719906, 206
878, 204, 11, 30, 0, 0, 4.88%, 0, 0, 2, 20274.45, 17819127, 206
883, 205, 14, 30, 0, 0, 4.88%, 0, 0, 2, 20521.34, 17925782, 206
888, 207, 14, 30, 0, 0, 4.88%, 0, 0, 2, 20117.68, 18028379, 206
893, 208, 16, 30, 0, 0, 4.88%, 0, 0, 2, 20429.38, 18134779, 206
898, 209, 14, 30, 0, 0, 4.88%, 0, 0, 2, 20228.30, 18237338, 206
903, 210, 14, 30, 0, 0, 4.88%, 0, 0, 2, 20162.19, 18343023, 206
909, 212, 14, 30, 0, 0, 4.88%, 0, 0, 2, 20516.64, 18448984, 206
914, 213, 5, 30, 0, 0, 4.88%, 0, 0, 2, 20316.26, 18554766, 206
919, 214, 26, 30, 0, 0, 4.88%, 0, 0, 2, 20499.35, 18660095, 206
924, 215, 16, 30, 0, 0, 4.88%, 0, 0, 2, 19889.61, 18763348, 206
929, 217, 14, 30, 0, 0, 4.88%, 0, 0, 2, 20351.67, 18868919, 206
934, 218, 27, 30, 0, 0, 4.88%, 0, 0, 2, 19908.02, 18972380, 206
940, 219, 28, 30, 0, 0, 4.88%, 0, 0, 2, 20043.08, 19077275, 206
945, 220, 8, 30, 0, 0, 4.88%, 0, 0, 2, 20071.03, 19181444, 206
950, 221, 14, 30, 0, 0, 4.88%, 0, 0, 2, 20332.79, 19287046, 206
955, 223, 14, 30, 0, 0, 4.88%, 0, 0, 2, 20231.31, 19391959, 206
960, 224, 14, 30, 0, 0, 4.88%, 0, 0, 2, 20347.89, 19496764, 206
965, 225, 25, 30, 0, 0, 4.88%, 0, 0, 2, 19609.30, 19597042, 206
971, 226, 14, 30, 0, 0, 4.88%, 0, 0, 2, 20409.81, 19703416, 206
976, 228, 14, 30, 0, 0, 4.88%, 0, 0, 2, 20153.23, 19807875, 206
981, 229, 26, 30, 0, 0, 4.88%, 0, 0, 2, 20539.13, 19915373, 206
986, 230, 26, 30, 0, 0, 4.88%, 0, 0, 2, 19797.27, 20012806, 206
991, 231, 14, 30, 0, 0, 4.88%, 0, 0, 2, 20688.28, 20120543, 206
996, 232, 2, 30, 0, 0, 4.88%, 0, 0, 2, 19919.48, 20222614, 206
1002, 234, 18, 30, 0, 0, 4.88%, 0, 0, 2, 20535.31, 20329727, 206
1007, 235, 22, 30, 0, 0, 4.88%, 0, 0, 2, 19819.76, 20430872, 206
1012, 236, 26, 30, 0, 0, 4.88%, 0, 0, 2, 20674.63, 20535638, 206
1017, 237, 14, 30, 0, 0, 4.88%, 0, 0, 2, 20135.87, 20638064, 206
1022, 238, 5, 30, 0, 0, 4.88%, 0, 0, 2, 20725.36, 20744902, 206
1027, 240, 17, 30, 0, 0, 4.88%, 0, 0, 2, 20319.72, 20847965, 206
1033, 241, 17, 30, 0, 0, 4.88%, 0, 0, 2, 20842.66, 20956708, 206
1038, 242, 16, 30, 0, 0, 4.88%, 0, 0, 2, 20507.40, 21060768, 206
1043, 243, 27, 30, 0, 0, 4.88%, 0, 0, 2, 19941.65, 21166050, 206
1048, 245, 14, 30, 0, 0, 4.88%, 0, 0, 2, 20168.31, 21268815, 206
1053, 246, 14, 30, 0, 0, 4.88%, 0, 0, 2, 20415.22, 21376609, 206
1058, 247, 14, 30, 0, 0, 4.88%, 0, 0, 2, 20253.45, 21479758, 206
1063, 248, 14, 30, 0, 0, 4.88%, 0, 0, 2, 20329.39, 21583306, 206
1069, 249, 14, 30, 0, 0, 4.88%, 0, 0, 2, 20008.65, 21684024, 206
1074, 251, 14, 30, 0, 0, 4.88%, 0, 0, 2, 20130.44, 21789964, 206
1079, 252, 22, 30, 0, 0, 4.88%, 0, 0, 2, 20107.24, 21893633, 206
1084, 253, 26, 30, 0, 0, 4.88%, 0, 0, 2, 20071.02, 21999421, 206
1089, 254, 14, 30, 0, 0, 4.88%, 0, 0, 2, 20615.85, 22102060, 206
1094, 255, 20, 30, 0, 0, 4.88%, 0, 0, 2, 20239.01, 22206391, 206
1099, 257, 14, 30, 0, 0, 4.88%, 0, 0, 2, 20611.72, 22309383, 206
1104, 258, 14, 30, 0, 0, 4.88%, 0, 0, 2, 19850.26, 22412054, 206
1110, 259, 26, 30, 0, 0, 4.88%, 0, 0, 2, 20471.88, 22517710, 206
1115, 260, 14, 30, 0, 0, 4.88%, 0, 0, 2, 19869.15, 22620415, 206
1120, 261, 27, 30, 0, 0, 4.88%, 0, 0, 2, 20618.85, 22727387, 206
1125, 263, 26, 30, 0, 0, 4.88%, 0, 0, 2, 19882.42, 22827276, 206
1130, 264, 14, 30, 0, 0, 4.88%, 0, 0, 2, 20589.12, 22933228, 206
1135, 265, 17, 30, 0, 0, 4.88%, 0, 0, 2, 20081.28, 23036412, 206
1140, 266, 14, 30, 0, 0, 4.88%, 0, 0, 2, 20698.32, 23143708, 206
1145, 267, 22, 30, 0, 0, 4.88%, 0, 0, 2, 19212.49, 23238496, 206
1151, 269, 17, 30, 0, 0, 4.88%, 0, 0, 2, 20566.65, 23346228, 206
1156, 270, 26, 30, 0, 0, 4.88%, 0, 0, 2, 19903.72, 23446080, 206
1161, 271, 14, 30, 0, 0, 4.88%, 0, 0, 2, 20586.78, 23550739, 206
1166, 272, 26, 30, 0, 0, 4.88%, 0, 0, 2, 19588.21, 23651153, 206
1171, 273, 14, 30, 0, 0, 4.88%, 0, 0, 2, 20490.37, 23754502, 206
1176, 274, 23, 30, 0, 0, 4.88%, 0, 0, 2, 19885.32, 23857427, 206
1181, 276, 14, 30, 0, 0, 4.88%, 0, 0, 2, 20533.85, 23963462, 206
1186, 277, 14, 30, 0, 0, 4.88%, 0, 0, 2, 19399.11, 24064395, 206
1191, 278, 14, 30, 0, 0, 4.88%, 0, 0, 2, 20635.70, 24172661, 206
1197, 279, 25, 30, 0, 0, 4.88%, 0, 0, 2, 20002.28, 24275672, 206
1202, 281, 8, 30, 0, 0, 4.88%, 0, 0, 2, 20564.64, 24382198, 206
1207, 282, 23, 30, 0, 0, 4.88%, 0, 0, 2, 19684.56, 24483262, 206
1212, 283, 14, 30, 0, 0, 4.88%, 0, 0, 2, 20482.68, 24591220, 206
1217, 284, 14, 30, 0, 0, 4.88%, 0, 0, 2, 20056.79, 24693267, 206
1222, 285, 25, 30, 0, 0, 4.88%, 0, 0, 2, 20464.28, 24796791, 206
1228, 287, 14, 30, 0, 0, 4.88%, 0, 0, 2, 20095.92, 24897890, 206
1233, 288, 14, 30, 0, 0, 4.88%, 0, 0, 2, 20606.78, 25004939, 206
1238, 289, 14, 30, 0, 0, 4.88%, 0, 0, 2, 20069.70, 25106520, 206
1243, 290, 14, 30, 0, 0, 4.88%, 0, 0, 2, 20413.95, 25213230, 206
1248, 291, 14, 30, 0, 0, 4.88%, 0, 0, 2, 20231.73, 25317520, 206
1253, 293, 26, 30, 0, 0, 4.88%, 0, 0, 2, 20038.29, 25422640, 206
1259, 294, 14, 30, 0, 0, 4.88%, 0, 0, 2, 20451.14, 25528591, 206
1264, 295, 18, 30, 0, 0, 4.88%, 0, 0, 2, 20342.47, 25631835, 206
1269, 296, 14, 30, 0, 0, 4.88%, 0, 0, 2, 20678.74, 25737751, 206
1274, 297, 28, 30, 0, 0, 4.88%, 0, 0, 2, 19947.41, 25838331, 206
1279, 299, 18, 30, 0, 0, 4.88%, 0, 0, 2, 20415.69, 25944091, 206
1284, 300, 22, 30, 0, 0, 4.88%, 0, 0, 2, 19645.54, 26043316, 206
1289, 301, 24, 30, 0, 0, 4.88%, 0, 0, 2, 19980.55, 26145529, 206
1294, 302, 14, 30, 0, 0, 4.88%, 0, 0, 2, 19635.95, 26248455, 206
1300, 303, 17, 30, 0, 0, 4.88%, 0, 0, 2, 20564.67, 26354716, 206
1305, 305, 14, 30, 0, 0, 4.88%, 0, 0, 2, 20180.90, 26459083, 206
1310, 306, 23, 30, 0, 0, 4.88%, 0, 0, 2, 20541.77, 26566124, 206
1315, 307, 14, 30, 0, 0, 4.88%, 0, 0, 2, 20050.92, 26669662, 206
1320, 308, 16, 30, 0, 0, 4.88%, 0, 0, 2, 20551.76, 26773199, 206
1325, 310, 14, 30, 0, 0, 4.88%, 0, 0, 2, 19869.74, 26876367, 206
1330, 311, 26, 30, 0, 0, 4.88%, 0, 0, 2, 20500.81, 26983007, 206
1336, 312, 14, 30, 0, 0, 4.88%, 0, 0, 2, 20291.48, 27088306, 206
1341, 313, 14, 30, 0, 0, 4.88%, 0, 0, 2, 20876.83, 27196199, 206
1346, 314, 14, 30, 0, 0, 4.88%, 0, 0, 2, 20204.78, 27299404, 206
1351, 316, 17, 30, 0, 0, 4.88%, 0, 0, 2, 20590.17, 27402260, 206
1356, 317, 14, 30, 0, 0, 4.88%, 0, 0, 2, 20234.32, 27506827, 206
1361, 318, 23, 30, 0, 0, 4.88%, 0, 0, 2, 20635.47, 27613587, 206
1366, 319, 24, 30, 0, 0, 4.88%, 0, 0, 2, 20021.56, 27715476, 206
1372, 321, 14, 30, 0, 0, 4.88%, 0, 0, 2, 20664.00, 27823186, 206
1377, 322, 14, 30, 0, 0, 4.88%, 0, 0, 2, 20303.62, 27926123, 206
1382, 323, 14, 30, 0, 0, 4.88%, 0, 0, 2, 20648.85, 28032938, 206
1387, 324, 20, 30, 0, 0, 4.88%, 0, 0, 2, 20385.32, 28137298, 206
1392, 326, 8, 30, 0, 0, 4.88%, 0, 0, 2, 20739.91, 28244593, 206
1397, 327, 14, 30, 0, 0, 4.88%, 0, 0, 2, 19942.21, 28342990, 206
1402, 328, 14, 30, 0, 0, 4.88%, 0, 0, 2, 20446.40, 28449420, 206
1408, 329, 14, 30, 0, 0, 4.88%, 0, 0, 2, 20310.76, 28552562, 206
1413, 331, 26, 30, 0, 0, 4.88%, 0, 0, 2, 20749.58, 28656605, 206
1418, 332, 22, 30, 0, 0, 4.88%, 0, 0, 2, 20374.62, 28757158, 206
1423, 333, 14, 30, 0, 0, 4.88%, 0, 0, 2, 20566.27, 28864142, 206
1428, 334, 28, 30, 0, 0, 4.88%, 0, 0, 2, 20365.88, 28967862, 206
1433, 335, 14, 30, 0, 0, 4.88%, 0, 0, 2, 20056.99, 29072624, 206
1438, 337, 14, 30, 0, 0, 4.88%, 0, 0, 2, 20287.22, 29175342, 206
1443, 338, 17, 30, 0, 0, 4.88%, 0, 0, 2, 20173.75, 29280714, 206
1449, 339, 14, 30, 0, 0, 4.88%, 0, 0, 2, 20688.25, 29387805, 206
1454, 340, 9, 30, 0, 0, 4.88%, 0, 0, 2, 20492.36, 29495442, 206
1459, 342, 28, 30, 0, 0, 4.88%, 0, 0, 2, 20659.98, 29602489, 206
1464, 343, 14, 30, 0, 0, 4.88%, 0, 0, 2, 19581.56, 29704696, 206
1469, 344, 26, 30, 0, 0, 4.88%, 0, 0, 2, 20477.50, 29810701, 206
1475, 345, 26, 30, 0, 0, 4.88%, 0, 0, 2, 20047.14, 29915701, 206
1480, 346, 14, 30, 0, 0, 4.88%, 0, 0, 2, 20485.76, 30020036, 206
1485, 348, 14, 30, 0, 0, 4.88%, 0, 0, 2, 20411.11, 30126719, 206
1490, 349, 14, 30, 0, 0, 4.88%, 0, 0, 2, 20604.33, 30231886, 206
1495, 350, 23, 30, 0, 0, 4.88%, 0, 0, 2, 20086.21, 30336096, 206
1500, 351, 14, 30, 0, 0, 4.88%, 0, 0, 2, 20842.75, 30443116, 206
1505, 352, 14, 30, 0, 0, 4.88%, 0, 0, 2, 19746.97, 30540415, 206
1511, 354, 16, 30, 0, 0, 4.88%, 0, 0, 2, 20504.39, 30646716, 206
1516, 355, 14, 30, 0, 0, 4.88%, 0, 0, 2, 20504.02, 30752824, 206
1521, 356, 14, 30, 0, 0, 4.88%, 0, 0, 2, 20996.09, 30862087, 206
1526, 357, 25, 30, 0, 0, 4.88%, 0, 0, 2, 19996.91, 30964577, 206
1531, 359, 14, 30, 0, 0, 4.88%, 0, 0, 2, 20664.34, 31072615, 206
1536, 360, 22, 30, 0, 0, 4.88%, 0, 0, 2, 20145.48, 31173042, 206
1541, 361, 20, 30, 0, 0, 4.88%, 0, 0, 2, 20763.70, 31277951, 206
1547, 362, 14, 30, 0, 0, 4.88%, 0, 0, 2, 20425.40, 31383175, 206
1552, 363, 28, 30, 0, 0, 4.88%, 0, 0, 2, 20867.99, 31492025, 206
1557, 365, 9, 30, 0, 0, 4.88%, 0, 0, 2, 20264.16, 31591785, 206
1562, 366, 26, 30, 0, 0, 4.88%, 0, 0, 2, 21064.33, 31701495, 206
1567, 367, 14, 30, 0, 0, 4.88%, 0, 0, 2, 20327.29, 31801570, 206
1572, 368, 14, 30, 0, 0, 4.88%, 0, 0, 2, 21050.04, 31911793, 206
1577, 370, 5, 30, 0, 0, 4.88%, 0, 0, 2, 20787.56, 32017485, 206
1582, 371, 26, 30, 0, 0, 4.88%, 0, 0, 2, 20777.79, 32122408, 206
1587, 372, 18, 30, 0, 0, 4.88%, 0, 0, 2, 20184.65, 32223773, 206
1593, 373, 5, 30, 0, 0, 4.88%, 0, 0, 2, 20617.99, 32330673, 206
1598, 375, 14, 30, 0, 0, 4.88%, 0, 0, 2, 20340.09, 32433734, 206
1603, 376, 14, 30, 0, 0, 4.88%, 0, 0, 2, 20795.41, 32542419, 206
1608, 377, 14, 30, 0, 0, 4.88%, 0, 0, 2, 20455.36, 32646754, 206
1613, 378, 14, 30, 0, 0, 4.88%, 0, 0, 2, 20542.75, 32753958, 206
1618, 380, 14, 30, 0, 0, 4.88%, 0, 0, 2, 20487.86, 32857741, 206
1624, 381, 14, 30, 0, 0, 4.88%, 0, 0, 2, 20206.54, 32963471, 206
1629, 382, 14, 30, 0, 0, 4.88%, 0, 0, 2, 20406.39, 33068854, 206
1634, 383, 14, 30, 0, 0, 4.88%, 0, 0, 2, 20272.55, 33172429, 206
1639, 385, 14, 30, 0, 0, 4.88%, 0, 0, 2, 20617.77, 33278296, 206
1644, 386, 14, 30, 0, 0, 4.88%, 0, 0, 2, 19592.71, 33379655, 206
1649, 387, 25, 30, 0, 0, 4.88%, 0, 0, 2, 20235.95, 33483660, 206
1654, 388, 14, 30, 0, 0, 4.88%, 0, 0, 2, 20072.94, 33589506, 206
1660, 389, 27, 30, 0, 0, 4.88%, 0, 0, 2, 20572.62, 33695402, 206
1665, 391, 26, 30, 0, 0, 4.88%, 0, 0, 2, 20186.74, 33797681, 206
1670, 392, 14, 30, 0, 0, 4.88%, 0, 0, 2, 20442.96, 33900877, 206
1675, 393, 26, 30, 0, 0, 4.88%, 0, 0, 2, 20268.86, 34006714, 206
1680, 394, 14, 30, 0, 0, 4.88%, 0, 0, 2, 20485.59, 34114141, 206
1685, 396, 14, 30, 0, 0, 4.88%, 0, 0, 2, 20272.60, 34217594, 206
1690, 397, 24, 30, 0, 0, 4.88%, 0, 0, 2, 21007.16, 34322908, 206
1695, 398, 25, 30, 0, 0, 4.88%, 0, 0, 2, 20270.26, 34427093, 206
1700, 399, 24, 30, 0, 0, 4.88%, 0, 0, 2, 21039.49, 34536159, 206
1706, 400, 14, 30, 0, 0, 4.88%, 0, 0, 2, 19432.77, 34636163, 206
1711, 402, 14, 30, 0, 0, 4.88%, 0, 0, 2, 20815.86, 34746293, 206
1716, 403, 8, 30, 0, 0, 4.88%, 0, 0, 2, 19436.09, 34846895, 206
1721, 404, 17, 30, 0, 0, 4.88%, 0, 0, 2, 20773.81, 34955351, 206
1726, 405, 14, 30, 0, 0, 4.88%, 0, 0, 2, 20112.71, 35055135, 206
1731, 407, 14, 30, 0, 0, 4.88%, 0, 0, 2, 20944.02, 35164620, 206
1737, 408, 14, 30, 0, 0, 4.88%, 0, 0, 2, 20408.38, 35268803, 206
1742, 409, 14, 30, 0, 0, 4.88%, 0, 0, 2, 20648.05, 35377184, 206
1747, 410, 14, 30, 0, 0, 4.88%, 0, 0, 2, 20133.10, 35478602, 206
1752, 411, 14, 30, 0, 0, 4.88%, 0, 0, 2, 20960.97, 35588118, 206
1757, 413, 14, 30, 0, 0, 4.88%, 0, 0, 2, 20103.53, 35686789, 206
1762, 414, 14, 30, 0, 0, 4.88%, 0, 0, 2, 20434.81, 35790661, 206
1767, 415, 9, 30, 0, 0, 4.88%, 0, 0, 2, 20192.14, 35892536, 206
1772, 416, 14, 30, 0, 0, 4.88%, 0, 0, 2, 21134.99, 36002577, 206
1778, 418, 14, 30, 0, 0, 4.88%, 0, 0, 2, 20645.60, 36106875, 206
1783, 419, 14, 30, 0, 0, 4.88%, 0, 0, 2, 20984.96, 36217099, 206
1788, 420, 17, 30, 0, 0, 4.88%, 0, 0, 2, 20165.35, 36319823, 206
1793, 421, 14, 30, 0, 0, 4.88%, 0, 0, 2, 20568.06, 36427808, 206
1798, 422, 14, 30, 0, 0, 4.88%, 0, 0, 2, 20482.03, 36533343, 206
1804, 424, 25, 30, 0, 0, 4.88%, 0, 0, 2, 20565.55, 36642284, 206
1809, 425, 14, 30, 0, 0, 4.88%, 0, 0, 2, 20333.45, 36746862, 206
1814, 426, 16, 30, 0, 0, 4.88%, 0, 0, 2, 20619.91, 36858159, 206
1819, 427, 5, 30, 0, 0, 4.88%, 0, 0, 2, 20817.82, 36966379, 206
1824, 429, 20, 30, 0, 0, 4.88%, 0, 0, 2, 19934.23, 37068086, 206
1829, 430, 14, 30, 0, 0, 4.88%, 0, 0, 2, 20929.19, 37175365, 206
1835, 431, 14, 30, 0, 0, 4.88%, 0, 0, 2, 20431.39, 37281099, 206
1840, 432, 17, 30, 0, 0, 4.88%, 0, 0, 2, 20932.62, 37388898, 206
1845, 434, 14, 30, 0, 0, 4.88%, 0, 0, 2, 20267.44, 37492760, 206
1850, 435, 14, 30, 0, 0, 4.88%, 0, 0, 2, 20916.47, 37600787, 206
1855, 436, 14, 30, 0, 0, 4.88%, 0, 0, 2, 20102.57, 37704747, 206
1860, 437, 14, 30, 0, 0, 4.88%, 0, 0, 2, 21050.39, 37814540, 206
1865, 439, 14, 30, 0, 0, 4.88%, 0, 0, 2, 20090.15, 37913458, 206
1871, 440, 14, 30, 0, 0, 4.88%, 0, 0, 2, 21375.82, 38025419, 206
1876, 441, 14, 30, 0, 0, 4.88%, 0, 0, 2, 20409.96, 38130728, 206
1881, 442, 23, 30, 0, 0, 4.88%, 0, 0, 2, 21098.38, 38241122, 206
1886, 443, 5, 30, 0, 0, 4.88%, 0, 0, 2, 19843.86, 38342164, 206
1891, 445, 8, 30, 0, 0, 4.88%, 0, 0, 2, 21319.10, 38453259, 206
1896, 446, 14, 30, 0, 0, 4.88%, 0, 0, 2, 19999.89, 38552022, 206
1901, 447, 26, 30, 0, 0, 4.88%, 0, 0, 2, 21317.77, 38663387, 206
1907, 448, 14, 30, 0, 0, 4.88%, 0, 0, 2, 19481.70, 38762820, 206
1912, 450, 14, 30, 0, 0, 4.88%, 0, 0, 2, 21038.81, 38874123, 206
1917, 451, 23, 30, 0, 0, 4.88%, 0, 0, 2, 19895.76, 38975754, 206
1922, 452, 16, 30, 0, 0, 4.88%, 0, 0, 2, 20994.48, 39086578, 206
1927, 453, 25, 30, 0, 0, 4.88%, 0, 0, 2, 20064.93, 39187353, 206
1933, 455, 14, 30, 0, 0, 4.88%, 0, 0, 2, 20920.02, 39296358, 206
1938, 456, 26, 30, 0, 0, 4.88%, 0, 0, 2, 20654.36, 39400627, 206
1943, 457, 5, 30, 0, 0, 4.88%, 0, 0, 2, 20185.65, 39506114, 206
1948, 458, 22, 30, 0, 0, 4.88%, 0, 0, 2, 20291.96, 39608915, 206
1953, 459, 16, 30, 0, 0, 4.88%, 0, 0, 2, 20572.14, 39716624, 206
1958, 461, 14, 30, 0, 0, 4.88%, 0, 0, 2, 20688.96, 39822481, 206
1964, 462, 14, 30, 0, 0, 4.88%, 0, 0, 2, 20066.85, 39928083, 206
1969, 463, 14, 30, 0, 0, 4.88%, 0, 0, 2, 20600.10, 40033531, 206
1974, 464, 14, 30, 0, 0, 4.88%, 0, 0, 2, 20602.91, 40141679, 206
1979, 466, 26, 30, 0, 0, 4.88%, 0, 0, 2, 20878.01, 40249535, 206
1984, 467, 14, 30, 0, 0, 4.88%, 0, 0, 2, 19948.56, 40350158, 206
1989, 468, 16, 30, 0, 0, 4.88%, 0, 0, 2, 21058.92, 40458963, 206
1994, 469, 23, 30, 0, 0, 4.88%, 0, 0, 2, 20268.30, 40563483, 206
1999, 471, 14, 30, 0, 0, 4.88%, 0, 0, 2, 21117.50, 40669847, 206
2005, 472, 27, 30, 0, 0, 4.88%, 0, 0, 2, 19491.22, 40771765, 206
2010, 473, 2, 30, 0, 0, 4.88%, 0, 0, 2, 20807.82, 40879025, 206
2015, 474, 5, 30, 0, 0, 4.88%, 0, 0, 2, 20602.42, 40985747, 206
2020, 476, 14, 30, 0, 0, 4.88%, 0, 0, 2, 20869.47, 41093220, 206
2025, 477, 14, 30, 0, 0, 4.88%, 0, 0, 2, 19942.46, 41196892, 206
2031, 478, 14, 30, 0, 0, 4.88%, 0, 0, 2, 20841.50, 41304008, 206
2036, 479, 14, 30, 0, 0, 4.88%, 0, 0, 2, 20531.58, 41410313, 206
2041, 481, 26, 30, 0, 0, 4.88%, 0, 0, 2, 21025.81, 41516388, 206
2046, 482, 16, 30, 0, 0, 4.88%, 0, 0, 2, 19788.67, 41616059, 206
2051, 483, 18, 30, 0, 0, 4.88%, 0, 0, 2, 21127.60, 41727306, 206
2056, 484, 14, 30, 0, 0, 4.88%, 0, 0, 2, 20478.06, 41833261, 206
2061, 485, 9, 30, 0, 0, 4.88%, 0, 0, 2, 21271.31, 41944407, 206
2067, 487, 14, 30, 0, 0, 4.88%, 0, 0, 2, 20120.49, 42046149, 206
2072, 488, 14, 30, 0, 0, 4.88%, 0, 0, 2, 21110.44, 42156094, 206
2077, 489, 14, 30, 0, 0, 4.88%, 0, 0, 2, 20391.68, 42256657, 206
2082, 490, 14, 30, 0, 0, 4.88%, 0, 0, 2, 20699.18, 42365065, 206
2087, 492, 24, 30, 0, 0, 4.88%, 0, 0, 2, 20595.98, 42469931, 206
2092, 493, 14, 30, 0, 0, 4.88%, 0, 0, 2, 21291.96, 42581720, 206
2097, 494, 27, 30, 0, 0, 4.88%, 0, 0, 2, 20580.74, 42682307, 206
2103, 495, 14, 30, 0, 0, 4.88%, 0, 0, 2, 21193.62, 42791924, 206
2108, 496, 14, 30, 0, 0, 4.88%, 0, 0, 2, 20478.59, 42893557, 206
2113, 498, 14, 30, 0, 0, 4.88%, 0, 0, 2, 21107.42, 43000590, 206
2118, 499, 5, 30, 0, 0, 4.88%, 0, 0, 2, 20592.43, 43103298, 206
2123, 500, 14, 30, 0, 0, 4.88%, 0, 0, 2, 20220.36, 43211056, 206
2128, 501, 9, 30, 0, 0, 4.88%, 0, 0, 2, 20335.81, 43313390, 206
2133, 502, 14, 30, 0, 0, 4.88%, 0, 0, 2, 20548.26, 43422443, 206
2139, 504, 14, 30, 0, 0, 4.88%, 0, 0, 2, 20542.42, 43526525, 206
2144, 505, 14, 30, 0, 0, 4.88%, 0, 0, 2, 20348.52, 43633703, 206
2149, 506, 14, 30, 0, 0, 4.88%, 0, 0, 2, 20704.59, 43736258, 206
2154, 507, 26, 30, 0, 0, 4.88%, 0, 0, 2, 20471.68, 43844002, 206
2159, 509, 2, 30, 0, 0, 4.88%, 0, 0, 2, 20658.21, 43950553, 206
2164, 510, 14, 30, 0, 0, 4.88%, 0, 0, 2, 20398.48, 44058014, 206
2169, 511, 14, 30, 0, 0, 4.88%, 0, 0, 2, 21013.70, 44163154, 206
2175, 512, 14, 30, 0, 0, 4.88%, 0, 0, 2, 20259.83, 44269201, 206
2180, 514, 26, 30, 0, 0, 4.88%, 0, 0, 2, 20832.23, 44376324, 206
2185, 515, 18, 30, 0, 0, 4.88%, 0, 0, 2, 19468.15, 44477279, 206
2190, 516, 14, 30, 0, 0, 4.88%, 0, 0, 2, 20825.30, 44583698, 206
2195, 517, 26, 30, 0, 0, 4.88%, 0, 0, 2, 20214.90, 44688828, 206
2200, 519, 14, 30, 0, 0, 4.88%, 0, 0, 2, 20710.52, 44794278, 206
2206, 520, 14, 30, 0, 0, 4.88%, 0, 0, 2, 19423.59, 44896218, 206
2211, 521, 24, 30, 0, 0, 4.88%, 0, 0, 2, 20990.75, 45006191, 206
2216, 522, 24, 30, 0, 0, 4.88%, 0, 0, 2, 19796.81, 45108338, 206
2221, 523, 24, 30, 0, 0, 4.88%, 0, 0, 2, 21101.95, 45219622, 206
2226, 525, 25, 30, 0, 0, 4.88%, 0, 0, 2, 19924.98, 45318022, 206
2231, 526, 5, 30, 0, 0, 4.88%, 0, 0, 2, 21014.63, 45424142, 206
2236, 527, 18, 30, 0, 0, 4.88%, 0, 0, 2, 20224.72, 45526173, 206
2241, 528, 27, 30, 0, 0, 4.88%, 0, 0, 2, 21256.97, 45637703, 206
2247, 530, 14, 30, 0, 0, 4.88%, 0, 0, 2, 19889.37, 45737948, 206
2252, 531, 14, 30, 0, 0, 4.88%, 0, 0, 2, 21195.73, 45848082, 206
2257, 532, 14, 30, 0, 0, 4.88%, 0, 0, 2, 20798.21, 45954217, 206
2262, 533, 12, 30, 0, 0, 4.88%, 0, 0, 2, 21539.19, 46066500, 206
2267, 534, 14, 30, 0, 0, 4.88%, 0, 0, 2, 20644.62, 46169937, 206
2273, 536, 14, 30, 0, 0, 4.88%, 0, 0, 2, 21285.64, 46280849, 206
2278, 537, 14, 30, 0, 0, 4.88%, 0, 0, 2, 20710.30, 46386083, 206
2283, 538, 14, 30, 0, 0, 4.88%, 0, 0, 2, 21006.77, 46495455, 206
2288, 539, 17, 30, 0, 0, 4.88%, 0, 0, 2, 21113.45, 46604065, 206
2293, 541, 2, 30, 0, 0, 4.88%, 0, 0, 2, 21799.50, 46716976, 206
2298, 542, 26, 30, 0, 0, 4.88%, 0, 0, 2, 21101.34, 46821378, 206
2304, 543, 23, 30, 0, 0, 4.88%, 0, 0, 2, 20416.48, 46928848, 206
2309, 544, 18, 30, 0, 0, 4.88%, 0, 0, 2, 20975.47, 47034093, 206
2314, 546, 9, 30, 0, 0, 4.88%, 0, 0, 2, 20762.30, 47142995, 206
2319, 547, 26, 30, 0, 0, 4.88%, 0, 0, 2, 21213.91, 47253183, 206
2324, 548, 8, 30, 0, 0, 4.88%, 0, 0, 2, 20627.67, 47361486, 206
2329, 549, 26, 30, 0, 0, 4.88%, 0, 0, 2, 21159.18, 47470752, 206
2334, 551, 26, 30, 0, 0, 4.88%, 0, 0, 2, 20977.49, 47579782, 206
2339, 552, 5, 30, 0, 0, 4.88%, 0, 0, 2, 21340.29, 47685457, 206
2345, 553, 14, 30, 0, 0, 4.88%, 0, 0, 2, 20710.00, 47793354, 206
2350, 554, 3, 30, 0, 0, 4.88%, 0, 0, 2, 21289.47, 47899619, 206
2355, 555, 25, 30, 0, 0, 4.88%, 0, 0, 2, 20633.23, 48007623, 206
2360, 557, 26, 30, 0, 0, 4.88%, 0, 0, 2, 21420.90, 48114093, 206
2365, 558, 27, 30, 0, 0, 4.88%, 0, 0, 2, 20355.95, 48218049, 206
2370, 559, 16, 30, 0, 0, 4.88%, 0, 0, 2, 21078.06, 48326846, 206
2375, 560, 14, 30, 0, 0, 4.88%, 0, 0, 2, 20721.17, 48434616, 206
2381, 561, 28, 30, 0, 0, 4.88%, 0, 0, 2, 21195.93, 48544502, 206
2386, 563, 26, 30, 0, 0, 4.88%, 0, 0, 2, 20489.71, 48650583, 206
2391, 564, 14, 30, 0, 0, 4.88%, 0, 0, 2, 21121.89, 48761297, 206
2396, 565, 14, 30, 0, 0, 4.88%, 0, 0, 2, 20938.00, 48866142, 206
2401, 567, 14, 30, 0, 0, 4.88%, 0, 0, 2, 21556.59, 48977598, 206
2406, 568, 18, 30, 0, 0, 4.88%, 0, 0, 2, 20761.21, 49081352, 206
2411, 569, 27, 30, 0, 0, 4.88%, 0, 0, 2, 21695.75, 49190547, 206
2416, 570, 28, 30, 0, 0, 4.88%, 0, 0, 2, 20928.79, 49296046, 206
2421, 572, 14, 30, 0, 0, 4.88%, 0, 0, 2, 21422.26, 49407685, 206
2427, 573, 14, 30, 0, 0, 4.88%, 0, 0, 2, 20329.62, 49509256, 206
2432, 574, 8, 30, 0, 0, 4.88%, 0, 0, 2, 21386.88, 49620921, 206
2437, 575, 14, 30, 0, 0, 4.88%, 0, 0, 2, 20876.80, 49727582, 206
2442, 577, 25, 30, 0, 0, 4.88%, 0, 0, 2, 21411.65, 49835684, 206
2447, 578, 26, 30, 0, 0, 4.88%, 0, 0, 2, 20743.39, 49941747, 206
2452, 579, 24, 30, 0, 0, 4.88%, 0, 0, 2, 21728.48, 50057346, 206
2457, 580, 26, 30, 0, 0, 4.88%, 0, 0, 2, 20861.55, 50160158, 206
2462, 582, 25, 30, 0, 0, 4.88%, 0, 0, 2, 21598.61, 50273711, 206
2468, 583, 18, 30, 0, 0, 4.88%, 0, 0, 2, 20633.90, 50376840, 206
2473, 584, 14, 30, 0, 0, 4.88%, 0, 0, 2, 21318.16, 50490003, 206
2478, 585, 25, 30, 0, 0, 4.88%, 0, 0, 2, 21267.00, 50596515, 206
2483, 587, 14, 30, 0, 0, 4.88%, 0, 0, 2, 21016.24, 50707534, 206
2488, 588, 25, 30, 0, 0, 4.88%, 0, 0, 2, 21129.13, 50815587, 206
2493, 589, 2, 30, 0, 0, 4.88%, 0, 0, 2, 21126.71, 50925073, 206
2499, 590, 14, 30, 0, 0, 4.88%, 0, 0, 2, 21097.62, 51032720, 206
2504, 592, 24, 30, 0, 0, 4.88%, 0, 0, 2, 20872.23, 51141169, 206
2509, 593, 12, 30, 0, 0, 4.88%, 0, 0, 2, 21096.23, 51247066, 206
2514, 594, 14, 30, 0, 0, 4.88%, 0, 0, 2, 21756.67, 51361948, 206
2519, 596, 14, 30, 0, 0, 4.88%, 0, 0, 2, 21495.55, 51473391, 206
2524, 597, 2, 30, 0, 0, 4.88%, 0, 0, 2, 20568.93, 51580648, 206
2529, 598, 14, 30, 0, 0, 4.88%, 0, 0, 2, 21145.36, 51687225, 206
2535, 599, 24, 30, 0, 0, 4.88%, 0, 0, 2, 20884.41, 51797366, 206
2540, 600, 14, 30, 0, 0, 4.88%, 0, 0, 2, 21686.00, 51910661, 206
2545, 602, 26, 30, 0, 0, 4.88%, 0, 0, 2, 19650.56, 52008951, 206
2550, 603, 14, 30, 0, 0, 4.88%, 0, 0, 2, 21210.14, 52118331, 206
2555, 604, 5, 30, 0, 0, 4.88%, 0, 0, 2, 20583.89, 52225383, 206
2560, 605, 17, 30, 0, 0, 4.88%, 0, 0, 2, 21620.59, 52338675, 206
2565, 607, 26, 30, 0, 0, 4.88%, 0, 0, 2, 20555.22, 52444378, 206
2571, 608, 14, 30, 0, 0, 4.88%, 0, 0, 2, 21628.87, 52554720, 206
2576, 609, 27, 30, 0, 0, 4.88%, 0, 0, 2, 20893.09, 52663233, 206
2581, 610, 5, 30, 0, 0, 4.88%, 0, 0, 2, 21646.52, 52775430, 206
2586, 612, 2, 30, 0, 0, 4.88%, 0, 0, 2, 20755.38, 52881018, 206
2591, 613, 14, 30, 0, 0, 4.88%, 0, 0, 2, 21242.86, 52991426, 206
2596, 614, 14, 30, 0, 0, 4.88%, 0, 0, 2, 20592.95, 53096804, 206
2602, 615, 9, 30, 0, 0, 4.88%, 0, 0, 2, 21552.37, 53208777, 206
2607, 617, 25, 30, 0, 0, 4.88%, 0, 0, 2, 20498.46, 53312097, 206
2612, 618, 14, 30, 0, 0, 4.88%, 0, 0, 2, 21274.48, 53423755, 206
2617, 619, 17, 30, 0, 0, 4.88%, 0, 0, 2, 21027.09, 53529389, 206
2622, 621, 14, 30, 0, 0, 4.88%, 0, 0, 2, 21576.82, 53642961, 206
2628, 622, 20, 30, 0, 0, 4.88%, 0, 0, 2, 21092.87, 53750591, 206
2633, 623, 17, 30, 0, 0, 4.88%, 0, 0, 2, 21398.95, 53862023, 206
2638, 624, 14, 30, 0, 0, 4.88%, 0, 0, 2, 21294.85, 53970982, 206
2643, 626, 28, 30, 0, 0, 4.88%, 0, 0, 2, 20625.06, 54076345, 206
2648, 627, 25, 30, 0, 0, 4.88%, 0, 0, 2, 21224.41, 54185860, 206
2653, 628, 14, 30, 0, 0, 4.88%, 0, 0, 2, 21297.70, 54296693, 206
2658, 629, 17, 30, 0, 0, 4.88%, 0, 0, 2, 21102.58, 54400726, 206
2663, 631, 26, 30, 0, 0, 4.88%, 0, 0, 2, 20261.87, 54507550, 206
2668, 632, 14, 30, 0, 0, 4.88%, 0, 0, 2, 20724.14, 54609445, 206
2674, 633, 26, 30, 0, 0, 4.88%, 0, 0, 2, 20784.84, 54718489, 206
2679, 634, 14, 30, 0, 0, 4.88%, 0, 0, 2, 21441.11, 54825934, 206
2684, 636, 26, 30, 0, 0, 4.88%, 0, 0, 2, 21270.57, 54936665, 206
2689, 637, 17, 30, 0, 0, 4.88%, 0, 0, 2, 21744.79, 55048879, 206
2694, 638, 14, 30, 0, 0, 4.88%, 0, 0, 2, 20989.10, 55154985, 206
2699, 640, 14, 30, 0, 0, 4.88%, 0, 0, 2, 21179.62, 55265345, 206
2704, 641, 14, 30, 0, 0, 4.88%, 0, 0, 2, 21046.86, 55379646, 206
2710, 642, 14, 30, 0, 0, 4.88%, 0, 0, 2, 21331.19, 55489575, 206
2715, 643, 20, 30, 0, 0, 4.88%, 0, 0, 2, 20535.78, 55598045, 206
2720, 645, 14, 30, 0, 0, 4.88%, 0, 0, 2, 20991.57, 55706210, 206
2725, 646, 14, 30, 0, 0, 4.88%, 0, 0, 2, 20492.97, 55813000, 206
2730, 647, 14, 30, 0, 0, 4.88%, 0, 0, 2, 21669.23, 55925842, 206
2735, 648, 25, 30, 0, 0, 4.88%, 0, 0, 2, 20911.41, 56030586, 206
2741, 650, 25, 30, 0, 0, 4.88%, 0, 0, 2, 21742.62, 56143127, 206
2746, 651, 17, 30, 0, 0, 4.88%, 0, 0, 2, 21068.73, 56250393, 206
2751, 652, 14, 30, 0, 0, 4.88%, 0, 0, 2, 21610.56, 56359035, 206
2756, 653, 23, 30, 0, 0, 4.88%, 0, 0, 2, 20946.20, 56463447, 206
2761, 655, 14, 30, 0, 0, 4.88%, 0, 0, 2, 21703.90, 56575656, 206
2766, 656, 5, 30, 0, 0, 4.88%, 0, 0, 2, 20941.09, 56679186, 206
2771, 657, 18, 30, 0, 0, 4.88%, 0, 0, 2, 21700.43, 56792167, 206
2776, 658, 2, 30, 0, 0, 4.88%, 0, 0, 2, 20615.06, 56900258, 206
2781, 660, 22, 30, 0, 0, 4.88%, 0, 0, 2, 21965.35, 57014872, 206
2786, 661, 14, 30, 0, 0, 4.88%, 0, 0, 2, 20657.69, 57116098, 206
2792, 662, 26, 30, 0, 0, 4.88%, 0, 0, 2, 21937.50, 57230820, 206
2797, 663, 8, 30, 0, 0, 4.88%, 0, 0, 2, 20837.73, 57332907, 206
2802, 665, 14, 30, 0, 0, 4.88%, 0, 0, 2, 21395.04, 57440277, 206
2807, 666, 24, 30, 0, 0, 4.88%, 0, 0, 2, 21262.85, 57550474, 206
2812, 667, 23, 30, 0, 0, 4.88%, 0, 0, 2, 21863.05, 57662878, 206
2817, 669, 14, 30, 0, 0, 4.88%, 0, 0, 2, 21326.16, 57771131, 206
2822, 670, 14, 30, 0, 0, 4.88%, 0, 0, 2, 21845.77, 57884137, 206
2828, 671, 14, 30, 0, 0, 4.88%, 0, 0, 2, 21475.79, 57992844, 206
2833, 672, 14, 30, 0, 0, 4.88%, 0, 0, 2, 21809.44, 58105708, 206
2838, 674, 14, 30, 0, 0, 4.88%, 0, 0, 2, 21241.59, 58211799, 206
2843, 675, 9, 30, 0, 0, 4.88%, 0, 0, 2, 20425.03, 58319593, 206
2848, 676, 26, 30, 0, 0, 4.88%, 0, 0, 2, 20919.23, 58427670, 206
2853, 677, 24, 30, 0, 0, 4.88%, 0, 0, 2, 20726.24, 58533896, 206
2858, 679, 16, 30, 0, 0, 4.88%, 0, 0, 2, 21055.79, 58641993, 206
2863, 680, 5, 30, 0, 0, 4.88%, 0, 0, 2, 20923.70, 58749251, 206
2868, 681, 26, 30, 0, 0, 4.88%, 0, 0, 2, 21129.53, 58855188, 206
2874, 682, 14, 30, 0, 0, 4.88%, 0, 0, 2, 20785.24, 58964401, 206
2879, 684, 2, 30, 0, 0, 4.88%, 0, 0, 2, 21213.64, 59073385, 206
2884, 685, 14, 30, 0, 0, 4.88%, 0, 0, 2, 21400.22, 59186247, 206
2889, 686, 25, 30, 0, 0, 4.88%, 0, 0, 2, 22228.70, 59300028, 206
2894, 688, 9, 30, 0, 0, 4.88%, 0, 0, 2, 21070.98, 59410076, 206
2900, 689, 14, 30, 0, 0, 4.88%, 0, 0, 2, 21567.89, 59521293, 206
2905, 690, 24, 30, 0, 0, 4.88%, 0, 0, 2, 20124.80, 59626387, 206
2910, 691, 25, 30, 0, 0, 4.88%, 0, 0, 2, 21211.57, 59736413, 206
2915, 693, 14, 30, 0, 0, 4.88%, 0, 0, 2, 20958.83, 59843723, 206
2920, 694, 14, 30, 0, 0, 4.88%, 0, 0, 2, 21237.37, 59952870, 206
2925, 695, 14, 30, 0, 0, 4.88%, 0, 0, 2, 21348.21, 60064650, 206
2931, 697, 14, 30, 0, 0, 4.88%, 0, 0, 2, 22092.57, 60179833, 206
2936, 698, 14, 30, 0, 0, 4.88%, 0, 0, 2, 20850.43, 60287235, 206
2941, 699, 14, 30, 0, 0, 4.88%, 0, 0, 2, 21601.34, 60399905, 206
2946, 701, 14, 30, 0, 0, 4.88%, 0, 0, 2, 20999.11, 60506130, 206
2951, 702, 22, 30, 0, 0, 4.88%, 0, 0, 2, 21630.17, 60619313, 206
2956, 703, 14, 30, 0, 0, 4.88%, 0, 0, 2, 20902.95, 60723200, 206
2961, 704, 26, 30, 0, 0, 4.88%, 0, 0, 2, 21655.18, 60836026, 206
2967, 705, 12, 30, 0, 0, 4.88%, 0, 0, 2, 20293.31, 60935760, 206
2972, 707, 14, 30, 0, 0, 4.88%, 0, 0, 2, 21814.08, 61050591, 206
2977, 708, 14, 30, 0, 0, 4.88%, 0, 0, 2, 21101.65, 61156536, 206
2982, 710, 26, 30, 0, 0, 4.88%, 0, 0, 2, 22174.76, 61273747, 206
2987, 711, 22, 30, 0, 0, 4.88%, 0, 0, 2, 21139.68, 61380083, 206
2992, 712, 26, 30, 0, 0, 4.88%, 0, 0, 2, 21742.74, 61492734, 206
2998, 713, 28, 30, 0, 0, 4.88%, 0, 0, 2, 21547.05, 61601335, 206
3003, 715, 24, 30, 0, 0, 4.88%, 0, 0, 2, 21579.79, 61715219, 206
3008, 716, 27, 30, 0, 0, 4.88%, 0, 0, 2, 21005.09, 61820429, 206
3013, 717, 14, 30, 0, 0, 4.88%, 0, 0, 2, 22651.89, 61935211, 206
3018, 718, 26, 30, 0, 0, 4.88%, 0, 0, 2, 21079.74, 62038209, 206
3023, 720, 14, 30, 0, 0, 4.88%, 0, 0, 2, 20641.94, 62144401, 206
3028, 721, 2, 30, 0, 0, 4.88%, 0, 0, 2, 21030.34, 62248846, 206
3033, 722, 14, 30, 0, 0, 4.88%, 0, 0, 2, 21396.93, 62362245, 206
3038, 723, 14, 30, 0, 0, 4.88%, 0, 0, 2, 21347.63, 62469342, 206
3044, 725, 17, 30, 0, 0, 4.88%, 0, 0, 2, 21532.32, 62581603, 206
3049, 726, 14, 30, 0, 0, 4.88%, 0, 0, 2, 21520.82, 62692172, 206
3054, 727, 14, 30, 0, 0, 4.88%, 0, 0, 2, 21205.85, 62802577, 206
3059, 729, 14, 30, 0, 0, 4.88%, 0, 0, 2, 21655.29, 62910687, 206
3064, 730, 24, 30, 0, 0, 4.88%, 0, 0, 2, 20702.27, 63019697, 206
3069, 731, 9, 30, 0, 0, 4.88%, 0, 0, 2, 21367.00, 63126451, 206
3074, 732, 14, 30, 0, 0, 4.88%, 0, 0, 2, 21103.63, 63237156, 206
3079, 734, 14, 30, 0, 0, 4.88%, 0, 0, 2, 21608.42, 63345514, 206
3085, 735, 14, 30, 0, 0, 4.88%, 0, 0, 2, 20035.78, 63450445, 206
3090, 736, 14, 30, 0, 0, 4.88%, 0, 0, 2, 21442.57, 63561514, 206
3095, 737, 26, 30, 0, 0, 4.88%, 0, 0, 2, 21023.31, 63671432, 206
3100, 738, 24, 30, 0, 0, 4.88%, 0, 0, 2, 21669.52, 63783863, 206
3105, 740, 18, 30, 0, 0, 4.88%, 0, 0, 2, 20660.81, 63890918, 206
3110, 741, 14, 30, 0, 0, 4.88%, 0, 0, 2, 22332.88, 64008790, 206
3116, 742, 14, 30, 0, 0, 4.88%, 0, 0, 2, 20463.55, 64114706, 206
3121, 744, 12, 30, 0, 0, 4.88%, 0, 0, 2, 22379.01, 64231808, 206
3126, 745, 26, 30, 0, 0, 4.88%, 0, 0, 2, 20024.09, 64331874, 206
3131, 746, 14, 30, 0, 0, 4.88%, 0, 0, 2, 21612.38, 64444570, 206
3136, 747, 14, 30, 0, 0, 4.88%, 0, 0, 2, 20573.04, 64548243, 206
3141, 749, 20, 30, 0, 0, 4.88%, 0, 0, 2, 21634.18, 64661164, 206
3146, 750, 14, 30, 0, 0, 4.88%, 0, 0, 2, 20683.86, 64766640, 206
3151, 751, 24, 30, 0, 0, 4.88%, 0, 0, 2, 21879.49, 64880594, 206
3156, 753, 14, 30, 0, 0, 4.88%, 0, 0, 2, 20142.25, 64980495, 206
3162, 754, 18, 30, 0, 0, 4.88%, 0, 0, 2, 21898.85, 65093908, 206
3167, 755, 27, 30, 0, 0, 4.88%, 0, 0, 2, 20959.93, 65197251, 206
3172, 756, 9, 30, 0, 0, 4.88%, 0, 0, 2, 21856.24, 65311211, 206
3177, 758, 14, 30, 0, 0, 4.88%, 0, 0, 2, 21003.74, 65418322, 206
3182, 759, 14, 30, 0, 0, 4.88%, 0, 0, 2, 21799.12, 65528538, 206
3187, 760, 14, 30, 0, 0, 4.88%, 0, 0, 2, 21432.16, 65634708, 206
3192, 761, 14, 30, 0, 0, 4.88%, 0, 0, 2, 21934.19, 65748301, 206
3197, 763, 14, 30, 0, 0, 4.88%, 0, 0, 2, 21332.57, 65857739, 206
3202, 764, 14, 30, 0, 0, 4.88%, 0, 0, 2, 21113.34, 65966539, 206
3208, 765, 14, 30, 0, 0, 4.88%, 0, 0, 2, 20813.16, 66071453, 206
3213, 767, 23, 30, 0, 0, 4.88%, 0, 0, 2, 21796.75, 66185388, 206
3218, 768, 16, 30, 0, 0, 4.88%, 0, 0, 2, 21309.99, 66290470, 206
3223, 769, 14, 30, 0, 0, 4.88%, 0, 0, 2, 21913.90, 66405303, 206
3228, 770, 16, 30, 0, 0, 4.88%, 0, 0, 2, 21984.57, 66515019, 206
3233, 772, 14, 30, 0, 0, 4.88%, 0, 0, 2, 21888.82, 66629366, 206
3238, 773, 14, 30, 0, 0, 4.88%, 0, 0, 2, 23229.55, 66742999, 206
3243, 774, 14, 30, 0, 0, 4.88%, 0, 0, 2, 21288.20, 66848745, 206
3248, 775, 26, 30, 0, 0, 4.88%, 0, 0, 2, 21344.30, 66957397, 206
3254, 777, 25, 30, 0, 0, 4.88%, 0, 0, 2, 21512.74, 67069221, 206
3259, 778, 14, 30, 0, 0, 4.88%, 0, 0, 2, 22205.70, 67181619, 206
3264, 779, 26, 30, 0, 0, 4.88%, 0, 0, 2, 20838.92, 67287365, 206
3269, 781, 14, 30, 0, 0, 4.88%, 0, 0, 2, 20793.57, 67390431, 206
3274, 782, 14, 30, 0, 0, 4.88%, 0, 0, 2, 20853.49, 67497716, 206
3279, 783, 26, 30, 0, 0, 4.88%, 0, 0, 2, 21004.30, 67606120, 206
3284, 784, 14, 30, 0, 0, 4.88%, 0, 0, 2, 20957.22, 67715650, 206
3289, 786, 14, 30, 0, 0, 4.88%, 0, 0, 2, 21753.92, 67827398, 206
3295, 787, 25, 30, 0, 0, 4.88%, 0, 0, 2, 21125.36, 67936332, 206
3300, 788, 14, 30, 0, 0, 4.88%, 0, 0, 2, 22697.54, 68053192, 206
3305, 790, 20, 30, 0, 0, 4.88%, 0, 0, 2, 21297.27, 68160756, 206
3310, 791, 14, 30, 0, 0, 4.88%, 0, 0, 2, 22108.73, 68274605, 206
3315, 792, 16, 30, 0, 0, 4.88%, 0, 0, 2, 21297.18, 68381621, 206
3320, 793, 14, 30, 0, 0, 4.88%, 0, 0, 2, 21962.82, 68491316, 206
3325, 795, 14, 30, 0, 0, 4.88%, 0, 0, 2, 20971.88, 68599634, 206
3330, 796, 24, 30, 0, 0, 4.88%, 0, 0, 2, 21972.19, 68712616, 206
3336, 797, 14, 30, 0, 0, 4.88%, 0, 0, 2, 20748.90, 68819628, 206
3341, 799, 9, 30, 0, 0, 4.88%, 0, 0, 2, 22182.51, 68936936, 206
3346, 800, 25, 30, 0, 0, 4.88%, 0, 0, 2, 21117.77, 69045954, 206
3351, 801, 17, 30, 0, 0, 4.88%, 0, 0, 2, 22063.18, 69161498, 206
3356, 802, 14, 30, 0, 0, 4.88%, 0, 0, 2, 21252.30, 69268067, 206
3361, 804, 14, 30, 0, 0, 4.88%, 0, 0, 2, 21983.34, 69378832, 206
3366, 805, 14, 30, 0, 0, 4.88%, 0, 0, 2, 20312.49, 69481399, 206
3371, 806, 14, 30, 0, 0, 4.88%, 0, 0, 2, 21815.34, 69596173, 206
3377, 807, 14, 30, 0, 0, 4.88%, 0, 0, 2, 21067.86, 69703783, 206
3382, 809, 18, 30, 0, 0, 4.88%, 0, 0, 2, 21794.88, 69816724, 206
3387, 810, 14, 30, 0, 0, 4.88%, 0, 0, 2, 21034.32, 69922510, 206
3392, 811, 14, 30, 0, 0, 4.88%, 0, 0, 2, 21569.22, 70034114, 206
3397, 813, 14, 30, 0, 0, 4.88%, 0, 0, 2, 21387.12, 70143169, 206
3402, 814, 14, 30, 0, 0, 4.88%, 0, 0, 2, 21927.08, 70257877, 206
3408, 815, 26, 30, 0, 0, 4.88%, 0, 0, 2, 21526.52, 70367689, 206
3413, 817, 26, 30, 0, 0, 4.88%, 0, 0, 2, 22232.29, 70484654, 206
3418, 818, 26, 30, 0, 0, 4.88%, 0, 0, 2, 21778.37, 70595793, 206
3423, 819, 26, 30, 0, 0, 4.88%, 0, 0, 2, 21375.85, 70708438, 206
3428, 821, 26, 30, 0, 0, 4.88%, 0, 0, 2, 21583.46, 70815575, 206
3433, 822, 17, 30, 0, 0, 4.88%, 0, 0, 2, 21125.71, 70925830, 206
3438, 823, 26, 30, 0, 0, 4.88%, 0, 0, 2, 21578.62, 71034371, 206
3444, 824, 14, 30, 0, 0, 4.88%, 0, 0, 2, 20334.07, 71143551, 206
3449, 826, 14, 30, 0, 0, 4.88%, 0, 0, 2, 21320.54, 71249719, 206
3454, 827, 14, 30, 0, 0, 4.88%, 0, 0, 2, 21506.20, 71363095, 206
3459, 828, 14, 30, 0, 0, 4.88%, 0, 0, 2, 21944.26, 71474829, 206
3464, 829, 18, 30, 0, 0, 4.88%, 0, 0, 2, 21491.31, 71587377, 206
3469, 831, 14, 30, 0, 0, 4.88%, 0, 0, 2, 23222.76, 71705094, 206
3475, 832, 18, 30, 0, 0, 4.88%, 0, 0, 2, 21695.09, 71817783, 206
3480, 833, 14, 30, 0, 0, 4.88%, 0, 0, 2, 21772.25, 71929646, 206
3485, 835, 14, 30, 0, 0, 4.88%, 0, 0, 2, 22156.66, 72050488, 206
3490, 836, 14, 30, 0, 0, 4.88%, 0, 0, 2, 22080.41, 72167067, 206
3495, 837, 24, 30, 0, 0, 4.88%, 0, 0, 2, 21811.69, 72279823, 206
3500, 839, 26, 30, 0, 0, 4.88%, 0, 0, 2, 22374.68, 72395116, 206
3505, 840, 23, 30, 0, 0, 4.88%, 0, 0, 2, 20379.25, 72495872, 206
3511, 841, 14, 30, 0, 0, 4.88%, 0, 0, 2, 21561.62, 72608850, 206
3516, 843, 5, 30, 0, 0, 4.88%, 0, 0, 2, 21866.01, 72724535, 206
3521, 844, 27, 30, 0, 0, 4.88%, 0, 0, 2, 21707.85, 72833670, 206
3526, 845, 17, 30, 0, 0, 4.88%, 0, 0, 2, 21213.97, 72939974, 206
3531, 846, 28, 30, 0, 0, 4.88%, 0, 0, 2, 22045.44, 73057142, 206
3536, 848, 28, 30, 0, 0, 4.88%, 0, 0, 2, 21695.78, 73167762, 206
3541, 849, 23, 30, 0, 0, 4.88%, 0, 0, 2, 22585.44, 73283659, 206
3546, 850, 12, 30, 0, 0, 4.88%, 0, 0, 2, 20967.26, 73389378, 206
3551, 852, 14, 30, 0, 0, 4.88%, 0, 0, 2, 22580.38, 73503778, 206
3557, 853, 16, 30, 0, 0, 4.88%, 0, 0, 2, 21387.40, 73612506, 206
3562, 854, 14, 30, 0, 0, 4.88%, 0, 0, 2, 21941.37, 73726340, 206
3567, 856, 26, 30, 0, 0, 4.88%, 0, 0, 2, 20932.64, 73832845, 206
3572, 857, 9, 30, 0, 0, 4.88%, 0, 0, 2, 23261.49, 73954181, 206
3577, 858, 8, 30, 0, 0, 4.88%, 0, 0, 2, 21652.29, 74059453, 206
3582, 860, 9, 30, 0, 0, 4.88%, 0, 0, 2, 22325.13, 74174974, 206
3588, 861, 14, 30, 0, 0, 4.88%, 0, 0, 2, 21601.28, 74284141, 206
3593, 862, 14, 30, 0, 0, 4.88%, 0, 0, 2, 22072.11, 74394875, 206
3598, 864, 28, 30, 0, 0, 4.88%, 0, 0, 2, 21750.10, 74505090, 206
3603, 865, 27, 30, 0, 0, 4.88%, 0, 0, 2, 22493.23, 74624638, 206
3608, 866, 22, 30, 0, 0, 4.88%, 0, 0, 2, 21413.75, 74732277, 206
3613, 868, 24, 30, 0, 0, 4.88%, 0, 0, 2, 22553.54, 74857102, 206
3618, 869, 8, 30, 0, 0, 4.88%, 0, 0, 2, 22069.48, 74965576, 206
3623, 870, 14, 30, 0, 0, 4.88%, 0, 0, 2, 21383.27, 75078935, 206
3628, 872, 2, 30, 0, 0, 4.88%, 0, 0, 2, 21838.22, 75186966, 206
3634, 873, 14, 30, 0, 0, 4.88%, 0, 0, 2, 21736.38, 75298396, 206
3639, 874, 8, 30, 0, 0, 4.88%, 0, 0, 2, 21787.88, 75409868, 206
3644, 876, 14, 30, 0, 0, 4.88%, 0, 0, 2, 23929.06, 75538153, 206
3649, 877, 14, 30, 0, 0, 4.88%, 0, 0, 2, 22956.14, 75655805, 206
3654, 878, 26, 30, 0, 0, 4.88%, 0, 0, 2, 21556.34, 75769160, 206
3659, 880, 14, 30, 0, 0, 4.88%, 0, 0, 2, 22437.91, 75883667, 206
3665, 881, 14, 30, 0, 0, 4.88%, 0, 0, 2, 21368.43, 75994979, 206
3670, 882, 24, 30, 0, 0, 4.88%, 0, 0, 2, 22015.23, 76108995, 206
3675, 884, 26, 30, 0, 0, 4.88%, 0, 0, 2, 22000.83, 76221195, 206
3680, 885, 14, 30, 0, 0, 4.88%, 0, 0, 2, 22350.77, 76338184, 206
3685, 886, 26, 30, 0, 0, 4.88%, 0, 0, 2, 20807.60, 76443992, 206
3690, 887, 26, 30, 0, 0, 4.88%, 0, 0, 2, 21776.52, 76556534, 206
3695, 889, 14, 30, 0, 0, 4.88%, 0, 0, 2, 21418.03, 76665326, 206
3700, 890, 17, 30, 0, 0, 4.88%, 0, 0, 2, 22144.12, 76779359, 206
3705, 891, 26, 30, 0, 0, 4.88%, 0, 0, 2, 21609.99, 76887775, 206
3711, 893, 14, 30, 0, 0, 4.88%, 0, 0, 2, 21741.76, 76999796, 206
3716, 894, 14, 30, 0, 0, 4.88%, 0, 0, 2, 21573.38, 77111559, 206
3721, 895, 23, 30, 0, 0, 4.88%, 0, 0, 2, 21994.91, 77226528, 206
3726, 896, 23, 30, 0, 0, 4.88%, 0, 0, 2, 21849.24, 77339380, 206
3731, 898, 14, 30, 0, 0, 4.88%, 0, 0, 2, 21814.32, 77452640, 206
3736, 899, 16, 30, 0, 0, 4.88%, 0, 0, 2, 21429.94, 77562663, 206
3742, 900, 14, 30, 0, 0, 4.88%, 0, 0, 2, 22542.36, 77679643, 206
3747, 901, 14, 30, 0, 0, 4.88%, 0, 0, 2, 21371.15, 77783300, 206
3752, 903, 26, 30, 0, 0, 4.88%, 0, 0, 2, 23192.51, 77902954, 206
3757, 904, 5, 30, 0, 0, 4.88%, 0, 0, 2, 22118.53, 78015359, 206
3762, 905, 14, 30, 0, 0, 4.88%, 0, 0, 2, 21806.55, 78128870, 206
3767, 907, 14, 30, 0, 0, 4.88%, 0, 0, 2, 21344.02, 78234031, 206
3772, 908, 18, 30, 0, 0, 4.88%, 0, 0, 2, 22713.22, 78354012, 206
3777, 909, 23, 30, 0, 0, 4.88%, 0, 0, 2, 22228.60, 78465964, 206
3783, 911, 26, 30, 0, 0, 4.88%, 0, 0, 2, 22542.57, 78582751, 206
3788, 912, 14, 30, 0, 0, 4.88%, 0, 0, 2, 21232.99, 78684199, 206
3793, 913, 14, 30, 0, 0, 4.88%, 0, 0, 2, 22312.23, 78801328, 206
3798, 914, 17, 30, 0, 0, 4.88%, 0, 0, 2, 21279.15, 78907073, 206
3803, 916, 14, 30, 0, 0, 4.88%, 0, 0, 2, 21416.43, 79018542, 206
3808, 917, 3, 30, 0, 0, 4.88%, 0, 0, 2, 21663.59, 79128819, 206
3814, 918, 14, 30, 0, 0, 4.88%, 0, 0, 2, 22146.12, 79245547, 206
3819, 920, 26, 30, 0, 0, 4.88%, 0, 0, 2, 22059.12, 79358879, 206
3824, 921, 26, 30, 0, 0, 4.88%, 0, 0, 2, 22118.19, 79474215, 206
3829, 922, 17, 30, 0, 0, 4.88%, 0, 0, 2, 21925.33, 79585804, 206
3834, 924, 2, 30, 0, 0, 4.88%, 0, 0, 2, 21944.83, 79702412, 206
3839, 925, 24, 30, 0, 0, 4.88%, 0, 0, 2, 22008.73, 79815996, 206
3845, 926, 20, 30, 0, 0, 4.88%, 0, 0, 2, 20822.82, 79923651, 206
3850, 927, 17, 30, 0, 0, 4.88%, 0, 0, 2, 21466.36, 80035798, 206
3855, 929, 14, 30, 0, 0, 4.88%, 0, 0, 2, 20735.33, 80145416, 206
3860, 930, 26, 30, 0, 0, 4.88%, 0, 0, 2, 22110.32, 80259679, 206
3865, 931, 14, 30, 0, 0, 4.88%, 0, 0, 2, 20784.20, 80365591, 206
3871, 933, 14, 30, 0, 0, 4.88%, 0, 0, 2, 22242.97, 80482765, 206
3876, 934, 22, 30, 0, 0, 4.88%, 0, 0, 2, 21113.53, 80590677, 206
3881, 935, 26, 30, 0, 0, 4.88%, 0, 0, 2, 22345.93, 80705742, 206
3886, 936, 20, 30, 0, 0, 4.88%, 0, 0, 2, 20967.00, 80813006, 206
3891, 938, 5, 30, 0, 0, 4.88%, 0, 0, 2, 23166.58, 80931503, 206
3896, 939, 14, 30, 0, 0, 4.88%, 0, 0, 2, 21405.31, 81041461, 206
3901, 941, 14, 30, 0, 0, 4.88%, 0, 0, 2, 22243.87, 81157661, 206
3907, 942, 14, 30, 0, 0, 4.88%, 0, 0, 2, 21565.28, 81268577, 206
3912, 943, 17, 30, 0, 0, 4.88%, 0, 0, 2, 22471.29, 81381698, 206
3917, 944, 23, 30, 0, 0, 4.88%, 0, 0, 2, 21381.69, 81490512, 206
3922, 946, 14, 30, 0, 0, 4.88%, 0, 0, 2, 22599.15, 81609155, 206
3927, 947, 9, 30, 0, 0, 4.88%, 0, 0, 2, 20943.74, 81715809, 206
3932, 948, 25, 30, 0, 0, 4.88%, 0, 0, 2, 22350.91, 81833219, 206
3937, 950, 14, 30, 0, 0, 4.88%, 0, 0, 2, 21792.24, 81939853, 206
3942, 951, 20, 30, 0, 0, 4.88%, 0, 0, 2, 23125.93, 82059145, 206
3948, 952, 14, 30, 0, 0, 4.88%, 0, 0, 2, 22210.75, 82169838, 206
3953, 954, 26, 30, 0, 0, 4.88%, 0, 0, 2, 22595.51, 82287139, 206
3958, 955, 14, 30, 0, 0, 4.88%, 0, 0, 2, 21983.55, 82398114, 206
3963, 956, 8, 30, 0, 0, 4.88%, 0, 0, 2, 22099.69, 82515349, 206
3968, 958, 27, 30, 0, 0, 4.88%, 0, 0, 2, 22220.18, 82628867, 206
3974, 959, 25, 30, 0, 0, 4.88%, 0, 0, 2, 21791.10, 82744269, 206
3979, 960, 14, 30, 0, 0, 4.88%, 0, 0, 2, 21411.67, 82853842, 206
3984, 962, 5, 30, 0, 0, 4.88%, 0, 0, 2, 21355.32, 82964844, 206
3989, 963, 14, 30, 0, 0, 4.88%, 0, 0, 2, 21712.67, 83071279, 206
3994, 964, 23, 30, 0, 0, 4.88%, 0, 0, 2, 20906.36, 83181289, 206
3999, 965, 14, 30, 0, 0, 4.88%, 0, 0, 2, 21653.50, 83293468, 206
4004, 967, 14, 30, 0, 0, 4.88%, 0, 0, 2, 21552.87, 83406691, 206
4009, 968, 17, 30, 0, 0, 4.88%, 0, 0, 2, 23020.27, 83527979, 206
4015, 969, 14, 30, 0, 0, 4.88%, 0, 0, 2, 21498.58, 83640155, 206
4020, 971, 17, 30, 0, 0, 4.88%, 0, 0, 2, 22452.23, 83757096, 206
4025, 972, 24, 30, 0, 0, 4.88%, 0, 0, 2, 21663.56, 83869075, 206
4030, 973, 14, 30, 0, 0, 4.88%, 0, 0, 2, 22271.74, 83983250, 206
4035, 974, 20, 30, 0, 0, 4.88%, 0, 0, 2, 21228.71, 84094279, 206
4041, 976, 14, 30, 0, 0, 4.88%, 0, 0, 2, 22318.75, 84210168, 206
4046, 977, 26, 30, 0, 0, 4.88%, 0, 0, 2, 20629.18, 84314696, 206
4051, 978, 16, 30, 0, 0, 4.88%, 0, 0, 2, 22096.40, 84431166, 206
4056, 980, 26, 30, 0, 0, 4.88%, 0, 0, 2, 21664.57, 84542119, 206
4061, 981, 28, 30, 0, 0, 4.88%, 0, 0, 2, 22300.10, 84657948, 206
4066, 982, 14, 30, 0, 0, 4.88%, 0, 0, 2, 21503.00, 84766823, 206
4072, 984, 2, 30, 0, 0, 4.88%, 0, 0, 2, 22961.13, 84887066, 206
4077, 985, 24, 30, 0, 0, 4.88%, 0, 0, 2, 21960.57, 84998990, 206
4082, 986, 14, 30, 0, 0, 4.88%, 0, 0, 2, 22377.46, 85115780, 206
4087, 988, 14, 30, 0, 0, 4.88%, 0, 0, 2, 22019.77, 85226394, 206
4092, 989, 18, 30, 0, 0, 4.88%, 0, 0, 2, 22626.57, 85344950, 206
4098, 990, 23, 30, 0, 0, 4.88%, 0, 0, 2, 21685.43, 85453605, 206
4103, 992, 23, 30, 0, 0, 4.88%, 0, 0, 2, 21699.04, 85569406, 206
4108, 993, 23, 30, 0, 0, 4.88%, 0, 0, 2, 21836.08, 85678069, 206
4113, 994, 23, 30, 0, 0, 4.88%, 0, 0, 2, 23178.36, 85797110, 206
4118, 996, 14, 30, 0, 0, 4.88%, 0, 0, 2, 22576.66, 85910384, 206
4123, 997, 14, 30, 0, 0, 4.88%, 0, 0, 2, 22700.59, 86028992, 206
4128, 998, 14, 30, 0, 0, 4.88%, 0, 0, 2, 21960.00, 86139962, 206
4134, 1000, 14, 30, 0, 0, 4.88%, 0, 0, 2, 21872.07, 86255588, 206
4139, 1001, 14, 30, 0, 0, 4.88%, 0, 0, 2, 22796.12, 86371904, 206
4144, 1002, 24, 30, 0, 0, 4.88%, 0, 0, 2, 21252.69, 86484004, 206
4149, 1003, 14, 30, 0, 0, 4.88%, 0, 0, 2, 21920.37, 86597114, 206
4154, 1005, 25, 30, 0, 0, 4.88%, 0, 0, 2, 21056.96, 86708588, 206
4160, 1006, 14, 30, 0, 0, 4.88%, 0, 0, 2, 21980.03, 86822650, 206
4165, 1007, 23, 30, 0, 0, 4.88%, 0, 0, 2, 20574.44, 86926353, 206
4170, 1009, 14, 30, 0, 0, 4.88%, 0, 0, 2, 22038.18, 87041269, 206
4175, 1010, 17, 30, 0, 0, 4.88%, 0, 0, 2, 21095.31, 87152366, 206
4180, 1011, 24, 30, 0, 0, 4.88%, 0, 0, 2, 22122.59, 87267546, 206
4185, 1013, 14, 30, 0, 0, 4.88%, 0, 0, 2, 22476.33, 87387251, 206
4190, 1014, 8, 30, 0, 0, 4.88%, 0, 0, 2, 22717.10, 87501623, 206
4196, 1015, 14, 30, 0, 0, 4.88%, 0, 0, 2, 23403.34, 87620454, 206
4201, 1017, 5, 30, 0, 0, 4.88%, 0, 0, 2, 23498.39, 87737377, 206
4206, 1018, 14, 30, 0, 0, 4.88%, 0, 0, 2, 20578.39, 87841335, 206
4211, 1019, 16, 30, 0, 0, 4.88%, 0, 0, 2, 22347.02, 87958400, 206
4216, 1021, 22, 30, 0, 0, 4.88%, 0, 0, 2, 20624.79, 88060859, 206
4221, 1022, 14, 30, 0, 0, 4.88%, 0, 0, 2, 22381.35, 88179150, 206
4226, 1023, 14, 30, 0, 0, 4.88%, 0, 0, 2, 20976.48, 88290096, 206
4231, 1025, 14, 30, 0, 0, 4.88%, 0, 0, 2, 22586.26, 88407690, 206
4236, 1026, 14, 30, 0, 0, 4.88%, 0, 0, 2, 21302.73, 88513113, 206
4242, 1027, 14, 30, 0, 0, 4.88%, 0, 0, 2, 22235.24, 88627709, 206
4247, 1028, 23, 30, 0, 0, 4.88%, 0, 0, 2, 21642.80, 88738667, 206
4252, 1030, 24, 30, 0, 0, 4.88%, 0, 0, 2, 22882.40, 88855690, 206
4257, 1031, 26, 30, 0, 0, 4.88%, 0, 0, 2, 21713.74, 88966834, 206
4262, 1033, 2, 30, 0, 0, 4.88%, 0, 0, 2, 22926.75, 89087331, 206
4267, 1034, 25, 30, 0, 0, 4.88%, 0, 0, 2, 22388.85, 89198459, 206
4272, 1035, 14, 30, 0, 0, 4.88%, 0, 0, 2, 22904.06, 89316140, 206
4277, 1036, 2, 30, 0, 0, 4.88%, 0, 0, 2, 22033.49, 89428438, 206
4283, 1038, 14, 30, 0, 0, 4.88%, 0, 0, 2, 21844.08, 89541353, 206
4288, 1039, 14, 30, 0, 0, 4.88%, 0, 0, 2, 22171.28, 89654356, 206
4293, 1040, 17, 30, 0, 0, 4.88%, 0, 0, 2, 22103.43, 89770427, 206
4298, 1042, 14, 30, 0, 0, 4.88%, 0, 0, 2, 22512.84, 89886440, 206
4303, 1043, 25, 30, 0, 0, 4.88%, 0, 0, 2, 22088.00, 89999768, 206
4308, 1044, 14, 30, 0, 0, 4.88%, 0, 0, 2, 22329.12, 90115107, 206
4313, 1046, 26, 30, 0, 0, 4.88%, 0, 0, 2, 22466.17, 90229387, 206
4319, 1047, 14, 30, 0, 0, 4.88%, 0, 0, 2, 22719.07, 90346380, 206
4324, 1049, 14, 30, 0, 0, 4.88%, 0, 0, 2, 21712.57, 90458016, 206
4329, 1050, 16, 30, 0, 0, 4.88%, 0, 0, 2, 22904.46, 90572688, 206
4334, 1051, 28, 30, 0, 0, 4.88%, 0, 0, 2, 21586.91, 90687526, 206
4339, 1053, 27, 30, 0, 0, 4.88%, 0, 0, 2, 23262.63, 90808235, 206
4344, 1054, 5, 30, 0, 0, 4.88%, 0, 0, 2, 21017.34, 90917080, 206
4349, 1055, 27, 30, 0, 0, 4.88%, 0, 0, 2, 22310.70, 91032226, 206
4355, 1057, 17, 30, 0, 0, 4.88%, 0, 0, 2, 21884.70, 91146954, 206
4360, 1058, 14, 30, 0, 0, 4.88%, 0, 0, 2, 22266.28, 91259459, 206
4365, 1059, 20, 30, 0, 0, 4.88%, 0, 0, 2, 21249.55, 91366982, 206
4370, 1061, 14, 30, 0, 0, 4.88%, 0, 0, 2, 22751.79, 91481640, 206
4375, 1062, 26, 30, 0, 0, 4.88%, 0, 0, 2, 21943.74, 91593684, 206
4380, 1063, 16, 30, 0, 0, 4.88%, 0, 0, 2, 23417.78, 91715677, 206
4385, 1065, 26, 30, 0, 0, 4.88%, 0, 0, 2, 21757.25, 91824593, 206
4390, 1066, 18, 30, 0, 0, 4.88%, 0, 0, 2, 22406.50, 91937615, 206
4395, 1067, 24, 30, 0, 0, 4.88%, 0, 0, 2, 22281.26, 92053623, 206
4400, 1069, 14, 30, 0, 0, 4.88%, 0, 0, 2, 22336.87, 92169495, 206
4405, 1070, 14, 30, 0, 0, 4.88%, 0, 0, 2, 21342.16, 92276728, 206
4410, 1071, 25, 30, 0, 0, 4.88%, 0, 0, 2, 22400.44, 92390193, 206
4415, 1073, 14, 30, 0, 0, 4.88%, 0, 0, 2, 21835.77, 92499051, 206
4421, 1074, 14, 30, 0, 0, 4.88%, 0, 0, 2, 22941.47, 92619240, 206
4426, 1075, 14, 30, 0, 0, 4.88%, 0, 0, 2, 21858.96, 92733291, 206
4431, 1077, 14, 30, 0, 0, 4.88%, 0, 0, 2, 22884.04, 92851865, 206
4436, 1078, 22, 30, 0, 0, 4.88%, 0, 0, 2, 22137.70, 92964579, 206
4441, 1079, 26, 30, 0, 0, 4.88%, 0, 0, 2, 22795.18, 93079695, 206
4446, 1081, 26, 30, 0, 0, 4.88%, 0, 0, 2, 21922.40, 93192213, 206
4451, 1082, 14, 30, 0, 0, 4.88%, 0, 0, 2, 22715.13, 93310259, 206
4456, 1083, 14, 30, 0, 0, 4.88%, 0, 0, 2, 21435.70, 93419573, 206
4462, 1085, 14, 30, 0, 0, 4.88%, 0, 0, 2, 23197.73, 93540805, 206
4467, 1086, 26, 30, 0, 0, 4.88%, 0, 0, 2, 21354.31, 93647595, 206
4472, 1087, 14, 30, 0, 0, 4.88%, 0, 0, 2, 22779.73, 93766666, 206
4477, 1089, 14, 30, 0, 0, 4.88%, 0, 0, 2, 21688.75, 93876935, 206
4482, 1090, 26, 30, 0, 0, 4.88%, 0, 0, 2, 22796.75, 93996477, 206
4487, 1092, 14, 30, 0, 0, 4.88%, 0, 0, 2, 21722.02, 94106739, 206
4493, 1093, 25, 30, 0, 0, 4.88%, 0, 0, 2, 22426.13, 94221611, 206
4498, 1094, 22, 30, 0, 0, 4.88%, 0, 0, 2, 22364.72, 94330379, 206
4503, 1095, 14, 30, 0, 0, 4.88%, 0, 0, 2, 22792.42, 94443796, 206
4508, 1097, 9, 30, 0, 0, 4.88%, 0, 0, 2, 22191.32, 94556413, 206
4513, 1098, 14, 30, 0, 0, 4.88%, 0, 0, 2, 23960.53, 94680739, 206
4518, 1099, 28, 30, 0, 0, 4.88%, 0, 0, 2, 21997.36, 94786405, 206
4523, 1101, 2, 30, 0, 0, 4.88%, 0, 0, 2, 21093.52, 94895150, 206
4528, 1102, 26, 30, 0, 0, 4.88%, 0, 0, 2, 21371.63, 95003315, 206
4533, 1103, 14, 30, 0, 0, 4.88%, 0, 0, 2, 21562.86, 95117155, 206
4538, 1104, 28, 30, 0, 0, 4.88%, 0, 0, 2, 22395.88, 95229991, 206
4543, 1106, 14, 30, 0, 0, 4.88%, 0, 0, 2, 21854.51, 95341154, 206
4549, 1107, 14, 30, 0, 0, 4.88%, 0, 0, 2, 23518.11, 95459966, 206
4554, 1108, 14, 30, 0, 0, 4.88%, 0, 0, 2, 22366.61, 95577495, 206
4559, 1110, 26, 30, 0, 0, 4.88%, 0, 0, 2, 22246.07, 95691241, 206
4564, 1111, 5, 30, 0, 0, 4.88%, 0, 0, 2, 21492.59, 95799621, 206
4569, 1112, 14, 30, 0, 0, 4.88%, 0, 0, 2, 21785.50, 95911401, 206
4574, 1113, 14, 30, 0, 0, 4.88%, 0, 0, 2, 21816.20, 96027068, 206
4579, 1115, 14, 30, 0, 0, 4.88%, 0, 0, 2, 22392.42, 96142223, 206
4585, 1116, 14, 30, 0, 0, 4.88%, 0, 0, 2, 21159.94, 96252901, 206
4590, 1117, 8, 30, 0, 0, 4.88%, 0, 0, 2, 21858.89, 96365912, 206
4595, 1119, 17, 30, 0, 0, 4.88%, 0, 0, 2, 21155.69, 96478052, 206
4600, 1120, 26, 30, 0, 0, 4.88%, 0, 0, 2, 22422.23, 96593745, 206
4605, 1121, 14, 30, 0, 0, 4.88%, 0, 0, 2, 21765.49, 96707566, 206
4611, 1123, 2, 30, 0, 0, 4.88%, 0, 0, 2, 25267.56, 96836459, 206
4616, 1124, 24, 30, 0, 0, 4.88%, 0, 0, 2, 21692.58, 96948016, 206
4621, 1125, 27, 30, 0, 0, 4.88%, 0, 0, 2, 22019.70, 97063136, 206
4626, 1127, 14, 30, 0, 0, 4.88%, 0, 0, 2, 21350.91, 97170869, 206
4631, 1128, 14, 30, 0, 0, 4.88%, 0, 0, 2, 22456.57, 97289482, 206
4636, 1129, 14, 30, 0, 0, 4.88%, 0, 0, 2, 21610.83, 97397459, 206
4641, 1131, 14, 30, 0, 0, 4.88%, 0, 0, 2, 23379.73, 97522600, 206
4647, 1132, 14, 30, 0, 0, 4.88%, 0, 0, 2, 21628.24, 97630371, 206
4652, 1134, 14, 30, 0, 0, 4.88%, 0, 0, 2, 22709.75, 97748593, 206
4657, 1135, 22, 30, 0, 0, 4.88%, 0, 0, 2, 21754.38, 97859168, 206
4662, 1136, 5, 30, 0, 0, 4.88%, 0, 0, 2, 22254.26, 97974765, 206
4667, 1137, 12, 30, 0, 0, 4.88%, 0, 0, 2, 22362.85, 98086057, 206
4672, 1139, 26, 30, 0, 0, 4.88%, 0, 0, 2, 22615.44, 98205940, 206
4678, 1140, 14, 30, 0, 0, 4.88%, 0, 0, 2, 21772.88, 98315585, 206
4683, 1141, 28, 30, 0, 0, 4.88%, 0, 0, 2, 23174.58, 98435967, 206
4688, 1143, 24, 30, 0, 0, 4.88%, 0, 0, 2, 22460.09, 98549599, 206
4693, 1144, 26, 30, 0, 0, 4.88%, 0, 0, 2, 22331.86, 98662822, 206
4698, 1145, 16, 30, 0, 0, 4.88%, 0, 0, 2, 21828.63, 98774766, 206
4703, 1147, 26, 30, 0, 0, 4.88%, 0, 0, 2, 21980.91, 98888878, 206
4708, 1148, 8, 30, 0, 0, 4.88%, 0, 0, 2, 21648.70, 98998605, 206
4713, 1149, 18, 30, 0, 0, 4.88%, 0, 0, 2, 22223.81, 99112337, 206
4718, 1151, 14, 30, 0, 0, 4.88%, 0, 0, 2, 22471.33, 99224312, 206
4723, 1152, 25, 30, 0, 0, 4.88%, 0, 0, 2, 22789.88, 99343462, 206
4729, 1153, 14, 30, 0, 0, 4.88%, 0, 0, 2, 23246.45, 99462019, 206
4734, 1155, 14, 30, 0, 0, 4.88%, 0, 0, 2, 21754.74, 99574375, 206
4739, 1156, 2, 30, 0, 0, 4.88%, 0, 0, 2, 22673.66, 99687847, 206
4744, 1157, 28, 30, 0, 0, 4.88%, 0, 0, 2, 21556.03, 99796025, 206
4749, 1159, 26, 30, 0, 0, 4.88%, 0, 0, 2, 22781.47, 99914512, 206
4754, 1160, 14, 30, 0, 0, 4.88%, 0, 0, 2, 21782.36, 100026951, 206
4759, 1161, 14, 30, 0, 0, 4.88%, 0, 0, 2, 22787.45, 100146209, 206
4765, 1162, 14, 30, 0, 0, 4.88%, 0, 0, 2, 21153.25, 100255340, 206
4770, 1164, 2, 30, 0, 0, 4.88%, 0, 0, 2, 22795.07, 100369815, 206
4775, 1165, 14, 30, 0, 0, 4.88%, 0, 0, 2, 21245.83, 100477489, 206
4780, 1166, 14, 30, 0, 0, 4.88%, 0, 0, 2, 22927.67, 100596982, 206
4785, 1168, 14, 30, 0, 0, 4.88%, 0, 0, 2, 21499.17, 100709471, 206
4790, 1169, 9, 30, 0, 0, 4.88%, 0, 0, 2, 22708.74, 100828202, 206
4795, 1170, 14, 30, 0, 0, 4.88%, 0, 0, 2, 22164.23, 100943418, 206
4800, 1172, 24, 30, 0, 0, 4.88%, 0, 0, 2, 22648.77, 101059079, 206
4806, 1173, 14, 30, 0, 0, 4.88%, 0, 0, 2, 21316.02, 101169936, 206
4811, 1174, 18, 30, 0, 0, 4.88%, 0, 0, 2, 22218.03, 101282653, 206
4816, 1176, 26, 30, 0, 0, 4.88%, 0, 0, 2, 21553.92, 101394312, 206
4821, 1177, 14, 30, 0, 0, 4.88%, 0, 0, 2, 22253.54, 101509406, 206
4826, 1178, 5, 30, 0, 0, 4.88%, 0, 0, 2, 21157.44, 101617173, 206
4831, 1179, 14, 30, 0, 0, 4.88%, 0, 0, 2, 22135.85, 101729494, 206
4836, 1181, 26, 30, 0, 0, 4.88%, 0, 0, 2, 21964.75, 101843306, 206
4842, 1182, 16, 30, 0, 0, 4.88%, 0, 0, 2, 22966.45, 101960921, 206
4847, 1183, 14, 30, 0, 0, 4.88%, 0, 0, 2, 21869.22, 102068672, 206
4852, 1185, 26, 30, 0, 0, 4.88%, 0, 0, 2, 22397.31, 102185209, 206
4857, 1186, 5, 30, 0, 0, 4.88%, 0, 0, 2, 21951.53, 102296591, 206
4862, 1187, 16, 30, 0, 0, 4.88%, 0, 0, 2, 22489.08, 102410060, 206
4867, 1189, 26, 30, 0, 0, 4.88%, 0, 0, 2, 21459.13, 102519982, 206
4872, 1190, 14, 30, 0, 0, 4.88%, 0, 0, 2, 22611.53, 102635510, 206
4877, 1191, 28, 30, 0, 0, 4.88%, 0, 0, 2, 21946.83, 102742136, 206
4882, 1193, 2, 30, 0, 0, 4.88%, 0, 0, 2, 23145.89, 102859564, 206
4887, 1194, 14, 30, 0, 0, 4.88%, 0, 0, 2, 22022.04, 102964208, 206
4892, 1195, 27, 30, 0, 0, 4.88%, 0, 0, 2, 23696.40, 103086003, 206
4897, 1196, 2, 30, 0, 0, 4.88%, 0, 0, 2, 22131.29, 103193366, 206
4902, 1198, 5, 30, 0, 0, 4.88%, 0, 0, 2, 22845.55, 103312567, 206
4907, 1199, 24, 30, 0, 0, 4.88%, 0, 0, 2, 21842.68, 103419618, 206
4913, 1200, 14, 30, 0, 0, 4.88%, 0, 0, 2, 22705.04, 103538460, 206
4918, 1202, 23, 30, 0, 0, 4.88%, 0, 0, 2, 21444.03, 103646142, 206
4923, 1203, 14, 30, 0, 0, 4.88%, 0, 0, 2, 22790.28, 103765792, 206
4928, 1204, 18, 30, 0, 0, 4.88%, 0, 0, 2, 21343.11, 103870294, 206
4933, 1206, 14, 30, 0, 0, 4.88%, 0, 0, 2, 24173.17, 103997737, 206
4938, 1207, 14, 30, 0, 0, 4.88%, 0, 0, 2, 23229.96, 104111842, 206
4943, 1208, 28, 30, 0, 0, 4.88%, 0, 0, 2, 21659.81, 104222931, 206
4948, 1210, 27, 30, 0, 0, 4.88%, 0, 0, 2, 21775.34, 104334116, 206
4954, 1211, 14, 30, 0, 0, 4.88%, 0, 0, 2, 22380.73, 104453467, 206
4959, 1212, 27, 30, 0, 0, 4.88%, 0, 0, 2, 22283.42, 104567018, 206
4964, 1214, 14, 30, 0, 0, 4.88%, 0, 0, 2, 22038.72, 104681393, 206
4969, 1215, 24, 30, 0, 0, 4.88%, 0, 0, 2, 22269.92, 104796383, 206
4974, 1216, 14, 30, 0, 0, 4.88%, 0, 0, 2, 21220.65, 104904309, 206
4979, 1218, 14, 30, 0, 0, 4.88%, 0, 0, 2, 22296.28, 105019224, 206
4985, 1219, 22, 30, 0, 0, 4.88%, 0, 0, 2, 21592.72, 105133024, 206
4990, 1220, 8, 30, 0, 0, 4.88%, 0, 0, 2, 22609.11, 105247458, 206
4995, 1222, 14, 30, 0, 0, 4.88%, 0, 0, 2, 21262.79, 105358479, 206
5000, 1223, 14, 30, 0, 0, 4.88%, 0, 0, 2, 22178.57, 105470512, 206
5005, 1224, 23, 30, 0, 0, 4.88%, 0, 0, 2, 20726.89, 105580656, 206
5010, 1226, 26, 30, 0, 0, 4.88%, 0, 0, 2, 22556.45, 105697315, 206
5015, 1227, 27, 30, 0, 0, 4.88%, 0, 0, 2, 21370.77, 105806692, 206
5020, 1228, 14, 30, 0, 0, 4.88%, 0, 0, 2, 22963.89, 105923738, 206
5026, 1230, 14, 30, 0, 0, 4.88%, 0, 0, 2, 20882.71, 106031541, 206
5031, 1231, 17, 30, 0, 0, 4.88%, 0, 0, 2, 22610.31, 106150349, 206
5036, 1232, 17, 30, 0, 0, 4.88%, 0, 0, 2, 22216.91, 106267021, 206
5041, 1234, 14, 30, 0, 0, 4.88%, 0, 0, 2, 22603.91, 106384271, 206
5046, 1235, 14, 30, 0, 0, 4.88%, 0, 0, 2, 21598.47, 106494108, 206
5051, 1236, 16, 30, 0, 0, 4.88%, 0, 0, 2, 22882.82, 106614562, 206
5057, 1238, 25, 30, 0, 0, 4.88%, 0, 0, 2, 21953.06, 106727546, 206
5062, 1239, 14, 30, 0, 0, 4.88%, 0, 0, 2, 22374.02, 106839399, 206
5067, 1240, 14, 30, 0, 0, 4.88%, 0, 0, 2, 20795.25, 106939021, 206
5072, 1241, 26, 30, 0, 0, 4.88%, 0, 0, 2, 22154.32, 107056036, 206
5077, 1243, 14, 30, 0, 0, 4.88%, 0, 0, 2, 21534.09, 107161850, 206
5082, 1244, 26, 30, 0, 0, 4.88%, 0, 0, 2, 22832.88, 107283473, 206
5087, 1245, 25, 30, 0, 0, 4.88%, 0, 0, 2, 22184.35, 107391858, 206
5092, 1247, 14, 30, 0, 0, 4.88%, 0, 0, 2, 23194.08, 107511258, 206
5097, 1248, 20, 30, 0, 0, 4.88%, 0, 0, 2, 22070.23, 107618502, 206
5102, 1250, 14, 30, 0, 0, 4.88%, 0, 0, 2, 22567.70, 107737719, 206
5108, 1251, 17, 30, 0, 0, 4.88%, 0, 0, 2, 22342.60, 107848261, 206
5113, 1252, 14, 30, 0, 0, 4.88%, 0, 0, 2, 22969.12, 107968656, 206
5118, 1253, 14, 30, 0, 0, 4.88%, 0, 0, 2, 21943.21, 108075980, 206
5123, 1255, 22, 30, 0, 0, 4.88%, 0, 0, 2, 22035.37, 108194480, 206
5128, 1256, 14, 30, 0, 0, 4.88%, 0, 0, 2, 22423.35, 108307868, 206
5133, 1257, 14, 30, 0, 0, 4.88%, 0, 0, 2, 21801.42, 108422833, 206
5139, 1259, 12, 30, 0, 0, 4.88%, 0, 0, 2, 21430.11, 108531598, 206
5144, 1260, 26, 30, 0, 0, 4.88%, 0, 0, 2, 22330.89, 108646709, 206
5149, 1261, 14, 30, 0, 0, 4.88%, 0, 0, 2, 21934.48, 108754788, 206
5154, 1263, 24, 30, 0, 0, 4.88%, 0, 0, 2, 21270.25, 108867425, 206
5159, 1264, 28, 30, 0, 0, 4.88%, 0, 0, 2, 21801.07, 108981354, 206
5164, 1265, 14, 30, 0, 0, 4.88%, 0, 0, 2, 22119.22, 109097565, 206
5169, 1267, 9, 30, 0, 0, 4.88%, 0, 0, 2, 23308.58, 109216227, 206
5174, 1268, 14, 30, 0, 0, 4.88%, 0, 0, 2, 21822.77, 109325098, 206
5179, 1269, 16, 30, 0, 0, 4.88%, 0, 0, 2, 22108.37, 109438451, 206
5184, 1271, 14, 30, 0, 0, 4.88%, 0, 0, 2, 20310.62, 109541146, 206
5190, 1272, 16, 30, 0, 0, 4.88%, 0, 0, 2, 21512.08, 109653694, 206
5195, 1273, 14, 30, 0, 0, 4.88%, 0, 0, 2, 20909.19, 109766053, 206
5200, 1274, 14, 30, 0, 0, 4.88%, 0, 0, 2, 21536.03, 109876749, 206
5205, 1276, 14, 30, 0, 0, 4.88%, 0, 0, 2, 21129.01, 109983851, 206
5210, 1277, 14, 30, 0, 0, 4.88%, 0, 0, 2, 22955.84, 110101974, 206
5215, 1278, 2, 30, 0, 0, 4.88%, 0, 0, 2, 20630.97, 110208471, 206
5221, 1280, 14, 30, 0, 0, 4.88%, 0, 0, 2, 22790.67, 110329063, 206
5226, 1281, 5, 30, 0, 0, 4.88%, 0, 0, 2, 20527.17, 110435373, 206
5231, 1282, 22, 30, 0, 0, 4.88%, 0, 0, 2, 22426.83, 110555706, 206
5236, 1283, 26, 30, 0, 0, 4.88%, 0, 0, 2, 21616.08, 110665988, 206
5241, 1285, 2, 30, 0, 0, 4.88%, 0, 0, 2, 23424.66, 110788878, 206
5246, 1286, 14, 30, 0, 0, 4.88%, 0, 0, 2, 20965.01, 110889984, 206
5251, 1287, 14, 30, 0, 0, 4.88%, 0, 0, 2, 22665.30, 111006689, 206
5256, 1289, 14, 30, 0, 0, 4.88%, 0, 0, 2, 21291.62, 111116959, 206
5262, 1290, 26, 30, 0, 0, 4.88%, 0, 0, 2, 22350.73, 111232893, 206
5267, 1291, 14, 30, 0, 0, 4.88%, 0, 0, 2, 21317.46, 111343574, 206
5272, 1293, 28, 30, 0, 0, 4.88%, 0, 0, 2, 21978.22, 111457231, 206
5277, 1294, 14, 30, 0, 0, 4.88%, 0, 0, 2, 22428.41, 111570827, 206
5282, 1295, 9, 30, 0, 0, 4.88%, 0, 0, 2, 22559.59, 111688182, 206
5287, 1297, 14, 30, 0, 0, 4.88%, 0, 0, 2, 22012.78, 111796273, 206
5292, 1298, 14, 30, 0, 0, 4.88%, 0, 0, 2, 23317.85, 111917884, 206
5297, 1299, 14, 30, 0, 0, 4.88%, 0, 0, 2, 22184.39, 112025837, 206
5302, 1301, 5, 30, 0, 0, 4.88%, 0, 0, 2, 21665.24, 112136148, 206
5307, 1302, 14, 30, 0, 0, 4.88%, 0, 0, 2, 21589.66, 112245499, 206
5313, 1303, 14, 30, 0, 0, 4.88%, 0, 0, 2, 22379.51, 112361682, 206
5318, 1305, 14, 30, 0, 0, 4.88%, 0, 0, 2, 21917.46, 112472712, 206
5323, 1306, 14, 30, 0, 0, 4.88%, 0, 0, 2, 22173.36, 112589846, 206
5328, 1307, 16, 30, 0, 0, 4.88%, 0, 0, 2, 22408.03, 112704901, 206
5333, 1309, 14, 30, 0, 0, 4.88%, 0, 0, 2, 22131.62, 112821528, 206
5339, 1310, 2, 30, 0, 0, 4.88%, 0, 0, 2, 22484.33, 112934930, 206
5344, 1311, 14, 30, 0, 0, 4.88%, 0, 0, 2, 21716.68, 113045402, 206
5349, 1313, 2, 30, 0, 0, 4.88%, 0, 0, 2, 22069.81, 113154592, 206
5354, 1314, 14, 30, 0, 0, 4.88%, 0, 0, 2, 22897.86, 113277523, 206
5359, 1315, 20, 30, 0, 0, 4.88%, 0, 0, 2, 23626.56, 113397157, 206
5364, 1317, 14, 30, 0, 0, 4.88%, 0, 0, 2, 21177.27, 113508304, 206
5369, 1318, 22, 30, 0, 0, 4.88%, 0, 0, 2, 22028.69, 113622991, 206
5374, 1319, 14, 30, 0, 0, 4.88%, 0, 0, 2, 21925.85, 113737735, 206
5380, 1321, 26, 30, 0, 0, 4.88%, 0, 0, 2, 22271.43, 113852422, 206
5385, 1322, 18, 30, 0, 0, 4.88%, 0, 0, 2, 21829.47, 113967847, 206
5390, 1323, 14, 30, 0, 0, 4.88%, 0, 0, 2, 22801.07, 114086008, 206
5395, 1325, 14, 30, 0, 0, 4.88%, 0, 0, 2, 22406.61, 114199801, 206
5400, 1326, 26, 30, 0, 0, 4.88%, 0, 0, 2, 22116.63, 114314634, 206
5405, 1327, 14, 30, 0, 0, 4.88%, 0, 0, 2, 22001.39, 114429177, 206
5411, 1329, 27, 30, 0, 0, 4.88%, 0, 0, 2, 23051.41, 114548122, 206
5416, 1330, 14, 30, 0, 0, 4.88%, 0, 0, 2, 22001.03, 114662202, 206
5421, 1332, 8, 30, 0, 0, 4.88%, 0, 0, 2, 23255.18, 114780323, 206
5426, 1333, 27, 30, 0, 0, 4.88%, 0, 0, 2, 20936.67, 114884217, 206
5431, 1334, 24, 30, 0, 0, 4.88%, 0, 0, 2, 22601.46, 115002611, 206
5436, 1335, 17, 30, 0, 0, 4.88%, 0, 0, 2, 21615.45, 115113214, 206
5441, 1337, 14, 30, 0, 0, 4.88%, 0, 0, 2, 22398.22, 115229190, 206
5446, 1338, 5, 30, 0, 0, 4.88%, 0, 0, 2, 21810.14, 115337605, 206
5452, 1340, 26, 30, 0, 0, 4.88%, 0, 0, 2, 22455.13, 115455089, 206
5457, 1341, 14, 30, 0, 0, 4.88%, 0, 0, 2, 21642.43, 115565723, 206
5462, 1342, 26, 30, 0, 0, 4.88%, 0, 0, 2, 22323.35, 115684010, 206
5467, 1344, 25, 30, 0, 0, 4.88%, 0, 0, 2, 21487.75, 115792023, 206
5472, 1345, 14, 30, 0, 0, 4.88%, 0, 0, 2, 23497.10, 115916674, 206
5477, 1346, 2, 30, 0, 0, 4.88%, 0, 0, 2, 22381.43, 116026823, 206
5482, 1347, 14, 30, 0, 0, 4.88%, 0, 0, 2, 22207.25, 116140451, 206
5488, 1349, 14, 30, 0, 0, 4.88%, 0, 0, 2, 22051.54, 116250166, 206
5493, 1350, 14, 30, 0, 0, 4.88%, 0, 0, 2, 22924.93, 116370727, 206
5498, 1351, 18, 30, 0, 0, 4.88%, 0, 0, 2, 22069.36, 116482627, 206
5503, 1353, 17, 30, 0, 0, 4.88%, 0, 0, 2, 23179.96, 116605946, 206
5508, 1354, 14, 30, 0, 0, 4.88%, 0, 0, 2, 22017.61, 116718882, 206
5513, 1356, 8, 30, 0, 0, 4.88%, 0, 0, 2, 22753.90, 116841014, 206
5519, 1357, 18, 30, 0, 0, 4.88%, 0, 0, 2, 22425.45, 116957308, 206
5524, 1358, 25, 30, 0, 0, 4.88%, 0, 0, 2, 22069.25, 117072618, 206
5529, 1359, 14, 30, 0, 0, 4.88%, 0, 0, 2, 21892.46, 117185428, 206
5534, 1361, 24, 30, 0, 0, 4.88%, 0, 0, 2, 22113.77, 117299783, 206
5539, 1362, 18, 30, 0, 0, 4.88%, 0, 0, 2, 22917.44, 117414347, 206
5544, 1363, 22, 30, 0, 0, 4.88%, 0, 0, 2, 21016.78, 117524206, 206
5549, 1365, 20, 30, 0, 0, 4.88%, 0, 0, 2, 22262.78, 117639528, 206
5555, 1366, 28, 30, 0, 0, 4.88%, 0, 0, 2, 22299.83, 117757526, 206
5560, 1367, 14, 30, 0, 0, 4.88%, 0, 0, 2, 22454.72, 117871911, 206
5565, 1369, 14, 30, 0, 0, 4.88%, 0, 0, 2, 21164.17, 117981012, 206
5570, 1370, 8, 30, 0, 0, 4.88%, 0, 0, 2, 22889.07, 118101208, 206
5575, 1371, 22, 30, 0, 0, 4.88%, 0, 0, 2, 21142.39, 118207156, 206
5580, 1373, 14, 30, 0, 0, 4.88%, 0, 0, 2, 22834.93, 118326148, 206
5586, 1374, 23, 30, 0, 0, 4.88%, 0, 0, 2, 21292.64, 118436545, 206
5591, 1375, 24, 30, 0, 0, 4.88%, 0, 0, 2, 24241.96, 118566343, 206
5596, 1377, 5, 30, 0, 0, 4.88%, 0, 0, 2, 21813.21, 118678795, 206
5601, 1378, 5, 30, 0, 0, 4.88%, 0, 0, 2, 22734.63, 118798217, 206
5606, 1379, 18, 30, 0, 0, 4.88%, 0, 0, 2, 21552.25, 118908724, 206
5611, 1381, 18, 30, 0, 0, 4.88%, 0, 0, 2, 23842.96, 119034915, 206
5617, 1382, 12, 30, 0, 0, 4.88%, 0, 0, 2, 21816.12, 119146029, 206
5622, 1384, 14, 30, 0, 0, 4.88%, 0, 0, 2, 23325.51, 119267505, 206
5627, 1385, 14, 30, 0, 0, 4.88%, 0, 0, 2, 22233.73, 119380669, 206
5632, 1386, 14, 30, 0, 0, 4.88%, 0, 0, 2, 21793.61, 119494941, 206
5637, 1388, 14, 30, 0, 0, 4.88%, 0, 0, 2, 22550.87, 119611072, 206
5643, 1389, 20, 30, 0, 0, 4.88%, 0, 0, 2, 21744.07, 119723478, 206
5648, 1390, 28, 30, 0, 0, 4.88%, 0, 0, 2, 22180.34, 119835097, 206
5653, 1392, 14, 30, 0, 0, 4.88%, 0, 0, 2, 23006.67, 119954884, 206
5658, 1393, 26, 30, 0, 0, 4.88%, 0, 0, 2, 22266.84, 120066664, 206
5663, 1394, 16, 30, 0, 0, 4.88%, 0, 0, 2, 21148.92, 120177781, 206
5668, 1395, 14, 30, 0, 0, 4.88%, 0, 0, 2, 22033.21, 120289964, 206
5673, 1397, 8, 30, 0, 0, 4.88%, 0, 0, 2, 21680.49, 120405737, 206
5679, 1398, 14, 30, 0, 0, 4.88%, 0, 0, 2, 23000.68, 120524177, 206
5684, 1399, 26, 30, 0, 0, 4.88%, 0, 0, 2, 22300.39, 120636845, 206
5689, 1401, 14, 30, 0, 0, 4.88%, 0, 0, 2, 22252.87, 120746492, 206
5694, 1402, 14, 30, 0, 0, 4.88%, 0, 0, 2, 22593.10, 120864276, 206
5699, 1403, 14, 30, 0, 0, 4.88%, 0, 0, 2, 22463.94, 120973517, 206
5704, 1405, 25, 30, 0, 0, 4.88%, 0, 0, 2, 22749.27, 121094278, 206
5709, 1406, 20, 30, 0, 0, 4.88%, 0, 0, 2, 23102.77, 121208971, 206
5714, 1408, 14, 30, 0, 0, 4.88%, 0, 0, 2, 21804.81, 121324198, 206
5719, 1409, 14, 30, 0, 0, 4.88%, 0, 0, 2, 21829.25, 121434600, 206
5724, 1410, 16, 30, 0, 0, 4.88%, 0, 0, 2, 21190.03, 121547120, 206
5730, 1412, 14, 30, 0, 0, 4.88%, 0, 0, 2, 22161.78, 121661812, 206
5735, 1413, 14, 30, 0, 0, 4.88%, 0, 0, 2, 21655.51, 121772285, 206
5740, 1414, 27, 30, 0, 0, 4.88%, 0, 0, 2, 21835.41, 121882047, 206
5745, 1416, 14, 30, 0, 0, 4.88%, 0, 0, 2, 21857.32, 121997814, 206
5750, 1417, 14, 30, 0, 0, 4.88%, 0, 0, 2, 22103.80, 122114191, 206
5755, 1418, 14, 30, 0, 0, 4.88%, 0, 0, 2, 21930.83, 122228467, 206
5760, 1420, 16, 30, 0, 0, 4.88%, 0, 0, 2, 24350.78, 122354664, 206
5765, 1421, 5, 30, 0, 0, 4.88%, 0, 0, 2, 22472.77, 122468824, 206
5771, 1422, 26, 30, 0, 0, 4.88%, 0, 0, 2, 23581.72, 122588617, 206
5776, 1424, 14, 30, 0, 0, 4.88%, 0, 0, 2, 22080.61, 122701685, 206
5781, 1425, 14, 30, 0, 0, 4.88%, 0, 0, 2, 23239.98, 122821646, 206
5786, 1426, 14, 30, 0, 0, 4.88%, 0, 0, 2, 21830.96, 122931056, 206
5791, 1428, 12, 30, 0, 0, 4.88%, 0, 0, 2, 23215.91, 123053153, 206
5796, 1429, 23, 30, 0, 0, 4.88%, 0, 0, 2, 21821.47, 123164038, 206
5802, 1431, 17, 30, 0, 0, 4.88%, 0, 0, 2, 23179.22, 123287460, 206
5807, 1432, 14, 30, 0, 0, 4.88%, 0, 0, 2, 22498.31, 123402967, 206
5812, 1433, 17, 30, 0, 0, 4.88%, 0, 0, 2, 22966.05, 123518771, 206
5817, 1435, 23, 30, 0, 0, 4.88%, 0, 0, 2, 21331.96, 123626432, 206
5822, 1436, 14, 30, 0, 0, 4.88%, 0, 0, 2, 22537.90, 123743286, 206
5827, 1437, 28, 30, 0, 0, 4.88%, 0, 0, 2, 21872.25, 123851552, 206
5832, 1439, 26, 30, 0, 0, 4.88%, 0, 0, 2, 23265.29, 123972075, 206
5838, 1440, 24, 30, 0, 0, 4.88%, 0, 0, 2, 23319.61, 124088165, 206
5843, 1441, 14, 30, 0, 0, 4.88%, 0, 0, 2, 23033.47, 124204816, 206
5848, 1443, 26, 30, 0, 0, 4.88%, 0, 0, 2, 22529.48, 124317011, 206
5853, 1444, 26, 30, 0, 0, 4.88%, 0, 0, 2, 24001.75, 124440014, 206
5858, 1445, 14, 30, 0, 0, 4.88%, 0, 0, 2, 22779.95, 124553958, 206
5863, 1447, 24, 30, 0, 0, 4.88%, 0, 0, 2, 22499.24, 124669319, 206
5868, 1448, 24, 30, 0, 0, 4.88%, 0, 0, 2, 22039.68, 124781069, 206
5873, 1449, 5, 30, 0, 0, 4.88%, 0, 0, 2, 21814.43, 124890973, 206
5878, 1451, 16, 30, 0, 0, 4.88%, 0, 0, 2, 22827.62, 125005933, 206
5883, 1452, 5, 30, 0, 0, 4.88%, 0, 0, 2, 22345.67, 125118963, 206
5889, 1453, 22, 30, 0, 0, 4.88%, 0, 0, 2, 22237.89, 125232431, 206
5894, 1455, 14, 30, 0, 0, 4.88%, 0, 0, 2, 21839.87, 125348826, 206
5899, 1456, 14, 30, 0, 0, 4.88%, 0, 0, 2, 22895.84, 125468146, 206
5904, 1457, 14, 30, 0, 0, 4.88%, 0, 0, 2, 21396.98, 125582333, 206
5909, 1459, 2, 30, 0, 0, 4.88%, 0, 0, 2, 22515.99, 125697112, 206
5914, 1460, 14, 30, 0, 0, 4.88%, 0, 0, 2, 21258.01, 125807268, 206
5920, 1461, 14, 30, 0, 0, 4.88%, 0, 0, 2, 22364.74, 125923602, 206
5925, 1463, 14, 30, 0, 0, 4.88%, 0, 0, 2, 21439.78, 126037352, 206
5930, 1464, 14, 30, 0, 0, 4.88%, 0, 0, 2, 23778.06, 126158060, 206
5935, 1465, 18, 30, 0, 0, 4.88%, 0, 0, 2, 21064.42, 126268255, 206
5940, 1467, 14, 30, 0, 0, 4.88%, 0, 0, 2, 22249.30, 126381818, 206
5945, 1468, 23, 30, 0, 0, 4.88%, 0, 0, 2, 21486.61, 126496447, 206
5950, 1469, 14, 30, 0, 0, 4.88%, 0, 0, 2, 22425.08, 126607212, 206
5955, 1471, 14, 30, 0, 0, 4.88%, 0, 0, 2, 21940.63, 126719020, 206
5960, 1472, 26, 30, 0, 0, 4.88%, 0, 0, 2, 22728.93, 126836016, 206
5965, 1473, 26, 30, 0, 0, 4.88%, 0, 0, 2, 21728.17, 126947888, 206
5971, 1475, 14, 30, 0, 0, 4.88%, 0, 0, 2, 24041.64, 127072882, 206
5976, 1476, 24, 30, 0, 0, 4.88%, 0, 0, 2, 22270.46, 127187844, 206
5981, 1478, 2, 30, 0, 0, 4.88%, 0, 0, 2, 22633.63, 127302388, 206
5986, 1479, 14, 30, 0, 0, 4.88%, 0, 0, 2, 21775.44, 127410779, 206
5991, 1480, 14, 30, 0, 0, 4.88%, 0, 0, 2, 24996.72, 127539856, 206
5996, 1481, 23, 30, 0, 0, 4.88%, 0, 0, 2, 22277.96, 127649037, 206
6001, 1483, 14, 30, 0, 0, 4.88%, 0, 0, 2, 23324.34, 127769857, 206
6006, 1484, 26, 30, 0, 0, 4.88%, 0, 0, 2, 21759.61, 127878987, 206
6011, 1485, 24, 30, 0, 0, 4.88%, 0, 0, 2, 23596.23, 128001904, 206
6017, 1487, 14, 30, 0, 0, 4.88%, 0, 0, 2, 21667.81, 128111771, 206
6022, 1488, 26, 30, 0, 0, 4.88%, 0, 0, 2, 23217.42, 128230191, 206
6027, 1489, 14, 30, 0, 0, 4.88%, 0, 0, 2, 21434.50, 128333105, 206
6032, 1491, 14, 30, 0, 0, 4.88%, 0, 0, 2, 23126.38, 128452293, 206
6037, 1492, 20, 30, 0, 0, 4.88%, 0, 0, 2, 22476.84, 128567037, 206
6042, 1493, 14, 30, 0, 0, 4.88%, 0, 0, 2, 22981.39, 128682922, 206
6047, 1495, 14, 30, 0, 0, 4.88%, 0, 0, 2, 21650.65, 128791579, 206
6052, 1496, 14, 30, 0, 0, 4.88%, 0, 0, 2, 22635.60, 128907637, 206
6057, 1497, 5, 30, 0, 0, 4.88%, 0, 0, 2, 22352.80, 129020465, 206
6062, 1499, 14, 30, 0, 0, 4.88%, 0, 0, 2, 25777.89, 129156243, 206
6067, 1500, 14, 30, 0, 0, 4.88%, 0, 0, 2, 23045.10, 129269359, 206
6073, 1502, 27, 30, 0, 0, 4.88%, 0, 0, 2, 25089.54, 129405172, 206
6078, 1503, 28, 30, 0, 0, 4.88%, 0, 0, 2, 22638.50, 129513002, 206
6083, 1504, 8, 30, 0, 0, 4.88%, 0, 0, 2, 22500.54, 129631517, 206
6088, 1505, 14, 30, 0, 0, 4.88%, 0, 0, 2, 21612.36, 129735478, 206
6093, 1507, 22, 30, 0, 0, 4.88%, 0, 0, 2, 23885.75, 129859466, 206
6098, 1508, 28, 30, 0, 0, 4.88%, 0, 0, 2, 24436.28, 129981518, 206
6103, 1510, 14, 30, 0, 0, 4.88%, 0, 0, 2, 22450.34, 130097849, 206
6109, 1511, 12, 30, 0, 0, 4.88%, 0, 0, 2, 22747.01, 130211413, 206
6114, 1512, 24, 30, 0, 0, 4.88%, 0, 0, 2, 21938.53, 130322213, 206
6119, 1514, 20, 30, 0, 0, 4.88%, 0, 0, 2, 22058.91, 130434615, 206
6124, 1515, 14, 30, 0, 0, 4.88%, 0, 0, 2, 21226.85, 130546107, 206
6129, 1516, 23, 30, 0, 0, 4.88%, 0, 0, 2, 23575.55, 130666102, 206
6134, 1517, 20, 30, 0, 0, 4.88%, 0, 0, 2, 21374.11, 130774714, 206
6139, 1519, 24, 30, 0, 0, 4.88%, 0, 0, 2, 23629.79, 130894348, 206
6144, 1520, 26, 30, 0, 0, 4.88%, 0, 0, 2, 20752.87, 131005313, 206
6150, 1522, 24, 30, 0, 0, 4.88%, 0, 0, 2, 22711.36, 131120286, 206
6155, 1523, 26, 30, 0, 0, 4.88%, 0, 0, 2, 21775.81, 131230767, 206
6160, 1524, 16, 30, 0, 0, 4.88%, 0, 0, 2, 22403.04, 131343266, 206
6165, 1526, 17, 30, 0, 0, 4.88%, 0, 0, 2, 22841.73, 131463135, 206
6170, 1527, 16, 30, 0, 0, 4.88%, 0, 0, 2, 22580.79, 131574899, 206
6175, 1528, 5, 30, 0, 0, 4.88%, 0, 0, 2, 21176.94, 131682996, 206
6180, 1530, 26, 30, 0, 0, 4.88%, 0, 0, 2, 22235.59, 131798434, 206
6185, 1531, 28, 30, 0, 0, 4.88%, 0, 0, 2, 21273.48, 131906476, 206
6190, 1532, 14, 30, 0, 0, 4.88%, 0, 0, 2, 22375.68, 132023931, 206
6195, 1534, 14, 30, 0, 0, 4.88%, 0, 0, 2, 21942.28, 132138754, 206
6200, 1535, 18, 30, 0, 0, 4.88%, 0, 0, 2, 22730.13, 132254504, 206
6205, 1536, 14, 30, 0, 0, 4.88%, 0, 0, 2, 20948.87, 132362338, 206
6211, 1537, 24, 30, 0, 0, 4.88%, 0, 0, 2, 21914.94, 132476487, 206
6216, 1539, 26, 30, 0, 0, 4.88%, 0, 0, 2, 21946.02, 132590705, 206
6221, 1540, 14, 30, 0, 0, 4.88%, 0, 0, 2, 22878.27, 132709094, 206
6226, 1541, 24, 30, 0, 0, 4.88%, 0, 0, 2, 21914.75, 132822515, 206
6231, 1543, 24, 30, 0, 0, 4.88%, 0, 0, 2, 23651.42, 132942728, 206
6236, 1544, 14, 30, 0, 0, 4.88%, 0, 0, 2, 22611.30, 133056914, 206
6241, 1545, 26, 30, 0, 0, 4.88%, 0, 0, 2, 22412.80, 133170547, 206
6247, 1547, 14, 30, 0, 0, 4.88%, 0, 0, 2, 21558.90, 133279540, 206
6252, 1548, 9, 30, 0, 0, 4.88%, 0, 0, 2, 22232.71, 133396713, 206
6257, 1549, 27, 30, 0, 0, 4.88%, 0, 0, 2, 22005.01, 133508458, 206
6262, 1551, 22, 30, 0, 0, 4.88%, 0, 0, 2, 22690.93, 133627753, 206
6267, 1552, 28, 30, 0, 0, 4.88%, 0, 0, 2, 21378.85, 133735447, 206
6272, 1553, 26, 30, 0, 0, 4.88%, 0, 0, 2, 23033.60, 133858045, 206
6278, 1555, 14, 30, 0, 0, 4.88%, 0, 0, 2, 21524.76, 133964453, 206
6283, 1556, 26, 30, 0, 0, 4.88%, 0, 0, 2, 22987.16, 134085503, 206
6288, 1557, 22, 30, 0, 0, 4.88%, 0, 0, 2, 21847.37, 134192744, 206
6293, 1559, 14, 30, 0, 0, 4.88%, 0, 0, 2, 22941.99, 134313584, 206
6298, 1560, 14, 30, 0, 0, 4.88%, 0, 0, 2, 22300.66, 134423760, 206
6303, 1561, 25, 30, 0, 0, 4.88%, 0, 0, 2, 23526.85, 134544169, 206
6308, 1563, 14, 30, 0, 0, 4.88%, 0, 0, 2, 22644.76, 134657185, 206
6313, 1564, 17, 30, 0, 0, 4.88%, 0, 0, 2, 23220.43, 134777939, 206
6318, 1566, 14, 30, 0, 0, 4.88%, 0, 0, 2, 23205.97, 134894795, 206
6323, 1567, 14, 30, 0, 0, 4.88%, 0, 0, 2, 21195.15, 135000951, 206
6328, 1568, 14, 30, 0, 0, 4.88%, 0, 0, 2, 22647.43, 135113523, 206
6333, 1570, 14, 30, 0, 0, 4.88%, 0, 0, 2, 23680.97, 135233942, 206
6339, 1571, 5, 30, 0, 0, 4.88%, 0, 0, 2, 22896.29, 135348260, 206
6344, 1572, 28, 30, 0, 0, 4.88%, 0, 0, 2, 22869.48, 135467125, 206
6349, 1573, 14, 30, 0, 0, 4.88%, 0, 0, 2, 22748.71, 135578558, 206
6354, 1575, 14, 30, 0, 0, 4.88%, 0, 0, 2, 22199.60, 135696994, 206
6359, 1576, 14, 30, 0, 0, 4.88%, 0, 0, 2, 22891.03, 135817371, 206
6364, 1577, 14, 30, 0, 0, 4.88%, 0, 0, 2, 21558.83, 135929637, 206
6369, 1579, 26, 30, 0, 0, 4.88%, 0, 0, 2, 22699.90, 136047893, 206
6375, 1580, 5, 30, 0, 0, 4.88%, 0, 0, 2, 22197.41, 136164723, 206
6380, 1582, 28, 30, 0, 0, 4.88%, 0, 0, 2, 23440.49, 136284477, 206
6385, 1583, 25, 30, 0, 0, 4.88%, 0, 0, 2, 20897.57, 136389564, 206
6390, 1584, 14, 30, 0, 0, 4.88%, 0, 0, 2, 22561.08, 136503578, 206
6395, 1586, 16, 30, 0, 0, 4.88%, 0, 0, 2, 21759.30, 136616605, 206
6400, 1587, 14, 30, 0, 0, 4.88%, 0, 0, 2, 22419.74, 136734397, 206
6405, 1588, 24, 30, 0, 0, 4.88%, 0, 0, 2, 21737.93, 136843868, 206
6410, 1589, 20, 30, 0, 0, 4.88%, 0, 0, 2, 22166.11, 136957762, 206
6415, 1591, 14, 30, 0, 0, 4.88%, 0, 0, 2, 22271.20, 137073770, 206
6421, 1592, 26, 30, 0, 0, 4.88%, 0, 0, 2, 23077.77, 137193515, 206
6426, 1593, 8, 30, 0, 0, 4.88%, 0, 0, 2, 21557.41, 137305420, 206
6431, 1595, 14, 30, 0, 0, 4.88%, 0, 0, 2, 22311.18, 137423471, 206
6436, 1596, 14, 30, 0, 0, 4.88%, 0, 0, 2, 22529.68, 137539475, 206
6441, 1598, 28, 30, 0, 0, 4.88%, 0, 0, 2, 24474.94, 137669106, 206
6446, 1599, 22, 30, 0, 0, 4.88%, 0, 0, 2, 22030.03, 137774140, 206
6451, 1600, 14, 30, 0, 0, 4.88%, 0, 0, 2, 22743.31, 137891777, 206
6457, 1602, 16, 30, 0, 0, 4.88%, 0, 0, 2, 22091.33, 138003679, 206
6462, 1603, 14, 30, 0, 0, 4.88%, 0, 0, 2, 23663.18, 138126594, 206
6467, 1604, 24, 30, 0, 0, 4.88%, 0, 0, 2, 22188.25, 138234749, 206
6472, 1606, 24, 30, 0, 0, 4.88%, 0, 0, 2, 23175.23, 138354727, 206
6477, 1607, 26, 30, 0, 0, 4.88%, 0, 0, 2, 21817.96, 138463885, 206
6482, 1608, 27, 30, 0, 0, 4.88%, 0, 0, 2, 23800.71, 138584431, 206
6487, 1610, 25, 30, 0, 0, 4.88%, 0, 0, 2, 22188.65, 138695206, 206
6492, 1611, 14, 30, 0, 0, 4.88%, 0, 0, 2, 22899.75, 138814242, 206
6498, 1612, 9, 30, 0, 0, 4.88%, 0, 0, 2, 22666.61, 138925204, 206
6503, 1614, 14, 30, 0, 0, 4.88%, 0, 0, 2, 22359.00, 139044408, 206
6508, 1615, 14, 30, 0, 0, 4.88%, 0, 0, 2, 20991.98, 139148053, 206
6513, 1616, 24, 30, 0, 0, 4.88%, 0, 0, 2, 22068.50, 139266901, 206
6518, 1618, 14, 30, 0, 0, 4.88%, 0, 0, 2, 21172.37, 139375496, 206
6523, 1619, 22, 30, 0, 0, 4.88%, 0, 0, 2, 21989.75, 139492449, 206
6529, 1620, 20, 30, 0, 0, 4.88%, 0, 0, 2, 22493.30, 139606629, 206
6534, 1622, 14, 30, 0, 0, 4.88%, 0, 0, 2, 22250.19, 139724626, 206
6539, 1623, 28, 30, 0, 0, 4.88%, 0, 0, 2, 22867.00, 139841702, 206
6544, 1624, 25, 30, 0, 0, 4.88%, 0, 0, 2, 21950.12, 139951796, 206
6549, 1626, 28, 30, 0, 0, 4.88%, 0, 0, 2, 22485.82, 140067559, 206
6554, 1627, 18, 30, 0, 0, 4.88%, 0, 0, 2, 22649.49, 140182819, 206
6559, 1628, 26, 30, 0, 0, 4.88%, 0, 0, 2, 22746.04, 140298174, 206
6565, 1630, 26, 30, 0, 0, 4.88%, 0, 0, 2, 20714.33, 140406537, 206
6570, 1631, 14, 30, 0, 0, 4.88%, 0, 0, 2, 22439.55, 140518905, 206
6575, 1632, 18, 30, 0, 0, 4.88%, 0, 0, 2, 21735.33, 140632386, 206
6580, 1634, 14, 30, 0, 0, 4.88%, 0, 0, 2, 22774.97, 140747922, 206
6585, 1635, 14, 30, 0, 0, 4.88%, 0, 0, 2, 21839.26, 140860634, 206
6590, 1636, 25, 30, 0, 0, 4.88%, 0, 0, 2, 22882.49, 140977795, 206
6595, 1637, 26, 30, 0, 0, 4.88%, 0, 0, 2, 21795.67, 141093837, 206
6600, 1639, 14, 30, 0, 0, 4.88%, 0, 0, 2, 23049.81, 141214291, 206
6605, 1640, 14, 30, 0, 0, 4.88%, 0, 0, 2, 21952.54, 141327987, 206
6611, 1642, 14, 30, 0, 0, 4.88%, 0, 0, 2, 23743.83, 141452377, 206
6616, 1643, 18, 30, 0, 0, 4.88%, 0, 0, 2, 23511.85, 141569339, 206
6621, 1644, 14, 30, 0, 0, 4.88%, 0, 0, 2, 23055.96, 141689497, 206
6626, 1646, 14, 30, 0, 0, 4.88%, 0, 0, 2, 22225.30, 141800380, 206
6631, 1647, 22, 30, 0, 0, 4.88%, 0, 0, 2, 22770.87, 141919021, 206
6636, 1648, 17, 30, 0, 0, 4.88%, 0, 0, 2, 21783.45, 142027946, 206
6641, 1650, 28, 30, 0, 0, 4.88%, 0, 0, 2, 22147.20, 142138862, 206
6646, 1651, 26, 30, 0, 0, 4.88%, 0, 0, 2, 21389.70, 142246145, 206
6651, 1652, 14, 30, 0, 0, 4.88%, 0, 0, 2, 22250.39, 142358561, 206
6656, 1654, 18, 30, 0, 0, 4.88%, 0, 0, 2, 21886.98, 142470809, 206
6661, 1655, 26, 30, 0, 0, 4.88%, 0, 0, 2, 22712.08, 142586901, 206
6666, 1656, 14, 30, 0, 0, 4.88%, 0, 0, 2, 22587.84, 142700899, 206
6672, 1658, 26, 30, 0, 0, 4.88%, 0, 0, 2, 23536.35, 142822440, 206
6677, 1659, 14, 30, 0, 0, 4.88%, 0, 0, 2, 22242.09, 142933722, 206
6682, 1660, 14, 30, 0, 0, 4.88%, 0, 0, 2, 23191.03, 143056084, 206
6687, 1662, 22, 30, 0, 0, 4.88%, 0, 0, 2, 22802.17, 143164545, 206
6692, 1663, 23, 30, 0, 0, 4.88%, 0, 0, 2, 24461.18, 143290229, 206
6697, 1665, 24, 30, 0, 0, 4.88%, 0, 0, 2, 22768.95, 143402432, 206
6702, 1666, 14, 30, 0, 0, 4.88%, 0, 0, 2, 23534.28, 143524379, 206
6708, 1667, 8, 30, 0, 0, 4.88%, 0, 0, 2, 22443.04, 143636746, 206
6713, 1669, 17, 30, 0, 0, 4.88%, 0, 0, 2, 23166.75, 143758293, 206
6718, 1670, 14, 30, 0, 0, 4.88%, 0, 0, 2, 23802.23, 143876336, 206
6723, 1671, 14, 30, 0, 0, 4.88%, 0, 0, 2, 23536.91, 143998708, 206
6728, 1673, 22, 30, 0, 0, 4.88%, 0, 0, 2, 22007.62, 144108372, 206
6733, 1674, 14, 30, 0, 0, 4.88%, 0, 0, 2, 21957.76, 144219664, 206
6738, 1675, 28, 30, 0, 0, 4.88%, 0, 0, 2, 22041.07, 144332779, 206
6744, 1677, 25, 30, 0, 0, 4.88%, 0, 0, 2, 21180.57, 144445781, 206
6749, 1678, 14, 30, 0, 0, 4.88%, 0, 0, 2, 22195.49, 144560490, 206
6754, 1679, 23, 30, 0, 0, 4.88%, 0, 0, 2, 21650.63, 144673401, 206
6759, 1681, 23, 30, 0, 0, 4.88%, 0, 0, 2, 23574.72, 144793807, 206
6764, 1682, 14, 30, 0, 0, 4.88%, 0, 0, 2, 22465.60, 144909356, 206
6769, 1683, 14, 30, 0, 0, 4.88%, 0, 0, 2, 23576.52, 145031621, 206
6775, 1685, 23, 30, 0, 0, 4.88%, 0, 0, 2, 21591.47, 145143372, 206
6780, 1686, 14, 30, 0, 0, 4.88%, 0, 0, 2, 24118.97, 145271885, 206
6785, 1687, 27, 30, 0, 0, 4.88%, 0, 0, 2, 22184.01, 145386284, 206
6790, 1689, 14, 30, 0, 0, 4.88%, 0, 0, 2, 23192.18, 145507521, 206
6795, 1690, 14, 30, 0, 0, 4.88%, 0, 0, 2, 22361.82, 145624802, 206
6801, 1692, 20, 30, 0, 0, 4.88%, 0, 0, 2, 23509.68, 145745670, 206
6806, 1693, 25, 30, 0, 0, 4.88%, 0, 0, 2, 21562.42, 145855392, 206
6811, 1694, 26, 30, 0, 0, 4.88%, 0, 0, 2, 23396.31, 145981189, 206
6816, 1696, 17, 30, 0, 0, 4.88%, 0, 0, 2, 21854.65, 146090973, 206
6821, 1697, 18, 30, 0, 0, 4.88%, 0, 0, 2, 23555.38, 146216556, 206
6826, 1698, 24, 30, 0, 0, 4.88%, 0, 0, 2, 21785.40, 146325408, 206
6831, 1700, 14, 30, 0, 0, 4.88%, 0, 0, 2, 23051.78, 146448921, 206
6837, 1701, 8, 30, 0, 0, 4.88%, 0, 0, 2, 22225.13, 146563006, 206
6842, 1702, 22, 30, 0, 0, 4.88%, 0, 0, 2, 22408.84, 146676499, 206
6847, 1704, 14, 30, 0, 0, 4.88%, 0, 0, 2, 21906.04, 146785452, 206
6852, 1705, 26, 30, 0, 0, 4.88%, 0, 0, 2, 23314.55, 146906501, 206
6857, 1706, 26, 30, 0, 0, 4.88%, 0, 0, 2, 22643.82, 147015240, 206
6862, 1708, 22, 30, 0, 0, 4.88%, 0, 0, 2, 22898.95, 147133543, 206
6867, 1709, 26, 30, 0, 0, 4.88%, 0, 0, 2, 21731.50, 147238283, 206
6872, 1710, 14, 30, 0, 0, 4.88%, 0, 0, 2, 22462.02, 147351173, 206
6877, 1712, 5, 30, 0, 0, 4.88%, 0, 0, 2, 23077.01, 147467375, 206
6882, 1713, 14, 30, 0, 0, 4.88%, 0, 0, 2, 22823.68, 147581833, 206
6887, 1714, 14, 30, 0, 0, 4.88%, 0, 0, 2, 22298.63, 147692316, 206
6892, 1716, 14, 30, 0, 0, 4.88%, 0, 0, 2, 23151.17, 147813831, 206
6897, 1717, 24, 30, 0, 0, 4.88%, 0, 0, 2, 22520.93, 147927172, 206
6903, 1718, 26, 30, 0, 0, 4.88%, 0, 0, 2, 23744.15, 148050772, 206
6908, 1720, 27, 30, 0, 0, 4.88%, 0, 0, 2, 22974.04, 148162526, 206
6913, 1721, 14, 30, 0, 0, 4.88%, 0, 0, 2, 23409.70, 148285370, 206
6918, 1722, 26, 30, 0, 0, 4.88%, 0, 0, 2, 23549.26, 148401850, 206
6923, 1724, 14, 30, 0, 0, 4.88%, 0, 0, 2, 21972.98, 148513006, 206
6928, 1725, 17, 30, 0, 0, 4.88%, 0, 0, 2, 21852.81, 148622783, 206
6933, 1726, 14, 30, 0, 0, 4.88%, 0, 0, 2, 22217.56, 148741897, 206
6938, 1728, 22, 30, 0, 0, 4.88%, 0, 0, 2, 22444.24, 148852793, 206
6943, 1729, 2, 30, 0, 0, 4.88%, 0, 0, 2, 22647.62, 148969611, 206
6948, 1730, 5, 30, 0, 0, 4.88%, 0, 0, 2, 22277.09, 149078741, 206
6954, 1732, 24, 30, 0, 0, 4.88%, 0, 0, 2, 23572.20, 149204804, 206
6959, 1733, 9, 30, 0, 0, 4.88%, 0, 0, 2, 22347.23, 149316002, 206
6964, 1735, 14, 30, 0, 0, 4.88%, 0, 0, 2, 23027.34, 149435282, 206
6969, 1736, 14, 30, 0, 0, 4.88%, 0, 0, 2, 22382.46, 149550298, 206
6974, 1737, 14, 30, 0, 0, 4.88%, 0, 0, 2, 22257.54, 149665499, 206
6979, 1739, 28, 30, 0, 0, 4.88%, 0, 0, 2, 24125.28, 149788811, 206
6984, 1740, 25, 30, 0, 0, 4.88%, 0, 0, 2, 23089.00, 149905773, 206
6989, 1741, 14, 30, 0, 0, 4.88%, 0, 0, 2, 23094.23, 150022224, 206
6994, 1743, 14, 30, 0, 0, 4.88%, 0, 0, 2, 22198.09, 150139483, 206
7000, 1744, 20, 30, 0, 0, 4.88%, 0, 0, 2, 22038.98, 150256079, 206
7005, 1745, 14, 30, 0, 0, 4.88%, 0, 0, 2, 22090.24, 150372007, 206
7010, 1747, 17, 30, 0, 0, 4.88%, 0, 0, 2, 23018.81, 150493473, 206
7015, 1748, 14, 30, 0, 0, 4.88%, 0, 0, 2, 22927.36, 150612723, 206
7020, 1750, 24, 30, 0, 0, 4.88%, 0, 0, 2, 23572.00, 150737381, 206
7025, 1751, 9, 30, 0, 0, 4.88%, 0, 0, 2, 21857.41, 150849923, 206
7031, 1753, 26, 30, 0, 0, 4.88%, 0, 0, 2, 25612.24, 150986844, 206
7036, 1754, 26, 30, 0, 0, 4.88%, 0, 0, 2, 22043.32, 151100450, 206
7041, 1755, 14, 30, 0, 0, 4.88%, 0, 0, 2, 23657.31, 151225090, 206
7046, 1757, 14, 30, 0, 0, 4.88%, 0, 0, 2, 20849.57, 151326892, 206
7051, 1758, 22, 30, 0, 0, 4.88%, 0, 0, 2, 24229.27, 151455112, 206
7056, 1759, 14, 30, 0, 0, 4.88%, 0, 0, 2, 22833.91, 151566994, 206
7061, 1761, 26, 30, 0, 0, 4.88%, 0, 0, 2, 24060.14, 151690238, 206
7067, 1762, 14, 30, 0, 0, 4.88%, 0, 0, 2, 23013.60, 151808660, 206
7072, 1764, 14, 30, 0, 0, 4.88%, 0, 0, 2, 24228.38, 151931014, 206
7077, 1765, 14, 30, 0, 0, 4.88%, 0, 0, 2, 22308.60, 152039877, 206
7082, 1766, 23, 30, 0, 0, 4.88%, 0, 0, 2, 23342.17, 152161149, 206
7087, 1768, 24, 30, 0, 0, 4.88%, 0, 0, 2, 22620.39, 152272514, 206
7092, 1769, 17, 30, 0, 0, 4.88%, 0, 0, 2, 24334.42, 152395756, 206
7097, 1771, 26, 30, 0, 0, 4.88%, 0, 0, 2, 22866.20, 152511472, 206
7102, 1772, 9, 30, 0, 0, 4.88%, 0, 0, 2, 23438.22, 152638136, 206
7107, 1773, 26, 30, 0, 0, 4.88%, 0, 0, 2, 22099.98, 152747138, 206
7113, 1775, 14, 30, 0, 0, 4.88%, 0, 0, 2, 23088.45, 152869495, 206
7118, 1776, 14, 30, 0, 0, 4.88%, 0, 0, 2, 22258.04, 152981874, 206
7123, 1777, 14, 30, 0, 0, 4.88%, 0, 0, 2, 24210.83, 153106307, 206
7128, 1779, 17, 30, 0, 0, 4.88%, 0, 0, 2, 22670.51, 153220575, 206
7133, 1780, 14, 30, 0, 0, 4.88%, 0, 0, 2, 22501.22, 153338802, 206
7138, 1781, 23, 30, 0, 0, 4.88%, 0, 0, 2, 21845.35, 153445239, 206
7143, 1783, 14, 30, 0, 0, 4.88%, 0, 0, 2, 21960.48, 153558339, 206
7148, 1784, 20, 30, 0, 0, 4.88%, 0, 0, 2, 21572.31, 153666745, 206
7153, 1785, 28, 30, 0, 0, 4.88%, 0, 0, 2, 22392.92, 153782344, 206
7158, 1786, 14, 30, 0, 0, 4.88%, 0, 0, 2, 22322.58, 153891867, 206
7164, 1788, 14, 30, 0, 0, 4.88%, 0, 0, 2, 21446.70, 154004464, 206
7169, 1789, 14, 30, 0, 0, 4.88%, 0, 0, 2, 22216.52, 154116296, 206
7174, 1790, 14, 30, 0, 0, 4.88%, 0, 0, 2, 21823.00, 154232343, 206
7179, 1792, 5, 30, 0, 0, 4.88%, 0, 0, 2, 21556.36, 154342263, 206
7184, 1793, 28, 30, 0, 0, 4.88%, 0, 0, 2, 22073.67, 154455160, 206
7189, 1794, 23, 30, 0, 0, 4.88%, 0, 0, 2, 22475.56, 154568257, 206
7194, 1796, 14, 30, 0, 0, 4.88%, 0, 0, 2, 22239.40, 154686080, 206
7199, 1797, 14, 30, 0, 0, 4.88%, 0, 0, 2, 22351.42, 154778710, 206
