# relative_time, cycles_done, cur_item, corpus_count, pending_total, pending_favs, map_size, saved_crashes, saved_hangs, max_depth, execs_per_sec, total_execs, edges_found
61, 5, 22, 91, 69, 0, 4.81%, 0, 0, 3, 19163.56, 1212323, 205
66, 5, 24, 91, 69, 0, 4.81%, 0, 0, 3, 19037.07, 1311299, 205
71, 6, 22, 91, 69, 0, 4.81%, 0, 0, 3, 19365.77, 1411749, 205
76, 6, 7, 91, 69, 0, 4.81%, 0, 0, 3, 19051.89, 1510102, 205
82, 7, 22, 93, 71, 0, 4.81%, 0, 0, 3, 19823.90, 1613615, 205
87, 7, 3, 93, 71, 0, 4.81%, 0, 0, 3, 19113.62, 1712214, 205
92, 7, 30, 93, 70, 0, 4.81%, 0, 0, 3, 19330.18, 1810652, 205
97, 8, 22, 95, 71, 0, 4.81%, 0, 0, 3, 18876.32, 1907553, 205
102, 8, 22, 95, 71, 0, 4.81%, 0, 0, 3, 18960.52, 2005974, 205
107, 9, 22, 96, 72, 0, 4.81%, 0, 0, 3, 19290.50, 2101134, 205
112, 9, 22, 96, 72, 0, 4.81%, 0, 0, 3, 19986.89, 2205664, 205
118, 9, 22, 96, 72, 0, 4.81%, 0, 0, 3, 19230.72, 2302668, 205
123, 10, 22, 96, 71, 0, 4.81%, 0, 0, 3, 19710.55, 2402946, 205
128, 10, 22, 96, 71, 0, 4.81%, 0, 0, 3, 20175.45, 2504771, 205
133, 10, 7, 96, 69, 0, 4.81%, 0, 0, 3, 17002.54, 2593213, 205
138, 11, 22, 102, 73, 0, 4.81%, 0, 0, 3, 18836.74, 2690491, 205
143, 11, 22, 102, 72, 0, 4.81%, 0, 0, 3, 22123.43, 2803808, 205
148, 11, 22, 102, 71, 0, 4.81%, 0, 0, 3, 19504.64, 2897436, 205
153, 12, 22, 102, 71, 0, 4.81%, 0, 0, 3, 20842.52, 3010646, 205
158, 12, 22, 102, 70, 0, 4.81%, 0, 0, 3, 20085.50, 3107112, 205
164, 12, 22, 102, 70, 0, 4.81%, 0, 0, 3, 18488.20, 3207425, 205
169, 12, 30, 103, 71, 0, 4.81%, 0, 0, 3, 19025.14, 3301418, 205
174, 13, 7, 103, 71, 0, 4.81%, 0, 0, 3, 19427.60, 3406356, 205
179, 13, 22, 103, 70, 0, 4.81%, 0, 0, 3, 20347.45, 3504382, 205
184, 13, 39, 103, 69, 0, 4.81%, 0, 0, 3, 20631.67, 3613418, 205
189, 13, 22, 103, 69, 0, 4.81%, 0, 0, 3, 21914.03, 3722256, 205
194, 14, 22, 109, 75, 0, 4.81%, 0, 0, 3, 21504.71, 3837451, 205
200, 14, 22, 109, 75, 0, 4.81%, 0, 0, 3, 22862.15, 3950334, 205
205, 14, 22, 109, 75, 0, 4.81%, 0, 0, 3, 20483.99, 4055560, 205
210, 14, 22, 109, 74, 0, 4.81%, 0, 0, 3, 20366.98, 4160237, 205
215, 15, 22, 109, 73, 0, 4.81%, 0, 0, 3, 21243.17, 4270712, 205
220, 15, 7, 109, 72, 0, 4.81%, 0, 0, 3, 22965.84, 4390393, 205
225, 15, 22, 109, 71, 0, 4.81%, 0, 0, 3, 19410.34, 4492039, 205
230, 16, 22, 109, 70, 0, 4.81%, 0, 0, 3, 21381.29, 4605326, 205
235, 16, 39, 109, 70, 0, 4.81%, 0, 0, 3, 19320.65, 4702758, 205
241, 17, 22, 109, 70, 0, 4.81%, 0, 0, 3, 21689.48, 4821096, 205
246, 17, 7, 109, 70, 0, 4.81%, 0, 0, 3, 19767.23, 4924800, 205
251, 17, 22, 109, 70, 0, 4.81%, 0, 0, 3, 22185.56, 5043291, 205
256, 18, 22, 109, 70, 0, 4.81%, 0, 0, 3, 20459.70, 5148389, 205
261, 18, 22, 109, 70, 0, 4.81%, 0, 0, 3, 21957.16, 5262469, 205
267, 19, 22, 109, 69, 0, 4.81%, 0, 0, 3, 22044.22, 5375108, 205
272, 19, 22, 109, 69, 0, 4.81%, 0, 0, 3, 22119.11, 5488967, 205
277, 19, 22, 109, 69, 0, 4.81%, 0, 0, 3, 20869.07, 5591010, 205
282, 20, 3, 109, 68, 0, 4.81%, 0, 0, 3, 21840.83, 5705562, 205
287, 20, 22, 109, 68, 0, 4.81%, 0, 0, 3, 17497.05, 5790291, 205
292, 20, 22, 109, 68, 0, 4.81%, 0, 0, 3, 20791.36, 5902834, 205
297, 21, 22, 112, 71, 0, 4.81%, 0, 0, 3, 20284.19, 6002376, 205
302, 21, 22, 112, 71, 0, 4.81%, 0, 0, 3, 20287.45, 6114776, 205
308, 21, 22, 112, 70, 0, 4.81%, 0, 0, 3, 18754.58, 6205197, 205
313, 22, 22, 112, 70, 0, 4.81%, 0, 0, 3, 21082.31, 6320197, 205
318, 22, 22, 112, 70, 0, 4.81%, 0, 0, 3, 21027.10, 6423527, 205
323, 22, 7, 112, 70, 0, 4.81%, 0, 0, 3, 20148.82, 6529080, 205
328, 23, 34, 112, 70, 0, 4.81%, 0, 0, 3, 21083.34, 6635251, 205
333, 23, 30, 112, 70, 0, 4.81%, 0, 0, 3, 19573.12, 6733777, 205
339, 24, 30, 112, 70, 0, 4.81%, 0, 0, 3, 20313.48, 6836220, 205
344, 24, 3, 112, 70, 0, 4.81%, 0, 0, 3, 18012.53, 6927311, 205
349, 24, 22, 112, 70, 0, 4.81%, 0, 0, 3, 16802.12, 7011528, 205
354, 24, 22, 112, 70, 0, 4.81%, 0, 0, 3, 16057.55, 7094659, 205
359, 25, 22, 112, 70, 0, 4.81%, 0, 0, 3, 15567.24, 7173560, 205
364, 25, 22, 112, 70, 0, 4.81%, 0, 0, 3, 16582.50, 7260816, 205
370, 25, 22, 112, 70, 0, 4.81%, 0, 0, 3, 16853.08, 7343988, 205
375, 26, 22, 112, 69, 0, 4.81%, 0, 0, 3, 17344.99, 7436933, 205
380, 26, 22, 112, 68, 0, 4.81%, 0, 0, 3, 16846.98, 7516389, 205
385, 26, 30, 112, 68, 0, 4.81%, 0, 0, 3, 19283.87, 7622829, 205
390, 26, 0, 112, 67, 0, 4.81%, 0, 0, 3, 13087.96, 7679878, 205
395, 27, 30, 112, 65, 0, 4.81%, 0, 0, 3, 14869.76, 7758911, 205
400, 27, 22, 112, 63, 0, 4.81%, 0, 0, 3, 16518.66, 7845657, 205
405, 27, 22, 112, 63, 0, 4.81%, 0, 0, 3, 13918.29, 7912389, 205
410, 27, 22, 112, 62, 0, 4.81%, 0, 0, 3, 15644.22, 7993103, 205
416, 28, 7, 112, 62, 0, 4.81%, 0, 0, 3, 16333.39, 8080866, 205
421, 28, 22, 112, 62, 0, 4.81%, 0, 0, 3, 22859.83, 8207558, 205
426, 29, 22, 112, 61, 0, 4.81%, 0, 0, 3, 19612.31, 8306686, 205
431, 29, 22, 112, 61, 0, 4.81%, 0, 0, 3, 18590.22, 8400334, 205
436, 29, 22, 112, 61, 0, 4.81%, 0, 0, 3, 16579.63, 8484415, 205
441, 29, 3, 112, 61, 0, 4.81%, 0, 0, 3, 17119.76, 8574577, 205
446, 30, 30, 112, 61, 0, 4.81%, 0, 0, 3, 17173.99, 8657972, 205
451, 30, 22, 112, 61, 0, 4.81%, 0, 0, 3, 17566.76, 8748028, 205
457, 30, 22, 112, 60, 0, 4.81%, 0, 0, 3, 17713.01, 8839858, 205
462, 31, 22, 112, 60, 0, 4.81%, 0, 0, 3, 18418.43, 8939374, 205
467, 31, 22, 112, 60, 0, 4.81%, 0, 0, 3, 18425.26, 9029471, 205
472, 31, 22, 112, 59, 0, 4.81%, 0, 0, 3, 16971.45, 9115213, 205
477, 32, 22, 112, 59, 0, 4.81%, 0, 0, 3, 18304.05, 9209251, 205
482, 32, 22, 112, 59, 0, 4.81%, 0, 0, 3, 17746.11, 9299500, 205
487, 32, 22, 112, 58, 0, 4.81%, 0, 0, 3, 17274.62, 9389322, 205
493, 33, 22, 112, 58, 0, 4.81%, 0, 0, 3, 21757.50, 9499432, 205
498, 33, 22, 112, 58, 0, 4.81%, 0, 0, 3, 20418.81, 9597558, 205
503, 33, 22, 112, 58, 0, 4.81%, 0, 0, 3, 18364.59, 9695396, 205
508, 34, 22, 112, 58, 0, 4.81%, 0, 0, 3, 18376.22, 9782812, 205
513, 34, 34, 112, 58, 0, 4.81%, 0, 0, 3, 18317.86, 9874691, 205
518, 34, 22, 112, 58, 0, 4.81%, 0, 0, 3, 17797.64, 9962962, 205
523, 35, 7, 112, 57, 0, 4.81%, 0, 0, 3, 15523.88, 10036810, 205
528, 35, 22, 112, 57, 0, 4.81%, 0, 0, 3, 16056.21, 10119555, 205
533, 35, 80, 112, 57, 0, 4.81%, 0, 0, 3, 16523.54, 10205568, 205
538, 35, 22, 112, 55, 0, 4.81%, 0, 0, 3, 14579.74, 10269932, 205
543, 36, 22, 112, 55, 0, 4.81%, 0, 0, 3, 15739.44, 10356794, 205
549, 36, 70, 112, 54, 0, 4.81%, 0, 0, 3, 11274.91, 10407090, 205
554, 36, 22, 112, 53, 0, 4.81%, 0, 0, 3, 11622.33, 10466720, 205
559, 36, 7, 112, 53, 0, 4.81%, 0, 0, 3, 16731.79, 10550726, 205
564, 37, 22, 112, 53, 0, 4.81%, 0, 0, 3, 19928.80, 10659109, 205
569, 37, 39, 112, 53, 0, 4.81%, 0, 0, 3, 19952.83, 10759519, 205
574, 37, 30, 112, 52, 0, 4.81%, 0, 0, 3, 21672.43, 10875751, 205
579, 38, 22, 112, 52, 0, 4.81%, 0, 0, 3, 20854.33, 10982173, 205
584, 38, 22, 112, 50, 0, 4.81%, 0, 0, 3, 20217.66, 11093791, 205
589, 39, 22, 112, 50, 0, 4.81%, 0, 0, 3, 21470.11, 11203185, 205
594, 39, 22, 112, 50, 0, 4.81%, 0, 0, 3, 21691.88, 11313431, 205
600, 39, 30, 112, 50, 0, 4.81%, 0, 0, 3, 22861.85, 11431711, 205
605, 40, 22, 112, 50, 0, 4.81%, 0, 0, 3, 16503.49, 11512029, 205
610, 40, 22, 112, 50, 0, 4.81%, 0, 0, 3, 12979.94, 11571606, 205
615, 40, 22, 112, 50, 0, 4.81%, 0, 0, 3, 13824.43, 11642061, 205
620, 40, 3, 112, 49, 0, 4.81%, 0, 0, 3, 13625.06, 11710704, 205
625, 41, 22, 115, 52, 0, 4.81%, 0, 0, 3, 14542.13, 11791249, 205
630, 41, 22, 115, 52, 0, 4.81%, 0, 0, 3, 13506.13, 11852831, 205
636, 41, 22, 115, 52, 0, 4.81%, 0, 0, 3, 17827.06, 11955287, 205
641, 42, 22, 115, 52, 0, 4.81%, 0, 0, 3, 20320.28, 12062627, 205
646, 42, 22, 115, 52, 0, 4.81%, 0, 0, 3, 17608.06, 12152523, 205
651, 42, 22, 115, 52, 0, 4.81%, 0, 0, 3, 19105.20, 12258081, 205
656, 43, 22, 115, 52, 0, 4.81%, 0, 0, 3, 18214.76, 12348833, 205
661, 43, 22, 115, 51, 0, 4.81%, 0, 0, 3, 20206.91, 12457995, 205
666, 43, 22, 115, 51, 0, 4.81%, 0, 0, 3, 19630.20, 12560395, 205
672, 44, 22, 115, 50, 0, 4.81%, 0, 0, 3, 21028.05, 12670654, 205
677, 44, 22, 115, 50, 0, 4.81%, 0, 0, 3, 21915.01, 12777777, 205
682, 45, 34, 115, 50, 0, 4.81%, 0, 0, 3, 22086.30, 12895862, 205
687, 45, 22, 115, 50, 0, 4.81%, 0, 0, 3, 20681.28, 12999997, 205
692, 45, 22, 115, 49, 0, 4.81%, 0, 0, 3, 22663.60, 13117430, 205
697, 46, 31, 115, 49, 0, 4.81%, 0, 0, 3, 21586.91, 13225048, 205
702, 46, 22, 115, 49, 0, 4.81%, 0, 0, 3, 23125.70, 13344210, 205
707, 46, 22, 115, 49, 0, 4.81%, 0, 0, 3, 20852.30, 13444056, 205
713, 47, 24, 115, 49, 0, 4.81%, 0, 0, 3, 23208.12, 13565718, 205
718, 47, 90, 115, 49, 0, 4.81%, 0, 0, 3, 19753.20, 13666060, 205
723, 48, 3, 115, 48, 0, 4.81%, 0, 0, 3, 20714.90, 13767245, 205
728, 48, 22, 115, 48, 0, 4.81%, 0, 0, 3, 20289.23, 13870240, 205
733, 48, 22, 115, 47, 0, 4.81%, 0, 0, 3, 22405.84, 13987009, 205
738, 49, 22, 115, 47, 0, 4.81%, 0, 0, 3, 22589.83, 14099819, 205
743, 49, 7, 115, 46, 0, 4.81%, 0, 0, 3, 21807.13, 14208134, 205
748, 49, 22, 115, 46, 0, 4.81%, 0, 0, 3, 21233.76, 14312117, 205
753, 50, 22, 115, 46, 0, 4.81%, 0, 0, 3, 21988.73, 14422428, 205
758, 50, 77, 115, 46, 0, 4.81%, 0, 0, 3, 21066.44, 14524567, 205
764, 50, 30, 115, 45, 0, 4.81%, 0, 0, 3, 20311.69, 14630880, 205
769, 51, 98, 115, 45, 0, 4.81%, 0, 0, 3, 16866.33, 14719092, 205
774, 51, 22, 115, 44, 0, 4.81%, 0, 0, 3, 18938.81, 14815471, 205
779, 51, 7, 115, 43, 0, 4.81%, 0, 0, 3, 20919.67, 14925064, 205
784, 52, 22, 115, 43, 0, 4.81%, 0, 0, 3, 22160.18, 15042454, 205
789, 52, 22, 115, 43, 0, 4.81%, 0, 0, 3, 23953.87, 15160906, 205
794, 53, 22, 115, 43, 0, 4.81%, 0, 0, 3, 21241.99, 15267483, 205
800, 53, 22, 115, 43, 0, 4.81%, 0, 0, 3, 20706.89, 15373306, 205
805, 53, 22, 115, 43, 0, 4.81%, 0, 0, 3, 20647.60, 15483823, 205
810, 54, 22, 115, 43, 0, 4.81%, 0, 0, 3, 20767.51, 15592864, 205
815, 54, 30, 115, 43, 0, 4.81%, 0, 0, 3, 21168.56, 15708288, 205
820, 54, 114, 115, 43, 0, 4.81%, 0, 0, 3, 18331.76, 15805734, 205
826, 55, 7, 115, 42, 0, 4.81%, 0, 0, 3, 15212.68, 15886766, 205
831, 55, 22, 115, 42, 0, 4.81%, 0, 0, 3, 13734.81, 15948733, 205
836, 55, 22, 115, 42, 0, 4.81%, 0, 0, 3, 17355.56, 16038092, 205
841, 56, 22, 115, 42, 0, 4.81%, 0, 0, 3, 21018.85, 16149572, 205
846, 56, 7, 115, 42, 0, 4.81%, 0, 0, 3, 20543.53, 16260184, 205
851, 56, 30, 115, 42, 0, 4.81%, 0, 0, 3, 23265.96, 16380712, 205
856, 57, 22, 115, 42, 0, 4.81%, 0, 0, 3, 20267.31, 16480055, 205
862, 57, 22, 115, 42, 0, 4.81%, 0, 0, 3, 22945.15, 16604888, 205
867, 58, 22, 115, 42, 0, 4.81%, 0, 0, 3, 22714.41, 16720114, 205
872, 58, 22, 115, 42, 0, 4.81%, 0, 0, 3, 22045.25, 16831291, 205
877, 58, 22, 115, 42, 0, 4.81%, 0, 0, 3, 18003.85, 16918534, 205
882, 59, 22, 115, 40, 0, 4.81%, 0, 0, 3, 19461.05, 17012915, 205
887, 59, 22, 115, 40, 0, 4.81%, 0, 0, 3, 16456.17, 17098319, 205
892, 59, 22, 115, 40, 0, 4.81%, 0, 0, 3, 20338.59, 17202512, 205
897, 59, 22, 115, 39, 0, 4.81%, 0, 0, 3, 21024.02, 17302964, 205
902, 60, 22, 115, 39, 0, 4.81%, 0, 0, 3, 23478.56, 17424845, 205
908, 60, 38, 115, 38, 0, 4.81%, 0, 0, 3, 22139.12, 17536632, 205
913, 61, 23, 115, 38, 0, 4.81%, 0, 0, 3, 24178.01, 17659646, 205
918, 61, 22, 115, 38, 0, 4.81%, 0, 0, 3, 22175.07, 17770203, 205
923, 61, 22, 115, 38, 0, 4.81%, 0, 0, 3, 22549.31, 17883540, 205
928, 62, 3, 115, 38, 0, 4.81%, 0, 0, 3, 22708.18, 17995989, 205
933, 62, 22, 115, 38, 0, 4.81%, 0, 0, 3, 23480.64, 18116849, 205
938, 63, 22, 115, 38, 0, 4.81%, 0, 0, 3, 22336.86, 18230846, 205
943, 63, 22, 115, 37, 0, 4.81%, 0, 0, 3, 16282.99, 18311860, 205
948, 63, 30, 115, 37, 0, 4.81%, 0, 0, 3, 21640.55, 18421213, 205
953, 64, 22, 115, 37, 0, 4.81%, 0, 0, 3, 22213.86, 18533242, 205
959, 64, 22, 115, 37, 0, 4.81%, 0, 0, 3, 21695.57, 18641702, 205
964, 64, 22, 115, 37, 0, 4.81%, 0, 0, 3, 22509.60, 18759403, 205
969, 65, 22, 115, 37, 0, 4.81%, 0, 0, 3, 23132.45, 18875635, 205
974, 65, 34, 115, 37, 0, 4.81%, 0, 0, 3, 23374.37, 18999229, 205
979, 66, 22, 115, 37, 0, 4.81%, 0, 0, 3, 24208.44, 19119870, 205
984, 66, 22, 115, 37, 0, 4.81%, 0, 0, 3, 22887.74, 19241055, 205
989, 66, 22, 115, 37, 0, 4.81%, 0, 0, 3, 22117.27, 19347126, 205
994, 67, 30, 115, 37, 0, 4.81%, 0, 0, 3, 24948.49, 19475025, 205
1000, 67, 22, 115, 37, 0, 4.81%, 0, 0, 3, 25384.20, 19597168, 205
1005, 68, 22, 115, 37, 0, 4.81%, 0, 0, 3, 20706.75, 19701090, 205
1010, 68, 22, 115, 37, 0, 4.81%, 0, 0, 3, 22146.61, 19813479, 205
1015, 69, 22, 115, 37, 0, 4.81%, 0, 0, 3, 22028.26, 19930349, 205
1020, 69, 22, 115, 37, 0, 4.81%, 0, 0, 3, 26395.78, 20067614, 205
1025, 69, 22, 115, 37, 0, 4.81%, 0, 0, 3, 21495.66, 20179583, 205
1030, 70, 22, 115, 37, 0, 4.81%, 0, 0, 3, 21850.70, 20293166, 205
1036, 70, 22, 115, 37, 0, 4.81%, 0, 0, 3, 21513.60, 20410880, 205
1041, 71, 22, 115, 37, 0, 4.81%, 0, 0, 3, 24961.43, 20537007, 205
1046, 71, 22, 115, 36, 0, 4.81%, 0, 0, 3, 21400.96, 20644110, 205
1051, 71, 38, 115, 35, 0, 4.81%, 0, 0, 3, 23288.43, 20768854, 205
1056, 72, 22, 115, 35, 0, 4.81%, 0, 0, 3, 23184.96, 20883992, 205
1061, 72, 22, 115, 35, 0, 4.81%, 0, 0, 3, 22696.41, 21001909, 205
1067, 73, 7, 115, 34, 0, 4.81%, 0, 0, 3, 19834.94, 21101848, 205
1072, 73, 22, 115, 33, 0, 4.81%, 0, 0, 3, 21042.16, 21211970, 205
1077, 73, 22, 115, 33, 0, 4.81%, 0, 0, 3, 20769.04, 21317263, 205
1082, 74, 22, 115, 33, 0, 4.81%, 0, 0, 3, 22449.88, 21435697, 205
1087, 74, 22, 115, 33, 0, 4.81%, 0, 0, 3, 21612.45, 21544222, 205
1092, 74, 22, 115, 32, 0, 4.81%, 0, 0, 3, 21809.74, 21653157, 205
1097, 75, 79, 115, 32, 0, 4.81%, 0, 0, 3, 18749.71, 21751244, 205
1103, 75, 22, 115, 31, 0, 4.81%, 0, 0, 3, 22844.23, 21875645, 205
1108, 76, 22, 115, 31, 0, 4.81%, 0, 0, 3, 21555.28, 21982998, 205
1113, 76, 101, 115, 31, 0, 4.81%, 0, 0, 3, 22086.61, 22101889, 205
1118, 76, 22, 115, 30, 0, 4.81%, 0, 0, 3, 22712.98, 22212746, 205
1123, 77, 22, 115, 30, 0, 4.81%, 0, 0, 3, 21163.83, 22323579, 205
1128, 77, 22, 115, 30, 0, 4.81%, 0, 0, 3, 20944.77, 22426041, 205
1134, 78, 22, 115, 30, 0, 4.81%, 0, 0, 3, 24617.42, 22554690, 205
1139, 78, 34, 115, 30, 0, 4.81%, 0, 0, 3, 22980.83, 22666978, 205
1144, 78, 22, 115, 30, 0, 4.81%, 0, 0, 3, 22686.90, 22788265, 205
1149, 79, 22, 115, 30, 0, 4.81%, 0, 0, 3, 22093.50, 22901128, 205
1154, 79, 22, 115, 29, 0, 4.81%, 0, 0, 3, 21601.23, 23016141, 205
1159, 80, 22, 115, 29, 0, 4.81%, 0, 0, 3, 23508.96, 23132558, 205
1165, 80, 7, 115, 29, 0, 4.81%, 0, 0, 3, 22282.04, 23253535, 205
1170, 81, 34, 115, 29, 0, 4.81%, 0, 0, 3, 24162.77, 23372969, 205
1175, 81, 22, 115, 29, 0, 4.81%, 0, 0, 3, 22540.77, 23491662, 205
1180, 81, 22, 115, 29, 0, 4.81%, 0, 0, 3, 22860.93, 23607364, 205
1185, 82, 30, 115, 29, 0, 4.81%, 0, 0, 3, 19033.05, 23705695, 205
1190, 82, 7, 115, 29, 0, 4.81%, 0, 0, 3, 21280.35, 23814995, 205
1195, 82, 22, 115, 29, 0, 4.81%, 0, 0, 3, 20948.10, 23922717, 205
1201, 83, 22, 115, 29, 0, 4.81%, 0, 0, 3, 22624.07, 24041727, 205
1206, 83, 22, 115, 29, 0, 4.81%, 0, 0, 3, 20449.43, 24148433, 205
1211, 84, 22, 115, 29, 0, 4.81%, 0, 0, 3, 22527.68, 24264978, 205
1216, 84, 38, 115, 29, 0, 4.81%, 0, 0, 3, 21890.57, 24374502, 205
1221, 84, 22, 115, 28, 0, 4.81%, 0, 0, 3, 22539.52, 24490314, 205
1226, 85, 22, 115, 28, 0, 4.81%, 0, 0, 3, 21735.53, 24603556, 205
1231, 85, 22, 115, 28, 0, 4.81%, 0, 0, 3, 23109.08, 24721877, 205
1236, 86, 22, 115, 28, 0, 4.81%, 0, 0, 3, 22267.91, 24833474, 205
1242, 86, 34, 115, 28, 0, 4.81%, 0, 0, 3, 23124.55, 24953723, 205
1247, 86, 22, 115, 28, 0, 4.81%, 0, 0, 3, 20284.45, 25049885, 205
1252, 87, 22, 115, 28, 0, 4.81%, 0, 0, 3, 25021.53, 25187720, 205
1257, 87, 22, 115, 28, 0, 4.81%, 0, 0, 3, 22923.10, 25300026, 205
1262, 88, 22, 115, 28, 0, 4.81%, 0, 0, 3, 22246.92, 25414161, 205
1267, 88, 22, 115, 28, 0, 4.81%, 0, 0, 3, 21791.96, 25524325, 205
1272, 88, 22, 115, 28, 0, 4.81%, 0, 0, 3, 22473.10, 25640933, 205
1278, 89, 22, 115, 28, 0, 4.81%, 0, 0, 3, 20173.48, 25741401, 205
1283, 89, 22, 115, 28, 0, 4.81%, 0, 0, 3, 22890.02, 25866148, 205
1288, 90, 48, 115, 28, 0, 4.81%, 0, 0, 3, 21195.37, 25968974, 205
1293, 90, 22, 115, 28, 0, 4.81%, 0, 0, 3, 22798.25, 26087541, 205
1298, 90, 22, 115, 28, 0, 4.81%, 0, 0, 3, 22171.35, 26197399, 205
1303, 91, 30, 115, 28, 0, 4.81%, 0, 0, 3, 20976.11, 26307585, 205
1308, 91, 22, 115, 28, 0, 4.81%, 0, 0, 3, 21023.92, 26410838, 205
1314, 92, 22, 115, 28, 0, 4.81%, 0, 0, 3, 26333.96, 26544084, 205
1319, 92, 22, 115, 28, 0, 4.81%, 0, 0, 3, 21984.78, 26652470, 205
1324, 92, 22, 115, 28, 0, 4.81%, 0, 0, 3, 21269.63, 26763600, 205
1329, 93, 22, 115, 28, 0, 4.81%, 0, 0, 3, 21523.81, 26873486, 205
1334, 93, 22, 115, 28, 0, 4.81%, 0, 0, 3, 22401.69, 26992813, 205
1339, 93, 22, 115, 28, 0, 4.81%, 0, 0, 3, 23284.73, 27108922, 205
1344, 94, 22, 115, 28, 0, 4.81%, 0, 0, 3, 23953.35, 27237559, 205
1350, 94, 22, 115, 28, 0, 4.81%, 0, 0, 3, 23355.04, 27353618, 205
1355, 95, 30, 115, 28, 0, 4.81%, 0, 0, 3, 21920.60, 27466533, 205
1360, 95, 22, 115, 28, 0, 4.81%, 0, 0, 3, 24653.39, 27596760, 205
1365, 96, 22, 115, 28, 0, 4.81%, 0, 0, 3, 20816.44, 27699982, 205
1370, 96, 22, 115, 28, 0, 4.81%, 0, 0, 3, 22173.14, 27813944, 205
1375, 96, 22, 115, 28, 0, 4.81%, 0, 0, 3, 20418.96, 27922806, 205
1380, 97, 22, 115, 28, 0, 4.81%, 0, 0, 3, 22218.29, 28038620, 205
1386, 97, 34, 115, 28, 0, 4.81%, 0, 0, 3, 21623.90, 28154270, 205
1391, 98, 30, 115, 28, 0, 4.81%, 0, 0, 3, 24821.20, 28282194, 205
1396, 98, 22, 115, 27, 0, 4.81%, 0, 0, 3, 21092.53, 28389239, 205
1401, 98, 22, 115, 27, 0, 4.81%, 0, 0, 3, 25795.09, 28519222, 205
1406, 99, 22, 115, 27, 0, 4.81%, 0, 0, 3, 21789.07, 28624313, 205
1411, 99, 22, 115, 27, 0, 4.81%, 0, 0, 3, 23696.86, 28748698, 205
1416, 100, 48, 115, 27, 0, 4.81%, 0, 0, 3, 22019.12, 28860245, 205
1422, 100, 22, 115, 27, 0, 4.81%, 0, 0, 3, 23000.68, 28978434, 205
1427, 100, 22, 115, 27, 0, 4.81%, 0, 0, 3, 20519.08, 29079274, 205
1432, 101, 22, 115, 27, 0, 4.81%, 0, 0, 3, 22587.74, 29198978, 205
1437, 101, 22, 115, 27, 0, 4.81%, 0, 0, 3, 21182.92, 29305727, 205
1442, 101, 22, 115, 27, 0, 4.81%, 0, 0, 3, 21575.19, 29409762, 205
1447, 102, 22, 115, 27, 0, 4.81%, 0, 0, 3, 21820.10, 29519135, 205
1453, 102, 22, 115, 27, 0, 4.81%, 0, 0, 3, 23368.00, 29644047, 205
1458, 103, 22, 115, 27, 0, 4.81%, 0, 0, 3, 22408.26, 29755420, 205
1463, 103, 30, 115, 27, 0, 4.81%, 0, 0, 3, 22530.58, 29873191, 205
1468, 103, 22, 115, 27, 0, 4.81%, 0, 0, 3, 21791.59, 29978568, 205
1473, 104, 22, 115, 27, 0, 4.81%, 0, 0, 3, 21535.57, 30089374, 205
1479, 104, 7, 115, 27, 0, 4.81%, 0, 0, 3, 23162.59, 30206864, 205
1484, 105, 22, 116, 27, 0, 4.81%, 0, 0, 3, 22091.25, 30321321, 205
1489, 105, 22, 116, 26, 0, 4.81%, 0, 0, 3, 20655.31, 30425373, 205
1494, 105, 22, 116, 26, 0, 4.81%, 0, 0, 3, 22229.43, 30544140, 205
1499, 106, 22, 116, 26, 0, 4.81%, 0, 0, 3, 22198.78, 30655613, 205
1504, 106, 22, 116, 26, 0, 4.81%, 0, 0, 3, 21275.89, 30768143, 205
1509, 107, 22, 116, 26, 0, 4.81%, 0, 0, 3, 23163.66, 30887607, 205
1515, 107, 22, 116, 26, 0, 4.81%, 0, 0, 3, 21025.91, 30995318, 205
1520, 107, 22, 116, 26, 0, 4.81%, 0, 0, 3, 23063.30, 31114062, 205
1525, 108, 22, 116, 25, 0, 4.81%, 0, 0, 3, 22963.85, 31228163, 205
1530, 108, 22, 116, 25, 0, 4.81%, 0, 0, 3, 22916.58, 31344162, 205
1535, 109, 22, 116, 25, 0, 4.81%, 0, 0, 3, 21289.69, 31456226, 205
1540, 109, 7, 116, 24, 0, 4.81%, 0, 0, 3, 19475.71, 31545619, 205
1545, 109, 22, 116, 24, 0, 4.81%, 0, 0, 3, 20070.52, 31654210, 205
1550, 110, 22, 116, 24, 0, 4.81%, 0, 0, 3, 22193.77, 31771892, 205
1555, 110, 24, 116, 24, 0, 4.81%, 0, 0, 3, 22192.59, 31899103, 205
1560, 111, 30, 116, 24, 0, 4.81%, 0, 0, 3, 23043.96, 32016225, 205
1566, 111, 22, 116, 24, 0, 4.81%, 0, 0, 3, 20683.25, 32124136, 205
1571, 111, 22, 116, 24, 0, 4.81%, 0, 0, 3, 22644.12, 32245537, 205
1576, 112, 22, 119, 27, 0, 4.81%, 0, 0, 3, 20471.43, 32346992, 205
1581, 112, 22, 119, 27, 0, 4.81%, 0, 0, 3, 23721.34, 32476231, 205
1586, 112, 22, 119, 27, 0, 4.81%, 0, 0, 3, 21417.17, 32587738, 205
1591, 113, 22, 119, 27, 0, 4.81%, 0, 0, 3, 23206.62, 32708444, 205
1597, 113, 31, 119, 27, 0, 4.81%, 0, 0, 3, 22189.92, 32826480, 205
1602, 114, 22, 119, 27, 0, 4.81%, 0, 0, 3, 23788.23, 32949446, 205
1607, 114, 22, 119, 26, 0, 4.81%, 0, 0, 3, 20159.25, 33046422, 205
1612, 114, 22, 119, 26, 0, 4.81%, 0, 0, 3, 23085.94, 33171196, 205
1617, 115, 103, 119, 26, 0, 4.81%, 0, 0, 3, 16562.18, 33259842, 205
1622, 115, 22, 119, 25, 0, 4.81%, 0, 0, 3, 21995.64, 33379383, 205
1627, 115, 3, 119, 25, 0, 4.81%, 0, 0, 3, 21545.47, 33488762, 205
1632, 116, 22, 119, 25, 0, 4.81%, 0, 0, 3, 25223.44, 33619714, 205
1638, 116, 22, 119, 25, 0, 4.81%, 0, 0, 3, 22104.28, 33728317, 205
1643, 117, 22, 119, 25, 0, 4.81%, 0, 0, 3, 23178.04, 33847801, 205
1648, 117, 22, 119, 25, 0, 4.81%, 0, 0, 3, 25010.86, 33976366, 205
1653, 118, 22, 119, 25, 0, 4.81%, 0, 0, 3, 23587.99, 34097320, 205
1658, 118, 22, 119, 25, 0, 4.81%, 0, 0, 3, 22570.94, 34208085, 205
1663, 118, 22, 119, 25, 0, 4.81%, 0, 0, 3, 22654.73, 34329003, 205
1668, 119, 22, 119, 25, 0, 4.81%, 0, 0, 3, 23087.33, 34445634, 205
1674, 119, 22, 119, 25, 0, 4.81%, 0, 0, 3, 23680.47, 34567122, 205
1679, 120, 22, 119, 25, 0, 4.81%, 0, 0, 3, 22742.11, 34683773, 205
1684, 120, 22, 119, 25, 0, 4.81%, 0, 0, 3, 22754.61, 34803672, 205
1689, 120, 7, 119, 25, 0, 4.81%, 0, 0, 3, 23778.87, 34924948, 205
1694, 121, 22, 119, 25, 0, 4.81%, 0, 0, 3, 23160.57, 35048207, 205
1699, 121, 22, 119, 25, 0, 4.81%, 0, 0, 3, 22779.44, 35163340, 205
1705, 122, 22, 119, 25, 0, 4.81%, 0, 0, 3, 22688.53, 35280566, 205
1710, 122, 22, 119, 25, 0, 4.81%, 0, 0, 3, 22268.25, 35394724, 205
1715, 122, 22, 119, 24, 0, 4.81%, 0, 0, 3, 22075.56, 35513384, 205
1720, 123, 22, 119, 24, 0, 4.81%, 0, 0, 3, 23096.66, 35629589, 205
1725, 123, 22, 119, 24, 0, 4.81%, 0, 0, 3, 20057.95, 35733183, 205
1730, 123, 22, 119, 24, 0, 4.81%, 0, 0, 3, 23549.11, 35852352, 205
1736, 124, 22, 119, 24, 0, 4.81%, 0, 0, 3, 20822.55, 35962948, 205
1741, 124, 22, 119, 24, 0, 4.81%, 0, 0, 3, 24067.58, 36087289, 205
1746, 125, 22, 119, 24, 0, 4.81%, 0, 0, 3, 22216.86, 36202588, 205
1751, 125, 3, 119, 24, 0, 4.81%, 0, 0, 3, 23037.26, 36322512, 205
1756, 125, 7, 119, 24, 0, 4.81%, 0, 0, 3, 21431.14, 36431092, 205
1761, 126, 22, 119, 24, 0, 4.81%, 0, 0, 3, 22670.92, 36547970, 205
1767, 126, 22, 119, 24, 0, 4.81%, 0, 0, 3, 19989.16, 36651000, 205
1772, 127, 22, 119, 23, 0, 4.81%, 0, 0, 3, 20144.10, 36744303, 205
1777, 127, 22, 119, 23, 0, 4.81%, 0, 0, 3, 20998.44, 36849767, 205
1782, 127, 22, 119, 23, 0, 4.81%, 0, 0, 3, 22536.96, 36968224, 205
1787, 128, 22, 119, 23, 0, 4.81%, 0, 0, 3, 19602.95, 37061377, 205
1792, 128, 48, 119, 23, 0, 4.81%, 0, 0, 3, 21459.79, 37171776, 205
1797, 128, 22, 119, 23, 0, 4.81%, 0, 0, 3, 22247.55, 37284721, 205
1802, 129, 38, 119, 22, 0, 4.81%, 0, 0, 3, 21384.25, 37392205, 205
1808, 129, 22, 119, 22, 0, 4.81%, 0, 0, 3, 20813.04, 37497986, 205
1813, 129, 22, 119, 22, 0, 4.81%, 0, 0, 3, 22782.72, 37618458, 205
1818, 130, 7, 119, 22, 0, 4.81%, 0, 0, 3, 23783.97, 37733299, 205
1823, 130, 48, 119, 22, 0, 4.81%, 0, 0, 3, 24461.22, 37856123, 205
1828, 131, 22, 119, 22, 0, 4.81%, 0, 0, 3, 23696.46, 37974072, 205
1833, 131, 30, 119, 22, 0, 4.81%, 0, 0, 3, 22822.88, 38091189, 205
1839, 131, 22, 119, 22, 0, 4.81%, 0, 0, 3, 22266.33, 38200569, 205
1844, 132, 22, 119, 22, 0, 4.81%, 0, 0, 3, 20406.85, 38307745, 205
1849, 132, 22, 119, 22, 0, 4.81%, 0, 0, 3, 21307.29, 38413037, 205
1854, 133, 22, 119, 22, 0, 4.81%, 0, 0, 3, 23026.70, 38535038, 205
1859, 133, 22, 119, 22, 0, 4.81%, 0, 0, 3, 22642.97, 38647148, 205
1864, 133, 22, 119, 22, 0, 4.81%, 0, 0, 3, 24006.78, 38770266, 205
1869, 134, 22, 119, 22, 0, 4.81%, 0, 0, 3, 22410.89, 38876352, 205
1874, 134, 48, 119, 22, 0, 4.81%, 0, 0, 3, 22618.54, 38993898, 205
1880, 134, 7, 119, 22, 0, 4.81%, 0, 0, 3, 22642.17, 39107617, 205
1885, 135, 7, 119, 22, 0, 4.81%, 0, 0, 3, 20385.03, 39212433, 205
1890, 135, 22, 119, 22, 0, 4.81%, 0, 0, 3, 22937.67, 39330085, 205
1895, 136, 48, 119, 22, 0, 4.81%, 0, 0, 3, 21017.18, 39436698, 205
1900, 136, 22, 119, 22, 0, 4.81%, 0, 0, 3, 24571.45, 39558069, 205
1905, 136, 7, 119, 22, 0, 4.81%, 0, 0, 3, 20035.13, 39661153, 205
1910, 137, 48, 119, 22, 0, 4.81%, 0, 0, 3, 22929.00, 39780568, 205
1915, 137, 22, 119, 22, 0, 4.81%, 0, 0, 3, 20493.14, 39888242, 205
1920, 138, 22, 119, 21, 0, 4.81%, 0, 0, 3, 22541.87, 40005932, 205
1925, 138, 22, 119, 21, 0, 4.81%, 0, 0, 3, 20274.31, 40106835, 205
1930, 138, 22, 119, 21, 0, 4.81%, 0, 0, 3, 22857.18, 40222038, 205
1936, 139, 30, 119, 21, 0, 4.81%, 0, 0, 3, 20356.82, 40328103, 205
1941, 139, 22, 119, 21, 0, 4.81%, 0, 0, 3, 22828.19, 40446000, 205
1946, 139, 22, 119, 21, 0, 4.81%, 0, 0, 3, 21182.60, 40555588, 205
1951, 140, 22, 119, 21, 0, 4.81%, 0, 0, 3, 23547.04, 40675178, 205
1956, 140, 22, 119, 21, 0, 4.81%, 0, 0, 3, 21095.77, 40780706, 205
1961, 141, 22, 119, 21, 0, 4.81%, 0, 0, 3, 24877.12, 40909462, 205
1966, 141, 22, 119, 21, 0, 4.81%, 0, 0, 3, 19677.05, 41003092, 205
1971, 141, 22, 119, 21, 0, 4.81%, 0, 0, 3, 23964.13, 41130439, 205
1977, 142, 30, 119, 21, 0, 4.81%, 0, 0, 3, 23181.45, 41242950, 205
1982, 142, 48, 119, 21, 0, 4.81%, 0, 0, 3, 23644.57, 41369470, 205
1987, 143, 22, 119, 21, 0, 4.81%, 0, 0, 3, 23446.40, 41485472, 205
1992, 143, 104, 119, 21, 0, 4.81%, 0, 0, 3, 21520.64, 41596839, 205
1997, 143, 22, 119, 20, 0, 4.81%, 0, 0, 3, 18912.47, 41675019, 205
2002, 144, 22, 119, 20, 0, 4.81%, 0, 0, 3, 25338.71, 41812440, 205
2007, 144, 49, 119, 19, 0, 4.81%, 0, 0, 3, 22696.72, 41920855, 205
2012, 144, 22, 119, 19, 0, 4.81%, 0, 0, 3, 23019.73, 42038174, 205
2017, 145, 22, 119, 19, 0, 4.81%, 0, 0, 3, 23095.28, 42150318, 205
2023, 145, 22, 119, 19, 0, 4.81%, 0, 0, 3, 22877.85, 42271452, 205
2028, 146, 22, 119, 19, 0, 4.81%, 0, 0, 3, 22348.84, 42377289, 205
2033, 146, 7, 119, 19, 0, 4.81%, 0, 0, 3, 24603.88, 42505402, 205
2038, 146, 22, 119, 19, 0, 4.81%, 0, 0, 3, 21746.29, 42605141, 205
2043, 147, 22, 119, 19, 0, 4.81%, 0, 0, 3, 22775.08, 42722852, 205
2048, 147, 22, 119, 19, 0, 4.81%, 0, 0, 3, 22449.60, 42835524, 205
2053, 148, 22, 119, 19, 0, 4.81%, 0, 0, 3, 22167.53, 42951026, 205
2058, 148, 22, 119, 19, 0, 4.81%, 0, 0, 3, 23807.87, 43073957, 205
2064, 148, 22, 119, 19, 0, 4.81%, 0, 0, 3, 22882.81, 43193946, 205
2069, 149, 22, 119, 19, 0, 4.81%, 0, 0, 3, 21999.33, 43306065, 205
2074, 149, 22, 119, 19, 0, 4.81%, 0, 0, 3, 21864.31, 43422345, 205
2079, 150, 3, 119, 19, 0, 4.81%, 0, 0, 3, 21243.34, 43528110, 205
2084, 150, 22, 119, 19, 0, 4.81%, 0, 0, 3, 20299.64, 43637744, 205
2089, 150, 22, 119, 19, 0, 4.81%, 0, 0, 3, 24438.44, 43755936, 205
2095, 151, 22, 119, 19, 0, 4.81%, 0, 0, 3, 23676.99, 43884762, 205
2100, 151, 22, 119, 19, 0, 4.81%, 0, 0, 3, 25183.56, 44012833, 205
2105, 152, 22, 119, 19, 0, 4.81%, 0, 0, 3, 21417.54, 44123360, 205
2110, 152, 22, 119, 19, 0, 4.81%, 0, 0, 3, 23313.48, 44246651, 205
2115, 152, 22, 119, 19, 0, 4.81%, 0, 0, 3, 19526.75, 44350090, 205
2120, 153, 22, 119, 19, 0, 4.81%, 0, 0, 3, 23071.62, 44470916, 205
2126, 153, 22, 119, 19, 0, 4.81%, 0, 0, 3, 20757.98, 44578061, 205
2131, 154, 22, 119, 19, 0, 4.81%, 0, 0, 3, 23913.91, 44710633, 205
2136, 154, 22, 119, 19, 0, 4.81%, 0, 0, 3, 19957.62, 44811341, 205
2141, 155, 22, 119, 19, 0, 4.81%, 0, 0, 3, 23216.19, 44935410, 205
2146, 155, 22, 119, 19, 0, 4.81%, 0, 0, 3, 20040.13, 45035250, 205
2151, 155, 22, 119, 19, 0, 4.81%, 0, 0, 3, 21830.84, 45152070, 205
2156, 156, 22, 119, 19, 0, 4.81%, 0, 0, 3, 21112.84, 45260783, 205
2162, 156, 3, 119, 19, 0, 4.81%, 0, 0, 3, 24169.24, 45393282, 205
2167, 156, 22, 119, 19, 0, 4.81%, 0, 0, 3, 22348.47, 45508523, 205
2172, 157, 22, 119, 19, 0, 4.81%, 0, 0, 3, 23174.56, 45625616, 205
2177, 157, 22, 119, 19, 0, 4.81%, 0, 0, 3, 22902.87, 45738452, 205
2182, 158, 7, 119, 19, 0, 4.81%, 0, 0, 3, 23024.16, 45855981, 205
2187, 158, 22, 119, 19, 0, 4.81%, 0, 0, 3, 22192.92, 45964554, 205
2193, 158, 31, 119, 19, 0, 4.81%, 0, 0, 3, 23302.18, 46082663, 205
2198, 159, 22, 119, 19, 0, 4.81%, 0, 0, 3, 22659.69, 46195250, 205
2203, 159, 22, 119, 19, 0, 4.81%, 0, 0, 3, 21492.57, 46306188, 205
2208, 160, 22, 119, 19, 0, 4.81%, 0, 0, 3, 20979.70, 46410913, 205
2213, 160, 22, 119, 19, 0, 4.81%, 0, 0, 3, 23570.46, 46535280, 205
2218, 160, 30, 119, 19, 0, 4.81%, 0, 0, 3, 21182.23, 46638431, 205
2224, 161, 30, 119, 19, 0, 4.81%, 0, 0, 3, 22381.57, 46757754, 205
2229, 161, 22, 119, 19, 0, 4.81%, 0, 0, 3, 21722.03, 46861468, 205
2234, 162, 22, 119, 19, 0, 4.81%, 0, 0, 3, 21714.77, 46975614, 205
2239, 162, 22, 119, 19, 0, 4.81%, 0, 0, 3, 21431.84, 47084566, 205
2244, 162, 30, 119, 19, 0, 4.81%, 0, 0, 3, 24823.70, 47209013, 205
2249, 163, 22, 119, 19, 0, 4.81%, 0, 0, 3, 22674.17, 47318843, 205
2254, 163, 30, 119, 19, 0, 4.81%, 0, 0, 3, 21320.60, 47427372, 205
2259, 163, 22, 119, 19, 0, 4.81%, 0, 0, 3, 22090.68, 47540151, 205
2264, 164, 30, 119, 19, 0, 4.81%, 0, 0, 3, 21061.72, 47649646, 205
2269, 164, 22, 119, 19, 0, 4.81%, 0, 0, 3, 21936.39, 47756429, 205
2274, 165, 22, 119, 19, 0, 4.81%, 0, 0, 3, 21568.50, 47869975, 205
2280, 165, 22, 119, 19, 0, 4.81%, 0, 0, 3, 23878.60, 47989500, 205
2285, 165, 22, 119, 19, 0, 4.81%, 0, 0, 3, 21183.24, 48097240, 205
2290, 166, 22, 119, 19, 0, 4.81%, 0, 0, 3, 22169.33, 48209045, 205
2295, 166, 22, 119, 19, 0, 4.81%, 0, 0, 3, 23444.62, 48335173, 205
2300, 167, 22, 119, 19, 0, 4.81%, 0, 0, 3, 24124.55, 48455390, 205
2305, 167, 22, 119, 19, 0, 4.81%, 0, 0, 3, 21235.91, 48565766, 205
2311, 167, 22, 119, 19, 0, 4.81%, 0, 0, 3, 22159.56, 48678970, 205
2316, 168, 22, 119, 19, 0, 4.81%, 0, 0, 3, 20881.14, 48787820, 205
2321, 168, 22, 119, 19, 0, 4.81%, 0, 0, 3, 22058.90, 48900220, 205
2326, 169, 22, 119, 19, 0, 4.81%, 0, 0, 3, 19684.35, 49000907, 205
2331, 169, 31, 119, 19, 0, 4.81%, 0, 0, 3, 22130.70, 49115498, 205
2336, 169, 22, 119, 19, 0, 4.81%, 0, 0, 3, 21659.22, 49231189, 205
2341, 170, 24, 119, 19, 0, 4.81%, 0, 0, 3, 22722.17, 49348511, 205
2347, 170, 22, 119, 19, 0, 4.81%, 0, 0, 3, 21808.43, 49458410, 205
2352, 171, 102, 119, 19, 0, 4.81%, 0, 0, 3, 18291.21, 49557452, 205
2357, 171, 22, 119, 18, 0, 4.81%, 0, 0, 3, 19603.44, 49654227, 205
2362, 171, 22, 119, 18, 0, 4.81%, 0, 0, 3, 22673.91, 49776997, 205
2367, 172, 22, 119, 18, 0, 4.81%, 0, 0, 3, 22298.21, 49888895, 205
2372, 172, 22, 119, 18, 0, 4.81%, 0, 0, 3, 23240.69, 50010550, 205
2377, 172, 7, 119, 18, 0, 4.81%, 0, 0, 3, 22789.45, 50126041, 205
2382, 173, 22, 119, 18, 0, 4.81%, 0, 0, 3, 22742.83, 50247764, 205
2388, 173, 22, 119, 18, 0, 4.81%, 0, 0, 3, 20705.10, 50348318, 205
2393, 174, 22, 119, 18, 0, 4.81%, 0, 0, 3, 21521.65, 50459995, 205
2398, 174, 22, 119, 18, 0, 4.81%, 0, 0, 3, 21287.85, 50567336, 205
2403, 174, 34, 119, 17, 0, 4.81%, 0, 0, 3, 21867.57, 50677281, 205
2408, 175, 22, 119, 17, 0, 4.81%, 0, 0, 3, 21742.94, 50790721, 205
2414, 175, 22, 119, 17, 0, 4.81%, 0, 0, 3, 21541.56, 50903314, 205
2419, 176, 22, 119, 17, 0, 4.81%, 0, 0, 3, 22956.84, 51015250, 205
2424, 176, 22, 119, 17, 0, 4.81%, 0, 0, 3, 21497.49, 51131489, 205
2429, 176, 3, 119, 17, 0, 4.81%, 0, 0, 3, 21530.73, 51239173, 205
2434, 177, 22, 119, 17, 0, 4.81%, 0, 0, 3, 22727.25, 51358820, 205
2439, 177, 22, 119, 17, 0, 4.81%, 0, 0, 3, 22368.28, 51471921, 205
2444, 178, 22, 119, 17, 0, 4.81%, 0, 0, 3, 21952.88, 51590099, 205
2450, 178, 22, 119, 17, 0, 4.81%, 0, 0, 3, 24295.28, 51715426, 205
2455, 178, 22, 119, 17, 0, 4.81%, 0, 0, 3, 23652.70, 51837280, 205
2460, 179, 22, 119, 17, 0, 4.81%, 0, 0, 3, 23455.60, 51956788, 205
2465, 179, 22, 119, 17, 0, 4.81%, 0, 0, 3, 20004.94, 52051742, 205
2470, 180, 3, 119, 17, 0, 4.81%, 0, 0, 3, 21855.43, 52165960, 205
2475, 180, 22, 119, 17, 0, 4.81%, 0, 0, 3, 17928.65, 52250505, 205
2480, 180, 22, 119, 17, 0, 4.81%, 0, 0, 3, 20901.61, 52362247, 205
2486, 181, 22, 119, 16, 0, 4.81%, 0, 0, 3, 18322.93, 52457428, 205
2491, 181, 22, 119, 16, 0, 4.81%, 0, 0, 3, 22115.27, 52575231, 205
2496, 181, 22, 119, 15, 0, 4.81%, 0, 0, 3, 22574.40, 52693696, 205
2501, 182, 22, 119, 15, 0, 4.81%, 0, 0, 3, 24053.92, 52822037, 205
2506, 182, 22, 119, 15, 0, 4.81%, 0, 0, 3, 20091.91, 52922216, 205
2511, 183, 30, 119, 15, 0, 4.81%, 0, 0, 3, 22025.77, 53045744, 205
2517, 183, 22, 119, 15, 0, 4.81%, 0, 0, 3, 5009.86, 53111318, 205
2522, 183, 22, 119, 15, 0, 4.81%, 0, 0, 3, 11918.94, 53178170, 205
2527, 183, 22, 119, 15, 0, 4.81%, 0, 0, 3, 15902.96, 53263046, 205
2532, 184, 22, 119, 15, 0, 4.81%, 0, 0, 3, 22031.24, 53377735, 205
2537, 184, 22, 119, 15, 0, 4.81%, 0, 0, 3, 19635.34, 53472316, 205
2542, 184, 7, 119, 14, 0, 4.81%, 0, 0, 3, 19490.38, 53571139, 205
2547, 185, 22, 119, 14, 0, 4.81%, 0, 0, 3, 18982.48, 53666762, 205
2553, 185, 22, 119, 14, 0, 4.81%, 0, 0, 3, 21214.74, 53778668, 205
2558, 185, 22, 119, 14, 0, 4.81%, 0, 0, 3, 20047.60, 53878156, 205
2563, 186, 30, 119, 14, 0, 4.81%, 0, 0, 3, 19568.46, 53976604, 205
2568, 186, 22, 119, 14, 0, 4.81%, 0, 0, 3, 15527.77, 54047360, 205
2573, 186, 30, 119, 14, 0, 4.81%, 0, 0, 3, 17689.40, 54140657, 205
2578, 187, 22, 119, 14, 0, 4.81%, 0, 0, 3, 14154.08, 54212166, 205
2583, 187, 7, 119, 14, 0, 4.81%, 0, 0, 3, 17008.39, 54297744, 205
2588, 187, 22, 119, 14, 0, 4.81%, 0, 0, 3, 20151.24, 54398561, 205
2593, 188, 22, 119, 14, 0, 4.81%, 0, 0, 3, 21267.84, 54499488, 205
2598, 188, 22, 119, 14, 0, 4.81%, 0, 0, 3, 19832.50, 54593479, 205
2604, 188, 22, 119, 13, 0, 4.81%, 0, 0, 3, 19319.92, 54693995, 205
2609, 189, 22, 119, 13, 0, 4.81%, 0, 0, 3, 16074.26, 54777048, 205
2614, 189, 22, 119, 13, 0, 4.81%, 0, 0, 3, 14652.15, 54845283, 205
2619, 189, 22, 119, 13, 0, 4.81%, 0, 0, 3, 20049.72, 54949517, 205
2624, 189, 22, 119, 13, 0, 4.81%, 0, 0, 3, 20362.72, 55066216, 205
2629, 190, 22, 119, 13, 0, 4.81%, 0, 0, 3, 21062.93, 55172858, 205
2635, 190, 22, 119, 13, 0, 4.81%, 0, 0, 3, 21579.96, 55289204, 205
2640, 191, 22, 119, 13, 0, 4.81%, 0, 0, 3, 21378.39, 55397817, 205
2645, 191, 22, 119, 13, 0, 4.81%, 0, 0, 3, 18264.93, 55488799, 205
2650, 191, 22, 119, 13, 0, 4.81%, 0, 0, 3, 17361.57, 55568923, 205
2655, 191, 7, 119, 13, 0, 4.81%, 0, 0, 3, 15252.08, 55647514, 205
2660, 192, 22, 119, 13, 0, 4.81%, 0, 0, 3, 17222.25, 55732724, 205
2665, 192, 30, 119, 13, 0, 4.81%, 0, 0, 3, 18421.22, 55831819, 205
2670, 193, 31, 119, 13, 0, 4.81%, 0, 0, 3, 22435.07, 55945768, 205
2676, 193, 7, 119, 13, 0, 4.81%, 0, 0, 3, 18537.63, 56038733, 205
2681, 193, 30, 119, 12, 0, 4.81%, 0, 0, 3, 17790.05, 56131522, 205
2686, 193, 22, 119, 12, 0, 4.81%, 0, 0, 3, 17654.99, 56224756, 205
2691, 194, 22, 119, 12, 0, 4.81%, 0, 0, 3, 18476.61, 56322748, 205
2696, 194, 22, 119, 12, 0, 4.81%, 0, 0, 3, 16499.44, 56402085, 205
2701, 194, 22, 119, 12, 0, 4.81%, 0, 0, 3, 20872.95, 56509253, 205
2706, 195, 22, 119, 12, 0, 4.81%, 0, 0, 3, 18801.52, 56605536, 205
2711, 195, 22, 119, 12, 0, 4.81%, 0, 0, 3, 15357.43, 56683971, 205
2716, 195, 22, 119, 12, 0, 4.81%, 0, 0, 3, 17325.11, 56764536, 205
2721, 196, 22, 119, 12, 0, 4.81%, 0, 0, 3, 16796.98, 56845890, 205
2726, 196, 22, 119, 12, 0, 4.81%, 0, 0, 3, 15413.69, 56929708, 205
2732, 196, 22, 119, 12, 0, 4.81%, 0, 0, 3, 15591.36, 57009900, 205
2737, 197, 22, 119, 12, 0, 4.81%, 0, 0, 3, 18153.89, 57107672, 205
2742, 197, 22, 119, 12, 0, 4.81%, 0, 0, 3, 21964.04, 57225364, 205
2747, 197, 22, 119, 12, 0, 4.81%, 0, 0, 3, 19256.55, 57322406, 205
2752, 198, 22, 119, 12, 0, 4.81%, 0, 0, 3, 22109.67, 57432351, 205
2757, 198, 22, 119, 12, 0, 4.81%, 0, 0, 3, 18583.88, 57530424, 205
2763, 198, 34, 119, 12, 0, 4.81%, 0, 0, 3, 17113.09, 57610932, 205
2768, 199, 7, 119, 12, 0, 4.81%, 0, 0, 3, 21316.17, 57715133, 205
2773, 199, 22, 119, 12, 0, 4.81%, 0, 0, 3, 20265.77, 57820048, 205
2778, 199, 7, 119, 12, 0, 4.81%, 0, 0, 3, 19593.76, 57916826, 205
2783, 200, 30, 119, 12, 0, 4.81%, 0, 0, 3, 18302.28, 58011211, 205
2788, 200, 22, 119, 12, 0, 4.81%, 0, 0, 3, 19039.85, 58109603, 205
2794, 200, 22, 119, 12, 0, 4.81%, 0, 0, 3, 19022.31, 58206347, 205
2799, 201, 30, 119, 12, 0, 4.81%, 0, 0, 3, 21536.29, 58317357, 205
2804, 201, 30, 119, 12, 0, 4.81%, 0, 0, 3, 19668.03, 58419643, 205
2809, 201, 22, 119, 12, 0, 4.81%, 0, 0, 3, 20309.40, 58522801, 205
2814, 202, 34, 119, 12, 0, 4.81%, 0, 0, 3, 22374.33, 58645170, 205
2819, 202, 3, 119, 12, 0, 4.81%, 0, 0, 3, 21365.90, 58750824, 205
2825, 203, 22, 119, 12, 0, 4.81%, 0, 0, 3, 22821.65, 58867328, 205
2830, 203, 22, 119, 12, 0, 4.81%, 0, 0, 3, 21769.21, 58977242, 205
2835, 203, 22, 119, 12, 0, 4.81%, 0, 0, 3, 21202.56, 59088577, 205
2840, 204, 22, 119, 11, 0, 4.81%, 0, 0, 3, 20919.92, 59192706, 205
2845, 204, 22, 119, 11, 0, 4.81%, 0, 0, 3, 20967.57, 59301715, 205
2850, 205, 30, 119, 11, 0, 4.81%, 0, 0, 3, 21375.65, 59413440, 205
2855, 205, 34, 119, 11, 0, 4.81%, 0, 0, 3, 21580.57, 59527606, 205
2860, 205, 22, 119, 11, 0, 4.81%, 0, 0, 3, 22050.83, 59642589, 205
2866, 206, 22, 119, 11, 0, 4.81%, 0, 0, 3, 18959.88, 59739945, 205
2871, 206, 30, 119, 11, 0, 4.81%, 0, 0, 3, 21902.05, 59853106, 205
2876, 206, 22, 119, 11, 0, 4.81%, 0, 0, 3, 20838.10, 59965224, 205
2881, 207, 22, 119, 11, 0, 4.81%, 0, 0, 3, 23968.82, 60090444, 205
2886, 207, 22, 119, 11, 0, 4.81%, 0, 0, 3, 21762.18, 60204876, 205
2891, 208, 22, 119, 11, 0, 4.81%, 0, 0, 3, 21861.74, 60318242, 205
2896, 208, 22, 119, 11, 0, 4.81%, 0, 0, 3, 20597.87, 60427503, 205
2901, 208, 30, 119, 11, 0, 4.81%, 0, 0, 3, 22616.89, 60549089, 205
2907, 209, 34, 119, 11, 0, 4.81%, 0, 0, 3, 20643.11, 60652107, 205
2912, 209, 30, 119, 11, 0, 4.81%, 0, 0, 3, 20085.98, 60755769, 205
2917, 210, 22, 119, 11, 0, 4.81%, 0, 0, 3, 19935.85, 60859259, 205
2922, 210, 22, 119, 11, 0, 4.81%, 0, 0, 3, 21135.43, 60971166, 205
2927, 210, 30, 119, 11, 0, 4.81%, 0, 0, 3, 19019.59, 61060205, 205
2932, 211, 30, 119, 11, 0, 4.81%, 0, 0, 3, 22880.56, 61178099, 205
2937, 211, 30, 119, 11, 0, 4.81%, 0, 0, 3, 22091.99, 61297171, 205
2943, 211, 22, 119, 11, 0, 4.81%, 0, 0, 3, 21564.59, 61407248, 205
2948, 212, 22, 119, 11, 0, 4.81%, 0, 0, 3, 21965.67, 61516516, 205
2953, 212, 22, 119, 11, 0, 4.81%, 0, 0, 3, 23254.84, 61638886, 205
2958, 213, 30, 119, 11, 0, 4.81%, 0, 0, 3, 21512.30, 61744125, 205
2963, 213, 22, 119, 11, 0, 4.81%, 0, 0, 3, 21906.15, 61854251, 205
2968, 213, 30, 119, 11, 0, 4.81%, 0, 0, 3, 20263.12, 61955595, 205
2973, 214, 22, 119, 11, 0, 4.81%, 0, 0, 3, 23464.70, 62076511, 205
2978, 214, 48, 119, 11, 0, 4.81%, 0, 0, 3, 22327.75, 62185738, 205
2983, 215, 22, 119, 11, 0, 4.81%, 0, 0, 3, 20440.87, 62294066, 205
2989, 215, 22, 119, 11, 0, 4.81%, 0, 0, 3, 20501.25, 62395201, 205
2994, 215, 22, 119, 11, 0, 4.81%, 0, 0, 3, 22937.26, 62520227, 205
2999, 216, 22, 119, 11, 0, 4.81%, 0, 0, 3, 22129.55, 62629525, 205
3004, 216, 22, 119, 11, 0, 4.81%, 0, 0, 3, 21689.34, 62739277, 205
3009, 216, 31, 119, 11, 0, 4.81%, 0, 0, 3, 23745.01, 62859091, 205
3014, 217, 22, 119, 11, 0, 4.81%, 0, 0, 3, 22345.78, 62972900, 205
3019, 217, 22, 119, 11, 0, 4.81%, 0, 0, 3, 21206.54, 63078714, 205
3024, 217, 30, 119, 11, 0, 4.81%, 0, 0, 3, 15387.22, 63149770, 205
3030, 218, 22, 119, 11, 0, 4.81%, 0, 0, 3, 18354.53, 63247508, 205
3035, 218, 22, 119, 11, 0, 4.81%, 0, 0, 3, 17340.48, 63337673, 205
3040, 218, 22, 119, 11, 0, 4.81%, 0, 0, 3, 19127.04, 63436417, 205
3045, 219, 22, 119, 11, 0, 4.81%, 0, 0, 3, 17072.53, 63524458, 205
3050, 219, 22, 119, 11, 0, 4.81%, 0, 0, 3, 20018.85, 63626035, 205
3055, 219, 22, 119, 11, 0, 4.81%, 0, 0, 3, 17589.28, 63716946, 205
3061, 220, 22, 119, 11, 0, 4.81%, 0, 0, 3, 18484.06, 63809737, 205
3066, 220, 22, 119, 11, 0, 4.81%, 0, 0, 3, 17014.44, 63897565, 205
3071, 220, 105, 119, 11, 0, 4.81%, 0, 0, 3, 11497.82, 63954543, 205
3076, 221, 22, 119, 10, 0, 4.81%, 0, 0, 3, 18188.75, 64062133, 205
3081, 221, 22, 119, 10, 0, 4.81%, 0, 0, 3, 20215.24, 64165572, 205
3086, 221, 22, 119, 10, 0, 4.81%, 0, 0, 3, 16193.39, 64244661, 205
3091, 222, 22, 119, 10, 0, 4.81%, 0, 0, 3, 19666.71, 64353216, 205
3096, 222, 7, 119, 10, 0, 4.81%, 0, 0, 3, 20159.12, 64458334, 205
3102, 222, 30, 119, 10, 0, 4.81%, 0, 0, 3, 20815.53, 64566951, 205
3107, 223, 22, 119, 10, 0, 4.81%, 0, 0, 3, 20664.11, 64667957, 205
3112, 223, 30, 119, 10, 0, 4.81%, 0, 0, 3, 21876.04, 64782287, 205
3117, 223, 22, 119, 10, 0, 4.81%, 0, 0, 3, 16982.51, 64861395, 205
3122, 224, 22, 119, 10, 0, 4.81%, 0, 0, 3, 15746.66, 64942313, 205
3128, 224, 22, 119, 10, 0, 4.81%, 0, 0, 3, 17612.51, 65024560, 205
3133, 224, 22, 119, 10, 0, 4.81%, 0, 0, 3, 21663.35, 65140118, 205
3138, 225, 22, 119, 10, 0, 4.81%, 0, 0, 3, 19704.31, 65235258, 205
3143, 225, 22, 119, 10, 0, 4.81%, 0, 0, 3, 21532.50, 65348246, 205
3148, 225, 22, 119, 10, 0, 4.81%, 0, 0, 3, 19355.02, 65444771, 205
3153, 226, 22, 119, 10, 0, 4.81%, 0, 0, 3, 21284.88, 65555570, 205
3158, 226, 22, 119, 10, 0, 4.81%, 0, 0, 3, 17456.01, 65633173, 205
3163, 226, 22, 119, 10, 0, 4.81%, 0, 0, 3, 15111.91, 65712282, 205
3169, 227, 7, 119, 10, 0, 4.81%, 0, 0, 3, 17369.26, 65798698, 205
3174, 227, 22, 119, 10, 0, 4.81%, 0, 0, 3, 14414.77, 65873707, 205
3179, 227, 22, 119, 9, 0, 4.81%, 0, 0, 3, 12070.02, 65938461, 205
3184, 227, 30, 119, 9, 0, 4.81%, 0, 0, 3, 19089.14, 66046094, 205
3189, 228, 22, 119, 9, 0, 4.81%, 0, 0, 3, 18498.56, 66139519, 205
3194, 228, 22, 119, 9, 0, 4.81%, 0, 0, 3, 19198.78, 66237225, 205
3199, 228, 7, 119, 9, 0, 4.81%, 0, 0, 3, 19236.07, 66334805, 205
3205, 229, 22, 119, 9, 0, 4.81%, 0, 0, 3, 19621.14, 66440528, 205
3210, 229, 22, 119, 9, 0, 4.81%, 0, 0, 3, 20232.71, 66542411, 205
3215, 229, 22, 119, 9, 0, 4.81%, 0, 0, 3, 19754.47, 66644135, 205
3220, 230, 30, 119, 9, 0, 4.81%, 0, 0, 3, 17907.45, 66740284, 205
3225, 230, 22, 119, 9, 0, 4.81%, 0, 0, 3, 15203.42, 66814221, 205
3230, 230, 22, 119, 9, 0, 4.81%, 0, 0, 3, 17871.96, 66906550, 205
3235, 231, 34, 119, 9, 0, 4.81%, 0, 0, 3, 19381.17, 67005405, 205
3240, 231, 22, 119, 9, 0, 4.81%, 0, 0, 3, 16030.72, 67081250, 205
3245, 231, 22, 119, 9, 0, 4.81%, 0, 0, 3, 18744.56, 67182901, 205
3250, 232, 22, 119, 9, 0, 4.81%, 0, 0, 3, 20228.46, 67286924, 205
3256, 232, 22, 119, 9, 0, 4.81%, 0, 0, 3, 17691.29, 67379862, 205
3261, 232, 22, 119, 9, 0, 4.81%, 0, 0, 3, 22415.25, 67498328, 205
3266, 233, 22, 119, 9, 0, 4.81%, 0, 0, 3, 20113.21, 67603394, 205
3271, 233, 22, 119, 9, 0, 4.81%, 0, 0, 3, 21699.74, 67719394, 205
3276, 234, 22, 119, 9, 0, 4.81%, 0, 0, 3, 20813.62, 67825537, 205
3281, 234, 24, 119, 9, 0, 4.81%, 0, 0, 3, 22775.91, 67946297, 205
3286, 234, 34, 119, 9, 0, 4.81%, 0, 0, 3, 19402.02, 68041610, 205
3292, 235, 22, 119, 9, 0, 4.81%, 0, 0, 3, 21227.94, 68153369, 205
3297, 235, 22, 119, 9, 0, 4.81%, 0, 0, 3, 20186.21, 68258047, 205
3302, 235, 22, 119, 9, 0, 4.81%, 0, 0, 3, 21285.27, 68365825, 205
3307, 236, 22, 119, 9, 0, 4.81%, 0, 0, 3, 17938.94, 68448220, 205
3312, 236, 22, 119, 9, 0, 4.81%, 0, 0, 3, 18426.10, 68547906, 205
3317, 236, 22, 119, 9, 0, 4.81%, 0, 0, 3, 15575.58, 68621471, 205
3322, 237, 7, 119, 9, 0, 4.81%, 0, 0, 3, 18082.44, 68718995, 205
3328, 237, 31, 119, 9, 0, 4.81%, 0, 0, 3, 17854.52, 68809673, 205
3333, 237, 22, 119, 9, 0, 4.81%, 0, 0, 3, 20269.85, 68919739, 205
3338, 238, 22, 119, 9, 0, 4.81%, 0, 0, 3, 18400.73, 69007578, 205
3343, 238, 30, 119, 9, 0, 4.81%, 0, 0, 3, 23415.24, 69133216, 205
3348, 238, 22, 119, 9, 0, 4.81%, 0, 0, 3, 18934.35, 69221604, 205
3353, 239, 30, 119, 9, 0, 4.81%, 0, 0, 3, 18757.48, 69316327, 205
3359, 239, 22, 119, 9, 0, 4.81%, 0, 0, 3, 20114.77, 69413919, 205
3364, 239, 22, 119, 9, 0, 4.81%, 0, 0, 3, 18655.01, 69506745, 205
3369, 240, 7, 119, 9, 0, 4.81%, 0, 0, 3, 20128.30, 69601506, 205
3374, 240, 22, 119, 9, 0, 4.81%, 0, 0, 3, 21604.73, 69712763, 205
3379, 240, 22, 119, 9, 0, 4.81%, 0, 0, 3, 20863.65, 69816339, 205
3384, 241, 22, 119, 9, 0, 4.81%, 0, 0, 3, 21598.93, 69930627, 205
3389, 241, 30, 119, 9, 0, 4.81%, 0, 0, 3, 21109.81, 70036035, 205
3394, 242, 24, 119, 9, 0, 4.81%, 0, 0, 3, 23103.11, 70155063, 205
3399, 242, 22, 119, 9, 0, 4.81%, 0, 0, 3, 22500.72, 70265458, 205
3404, 242, 22, 119, 9, 0, 4.81%, 0, 0, 3, 15160.59, 70335411, 205
3410, 243, 22, 119, 9, 0, 4.81%, 0, 0, 3, 16907.11, 70423227, 205
3415, 243, 112, 119, 9, 0, 4.81%, 0, 0, 3, 16721.31, 70507967, 205
3420, 243, 22, 119, 8, 0, 4.81%, 0, 0, 3, 17781.41, 70598322, 205
3425, 243, 34, 119, 8, 0, 4.81%, 0, 0, 3, 17272.23, 70683734, 205
3430, 244, 22, 119, 8, 0, 4.81%, 0, 0, 3, 15711.67, 70766697, 205
3435, 244, 22, 119, 8, 0, 4.81%, 0, 0, 3, 14725.83, 70844822, 205
3440, 244, 22, 119, 8, 0, 4.81%, 0, 0, 3, 18969.24, 70942093, 205
3446, 245, 30, 119, 8, 0, 4.81%, 0, 0, 3, 19251.70, 71045849, 205
3451, 245, 22, 119, 8, 0, 4.81%, 0, 0, 3, 19486.72, 71147158, 205
3456, 245, 22, 119, 8, 0, 4.81%, 0, 0, 3, 18922.96, 71248067, 205
3461, 246, 31, 119, 8, 0, 4.81%, 0, 0, 3, 21157.44, 71365417, 205
3466, 246, 7, 119, 8, 0, 4.81%, 0, 0, 3, 15025.73, 71434663, 205
3471, 246, 22, 119, 8, 0, 4.81%, 0, 0, 3, 19878.56, 71538553, 205
3476, 247, 30, 119, 8, 0, 4.81%, 0, 0, 3, 17418.49, 71630820, 205
3481, 247, 7, 119, 8, 0, 4.81%, 0, 0, 3, 19245.57, 71727001, 205
3487, 247, 22, 119, 8, 0, 4.81%, 0, 0, 3, 17048.24, 71811767, 205
3492, 248, 22, 119, 8, 0, 4.81%, 0, 0, 3, 20205.59, 71918489, 205
3497, 248, 22, 119, 8, 0, 4.81%, 0, 0, 3, 17408.99, 72000491, 205
3502, 248, 22, 119, 8, 0, 4.81%, 0, 0, 3, 15523.87, 72076504, 205
3507, 249, 22, 119, 8, 0, 4.81%, 0, 0, 3, 17801.98, 72163891, 205
3512, 249, 22, 119, 8, 0, 4.81%, 0, 0, 3, 17843.20, 72261928, 205
3518, 249, 22, 119, 8, 0, 4.81%, 0, 0, 3, 17384.83, 72350117, 205
3523, 250, 22, 119, 8, 0, 4.81%, 0, 0, 3, 17863.13, 72446805, 205
3528, 250, 30, 119, 8, 0, 4.81%, 0, 0, 3, 18919.96, 72536961, 205
3533, 250, 22, 119, 8, 0, 4.81%, 0, 0, 3, 16994.04, 72628942, 205
3538, 250, 22, 119, 8, 0, 4.81%, 0, 0, 3, 14173.24, 72695216, 205
3543, 251, 30, 119, 8, 0, 4.81%, 0, 0, 3, 17177.48, 72789879, 205
3548, 251, 22, 119, 8, 0, 4.81%, 0, 0, 3, 19471.23, 72892351, 205
3554, 251, 22, 119, 8, 0, 4.81%, 0, 0, 3, 18259.88, 72982715, 205
3559, 252, 22, 119, 8, 0, 4.81%, 0, 0, 3, 18010.78, 73075095, 205
3564, 252, 22, 119, 8, 0, 4.81%, 0, 0, 3, 16853.03, 73159102, 205
3569, 252, 22, 119, 8, 0, 4.81%, 0, 0, 3, 17802.26, 73248862, 205
3574, 253, 22, 119, 8, 0, 4.81%, 0, 0, 3, 17562.24, 73328681, 205
3579, 253, 22, 119, 8, 0, 4.81%, 0, 0, 3, 18387.05, 73424951, 205
3584, 253, 22, 119, 8, 0, 4.81%, 0, 0, 3, 17000.22, 73514629, 205
3590, 254, 22, 119, 8, 0, 4.81%, 0, 0, 3, 19296.91, 73614929, 205
3595, 254, 22, 119, 8, 0, 4.81%, 0, 0, 3, 22013.51, 73734745, 205
3596, 254, 22, 119, 8, 0, 4.81%, 0, 0, 3, 21284.58, 73753706, 205
