# relative_time, cycles_done, cur_item, corpus_count, pending_total, pending_favs, map_size, saved_crashes, saved_hangs, max_depth, execs_per_sec, total_execs, edges_found
61, 2, 24, 143, 122, 0, 5.66%, 0, 0, 2, 23276.42, 1300535, 245
66, 2, 40, 143, 122, 0, 5.66%, 0, 0, 2, 21760.58, 1413811, 245
71, 2, 40, 143, 121, 0, 5.66%, 0, 0, 2, 22462.58, 1520438, 245
76, 2, 40, 143, 120, 0, 5.66%, 0, 0, 2, 19568.30, 1618676, 245
81, 2, 46, 143, 120, 0, 5.66%, 0, 0, 2, 22269.70, 1735603, 245
87, 2, 40, 143, 119, 0, 5.66%, 0, 0, 2, 18676.54, 1831799, 245
92, 3, 40, 143, 119, 0, 5.66%, 0, 0, 2, 21933.57, 1946477, 245
97, 3, 46, 143, 119, 0, 5.66%, 0, 0, 2, 21959.58, 2051455, 245
102, 3, 40, 143, 119, 0, 5.66%, 0, 0, 2, 22265.54, 2159686, 245
107, 3, 40, 143, 119, 0, 5.66%, 0, 0, 2, 21411.22, 2264612, 245
112, 3, 40, 143, 118, 0, 5.66%, 0, 0, 2, 21863.58, 2377865, 245
117, 3, 40, 143, 117, 0, 5.66%, 0, 0, 2, 19586.01, 2471194, 245
122, 4, 46, 143, 117, 0, 5.66%, 0, 0, 2, 22351.48, 2589687, 245
128, 4, 40, 143, 117, 0, 5.66%, 0, 0, 2, 21942.39, 2695779, 245
133, 4, 106, 143, 117, 0, 5.66%, 0, 0, 2, 21789.98, 2807638, 245
138, 4, 40, 143, 116, 0, 5.66%, 0, 0, 2, 20091.05, 2901711, 245
143, 4, 40, 143, 116, 0, 5.66%, 0, 0, 2, 21469.25, 3016020, 245
148, 4, 40, 143, 116, 0, 5.66%, 0, 0, 2, 21756.83, 3123066, 245
153, 4, 3, 143, 116, 0, 5.66%, 0, 0, 2, 19719.44, 3220840, 245
158, 5, 3, 143, 116, 0, 5.66%, 0, 0, 2, 20263.90, 3322321, 245
164, 5, 97, 143, 116, 0, 5.66%, 0, 0, 2, 23787.46, 3451486, 245
169, 5, 40, 143, 115, 0, 5.66%, 0, 0, 2, 23052.42, 3557453, 245
174, 5, 40, 143, 115, 0, 5.66%, 0, 0, 2, 23418.70, 3680460, 245
179, 5, 40, 143, 115, 0, 5.66%, 0, 0, 2, 22892.33, 3793318, 245
184, 5, 40, 143, 113, 0, 5.66%, 0, 0, 2, 19992.63, 3898356, 245
189, 6, 68, 143, 112, 0, 5.66%, 0, 0, 2, 18663.00, 3988640, 245
194, 6, 40, 143, 111, 0, 5.66%, 0, 0, 2, 19861.22, 4096938, 245
199, 6, 40, 143, 111, 0, 5.66%, 0, 0, 2, 21168.28, 4203206, 245
204, 6, 36, 143, 111, 0, 5.66%, 0, 0, 2, 21038.61, 4319791, 245
210, 6, 40, 143, 111, 0, 5.66%, 0, 0, 2, 25175.72, 4447482, 245
215, 6, 40, 143, 111, 0, 5.66%, 0, 0, 2, 21030.02, 4551098, 245
220, 7, 46, 143, 111, 0, 5.66%, 0, 0, 2, 25109.30, 4681539, 245
225, 7, 3, 143, 111, 0, 5.66%, 0, 0, 2, 21735.93, 4795809, 245
230, 7, 40, 143, 111, 0, 5.66%, 0, 0, 2, 22491.49, 4913566, 245
235, 7, 8, 143, 111, 0, 5.66%, 0, 0, 2, 20418.36, 5021164, 245
240, 7, 40, 143, 111, 0, 5.66%, 0, 0, 2, 23804.36, 5147884, 245
246, 8, 46, 143, 111, 0, 5.66%, 0, 0, 2, 22866.41, 5266459, 245
251, 8, 3, 143, 111, 0, 5.66%, 0, 0, 2, 21093.83, 5379479, 245
256, 8, 3, 143, 111, 0, 5.66%, 0, 0, 2, 21556.72, 5487026, 245
261, 8, 40, 143, 111, 0, 5.66%, 0, 0, 2, 23993.60, 5611960, 245
266, 8, 3, 143, 111, 0, 5.66%, 0, 0, 2, 22663.07, 5728556, 245
271, 8, 24, 143, 111, 0, 5.66%, 0, 0, 2, 22541.98, 5845445, 245
277, 9, 110, 143, 111, 0, 5.66%, 0, 0, 2, 21267.24, 5956406, 245
282, 9, 40, 143, 111, 0, 5.66%, 0, 0, 2, 23937.23, 6088660, 245
287, 9, 3, 143, 111, 0, 5.66%, 0, 0, 2, 21045.17, 6190257, 245
292, 9, 40, 143, 111, 0, 5.66%, 0, 0, 2, 22945.34, 6311324, 245
297, 9, 40, 143, 111, 0, 5.66%, 0, 0, 2, 20102.33, 6411795, 245
302, 9, 40, 143, 111, 0, 5.66%, 0, 0, 2, 23833.68, 6535771, 245
307, 10, 40, 172, 140, 0, 5.66%, 0, 0, 2, 21905.14, 6644695, 245
312, 10, 3, 172, 140, 0, 5.66%, 0, 0, 2, 24237.19, 6764406, 245
318, 10, 40, 172, 140, 0, 5.66%, 0, 0, 2, 23399.28, 6874561, 245
323, 10, 40, 172, 140, 0, 5.66%, 0, 0, 2, 27643.80, 7018692, 245
328, 10, 40, 172, 140, 0, 5.66%, 0, 0, 2, 22459.66, 7125620, 245
333, 10, 3, 172, 140, 0, 5.66%, 0, 0, 2, 25410.49, 7264156, 245
338, 10, 40, 172, 140, 0, 5.66%, 0, 0, 2, 26355.08, 7388420, 245
343, 10, 40, 172, 140, 0, 5.66%, 0, 0, 2, 26628.63, 7531847, 245
349, 10, 40, 172, 140, 0, 5.66%, 0, 0, 2, 28425.30, 7671201, 245
354, 11, 40, 172, 140, 0, 5.66%, 0, 0, 2, 25804.59, 7804165, 245
359, 11, 40, 172, 140, 0, 5.66%, 0, 0, 2, 24152.29, 7917720, 245
364, 11, 24, 172, 139, 0, 5.66%, 0, 0, 2, 27308.46, 8060291, 245
369, 11, 40, 172, 139, 0, 5.66%, 0, 0, 2, 23560.15, 8177748, 245
374, 11, 40, 172, 139, 0, 5.66%, 0, 0, 2, 23568.62, 8298768, 245
379, 11, 40, 172, 139, 0, 5.66%, 0, 0, 2, 25576.75, 8427291, 245
384, 11, 40, 172, 139, 0, 5.66%, 0, 0, 2, 23125.36, 8545665, 245
389, 11, 40, 172, 139, 0, 5.66%, 0, 0, 2, 25702.54, 8670567, 245
394, 11, 40, 172, 139, 0, 5.66%, 0, 0, 2, 26002.84, 8806358, 245
399, 12, 40, 173, 140, 0, 5.66%, 0, 0, 2, 24577.59, 8931255, 245
404, 12, 8, 173, 140, 0, 5.66%, 0, 0, 2, 23062.13, 9056458, 245
409, 12, 3, 173, 140, 0, 5.66%, 0, 0, 2, 24377.32, 9173022, 245
415, 12, 40, 173, 140, 0, 5.66%, 0, 0, 2, 24984.78, 9312392, 245
420, 12, 3, 173, 140, 0, 5.66%, 0, 0, 2, 23957.39, 9431557, 245
425, 12, 40, 173, 140, 0, 5.66%, 0, 0, 2, 22354.38, 9552788, 245
430, 12, 40, 173, 140, 0, 5.66%, 0, 0, 2, 25634.89, 9689987, 245
435, 12, 40, 173, 140, 0, 5.66%, 0, 0, 2, 22339.33, 9798653, 245
440, 12, 40, 173, 140, 0, 5.66%, 0, 0, 2, 25713.10, 9926026, 245
445, 13, 40, 173, 140, 0, 5.66%, 0, 0, 2, 22709.07, 10046521, 245
450, 13, 40, 173, 140, 0, 5.66%, 0, 0, 2, 25917.54, 10179475, 245
456, 13, 40, 173, 140, 0, 5.66%, 0, 0, 2, 22844.38, 10299790, 245
461, 13, 40, 173, 140, 0, 5.66%, 0, 0, 2, 25548.73, 10435570, 245
466, 13, 3, 173, 140, 0, 5.66%, 0, 0, 2, 24052.78, 10569556, 245
471, 13, 40, 173, 140, 0, 5.66%, 0, 0, 2, 22903.36, 10683649, 245
476, 13, 24, 173, 140, 0, 5.66%, 0, 0, 2, 21344.52, 10792649, 245
481, 13, 3, 173, 140, 0, 5.66%, 0, 0, 2, 29244.11, 10947831, 245
486, 14, 40, 173, 140, 0, 5.66%, 0, 0, 2, 25189.16, 11073393, 245
491, 14, 46, 173, 140, 0, 5.66%, 0, 0, 2, 26173.20, 11206495, 245
496, 14, 40, 173, 140, 0, 5.66%, 0, 0, 2, 26498.69, 11334835, 245
502, 14, 85, 173, 140, 0, 5.66%, 0, 0, 2, 23142.57, 11458086, 245
507, 14, 46, 173, 139, 0, 5.66%, 0, 0, 2, 20483.87, 11551395, 245
512, 14, 40, 173, 137, 0, 5.66%, 0, 0, 2, 23147.99, 11674779, 245
517, 14, 46, 173, 136, 0, 5.66%, 0, 0, 2, 21155.38, 11777792, 245
522, 15, 110, 173, 134, 0, 5.66%, 0, 0, 2, 22794.90, 11900243, 245
527, 15, 40, 173, 134, 0, 5.66%, 0, 0, 2, 21815.44, 12003336, 245
532, 15, 46, 173, 134, 0, 5.66%, 0, 0, 2, 23130.47, 12127202, 245
537, 15, 40, 173, 134, 0, 5.66%, 0, 0, 2, 21553.93, 12226917, 245
542, 15, 40, 173, 134, 0, 5.66%, 0, 0, 2, 23439.06, 12348484, 245
548, 15, 40, 173, 134, 0, 5.66%, 0, 0, 2, 21186.04, 12453514, 245
553, 15, 40, 173, 134, 0, 5.66%, 0, 0, 2, 20839.30, 12557068, 245
558, 16, 109, 173, 134, 0, 5.66%, 0, 0, 2, 22411.69, 12669008, 245
563, 16, 40, 173, 133, 0, 5.66%, 0, 0, 2, 24969.39, 12793410, 245
568, 16, 40, 173, 132, 0, 5.66%, 0, 0, 2, 25202.27, 12922059, 245
573, 16, 40, 173, 132, 0, 5.66%, 0, 0, 2, 23803.85, 13040972, 245
578, 16, 40, 173, 132, 0, 5.66%, 0, 0, 2, 21858.53, 13148459, 245
584, 16, 40, 173, 130, 0, 5.66%, 0, 0, 2, 20803.11, 13258912, 245
589, 17, 40, 173, 130, 0, 5.66%, 0, 0, 2, 21918.03, 13368020, 245
594, 17, 40, 173, 130, 0, 5.66%, 0, 0, 2, 21050.77, 13480155, 245
599, 17, 46, 173, 129, 0, 5.66%, 0, 0, 2, 22619.70, 13593327, 245
604, 17, 40, 173, 129, 0, 5.66%, 0, 0, 2, 19358.55, 13694819, 245
609, 17, 40, 173, 129, 0, 5.66%, 0, 0, 2, 18339.79, 13790775, 245
615, 17, 15, 173, 128, 0, 5.66%, 0, 0, 2, 20003.33, 13900737, 245
620, 17, 40, 173, 128, 0, 5.66%, 0, 0, 2, 20907.51, 14010540, 245
625, 18, 40, 173, 128, 0, 5.66%, 0, 0, 2, 19943.17, 14114061, 245
630, 18, 40, 173, 128, 0, 5.66%, 0, 0, 2, 20706.41, 14221430, 245
635, 18, 40, 173, 128, 0, 5.66%, 0, 0, 2, 19428.36, 14321047, 245
640, 18, 51, 173, 128, 0, 5.66%, 0, 0, 2, 20136.40, 14431406, 245
645, 18, 40, 173, 128, 0, 5.66%, 0, 0, 2, 19662.52, 14534042, 245
650, 18, 40, 173, 128, 0, 5.66%, 0, 0, 2, 23246.51, 14651119, 245
656, 19, 46, 173, 127, 0, 5.66%, 0, 0, 2, 20043.41, 14755239, 245
661, 19, 40, 173, 127, 0, 5.66%, 0, 0, 2, 21209.92, 14865079, 245
666, 19, 40, 173, 127, 0, 5.66%, 0, 0, 2, 20401.61, 14973247, 245
671, 19, 40, 173, 127, 0, 5.66%, 0, 0, 2, 19081.86, 15070148, 245
676, 19, 24, 173, 127, 0, 5.66%, 0, 0, 2, 16686.35, 15157335, 245
681, 19, 40, 173, 127, 0, 5.66%, 0, 0, 2, 20063.38, 15267043, 245
686, 19, 40, 173, 127, 0, 5.66%, 0, 0, 2, 18735.25, 15363717, 245
691, 20, 40, 173, 127, 0, 5.66%, 0, 0, 2, 22867.00, 15489828, 245
696, 20, 40, 173, 127, 0, 5.66%, 0, 0, 2, 20983.60, 15597965, 245
702, 20, 86, 173, 127, 0, 5.66%, 0, 0, 2, 20019.49, 15702701, 245
707, 20, 46, 173, 126, 0, 5.66%, 0, 0, 2, 20560.21, 15810995, 245
712, 20, 15, 173, 126, 0, 5.66%, 0, 0, 2, 24580.40, 15943721, 245
717, 20, 10, 173, 126, 0, 5.66%, 0, 0, 2, 22110.85, 16046146, 245
722, 21, 109, 173, 126, 0, 5.66%, 0, 0, 2, 22928.23, 16173290, 245
727, 21, 46, 173, 126, 0, 5.66%, 0, 0, 2, 21480.81, 16275992, 245
732, 21, 46, 173, 126, 0, 5.66%, 0, 0, 2, 21721.17, 16380813, 245
738, 21, 40, 173, 126, 0, 5.66%, 0, 0, 2, 19148.01, 16474186, 245
743, 21, 40, 173, 125, 0, 5.66%, 0, 0, 2, 21225.91, 16588131, 245
748, 21, 40, 173, 125, 0, 5.66%, 0, 0, 2, 20332.49, 16687158, 245
753, 21, 40, 173, 125, 0, 5.66%, 0, 0, 2, 21019.38, 16799002, 245
758, 22, 40, 173, 124, 0, 5.66%, 0, 0, 2, 20999.18, 16903377, 245
764, 22, 40, 173, 124, 0, 5.66%, 0, 0, 2, 21435.89, 17018565, 245
769, 22, 40, 173, 124, 0, 5.66%, 0, 0, 2, 22724.77, 17129064, 245
774, 22, 40, 173, 124, 0, 5.66%, 0, 0, 2, 24118.61, 17258055, 245
779, 22, 40, 173, 124, 0, 5.66%, 0, 0, 2, 23221.54, 17367997, 245
784, 22, 40, 173, 124, 0, 5.66%, 0, 0, 2, 20694.98, 17476847, 245
789, 22, 40, 173, 124, 0, 5.66%, 0, 0, 2, 19160.64, 17570868, 245
794, 23, 40, 176, 127, 0, 5.66%, 0, 0, 2, 21399.11, 17683344, 245
799, 23, 40, 176, 126, 0, 5.66%, 0, 0, 2, 23755.87, 17805138, 245
804, 23, 68, 176, 126, 0, 5.66%, 0, 0, 2, 21542.54, 17913179, 245
810, 23, 46, 176, 126, 0, 5.66%, 0, 0, 2, 23030.32, 18032385, 245
815, 23, 40, 176, 126, 0, 5.66%, 0, 0, 2, 20559.46, 18141430, 245
820, 23, 30, 176, 126, 0, 5.66%, 0, 0, 2, 20446.02, 18244326, 245
825, 24, 3, 176, 124, 0, 5.66%, 0, 0, 2, 21879.87, 18359302, 245
830, 24, 40, 176, 124, 0, 5.66%, 0, 0, 2, 22405.98, 18477774, 245
835, 24, 40, 176, 123, 0, 5.66%, 0, 0, 2, 19348.22, 18578389, 245
840, 24, 40, 176, 123, 0, 5.66%, 0, 0, 2, 23920.20, 18703057, 245
846, 24, 3, 176, 123, 0, 5.66%, 0, 0, 2, 18738.35, 18795937, 245
851, 24, 40, 176, 123, 0, 5.66%, 0, 0, 2, 19094.61, 18890540, 245
856, 24, 40, 176, 123, 0, 5.66%, 0, 0, 2, 19323.73, 18993955, 245
861, 25, 40, 176, 123, 0, 5.66%, 0, 0, 2, 21755.28, 19109999, 245
866, 25, 3, 176, 123, 0, 5.66%, 0, 0, 2, 20059.10, 19215435, 245
871, 25, 46, 176, 123, 0, 5.66%, 0, 0, 2, 23579.44, 19338085, 245
876, 25, 40, 176, 123, 0, 5.66%, 0, 0, 2, 20114.22, 19441521, 245
881, 25, 15, 176, 122, 0, 5.66%, 0, 0, 2, 22678.85, 19559123, 245
886, 25, 40, 176, 122, 0, 5.66%, 0, 0, 2, 21645.43, 19665511, 245
892, 25, 110, 176, 122, 0, 5.66%, 0, 0, 2, 23694.04, 19788925, 245
897, 26, 8, 176, 122, 0, 5.66%, 0, 0, 2, 20600.46, 19887928, 245
902, 26, 40, 176, 122, 0, 5.66%, 0, 0, 2, 23031.25, 20005846, 245
907, 26, 3, 176, 122, 0, 5.66%, 0, 0, 2, 19968.09, 20099939, 245
912, 26, 40, 176, 122, 0, 5.66%, 0, 0, 2, 19425.43, 20197835, 245
917, 26, 63, 176, 121, 0, 5.66%, 0, 0, 2, 23106.02, 20313505, 245
922, 26, 40, 176, 121, 0, 5.66%, 0, 0, 2, 21597.24, 20424904, 245
928, 26, 40, 176, 121, 0, 5.66%, 0, 0, 2, 21223.16, 20531494, 245
933, 27, 40, 176, 121, 0, 5.66%, 0, 0, 2, 21071.83, 20642967, 245
938, 27, 40, 176, 121, 0, 5.66%, 0, 0, 2, 21219.17, 20747373, 245
943, 27, 40, 176, 121, 0, 5.66%, 0, 0, 2, 23623.80, 20866512, 245
948, 27, 63, 176, 121, 0, 5.66%, 0, 0, 2, 21972.19, 20977561, 245
953, 27, 40, 176, 121, 0, 5.66%, 0, 0, 2, 23964.42, 21101540, 245
958, 27, 40, 176, 121, 0, 5.66%, 0, 0, 2, 20831.03, 21203832, 245
964, 28, 40, 176, 121, 0, 5.66%, 0, 0, 2, 22041.77, 21325485, 245
969, 28, 40, 176, 120, 0, 5.66%, 0, 0, 2, 19572.50, 21417890, 245
974, 28, 68, 176, 120, 0, 5.66%, 0, 0, 2, 20619.31, 21530034, 245
979, 28, 108, 176, 120, 0, 5.66%, 0, 0, 2, 21958.76, 21639362, 245
984, 28, 40, 176, 120, 0, 5.66%, 0, 0, 2, 23065.65, 21758031, 245
989, 28, 40, 176, 119, 0, 5.66%, 0, 0, 2, 21720.05, 21864355, 245
994, 28, 40, 176, 119, 0, 5.66%, 0, 0, 2, 20580.46, 21971733, 245
999, 28, 40, 176, 118, 0, 5.66%, 0, 0, 2, 20609.34, 22081459, 245
1004, 29, 109, 176, 118, 0, 5.66%, 0, 0, 2, 19432.64, 22188443, 245
1009, 29, 40, 176, 117, 0, 5.66%, 0, 0, 2, 23930.57, 22305309, 245
1015, 29, 40, 176, 117, 0, 5.66%, 0, 0, 2, 21337.43, 22413132, 245
1020, 29, 40, 176, 117, 0, 5.66%, 0, 0, 2, 21841.28, 22528627, 245
1025, 29, 10, 176, 117, 0, 5.66%, 0, 0, 2, 20165.29, 22637789, 245
1030, 29, 40, 176, 117, 0, 5.66%, 0, 0, 2, 20552.34, 22747351, 245
1035, 30, 40, 176, 117, 0, 5.66%, 0, 0, 2, 20524.87, 22852597, 245
1040, 30, 46, 176, 117, 0, 5.66%, 0, 0, 2, 21789.46, 22963107, 245
1045, 30, 40, 176, 117, 0, 5.66%, 0, 0, 2, 19656.24, 23067060, 245
1051, 30, 40, 176, 117, 0, 5.66%, 0, 0, 2, 21340.16, 23177091, 245
1056, 30, 3, 176, 117, 0, 5.66%, 0, 0, 2, 20240.64, 23286077, 245
1061, 30, 40, 176, 117, 0, 5.66%, 0, 0, 2, 20603.47, 23393413, 245
1066, 30, 40, 176, 117, 0, 5.66%, 0, 0, 2, 19075.69, 23492901, 245
1071, 31, 3, 176, 117, 0, 5.66%, 0, 0, 2, 22225.08, 23612797, 245
1076, 31, 46, 176, 117, 0, 5.66%, 0, 0, 2, 20253.82, 23714374, 245
1081, 31, 40, 176, 117, 0, 5.66%, 0, 0, 2, 21832.11, 23827918, 245
1086, 31, 40, 176, 117, 0, 5.66%, 0, 0, 2, 23427.80, 23943051, 245
1092, 31, 40, 176, 117, 0, 5.66%, 0, 0, 2, 21232.63, 24045026, 245
1097, 31, 40, 176, 117, 0, 5.66%, 0, 0, 2, 21489.35, 24158883, 245
1102, 31, 40, 176, 116, 0, 5.66%, 0, 0, 2, 21992.62, 24276904, 245
1107, 32, 24, 176, 116, 0, 5.66%, 0, 0, 2, 20363.51, 24380667, 245
1112, 32, 40, 176, 116, 0, 5.66%, 0, 0, 2, 22012.02, 24490123, 245
1117, 32, 40, 176, 116, 0, 5.66%, 0, 0, 2, 20648.37, 24587026, 245
1122, 32, 40, 176, 116, 0, 5.66%, 0, 0, 2, 23700.95, 24707905, 245
1127, 32, 40, 176, 115, 0, 5.66%, 0, 0, 2, 21697.28, 24813984, 245
1133, 32, 46, 176, 115, 0, 5.66%, 0, 0, 2, 22956.22, 24935401, 245
1138, 32, 40, 176, 115, 0, 5.66%, 0, 0, 2, 20942.83, 25030294, 245
1143, 33, 46, 176, 115, 0, 5.66%, 0, 0, 2, 22683.87, 25157042, 245
1148, 33, 3, 176, 115, 0, 5.66%, 0, 0, 2, 21840.34, 25265251, 245
1153, 33, 40, 176, 115, 0, 5.66%, 0, 0, 2, 20923.84, 25364379, 245
1158, 33, 40, 176, 115, 0, 5.66%, 0, 0, 2, 22879.91, 25478454, 245
1163, 33, 40, 176, 114, 0, 5.66%, 0, 0, 2, 22164.68, 25590373, 245
1169, 33, 40, 176, 114, 0, 5.66%, 0, 0, 2, 21214.01, 25694707, 245
1174, 33, 40, 176, 114, 0, 5.66%, 0, 0, 2, 22581.45, 25814264, 245
1179, 34, 46, 176, 113, 0, 5.66%, 0, 0, 2, 20533.37, 25918345, 245
1184, 34, 40, 176, 113, 0, 5.66%, 0, 0, 2, 19446.89, 26024256, 245
1189, 34, 40, 176, 113, 0, 5.66%, 0, 0, 2, 21967.93, 26134426, 245
1194, 34, 40, 176, 113, 0, 5.66%, 0, 0, 2, 21671.43, 26248116, 245
1199, 34, 40, 176, 113, 0, 5.66%, 0, 0, 2, 23316.40, 26365302, 245
1205, 34, 40, 176, 113, 0, 5.66%, 0, 0, 2, 21610.41, 26479652, 245
1210, 35, 46, 176, 113, 0, 5.66%, 0, 0, 2, 20734.29, 26590528, 245
1215, 35, 3, 176, 113, 0, 5.66%, 0, 0, 2, 19564.45, 26688385, 245
1220, 35, 46, 176, 113, 0, 5.66%, 0, 0, 2, 21844.98, 26801637, 245
1225, 35, 40, 176, 113, 0, 5.66%, 0, 0, 2, 18806.16, 26896518, 245
1230, 35, 68, 176, 113, 0, 5.66%, 0, 0, 2, 21856.44, 27009296, 245
1235, 35, 40, 176, 113, 0, 5.66%, 0, 0, 2, 18490.39, 27104481, 245
1240, 35, 46, 176, 112, 0, 5.66%, 0, 0, 2, 21297.92, 27220404, 245
1246, 35, 46, 176, 112, 0, 5.66%, 0, 0, 2, 19703.78, 27325624, 245
1251, 36, 40, 176, 112, 0, 5.66%, 0, 0, 2, 22798.44, 27440172, 245
1256, 36, 40, 176, 112, 0, 5.66%, 0, 0, 2, 19161.38, 27532737, 245
1261, 36, 40, 176, 112, 0, 5.66%, 0, 0, 2, 21015.23, 27643300, 245
1266, 36, 40, 176, 112, 0, 5.66%, 0, 0, 2, 18606.72, 27734418, 245
1271, 36, 40, 176, 112, 0, 5.66%, 0, 0, 2, 21129.39, 27842424, 245
1276, 36, 40, 176, 112, 0, 5.66%, 0, 0, 2, 18340.83, 27936987, 245
1281, 36, 40, 176, 112, 0, 5.66%, 0, 0, 2, 21914.23, 28053683, 245
1287, 37, 40, 176, 112, 0, 5.66%, 0, 0, 2, 19856.95, 28154533, 245
1292, 37, 40, 176, 112, 0, 5.66%, 0, 0, 2, 21997.00, 28268421, 245
1297, 37, 40, 176, 111, 0, 5.66%, 0, 0, 2, 19527.91, 28361835, 245
1302, 37, 40, 176, 111, 0, 5.66%, 0, 0, 2, 21021.90, 28471292, 245
1307, 37, 40, 176, 111, 0, 5.66%, 0, 0, 2, 19957.95, 28569303, 245
1312, 37, 40, 176, 110, 0, 5.66%, 0, 0, 2, 21293.38, 28682949, 245
1317, 38, 10, 176, 110, 0, 5.66%, 0, 0, 2, 20612.06, 28786268, 245
1322, 38, 40, 176, 110, 0, 5.66%, 0, 0, 2, 21603.51, 28899674, 245
1328, 38, 40, 176, 110, 0, 5.66%, 0, 0, 2, 19544.53, 28997828, 245
1333, 38, 40, 176, 110, 0, 5.66%, 0, 0, 2, 21294.74, 29100266, 245
1338, 38, 40, 176, 109, 0, 5.66%, 0, 0, 2, 21132.07, 29197893, 245
1343, 38, 40, 176, 109, 0, 5.66%, 0, 0, 2, 20645.04, 29304538, 245
1348, 38, 46, 176, 109, 0, 5.66%, 0, 0, 2, 20950.76, 29406974, 245
1353, 39, 40, 176, 109, 0, 5.66%, 0, 0, 2, 22105.51, 29524134, 245
1358, 39, 40, 176, 109, 0, 5.66%, 0, 0, 2, 22816.71, 29634743, 245
1364, 39, 40, 176, 108, 0, 5.66%, 0, 0, 2, 19821.07, 29742990, 245
1369, 39, 40, 176, 107, 0, 5.66%, 0, 0, 2, 20654.49, 29845610, 245
1374, 39, 40, 176, 107, 0, 5.66%, 0, 0, 2, 21636.74, 29959364, 245
1379, 39, 40, 176, 107, 0, 5.66%, 0, 0, 2, 19796.15, 30057079, 245
1384, 39, 3, 176, 107, 0, 5.66%, 0, 0, 2, 20585.50, 30168246, 245
1389, 40, 68, 176, 107, 0, 5.66%, 0, 0, 2, 18852.68, 30264509, 245
1394, 40, 40, 176, 107, 0, 5.66%, 0, 0, 2, 19820.13, 30366983, 245
1400, 40, 40, 176, 106, 0, 5.66%, 0, 0, 2, 20496.73, 30470726, 245
1405, 40, 46, 176, 106, 0, 5.66%, 0, 0, 2, 20311.13, 30579981, 245
1410, 40, 40, 176, 106, 0, 5.66%, 0, 0, 2, 24793.77, 30711432, 245
1415, 40, 3, 176, 106, 0, 5.66%, 0, 0, 2, 20554.92, 30814900, 245
1420, 40, 40, 176, 105, 0, 5.66%, 0, 0, 2, 20916.93, 30925501, 245
1425, 41, 40, 176, 105, 0, 5.66%, 0, 0, 2, 19727.73, 31031236, 245
1431, 41, 40, 176, 105, 0, 5.66%, 0, 0, 2, 23371.39, 31153162, 245
1436, 41, 40, 176, 105, 0, 5.66%, 0, 0, 2, 19324.88, 31251285, 245
1441, 41, 40, 176, 105, 0, 5.66%, 0, 0, 2, 21155.56, 31361784, 245
1446, 41, 40, 176, 105, 0, 5.66%, 0, 0, 2, 18027.76, 31453593, 245
1451, 41, 46, 176, 105, 0, 5.66%, 0, 0, 2, 20280.37, 31558399, 245
1456, 41, 3, 176, 105, 0, 5.66%, 0, 0, 2, 19176.16, 31652981, 245
1461, 42, 3, 176, 104, 0, 5.66%, 0, 0, 2, 19864.99, 31755901, 245
1466, 42, 40, 176, 104, 0, 5.66%, 0, 0, 2, 19162.25, 31854875, 245
1472, 42, 46, 176, 104, 0, 5.66%, 0, 0, 2, 23850.65, 31978929, 245
1477, 42, 40, 176, 104, 0, 5.66%, 0, 0, 2, 22487.08, 32090699, 245
1482, 42, 46, 176, 104, 0, 5.66%, 0, 0, 2, 24049.55, 32212465, 245
1487, 42, 40, 176, 104, 0, 5.66%, 0, 0, 2, 19061.91, 32302492, 245
1492, 42, 40, 176, 104, 0, 5.66%, 0, 0, 2, 23437.45, 32427374, 245
1497, 43, 15, 176, 103, 0, 5.66%, 0, 0, 2, 23804.73, 32538344, 245
1502, 43, 40, 176, 103, 0, 5.66%, 0, 0, 2, 23464.58, 32656153, 245
1507, 43, 31, 176, 103, 0, 5.66%, 0, 0, 2, 19938.28, 32755587, 245
1512, 43, 15, 176, 101, 0, 5.66%, 0, 0, 2, 21715.57, 32861270, 245
1518, 43, 40, 176, 101, 0, 5.66%, 0, 0, 2, 21473.96, 32962499, 245
1523, 43, 40, 176, 101, 0, 5.66%, 0, 0, 2, 24943.11, 33084161, 245
1528, 43, 40, 176, 101, 0, 5.66%, 0, 0, 2, 22208.90, 33187680, 245
1533, 44, 40, 176, 100, 0, 5.66%, 0, 0, 2, 22004.82, 33303002, 245
1538, 44, 40, 176, 100, 0, 5.66%, 0, 0, 2, 21807.17, 33407816, 245
1543, 44, 40, 176, 100, 0, 5.66%, 0, 0, 2, 20406.66, 33518092, 245
1548, 44, 40, 176, 100, 0, 5.66%, 0, 0, 2, 20209.71, 33618818, 245
1553, 44, 40, 176, 100, 0, 5.66%, 0, 0, 2, 19749.78, 33721566, 245
1559, 44, 109, 176, 100, 0, 5.66%, 0, 0, 2, 22169.14, 33835769, 245
1564, 45, 40, 176, 100, 0, 5.66%, 0, 0, 2, 24097.36, 33967147, 245
1569, 45, 40, 176, 100, 0, 5.66%, 0, 0, 2, 20579.63, 34070453, 245
1574, 45, 40, 176, 100, 0, 5.66%, 0, 0, 2, 20184.94, 34178145, 245
1579, 45, 40, 176, 99, 0, 5.66%, 0, 0, 2, 20711.67, 34282925, 245
1584, 45, 40, 176, 99, 0, 5.66%, 0, 0, 2, 19819.08, 34387413, 245
1589, 45, 40, 176, 99, 0, 5.66%, 0, 0, 2, 22595.31, 34503349, 245
1594, 45, 3, 176, 99, 0, 5.66%, 0, 0, 2, 20457.20, 34610796, 245
1600, 46, 34, 176, 99, 0, 5.66%, 0, 0, 2, 21121.93, 34721213, 245
1605, 46, 40, 176, 99, 0, 5.66%, 0, 0, 2, 23104.01, 34844325, 245
1610, 46, 3, 176, 99, 0, 5.66%, 0, 0, 2, 21426.90, 34953222, 245
1615, 46, 40, 176, 99, 0, 5.66%, 0, 0, 2, 19898.85, 35060073, 245
1620, 46, 40, 176, 99, 0, 5.66%, 0, 0, 2, 21782.31, 35170994, 245
1625, 46, 40, 176, 99, 0, 5.66%, 0, 0, 2, 19838.83, 35275988, 245
1630, 47, 40, 176, 99, 0, 5.66%, 0, 0, 2, 18615.02, 35372319, 245
1636, 47, 40, 176, 98, 0, 5.66%, 0, 0, 2, 18197.86, 35465898, 245
1641, 47, 40, 176, 98, 0, 5.66%, 0, 0, 2, 21404.35, 35575978, 245
1646, 47, 46, 176, 98, 0, 5.66%, 0, 0, 2, 19599.08, 35676500, 245
1651, 47, 46, 176, 98, 0, 5.66%, 0, 0, 2, 24147.02, 35805053, 245
1656, 47, 40, 176, 98, 0, 5.66%, 0, 0, 2, 21253.77, 35909962, 245
1661, 47, 46, 176, 98, 0, 5.66%, 0, 0, 2, 22931.00, 36027990, 245
1666, 48, 46, 176, 98, 0, 5.66%, 0, 0, 2, 19527.68, 36124759, 245
1671, 48, 40, 176, 98, 0, 5.66%, 0, 0, 2, 21456.55, 36236878, 245
1676, 48, 3, 176, 98, 0, 5.66%, 0, 0, 2, 19124.21, 36336920, 245
1681, 48, 46, 176, 98, 0, 5.66%, 0, 0, 2, 22773.77, 36457726, 245
1687, 48, 40, 176, 98, 0, 5.66%, 0, 0, 2, 21654.28, 36563885, 245
1692, 48, 40, 176, 98, 0, 5.66%, 0, 0, 2, 21143.50, 36666177, 245
1697, 48, 40, 176, 98, 0, 5.66%, 0, 0, 2, 20485.39, 36766542, 245
1702, 49, 46, 176, 98, 0, 5.66%, 0, 0, 2, 24546.95, 36889683, 245
1707, 49, 68, 176, 98, 0, 5.66%, 0, 0, 2, 20277.96, 36986265, 245
1712, 49, 40, 176, 98, 0, 5.66%, 0, 0, 2, 22281.10, 37106235, 245
1717, 49, 40, 176, 98, 0, 5.66%, 0, 0, 2, 22170.05, 37212220, 245
1722, 49, 40, 176, 97, 0, 5.66%, 0, 0, 2, 22496.03, 37323402, 245
1727, 49, 40, 176, 97, 0, 5.66%, 0, 0, 2, 22207.01, 37433837, 245
1733, 49, 40, 176, 97, 0, 5.66%, 0, 0, 2, 21948.08, 37547071, 245
1738, 50, 10, 176, 97, 0, 5.66%, 0, 0, 2, 19939.65, 37640829, 245
1743, 50, 40, 176, 97, 0, 5.66%, 0, 0, 2, 22979.25, 37764182, 245
1748, 50, 3, 176, 97, 0, 5.66%, 0, 0, 2, 18870.72, 37855799, 245
1753, 50, 3, 176, 97, 0, 5.66%, 0, 0, 2, 19961.44, 37957564, 245
1758, 50, 40, 176, 96, 0, 5.66%, 0, 0, 2, 20867.26, 38059312, 245
1764, 50, 40, 176, 94, 0, 5.66%, 0, 0, 2, 21257.98, 38169244, 245
1769, 50, 3, 176, 94, 0, 5.66%, 0, 0, 2, 21460.74, 38272316, 245
1774, 51, 40, 176, 94, 0, 5.66%, 0, 0, 2, 20091.39, 38378652, 245
1779, 51, 40, 176, 94, 0, 5.66%, 0, 0, 2, 20414.29, 38486144, 245
1784, 51, 31, 176, 94, 0, 5.66%, 0, 0, 2, 21863.02, 38605276, 245
1790, 51, 40, 176, 94, 0, 5.66%, 0, 0, 2, 21275.18, 38713980, 245
1795, 51, 46, 176, 94, 0, 5.66%, 0, 0, 2, 20480.89, 38823581, 245
1800, 51, 109, 176, 93, 0, 5.66%, 0, 0, 2, 21276.56, 38932916, 245
1805, 52, 3, 176, 93, 0, 5.66%, 0, 0, 2, 20790.87, 39044517, 245
1810, 52, 40, 176, 93, 0, 5.66%, 0, 0, 2, 20806.78, 39150140, 245
1815, 52, 109, 176, 93, 0, 5.66%, 0, 0, 2, 19895.99, 39256419, 245
1820, 52, 3, 176, 93, 0, 5.66%, 0, 0, 2, 22674.63, 39373759, 245
1825, 52, 46, 176, 93, 0, 5.66%, 0, 0, 2, 20759.42, 39485669, 245
1831, 52, 40, 176, 93, 0, 5.66%, 0, 0, 2, 22328.05, 39604716, 245
1836, 52, 15, 176, 93, 0, 5.66%, 0, 0, 2, 21754.11, 39720976, 245
1841, 53, 73, 176, 93, 0, 5.66%, 0, 0, 2, 22355.62, 39831265, 245
1846, 53, 40, 176, 92, 0, 5.66%, 0, 0, 2, 20157.75, 39934971, 245
1851, 53, 40, 176, 92, 0, 5.66%, 0, 0, 2, 22026.51, 40051754, 245
1856, 53, 99, 176, 92, 0, 5.66%, 0, 0, 2, 17063.38, 40137675, 245
1861, 53, 40, 176, 91, 0, 5.66%, 0, 0, 2, 21873.80, 40239399, 245
1867, 53, 3, 176, 91, 0, 5.66%, 0, 0, 2, 18107.28, 40330326, 245
1872, 53, 40, 176, 91, 0, 5.66%, 0, 0, 2, 21014.62, 40437351, 245
1877, 54, 40, 176, 91, 0, 5.66%, 0, 0, 2, 19088.67, 40533652, 245
1882, 54, 46, 176, 91, 0, 5.66%, 0, 0, 2, 21723.46, 40651634, 245
1887, 54, 40, 176, 91, 0, 5.66%, 0, 0, 2, 20384.13, 40750231, 245
1892, 54, 46, 176, 91, 0, 5.66%, 0, 0, 2, 22701.60, 40874958, 245
1897, 54, 40, 176, 91, 0, 5.66%, 0, 0, 2, 19256.54, 40967101, 245
1903, 54, 40, 176, 91, 0, 5.66%, 0, 0, 2, 21973.11, 41083469, 245
1908, 54, 40, 176, 90, 0, 5.66%, 0, 0, 2, 22822.37, 41190138, 245
1913, 55, 46, 176, 90, 0, 5.66%, 0, 0, 2, 22720.50, 41305719, 245
1918, 55, 84, 176, 90, 0, 5.66%, 0, 0, 2, 16583.77, 41384778, 245
1923, 55, 40, 176, 89, 0, 5.66%, 0, 0, 2, 22896.03, 41516809, 245
1928, 55, 40, 176, 89, 0, 5.66%, 0, 0, 2, 19459.06, 41613745, 245
1933, 55, 40, 176, 89, 0, 5.66%, 0, 0, 2, 21175.77, 41719320, 245
1938, 55, 40, 176, 89, 0, 5.66%, 0, 0, 2, 22094.60, 41821891, 245
1944, 55, 40, 176, 89, 0, 5.66%, 0, 0, 2, 21474.92, 41933189, 245
1949, 55, 40, 176, 88, 0, 5.66%, 0, 0, 2, 18066.53, 42018184, 245
1954, 56, 40, 176, 88, 0, 5.66%, 0, 0, 2, 19208.02, 42125250, 245
1959, 56, 15, 176, 88, 0, 5.66%, 0, 0, 2, 19258.61, 42218438, 245
1964, 56, 40, 176, 88, 0, 5.66%, 0, 0, 2, 20482.15, 42326992, 245
1969, 56, 46, 176, 88, 0, 5.66%, 0, 0, 2, 22444.04, 42441431, 245
1974, 56, 40, 176, 87, 0, 5.66%, 0, 0, 2, 21110.76, 42556159, 245
1979, 56, 40, 176, 87, 0, 5.66%, 0, 0, 2, 20442.85, 42656966, 245
1985, 57, 40, 176, 87, 0, 5.66%, 0, 0, 2, 18936.75, 42764661, 245
1990, 57, 46, 176, 87, 0, 5.66%, 0, 0, 2, 18113.57, 42861451, 245
1995, 57, 3, 176, 87, 0, 5.66%, 0, 0, 2, 17512.08, 42958820, 245
2000, 57, 121, 176, 87, 0, 5.66%, 0, 0, 2, 17905.01, 43053070, 245
2005, 57, 68, 176, 86, 0, 5.66%, 0, 0, 2, 19257.56, 43168455, 245
2010, 57, 108, 176, 86, 0, 5.66%, 0, 0, 2, 23176.99, 43292901, 245
2016, 57, 40, 176, 86, 0, 5.66%, 0, 0, 2, 19877.56, 43393695, 245
2021, 58, 40, 176, 86, 0, 5.66%, 0, 0, 2, 22609.25, 43513120, 245
2026, 58, 40, 176, 86, 0, 5.66%, 0, 0, 2, 19860.96, 43613304, 245
2031, 58, 10, 176, 85, 0, 5.66%, 0, 0, 2, 22289.47, 43730652, 245
2036, 58, 40, 176, 85, 0, 5.66%, 0, 0, 2, 19135.91, 43828313, 245
2041, 58, 10, 176, 85, 0, 5.66%, 0, 0, 2, 21606.80, 43947883, 245
2046, 58, 40, 176, 85, 0, 5.66%, 0, 0, 2, 19492.63, 44041970, 245
2051, 58, 40, 176, 85, 0, 5.66%, 0, 0, 2, 19584.20, 44138776, 245
2056, 58, 40, 176, 85, 0, 5.66%, 0, 0, 2, 19365.66, 44232896, 245
2062, 59, 40, 176, 85, 0, 5.66%, 0, 0, 2, 22695.48, 44354141, 245
2067, 59, 40, 176, 84, 0, 5.66%, 0, 0, 2, 19041.56, 44445928, 245
2072, 59, 3, 176, 84, 0, 5.66%, 0, 0, 2, 23597.14, 44571358, 245
2077, 59, 40, 176, 84, 0, 5.66%, 0, 0, 2, 20376.63, 44666195, 245
2082, 59, 40, 176, 84, 0, 5.66%, 0, 0, 2, 24384.22, 44788545, 245
2087, 59, 40, 176, 84, 0, 5.66%, 0, 0, 2, 22728.81, 44904947, 245
2092, 60, 49, 176, 84, 0, 5.66%, 0, 0, 2, 21198.11, 45012826, 245
2097, 60, 40, 176, 83, 0, 5.66%, 0, 0, 2, 19316.79, 45103738, 245
2102, 60, 3, 176, 83, 0, 5.66%, 0, 0, 2, 22267.89, 45225285, 245
2108, 60, 40, 176, 83, 0, 5.66%, 0, 0, 2, 21701.71, 45327909, 245
2113, 60, 3, 176, 83, 0, 5.66%, 0, 0, 2, 23486.45, 45447057, 245
2118, 60, 40, 176, 83, 0, 5.66%, 0, 0, 2, 20648.59, 45543020, 245
2123, 60, 40, 176, 82, 0, 5.66%, 0, 0, 2, 20206.59, 45641024, 245
2128, 61, 40, 176, 82, 0, 5.66%, 0, 0, 2, 20867.21, 45742343, 245
2133, 61, 40, 176, 82, 0, 5.66%, 0, 0, 2, 22822.52, 45862848, 245
2139, 61, 40, 176, 82, 0, 5.66%, 0, 0, 2, 19977.49, 45962113, 245
2144, 61, 68, 176, 82, 0, 5.66%, 0, 0, 2, 20712.50, 46073918, 245
2149, 61, 3, 176, 82, 0, 5.66%, 0, 0, 2, 21506.17, 46178496, 245
2154, 61, 3, 176, 82, 0, 5.66%, 0, 0, 2, 20903.47, 46290832, 245
2159, 61, 40, 176, 82, 0, 5.66%, 0, 0, 2, 20685.10, 46395816, 245
2164, 62, 40, 176, 82, 0, 5.66%, 0, 0, 2, 21824.37, 46508660, 245
2169, 62, 40, 176, 82, 0, 5.66%, 0, 0, 2, 18884.72, 46599795, 245
2174, 62, 40, 176, 82, 0, 5.66%, 0, 0, 2, 19231.27, 46700799, 245
2179, 62, 40, 176, 82, 0, 5.66%, 0, 0, 2, 20057.97, 46805283, 245
2185, 62, 3, 176, 82, 0, 5.66%, 0, 0, 2, 19785.86, 46914299, 245
2190, 62, 40, 176, 82, 0, 5.66%, 0, 0, 2, 23205.61, 47033218, 245
2195, 62, 40, 176, 82, 0, 5.66%, 0, 0, 2, 20693.62, 47139050, 245
2200, 63, 10, 176, 81, 0, 5.66%, 0, 0, 2, 22068.30, 47257742, 245
2205, 63, 3, 176, 81, 0, 5.66%, 0, 0, 2, 18391.87, 47350414, 245
2210, 63, 40, 176, 81, 0, 5.66%, 0, 0, 2, 21357.97, 47462137, 245
2216, 63, 40, 176, 81, 0, 5.66%, 0, 0, 2, 21163.04, 47574085, 245
2221, 63, 3, 176, 81, 0, 5.66%, 0, 0, 2, 22657.51, 47694802, 245
2226, 63, 40, 176, 81, 0, 5.66%, 0, 0, 2, 20545.65, 47799169, 245
2231, 64, 40, 176, 81, 0, 5.66%, 0, 0, 2, 19178.02, 47893071, 245
2236, 64, 40, 176, 81, 0, 5.66%, 0, 0, 2, 18688.50, 47993186, 245
2241, 64, 40, 176, 81, 0, 5.66%, 0, 0, 2, 21205.96, 48108371, 245
2246, 64, 42, 176, 81, 0, 5.66%, 0, 0, 2, 19531.62, 48209709, 245
2251, 64, 40, 176, 81, 0, 5.66%, 0, 0, 2, 21641.22, 48322580, 245
2257, 64, 32, 176, 81, 0, 5.66%, 0, 0, 2, 19746.53, 48418669, 245
2262, 64, 40, 176, 80, 0, 5.66%, 0, 0, 2, 23650.52, 48547667, 245
2267, 65, 3, 176, 80, 0, 5.66%, 0, 0, 2, 22273.23, 48650867, 245
2272, 65, 40, 176, 80, 0, 5.66%, 0, 0, 2, 22970.67, 48766750, 245
2277, 65, 40, 176, 80, 0, 5.66%, 0, 0, 2, 19753.69, 48866972, 245
2282, 65, 40, 176, 80, 0, 5.66%, 0, 0, 2, 20665.59, 48978953, 245
2287, 65, 40, 176, 80, 0, 5.66%, 0, 0, 2, 20877.49, 49079469, 245
2292, 65, 40, 176, 80, 0, 5.66%, 0, 0, 2, 21558.97, 49186473, 245
2298, 65, 46, 176, 80, 0, 5.66%, 0, 0, 2, 20534.32, 49280767, 245
2303, 66, 46, 176, 80, 0, 5.66%, 0, 0, 2, 21289.46, 49388924, 245
2308, 66, 10, 176, 80, 0, 5.66%, 0, 0, 2, 20883.02, 49493714, 245
2313, 66, 40, 176, 80, 0, 5.66%, 0, 0, 2, 21750.34, 49611489, 245
2318, 66, 40, 176, 80, 0, 5.66%, 0, 0, 2, 20883.55, 49713723, 245
2323, 66, 40, 176, 80, 0, 5.66%, 0, 0, 2, 23091.80, 49835944, 245
2329, 66, 68, 176, 80, 0, 5.66%, 0, 0, 2, 21607.83, 49943203, 245
2334, 66, 3, 176, 80, 0, 5.66%, 0, 0, 2, 21149.48, 50055509, 245
2339, 67, 46, 176, 80, 0, 5.66%, 0, 0, 2, 22686.07, 50165820, 245
2344, 67, 40, 176, 80, 0, 5.66%, 0, 0, 2, 20620.33, 50273235, 245
2349, 67, 24, 176, 80, 0, 5.66%, 0, 0, 2, 18619.92, 50366713, 245
2354, 67, 3, 176, 80, 0, 5.66%, 0, 0, 2, 20303.66, 50477991, 245
2359, 67, 40, 176, 80, 0, 5.66%, 0, 0, 2, 22559.58, 50592087, 245
2364, 67, 40, 176, 80, 0, 5.66%, 0, 0, 2, 19465.71, 50696226, 245
2370, 68, 40, 176, 80, 0, 5.66%, 0, 0, 2, 21937.19, 50807061, 245
2375, 68, 40, 176, 80, 0, 5.66%, 0, 0, 2, 20476.20, 50918266, 245
2380, 68, 46, 176, 80, 0, 5.66%, 0, 0, 2, 22212.57, 51031110, 245
2385, 68, 40, 176, 80, 0, 5.66%, 0, 0, 2, 20175.87, 51143281, 245
2390, 68, 40, 176, 80, 0, 5.66%, 0, 0, 2, 21472.39, 51253810, 245
2395, 68, 40, 176, 80, 0, 5.66%, 0, 0, 2, 18734.90, 51349574, 245
2400, 68, 3, 176, 80, 0, 5.66%, 0, 0, 2, 21752.22, 51465786, 245
2406, 68, 40, 176, 80, 0, 5.66%, 0, 0, 2, 19671.67, 51564853, 245
2411, 69, 40, 176, 80, 0, 5.66%, 0, 0, 2, 21106.58, 51672816, 245
2416, 69, 40, 176, 80, 0, 5.66%, 0, 0, 2, 19543.01, 51772222, 245
2421, 69, 40, 176, 80, 0, 5.66%, 0, 0, 2, 21517.73, 51886998, 245
2426, 69, 40, 176, 80, 0, 5.66%, 0, 0, 2, 22290.53, 52003715, 245
2431, 69, 40, 176, 80, 0, 5.66%, 0, 0, 2, 23560.24, 52125281, 245
2437, 69, 46, 176, 80, 0, 5.66%, 0, 0, 2, 21526.02, 52235019, 245
2442, 70, 3, 176, 80, 0, 5.66%, 0, 0, 2, 22151.01, 52346181, 245
2447, 70, 40, 176, 80, 0, 5.66%, 0, 0, 2, 20493.33, 52446923, 245
2452, 70, 46, 176, 80, 0, 5.66%, 0, 0, 2, 21200.04, 52561045, 245
2457, 70, 40, 176, 80, 0, 5.66%, 0, 0, 2, 19576.53, 52657746, 245
2462, 70, 40, 176, 80, 0, 5.66%, 0, 0, 2, 22399.42, 52775493, 245
2467, 70, 40, 176, 80, 0, 5.66%, 0, 0, 2, 20591.97, 52878232, 245
2473, 70, 10, 176, 80, 0, 5.66%, 0, 0, 2, 20619.17, 52980583, 245
2478, 71, 40, 176, 80, 0, 5.66%, 0, 0, 2, 18784.09, 53072094, 245
2483, 71, 3, 176, 80, 0, 5.66%, 0, 0, 2, 20198.85, 53179643, 245
2488, 71, 40, 176, 80, 0, 5.66%, 0, 0, 2, 19096.54, 53276236, 245
2493, 71, 40, 176, 80, 0, 5.66%, 0, 0, 2, 21721.02, 53389270, 245
2498, 71, 40, 176, 80, 0, 5.66%, 0, 0, 2, 20486.95, 53485389, 245
2503, 71, 68, 176, 80, 0, 5.66%, 0, 0, 2, 21100.01, 53601597, 245
2508, 71, 40, 176, 80, 0, 5.66%, 0, 0, 2, 19633.46, 53692739, 245
2513, 72, 42, 176, 80, 0, 5.66%, 0, 0, 2, 21556.23, 53811707, 245
2519, 72, 3, 176, 80, 0, 5.66%, 0, 0, 2, 21064.07, 53912652, 245
2524, 72, 40, 176, 80, 0, 5.66%, 0, 0, 2, 19615.03, 54018263, 245
2529, 72, 46, 176, 80, 0, 5.66%, 0, 0, 2, 18220.20, 54113715, 245
2534, 72, 10, 176, 80, 0, 5.66%, 0, 0, 2, 19836.99, 54220629, 245
2539, 72, 3, 176, 80, 0, 5.66%, 0, 0, 2, 21456.52, 54328040, 245
2544, 72, 40, 176, 80, 0, 5.66%, 0, 0, 2, 20171.89, 54429752, 245
2550, 73, 68, 176, 80, 0, 5.66%, 0, 0, 2, 22594.95, 54546524, 245
2555, 73, 40, 176, 80, 0, 5.66%, 0, 0, 2, 20814.97, 54655319, 245
2560, 73, 40, 176, 80, 0, 5.66%, 0, 0, 2, 22902.99, 54772547, 245
2565, 73, 109, 176, 80, 0, 5.66%, 0, 0, 2, 18004.39, 54858352, 245
2570, 73, 40, 176, 80, 0, 5.66%, 0, 0, 2, 22454.98, 54972848, 245
2575, 73, 40, 176, 79, 0, 5.66%, 0, 0, 2, 21039.73, 55084703, 245
2580, 74, 46, 176, 79, 0, 5.66%, 0, 0, 2, 21965.54, 55196496, 245
2586, 74, 40, 176, 79, 0, 5.66%, 0, 0, 2, 20874.05, 55304612, 245
2591, 74, 40, 176, 79, 0, 5.66%, 0, 0, 2, 21147.45, 55414387, 245
2596, 74, 40, 176, 79, 0, 5.66%, 0, 0, 2, 20331.75, 55523077, 245
2601, 74, 40, 176, 79, 0, 5.66%, 0, 0, 2, 22346.23, 55637876, 245
2606, 74, 46, 176, 79, 0, 5.66%, 0, 0, 2, 20094.75, 55742828, 245
2611, 74, 3, 176, 79, 0, 5.66%, 0, 0, 2, 22686.27, 55858421, 245
2617, 75, 40, 176, 79, 0, 5.66%, 0, 0, 2, 19070.49, 55957575, 245
2622, 75, 3, 176, 79, 0, 5.66%, 0, 0, 2, 22754.05, 56074722, 245
2627, 75, 40, 176, 79, 0, 5.66%, 0, 0, 2, 22719.84, 56186935, 245
2632, 75, 46, 176, 79, 0, 5.66%, 0, 0, 2, 22917.05, 56302655, 245
2637, 75, 40, 176, 79, 0, 5.66%, 0, 0, 2, 20893.38, 56405888, 245
2642, 75, 40, 176, 79, 0, 5.66%, 0, 0, 2, 21309.75, 56517874, 245
2647, 75, 40, 176, 79, 0, 5.66%, 0, 0, 2, 20811.04, 56619992, 245
2653, 76, 40, 176, 79, 0, 5.66%, 0, 0, 2, 21643.65, 56725604, 245
2658, 76, 40, 176, 78, 0, 5.66%, 0, 0, 2, 20663.23, 56827479, 245
2663, 76, 3, 176, 78, 0, 5.66%, 0, 0, 2, 24645.63, 56955554, 245
2668, 76, 40, 176, 78, 0, 5.66%, 0, 0, 2, 22486.92, 57065333, 245
2673, 76, 40, 176, 78, 0, 5.66%, 0, 0, 2, 22105.21, 57178751, 245
2678, 76, 40, 176, 78, 0, 5.66%, 0, 0, 2, 20570.20, 57277502, 245
2683, 77, 40, 176, 78, 0, 5.66%, 0, 0, 2, 22956.21, 57397872, 245
2689, 77, 40, 176, 78, 0, 5.66%, 0, 0, 2, 21960.15, 57510413, 245
2694, 77, 40, 176, 78, 0, 5.66%, 0, 0, 2, 21567.75, 57625478, 245
2699, 77, 46, 176, 78, 0, 5.66%, 0, 0, 2, 21277.85, 57733249, 245
2704, 77, 46, 176, 78, 0, 5.66%, 0, 0, 2, 20817.14, 57847997, 245
2709, 77, 3, 176, 78, 0, 5.66%, 0, 0, 2, 20899.06, 57951450, 245
2714, 77, 3, 176, 77, 0, 5.66%, 0, 0, 2, 18652.49, 58049428, 245
2720, 78, 40, 176, 77, 0, 5.66%, 0, 0, 2, 20384.23, 58156600, 245
2725, 78, 40, 176, 77, 0, 5.66%, 0, 0, 2, 20761.18, 58270032, 245
2730, 78, 40, 176, 77, 0, 5.66%, 0, 0, 2, 21898.67, 58378998, 245
2735, 78, 49, 176, 77, 0, 5.66%, 0, 0, 2, 20713.23, 58490564, 245
2740, 78, 109, 176, 77, 0, 5.66%, 0, 0, 2, 21188.35, 58601228, 245
2745, 78, 46, 176, 77, 0, 5.66%, 0, 0, 2, 19855.97, 58707231, 245
2751, 78, 40, 176, 77, 0, 5.66%, 0, 0, 2, 22649.95, 58821913, 245
2756, 79, 3, 176, 77, 0, 5.66%, 0, 0, 2, 19315.75, 58922037, 245
2761, 79, 24, 176, 77, 0, 5.66%, 0, 0, 2, 22016.25, 59036352, 245
2766, 79, 3, 176, 77, 0, 5.66%, 0, 0, 2, 19538.70, 59137734, 245
2771, 79, 3, 176, 77, 0, 5.66%, 0, 0, 2, 20406.01, 59244267, 245
2776, 79, 3, 176, 76, 0, 5.66%, 0, 0, 2, 20226.35, 59348326, 245
2782, 79, 68, 176, 76, 0, 5.66%, 0, 0, 2, 22883.67, 59472588, 245
2787, 80, 46, 176, 76, 0, 5.66%, 0, 0, 2, 19667.25, 59563976, 245
2792, 80, 40, 176, 76, 0, 5.66%, 0, 0, 2, 20843.81, 59676110, 245
2797, 80, 40, 176, 76, 0, 5.66%, 0, 0, 2, 18715.30, 59770309, 245
2802, 80, 46, 176, 76, 0, 5.66%, 0, 0, 2, 17018.92, 59855377, 245
2807, 80, 40, 176, 76, 0, 5.66%, 0, 0, 2, 11177.20, 59904900, 245
2812, 80, 46, 176, 76, 0, 5.66%, 0, 0, 2, 13742.21, 59979610, 245
2818, 80, 40, 176, 76, 0, 5.66%, 0, 0, 2, 15454.23, 60055670, 245
2823, 80, 46, 176, 76, 0, 5.66%, 0, 0, 2, 20009.34, 60158671, 245
2828, 80, 3, 176, 76, 0, 5.66%, 0, 0, 2, 17812.71, 60245234, 245
2833, 81, 40, 176, 76, 0, 5.66%, 0, 0, 2, 20461.94, 60347191, 245
2838, 81, 46, 176, 76, 0, 5.66%, 0, 0, 2, 19647.22, 60437487, 245
2843, 81, 40, 176, 76, 0, 5.66%, 0, 0, 2, 20897.73, 60543595, 245
2848, 81, 46, 176, 76, 0, 5.66%, 0, 0, 2, 21250.11, 60646189, 245
2853, 81, 3, 176, 76, 0, 5.66%, 0, 0, 2, 17716.75, 60733664, 245
2859, 81, 40, 176, 76, 0, 5.66%, 0, 0, 2, 19028.63, 60828404, 245
2864, 81, 40, 176, 76, 0, 5.66%, 0, 0, 2, 20019.92, 60926599, 245
2869, 82, 3, 176, 76, 0, 5.66%, 0, 0, 2, 22601.59, 61040082, 245
2874, 82, 40, 176, 76, 0, 5.66%, 0, 0, 2, 16666.39, 61124770, 245
2879, 82, 32, 176, 76, 0, 5.66%, 0, 0, 2, 16630.54, 61201405, 245
2884, 82, 40, 176, 74, 0, 5.66%, 0, 0, 2, 19611.07, 61307914, 245
2890, 82, 40, 176, 74, 0, 5.66%, 0, 0, 2, 18210.39, 61409347, 245
2895, 82, 40, 176, 74, 0, 5.66%, 0, 0, 2, 14465.98, 61483846, 245
2900, 82, 3, 176, 74, 0, 5.66%, 0, 0, 2, 15371.62, 61560872, 245
2905, 82, 46, 176, 74, 0, 5.66%, 0, 0, 2, 14011.29, 61632992, 245
2910, 82, 3, 176, 74, 0, 5.66%, 0, 0, 2, 14917.63, 61709734, 245
2915, 83, 3, 176, 73, 0, 5.66%, 0, 0, 2, 12252.11, 61772331, 245
2920, 83, 46, 176, 73, 0, 5.66%, 0, 0, 2, 15809.22, 61854093, 245
2925, 83, 46, 176, 73, 0, 5.66%, 0, 0, 2, 12050.33, 61915494, 245
2930, 83, 68, 176, 73, 0, 5.66%, 0, 0, 2, 14404.68, 61985236, 245
2935, 83, 40, 176, 73, 0, 5.66%, 0, 0, 2, 12337.78, 62047319, 245
2941, 83, 46, 176, 73, 0, 5.66%, 0, 0, 2, 17453.97, 62147279, 245
2946, 83, 40, 176, 73, 0, 5.66%, 0, 0, 2, 14613.36, 62219660, 245
2951, 83, 46, 176, 73, 0, 5.66%, 0, 0, 2, 15250.31, 62300442, 245
2956, 83, 40, 176, 73, 0, 5.66%, 0, 0, 2, 14983.93, 62378507, 245
2961, 84, 46, 176, 73, 0, 5.66%, 0, 0, 2, 16913.53, 62466326, 245
2966, 84, 40, 176, 73, 0, 5.66%, 0, 0, 2, 15245.36, 62545783, 245
2971, 84, 40, 176, 72, 0, 5.66%, 0, 0, 2, 18697.21, 62639338, 245
2976, 84, 46, 176, 72, 0, 5.66%, 0, 0, 2, 14983.24, 62715010, 245
2981, 84, 3, 176, 72, 0, 5.66%, 0, 0, 2, 18037.30, 62801697, 245
2986, 84, 3, 176, 72, 0, 5.66%, 0, 0, 2, 14842.00, 62876616, 245
2991, 84, 40, 176, 72, 0, 5.66%, 0, 0, 2, 17698.31, 62970946, 245
2997, 84, 46, 176, 72, 0, 5.66%, 0, 0, 2, 15245.70, 63047607, 245
3002, 84, 40, 176, 72, 0, 5.66%, 0, 0, 2, 16512.48, 63134671, 245
3007, 85, 40, 176, 72, 0, 5.66%, 0, 0, 2, 15576.19, 63215162, 245
3012, 85, 40, 176, 72, 0, 5.66%, 0, 0, 2, 16855.09, 63297831, 245
3017, 85, 32, 176, 71, 0, 5.66%, 0, 0, 2, 15442.03, 63371581, 245
3022, 85, 40, 176, 71, 0, 5.66%, 0, 0, 2, 17716.73, 63465279, 245
3027, 85, 40, 176, 71, 0, 5.66%, 0, 0, 2, 15468.38, 63538440, 245
3032, 85, 40, 176, 71, 0, 5.66%, 0, 0, 2, 17999.82, 63636406, 245
3037, 85, 3, 176, 71, 0, 5.66%, 0, 0, 2, 16194.10, 63710290, 245
3043, 85, 40, 176, 71, 0, 5.66%, 0, 0, 2, 21434.00, 63821129, 245
3048, 85, 3, 176, 71, 0, 5.66%, 0, 0, 2, 16829.21, 63897491, 245
3053, 86, 40, 176, 71, 0, 5.66%, 0, 0, 2, 16983.74, 63975591, 245
3058, 86, 40, 176, 71, 0, 5.66%, 0, 0, 2, 16378.06, 64055241, 245
3063, 86, 40, 176, 71, 0, 5.66%, 0, 0, 2, 15587.49, 64133714, 245
3068, 86, 40, 176, 70, 0, 5.66%, 0, 0, 2, 15290.89, 64205007, 245
3073, 86, 40, 176, 70, 0, 5.66%, 0, 0, 2, 18704.72, 64298744, 245
3078, 86, 40, 176, 70, 0, 5.66%, 0, 0, 2, 14068.52, 64363592, 245
3083, 86, 46, 176, 70, 0, 5.66%, 0, 0, 2, 19125.51, 64458085, 245
3089, 86, 40, 176, 70, 0, 5.66%, 0, 0, 2, 16865.38, 64530692, 245
3094, 87, 10, 176, 70, 0, 5.66%, 0, 0, 2, 15303.66, 64609308, 245
3099, 87, 40, 176, 70, 0, 5.66%, 0, 0, 2, 16091.13, 64688377, 245
3104, 87, 40, 176, 70, 0, 5.66%, 0, 0, 2, 15900.51, 64772151, 245
3109, 87, 40, 176, 70, 0, 5.66%, 0, 0, 2, 15846.45, 64844921, 245
3114, 87, 46, 176, 70, 0, 5.66%, 0, 0, 2, 13890.31, 64917512, 245
3119, 87, 40, 176, 70, 0, 5.66%, 0, 0, 2, 18025.91, 65007784, 245
3124, 87, 46, 176, 70, 0, 5.66%, 0, 0, 2, 17007.72, 65096960, 245
3130, 87, 40, 176, 70, 0, 5.66%, 0, 0, 2, 14807.50, 65170275, 245
3135, 87, 3, 176, 70, 0, 5.66%, 0, 0, 2, 15283.41, 65252708, 245
3140, 87, 40, 176, 70, 0, 5.66%, 0, 0, 2, 15215.24, 65332371, 245
3145, 88, 46, 176, 70, 0, 5.66%, 0, 0, 2, 16112.93, 65419544, 245
3150, 88, 3, 176, 70, 0, 5.66%, 0, 0, 2, 18193.01, 65513510, 245
3155, 88, 40, 176, 70, 0, 5.66%, 0, 0, 2, 14581.81, 65587092, 245
3160, 88, 40, 176, 70, 0, 5.66%, 0, 0, 2, 18747.06, 65681858, 245
3165, 88, 24, 176, 70, 0, 5.66%, 0, 0, 2, 14338.97, 65750582, 245
3170, 88, 24, 176, 70, 0, 5.66%, 0, 0, 2, 17412.18, 65841562, 245
3176, 88, 40, 176, 70, 0, 5.66%, 0, 0, 2, 15251.39, 65924091, 245
3181, 88, 114, 176, 70, 0, 5.66%, 0, 0, 2, 16434.04, 66011464, 245
3186, 89, 40, 176, 69, 0, 5.66%, 0, 0, 2, 14582.26, 66091250, 245
3191, 89, 40, 176, 69, 0, 5.66%, 0, 0, 2, 14552.34, 66163341, 245
3196, 89, 3, 176, 69, 0, 5.66%, 0, 0, 2, 14482.23, 66240195, 245
3201, 89, 15, 176, 69, 0, 5.66%, 0, 0, 2, 16120.86, 66325959, 245
3206, 89, 40, 176, 69, 0, 5.66%, 0, 0, 2, 15147.44, 66401973, 245
3211, 89, 40, 176, 69, 0, 5.66%, 0, 0, 2, 14990.63, 66483796, 245
3217, 89, 46, 176, 69, 0, 5.66%, 0, 0, 2, 15128.74, 66562110, 245
3222, 89, 46, 176, 68, 0, 5.66%, 0, 0, 2, 16836.82, 66643658, 245
3227, 89, 40, 176, 67, 0, 5.66%, 0, 0, 2, 15731.98, 66724223, 245
3232, 90, 40, 176, 67, 0, 5.66%, 0, 0, 2, 16954.10, 66814116, 245
3237, 90, 3, 176, 67, 0, 5.66%, 0, 0, 2, 13049.24, 66880641, 245
3242, 90, 3, 176, 67, 0, 5.66%, 0, 0, 2, 17465.40, 66978464, 245
3247, 90, 40, 176, 67, 0, 5.66%, 0, 0, 2, 14702.82, 67046709, 245
3252, 90, 40, 176, 67, 0, 5.66%, 0, 0, 2, 16874.20, 67131060, 245
3258, 90, 40, 176, 67, 0, 5.66%, 0, 0, 2, 17849.08, 67215876, 245
3263, 90, 40, 176, 67, 0, 5.66%, 0, 0, 2, 18239.38, 67305719, 245
3268, 90, 3, 176, 67, 0, 5.66%, 0, 0, 2, 16124.80, 67380783, 245
3273, 90, 68, 176, 67, 0, 5.66%, 0, 0, 2, 16871.16, 67469020, 245
3278, 91, 3, 176, 67, 0, 5.66%, 0, 0, 2, 17660.66, 67556688, 245
3283, 91, 40, 176, 67, 0, 5.66%, 0, 0, 2, 17557.22, 67650208, 245
3288, 91, 40, 176, 67, 0, 5.66%, 0, 0, 2, 15607.87, 67721907, 245
3293, 91, 40, 176, 67, 0, 5.66%, 0, 0, 2, 16228.69, 67811671, 245
3298, 91, 40, 176, 67, 0, 5.66%, 0, 0, 2, 15436.01, 67888310, 245
3303, 91, 15, 176, 67, 0, 5.66%, 0, 0, 2, 18041.86, 67983871, 245
3308, 91, 3, 176, 67, 0, 5.66%, 0, 0, 2, 13173.05, 68042716, 245
3314, 91, 40, 176, 67, 0, 5.66%, 0, 0, 2, 15489.55, 68122334, 245
3319, 91, 40, 176, 67, 0, 5.66%, 0, 0, 2, 14264.25, 68191104, 245
3324, 91, 3, 176, 67, 0, 5.66%, 0, 0, 2, 16005.38, 68274585, 245
3329, 92, 40, 176, 67, 0, 5.66%, 0, 0, 2, 15765.84, 68355456, 245
3334, 92, 32, 176, 67, 0, 5.66%, 0, 0, 2, 16490.92, 68446976, 245
3339, 92, 3, 176, 67, 0, 5.66%, 0, 0, 2, 16136.68, 68523554, 245
3345, 92, 40, 176, 67, 0, 5.66%, 0, 0, 2, 15709.10, 68608479, 245
3350, 92, 32, 176, 67, 0, 5.66%, 0, 0, 2, 19027.19, 68703875, 245
3355, 92, 40, 176, 67, 0, 5.66%, 0, 0, 2, 15776.31, 68782837, 245
3360, 92, 46, 176, 67, 0, 5.66%, 0, 0, 2, 20237.87, 68882460, 245
3365, 92, 3, 176, 67, 0, 5.66%, 0, 0, 2, 14195.84, 68957059, 245
3370, 93, 40, 176, 67, 0, 5.66%, 0, 0, 2, 14457.74, 69033220, 245
3375, 93, 46, 176, 67, 0, 5.66%, 0, 0, 2, 14992.68, 69114229, 245
3380, 93, 40, 176, 67, 0, 5.66%, 0, 0, 2, 16610.35, 69202001, 245
3386, 93, 40, 176, 66, 0, 5.66%, 0, 0, 2, 15400.33, 69286557, 245
3391, 93, 40, 176, 66, 0, 5.66%, 0, 0, 2, 17045.12, 69366212, 245
3396, 93, 40, 176, 66, 0, 5.66%, 0, 0, 2, 15879.73, 69451514, 245
3401, 93, 40, 176, 66, 0, 5.66%, 0, 0, 2, 19161.74, 69546854, 245
3406, 93, 40, 176, 66, 0, 5.66%, 0, 0, 2, 15107.26, 69623621, 245
3411, 93, 46, 176, 66, 0, 5.66%, 0, 0, 2, 16285.12, 69710104, 245
3416, 94, 40, 176, 66, 0, 5.66%, 0, 0, 2, 13131.87, 69775632, 245
3421, 94, 46, 176, 66, 0, 5.66%, 0, 0, 2, 17013.75, 69870365, 245
3426, 94, 40, 176, 66, 0, 5.66%, 0, 0, 2, 15536.76, 69947027, 245
3431, 94, 40, 176, 66, 0, 5.66%, 0, 0, 2, 12949.98, 70014228, 245
3436, 94, 40, 176, 66, 0, 5.66%, 0, 0, 2, 14959.78, 70097513, 245
3442, 94, 40, 176, 66, 0, 5.66%, 0, 0, 2, 15225.79, 70179310, 245
3447, 94, 3, 176, 66, 0, 5.66%, 0, 0, 2, 15754.87, 70257857, 245
3452, 94, 40, 176, 65, 0, 5.66%, 0, 0, 2, 18046.32, 70353566, 245
3457, 94, 40, 176, 65, 0, 5.66%, 0, 0, 2, 14039.54, 70423126, 245
3462, 95, 49, 176, 65, 0, 5.66%, 0, 0, 2, 16652.06, 70514456, 245
3467, 95, 3, 176, 65, 0, 5.66%, 0, 0, 2, 15393.17, 70589381, 245
3472, 95, 40, 176, 65, 0, 5.66%, 0, 0, 2, 16756.09, 70673381, 245
3477, 95, 49, 176, 65, 0, 5.66%, 0, 0, 2, 16773.33, 70753921, 245
3482, 95, 40, 176, 65, 0, 5.66%, 0, 0, 2, 19011.87, 70852279, 245
3488, 95, 68, 176, 65, 0, 5.66%, 0, 0, 2, 16290.62, 70926805, 245
3493, 95, 42, 176, 65, 0, 5.66%, 0, 0, 2, 17743.84, 71014280, 245
3498, 95, 36, 176, 65, 0, 5.66%, 0, 0, 2, 15457.36, 71084534, 245
3503, 95, 40, 176, 65, 0, 5.66%, 0, 0, 2, 17385.29, 71176702, 245
3508, 96, 40, 176, 65, 0, 5.66%, 0, 0, 2, 16000.82, 71254612, 245
3513, 96, 40, 176, 65, 0, 5.66%, 0, 0, 2, 15745.77, 71339636, 245
3518, 96, 40, 176, 65, 0, 5.66%, 0, 0, 2, 15219.17, 71411693, 245
3524, 96, 40, 176, 65, 0, 5.66%, 0, 0, 2, 16687.80, 71502787, 245
3529, 96, 40, 176, 65, 0, 5.66%, 0, 0, 2, 20201.73, 71600466, 245
3534, 96, 46, 176, 65, 0, 5.66%, 0, 0, 2, 18803.67, 71690030, 245
3539, 96, 40, 176, 65, 0, 5.66%, 0, 0, 2, 17324.89, 71772562, 245
3544, 96, 46, 176, 65, 0, 5.66%, 0, 0, 2, 15573.99, 71855759, 245
3549, 96, 40, 176, 65, 0, 5.66%, 0, 0, 2, 13708.45, 71923679, 245
3554, 97, 40, 176, 65, 0, 5.66%, 0, 0, 2, 15312.25, 72007331, 245
3559, 97, 40, 176, 65, 0, 5.66%, 0, 0, 2, 14599.98, 72082999, 245
3564, 97, 108, 176, 65, 0, 5.66%, 0, 0, 2, 14429.69, 72160134, 245
3569, 97, 40, 176, 65, 0, 5.66%, 0, 0, 2, 17782.55, 72245695, 245
3575, 97, 40, 176, 64, 0, 5.66%, 0, 0, 2, 15731.34, 72333063, 245
3580, 97, 46, 176, 64, 0, 5.66%, 0, 0, 2, 16687.88, 72414545, 245
3585, 97, 46, 176, 64, 0, 5.66%, 0, 0, 2, 14685.34, 72487584, 245
3590, 97, 40, 176, 63, 0, 5.66%, 0, 0, 2, 15411.04, 72560041, 245
3595, 97, 3, 176, 63, 0, 5.66%, 0, 0, 2, 15972.68, 72644791, 245
3596, 97, 40, 176, 63, 0, 5.66%, 0, 0, 2, 16331.72, 72659955, 245
