# relative_time, cycles_done, cur_item, corpus_count, pending_total, pending_favs, map_size, saved_crashes, saved_hangs, max_depth, execs_per_sec, total_execs, edges_found
61, 4, 36, 94, 43, 0, 4.81%, 0, 0, 3, 18634.81, 1193565, 205
66, 5, 26, 96, 44, 0, 4.81%, 0, 0, 3, 19059.94, 1292301, 205
71, 5, 25, 96, 42, 0, 4.81%, 0, 0, 3, 16516.00, 1376470, 205
77, 6, 20, 96, 38, 0, 4.81%, 0, 0, 3, 18044.61, 1474495, 205
82, 6, 26, 97, 37, 0, 4.81%, 0, 0, 3, 19396.49, 1575399, 205
87, 7, 25, 98, 36, 0, 4.81%, 0, 0, 3, 18274.52, 1672560, 205
92, 7, 25, 98, 33, 0, 4.81%, 0, 0, 3, 18060.10, 1757188, 205
97, 7, 26, 98, 30, 0, 4.81%, 0, 0, 3, 17112.15, 1837204, 205
102, 8, 5, 102, 33, 0, 4.81%, 0, 0, 3, 14914.66, 1913575, 205
107, 8, 34, 102, 32, 0, 4.81%, 0, 0, 3, 17610.62, 2008597, 205
112, 8, 26, 102, 29, 0, 4.81%, 0, 0, 3, 17660.61, 2103009, 205
117, 9, 26, 102, 26, 0, 4.81%, 0, 0, 3, 18073.95, 2196297, 205
123, 9, 98, 105, 28, 0, 4.81%, 0, 0, 3, 12108.90, 2258993, 205
128, 9, 25, 106, 26, 0, 4.81%, 0, 0, 3, 13492.38, 2320608, 205
133, 9, 11, 106, 25, 0, 4.81%, 0, 0, 3, 17656.48, 2414842, 205
138, 10, 27, 106, 24, 0, 4.81%, 0, 0, 3, 18973.97, 2516092, 205
143, 10, 28, 106, 22, 0, 4.81%, 0, 0, 3, 19946.46, 2620511, 205
148, 11, 28, 108, 23, 0, 4.81%, 0, 0, 3, 19612.54, 2728015, 205
153, 11, 37, 108, 23, 0, 4.81%, 0, 0, 3, 22314.03, 2841103, 205
158, 12, 43, 108, 23, 0, 4.81%, 0, 0, 3, 19156.47, 2933631, 205
163, 12, 87, 108, 20, 0, 4.81%, 0, 0, 3, 20551.07, 3046707, 205
168, 13, 5, 108, 19, 0, 4.81%, 0, 0, 3, 16991.44, 3120364, 205
173, 13, 101, 108, 19, 0, 4.81%, 0, 0, 3, 18941.66, 3221829, 205
179, 13, 101, 110, 21, 0, 4.81%, 0, 0, 3, 9855.81, 3259769, 205
184, 13, 28, 113, 22, 0, 4.81%, 0, 0, 3, 15004.29, 3329398, 205
189, 14, 36, 113, 22, 0, 4.81%, 0, 0, 3, 19124.98, 3433019, 205
194, 14, 86, 114, 22, 0, 4.81%, 0, 0, 3, 16082.03, 3520385, 205
199, 14, 43, 114, 21, 0, 4.81%, 0, 0, 3, 18259.57, 3608327, 205
204, 15, 28, 116, 21, 0, 4.81%, 0, 0, 3, 16120.32, 3693170, 205
209, 15, 28, 116, 21, 0, 4.81%, 0, 0, 3, 20824.12, 3812367, 205
214, 15, 26, 116, 20, 0, 4.81%, 0, 0, 3, 20309.14, 3908023, 205
219, 16, 28, 116, 19, 0, 4.81%, 0, 0, 3, 19490.54, 4007175, 205
225, 16, 100, 116, 19, 0, 4.81%, 0, 0, 3, 18176.16, 4109575, 205
230, 16, 26, 116, 18, 0, 4.81%, 0, 0, 3, 19491.64, 4206253, 205
235, 17, 27, 116, 18, 0, 4.81%, 0, 0, 3, 21761.80, 4321696, 205
240, 17, 26, 116, 18, 0, 4.81%, 0, 0, 3, 22391.32, 4429309, 205
245, 18, 25, 116, 17, 0, 4.81%, 0, 0, 3, 19748.18, 4519207, 205
250, 18, 19, 116, 17, 0, 4.81%, 0, 0, 3, 20493.30, 4619919, 205
255, 19, 20, 116, 17, 0, 4.81%, 0, 0, 3, 21942.91, 4735730, 205
260, 19, 40, 116, 17, 0, 4.81%, 0, 0, 3, 21039.71, 4840803, 205
266, 20, 43, 116, 17, 0, 4.81%, 0, 0, 3, 23579.50, 4964604, 205
271, 20, 37, 116, 17, 0, 4.81%, 0, 0, 3, 22540.51, 5077496, 205
276, 21, 25, 116, 17, 0, 4.81%, 0, 0, 3, 21303.23, 5189150, 205
281, 21, 5, 116, 17, 0, 4.81%, 0, 0, 3, 21407.17, 5294568, 205
286, 21, 114, 116, 17, 0, 4.81%, 0, 0, 3, 19405.78, 5399029, 205
291, 22, 25, 119, 19, 0, 4.81%, 0, 0, 3, 20330.46, 5484395, 205
296, 22, 27, 119, 19, 0, 4.81%, 0, 0, 3, 20176.83, 5588461, 205
301, 23, 32, 119, 19, 0, 4.81%, 0, 0, 3, 21919.77, 5700052, 205
307, 23, 28, 119, 19, 0, 4.81%, 0, 0, 3, 18507.05, 5795656, 205
312, 23, 115, 119, 18, 0, 4.81%, 0, 0, 3, 11224.60, 5847707, 205
317, 23, 26, 119, 17, 0, 4.81%, 0, 0, 3, 16860.75, 5940288, 205
322, 24, 26, 119, 17, 0, 4.81%, 0, 0, 3, 20412.77, 6048968, 205
327, 24, 43, 119, 17, 0, 4.81%, 0, 0, 3, 19204.30, 6151414, 205
332, 25, 105, 119, 16, 0, 4.81%, 0, 0, 3, 15123.59, 6222115, 205
337, 25, 26, 119, 14, 0, 4.81%, 0, 0, 3, 14076.96, 6282394, 205
342, 25, 26, 119, 13, 0, 4.81%, 0, 0, 3, 18633.27, 6387780, 205
347, 26, 25, 119, 13, 0, 4.81%, 0, 0, 3, 16529.82, 6470484, 205
352, 26, 25, 119, 13, 0, 4.81%, 0, 0, 3, 16351.29, 6554675, 205
358, 26, 5, 119, 12, 0, 4.81%, 0, 0, 3, 14715.72, 6629320, 205
363, 27, 26, 119, 12, 0, 4.81%, 0, 0, 3, 15770.83, 6711391, 205
368, 27, 43, 119, 11, 0, 4.81%, 0, 0, 3, 15162.00, 6790963, 205
373, 27, 25, 119, 11, 0, 4.81%, 0, 0, 3, 17746.32, 6880592, 205
378, 28, 5, 119, 10, 0, 4.81%, 0, 0, 3, 13488.18, 6943077, 205
383, 28, 25, 119, 10, 0, 4.81%, 0, 0, 3, 19441.13, 7039738, 205
388, 28, 26, 119, 10, 0, 4.81%, 0, 0, 3, 17694.88, 7137447, 205
394, 29, 25, 119, 10, 0, 4.81%, 0, 0, 3, 16984.20, 7226967, 205
399, 29, 27, 119, 10, 0, 4.81%, 0, 0, 3, 16696.36, 7310112, 205
404, 29, 25, 119, 10, 0, 4.81%, 0, 0, 3, 14376.71, 7382969, 205
409, 30, 28, 119, 10, 0, 4.81%, 0, 0, 3, 14453.78, 7452963, 205
414, 30, 20, 119, 10, 0, 4.81%, 0, 0, 3, 17725.42, 7534231, 205
419, 30, 5, 119, 10, 0, 4.81%, 0, 0, 3, 19275.60, 7624824, 205
424, 31, 36, 119, 10, 0, 4.81%, 0, 0, 3, 23006.33, 7746059, 205
430, 31, 57, 119, 10, 0, 4.81%, 0, 0, 3, 19349.42, 7840567, 205
435, 32, 25, 119, 10, 0, 4.81%, 0, 0, 3, 18070.90, 7933019, 205
440, 32, 5, 119, 10, 0, 4.81%, 0, 0, 3, 17105.08, 8021062, 205
445, 32, 21, 119, 10, 0, 4.81%, 0, 0, 3, 15446.56, 8099276, 205
450, 33, 36, 119, 10, 0, 4.81%, 0, 0, 3, 18167.99, 8193264, 205
455, 33, 25, 119, 9, 0, 4.81%, 0, 0, 3, 18972.26, 8289180, 205
460, 34, 25, 119, 9, 0, 4.81%, 0, 0, 3, 18555.14, 8377999, 205
466, 34, 43, 119, 9, 0, 4.81%, 0, 0, 3, 12245.63, 8439495, 205
471, 34, 37, 119, 9, 0, 4.81%, 0, 0, 3, 15838.03, 8524987, 205
476, 35, 25, 119, 9, 0, 4.81%, 0, 0, 3, 16809.76, 8613564, 205
481, 35, 25, 119, 9, 0, 4.81%, 0, 0, 3, 18416.79, 8711547, 205
486, 35, 28, 119, 9, 0, 4.81%, 0, 0, 3, 16788.95, 8798473, 205
491, 36, 28, 119, 9, 0, 4.81%, 0, 0, 3, 17786.60, 8888057, 205
496, 36, 37, 119, 9, 0, 4.81%, 0, 0, 3, 21333.52, 9006958, 205
501, 37, 25, 119, 9, 0, 4.81%, 0, 0, 3, 19825.05, 9102964, 205
507, 37, 81, 119, 9, 0, 4.81%, 0, 0, 3, 15810.00, 9181712, 205
512, 38, 5, 119, 8, 0, 4.81%, 0, 0, 3, 17915.27, 9272471, 205
517, 38, 26, 119, 8, 0, 4.81%, 0, 0, 3, 11946.73, 9332637, 205
522, 38, 25, 119, 7, 0, 4.81%, 0, 0, 3, 15248.30, 9414180, 205
527, 39, 25, 119, 6, 0, 4.81%, 0, 0, 3, 16076.72, 9498852, 205
532, 39, 26, 119, 6, 0, 4.81%, 0, 0, 3, 16326.61, 9582639, 205
537, 39, 26, 119, 6, 0, 4.81%, 0, 0, 3, 17208.27, 9672937, 205
542, 40, 25, 119, 6, 0, 4.81%, 0, 0, 3, 17149.57, 9755763, 205
547, 40, 26, 119, 6, 0, 4.81%, 0, 0, 3, 12471.65, 9819793, 205
553, 40, 26, 119, 6, 0, 4.81%, 0, 0, 3, 11278.58, 9875482, 205
558, 40, 28, 119, 6, 0, 4.81%, 0, 0, 3, 11749.29, 9931671, 205
563, 41, 5, 119, 5, 0, 4.81%, 0, 0, 3, 20853.43, 10043990, 205
568, 41, 11, 119, 5, 0, 4.81%, 0, 0, 3, 19898.26, 10145660, 205
573, 42, 36, 119, 5, 0, 4.81%, 0, 0, 3, 20714.76, 10250248, 205
578, 42, 26, 119, 5, 0, 4.81%, 0, 0, 3, 21209.61, 10364038, 205
583, 43, 1, 119, 5, 0, 4.81%, 0, 0, 3, 22910.19, 10474218, 205
588, 43, 28, 119, 5, 0, 4.81%, 0, 0, 3, 19933.00, 10568244, 205
593, 44, 107, 119, 5, 0, 4.81%, 0, 0, 3, 21931.05, 10682599, 205
599, 44, 26, 119, 4, 0, 4.81%, 0, 0, 3, 15833.53, 10750728, 205
604, 45, 43, 119, 4, 0, 4.81%, 0, 0, 3, 18812.94, 10865143, 205
609, 45, 32, 119, 4, 0, 4.81%, 0, 0, 3, 14816.81, 10939126, 205
614, 45, 25, 119, 3, 0, 4.81%, 0, 0, 3, 12064.37, 10989249, 205
619, 46, 27, 122, 6, 0, 4.81%, 0, 0, 3, 12533.77, 11056831, 205
624, 46, 5, 122, 5, 0, 4.81%, 0, 0, 3, 14550.11, 11132675, 205
629, 46, 81, 122, 5, 0, 4.81%, 0, 0, 3, 12119.13, 11197830, 205
634, 47, 25, 122, 5, 0, 4.81%, 0, 0, 3, 17006.13, 11277680, 205
639, 47, 103, 122, 5, 0, 4.81%, 0, 0, 3, 12720.45, 11345652, 205
645, 47, 25, 122, 3, 0, 4.81%, 0, 0, 3, 16740.65, 11442235, 205
650, 48, 5, 122, 3, 0, 4.81%, 0, 0, 3, 18105.04, 11533471, 205
655, 48, 25, 122, 3, 0, 4.81%, 0, 0, 3, 18739.00, 11631105, 205
660, 49, 28, 122, 3, 0, 4.81%, 0, 0, 3, 19589.55, 11729397, 205
665, 49, 25, 122, 3, 0, 4.81%, 0, 0, 3, 22091.88, 11842534, 205
670, 49, 66, 122, 3, 0, 4.81%, 0, 0, 3, 20472.26, 11944664, 205
675, 50, 121, 122, 3, 0, 4.81%, 0, 0, 3, 19084.05, 12046277, 205
681, 50, 5, 122, 2, 0, 4.81%, 0, 0, 3, 21047.43, 12151973, 205
686, 51, 26, 122, 2, 0, 4.81%, 0, 0, 3, 21325.12, 12265882, 205
691, 51, 26, 122, 2, 0, 4.81%, 0, 0, 3, 20962.00, 12371876, 205
696, 52, 5, 122, 2, 0, 4.81%, 0, 0, 3, 21422.61, 12485953, 205
701, 52, 25, 122, 2, 0, 4.81%, 0, 0, 3, 22503.87, 12600421, 205
706, 53, 26, 122, 2, 0, 4.81%, 0, 0, 3, 20377.31, 12704195, 205
711, 53, 26, 122, 2, 0, 4.81%, 0, 0, 3, 19100.35, 12801183, 205
716, 54, 5, 122, 2, 0, 4.81%, 0, 0, 3, 20438.74, 12913410, 205
722, 54, 25, 122, 2, 0, 4.81%, 0, 0, 3, 22118.17, 13029461, 205
727, 55, 28, 122, 2, 0, 4.81%, 0, 0, 3, 20923.22, 13138236, 205
732, 55, 26, 122, 2, 0, 4.81%, 0, 0, 3, 18212.75, 13218815, 205
737, 56, 32, 122, 2, 0, 4.81%, 0, 0, 3, 21775.83, 13343803, 205
742, 56, 26, 122, 2, 0, 4.81%, 0, 0, 3, 22126.57, 13452786, 205
747, 57, 19, 122, 2, 0, 4.81%, 0, 0, 3, 20332.16, 13557437, 205
752, 57, 26, 122, 2, 0, 4.81%, 0, 0, 3, 22275.56, 13673893, 205
757, 58, 37, 122, 2, 0, 4.81%, 0, 0, 3, 21687.38, 13791219, 205
763, 58, 43, 122, 2, 0, 4.81%, 0, 0, 3, 22822.31, 13910494, 205
768, 59, 28, 122, 2, 0, 4.81%, 0, 0, 3, 19138.12, 14006420, 205
773, 60, 19, 122, 2, 0, 4.81%, 0, 0, 3, 24464.85, 14134391, 205
778, 60, 25, 122, 2, 0, 4.81%, 0, 0, 3, 21025.91, 14239358, 205
783, 61, 26, 122, 2, 0, 4.81%, 0, 0, 3, 21301.61, 14349663, 205
788, 61, 78, 122, 2, 0, 4.81%, 0, 0, 3, 20131.45, 14455600, 205
794, 62, 43, 122, 2, 0, 4.81%, 0, 0, 3, 21505.23, 14567229, 205
799, 62, 26, 122, 2, 0, 4.81%, 0, 0, 3, 20150.82, 14670181, 205
804, 63, 5, 122, 2, 0, 4.81%, 0, 0, 3, 21348.47, 14781855, 205
809, 63, 25, 122, 2, 0, 4.81%, 0, 0, 3, 20962.84, 14887844, 205
814, 64, 21, 122, 2, 0, 4.81%, 0, 0, 3, 21771.63, 14998095, 205
819, 64, 43, 122, 2, 0, 4.81%, 0, 0, 3, 21630.25, 15111823, 205
825, 65, 5, 122, 2, 0, 4.81%, 0, 0, 3, 20528.41, 15221035, 205
830, 65, 20, 122, 2, 0, 4.81%, 0, 0, 3, 13159.07, 15282049, 205
835, 65, 26, 122, 2, 0, 4.81%, 0, 0, 3, 12881.67, 15344113, 205
840, 66, 37, 122, 2, 0, 4.81%, 0, 0, 3, 18308.37, 15446409, 205
845, 66, 5, 122, 2, 0, 4.81%, 0, 0, 3, 21861.06, 15561514, 205
850, 67, 37, 122, 2, 0, 4.81%, 0, 0, 3, 21301.73, 15668341, 205
855, 67, 5, 122, 1, 0, 4.81%, 0, 0, 3, 15920.55, 15745020, 205
860, 67, 32, 122, 0, 0, 4.81%, 0, 0, 3, 13565.99, 15812924, 205
866, 68, 21, 122, 0, 0, 4.81%, 0, 0, 3, 20808.15, 15932748, 205
871, 68, 26, 122, 0, 0, 4.81%, 0, 0, 3, 21510.94, 16038288, 205
876, 69, 26, 122, 0, 0, 4.81%, 0, 0, 3, 20546.53, 16149587, 205
881, 69, 26, 122, 0, 0, 4.81%, 0, 0, 3, 18749.33, 16240782, 205
886, 70, 5, 122, 0, 0, 4.81%, 0, 0, 3, 17896.82, 16333922, 205
891, 70, 26, 122, 0, 0, 4.81%, 0, 0, 3, 17382.98, 16418473, 205
896, 71, 43, 122, 0, 0, 4.81%, 0, 0, 3, 21386.34, 16531774, 205
902, 71, 31, 122, 0, 0, 4.81%, 0, 0, 3, 21776.46, 16643759, 205
907, 72, 114, 122, 0, 0, 4.81%, 0, 0, 3, 19543.81, 16749579, 205
912, 72, 5, 122, 0, 0, 4.81%, 0, 0, 3, 23458.13, 16869234, 205
917, 73, 26, 122, 0, 0, 4.81%, 0, 0, 3, 21393.46, 16981595, 205
922, 73, 25, 122, 0, 0, 4.81%, 0, 0, 3, 23228.49, 17102299, 205
927, 74, 5, 122, 0, 0, 4.81%, 0, 0, 3, 21421.13, 17215240, 205
933, 74, 5, 122, 0, 0, 4.81%, 0, 0, 3, 22106.66, 17331651, 205
938, 75, 27, 122, 0, 0, 4.81%, 0, 0, 3, 22173.06, 17448516, 205
943, 76, 28, 122, 0, 0, 4.81%, 0, 0, 3, 26116.93, 17580690, 205
948, 76, 27, 122, 0, 0, 4.81%, 0, 0, 3, 21240.71, 17686284, 205
953, 77, 26, 122, 0, 0, 4.81%, 0, 0, 3, 23707.75, 17810921, 205
958, 77, 25, 122, 0, 0, 4.81%, 0, 0, 3, 22238.14, 17924511, 205
964, 78, 25, 122, 0, 0, 4.81%, 0, 0, 3, 23382.45, 18046745, 205
969, 78, 26, 122, 0, 0, 4.81%, 0, 0, 3, 22762.61, 18162775, 205
974, 79, 26, 122, 0, 0, 4.81%, 0, 0, 3, 24524.03, 18292923, 205
979, 80, 25, 122, 0, 0, 4.81%, 0, 0, 3, 24340.60, 18406390, 205
984, 80, 5, 122, 0, 0, 4.81%, 0, 0, 3, 24315.90, 18530107, 205
989, 81, 25, 122, 0, 0, 4.81%, 0, 0, 3, 21780.37, 18639113, 205
994, 81, 32, 122, 0, 0, 4.81%, 0, 0, 3, 24248.15, 18762347, 205
999, 82, 5, 122, 0, 0, 4.81%, 0, 0, 3, 22149.39, 18875157, 205
1004, 82, 5, 122, 0, 0, 4.81%, 0, 0, 3, 22755.86, 18994989, 205
1009, 83, 26, 122, 0, 0, 4.81%, 0, 0, 3, 19797.19, 19088659, 205
1015, 83, 26, 122, 0, 0, 4.81%, 0, 0, 3, 25716.88, 19227081, 205
1020, 84, 28, 122, 0, 0, 4.81%, 0, 0, 3, 22706.64, 19340157, 205
1025, 85, 28, 122, 0, 0, 4.81%, 0, 0, 3, 23527.47, 19464213, 205
1030, 85, 19, 122, 0, 0, 4.81%, 0, 0, 3, 21917.88, 19560842, 205
1035, 85, 20, 122, 0, 0, 4.81%, 0, 0, 3, 20305.34, 19650659, 205
1040, 86, 26, 122, 0, 0, 4.81%, 0, 0, 3, 22057.41, 19764407, 205
1045, 86, 26, 122, 0, 0, 4.81%, 0, 0, 3, 22822.77, 19883461, 205
1051, 87, 26, 122, 0, 0, 4.81%, 0, 0, 3, 27200.04, 20014258, 205
1056, 88, 26, 122, 0, 0, 4.81%, 0, 0, 3, 22892.29, 20127083, 205
1061, 88, 25, 122, 0, 0, 4.81%, 0, 0, 3, 22101.71, 20240189, 205
1066, 89, 25, 122, 0, 0, 4.81%, 0, 0, 3, 21343.84, 20350517, 205
1071, 89, 5, 122, 0, 0, 4.81%, 0, 0, 3, 22388.35, 20461241, 205
1076, 90, 25, 122, 0, 0, 4.81%, 0, 0, 3, 22312.50, 20579843, 205
1081, 90, 26, 122, 0, 0, 4.81%, 0, 0, 3, 24296.50, 20701233, 205
1087, 91, 26, 122, 0, 0, 4.81%, 0, 0, 3, 22718.00, 20819418, 205
1092, 91, 26, 122, 0, 0, 4.81%, 0, 0, 3, 22723.20, 20934417, 205
1097, 92, 26, 122, 0, 0, 4.81%, 0, 0, 3, 22194.80, 21053915, 205
1102, 93, 5, 122, 0, 0, 4.81%, 0, 0, 3, 23255.85, 21173271, 205
1107, 93, 28, 122, 0, 0, 4.81%, 0, 0, 3, 21964.26, 21289305, 205
1112, 94, 37, 122, 0, 0, 4.81%, 0, 0, 3, 22784.28, 21407961, 205
1118, 94, 5, 122, 0, 0, 4.81%, 0, 0, 3, 21562.56, 21522695, 205
1123, 95, 28, 122, 0, 0, 4.81%, 0, 0, 3, 17434.10, 21610372, 205
1128, 95, 25, 122, 0, 0, 4.81%, 0, 0, 3, 18638.66, 21709714, 205
1133, 95, 26, 122, 0, 0, 4.81%, 0, 0, 3, 19579.77, 21813711, 205
1138, 96, 26, 122, 0, 0, 4.81%, 0, 0, 3, 21496.08, 21933609, 205
1143, 97, 26, 122, 0, 0, 4.81%, 0, 0, 3, 24636.61, 22065854, 205
1148, 97, 26, 122, 0, 0, 4.81%, 0, 0, 3, 22841.16, 22183365, 205
1154, 98, 25, 122, 0, 0, 4.81%, 0, 0, 3, 23710.61, 22304621, 205
1159, 98, 36, 122, 0, 0, 4.81%, 0, 0, 3, 21005.44, 22410339, 205
1164, 99, 85, 122, 0, 0, 4.81%, 0, 0, 3, 20961.15, 22522390, 205
1169, 99, 21, 122, 0, 0, 4.81%, 0, 0, 3, 20727.48, 22622509, 205
1174, 100, 26, 122, 0, 0, 4.81%, 0, 0, 3, 23578.69, 22745025, 205
1179, 100, 93, 122, 0, 0, 4.81%, 0, 0, 3, 21680.05, 22854880, 205
1184, 101, 5, 122, 0, 0, 4.81%, 0, 0, 3, 22664.66, 22973833, 205
1190, 101, 26, 122, 0, 0, 4.81%, 0, 0, 3, 19732.37, 23068633, 205
1195, 102, 43, 122, 0, 0, 4.81%, 0, 0, 3, 19810.75, 23172507, 205
1200, 102, 28, 122, 0, 0, 4.81%, 0, 0, 3, 22035.49, 23286541, 205
1205, 103, 26, 122, 0, 0, 4.81%, 0, 0, 3, 22777.22, 23409827, 205
1210, 103, 26, 122, 0, 0, 4.81%, 0, 0, 3, 21220.16, 23514103, 205
1215, 104, 5, 122, 0, 0, 4.81%, 0, 0, 3, 22919.46, 23634484, 205
1221, 105, 102, 122, 0, 0, 4.81%, 0, 0, 3, 20024.94, 23742456, 205
1226, 105, 28, 122, 0, 0, 4.81%, 0, 0, 3, 20634.70, 23845717, 205
1231, 106, 26, 122, 0, 0, 4.81%, 0, 0, 3, 22827.95, 23962069, 205
1236, 106, 5, 122, 0, 0, 4.81%, 0, 0, 3, 22846.47, 24084243, 205
1241, 107, 5, 122, 0, 0, 4.81%, 0, 0, 3, 17850.51, 24175985, 205
1246, 107, 26, 122, 0, 0, 4.81%, 0, 0, 3, 14311.40, 24259360, 205
1251, 107, 5, 122, 0, 0, 4.81%, 0, 0, 3, 20868.61, 24367012, 205
1256, 108, 105, 122, 0, 0, 4.81%, 0, 0, 3, 16803.96, 24458262, 205
1262, 108, 26, 122, 0, 0, 4.81%, 0, 0, 3, 21310.32, 24569280, 205
1267, 109, 43, 122, 0, 0, 4.81%, 0, 0, 3, 21816.02, 24684082, 205
1272, 109, 27, 122, 0, 0, 4.81%, 0, 0, 3, 23384.75, 24801578, 205
1277, 110, 44, 122, 0, 0, 4.81%, 0, 0, 3, 20793.30, 24907804, 205
1282, 110, 26, 122, 0, 0, 4.81%, 0, 0, 3, 22100.17, 25018249, 205
1287, 111, 25, 122, 0, 0, 4.81%, 0, 0, 3, 21154.70, 25132337, 205
1292, 111, 26, 122, 0, 0, 4.81%, 0, 0, 3, 23211.73, 25250470, 205
1297, 112, 20, 122, 0, 0, 4.81%, 0, 0, 3, 21121.10, 25359682, 205
1303, 112, 5, 122, 0, 0, 4.81%, 0, 0, 3, 21576.52, 25469292, 205
1308, 113, 26, 122, 0, 0, 4.81%, 0, 0, 3, 19705.56, 25572202, 205
1313, 113, 26, 122, 0, 0, 4.81%, 0, 0, 3, 21283.45, 25674240, 205
1318, 114, 25, 122, 0, 0, 4.81%, 0, 0, 3, 21226.61, 25786180, 205
1323, 115, 19, 122, 0, 0, 4.81%, 0, 0, 3, 22317.61, 25903098, 205
1328, 115, 26, 122, 0, 0, 4.81%, 0, 0, 3, 22471.04, 26019686, 205
1334, 116, 37, 122, 0, 0, 4.81%, 0, 0, 3, 21671.00, 26133791, 205
1339, 116, 5, 122, 0, 0, 4.81%, 0, 0, 3, 21047.07, 26241362, 205
1344, 117, 37, 122, 0, 0, 4.81%, 0, 0, 3, 25370.39, 26374957, 205
1349, 117, 26, 122, 0, 0, 4.81%, 0, 0, 3, 23365.89, 26493417, 205
1354, 118, 25, 122, 0, 0, 4.81%, 0, 0, 3, 24653.81, 26620214, 205
1359, 119, 25, 122, 0, 0, 4.81%, 0, 0, 3, 23496.10, 26737738, 205
1365, 119, 43, 122, 0, 0, 4.81%, 0, 0, 3, 22629.60, 26856780, 205
1370, 120, 26, 122, 0, 0, 4.81%, 0, 0, 3, 21552.72, 26959116, 205
1375, 120, 26, 122, 0, 0, 4.81%, 0, 0, 3, 24511.52, 27086630, 205
1380, 121, 5, 122, 0, 0, 4.81%, 0, 0, 3, 21915.89, 27193327, 205
1385, 121, 37, 122, 0, 0, 4.81%, 0, 0, 3, 20815.25, 27294592, 205
1390, 122, 5, 122, 0, 0, 4.81%, 0, 0, 3, 21377.27, 27399278, 205
1395, 122, 25, 122, 0, 0, 4.81%, 0, 0, 3, 23691.41, 27526032, 205
1401, 123, 25, 122, 0, 0, 4.81%, 0, 0, 3, 21574.58, 27630766, 205
1406, 123, 5, 122, 0, 0, 4.81%, 0, 0, 3, 24948.16, 27767678, 205
1411, 124, 26, 122, 0, 0, 4.81%, 0, 0, 3, 22243.62, 27878791, 205
1416, 124, 26, 122, 0, 0, 4.81%, 0, 0, 3, 21176.48, 27990899, 205
1421, 125, 19, 122, 0, 0, 4.81%, 0, 0, 3, 21761.58, 28100339, 205
1426, 125, 5, 122, 0, 0, 4.81%, 0, 0, 3, 21110.72, 28208548, 205
1432, 126, 37, 122, 0, 0, 4.81%, 0, 0, 3, 21837.67, 28321339, 205
1437, 126, 32, 122, 0, 0, 4.81%, 0, 0, 3, 21941.98, 28433875, 205
1442, 127, 26, 122, 0, 0, 4.81%, 0, 0, 3, 21692.58, 28543369, 205
1447, 127, 21, 122, 0, 0, 4.81%, 0, 0, 3, 20556.61, 28651742, 205
1452, 128, 26, 122, 0, 0, 4.81%, 0, 0, 3, 21721.55, 28764363, 205
1457, 128, 28, 122, 0, 0, 4.81%, 0, 0, 3, 21054.25, 28878835, 205
1462, 129, 15, 122, 0, 0, 4.81%, 0, 0, 3, 24982.84, 29014752, 205
1468, 130, 5, 122, 0, 0, 4.81%, 0, 0, 3, 20882.52, 29120328, 205
1473, 130, 5, 122, 0, 0, 4.81%, 0, 0, 3, 21852.63, 29236900, 205
1478, 131, 26, 123, 1, 0, 4.81%, 0, 0, 3, 21001.74, 29345637, 205
1483, 131, 36, 123, 1, 0, 4.81%, 0, 0, 3, 23689.46, 29472601, 205
1488, 132, 25, 123, 1, 0, 4.81%, 0, 0, 3, 20229.28, 29575812, 205
1493, 132, 32, 123, 1, 0, 4.81%, 0, 0, 3, 20121.25, 29672607, 205
1498, 133, 37, 123, 1, 0, 4.81%, 0, 0, 3, 21953.42, 29790673, 205
1504, 133, 26, 123, 1, 0, 4.81%, 0, 0, 3, 23200.34, 29910365, 205
1509, 134, 25, 123, 1, 0, 4.81%, 0, 0, 3, 20670.06, 30007842, 205
1514, 134, 122, 123, 1, 0, 4.81%, 0, 0, 3, 22565.75, 30127816, 205
1519, 135, 21, 123, 0, 0, 4.81%, 0, 0, 3, 20199.50, 30221281, 205
1524, 135, 27, 123, 0, 0, 4.81%, 0, 0, 3, 24215.60, 30347885, 205
1529, 136, 26, 123, 0, 0, 4.81%, 0, 0, 3, 23659.30, 30470819, 205
1534, 136, 25, 123, 0, 0, 4.81%, 0, 0, 3, 24595.46, 30600337, 205
1539, 137, 26, 123, 0, 0, 4.81%, 0, 0, 3, 21807.34, 30711803, 205
1544, 138, 26, 123, 0, 0, 4.81%, 0, 0, 3, 23322.71, 30833899, 205
1549, 138, 26, 123, 0, 0, 4.81%, 0, 0, 3, 22449.61, 30943532, 205
1555, 139, 25, 123, 0, 0, 4.81%, 0, 0, 3, 24850.08, 31072322, 205
1560, 139, 26, 123, 0, 0, 4.81%, 0, 0, 3, 23117.71, 31186192, 205
1565, 140, 26, 123, 0, 0, 4.81%, 0, 0, 3, 23298.95, 31306769, 205
1570, 140, 36, 123, 0, 0, 4.81%, 0, 0, 3, 22518.93, 31412504, 205
1575, 141, 26, 126, 3, 0, 4.81%, 0, 0, 3, 23222.78, 31532431, 205
1580, 141, 19, 126, 3, 0, 4.81%, 0, 0, 3, 22442.69, 31639608, 205
1585, 142, 123, 126, 2, 0, 4.81%, 0, 0, 3, 18716.59, 31736243, 205
1590, 142, 26, 126, 1, 0, 4.81%, 0, 0, 3, 21756.90, 31838455, 205
1596, 143, 32, 126, 1, 0, 4.81%, 0, 0, 3, 24239.29, 31969397, 205
1601, 143, 21, 126, 0, 0, 4.81%, 0, 0, 3, 22014.61, 32068335, 205
1606, 144, 36, 126, 0, 0, 4.81%, 0, 0, 3, 21557.56, 32182005, 205
1611, 144, 25, 126, 0, 0, 4.81%, 0, 0, 3, 21797.31, 32291607, 205
1616, 145, 5, 126, 0, 0, 4.81%, 0, 0, 3, 26035.37, 32429521, 205
1621, 145, 20, 126, 0, 0, 4.81%, 0, 0, 3, 24913.41, 32551757, 205
1626, 146, 5, 126, 0, 0, 4.81%, 0, 0, 3, 23636.87, 32673825, 205
1632, 146, 28, 126, 0, 0, 4.81%, 0, 0, 3, 23313.59, 32791461, 205
1637, 147, 26, 126, 0, 0, 4.81%, 0, 0, 3, 22825.51, 32912771, 205
1642, 147, 19, 126, 0, 0, 4.81%, 0, 0, 3, 23401.52, 33030491, 205
1647, 148, 26, 126, 0, 0, 4.81%, 0, 0, 3, 23055.30, 33149181, 205
1652, 149, 19, 126, 0, 0, 4.81%, 0, 0, 3, 23250.54, 33269979, 205
1657, 149, 28, 126, 0, 0, 4.81%, 0, 0, 3, 21679.59, 33384753, 205
1663, 150, 37, 126, 0, 0, 4.81%, 0, 0, 3, 23592.42, 33506543, 205
1668, 150, 1, 126, 0, 0, 4.81%, 0, 0, 3, 20960.15, 33616065, 205
1673, 151, 5, 126, 0, 0, 4.81%, 0, 0, 3, 21983.36, 33732775, 205
1678, 151, 5, 126, 0, 0, 4.81%, 0, 0, 3, 23237.50, 33860847, 205
1683, 152, 5, 126, 0, 0, 4.81%, 0, 0, 3, 23188.20, 33984265, 205
1688, 152, 20, 126, 0, 0, 4.81%, 0, 0, 3, 22228.59, 34099767, 205
1693, 153, 26, 126, 0, 0, 4.81%, 0, 0, 3, 24166.15, 34221632, 205
1699, 154, 26, 126, 0, 0, 4.81%, 0, 0, 3, 21407.97, 34333841, 205
1704, 154, 26, 126, 0, 0, 4.81%, 0, 0, 3, 23260.67, 34457398, 205
1709, 155, 5, 126, 0, 0, 4.81%, 0, 0, 3, 22381.90, 34572247, 205
1714, 155, 19, 126, 0, 0, 4.81%, 0, 0, 3, 22640.62, 34688216, 205
1719, 156, 26, 126, 0, 0, 4.81%, 0, 0, 3, 22202.59, 34801008, 205
1724, 156, 26, 126, 0, 0, 4.81%, 0, 0, 3, 23011.96, 34924139, 205
1729, 157, 26, 126, 0, 0, 4.81%, 0, 0, 3, 21662.85, 35026772, 205
1735, 157, 28, 126, 0, 0, 4.81%, 0, 0, 3, 18832.36, 35122861, 205
1740, 158, 26, 126, 0, 0, 4.81%, 0, 0, 3, 22563.07, 35238366, 205
1745, 158, 5, 126, 0, 0, 4.81%, 0, 0, 3, 22236.58, 35353087, 205
1750, 159, 28, 126, 0, 0, 4.81%, 0, 0, 3, 22802.61, 35468948, 205
1755, 159, 26, 126, 0, 0, 4.81%, 0, 0, 3, 24781.20, 35594543, 205
1760, 160, 43, 126, 0, 0, 4.81%, 0, 0, 3, 22833.70, 35703780, 205
1765, 160, 5, 126, 0, 0, 4.81%, 0, 0, 3, 24415.38, 35830282, 205
1771, 161, 5, 126, 0, 0, 4.81%, 0, 0, 3, 23314.69, 35943819, 205
1776, 161, 5, 126, 0, 0, 4.81%, 0, 0, 3, 23956.07, 36072603, 205
1781, 162, 26, 126, 0, 0, 4.81%, 0, 0, 3, 22826.98, 36185237, 205
1786, 162, 25, 126, 0, 0, 4.81%, 0, 0, 3, 20871.27, 36298405, 205
1791, 163, 37, 126, 0, 0, 4.81%, 0, 0, 3, 20393.31, 36399984, 205
1796, 163, 8, 126, 0, 0, 4.81%, 0, 0, 3, 22077.22, 36519804, 205
1801, 164, 26, 126, 0, 0, 4.81%, 0, 0, 3, 23357.21, 36638924, 205
1807, 164, 25, 126, 0, 0, 4.81%, 0, 0, 3, 22886.24, 36759360, 205
1812, 165, 26, 126, 0, 0, 4.81%, 0, 0, 3, 21552.76, 36869077, 205
1817, 165, 26, 126, 0, 0, 4.81%, 0, 0, 3, 21121.96, 36977914, 205
1822, 166, 5, 126, 0, 0, 4.81%, 0, 0, 3, 22729.87, 37098247, 205
1827, 167, 27, 126, 0, 0, 4.81%, 0, 0, 3, 22040.74, 37217633, 205
1832, 167, 5, 126, 0, 0, 4.81%, 0, 0, 3, 24893.35, 37343858, 205
1837, 168, 26, 126, 0, 0, 4.81%, 0, 0, 3, 22085.38, 37458754, 205
1842, 168, 5, 126, 0, 0, 4.81%, 0, 0, 3, 24573.38, 37582354, 205
1847, 169, 5, 126, 0, 0, 4.81%, 0, 0, 3, 19139.54, 37675547, 205
1852, 169, 36, 126, 0, 0, 4.81%, 0, 0, 3, 22639.15, 37793447, 205
1857, 170, 19, 126, 0, 0, 4.81%, 0, 0, 3, 21785.14, 37904409, 205
1863, 170, 43, 126, 0, 0, 4.81%, 0, 0, 3, 23163.87, 38025099, 205
1868, 171, 5, 126, 0, 0, 4.81%, 0, 0, 3, 22433.27, 38144826, 205
1873, 171, 5, 126, 0, 0, 4.81%, 0, 0, 3, 21733.35, 38256693, 205
1878, 172, 26, 126, 0, 0, 4.81%, 0, 0, 3, 21056.36, 38370631, 205
1883, 172, 16, 126, 0, 0, 4.81%, 0, 0, 3, 22124.84, 38486198, 205
1888, 173, 28, 126, 0, 0, 4.81%, 0, 0, 3, 20523.75, 38587829, 205
1893, 173, 5, 126, 0, 0, 4.81%, 0, 0, 3, 23522.60, 38708797, 205
1899, 174, 25, 126, 0, 0, 4.81%, 0, 0, 3, 21669.13, 38818811, 205
1904, 174, 26, 126, 0, 0, 4.81%, 0, 0, 3, 24761.33, 38945841, 205
1909, 175, 26, 126, 0, 0, 4.81%, 0, 0, 3, 21601.74, 39051130, 205
1914, 175, 26, 126, 0, 0, 4.81%, 0, 0, 3, 19915.53, 39147927, 205
1919, 176, 19, 126, 0, 0, 4.81%, 0, 0, 3, 20784.94, 39256759, 205
1924, 176, 26, 126, 0, 0, 4.81%, 0, 0, 3, 22518.31, 39376231, 205
1929, 177, 26, 126, 0, 0, 4.81%, 0, 0, 3, 21349.31, 39480293, 205
1934, 177, 26, 126, 0, 0, 4.81%, 0, 0, 3, 23514.61, 39606629, 205
1940, 178, 43, 126, 0, 0, 4.81%, 0, 0, 3, 19868.88, 39703271, 205
1945, 178, 5, 126, 0, 0, 4.81%, 0, 0, 3, 22372.37, 39821906, 205
1950, 179, 26, 126, 0, 0, 4.81%, 0, 0, 3, 20573.10, 39922800, 205
1955, 179, 26, 126, 0, 0, 4.81%, 0, 0, 3, 23030.05, 40043523, 205
1960, 180, 25, 126, 0, 0, 4.81%, 0, 0, 3, 21202.82, 40149276, 205
1965, 180, 36, 126, 0, 0, 4.81%, 0, 0, 3, 21720.09, 40269517, 205
1971, 181, 26, 126, 0, 0, 4.81%, 0, 0, 3, 21185.63, 40373437, 205
1976, 181, 25, 126, 0, 0, 4.81%, 0, 0, 3, 18320.79, 40469023, 205
1981, 182, 26, 126, 0, 0, 4.81%, 0, 0, 3, 22326.10, 40585757, 205
1986, 182, 5, 126, 0, 0, 4.81%, 0, 0, 3, 22304.45, 40703093, 205
1991, 183, 14, 126, 0, 0, 4.81%, 0, 0, 3, 22914.47, 40819673, 205
1996, 183, 26, 126, 0, 0, 4.81%, 0, 0, 3, 21897.41, 40933065, 205
2001, 184, 21, 126, 0, 0, 4.81%, 0, 0, 3, 24039.89, 41056225, 205
2007, 184, 25, 126, 0, 0, 4.81%, 0, 0, 3, 22557.98, 41173762, 205
2012, 185, 26, 126, 0, 0, 4.81%, 0, 0, 3, 21749.14, 41284308, 205
2017, 185, 27, 126, 0, 0, 4.81%, 0, 0, 3, 21284.80, 41396477, 205
2022, 186, 25, 126, 0, 0, 4.81%, 0, 0, 3, 23060.39, 41516429, 205
2027, 187, 5, 126, 0, 0, 4.81%, 0, 0, 3, 19549.00, 41616774, 205
2032, 187, 26, 126, 0, 0, 4.81%, 0, 0, 3, 22829.60, 41738019, 205
2037, 188, 25, 126, 0, 0, 4.81%, 0, 0, 3, 21741.15, 41856237, 205
2043, 188, 25, 126, 0, 0, 4.81%, 0, 0, 3, 23607.19, 41984665, 205
2048, 189, 32, 126, 0, 0, 4.81%, 0, 0, 3, 21614.59, 42094965, 205
2053, 189, 26, 126, 0, 0, 4.81%, 0, 0, 3, 22249.04, 42211488, 205
2058, 190, 43, 126, 0, 0, 4.81%, 0, 0, 3, 21632.63, 42321153, 205
2063, 190, 26, 126, 0, 0, 4.81%, 0, 0, 3, 22489.43, 42437717, 205
2068, 191, 26, 126, 0, 0, 4.81%, 0, 0, 3, 21069.43, 42543358, 205
2073, 191, 27, 126, 0, 0, 4.81%, 0, 0, 3, 23698.57, 42671587, 205
2079, 192, 37, 126, 0, 0, 4.81%, 0, 0, 3, 20579.33, 42777123, 205
2084, 192, 26, 126, 0, 0, 4.81%, 0, 0, 3, 26102.05, 42908369, 205
2089, 193, 28, 126, 0, 0, 4.81%, 0, 0, 3, 19682.87, 42998859, 205
2094, 193, 19, 126, 0, 0, 4.81%, 0, 0, 3, 24837.87, 43129209, 205
2099, 194, 25, 126, 0, 0, 4.81%, 0, 0, 3, 23432.25, 43244888, 205
2104, 194, 85, 126, 0, 0, 4.81%, 0, 0, 3, 20089.28, 43349326, 205
2109, 195, 26, 126, 0, 0, 4.81%, 0, 0, 3, 21537.71, 43457703, 205
2115, 195, 30, 126, 0, 0, 4.81%, 0, 0, 3, 23331.99, 43576342, 205
2120, 196, 5, 126, 0, 0, 4.81%, 0, 0, 3, 22877.55, 43689323, 205
2125, 196, 26, 126, 0, 0, 4.81%, 0, 0, 3, 22162.14, 43803269, 205
2130, 197, 111, 126, 0, 0, 4.81%, 0, 0, 3, 18541.03, 43897270, 205
2135, 197, 27, 126, 0, 0, 4.81%, 0, 0, 3, 20972.95, 44003959, 205
2140, 198, 25, 126, 0, 0, 4.81%, 0, 0, 3, 22562.91, 44115827, 205
2146, 198, 27, 126, 0, 0, 4.81%, 0, 0, 3, 21397.68, 44233152, 205
2151, 199, 25, 126, 0, 0, 4.81%, 0, 0, 3, 18749.39, 44321725, 205
2156, 199, 26, 126, 0, 0, 4.81%, 0, 0, 3, 21380.40, 44437313, 205
2161, 200, 27, 126, 0, 0, 4.81%, 0, 0, 3, 22985.53, 44554595, 205
2166, 200, 25, 126, 0, 0, 4.81%, 0, 0, 3, 22936.79, 44675644, 205
2171, 201, 28, 126, 0, 0, 4.81%, 0, 0, 3, 21588.69, 44785345, 205
2176, 201, 25, 126, 0, 0, 4.81%, 0, 0, 3, 21915.36, 44900621, 205
2182, 202, 25, 126, 0, 0, 4.81%, 0, 0, 3, 23252.39, 45016184, 205
2187, 202, 19, 126, 0, 0, 4.81%, 0, 0, 3, 21643.80, 45128515, 205
2192, 203, 25, 126, 0, 0, 4.81%, 0, 0, 3, 22551.47, 45244473, 205
2197, 203, 25, 126, 0, 0, 4.81%, 0, 0, 3, 20393.87, 45355447, 205
2202, 204, 25, 126, 0, 0, 4.81%, 0, 0, 3, 22626.98, 45474774, 205
2207, 204, 5, 126, 0, 0, 4.81%, 0, 0, 3, 19191.41, 45573670, 205
2213, 205, 5, 126, 0, 0, 4.81%, 0, 0, 3, 23003.37, 45695357, 205
2218, 205, 5, 126, 0, 0, 4.81%, 0, 0, 3, 20241.16, 45800721, 205
2223, 206, 25, 126, 0, 0, 4.81%, 0, 0, 3, 23504.02, 45927288, 205
2228, 206, 5, 126, 0, 0, 4.81%, 0, 0, 3, 16466.11, 46009114, 205
2233, 207, 26, 126, 0, 0, 4.81%, 0, 0, 3, 20933.04, 46121834, 205
2238, 207, 5, 126, 0, 0, 4.81%, 0, 0, 3, 19227.67, 46210167, 205
2243, 208, 26, 126, 0, 0, 4.81%, 0, 0, 3, 22437.38, 46327047, 205
2248, 208, 5, 126, 0, 0, 4.81%, 0, 0, 3, 19234.50, 46414611, 205
2254, 209, 19, 126, 0, 0, 4.81%, 0, 0, 3, 21967.06, 46530566, 205
2259, 209, 5, 126, 0, 0, 4.81%, 0, 0, 3, 21232.53, 46640135, 205
2264, 210, 43, 126, 0, 0, 4.81%, 0, 0, 3, 22978.32, 46763481, 205
2269, 210, 19, 126, 0, 0, 4.81%, 0, 0, 3, 19103.85, 46851567, 205
2274, 211, 25, 126, 0, 0, 4.81%, 0, 0, 3, 23529.37, 46979885, 205
2279, 211, 26, 126, 0, 0, 4.81%, 0, 0, 3, 21800.30, 47087440, 205
2284, 212, 28, 126, 0, 0, 4.81%, 0, 0, 3, 22187.78, 47204435, 205
2289, 212, 25, 126, 0, 0, 4.81%, 0, 0, 3, 20946.55, 47309237, 205
2294, 213, 20, 126, 0, 0, 4.81%, 0, 0, 3, 23676.92, 47434593, 205
2300, 213, 43, 126, 0, 0, 4.81%, 0, 0, 3, 23325.96, 47554915, 205
2305, 214, 20, 126, 0, 0, 4.81%, 0, 0, 3, 24474.04, 47678320, 205
2310, 214, 5, 126, 0, 0, 4.81%, 0, 0, 3, 22427.32, 47787118, 205
2315, 215, 50, 126, 0, 0, 4.81%, 0, 0, 3, 23895.71, 47912469, 205
2320, 215, 28, 126, 0, 0, 4.81%, 0, 0, 3, 21387.08, 48014060, 205
2325, 216, 19, 126, 0, 0, 4.81%, 0, 0, 3, 21466.29, 48126782, 205
2330, 216, 28, 126, 0, 0, 4.81%, 0, 0, 3, 21374.95, 48231961, 205
2336, 217, 32, 126, 0, 0, 4.81%, 0, 0, 3, 21973.94, 48346893, 205
2341, 217, 27, 126, 0, 0, 4.81%, 0, 0, 3, 20520.01, 48440819, 205
2346, 218, 26, 126, 0, 0, 4.81%, 0, 0, 3, 21628.48, 48558364, 205
2351, 218, 26, 126, 0, 0, 4.81%, 0, 0, 3, 22678.31, 48672572, 205
2356, 219, 26, 126, 0, 0, 4.81%, 0, 0, 3, 22081.26, 48787503, 205
2361, 219, 25, 126, 0, 0, 4.81%, 0, 0, 3, 22860.13, 48902649, 205
2366, 220, 26, 126, 0, 0, 4.81%, 0, 0, 3, 21839.58, 49015781, 205
2371, 220, 26, 126, 0, 0, 4.81%, 0, 0, 3, 22410.37, 49129900, 205
2377, 221, 25, 126, 0, 0, 4.81%, 0, 0, 3, 19062.84, 49213455, 205
2382, 221, 5, 126, 0, 0, 4.81%, 0, 0, 3, 21799.13, 49325871, 205
2387, 222, 5, 126, 0, 0, 4.81%, 0, 0, 3, 19431.19, 49427173, 205
2392, 222, 36, 126, 0, 0, 4.81%, 0, 0, 3, 21336.99, 49538530, 205
2397, 223, 86, 126, 0, 0, 4.81%, 0, 0, 3, 20392.87, 49647043, 205
2402, 223, 27, 126, 0, 0, 4.81%, 0, 0, 3, 21964.62, 49747912, 205
2408, 224, 32, 126, 0, 0, 4.81%, 0, 0, 3, 21845.70, 49869468, 205
2413, 224, 100, 126, 0, 0, 4.81%, 0, 0, 3, 18256.15, 49966221, 205
2418, 225, 26, 126, 0, 0, 4.81%, 0, 0, 3, 19816.26, 50072910, 205
2423, 225, 5, 126, 0, 0, 4.81%, 0, 0, 3, 21904.88, 50189895, 205
2428, 226, 67, 126, 0, 0, 4.81%, 0, 0, 3, 19697.62, 50288177, 205
2433, 226, 26, 126, 0, 0, 4.81%, 0, 0, 3, 23238.37, 50411773, 205
2438, 227, 43, 126, 0, 0, 4.81%, 0, 0, 3, 21758.09, 50523551, 205
2443, 227, 5, 126, 0, 0, 4.81%, 0, 0, 3, 25268.55, 50655389, 205
2449, 228, 5, 126, 0, 0, 4.81%, 0, 0, 3, 20819.49, 50756941, 205
2454, 228, 28, 126, 0, 0, 4.81%, 0, 0, 3, 23629.98, 50885308, 205
2459, 229, 27, 126, 0, 0, 4.81%, 0, 0, 3, 22878.37, 51006793, 205
2464, 229, 5, 126, 0, 0, 4.81%, 0, 0, 3, 18807.83, 51104686, 205
2469, 230, 28, 126, 0, 0, 4.81%, 0, 0, 3, 22122.40, 51218881, 205
2474, 230, 45, 126, 0, 0, 4.81%, 0, 0, 3, 21442.60, 51335408, 205
2480, 231, 25, 126, 0, 0, 4.81%, 0, 0, 3, 20466.32, 51433035, 205
2485, 231, 27, 126, 0, 0, 4.81%, 0, 0, 3, 21502.74, 51545409, 205
2490, 232, 26, 126, 0, 0, 4.81%, 0, 0, 3, 21998.85, 51652263, 205
2495, 232, 25, 126, 0, 0, 4.81%, 0, 0, 3, 22971.29, 51772734, 205
2500, 233, 26, 126, 0, 0, 4.81%, 0, 0, 3, 24453.06, 51892340, 205
2505, 234, 83, 126, 0, 0, 4.81%, 0, 0, 3, 22198.11, 52009201, 205
2510, 234, 28, 126, 0, 0, 4.81%, 0, 0, 3, 20207.42, 52104985, 205
2516, 234, 19, 126, 0, 0, 4.81%, 0, 0, 3, 19916.57, 52206399, 205
2521, 235, 26, 126, 0, 0, 4.81%, 0, 0, 3, 17809.64, 52250895, 205
2526, 235, 107, 126, 0, 0, 4.81%, 0, 0, 3, 14401.63, 52313264, 205
2531, 235, 25, 126, 0, 0, 4.81%, 0, 0, 3, 17490.56, 52400655, 205
2536, 236, 5, 126, 0, 0, 4.81%, 0, 0, 3, 19465.58, 52505502, 205
2541, 236, 26, 126, 0, 0, 4.81%, 0, 0, 3, 23662.36, 52622190, 205
2546, 237, 26, 126, 0, 0, 4.81%, 0, 0, 3, 19995.26, 52724983, 205
2551, 237, 26, 126, 0, 0, 4.81%, 0, 0, 3, 19834.58, 52817449, 205
2557, 238, 5, 126, 0, 0, 4.81%, 0, 0, 3, 19193.10, 52919655, 205
2562, 238, 26, 126, 0, 0, 4.81%, 0, 0, 3, 19639.50, 53021133, 205
2567, 238, 27, 126, 0, 0, 4.81%, 0, 0, 3, 17273.64, 53113156, 205
2572, 239, 26, 126, 0, 0, 4.81%, 0, 0, 3, 18200.06, 53199928, 205
2577, 239, 19, 126, 0, 0, 4.81%, 0, 0, 3, 16304.25, 53281399, 205
2582, 240, 26, 126, 0, 0, 4.81%, 0, 0, 3, 14327.64, 53354168, 205
2587, 240, 25, 126, 0, 0, 4.81%, 0, 0, 3, 16499.12, 53442005, 205
2592, 240, 28, 126, 0, 0, 4.81%, 0, 0, 3, 16212.33, 53520799, 205
2598, 241, 25, 126, 0, 0, 4.81%, 0, 0, 3, 18673.15, 53622359, 205
2603, 241, 25, 126, 0, 0, 4.81%, 0, 0, 3, 20136.50, 53727891, 205
2608, 242, 109, 126, 0, 0, 4.81%, 0, 0, 3, 15277.39, 53810720, 205
2613, 242, 25, 126, 0, 0, 4.81%, 0, 0, 3, 13976.17, 53877714, 205
2618, 242, 26, 126, 0, 0, 4.81%, 0, 0, 3, 16267.60, 53957633, 205
2623, 243, 26, 126, 0, 0, 4.81%, 0, 0, 3, 22357.92, 54079565, 205
2628, 243, 26, 126, 0, 0, 4.81%, 0, 0, 3, 18843.68, 54168927, 205
2633, 244, 25, 126, 0, 0, 4.81%, 0, 0, 3, 22968.57, 54288829, 205
2638, 244, 26, 126, 0, 0, 4.81%, 0, 0, 3, 21137.47, 54400553, 205
2644, 245, 32, 126, 0, 0, 4.81%, 0, 0, 3, 20282.06, 54507921, 205
2649, 245, 5, 126, 0, 0, 4.81%, 0, 0, 3, 15391.73, 54584381, 205
2654, 245, 36, 126, 0, 0, 4.81%, 0, 0, 3, 17991.81, 54679751, 205
2659, 246, 5, 126, 0, 0, 4.81%, 0, 0, 3, 16458.93, 54756220, 205
2664, 246, 25, 126, 0, 0, 4.81%, 0, 0, 3, 18600.45, 54848392, 205
2669, 247, 26, 126, 0, 0, 4.81%, 0, 0, 3, 19459.46, 54946933, 205
2674, 247, 5, 126, 0, 0, 4.81%, 0, 0, 3, 19461.09, 55043404, 205
2680, 248, 5, 126, 0, 0, 4.81%, 0, 0, 3, 21210.84, 55149475, 205
2685, 248, 26, 126, 0, 0, 4.81%, 0, 0, 3, 19054.72, 55247882, 205
2690, 249, 32, 126, 0, 0, 4.81%, 0, 0, 3, 19319.19, 55345512, 205
2695, 249, 5, 126, 0, 0, 4.81%, 0, 0, 3, 16146.72, 55429982, 205
2700, 249, 25, 126, 0, 0, 4.81%, 0, 0, 3, 18550.66, 55525431, 205
2705, 250, 26, 126, 0, 0, 4.81%, 0, 0, 3, 21196.76, 55637814, 205
2710, 250, 26, 126, 0, 0, 4.81%, 0, 0, 3, 20403.89, 55737664, 205
2715, 251, 26, 126, 0, 0, 4.81%, 0, 0, 3, 13736.87, 55798199, 205
2721, 251, 25, 126, 0, 0, 4.81%, 0, 0, 3, 16515.21, 55891223, 205
2726, 251, 26, 126, 0, 0, 4.81%, 0, 0, 3, 18916.30, 55985163, 205
2731, 252, 20, 126, 0, 0, 4.81%, 0, 0, 3, 15807.46, 56060288, 205
2736, 252, 26, 126, 0, 0, 4.81%, 0, 0, 3, 17759.70, 56144445, 205
2741, 252, 101, 126, 0, 0, 4.81%, 0, 0, 3, 14399.78, 56222698, 205
2746, 253, 25, 126, 0, 0, 4.81%, 0, 0, 3, 19365.72, 56330329, 205
2752, 253, 25, 126, 0, 0, 4.81%, 0, 0, 3, 19931.94, 56429807, 205
2757, 254, 26, 126, 0, 0, 4.81%, 0, 0, 3, 20345.48, 56534550, 205
2762, 254, 100, 126, 0, 0, 4.81%, 0, 0, 3, 15419.78, 56605869, 205
2767, 255, 25, 126, 0, 0, 4.81%, 0, 0, 3, 15886.83, 56685519, 205
2772, 255, 26, 126, 0, 0, 4.81%, 0, 0, 3, 20249.02, 56798511, 205
2777, 255, 5, 126, 0, 0, 4.81%, 0, 0, 3, 17335.63, 56891684, 205
2782, 256, 25, 126, 0, 0, 4.81%, 0, 0, 3, 18592.73, 56988167, 205
2788, 256, 25, 126, 0, 0, 4.81%, 0, 0, 3, 18729.63, 57086701, 205
2793, 257, 43, 126, 0, 0, 4.81%, 0, 0, 3, 18876.11, 57183381, 205
2798, 257, 32, 126, 0, 0, 4.81%, 0, 0, 3, 19381.48, 57279954, 205
2803, 258, 25, 126, 0, 0, 4.81%, 0, 0, 3, 22005.57, 57398679, 205
2808, 258, 5, 126, 0, 0, 4.81%, 0, 0, 3, 20096.80, 57498269, 205
2813, 259, 28, 126, 0, 0, 4.81%, 0, 0, 3, 21784.61, 57610644, 205
2818, 259, 19, 126, 0, 0, 4.81%, 0, 0, 3, 20971.10, 57719147, 205
2824, 260, 26, 126, 0, 0, 4.81%, 0, 0, 3, 21870.51, 57832813, 205
2829, 260, 25, 126, 0, 0, 4.81%, 0, 0, 3, 24225.48, 57961442, 205
2834, 261, 26, 126, 0, 0, 4.81%, 0, 0, 3, 23874.07, 58086125, 205
2839, 261, 26, 126, 0, 0, 4.81%, 0, 0, 3, 21875.97, 58194566, 205
2844, 262, 20, 126, 0, 0, 4.81%, 0, 0, 3, 21944.99, 58306567, 205
2849, 262, 26, 126, 0, 0, 4.81%, 0, 0, 3, 21679.40, 58418989, 205
2854, 263, 87, 126, 0, 0, 4.81%, 0, 0, 3, 17207.33, 58508917, 205
2859, 263, 26, 126, 0, 0, 4.81%, 0, 0, 3, 19669.85, 58613421, 205
2865, 264, 25, 126, 0, 0, 4.81%, 0, 0, 3, 22003.80, 58730029, 205
2870, 264, 25, 126, 0, 0, 4.81%, 0, 0, 3, 21317.09, 58832613, 205
2875, 265, 25, 126, 0, 0, 4.81%, 0, 0, 3, 23307.76, 58954671, 205
2880, 265, 19, 126, 0, 0, 4.81%, 0, 0, 3, 22006.91, 59061929, 205
2885, 266, 5, 126, 0, 0, 4.81%, 0, 0, 3, 23982.50, 59188545, 205
2890, 267, 26, 126, 0, 0, 4.81%, 0, 0, 3, 22074.22, 59298133, 205
2896, 267, 43, 126, 0, 0, 4.81%, 0, 0, 3, 23550.08, 59419460, 205
2901, 268, 25, 126, 0, 0, 4.81%, 0, 0, 3, 22416.94, 59529661, 205
2906, 268, 5, 126, 0, 0, 4.81%, 0, 0, 3, 21679.99, 59640239, 205
2911, 269, 25, 126, 0, 0, 4.81%, 0, 0, 3, 19883.03, 59741810, 205
2916, 269, 36, 126, 0, 0, 4.81%, 0, 0, 3, 20592.74, 59854409, 205
2921, 270, 32, 126, 0, 0, 4.81%, 0, 0, 3, 21393.12, 59964402, 205
2927, 270, 5, 126, 0, 0, 4.81%, 0, 0, 3, 18500.02, 60061121, 205
2932, 270, 26, 126, 0, 0, 4.81%, 0, 0, 3, 20443.32, 60164233, 205
2937, 271, 26, 126, 0, 0, 4.81%, 0, 0, 3, 20078.38, 60265966, 205
2942, 271, 28, 126, 0, 0, 4.81%, 0, 0, 3, 21892.61, 60378230, 205
2947, 272, 25, 126, 0, 0, 4.81%, 0, 0, 3, 21194.70, 60489981, 205
2952, 272, 5, 126, 0, 0, 4.81%, 0, 0, 3, 23768.42, 60614023, 205
2957, 273, 25, 126, 0, 0, 4.81%, 0, 0, 3, 21044.12, 60721319, 205
2962, 273, 26, 126, 0, 0, 4.81%, 0, 0, 3, 21779.20, 60833069, 205
2967, 274, 25, 126, 0, 0, 4.81%, 0, 0, 3, 20194.21, 60940105, 205
2973, 275, 5, 126, 0, 0, 4.81%, 0, 0, 3, 24080.74, 61066331, 205
2978, 275, 26, 126, 0, 0, 4.81%, 0, 0, 3, 20882.81, 61173479, 205
2983, 276, 26, 126, 0, 0, 4.81%, 0, 0, 3, 21484.08, 61285047, 205
2988, 276, 26, 126, 0, 0, 4.81%, 0, 0, 3, 18723.18, 61377709, 205
2993, 277, 26, 126, 0, 0, 4.81%, 0, 0, 3, 22263.79, 61493275, 205
2998, 277, 37, 126, 0, 0, 4.81%, 0, 0, 3, 22229.22, 61616165, 205
3003, 278, 21, 126, 0, 0, 4.81%, 0, 0, 3, 26035.70, 61750111, 205
3009, 278, 37, 126, 0, 0, 4.81%, 0, 0, 3, 22277.93, 61862909, 205
3014, 279, 25, 126, 0, 0, 4.81%, 0, 0, 3, 23189.18, 61986068, 205
3019, 279, 26, 126, 0, 0, 4.81%, 0, 0, 3, 21225.37, 62095383, 205
3024, 280, 28, 126, 0, 0, 4.81%, 0, 0, 3, 16512.90, 62183289, 205
3029, 280, 26, 126, 0, 0, 4.81%, 0, 0, 3, 16518.83, 62262839, 205
3034, 281, 26, 126, 0, 0, 4.81%, 0, 0, 3, 17889.44, 62357762, 205
3039, 281, 27, 126, 0, 0, 4.81%, 0, 0, 3, 16273.74, 62435760, 205
3044, 281, 26, 126, 0, 0, 4.81%, 0, 0, 3, 18298.63, 62531465, 205
3050, 282, 26, 126, 0, 0, 4.81%, 0, 0, 3, 17589.37, 62617651, 205
3055, 282, 26, 126, 0, 0, 4.81%, 0, 0, 3, 20134.02, 62723011, 205
3060, 283, 100, 126, 0, 0, 4.81%, 0, 0, 3, 14161.89, 62793778, 205
3065, 283, 5, 126, 0, 0, 4.81%, 0, 0, 3, 18993.43, 62894175, 205
3070, 283, 25, 126, 0, 0, 4.81%, 0, 0, 3, 14794.51, 62967513, 205
3075, 284, 26, 126, 0, 0, 4.81%, 0, 0, 3, 20273.99, 63068099, 205
3080, 284, 43, 126, 0, 0, 4.81%, 0, 0, 3, 18434.48, 63159432, 205
3085, 285, 26, 126, 0, 0, 4.81%, 0, 0, 3, 17273.28, 63242405, 205
3091, 285, 26, 126, 0, 0, 4.81%, 0, 0, 3, 19019.00, 63334397, 205
3096, 285, 26, 126, 0, 0, 4.81%, 0, 0, 3, 19249.44, 63436751, 205
3101, 286, 32, 126, 0, 0, 4.81%, 0, 0, 3, 21344.06, 63546737, 205
3106, 286, 5, 126, 0, 0, 4.81%, 0, 0, 3, 20061.32, 63652027, 205
3111, 287, 26, 126, 0, 0, 4.81%, 0, 0, 3, 20636.11, 63757789, 205
3117, 287, 82, 126, 0, 0, 4.81%, 0, 0, 3, 17782.94, 63855964, 205
3122, 288, 26, 126, 0, 0, 4.81%, 0, 0, 3, 16226.20, 63932207, 205
3127, 288, 26, 126, 0, 0, 4.81%, 0, 0, 3, 12717.58, 63995941, 205
3132, 288, 36, 126, 0, 0, 4.81%, 0, 0, 3, 20147.25, 64105911, 205
3137, 289, 5, 126, 0, 0, 4.81%, 0, 0, 3, 19769.33, 64215987, 205
3142, 289, 23, 126, 0, 0, 4.81%, 0, 0, 3, 20747.56, 64321215, 205
3147, 290, 28, 126, 0, 0, 4.81%, 0, 0, 3, 19078.16, 64423661, 205
3152, 290, 43, 126, 0, 0, 4.81%, 0, 0, 3, 19525.97, 64525395, 205
3158, 291, 26, 126, 0, 0, 4.81%, 0, 0, 3, 16784.59, 64618905, 205
3163, 291, 27, 126, 0, 0, 4.81%, 0, 0, 3, 17502.83, 64714406, 205
3168, 292, 5, 126, 0, 0, 4.81%, 0, 0, 3, 14941.17, 64786445, 205
3173, 292, 25, 126, 0, 0, 4.81%, 0, 0, 3, 16688.11, 64876460, 205
3178, 292, 25, 126, 0, 0, 4.81%, 0, 0, 3, 15612.62, 64951966, 205
3183, 293, 25, 126, 0, 0, 4.81%, 0, 0, 3, 19229.97, 65042511, 205
3188, 293, 25, 126, 0, 0, 4.81%, 0, 0, 3, 19230.69, 65145061, 205
3194, 294, 116, 126, 0, 0, 4.81%, 0, 0, 3, 17902.54, 65237218, 205
3199, 294, 5, 126, 0, 0, 4.81%, 0, 0, 3, 17843.19, 65322119, 205
3204, 295, 27, 126, 0, 0, 4.81%, 0, 0, 3, 21352.20, 65435707, 205
3209, 295, 5, 126, 0, 0, 4.81%, 0, 0, 3, 19515.29, 65530013, 205
3214, 296, 5, 126, 0, 0, 4.81%, 0, 0, 3, 21693.66, 65644417, 205
3219, 296, 26, 126, 0, 0, 4.81%, 0, 0, 3, 21086.01, 65747717, 205
3224, 296, 102, 126, 0, 0, 4.81%, 0, 0, 3, 12374.10, 65809587, 205
3229, 297, 32, 126, 0, 0, 4.81%, 0, 0, 3, 15878.93, 65887205, 205
3234, 297, 28, 126, 0, 0, 4.81%, 0, 0, 3, 19203.12, 65989799, 205
3240, 297, 32, 126, 0, 0, 4.81%, 0, 0, 3, 17456.24, 66083136, 205
3245, 298, 26, 126, 0, 0, 4.81%, 0, 0, 3, 18429.18, 66173805, 205
3250, 298, 97, 126, 0, 0, 4.81%, 0, 0, 3, 18497.90, 66271265, 205
3255, 299, 25, 126, 0, 0, 4.81%, 0, 0, 3, 17691.75, 66365199, 205
3260, 299, 27, 126, 0, 0, 4.81%, 0, 0, 3, 19604.23, 66461749, 205
3265, 300, 27, 126, 0, 0, 4.81%, 0, 0, 3, 21790.35, 66575645, 205
3271, 300, 26, 126, 0, 0, 4.81%, 0, 0, 3, 22545.91, 66691189, 205
3276, 301, 28, 126, 0, 0, 4.81%, 0, 0, 3, 21465.81, 66799173, 205
3281, 301, 113, 126, 0, 0, 4.81%, 0, 0, 3, 22308.09, 66914146, 205
3286, 302, 19, 126, 0, 0, 4.81%, 0, 0, 3, 18625.24, 66997019, 205
3291, 302, 25, 126, 0, 0, 4.81%, 0, 0, 3, 20799.79, 67102843, 205
3296, 303, 25, 126, 0, 0, 4.81%, 0, 0, 3, 20735.47, 67210861, 205
3301, 303, 5, 126, 0, 0, 4.81%, 0, 0, 3, 20195.53, 67314317, 205
3306, 303, 96, 126, 0, 0, 4.81%, 0, 0, 3, 17689.29, 67405262, 205
3312, 304, 27, 126, 0, 0, 4.81%, 0, 0, 3, 20355.80, 67506132, 205
3317, 304, 26, 126, 0, 0, 4.81%, 0, 0, 3, 17355.07, 67591940, 205
3322, 305, 28, 126, 0, 0, 4.81%, 0, 0, 3, 17173.57, 67671071, 205
3327, 305, 25, 126, 0, 0, 4.81%, 0, 0, 3, 18068.96, 67764821, 205
3332, 306, 26, 126, 0, 0, 4.81%, 0, 0, 3, 19544.87, 67865323, 205
3337, 306, 26, 126, 0, 0, 4.81%, 0, 0, 3, 18906.95, 67965111, 205
3342, 307, 5, 126, 0, 0, 4.81%, 0, 0, 3, 21835.05, 68077324, 205
3347, 307, 32, 126, 0, 0, 4.81%, 0, 0, 3, 18192.44, 68173285, 205
3352, 307, 26, 126, 0, 0, 4.81%, 0, 0, 3, 15702.59, 68245655, 205
3358, 308, 25, 126, 0, 0, 4.81%, 0, 0, 3, 16695.95, 68342044, 205
3363, 308, 25, 126, 0, 0, 4.81%, 0, 0, 3, 20287.73, 68457711, 205
3368, 309, 5, 126, 0, 0, 4.81%, 0, 0, 3, 17672.25, 68551808, 205
3373, 309, 25, 126, 0, 0, 4.81%, 0, 0, 3, 19576.96, 68652877, 205
3378, 310, 26, 126, 0, 0, 4.81%, 0, 0, 3, 19477.01, 68757283, 205
3383, 310, 26, 126, 0, 0, 4.81%, 0, 0, 3, 21602.83, 68868409, 205
3389, 311, 28, 126, 0, 0, 4.81%, 0, 0, 3, 21172.17, 68979675, 205
3394, 311, 24, 126, 0, 0, 4.81%, 0, 0, 3, 22729.60, 69102442, 205
3399, 312, 25, 126, 0, 0, 4.81%, 0, 0, 3, 20432.03, 69204361, 205
3404, 312, 26, 126, 0, 0, 4.81%, 0, 0, 3, 18126.91, 69298861, 205
3409, 312, 26, 126, 0, 0, 4.81%, 0, 0, 3, 15876.75, 69371471, 205
3414, 313, 26, 126, 0, 0, 4.81%, 0, 0, 3, 18052.94, 69464425, 205
3419, 313, 28, 126, 0, 0, 4.81%, 0, 0, 3, 17698.92, 69551860, 205
3424, 314, 26, 126, 0, 0, 4.81%, 0, 0, 3, 16888.66, 69640811, 205
3430, 314, 26, 126, 0, 0, 4.81%, 0, 0, 3, 17009.78, 69731413, 205
3435, 314, 28, 126, 0, 0, 4.81%, 0, 0, 3, 15138.72, 69803423, 205
3440, 315, 26, 126, 0, 0, 4.81%, 0, 0, 3, 16018.93, 69884319, 205
3445, 315, 36, 126, 0, 0, 4.81%, 0, 0, 3, 19130.72, 69983403, 205
3450, 316, 25, 126, 0, 0, 4.81%, 0, 0, 3, 18222.73, 70074527, 205
3455, 316, 36, 126, 0, 0, 4.81%, 0, 0, 3, 20527.87, 70180891, 205
3460, 317, 25, 126, 0, 0, 4.81%, 0, 0, 3, 20501.02, 70277685, 205
3465, 317, 36, 126, 0, 0, 4.81%, 0, 0, 3, 18006.08, 70373105, 205
3470, 317, 25, 126, 0, 0, 4.81%, 0, 0, 3, 17389.14, 70456143, 205
3476, 318, 26, 126, 0, 0, 4.81%, 0, 0, 3, 19136.31, 70556825, 205
3481, 318, 26, 126, 0, 0, 4.81%, 0, 0, 3, 16929.13, 70638501, 205
3486, 319, 5, 126, 0, 0, 4.81%, 0, 0, 3, 17257.62, 70728259, 205
3491, 319, 27, 126, 0, 0, 4.81%, 0, 0, 3, 19322.98, 70826885, 205
3496, 320, 36, 126, 0, 0, 4.81%, 0, 0, 3, 16706.94, 70918151, 205
3501, 320, 21, 126, 0, 0, 4.81%, 0, 0, 3, 15480.42, 70996475, 205
3506, 320, 28, 126, 0, 0, 4.81%, 0, 0, 3, 15827.14, 71075983, 205
3512, 321, 26, 126, 0, 0, 4.81%, 0, 0, 3, 19403.08, 71175023, 205
3517, 321, 26, 126, 0, 0, 4.81%, 0, 0, 3, 17128.10, 71255477, 205
3522, 321, 20, 126, 0, 0, 4.81%, 0, 0, 3, 18079.74, 71346428, 205
3527, 322, 26, 126, 0, 0, 4.81%, 0, 0, 3, 16940.15, 71435855, 205
3532, 322, 6, 126, 0, 0, 4.81%, 0, 0, 3, 19076.23, 71530860, 205
3537, 323, 43, 126, 0, 0, 4.81%, 0, 0, 3, 14095.47, 71598785, 205
3542, 323, 28, 126, 0, 0, 4.81%, 0, 0, 3, 17362.79, 71684345, 205
3548, 323, 26, 126, 0, 0, 4.81%, 0, 0, 3, 18144.15, 71776948, 205
3553, 324, 36, 126, 0, 0, 4.81%, 0, 0, 3, 13576.63, 71850321, 205
3558, 324, 26, 126, 0, 0, 4.81%, 0, 0, 3, 16717.20, 71940989, 205
3563, 325, 26, 126, 0, 0, 4.81%, 0, 0, 3, 17143.93, 72031851, 205
3568, 325, 25, 126, 0, 0, 4.81%, 0, 0, 3, 17352.90, 72121351, 205
3573, 325, 25, 126, 0, 0, 4.81%, 0, 0, 3, 14015.83, 72194043, 205
3578, 326, 26, 126, 0, 0, 4.81%, 0, 0, 3, 17647.43, 72289997, 205
3583, 326, 25, 126, 0, 0, 4.81%, 0, 0, 3, 18174.71, 72382463, 205
3588, 327, 26, 126, 0, 0, 4.81%, 0, 0, 3, 18310.20, 72474531, 205
3593, 327, 37, 126, 0, 0, 4.81%, 0, 0, 3, 22025.05, 72586870, 205
3598, 328, 25, 126, 0, 0, 4.81%, 0, 0, 3, 21373.62, 72678697, 205
