# relative_time, cycles_done, cur_item, corpus_count, pending_total, pending_favs, map_size, saved_crashes, saved_hangs, max_depth, execs_per_sec, total_execs, edges_found
61, 4, 19, 99, 72, 0, 4.81%, 0, 0, 6, 18449.56, 1226683, 205
66, 4, 33, 99, 67, 0, 4.81%, 0, 0, 6, 18684.40, 1322569, 205
71, 4, 33, 99, 65, 0, 4.81%, 0, 0, 6, 18874.08, 1420807, 205
76, 5, 33, 99, 64, 0, 4.81%, 0, 0, 6, 19422.99, 1522104, 205
81, 5, 33, 99, 61, 0, 4.81%, 0, 0, 6, 18531.97, 1617597, 205
86, 5, 33, 99, 58, 0, 4.81%, 0, 0, 6, 19652.64, 1720523, 205
91, 6, 59, 101, 56, 0, 4.81%, 0, 0, 6, 18971.58, 1814984, 205
97, 6, 33, 101, 52, 0, 4.81%, 0, 0, 6, 19098.84, 1913923, 205
102, 7, 25, 103, 51, 0, 4.81%, 0, 0, 6, 18830.45, 2011911, 205
107, 7, 102, 104, 51, 0, 4.81%, 0, 0, 6, 13359.85, 2081515, 205
112, 7, 61, 104, 48, 0, 4.81%, 0, 0, 6, 17710.00, 2174872, 205
117, 8, 45, 105, 45, 0, 4.81%, 0, 0, 6, 19742.69, 2279575, 205
122, 8, 33, 105, 44, 0, 4.81%, 0, 0, 6, 19165.09, 2376013, 205
128, 8, 5, 105, 43, 0, 4.81%, 0, 0, 6, 19757.42, 2477261, 205
133, 9, 33, 105, 41, 0, 4.81%, 0, 0, 6, 21251.40, 2585048, 205
138, 9, 5, 105, 38, 0, 4.81%, 0, 0, 6, 17590.82, 2671669, 205
143, 10, 30, 111, 43, 0, 4.81%, 0, 0, 6, 18498.47, 2766431, 205
148, 10, 3, 111, 38, 0, 4.81%, 0, 0, 6, 20172.32, 2872354, 205
153, 10, 26, 111, 37, 0, 4.81%, 0, 0, 6, 17790.10, 2957427, 205
158, 11, 33, 111, 37, 0, 4.81%, 0, 0, 6, 20848.93, 3071582, 205
163, 11, 92, 112, 37, 0, 4.81%, 0, 0, 6, 19390.46, 3160061, 205
169, 11, 89, 112, 36, 0, 4.81%, 0, 0, 6, 15408.46, 3236055, 205
174, 12, 30, 112, 33, 0, 4.81%, 0, 0, 6, 17467.96, 3320566, 205
179, 12, 10, 112, 33, 0, 4.81%, 0, 0, 6, 18969.25, 3422844, 205
184, 12, 33, 112, 29, 0, 4.81%, 0, 0, 6, 19145.48, 3516397, 205
189, 13, 5, 112, 28, 0, 4.81%, 0, 0, 6, 21686.86, 3642106, 205
194, 13, 29, 112, 27, 0, 4.81%, 0, 0, 6, 21821.57, 3744499, 205
199, 14, 33, 118, 33, 0, 4.81%, 0, 0, 6, 23189.25, 3871214, 205
204, 14, 33, 118, 33, 0, 4.81%, 0, 0, 6, 22266.94, 3978472, 205
210, 14, 33, 118, 32, 0, 4.81%, 0, 0, 6, 18075.01, 4067092, 205
215, 15, 33, 118, 31, 0, 4.81%, 0, 0, 6, 14592.01, 4136850, 205
220, 15, 26, 118, 31, 0, 4.81%, 0, 0, 6, 20253.23, 4248928, 205
225, 15, 29, 118, 29, 0, 4.81%, 0, 0, 6, 21388.24, 4361992, 205
230, 16, 30, 118, 28, 0, 4.81%, 0, 0, 6, 19603.72, 4466178, 205
235, 16, 33, 118, 26, 0, 4.81%, 0, 0, 6, 20617.41, 4575151, 205
240, 16, 33, 118, 25, 0, 4.81%, 0, 0, 6, 17500.81, 4666395, 205
245, 17, 33, 118, 24, 0, 4.81%, 0, 0, 6, 18600.31, 4762763, 205
250, 17, 3, 118, 23, 0, 4.81%, 0, 0, 6, 21111.24, 4878865, 205
255, 17, 26, 118, 23, 0, 4.81%, 0, 0, 6, 22259.74, 4993830, 205
261, 18, 33, 118, 23, 0, 4.81%, 0, 0, 6, 20593.14, 5103048, 205
266, 18, 25, 118, 22, 0, 4.81%, 0, 0, 6, 21987.33, 5216785, 205
271, 18, 19, 118, 20, 0, 4.81%, 0, 0, 6, 18350.35, 5297462, 205
276, 19, 33, 118, 19, 0, 4.81%, 0, 0, 6, 21276.81, 5410307, 205
281, 19, 19, 120, 20, 0, 4.81%, 0, 0, 6, 16373.20, 5483061, 205
286, 19, 26, 120, 20, 0, 4.81%, 0, 0, 6, 21809.84, 5600976, 205
291, 20, 105, 120, 20, 0, 4.81%, 0, 0, 6, 16429.30, 5680980, 205
297, 20, 25, 120, 18, 0, 4.81%, 0, 0, 6, 21606.21, 5794457, 205
302, 20, 19, 120, 18, 0, 4.81%, 0, 0, 6, 20423.61, 5893733, 205
307, 21, 29, 121, 19, 0, 4.81%, 0, 0, 6, 21903.77, 6007952, 205
312, 21, 29, 121, 19, 0, 4.81%, 0, 0, 6, 18864.32, 6097281, 205
317, 21, 33, 121, 18, 0, 4.81%, 0, 0, 6, 21273.89, 6214647, 205
322, 22, 19, 121, 18, 0, 4.81%, 0, 0, 6, 18849.32, 6303275, 205
327, 22, 26, 121, 18, 0, 4.81%, 0, 0, 6, 20323.99, 6411158, 205
332, 22, 26, 121, 17, 0, 4.81%, 0, 0, 6, 18307.85, 6492262, 205
337, 23, 5, 121, 16, 0, 4.81%, 0, 0, 6, 17766.58, 6584489, 205
343, 23, 32, 121, 16, 0, 4.81%, 0, 0, 6, 18730.18, 6681694, 205
348, 23, 29, 121, 16, 0, 4.81%, 0, 0, 6, 18197.30, 6778331, 205
353, 24, 5, 121, 16, 0, 4.81%, 0, 0, 6, 16737.71, 6862038, 205
358, 24, 25, 121, 15, 0, 4.81%, 0, 0, 6, 16134.46, 6946074, 205
363, 24, 25, 121, 15, 0, 4.81%, 0, 0, 6, 15484.28, 7024157, 205
368, 24, 33, 121, 14, 0, 4.81%, 0, 0, 6, 15663.12, 7101186, 205
373, 25, 43, 121, 13, 0, 4.81%, 0, 0, 6, 14684.04, 7169156, 205
378, 25, 19, 121, 13, 0, 4.81%, 0, 0, 6, 17758.28, 7263732, 205
384, 25, 5, 121, 13, 0, 4.81%, 0, 0, 6, 14828.87, 7338278, 205
389, 26, 30, 121, 12, 0, 4.81%, 0, 0, 6, 17789.47, 7441264, 205
394, 26, 19, 121, 12, 0, 4.81%, 0, 0, 6, 16839.24, 7521573, 205
399, 26, 5, 121, 12, 0, 4.81%, 0, 0, 6, 16456.90, 7606034, 205
404, 26, 32, 121, 12, 0, 4.81%, 0, 0, 6, 16785.98, 7692040, 205
409, 27, 5, 121, 12, 0, 4.81%, 0, 0, 6, 14238.63, 7767867, 205
414, 27, 33, 121, 12, 0, 4.81%, 0, 0, 6, 15855.03, 7850413, 205
419, 27, 19, 121, 11, 0, 4.81%, 0, 0, 6, 11718.69, 7910865, 205
425, 28, 26, 121, 11, 0, 4.81%, 0, 0, 6, 20775.30, 8023461, 205
430, 28, 33, 121, 11, 0, 4.81%, 0, 0, 6, 19444.76, 8128599, 205
435, 28, 33, 121, 11, 0, 4.81%, 0, 0, 6, 18460.06, 8220623, 205
440, 29, 33, 121, 11, 0, 4.81%, 0, 0, 6, 17728.80, 8314026, 205
445, 29, 30, 121, 11, 0, 4.81%, 0, 0, 6, 16758.43, 8399726, 205
450, 29, 31, 121, 11, 0, 4.81%, 0, 0, 6, 15609.83, 8478323, 205
455, 30, 33, 121, 11, 0, 4.81%, 0, 0, 6, 17566.12, 8572361, 205
461, 30, 3, 121, 11, 0, 4.81%, 0, 0, 6, 16215.17, 8658758, 205
466, 30, 3, 121, 11, 0, 4.81%, 0, 0, 6, 18720.91, 8762875, 205
471, 31, 32, 121, 11, 0, 4.81%, 0, 0, 6, 17833.26, 8850397, 205
476, 31, 31, 121, 11, 0, 4.81%, 0, 0, 6, 17598.40, 8942576, 205
481, 31, 30, 121, 10, 0, 4.81%, 0, 0, 6, 14680.90, 9018007, 205
486, 32, 5, 121, 10, 0, 4.81%, 0, 0, 6, 16913.03, 9113134, 205
492, 32, 43, 121, 10, 0, 4.81%, 0, 0, 6, 17401.14, 9203534, 205
497, 32, 33, 121, 10, 0, 4.81%, 0, 0, 6, 19583.50, 9301978, 205
502, 32, 19, 121, 10, 0, 4.81%, 0, 0, 6, 18643.19, 9389650, 205
507, 33, 19, 121, 10, 0, 4.81%, 0, 0, 6, 18284.67, 9489325, 205
512, 33, 5, 121, 9, 0, 4.81%, 0, 0, 6, 15122.21, 9557158, 205
517, 33, 90, 121, 8, 0, 4.81%, 0, 0, 6, 16693.61, 9638618, 205
522, 34, 33, 121, 7, 0, 4.81%, 0, 0, 6, 15554.08, 9708982, 205
527, 34, 5, 121, 7, 0, 4.81%, 0, 0, 6, 17394.50, 9803009, 205
532, 34, 117, 121, 7, 0, 4.81%, 0, 0, 6, 11856.62, 9863052, 205
537, 34, 33, 121, 6, 0, 4.81%, 0, 0, 6, 16797.33, 9951067, 205
543, 35, 33, 121, 6, 0, 4.81%, 0, 0, 6, 14401.04, 10027669, 205
548, 35, 5, 121, 6, 0, 4.81%, 0, 0, 6, 16438.35, 10120212, 205
553, 35, 29, 121, 6, 0, 4.81%, 0, 0, 6, 13398.28, 10180695, 205
558, 35, 33, 121, 6, 0, 4.81%, 0, 0, 6, 10888.36, 10233953, 205
563, 36, 31, 121, 6, 0, 4.81%, 0, 0, 6, 16445.17, 10317257, 205
568, 36, 25, 121, 6, 0, 4.81%, 0, 0, 6, 20024.68, 10424056, 205
573, 37, 24, 121, 6, 0, 4.81%, 0, 0, 6, 19801.03, 10525277, 205
579, 37, 5, 121, 6, 0, 4.81%, 0, 0, 6, 21402.67, 10637813, 205
584, 37, 116, 121, 6, 0, 4.81%, 0, 0, 6, 17135.19, 10724591, 205
589, 38, 33, 121, 5, 0, 4.81%, 0, 0, 6, 18448.68, 10816063, 205
594, 38, 19, 121, 5, 0, 4.81%, 0, 0, 6, 20788.36, 10922294, 205
599, 38, 31, 121, 5, 0, 4.81%, 0, 0, 6, 21753.75, 11039670, 205
604, 39, 33, 121, 5, 0, 4.81%, 0, 0, 6, 22562.10, 11154754, 205
609, 39, 33, 121, 5, 0, 4.81%, 0, 0, 6, 18201.27, 11239320, 205
614, 39, 25, 121, 5, 0, 4.81%, 0, 0, 6, 11791.55, 11293613, 205
619, 40, 26, 121, 5, 0, 4.81%, 0, 0, 6, 13682.73, 11368375, 205
625, 40, 33, 121, 5, 0, 4.81%, 0, 0, 6, 13600.46, 11438374, 205
630, 40, 29, 121, 5, 0, 4.81%, 0, 0, 6, 14944.90, 11520318, 205
635, 40, 5, 121, 5, 0, 4.81%, 0, 0, 6, 12320.57, 11578472, 205
640, 41, 113, 124, 8, 0, 4.81%, 0, 0, 6, 14638.43, 11671620, 205
645, 41, 123, 124, 7, 0, 4.81%, 0, 0, 6, 16953.17, 11760922, 205
650, 41, 30, 124, 6, 0, 4.81%, 0, 0, 6, 17847.64, 11856896, 205
655, 42, 33, 124, 6, 0, 4.81%, 0, 0, 6, 18365.11, 11953879, 205
660, 42, 3, 124, 6, 0, 4.81%, 0, 0, 6, 16837.71, 12039476, 205
665, 42, 33, 124, 6, 0, 4.81%, 0, 0, 6, 20671.24, 12150792, 205
670, 43, 3, 124, 6, 0, 4.81%, 0, 0, 6, 16918.88, 12239111, 205
675, 43, 33, 124, 6, 0, 4.81%, 0, 0, 6, 20526.36, 12346593, 205
681, 43, 25, 124, 6, 0, 4.81%, 0, 0, 6, 19562.51, 12448723, 205
686, 44, 29, 124, 6, 0, 4.81%, 0, 0, 6, 21969.12, 12564691, 205
691, 44, 112, 124, 6, 0, 4.81%, 0, 0, 6, 20008.62, 12672790, 205
696, 45, 33, 124, 5, 0, 4.81%, 0, 0, 6, 20024.87, 12761697, 205
701, 45, 5, 124, 5, 0, 4.81%, 0, 0, 6, 20587.43, 12868614, 205
706, 45, 29, 124, 5, 0, 4.81%, 0, 0, 6, 22077.92, 12983990, 205
712, 46, 5, 124, 5, 0, 4.81%, 0, 0, 6, 21645.48, 13097830, 205
717, 46, 33, 124, 5, 0, 4.81%, 0, 0, 6, 22746.80, 13212366, 205
722, 47, 23, 124, 5, 0, 4.81%, 0, 0, 6, 20866.04, 13317384, 205
727, 47, 5, 124, 5, 0, 4.81%, 0, 0, 6, 21711.54, 13433228, 205
732, 47, 25, 124, 5, 0, 4.81%, 0, 0, 6, 20942.05, 13542517, 205
737, 48, 33, 124, 5, 0, 4.81%, 0, 0, 6, 22899.90, 13659710, 205
742, 48, 26, 124, 5, 0, 4.81%, 0, 0, 6, 22042.25, 13768841, 205
747, 49, 43, 124, 5, 0, 4.81%, 0, 0, 6, 23799.64, 13893500, 205
753, 49, 33, 124, 5, 0, 4.81%, 0, 0, 6, 22040.87, 14002454, 205
758, 50, 33, 124, 5, 0, 4.81%, 0, 0, 6, 22897.85, 14119250, 205
763, 50, 33, 124, 5, 0, 4.81%, 0, 0, 6, 22031.23, 14230305, 205
768, 50, 19, 124, 5, 0, 4.81%, 0, 0, 6, 21035.82, 14342550, 205
773, 51, 29, 124, 5, 0, 4.81%, 0, 0, 6, 20829.94, 14446833, 205
778, 51, 26, 124, 5, 0, 4.81%, 0, 0, 6, 21098.24, 14560509, 205
784, 52, 33, 124, 5, 0, 4.81%, 0, 0, 6, 20849.27, 14666820, 205
789, 52, 33, 124, 4, 0, 4.81%, 0, 0, 6, 20433.85, 14767039, 205
794, 52, 29, 124, 4, 0, 4.81%, 0, 0, 6, 22468.34, 14880913, 205
799, 53, 33, 124, 4, 0, 4.81%, 0, 0, 6, 21562.60, 14987933, 205
804, 53, 25, 124, 4, 0, 4.81%, 0, 0, 6, 21162.91, 15094323, 205
809, 54, 33, 124, 4, 0, 4.81%, 0, 0, 6, 21116.87, 15205077, 205
814, 54, 33, 124, 3, 0, 4.81%, 0, 0, 6, 17115.63, 15290267, 205
819, 54, 25, 124, 3, 0, 4.81%, 0, 0, 6, 21137.21, 15403205, 205
824, 55, 33, 124, 3, 0, 4.81%, 0, 0, 6, 21095.13, 15505683, 205
830, 55, 3, 124, 3, 0, 4.81%, 0, 0, 6, 16854.08, 15594287, 205
835, 55, 5, 124, 3, 0, 4.81%, 0, 0, 6, 14161.30, 15656440, 205
840, 56, 33, 124, 3, 0, 4.81%, 0, 0, 6, 16311.73, 15737523, 205
845, 56, 33, 124, 3, 0, 4.81%, 0, 0, 6, 18082.72, 15825959, 205
850, 56, 5, 124, 2, 0, 4.81%, 0, 0, 6, 21559.23, 15942123, 205
855, 57, 33, 124, 2, 0, 4.81%, 0, 0, 6, 22817.06, 16055466, 205
860, 57, 32, 124, 2, 0, 4.81%, 0, 0, 6, 20334.94, 16160080, 205
865, 57, 32, 124, 2, 0, 4.81%, 0, 0, 6, 24020.15, 16281469, 205
870, 58, 33, 124, 2, 0, 4.81%, 0, 0, 6, 21557.58, 16397155, 205
875, 58, 25, 124, 2, 0, 4.81%, 0, 0, 6, 25989.74, 16533112, 205
881, 59, 33, 124, 2, 0, 4.81%, 0, 0, 6, 19915.32, 16633323, 205
886, 59, 26, 124, 2, 0, 4.81%, 0, 0, 6, 17813.56, 16721522, 205
891, 59, 33, 124, 2, 0, 4.81%, 0, 0, 6, 17028.26, 16812268, 205
896, 60, 3, 124, 2, 0, 4.81%, 0, 0, 6, 19821.69, 16907956, 205
901, 60, 29, 124, 2, 0, 4.81%, 0, 0, 6, 19906.29, 17007118, 205
906, 61, 69, 124, 2, 0, 4.81%, 0, 0, 6, 22819.43, 17126919, 205
911, 61, 33, 124, 2, 0, 4.81%, 0, 0, 6, 21248.90, 17235462, 205
916, 62, 5, 124, 2, 0, 4.81%, 0, 0, 6, 24739.66, 17363496, 205
922, 62, 33, 124, 2, 0, 4.81%, 0, 0, 6, 24412.08, 17483462, 205
927, 62, 29, 124, 2, 0, 4.81%, 0, 0, 6, 22162.00, 17594594, 205
932, 63, 30, 124, 2, 0, 4.81%, 0, 0, 6, 21901.24, 17705509, 205
937, 63, 33, 124, 2, 0, 4.81%, 0, 0, 6, 19837.55, 17806408, 205
942, 64, 33, 124, 2, 0, 4.81%, 0, 0, 6, 21599.19, 17922524, 205
947, 64, 29, 124, 2, 0, 4.81%, 0, 0, 6, 22928.19, 18030698, 205
952, 64, 33, 124, 2, 0, 4.81%, 0, 0, 6, 23105.11, 18144960, 205
958, 65, 26, 124, 2, 0, 4.81%, 0, 0, 6, 24010.09, 18265259, 205
963, 65, 26, 124, 2, 0, 4.81%, 0, 0, 6, 22358.18, 18374585, 205
968, 66, 33, 124, 2, 0, 4.81%, 0, 0, 6, 24067.90, 18503169, 205
973, 66, 3, 124, 2, 0, 4.81%, 0, 0, 6, 23412.57, 18619905, 205
978, 67, 25, 124, 2, 0, 4.81%, 0, 0, 6, 24220.15, 18748902, 205
983, 67, 33, 124, 2, 0, 4.81%, 0, 0, 6, 22586.82, 18860580, 205
989, 68, 25, 124, 2, 0, 4.81%, 0, 0, 6, 23469.75, 18988506, 205
994, 68, 85, 124, 2, 0, 4.81%, 0, 0, 6, 20535.67, 19090781, 205
999, 68, 26, 124, 2, 0, 4.81%, 0, 0, 6, 23981.24, 19222969, 205
1004, 69, 33, 124, 2, 0, 4.81%, 0, 0, 6, 24839.28, 19345921, 205
1009, 69, 26, 124, 2, 0, 4.81%, 0, 0, 6, 21471.90, 19456398, 205
1014, 70, 33, 124, 2, 0, 4.81%, 0, 0, 6, 24435.33, 19576035, 205
1019, 70, 33, 124, 2, 0, 4.81%, 0, 0, 6, 22306.53, 19686606, 205
1024, 71, 33, 124, 2, 0, 4.81%, 0, 0, 6, 24412.99, 19810498, 205
1030, 71, 26, 124, 2, 0, 4.81%, 0, 0, 6, 21672.67, 19922460, 205
1035, 72, 33, 124, 2, 0, 4.81%, 0, 0, 6, 22694.66, 20040674, 205
1040, 72, 5, 124, 2, 0, 4.81%, 0, 0, 6, 21862.30, 20150808, 205
1045, 72, 33, 124, 2, 0, 4.81%, 0, 0, 6, 22670.78, 20266685, 205
1050, 73, 25, 124, 2, 0, 4.81%, 0, 0, 6, 20203.41, 20373015, 205
1055, 73, 5, 124, 2, 0, 4.81%, 0, 0, 6, 23694.55, 20498356, 205
1060, 74, 30, 124, 2, 0, 4.81%, 0, 0, 6, 21480.33, 20610799, 205
1066, 74, 33, 124, 2, 0, 4.81%, 0, 0, 6, 21962.97, 20726335, 205
1071, 74, 26, 124, 2, 0, 4.81%, 0, 0, 6, 19728.92, 20827220, 205
1076, 75, 33, 124, 2, 0, 4.81%, 0, 0, 6, 22855.73, 20947502, 205
1081, 75, 33, 124, 2, 0, 4.81%, 0, 0, 6, 20977.28, 21055218, 205
1086, 76, 43, 124, 2, 0, 4.81%, 0, 0, 6, 22930.92, 21177050, 205
1091, 76, 66, 124, 2, 0, 4.81%, 0, 0, 6, 20813.09, 21281978, 205
1096, 77, 112, 124, 2, 0, 4.81%, 0, 0, 6, 19715.13, 21391037, 205
1101, 77, 33, 124, 2, 0, 4.81%, 0, 0, 6, 19205.19, 21479660, 205
1106, 77, 5, 124, 2, 0, 4.81%, 0, 0, 6, 23087.76, 21604332, 205
1111, 78, 33, 124, 2, 0, 4.81%, 0, 0, 6, 21531.43, 21712147, 205
1117, 78, 33, 124, 2, 0, 4.81%, 0, 0, 6, 22385.72, 21828178, 205
1122, 79, 19, 124, 2, 0, 4.81%, 0, 0, 6, 21466.15, 21936896, 205
1127, 79, 26, 124, 2, 0, 4.81%, 0, 0, 6, 22346.08, 22054986, 205
1132, 79, 33, 124, 2, 0, 4.81%, 0, 0, 6, 21029.34, 22156252, 205
1137, 80, 5, 124, 2, 0, 4.81%, 0, 0, 6, 24927.24, 22289350, 205
1142, 80, 33, 124, 2, 0, 4.81%, 0, 0, 6, 22354.52, 22398219, 205
1147, 81, 5, 124, 2, 0, 4.81%, 0, 0, 6, 22666.75, 22518926, 205
1152, 81, 33, 124, 2, 0, 4.81%, 0, 0, 6, 22560.28, 22632966, 205
1158, 82, 33, 124, 2, 0, 4.81%, 0, 0, 6, 22771.86, 22749764, 205
1163, 82, 29, 124, 2, 0, 4.81%, 0, 0, 6, 21495.79, 22855378, 205
1168, 83, 33, 124, 2, 0, 4.81%, 0, 0, 6, 24472.62, 22980382, 205
1173, 83, 33, 124, 2, 0, 4.81%, 0, 0, 6, 21709.40, 23085330, 205
1178, 83, 33, 124, 2, 0, 4.81%, 0, 0, 6, 23711.32, 23212414, 205
1183, 84, 19, 124, 2, 0, 4.81%, 0, 0, 6, 23886.73, 23330207, 205
1188, 84, 33, 124, 2, 0, 4.81%, 0, 0, 6, 22172.14, 23449068, 205
1193, 85, 30, 124, 2, 0, 4.81%, 0, 0, 6, 19610.42, 23541312, 205
1198, 85, 33, 124, 2, 0, 4.81%, 0, 0, 6, 25152.16, 23670668, 205
1204, 86, 33, 124, 2, 0, 4.81%, 0, 0, 6, 23301.79, 23787828, 205
1209, 86, 5, 124, 2, 0, 4.81%, 0, 0, 6, 22379.13, 23902208, 205
1214, 86, 25, 124, 2, 0, 4.81%, 0, 0, 6, 21354.93, 24008420, 205
1219, 87, 33, 124, 2, 0, 4.81%, 0, 0, 6, 22994.14, 24131180, 205
1224, 87, 5, 124, 2, 0, 4.81%, 0, 0, 6, 21623.42, 24243128, 205
1229, 88, 5, 124, 2, 0, 4.81%, 0, 0, 6, 22675.38, 24365618, 205
1234, 88, 29, 124, 2, 0, 4.81%, 0, 0, 6, 22687.77, 24478912, 205
1240, 89, 33, 124, 2, 0, 4.81%, 0, 0, 6, 22318.02, 24595854, 205
1245, 89, 29, 124, 2, 0, 4.81%, 0, 0, 6, 22806.95, 24710048, 205
1250, 89, 26, 124, 2, 0, 4.81%, 0, 0, 6, 19069.50, 24811746, 205
1255, 90, 33, 124, 2, 0, 4.81%, 0, 0, 6, 23083.66, 24934031, 205
1260, 90, 33, 124, 2, 0, 4.81%, 0, 0, 6, 20281.69, 25040815, 205
1265, 91, 33, 124, 2, 0, 4.81%, 0, 0, 6, 23589.71, 25166358, 205
1271, 91, 19, 124, 2, 0, 4.81%, 0, 0, 6, 20676.68, 25272514, 205
1276, 91, 33, 124, 2, 0, 4.81%, 0, 0, 6, 20225.30, 25377624, 205
1281, 92, 5, 124, 2, 0, 4.81%, 0, 0, 6, 19396.08, 25480054, 205
1286, 92, 33, 124, 2, 0, 4.81%, 0, 0, 6, 21456.44, 25581304, 205
1291, 93, 69, 124, 2, 0, 4.81%, 0, 0, 6, 19814.93, 25682015, 205
1296, 93, 25, 124, 2, 0, 4.81%, 0, 0, 6, 23008.20, 25808295, 205
1301, 93, 33, 124, 2, 0, 4.81%, 0, 0, 6, 22121.19, 25923852, 205
1306, 94, 33, 124, 2, 0, 4.81%, 0, 0, 6, 22494.50, 26043996, 205
1311, 94, 25, 124, 2, 0, 4.81%, 0, 0, 6, 19752.48, 26142800, 205
1316, 95, 26, 124, 2, 0, 4.81%, 0, 0, 6, 22355.40, 26261748, 205
1322, 95, 33, 124, 2, 0, 4.81%, 0, 0, 6, 22038.13, 26375756, 205
1327, 96, 26, 124, 2, 0, 4.81%, 0, 0, 6, 22114.61, 26489822, 205
1332, 96, 33, 124, 2, 0, 4.81%, 0, 0, 6, 22509.04, 26597489, 205
1337, 96, 26, 124, 2, 0, 4.81%, 0, 0, 6, 22532.67, 26713800, 205
1342, 97, 31, 124, 2, 0, 4.81%, 0, 0, 6, 21550.58, 26823535, 205
1347, 97, 33, 124, 2, 0, 4.81%, 0, 0, 6, 26257.24, 26965532, 205
1352, 98, 26, 124, 2, 0, 4.81%, 0, 0, 6, 22246.22, 27067358, 205
1357, 98, 25, 124, 2, 0, 4.81%, 0, 0, 6, 22470.69, 27177687, 205
1362, 99, 19, 124, 2, 0, 4.81%, 0, 0, 6, 24990.32, 27300714, 205
1368, 99, 29, 124, 2, 0, 4.81%, 0, 0, 6, 22270.75, 27414442, 205
1373, 99, 33, 124, 2, 0, 4.81%, 0, 0, 6, 24166.54, 27527686, 205
1378, 100, 33, 124, 2, 0, 4.81%, 0, 0, 6, 24090.76, 27650256, 205
1383, 100, 108, 124, 2, 0, 4.81%, 0, 0, 6, 17065.46, 27735336, 205
1388, 101, 5, 124, 1, 0, 4.81%, 0, 0, 6, 23726.54, 27861739, 205
1393, 101, 33, 124, 1, 0, 4.81%, 0, 0, 6, 23233.43, 27975837, 205
1399, 102, 29, 124, 1, 0, 4.81%, 0, 0, 6, 22335.14, 28092047, 205
1404, 102, 5, 124, 1, 0, 4.81%, 0, 0, 6, 23531.69, 28208767, 205
1409, 102, 25, 124, 1, 0, 4.81%, 0, 0, 6, 24684.58, 28342336, 205
1414, 103, 26, 124, 1, 0, 4.81%, 0, 0, 6, 22492.17, 28451814, 205
1419, 103, 33, 124, 1, 0, 4.81%, 0, 0, 6, 18755.73, 28540411, 205
1424, 104, 19, 124, 1, 0, 4.81%, 0, 0, 6, 22199.39, 28654531, 205
1429, 104, 29, 124, 1, 0, 4.81%, 0, 0, 6, 20557.01, 28757364, 205
1434, 104, 33, 124, 1, 0, 4.81%, 0, 0, 6, 21962.01, 28867872, 205
1439, 105, 19, 124, 1, 0, 4.81%, 0, 0, 6, 21717.51, 28984126, 205
1445, 105, 33, 124, 1, 0, 4.81%, 0, 0, 6, 21255.04, 29092459, 205
1450, 106, 25, 124, 1, 0, 4.81%, 0, 0, 6, 20778.43, 29200420, 205
1455, 106, 3, 124, 1, 0, 4.81%, 0, 0, 6, 25603.29, 29333318, 205
1460, 107, 33, 124, 1, 0, 4.81%, 0, 0, 6, 21765.09, 29446360, 205
1465, 107, 29, 124, 1, 0, 4.81%, 0, 0, 6, 23254.04, 29567720, 205
1470, 107, 26, 124, 1, 0, 4.81%, 0, 0, 6, 19315.01, 29664513, 205
1475, 108, 5, 124, 1, 0, 4.81%, 0, 0, 6, 23512.87, 29785916, 205
1481, 108, 31, 124, 1, 0, 4.81%, 0, 0, 6, 20997.27, 29892800, 205
1486, 109, 3, 125, 2, 0, 4.81%, 0, 0, 6, 22957.44, 30013662, 205
1491, 109, 5, 125, 2, 0, 4.81%, 0, 0, 6, 20634.21, 30120831, 205
1496, 109, 31, 125, 2, 0, 4.81%, 0, 0, 6, 21076.11, 30226593, 205
1501, 110, 43, 125, 2, 0, 4.81%, 0, 0, 6, 21028.64, 30336617, 205
1506, 110, 5, 125, 2, 0, 4.81%, 0, 0, 6, 23310.83, 30458277, 205
1512, 111, 25, 125, 2, 0, 4.81%, 0, 0, 6, 21825.29, 30567991, 205
1517, 111, 33, 126, 2, 0, 4.81%, 0, 0, 6, 22167.10, 30674126, 205
1522, 111, 33, 126, 2, 0, 4.81%, 0, 0, 6, 21605.29, 30785825, 205
1527, 112, 33, 126, 2, 0, 4.81%, 0, 0, 6, 24522.67, 30915051, 205
1532, 112, 33, 126, 2, 0, 4.81%, 0, 0, 6, 22682.31, 31029325, 205
1537, 113, 43, 126, 2, 0, 4.81%, 0, 0, 6, 23614.87, 31154315, 205
1542, 113, 26, 126, 2, 0, 4.81%, 0, 0, 6, 23089.16, 31273881, 205
1548, 114, 5, 126, 2, 0, 4.81%, 0, 0, 6, 23133.35, 31397339, 205
1553, 114, 25, 126, 2, 0, 4.81%, 0, 0, 6, 21235.78, 31502827, 205
1558, 114, 33, 126, 2, 0, 4.81%, 0, 0, 6, 23535.57, 31625583, 205
1563, 115, 91, 126, 2, 0, 4.81%, 0, 0, 6, 20633.08, 31728579, 205
1568, 115, 26, 126, 2, 0, 4.81%, 0, 0, 6, 23268.32, 31845171, 205
1573, 116, 33, 127, 3, 0, 4.81%, 0, 0, 6, 23155.57, 31956260, 205
1578, 116, 5, 127, 3, 0, 4.81%, 0, 0, 6, 23394.29, 32078413, 205
1583, 116, 26, 127, 3, 0, 4.81%, 0, 0, 6, 25096.01, 32197790, 205
1589, 117, 43, 127, 3, 0, 4.81%, 0, 0, 6, 24140.11, 32323704, 205
1594, 117, 33, 127, 3, 0, 4.81%, 0, 0, 6, 23750.00, 32441343, 205
1599, 118, 29, 127, 3, 0, 4.81%, 0, 0, 6, 24979.58, 32571592, 205
1604, 118, 33, 127, 3, 0, 4.81%, 0, 0, 6, 23156.00, 32681918, 205
1609, 119, 33, 127, 3, 0, 4.81%, 0, 0, 6, 22185.55, 32797786, 205
1614, 119, 33, 127, 3, 0, 4.81%, 0, 0, 6, 22651.73, 32912688, 205
1619, 119, 23, 127, 3, 0, 4.81%, 0, 0, 6, 20858.47, 33023081, 205
1625, 120, 33, 127, 3, 0, 4.81%, 0, 0, 6, 22663.98, 33139750, 205
1630, 120, 26, 127, 3, 0, 4.81%, 0, 0, 6, 22840.44, 33259248, 205
1635, 121, 33, 127, 3, 0, 4.81%, 0, 0, 6, 23123.54, 33375328, 205
1640, 121, 5, 127, 3, 0, 4.81%, 0, 0, 6, 22363.80, 33494104, 205
1645, 122, 29, 127, 3, 0, 4.81%, 0, 0, 6, 23169.46, 33614692, 205
1650, 122, 125, 127, 3, 0, 4.81%, 0, 0, 6, 22547.19, 33728480, 205
1655, 122, 38, 127, 2, 0, 4.81%, 0, 0, 6, 24005.52, 33841112, 205
1660, 123, 33, 127, 2, 0, 4.81%, 0, 0, 6, 21416.35, 33954875, 205
1666, 123, 33, 127, 2, 0, 4.81%, 0, 0, 6, 24108.93, 34081977, 205
1671, 124, 29, 127, 2, 0, 4.81%, 0, 0, 6, 20581.05, 34186935, 205
1676, 124, 33, 127, 2, 0, 4.81%, 0, 0, 6, 22854.54, 34308513, 205
1681, 125, 5, 127, 2, 0, 4.81%, 0, 0, 6, 22061.58, 34422835, 205
1686, 125, 26, 127, 2, 0, 4.81%, 0, 0, 6, 25160.18, 34553605, 205
1691, 126, 43, 127, 2, 0, 4.81%, 0, 0, 6, 22356.59, 34665777, 205
1696, 126, 33, 127, 2, 0, 4.81%, 0, 0, 6, 24693.27, 34795481, 205
1702, 126, 29, 127, 2, 0, 4.81%, 0, 0, 6, 22207.11, 34909254, 205
1707, 127, 33, 127, 2, 0, 4.81%, 0, 0, 6, 23042.93, 35030593, 205
1712, 127, 26, 127, 2, 0, 4.81%, 0, 0, 6, 22224.03, 35145619, 205
1717, 128, 43, 127, 2, 0, 4.81%, 0, 0, 6, 23832.49, 35268217, 205
1722, 128, 33, 127, 2, 0, 4.81%, 0, 0, 6, 21765.97, 35376313, 205
1727, 129, 29, 127, 2, 0, 4.81%, 0, 0, 6, 22519.50, 35496175, 205
1732, 129, 25, 127, 2, 0, 4.81%, 0, 0, 6, 21495.65, 35598464, 205
1738, 129, 29, 127, 2, 0, 4.81%, 0, 0, 6, 23895.81, 35725621, 205
1743, 130, 126, 127, 2, 0, 4.81%, 0, 0, 6, 18521.55, 35817928, 205
1748, 130, 33, 127, 1, 0, 4.81%, 0, 0, 6, 22870.96, 35943649, 205
1753, 131, 33, 127, 1, 0, 4.81%, 0, 0, 6, 23311.29, 36059915, 205
1758, 131, 33, 127, 1, 0, 4.81%, 0, 0, 6, 21725.59, 36170967, 205
1763, 131, 29, 127, 1, 0, 4.81%, 0, 0, 6, 22628.88, 36292251, 205
1768, 132, 33, 127, 1, 0, 4.81%, 0, 0, 6, 22501.16, 36403399, 205
1773, 132, 33, 127, 1, 0, 4.81%, 0, 0, 6, 21919.24, 36512049, 205
1779, 133, 33, 127, 1, 0, 4.81%, 0, 0, 6, 23287.30, 36637081, 205
1784, 133, 24, 127, 1, 0, 4.81%, 0, 0, 6, 22866.71, 36753003, 205
1789, 133, 55, 127, 1, 0, 4.81%, 0, 0, 6, 19585.98, 36858582, 205
1794, 134, 33, 127, 1, 0, 4.81%, 0, 0, 6, 19766.04, 36959168, 205
1799, 134, 71, 127, 1, 0, 4.81%, 0, 0, 6, 21312.78, 37076464, 205
1804, 135, 25, 127, 1, 0, 4.81%, 0, 0, 6, 21581.06, 37185569, 205
1810, 135, 33, 127, 1, 0, 4.81%, 0, 0, 6, 22185.21, 37304707, 205
1815, 135, 33, 127, 1, 0, 4.81%, 0, 0, 6, 21035.48, 37413760, 205
1820, 136, 33, 127, 1, 0, 4.81%, 0, 0, 6, 21530.61, 37527945, 205
1825, 136, 31, 127, 1, 0, 4.81%, 0, 0, 6, 21693.27, 37639550, 205
1830, 137, 33, 127, 1, 0, 4.81%, 0, 0, 6, 22026.18, 37755391, 205
1835, 137, 31, 127, 0, 0, 4.81%, 0, 0, 6, 19179.42, 37834463, 205
1840, 137, 33, 127, 0, 0, 4.81%, 0, 0, 6, 20459.52, 37946516, 205
1845, 138, 33, 127, 0, 0, 4.81%, 0, 0, 6, 18679.34, 38042023, 205
1851, 138, 33, 127, 0, 0, 4.81%, 0, 0, 6, 19252.56, 38146112, 205
1856, 138, 33, 127, 0, 0, 4.81%, 0, 0, 6, 22266.96, 38261657, 205
1861, 139, 23, 127, 0, 0, 4.81%, 0, 0, 6, 22492.41, 38383123, 205
1866, 139, 29, 127, 0, 0, 4.81%, 0, 0, 6, 24101.43, 38507716, 205
1871, 140, 33, 127, 0, 0, 4.81%, 0, 0, 6, 22711.96, 38621807, 205
1876, 140, 33, 127, 0, 0, 4.81%, 0, 0, 6, 23804.15, 38745645, 205
1882, 141, 33, 127, 0, 0, 4.81%, 0, 0, 6, 21660.54, 38860093, 205
1887, 141, 33, 127, 0, 0, 4.81%, 0, 0, 6, 22475.58, 38977073, 205
1892, 142, 33, 127, 0, 0, 4.81%, 0, 0, 6, 21313.29, 39085281, 205
1897, 142, 5, 127, 0, 0, 4.81%, 0, 0, 6, 23903.56, 39206321, 205
1902, 142, 33, 127, 0, 0, 4.81%, 0, 0, 6, 21749.67, 39314751, 205
1907, 143, 26, 127, 0, 0, 4.81%, 0, 0, 6, 24485.51, 39445047, 205
1912, 143, 3, 127, 0, 0, 4.81%, 0, 0, 6, 20731.12, 39545166, 205
1918, 144, 33, 127, 0, 0, 4.81%, 0, 0, 6, 23380.70, 39668363, 205
1923, 144, 32, 127, 0, 0, 4.81%, 0, 0, 6, 21156.00, 39769949, 205
1928, 144, 33, 127, 0, 0, 4.81%, 0, 0, 6, 21924.22, 39886772, 205
1933, 145, 33, 127, 0, 0, 4.81%, 0, 0, 6, 23146.13, 40000028, 205
1938, 145, 5, 127, 0, 0, 4.81%, 0, 0, 6, 24163.28, 40124385, 205
1943, 146, 33, 127, 0, 0, 4.81%, 0, 0, 6, 21920.22, 40232761, 205
1948, 146, 5, 127, 0, 0, 4.81%, 0, 0, 6, 21117.22, 40343256, 205
1954, 146, 33, 127, 0, 0, 4.81%, 0, 0, 6, 20631.36, 40447463, 205
1959, 147, 5, 127, 0, 0, 4.81%, 0, 0, 6, 22129.14, 40567732, 205
1964, 147, 33, 127, 0, 0, 4.81%, 0, 0, 6, 21682.94, 40676065, 205
1969, 148, 29, 127, 0, 0, 4.81%, 0, 0, 6, 20679.83, 40786488, 205
1974, 148, 33, 127, 0, 0, 4.81%, 0, 0, 6, 20904.96, 40891940, 205
1980, 149, 25, 127, 0, 0, 4.81%, 0, 0, 6, 23193.38, 41018022, 205
1985, 149, 33, 127, 0, 0, 4.81%, 0, 0, 6, 22291.00, 41126214, 205
1990, 149, 33, 127, 0, 0, 4.81%, 0, 0, 6, 21662.87, 41242446, 205
1995, 150, 29, 127, 0, 0, 4.81%, 0, 0, 6, 22802.27, 41362168, 205
2000, 150, 33, 127, 0, 0, 4.81%, 0, 0, 6, 21660.82, 41476701, 205
2005, 151, 29, 127, 0, 0, 4.81%, 0, 0, 6, 26707.11, 41609411, 205
2010, 151, 33, 127, 0, 0, 4.81%, 0, 0, 6, 21962.32, 41724537, 205
2015, 152, 29, 127, 0, 0, 4.81%, 0, 0, 6, 22559.99, 41842099, 205
2021, 152, 26, 127, 0, 0, 4.81%, 0, 0, 6, 20762.52, 41951497, 205
2026, 152, 33, 127, 0, 0, 4.81%, 0, 0, 6, 23952.38, 42086509, 205
2031, 153, 33, 127, 0, 0, 4.81%, 0, 0, 6, 20560.39, 42189989, 205
2036, 153, 33, 127, 0, 0, 4.81%, 0, 0, 6, 24932.80, 42319171, 205
2041, 154, 33, 127, 0, 0, 4.81%, 0, 0, 6, 23528.28, 42434531, 205
2047, 154, 26, 127, 0, 0, 4.81%, 0, 0, 6, 24305.60, 42559535, 205
2052, 155, 22, 127, 0, 0, 4.81%, 0, 0, 6, 22318.11, 42671476, 205
2057, 155, 33, 127, 0, 0, 4.81%, 0, 0, 6, 22712.13, 42786465, 205
2062, 155, 3, 127, 0, 0, 4.81%, 0, 0, 6, 21221.46, 42887301, 205
2067, 156, 19, 127, 0, 0, 4.81%, 0, 0, 6, 22203.65, 43007321, 205
2072, 156, 25, 127, 0, 0, 4.81%, 0, 0, 6, 22142.90, 43115137, 205
2077, 157, 25, 127, 0, 0, 4.81%, 0, 0, 6, 24463.55, 43243500, 205
2082, 157, 12, 127, 0, 0, 4.81%, 0, 0, 6, 21374.78, 43344739, 205
2087, 157, 33, 127, 0, 0, 4.81%, 0, 0, 6, 22131.87, 43458043, 205
2093, 158, 29, 127, 0, 0, 4.81%, 0, 0, 6, 19725.23, 43552183, 205
2098, 158, 33, 127, 0, 0, 4.81%, 0, 0, 6, 23049.99, 43675001, 205
2103, 159, 5, 127, 0, 0, 4.81%, 0, 0, 6, 23624.30, 43796573, 205
2108, 159, 5, 127, 0, 0, 4.81%, 0, 0, 6, 23066.70, 43914457, 205
2113, 160, 33, 127, 0, 0, 4.81%, 0, 0, 6, 22363.37, 44024533, 205
2118, 160, 33, 127, 0, 0, 4.81%, 0, 0, 6, 21742.44, 44139369, 205
2124, 160, 33, 127, 0, 0, 4.81%, 0, 0, 6, 20935.34, 44245221, 205
2129, 161, 33, 127, 0, 0, 4.81%, 0, 0, 6, 21506.65, 44358864, 205
2134, 161, 5, 127, 0, 0, 4.81%, 0, 0, 6, 22849.11, 44472481, 205
2139, 162, 25, 127, 0, 0, 4.81%, 0, 0, 6, 22486.54, 44595124, 205
2144, 162, 29, 127, 0, 0, 4.81%, 0, 0, 6, 23694.91, 44713751, 205
2149, 163, 32, 127, 0, 0, 4.81%, 0, 0, 6, 20483.76, 44824255, 205
2155, 163, 33, 127, 0, 0, 4.81%, 0, 0, 6, 21216.48, 44932203, 205
2160, 163, 33, 127, 0, 0, 4.81%, 0, 0, 6, 21968.28, 45047940, 205
2165, 164, 25, 127, 0, 0, 4.81%, 0, 0, 6, 22347.03, 45161605, 205
2170, 164, 33, 127, 0, 0, 4.81%, 0, 0, 6, 22678.31, 45278992, 205
2175, 165, 33, 127, 0, 0, 4.81%, 0, 0, 6, 22361.60, 45393826, 205
2180, 165, 33, 127, 0, 0, 4.81%, 0, 0, 6, 21267.91, 45506574, 205
2185, 165, 5, 127, 0, 0, 4.81%, 0, 0, 6, 23120.50, 45623717, 205
2191, 166, 33, 127, 0, 0, 4.81%, 0, 0, 6, 18873.51, 45713165, 205
2196, 166, 33, 127, 0, 0, 4.81%, 0, 0, 6, 22078.48, 45832265, 205
2201, 167, 33, 127, 0, 0, 4.81%, 0, 0, 6, 24697.77, 45959777, 205
2206, 167, 25, 127, 0, 0, 4.81%, 0, 0, 6, 23909.17, 46086823, 205
2211, 168, 33, 127, 0, 0, 4.81%, 0, 0, 6, 20603.14, 46187665, 205
2216, 168, 104, 127, 0, 0, 4.81%, 0, 0, 6, 17765.25, 46284040, 205
2221, 168, 25, 127, 0, 0, 4.81%, 0, 0, 6, 19370.38, 46375538, 205
2227, 169, 26, 127, 0, 0, 4.81%, 0, 0, 6, 22670.31, 46496875, 205
2232, 169, 29, 127, 0, 0, 4.81%, 0, 0, 6, 20033.80, 46600116, 205
2237, 169, 33, 127, 0, 0, 4.81%, 0, 0, 6, 18811.05, 46697970, 205
2242, 170, 25, 127, 0, 0, 4.81%, 0, 0, 6, 22383.24, 46811001, 205
2247, 170, 33, 127, 0, 0, 4.81%, 0, 0, 6, 21926.59, 46923471, 205
2252, 170, 33, 127, 0, 0, 4.81%, 0, 0, 6, 20231.74, 47025025, 205
2257, 171, 33, 127, 0, 0, 4.81%, 0, 0, 6, 23672.52, 47147877, 205
2262, 171, 33, 127, 0, 0, 4.81%, 0, 0, 6, 22275.05, 47260461, 205
2268, 172, 33, 127, 0, 0, 4.81%, 0, 0, 6, 23257.12, 47380239, 205
2273, 172, 33, 127, 0, 0, 4.81%, 0, 0, 6, 21089.96, 47480583, 205
2278, 173, 5, 127, 0, 0, 4.81%, 0, 0, 6, 23565.89, 47601563, 205
2283, 173, 33, 127, 0, 0, 4.81%, 0, 0, 6, 22296.42, 47713289, 205
2288, 173, 33, 127, 0, 0, 4.81%, 0, 0, 6, 21739.40, 47825383, 205
2293, 174, 5, 127, 0, 0, 4.81%, 0, 0, 6, 21743.61, 47933143, 205
2298, 174, 33, 127, 0, 0, 4.81%, 0, 0, 6, 23582.50, 48052700, 205
2303, 175, 5, 127, 0, 0, 4.81%, 0, 0, 6, 23848.91, 48174632, 205
2308, 175, 33, 127, 0, 0, 4.81%, 0, 0, 6, 24514.60, 48302189, 205
2313, 175, 33, 127, 0, 0, 4.81%, 0, 0, 6, 22412.50, 48409222, 205
2319, 176, 33, 127, 0, 0, 4.81%, 0, 0, 6, 22918.62, 48529659, 205
2324, 176, 33, 127, 0, 0, 4.81%, 0, 0, 6, 21647.59, 48634725, 205
2329, 177, 33, 127, 0, 0, 4.81%, 0, 0, 6, 20530.70, 48739542, 205
2334, 177, 31, 127, 0, 0, 4.81%, 0, 0, 6, 20488.78, 48841617, 205
2339, 177, 5, 127, 0, 0, 4.81%, 0, 0, 6, 22627.24, 48962320, 205
2344, 178, 33, 127, 0, 0, 4.81%, 0, 0, 6, 22352.73, 49072897, 205
2349, 178, 33, 127, 0, 0, 4.81%, 0, 0, 6, 21788.96, 49188303, 205
2354, 179, 33, 127, 0, 0, 4.81%, 0, 0, 6, 23912.80, 49309581, 205
2360, 179, 33, 127, 0, 0, 4.81%, 0, 0, 6, 22127.94, 49422149, 205
2365, 180, 33, 127, 0, 0, 4.81%, 0, 0, 6, 22662.70, 49536955, 205
2370, 180, 33, 127, 0, 0, 4.81%, 0, 0, 6, 20161.58, 49636755, 205
2375, 180, 5, 127, 0, 0, 4.81%, 0, 0, 6, 22588.24, 49754861, 205
2380, 181, 32, 127, 0, 0, 4.81%, 0, 0, 6, 21601.87, 49864632, 205
2385, 181, 25, 127, 0, 0, 4.81%, 0, 0, 6, 23235.99, 49985459, 205
2390, 182, 5, 127, 0, 0, 4.81%, 0, 0, 6, 19226.25, 50082263, 205
2395, 182, 33, 127, 0, 0, 4.81%, 0, 0, 6, 21099.75, 50193932, 205
2401, 182, 25, 127, 0, 0, 4.81%, 0, 0, 6, 21125.53, 50304856, 205
2406, 183, 33, 127, 0, 0, 4.81%, 0, 0, 6, 21817.69, 50415736, 205
2411, 183, 32, 127, 0, 0, 4.81%, 0, 0, 6, 20937.29, 50526281, 205
2416, 184, 29, 127, 0, 0, 4.81%, 0, 0, 6, 22284.90, 50642929, 205
2421, 184, 33, 127, 0, 0, 4.81%, 0, 0, 6, 20536.35, 50748495, 205
2426, 184, 33, 127, 0, 0, 4.81%, 0, 0, 6, 22313.93, 50866215, 205
2431, 185, 29, 127, 0, 0, 4.81%, 0, 0, 6, 20247.18, 50972184, 205
2436, 185, 33, 127, 0, 0, 4.81%, 0, 0, 6, 22631.53, 51090600, 205
2441, 186, 33, 127, 0, 0, 4.81%, 0, 0, 6, 21624.29, 51199795, 205
2447, 186, 33, 127, 0, 0, 4.81%, 0, 0, 6, 25130.77, 51330609, 205
2452, 186, 33, 127, 0, 0, 4.81%, 0, 0, 6, 20846.68, 51428701, 205
2457, 187, 5, 127, 0, 0, 4.81%, 0, 0, 6, 25339.33, 51565253, 205
2462, 187, 25, 127, 0, 0, 4.81%, 0, 0, 6, 23380.17, 51684041, 205
2467, 188, 33, 127, 0, 0, 4.81%, 0, 0, 6, 19354.92, 51789369, 205
2472, 188, 29, 127, 0, 0, 4.81%, 0, 0, 6, 22151.68, 51904560, 205
2477, 189, 33, 127, 0, 0, 4.81%, 0, 0, 6, 19277.58, 52006403, 205
2482, 189, 5, 127, 0, 0, 4.81%, 0, 0, 6, 20102.36, 52106431, 205
2488, 189, 26, 127, 0, 0, 4.81%, 0, 0, 6, 22509.62, 52223295, 205
2493, 190, 5, 127, 0, 0, 4.81%, 0, 0, 6, 22622.93, 52333553, 205
2498, 190, 33, 127, 0, 0, 4.81%, 0, 0, 6, 23589.93, 52456953, 205
2503, 191, 5, 127, 0, 0, 4.81%, 0, 0, 6, 24963.70, 52581063, 205
2508, 191, 26, 127, 0, 0, 4.81%, 0, 0, 6, 22672.16, 52694791, 205
2513, 192, 25, 127, 0, 0, 4.81%, 0, 0, 6, 20616.33, 52797372, 205
2519, 192, 33, 127, 0, 0, 4.81%, 0, 0, 6, 21033.84, 52910750, 205
2524, 192, 1, 127, 0, 0, 4.81%, 0, 0, 6, 6947.22, 52952181, 205
2529, 192, 25, 127, 0, 0, 4.81%, 0, 0, 6, 12533.07, 53018897, 205
2534, 193, 5, 127, 0, 0, 4.81%, 0, 0, 6, 16719.11, 53105839, 205
2539, 193, 43, 127, 0, 0, 4.81%, 0, 0, 6, 19310.72, 53212481, 205
2544, 193, 33, 127, 0, 0, 4.81%, 0, 0, 6, 20892.79, 53318339, 205
2550, 194, 33, 127, 0, 0, 4.81%, 0, 0, 6, 20702.82, 53430527, 205
2555, 194, 33, 127, 0, 0, 4.81%, 0, 0, 6, 19747.95, 53532405, 205
2560, 195, 33, 127, 0, 0, 4.81%, 0, 0, 6, 18247.11, 53628328, 205
2565, 195, 3, 127, 0, 0, 4.81%, 0, 0, 6, 19923.81, 53732893, 205
2570, 195, 30, 127, 0, 0, 4.81%, 0, 0, 6, 16212.82, 53818585, 205
2576, 196, 19, 127, 0, 0, 4.81%, 0, 0, 6, 17154.16, 53906131, 205
2581, 196, 33, 127, 0, 0, 4.81%, 0, 0, 6, 15752.21, 53989332, 205
2586, 196, 33, 127, 0, 0, 4.81%, 0, 0, 6, 13688.81, 54058373, 205
2591, 197, 26, 127, 0, 0, 4.81%, 0, 0, 6, 17263.79, 54156689, 205
2596, 197, 30, 127, 0, 0, 4.81%, 0, 0, 6, 19222.37, 54259451, 205
2601, 197, 32, 127, 0, 0, 4.81%, 0, 0, 6, 19349.00, 54362270, 205
2606, 198, 33, 127, 0, 0, 4.81%, 0, 0, 6, 20731.13, 54468224, 205
2611, 198, 33, 127, 0, 0, 4.81%, 0, 0, 6, 17667.69, 54558447, 205
2616, 198, 29, 127, 0, 0, 4.81%, 0, 0, 6, 14968.38, 54630521, 205
2621, 199, 19, 127, 0, 0, 4.81%, 0, 0, 6, 17400.68, 54714898, 205
2627, 199, 33, 127, 0, 0, 4.81%, 0, 0, 6, 24158.01, 54848339, 205
2632, 199, 33, 127, 0, 0, 4.81%, 0, 0, 6, 19361.03, 54939615, 205
2637, 200, 19, 127, 0, 0, 4.81%, 0, 0, 6, 22166.44, 55056011, 205
2642, 200, 43, 127, 0, 0, 4.81%, 0, 0, 6, 21211.24, 55165596, 205
2647, 201, 33, 127, 0, 0, 4.81%, 0, 0, 6, 21373.05, 55276745, 205
2652, 201, 33, 127, 0, 0, 4.81%, 0, 0, 6, 15053.80, 55346675, 205
2657, 201, 25, 127, 0, 0, 4.81%, 0, 0, 6, 17407.22, 55445458, 205
2663, 202, 5, 127, 0, 0, 4.81%, 0, 0, 6, 16143.75, 55524439, 205
2668, 202, 25, 127, 0, 0, 4.81%, 0, 0, 6, 18253.27, 55617285, 205
2673, 202, 25, 127, 0, 0, 4.81%, 0, 0, 6, 20357.15, 55720435, 205
2678, 203, 33, 127, 0, 0, 4.81%, 0, 0, 6, 20800.89, 55828209, 205
2683, 203, 25, 127, 0, 0, 4.81%, 0, 0, 6, 22306.18, 55945745, 205
2688, 203, 3, 127, 0, 0, 4.81%, 0, 0, 6, 20620.56, 56051263, 205
2693, 204, 33, 127, 0, 0, 4.81%, 0, 0, 6, 19464.63, 56143235, 205
2698, 204, 25, 127, 0, 0, 4.81%, 0, 0, 6, 15878.99, 56224941, 205
2703, 204, 33, 127, 0, 0, 4.81%, 0, 0, 6, 18703.34, 56321740, 205
2709, 205, 5, 127, 0, 0, 4.81%, 0, 0, 6, 22897.25, 56444888, 205
2714, 205, 33, 127, 0, 0, 4.81%, 0, 0, 6, 20222.86, 56544191, 205
2719, 205, 33, 127, 0, 0, 4.81%, 0, 0, 6, 14426.59, 56609670, 205
2724, 206, 25, 127, 0, 0, 4.81%, 0, 0, 6, 15445.56, 56695037, 205
2729, 206, 5, 127, 0, 0, 4.81%, 0, 0, 6, 19754.99, 56796217, 205
2734, 206, 5, 127, 0, 0, 4.81%, 0, 0, 6, 15337.76, 56868237, 205
2740, 207, 5, 127, 0, 0, 4.81%, 0, 0, 6, 18198.01, 56957925, 205
2745, 207, 25, 127, 0, 0, 4.81%, 0, 0, 6, 18694.49, 57053303, 205
2750, 208, 25, 127, 0, 0, 4.81%, 0, 0, 6, 20254.64, 57165701, 205
2755, 208, 26, 127, 0, 0, 4.81%, 0, 0, 6, 19836.80, 57265038, 205
2760, 208, 33, 127, 0, 0, 4.81%, 0, 0, 6, 20390.12, 57377491, 205
2765, 209, 33, 127, 0, 0, 4.81%, 0, 0, 6, 15688.68, 57450413, 205
2770, 209, 29, 127, 0, 0, 4.81%, 0, 0, 6, 17355.54, 57543876, 205
2775, 209, 26, 127, 0, 0, 4.81%, 0, 0, 6, 20010.21, 57651382, 205
2780, 210, 26, 127, 0, 0, 4.81%, 0, 0, 6, 17041.41, 57738236, 205
2785, 210, 33, 127, 0, 0, 4.81%, 0, 0, 6, 19829.20, 57847121, 205
2791, 210, 33, 127, 0, 0, 4.81%, 0, 0, 6, 18567.95, 57941761, 205
2796, 211, 5, 127, 0, 0, 4.81%, 0, 0, 6, 18983.97, 58040533, 205
2801, 211, 25, 127, 0, 0, 4.81%, 0, 0, 6, 19632.02, 58142187, 205
2806, 212, 25, 127, 0, 0, 4.81%, 0, 0, 6, 21421.38, 58252791, 205
2811, 212, 33, 127, 0, 0, 4.81%, 0, 0, 6, 20201.23, 58353875, 205
2816, 212, 31, 127, 0, 0, 4.81%, 0, 0, 6, 24663.74, 58478779, 205
2821, 213, 3, 127, 0, 0, 4.81%, 0, 0, 6, 22089.77, 58592815, 205
2826, 213, 5, 127, 0, 0, 4.81%, 0, 0, 6, 21867.09, 58706048, 205
2832, 214, 33, 127, 0, 0, 4.81%, 0, 0, 6, 21775.46, 58819828, 205
2837, 214, 19, 127, 0, 0, 4.81%, 0, 0, 6, 22987.08, 58941892, 205
2842, 215, 29, 127, 0, 0, 4.81%, 0, 0, 6, 21387.21, 59050523, 205
2847, 215, 33, 127, 0, 0, 4.81%, 0, 0, 6, 21808.62, 59163247, 205
2852, 215, 33, 127, 0, 0, 4.81%, 0, 0, 6, 21627.14, 59275023, 205
2857, 216, 33, 127, 0, 0, 4.81%, 0, 0, 6, 20918.51, 59383162, 205
2863, 216, 26, 127, 0, 0, 4.81%, 0, 0, 6, 21132.14, 59490726, 205
2868, 216, 33, 127, 0, 0, 4.81%, 0, 0, 6, 18948.84, 59588382, 205
2873, 217, 26, 127, 0, 0, 4.81%, 0, 0, 6, 18838.62, 59680677, 205
2878, 217, 23, 127, 0, 0, 4.81%, 0, 0, 6, 22000.74, 59798075, 205
2883, 218, 25, 127, 0, 0, 4.81%, 0, 0, 6, 21607.79, 59906625, 205
2888, 218, 25, 127, 0, 0, 4.81%, 0, 0, 6, 24534.03, 60036183, 205
2893, 219, 26, 127, 0, 0, 4.81%, 0, 0, 6, 22016.72, 60143179, 205
2898, 219, 33, 127, 0, 0, 4.81%, 0, 0, 6, 24692.19, 60270160, 205
2903, 219, 25, 127, 0, 0, 4.81%, 0, 0, 6, 24247.60, 60386344, 205
2909, 220, 5, 127, 0, 0, 4.81%, 0, 0, 6, 22159.42, 60500146, 205
2914, 220, 33, 127, 0, 0, 4.81%, 0, 0, 6, 19557.89, 60598655, 205
2919, 221, 29, 127, 0, 0, 4.81%, 0, 0, 6, 18971.60, 60692001, 205
2924, 221, 31, 127, 0, 0, 4.81%, 0, 0, 6, 20305.05, 60797110, 205
2929, 221, 33, 127, 0, 0, 4.81%, 0, 0, 6, 19052.03, 60899290, 205
2934, 222, 23, 127, 0, 0, 4.81%, 0, 0, 6, 20190.11, 61002217, 205
2940, 222, 72, 127, 0, 0, 4.81%, 0, 0, 6, 21600.38, 61117524, 205
2945, 222, 3, 127, 0, 0, 4.81%, 0, 0, 6, 23137.84, 61231103, 205
2950, 223, 33, 127, 0, 0, 4.81%, 0, 0, 6, 21169.93, 61338866, 205
2955, 223, 33, 127, 0, 0, 4.81%, 0, 0, 6, 23212.39, 61457638, 205
2960, 224, 26, 127, 0, 0, 4.81%, 0, 0, 6, 18086.24, 61548183, 205
2965, 224, 33, 127, 0, 0, 4.81%, 0, 0, 6, 21710.46, 61664227, 205
2970, 224, 26, 127, 0, 0, 4.81%, 0, 0, 6, 20507.88, 61775368, 205
2976, 225, 33, 127, 0, 0, 4.81%, 0, 0, 6, 21195.22, 61875288, 205
2981, 225, 33, 127, 0, 0, 4.81%, 0, 0, 6, 20665.15, 61985767, 205
2986, 226, 33, 127, 0, 0, 4.81%, 0, 0, 6, 23336.09, 62106147, 205
2991, 226, 25, 127, 0, 0, 4.81%, 0, 0, 6, 19249.82, 62203029, 205
2996, 226, 33, 127, 0, 0, 4.81%, 0, 0, 6, 24031.20, 62332058, 205
3001, 227, 33, 127, 0, 0, 4.81%, 0, 0, 6, 21165.81, 62438642, 205
3006, 227, 25, 127, 0, 0, 4.81%, 0, 0, 6, 25665.22, 62568667, 205
3011, 228, 25, 127, 0, 0, 4.81%, 0, 0, 6, 22558.23, 62680372, 205
3017, 228, 33, 127, 0, 0, 4.81%, 0, 0, 6, 24550.04, 62813293, 205
3022, 229, 33, 127, 0, 0, 4.81%, 0, 0, 6, 20303.46, 62912176, 205
3027, 229, 33, 127, 0, 0, 4.81%, 0, 0, 6, 15613.37, 62999254, 205
3032, 229, 29, 127, 0, 0, 4.81%, 0, 0, 6, 17859.51, 63086006, 205
3037, 229, 25, 127, 0, 0, 4.81%, 0, 0, 6, 19457.48, 63185977, 205
3042, 230, 5, 127, 0, 0, 4.81%, 0, 0, 6, 18099.41, 63275453, 205
3047, 230, 33, 127, 0, 0, 4.81%, 0, 0, 6, 18578.79, 63372723, 205
3053, 230, 33, 127, 0, 0, 4.81%, 0, 0, 6, 16111.08, 63446848, 205
3058, 231, 25, 127, 0, 0, 4.81%, 0, 0, 6, 19232.18, 63551047, 205
3063, 231, 4, 127, 0, 0, 4.81%, 0, 0, 6, 16301.09, 63628067, 205
3068, 231, 19, 127, 0, 0, 4.81%, 0, 0, 6, 19756.33, 63735601, 205
3073, 232, 29, 127, 0, 0, 4.81%, 0, 0, 6, 15328.15, 63812783, 205
3078, 232, 19, 127, 0, 0, 4.81%, 0, 0, 6, 19286.37, 63910775, 205
3083, 232, 33, 127, 0, 0, 4.81%, 0, 0, 6, 16048.77, 63986800, 205
3088, 233, 32, 127, 0, 0, 4.81%, 0, 0, 6, 18331.76, 64087627, 205
3094, 233, 33, 127, 0, 0, 4.81%, 0, 0, 6, 20059.44, 64182581, 205
3099, 233, 33, 127, 0, 0, 4.81%, 0, 0, 6, 19991.84, 64284213, 205
3104, 234, 29, 127, 0, 0, 4.81%, 0, 0, 6, 20504.19, 64386979, 205
3109, 234, 33, 127, 0, 0, 4.81%, 0, 0, 6, 19465.72, 64489998, 205
3114, 235, 33, 127, 0, 0, 4.81%, 0, 0, 6, 20848.52, 64597513, 205
3119, 235, 33, 127, 0, 0, 4.81%, 0, 0, 6, 18798.61, 64697903, 205
3124, 235, 30, 127, 0, 0, 4.81%, 0, 0, 6, 17417.20, 64783602, 205
3129, 235, 3, 127, 0, 0, 4.81%, 0, 0, 6, 14410.41, 64854616, 205
3135, 236, 3, 127, 0, 0, 4.81%, 0, 0, 6, 19229.38, 64958182, 205
3140, 236, 33, 127, 0, 0, 4.81%, 0, 0, 6, 20146.21, 65065866, 205
3145, 237, 33, 127, 0, 0, 4.81%, 0, 0, 6, 20097.67, 65165655, 205
3150, 237, 25, 127, 0, 0, 4.81%, 0, 0, 6, 19403.94, 65269835, 205
3155, 237, 33, 127, 0, 0, 4.81%, 0, 0, 6, 21797.32, 65378188, 205
3160, 238, 19, 127, 0, 0, 4.81%, 0, 0, 6, 18575.75, 65477826, 205
3166, 238, 33, 127, 0, 0, 4.81%, 0, 0, 6, 17074.56, 65565945, 205
3171, 238, 33, 127, 0, 0, 4.81%, 0, 0, 6, 14541.54, 65641183, 205
3176, 239, 33, 127, 0, 0, 4.81%, 0, 0, 6, 15020.82, 65717075, 205
3181, 239, 3, 127, 0, 0, 4.81%, 0, 0, 6, 15414.98, 65792574, 205
3186, 239, 32, 127, 0, 0, 4.81%, 0, 0, 6, 17224.89, 65876733, 205
3191, 240, 33, 127, 0, 0, 4.81%, 0, 0, 6, 20760.04, 65992014, 205
3197, 240, 26, 127, 0, 0, 4.81%, 0, 0, 6, 19636.91, 66092067, 205
3202, 240, 33, 127, 0, 0, 4.81%, 0, 0, 6, 18497.73, 66187484, 205
3207, 241, 33, 127, 0, 0, 4.81%, 0, 0, 6, 20715.23, 66298466, 205
3212, 241, 5, 127, 0, 0, 4.81%, 0, 0, 6, 19016.42, 66394947, 205
3217, 242, 25, 127, 0, 0, 4.81%, 0, 0, 6, 20169.49, 66502623, 205
3222, 242, 25, 127, 0, 0, 4.81%, 0, 0, 6, 20493.97, 66608710, 205
3227, 242, 33, 127, 0, 0, 4.81%, 0, 0, 6, 16001.33, 66689244, 205
3232, 242, 25, 127, 0, 0, 4.81%, 0, 0, 6, 16953.38, 66769150, 205
3238, 243, 33, 127, 0, 0, 4.81%, 0, 0, 6, 19800.57, 66874423, 205
3243, 243, 29, 127, 0, 0, 4.81%, 0, 0, 6, 17545.94, 66967555, 205
3248, 244, 29, 127, 0, 0, 4.81%, 0, 0, 6, 18941.42, 67058724, 205
3253, 244, 33, 127, 0, 0, 4.81%, 0, 0, 6, 20606.07, 67162068, 205
3258, 244, 26, 127, 0, 0, 4.81%, 0, 0, 6, 18824.48, 67262401, 205
3263, 245, 33, 127, 0, 0, 4.81%, 0, 0, 6, 18819.70, 67354310, 205
3268, 245, 29, 127, 0, 0, 4.81%, 0, 0, 6, 21083.81, 67465476, 205
3274, 245, 33, 127, 0, 0, 4.81%, 0, 0, 6, 22466.75, 67576863, 205
3279, 246, 29, 127, 0, 0, 4.81%, 0, 0, 6, 20264.29, 67680312, 205
3284, 246, 55, 127, 0, 0, 4.81%, 0, 0, 6, 23744.17, 67803392, 205
3289, 247, 25, 127, 0, 0, 4.81%, 0, 0, 6, 19936.06, 67907121, 205
3294, 247, 25, 127, 0, 0, 4.81%, 0, 0, 6, 21217.75, 68013657, 205
3299, 247, 33, 127, 0, 0, 4.81%, 0, 0, 6, 22219.71, 68129763, 205
3304, 248, 33, 127, 0, 0, 4.81%, 0, 0, 6, 21968.89, 68238142, 205
3310, 248, 33, 127, 0, 0, 4.81%, 0, 0, 6, 19345.58, 68333615, 205
3315, 249, 33, 127, 0, 0, 4.81%, 0, 0, 6, 20160.58, 68433377, 205
3320, 249, 3, 127, 0, 0, 4.81%, 0, 0, 6, 16984.15, 68520613, 205
3325, 249, 33, 127, 0, 0, 4.81%, 0, 0, 6, 18440.74, 68609567, 205
3330, 250, 43, 127, 0, 0, 4.81%, 0, 0, 6, 18590.43, 68706749, 205
3335, 250, 33, 127, 0, 0, 4.81%, 0, 0, 6, 19319.75, 68802847, 205
3340, 250, 33, 127, 0, 0, 4.81%, 0, 0, 6, 17473.18, 68893593, 205
3345, 250, 58, 127, 0, 0, 4.81%, 0, 0, 6, 18545.53, 68981510, 205
3350, 251, 25, 127, 0, 0, 4.81%, 0, 0, 6, 18455.40, 69079319, 205
3356, 251, 33, 127, 0, 0, 4.81%, 0, 0, 6, 17713.29, 69167872, 205
3361, 251, 33, 127, 0, 0, 4.81%, 0, 0, 6, 17190.71, 69262902, 205
3366, 252, 33, 127, 0, 0, 4.81%, 0, 0, 6, 20574.49, 69382576, 205
3371, 252, 33, 127, 0, 0, 4.81%, 0, 0, 6, 17765.78, 69471997, 205
3376, 253, 33, 127, 0, 0, 4.81%, 0, 0, 6, 21555.11, 69583331, 205
3381, 253, 82, 127, 0, 0, 4.81%, 0, 0, 6, 20153.64, 69688115, 205
3386, 253, 33, 127, 0, 0, 4.81%, 0, 0, 6, 24108.21, 69810629, 205
3391, 254, 33, 127, 0, 0, 4.81%, 0, 0, 6, 23084.13, 69931765, 205
3397, 254, 5, 127, 0, 0, 4.81%, 0, 0, 6, 23879.46, 70054289, 205
3402, 255, 19, 127, 0, 0, 4.81%, 0, 0, 6, 22179.62, 70169331, 205
3407, 255, 33, 127, 0, 0, 4.81%, 0, 0, 6, 20394.97, 70276099, 205
3412, 255, 5, 127, 0, 0, 4.81%, 0, 0, 6, 16008.81, 70347041, 205
3417, 256, 33, 127, 0, 0, 4.81%, 0, 0, 6, 17767.41, 70440877, 205
3422, 256, 32, 127, 0, 0, 4.81%, 0, 0, 6, 17665.14, 70526363, 205
3427, 256, 23, 127, 0, 0, 4.81%, 0, 0, 6, 16987.73, 70614122, 205
3432, 257, 5, 127, 0, 0, 4.81%, 0, 0, 6, 17023.77, 70704594, 205
3438, 257, 25, 127, 0, 0, 4.81%, 0, 0, 6, 14084.71, 70773823, 205
3443, 257, 5, 127, 0, 0, 4.81%, 0, 0, 6, 16145.85, 70855458, 205
3448, 258, 33, 127, 0, 0, 4.81%, 0, 0, 6, 19953.67, 70959297, 205
3453, 258, 5, 127, 0, 0, 4.81%, 0, 0, 6, 19061.23, 71054467, 205
3458, 258, 25, 127, 0, 0, 4.81%, 0, 0, 6, 20493.17, 71159899, 205
3463, 259, 26, 127, 0, 0, 4.81%, 0, 0, 6, 20472.01, 71263801, 205
3468, 259, 33, 127, 0, 0, 4.81%, 0, 0, 6, 17970.42, 71360422, 205
3474, 259, 3, 127, 0, 0, 4.81%, 0, 0, 6, 17338.37, 71442493, 205
3479, 260, 33, 127, 0, 0, 4.81%, 0, 0, 6, 20512.51, 71555011, 205
3484, 260, 26, 127, 0, 0, 4.81%, 0, 0, 6, 17214.95, 71637563, 205
3489, 261, 26, 127, 0, 0, 4.81%, 0, 0, 6, 17462.07, 71730131, 205
3494, 261, 25, 127, 0, 0, 4.81%, 0, 0, 6, 20715.44, 71834490, 205
3499, 261, 29, 127, 0, 0, 4.81%, 0, 0, 6, 19263.48, 71937321, 205
3505, 261, 25, 127, 0, 0, 4.81%, 0, 0, 6, 14691.46, 72004594, 205
3510, 262, 33, 127, 0, 0, 4.81%, 0, 0, 6, 16658.60, 72090565, 205
3515, 262, 33, 127, 0, 0, 4.81%, 0, 0, 6, 18846.71, 72187813, 205
3520, 263, 33, 127, 0, 0, 4.81%, 0, 0, 6, 17579.76, 72279905, 205
3525, 263, 5, 127, 0, 0, 4.81%, 0, 0, 6, 19686.97, 72378390, 205
3530, 263, 5, 127, 0, 0, 4.81%, 0, 0, 6, 16705.25, 72460379, 205
3535, 264, 33, 127, 0, 0, 4.81%, 0, 0, 6, 19855.58, 72558345, 205
3541, 264, 19, 127, 0, 0, 4.81%, 0, 0, 6, 14234.02, 72629850, 205
3546, 264, 33, 127, 0, 0, 4.81%, 0, 0, 6, 17323.94, 72716673, 205
3551, 265, 5, 127, 0, 0, 4.81%, 0, 0, 6, 18964.98, 72812953, 205
3556, 265, 33, 127, 0, 0, 4.81%, 0, 0, 6, 18074.09, 72906746, 205
3561, 265, 78, 127, 0, 0, 4.81%, 0, 0, 6, 17230.64, 72993351, 205
3566, 266, 33, 127, 0, 0, 4.81%, 0, 0, 6, 16887.23, 73085547, 205
3571, 266, 19, 127, 0, 0, 4.81%, 0, 0, 6, 17705.03, 73179721, 205
3577, 266, 33, 127, 0, 0, 4.81%, 0, 0, 6, 13952.09, 73254446, 205
3582, 267, 32, 127, 0, 0, 4.81%, 0, 0, 6, 19058.68, 73358813, 205
3587, 267, 25, 127, 0, 0, 4.81%, 0, 0, 6, 18591.64, 73454365, 205
3592, 267, 33, 127, 0, 0, 4.81%, 0, 0, 6, 19045.36, 73550702, 205
3597, 268, 5, 127, 0, 0, 4.81%, 0, 0, 6, 23449.96, 73673451, 205
3600, 268, 33, 127, 0, 0, 4.81%, 0, 0, 6, 22221.30, 73722705, 205
