# relative_time, cycles_done, cur_item, corpus_count, pending_total, pending_favs, map_size, saved_crashes, saved_hangs, max_depth, execs_per_sec, total_execs, edges_found
60, 0, 88, 92, 78, 22, 8.68%, 0, 0, 5, 5854.54, 343860, 500
65, 0, 88, 93, 79, 22, 8.68%, 0, 0, 5, 5667.07, 371728, 500
72, 0, 88, 94, 80, 22, 8.94%, 0, 0, 5, 434.39, 398675, 515
77, 0, 88, 94, 80, 22, 8.94%, 0, 0, 5, 5481.17, 425960, 515
82, 0, 88, 95, 81, 22, 8.94%, 0, 0, 5, 5842.39, 455326, 515
87, 0, 95, 106, 89, 20, 9.70%, 0, 0, 5, 6167.48, 488147, 559
92, 0, 95, 111, 94, 20, 9.86%, 0, 0, 5, 11643.33, 544631, 568
97, 0, 95, 111, 94, 20, 9.86%, 0, 0, 5, 7696.29, 581559, 568
103, 0, 95, 114, 97, 20, 9.93%, 0, 0, 5, 7128.15, 616611, 572
108, 0, 99, 116, 97, 29, 9.93%, 0, 0, 6, 5732.55, 636926, 572
113, 0, 109, 116, 94, 26, 9.93%, 0, 0, 6, 5793.30, 666473, 572
118, 0, 100, 116, 82, 14, 9.93%, 0, 0, 6, 14621.46, 743257, 572
123, 0, 93, 116, 78, 10, 9.93%, 0, 0, 6, 8454.06, 777712, 572
128, 0, 103, 116, 75, 7, 9.93%, 0, 0, 6, 6464.55, 808123, 572
133, 0, 2, 116, 68, 0, 9.93%, 0, 0, 6, 5916.90, 837175, 572
138, 0, 103, 116, 68, 0, 9.93%, 0, 0, 6, 6570.09, 870942, 572
143, 0, 36, 116, 67, 0, 9.93%, 0, 0, 6, 5380.67, 887979, 572
148, 0, 28, 116, 67, 0, 9.93%, 0, 0, 6, 6610.83, 923630, 572
153, 0, 87, 119, 70, 0, 9.93%, 0, 0, 6, 6381.00, 955555, 572
158, 0, 87, 121, 72, 0, 9.93%, 0, 0, 6, 5729.98, 983432, 572
163, 0, 87, 123, 74, 0, 9.93%, 0, 0, 6, 6406.05, 1014954, 572
168, 0, 87, 124, 75, 0, 9.93%, 0, 0, 6, 6476.17, 1046774, 572
172, 0, 87, 124, 75, 0, 9.93%, 0, 0, 6, 6288.56, 1068087, 572
