# relative_time, cycles_done, cur_item, corpus_count, pending_total, pending_favs, map_size, saved_crashes, saved_hangs, max_depth, execs_per_sec, total_execs, edges_found
61, 0, 259, 296, 262, 1, 8.74%, 0, 0, 3, 18287.99, 1385829, 430
66, 0, 259, 296, 262, 1, 8.74%, 0, 0, 3, 19597.44, 1473146, 430
71, 0, 265, 296, 261, 0, 8.74%, 0, 0, 3, 17780.12, 1564930, 430
76, 0, 265, 296, 261, 0, 8.74%, 0, 0, 3, 17573.54, 1653720, 430
81, 0, 265, 296, 261, 0, 8.74%, 0, 0, 3, 17587.18, 1742792, 430
86, 1, 8, 305, 266, 0, 8.74%, 0, 0, 3, 25158.47, 1865729, 430
91, 1, 19, 307, 264, 0, 8.74%, 0, 0, 3, 29578.83, 2027971, 430
96, 1, 30, 309, 263, 0, 8.74%, 0, 0, 3, 27029.85, 2167631, 430
101, 1, 40, 314, 266, 0, 8.74%, 0, 0, 3, 26149.18, 2295676, 430
106, 1, 48, 315, 265, 0, 8.74%, 0, 0, 3, 25739.45, 2421065, 430
111, 1, 58, 315, 263, 0, 8.74%, 0, 0, 3, 25817.98, 2545180, 430
116, 1, 81, 316, 263, 0, 8.74%, 0, 0, 3, 24100.30, 2662007, 430
121, 1, 83, 316, 261, 0, 8.74%, 0, 0, 3, 27139.46, 2793077, 430
127, 1, 112, 316, 256, 0, 8.74%, 0, 0, 3, 28486.18, 2952184, 430
132, 1, 112, 316, 256, 0, 8.74%, 0, 0, 3, 18960.92, 3030845, 430
137, 1, 113, 321, 260, 0, 8.74%, 0, 0, 3, 25150.95, 3157123, 430
142, 1, 114, 321, 259, 0, 8.74%, 0, 0, 3, 23370.90, 3273759, 430
147, 1, 114, 321, 259, 0, 8.74%, 0, 0, 3, 24045.06, 3396603, 430
152, 1, 120, 324, 261, 0, 8.74%, 0, 0, 3, 26650.74, 3533352, 430
157, 1, 127, 329, 264, 0, 8.74%, 0, 0, 3, 21973.82, 3644923, 430
162, 1, 134, 329, 263, 0, 8.74%, 0, 0, 3, 24295.45, 3766237, 430
167, 1, 143, 329, 262, 0, 8.74%, 0, 0, 3, 25783.46, 3898654, 430
172, 1, 144, 331, 263, 0, 8.74%, 0, 0, 3, 22344.69, 4003024, 430
178, 1, 144, 331, 263, 0, 8.74%, 0, 0, 3, 20342.27, 4100872, 430
183, 1, 145, 333, 264, 0, 8.74%, 0, 0, 3, 24802.37, 4220970, 430
188, 1, 152, 335, 265, 0, 8.74%, 0, 0, 3, 18982.36, 4318275, 430
193, 1, 152, 335, 265, 0, 8.74%, 0, 0, 3, 16495.23, 4394439, 430
198, 1, 152, 335, 265, 0, 8.74%, 0, 0, 3, 17336.41, 4478902, 430
203, 1, 158, 338, 267, 0, 8.74%, 0, 0, 3, 17244.73, 4562204, 430
208, 1, 159, 338, 266, 0, 8.74%, 0, 0, 3, 21375.22, 4677488, 430
213, 1, 159, 338, 266, 0, 8.74%, 0, 0, 3, 22308.13, 4782545, 430
218, 1, 164, 343, 269, 0, 8.74%, 0, 0, 3, 21731.99, 4894597, 430
223, 1, 167, 343, 268, 0, 8.74%, 0, 0, 3, 15666.97, 4975193, 430
228, 1, 168, 344, 268, 0, 8.74%, 0, 0, 3, 17445.91, 5071365, 430
233, 1, 168, 344, 268, 0, 8.74%, 0, 0, 3, 19439.19, 5167414, 430
238, 1, 181, 346, 269, 0, 8.74%, 0, 0, 3, 3493.71, 5260699, 430
243, 1, 181, 346, 269, 0, 8.74%, 0, 0, 3, 3592.78, 5278677, 430
248, 1, 181, 346, 269, 0, 8.74%, 0, 0, 3, 3590.94, 5296828, 430
253, 1, 181, 346, 269, 0, 8.74%, 0, 0, 3, 3508.31, 5314270, 430
259, 1, 181, 346, 269, 0, 8.74%, 0, 0, 3, 3645.43, 5333055, 430
264, 1, 181, 346, 269, 0, 8.74%, 0, 0, 3, 3646.96, 5351835, 430
269, 1, 181, 346, 269, 0, 8.74%, 0, 0, 3, 3787.65, 5371316, 430
274, 1, 181, 346, 269, 0, 8.74%, 0, 0, 3, 3584.28, 5389330, 430
279, 1, 181, 346, 269, 0, 8.74%, 0, 0, 3, 3592.91, 5407719, 430
284, 1, 181, 346, 269, 0, 8.74%, 0, 0, 3, 3477.73, 5425398, 430
289, 1, 181, 346, 269, 0, 8.74%, 0, 0, 3, 3439.91, 5443034, 430
294, 1, 181, 346, 269, 0, 8.74%, 0, 0, 3, 3671.68, 5461465, 430
299, 1, 181, 346, 269, 0, 8.74%, 0, 0, 3, 3613.14, 5479952, 430
304, 1, 181, 346, 269, 0, 8.74%, 0, 0, 3, 3592.77, 5498024, 430
309, 1, 181, 346, 269, 0, 8.74%, 0, 0, 3, 3520.26, 5515766, 430
314, 1, 181, 346, 269, 0, 8.74%, 0, 0, 3, 3647.76, 5534319, 430
319, 1, 181, 346, 269, 0, 8.74%, 0, 0, 3, 3738.40, 5553266, 430
324, 1, 181, 346, 269, 0, 8.74%, 0, 0, 3, 3494.59, 5570408, 430
329, 1, 181, 346, 269, 0, 8.74%, 0, 0, 3, 3413.01, 5587432, 430
334, 1, 181, 346, 269, 0, 8.74%, 0, 0, 3, 3879.08, 5607328, 430
339, 1, 181, 346, 269, 0, 8.74%, 0, 0, 3, 3807.17, 5626704, 430
344, 1, 181, 346, 269, 0, 8.74%, 0, 0, 3, 3965.91, 5646821, 430
349, 1, 181, 346, 269, 0, 8.74%, 0, 0, 3, 3774.49, 5666072, 430
354, 1, 181, 346, 269, 0, 8.74%, 0, 0, 3, 3843.97, 5685224, 430
360, 1, 181, 346, 269, 0, 8.74%, 0, 0, 3, 3874.70, 5705140, 430
365, 1, 181, 346, 269, 0, 8.74%, 0, 0, 3, 3808.49, 5724364, 430
370, 1, 181, 346, 269, 0, 8.74%, 0, 0, 3, 3807.71, 5743588, 430
375, 1, 181, 346, 269, 0, 8.74%, 0, 0, 3, 3844.97, 5762972, 430
380, 1, 181, 346, 269, 0, 8.74%, 0, 0, 3, 3646.93, 5781628, 430
385, 1, 181, 346, 269, 0, 8.74%, 0, 0, 3, 3747.75, 5800362, 430
390, 1, 181, 346, 269, 0, 8.74%, 0, 0, 3, 3587.63, 5818789, 430
395, 1, 181, 346, 269, 0, 8.74%, 0, 0, 3, 3705.81, 5837288, 430
400, 1, 181, 346, 269, 0, 8.74%, 0, 0, 3, 3467.89, 5854624, 430
405, 1, 181, 346, 269, 0, 8.74%, 0, 0, 3, 4143.43, 5875731, 430
410, 1, 181, 346, 269, 0, 8.74%, 0, 0, 3, 4249.94, 5897873, 430
415, 1, 181, 346, 269, 0, 8.74%, 0, 0, 3, 4327.96, 5919975, 430
420, 1, 181, 346, 269, 0, 8.74%, 0, 0, 3, 4102.00, 5940404, 430
425, 1, 181, 346, 269, 0, 8.74%, 0, 0, 3, 4226.95, 5961439, 430
431, 1, 181, 346, 269, 0, 8.74%, 0, 0, 3, 3994.62, 5982331, 430
436, 1, 181, 346, 269, 0, 8.74%, 0, 0, 3, 4095.51, 6003487, 430
441, 1, 181, 346, 269, 0, 8.74%, 0, 0, 3, 3888.39, 6023047, 430
446, 1, 181, 346, 269, 0, 8.74%, 0, 0, 3, 4004.80, 6043207, 430
451, 1, 181, 346, 269, 0, 8.74%, 0, 0, 3, 3733.98, 6061865, 430
456, 1, 181, 346, 269, 0, 8.74%, 0, 0, 3, 3753.43, 6080707, 430
461, 1, 181, 346, 269, 0, 8.74%, 0, 0, 3, 3512.57, 6098037, 430
466, 1, 181, 346, 269, 0, 8.74%, 0, 0, 3, 3435.81, 6115417, 430
471, 1, 181, 346, 269, 0, 8.74%, 0, 0, 3, 3377.82, 6132193, 430
476, 1, 181, 346, 269, 0, 8.74%, 0, 0, 3, 3696.31, 6151470, 430
481, 1, 181, 346, 269, 0, 8.74%, 0, 0, 3, 3409.89, 6168655, 430
486, 1, 181, 346, 269, 0, 8.74%, 0, 0, 3, 3365.69, 6185403, 430
491, 1, 181, 346, 269, 0, 8.74%, 0, 0, 3, 3771.34, 6205342, 430
496, 1, 181, 346, 269, 0, 8.74%, 0, 0, 3, 3838.49, 6225121, 430
501, 1, 181, 346, 269, 0, 8.74%, 0, 0, 3, 3886.23, 6245051, 430
506, 1, 181, 346, 269, 0, 8.74%, 0, 0, 3, 3759.94, 6263821, 430
511, 1, 181, 346, 269, 0, 8.74%, 0, 0, 3, 4062.38, 6284208, 430
516, 1, 181, 346, 269, 0, 8.74%, 0, 0, 3, 4258.10, 6306128, 430
521, 1, 181, 346, 269, 0, 8.74%, 0, 0, 3, 4057.29, 6326288, 430
526, 1, 181, 346, 269, 0, 8.74%, 0, 0, 3, 3535.17, 6343692, 430
532, 1, 181, 346, 269, 0, 8.74%, 0, 0, 3, 3690.14, 6362245, 430
537, 1, 181, 346, 269, 0, 8.74%, 0, 0, 3, 4020.55, 6383088, 430
542, 1, 181, 346, 269, 0, 8.74%, 0, 0, 3, 3867.99, 6402439, 430
547, 1, 181, 346, 269, 0, 8.74%, 0, 0, 3, 3777.14, 6421488, 430
552, 1, 181, 346, 269, 0, 8.74%, 0, 0, 3, 3480.34, 6438774, 430
557, 1, 187, 359, 281, 0, 8.74%, 0, 0, 3, 7742.23, 6483573, 430
562, 1, 187, 359, 281, 0, 8.74%, 0, 0, 3, 6343.36, 6513671, 430
567, 1, 187, 359, 281, 0, 8.74%, 0, 0, 3, 6833.65, 6549168, 430
572, 1, 187, 359, 281, 0, 8.74%, 0, 0, 3, 6354.71, 6580557, 430
577, 1, 187, 359, 281, 0, 8.74%, 0, 0, 3, 6386.54, 6613219, 430
582, 1, 187, 359, 281, 0, 8.74%, 0, 0, 3, 6114.56, 6644378, 430
587, 1, 187, 359, 281, 0, 8.74%, 0, 0, 3, 6540.11, 6677011, 430
592, 1, 187, 359, 281, 0, 8.74%, 0, 0, 3, 6684.79, 6710378, 430
597, 1, 187, 359, 281, 0, 8.74%, 0, 0, 3, 6849.88, 6744819, 430
603, 1, 187, 359, 281, 0, 8.74%, 0, 0, 3, 6536.78, 6776331, 430
608, 1, 187, 359, 281, 0, 8.74%, 0, 0, 3, 6710.09, 6809477, 430
613, 1, 187, 359, 281, 0, 8.74%, 0, 0, 3, 7012.02, 6844589, 430
618, 1, 187, 359, 281, 0, 8.74%, 0, 0, 3, 7404.20, 6882521, 430
623, 1, 187, 359, 281, 0, 8.74%, 0, 0, 3, 6518.66, 6913805, 430
628, 1, 187, 359, 281, 0, 8.74%, 0, 0, 3, 6482.12, 6946362, 430
633, 1, 187, 359, 281, 0, 8.74%, 0, 0, 3, 6889.39, 6981302, 430
638, 1, 187, 359, 281, 0, 8.74%, 0, 0, 3, 6874.82, 7016393, 430
643, 1, 187, 359, 281, 0, 8.74%, 0, 0, 3, 7129.12, 7051812, 430
648, 1, 187, 359, 281, 0, 8.74%, 0, 0, 3, 7243.05, 7087794, 430
653, 1, 187, 359, 281, 0, 8.74%, 0, 0, 3, 7151.54, 7123186, 430
658, 1, 187, 359, 281, 0, 8.74%, 0, 0, 3, 6499.34, 7155439, 430
663, 1, 263, 419, 339, 12, 9.25%, 0, 0, 3, 21449.03, 7272719, 455
668, 1, 278, 419, 338, 12, 9.25%, 0, 0, 3, 13102.23, 7343473, 455
673, 1, 278, 419, 338, 12, 9.25%, 0, 0, 3, 7505.34, 7374128, 455
679, 1, 278, 419, 338, 12, 9.25%, 0, 0, 3, 6571.19, 7405280, 455
684, 1, 278, 419, 338, 12, 9.25%, 0, 0, 3, 6256.06, 7436800, 455
689, 1, 278, 419, 338, 12, 9.25%, 0, 0, 3, 6013.93, 7467350, 455
694, 1, 278, 419, 338, 12, 9.25%, 0, 0, 3, 5876.91, 7496380, 455
699, 1, 278, 419, 338, 12, 9.25%, 0, 0, 3, 5448.33, 7523752, 455
704, 1, 278, 419, 338, 12, 9.25%, 0, 0, 3, 5410.45, 7549836, 455
709, 1, 278, 419, 338, 12, 9.25%, 0, 0, 3, 6063.65, 7581362, 455
714, 1, 278, 419, 338, 12, 9.25%, 0, 0, 3, 6144.92, 7612472, 455
719, 1, 278, 419, 338, 12, 9.25%, 0, 0, 3, 6213.32, 7644376, 455
724, 1, 278, 419, 338, 12, 9.25%, 0, 0, 3, 5824.00, 7672980, 455
729, 1, 278, 419, 338, 12, 9.25%, 0, 0, 3, 5948.89, 7704531, 455
734, 1, 278, 419, 338, 12, 9.25%, 0, 0, 3, 5735.13, 7733116, 455
739, 1, 278, 419, 338, 12, 9.25%, 0, 0, 3, 6452.62, 7767651, 455
743, 1, 279, 419, 338, 12, 9.25%, 0, 0, 3, 6218.04, 7792702, 455
