# relative_time, cycles_done, cur_item, corpus_count, pending_total, pending_favs, map_size, saved_crashes, saved_hangs, max_depth, execs_per_sec, total_execs, edges_found
60, 6, 0, 29, 3, 0, 4.88%, 0, 0, 3, 20434.14, 1231634, 206
66, 7, 25, 29, 2, 0, 4.88%, 0, 0, 3, 21476.23, 1349594, 206
71, 7, 25, 29, 2, 0, 4.88%, 0, 0, 3, 19852.47, 1447082, 206
76, 8, 0, 29, 2, 0, 4.88%, 0, 0, 3, 21852.58, 1559999, 206
81, 8, 8, 29, 2, 0, 4.88%, 0, 0, 3, 20853.10, 1663960, 206
86, 9, 8, 29, 2, 0, 4.88%, 0, 0, 3, 22123.90, 1774889, 206
91, 9, 0, 29, 2, 0, 4.88%, 0, 0, 3, 19618.35, 1869009, 206
96, 10, 0, 29, 2, 0, 4.88%, 0, 0, 3, 21779.30, 1984054, 206
101, 10, 0, 29, 2, 0, 4.88%, 0, 0, 3, 20671.25, 2087077, 206
106, 11, 0, 29, 2, 0, 4.88%, 0, 0, 3, 21745.67, 2199185, 206
111, 11, 0, 29, 2, 0, 4.88%, 0, 0, 3, 20021.56, 2297105, 206
116, 12, 0, 29, 2, 0, 4.88%, 0, 0, 3, 21109.84, 2407508, 206
121, 12, 0, 29, 2, 0, 4.88%, 0, 0, 3, 19707.48, 2503520, 206
126, 13, 25, 29, 2, 0, 4.88%, 0, 0, 3, 20697.88, 2608241, 206
131, 13, 0, 29, 1, 0, 4.88%, 0, 0, 3, 19850.15, 2706325, 206
136, 14, 0, 29, 1, 0, 4.88%, 0, 0, 3, 22321.86, 2822230, 206
141, 14, 25, 29, 1, 0, 4.88%, 0, 0, 3, 20685.44, 2923005, 206
146, 15, 8, 29, 1, 0, 4.88%, 0, 0, 3, 20555.12, 3026402, 206
152, 15, 0, 29, 1, 0, 4.88%, 0, 0, 3, 20102.65, 3125154, 206
157, 16, 8, 29, 1, 0, 4.88%, 0, 0, 3, 20916.93, 3231044, 206
162, 16, 3, 29, 1, 0, 4.88%, 0, 0, 3, 20810.42, 3332167, 206
167, 17, 0, 29, 1, 0, 4.88%, 0, 0, 3, 22434.10, 3447260, 206
172, 17, 8, 29, 1, 0, 4.88%, 0, 0, 3, 21164.17, 3552220, 206
177, 18, 0, 29, 1, 0, 4.88%, 0, 0, 3, 20871.95, 3659090, 206
182, 19, 0, 29, 1, 0, 4.88%, 0, 0, 3, 20460.00, 3758412, 206
187, 19, 0, 29, 1, 0, 4.88%, 0, 0, 3, 20581.48, 3864942, 206
192, 20, 0, 29, 1, 0, 4.88%, 0, 0, 3, 20892.63, 3968806, 206
197, 20, 0, 29, 1, 0, 4.88%, 0, 0, 3, 20921.69, 4076826, 206
202, 21, 0, 29, 1, 0, 4.88%, 0, 0, 3, 20377.74, 4176789, 206
207, 21, 0, 29, 1, 0, 4.88%, 0, 0, 3, 19952.77, 4278786, 206
212, 22, 0, 29, 1, 0, 4.88%, 0, 0, 3, 20357.74, 4380023, 206
217, 22, 25, 29, 0, 0, 4.88%, 0, 0, 3, 21117.56, 4487516, 206
222, 23, 0, 29, 0, 0, 4.88%, 0, 0, 3, 21908.86, 4597451, 206
227, 23, 0, 29, 0, 0, 4.88%, 0, 0, 3, 21144.73, 4704754, 206
232, 24, 0, 29, 0, 0, 4.88%, 0, 0, 3, 20963.54, 4808163, 206
237, 24, 0, 29, 0, 0, 4.88%, 0, 0, 3, 20596.03, 4913995, 206
242, 25, 0, 29, 0, 0, 4.88%, 0, 0, 3, 21449.77, 5020176, 206
247, 25, 0, 29, 0, 0, 4.88%, 0, 0, 3, 20588.56, 5125125, 206
253, 25, 0, 29, 0, 0, 4.88%, 0, 0, 3, 21116.41, 5231791, 206
258, 26, 0, 29, 0, 0, 4.88%, 0, 0, 3, 21036.10, 5338841, 206
263, 27, 0, 29, 0, 0, 4.88%, 0, 0, 3, 20776.51, 5444377, 206
268, 27, 17, 29, 0, 0, 4.88%, 0, 0, 3, 20007.20, 5548396, 206
273, 27, 12, 29, 0, 0, 4.88%, 0, 0, 3, 20873.05, 5652899, 206
278, 28, 0, 29, 0, 0, 4.88%, 0, 0, 3, 20827.16, 5763134, 206
283, 28, 0, 29, 0, 0, 4.88%, 0, 0, 3, 20424.17, 5863372, 206
288, 29, 0, 29, 0, 0, 4.88%, 0, 0, 3, 21144.89, 5977516, 206
293, 29, 7, 29, 0, 0, 4.88%, 0, 0, 3, 20675.62, 6079627, 206
298, 30, 0, 29, 0, 0, 4.88%, 0, 0, 3, 20337.35, 6183869, 206
303, 30, 25, 29, 0, 0, 4.88%, 0, 0, 3, 21390.22, 6290127, 206
308, 31, 0, 29, 0, 0, 4.88%, 0, 0, 3, 20211.69, 6393545, 206
313, 31, 0, 29, 0, 0, 4.88%, 0, 0, 3, 21761.60, 6503219, 206
319, 32, 8, 29, 0, 0, 4.88%, 0, 0, 3, 20817.07, 6613369, 206
324, 32, 0, 29, 0, 0, 4.88%, 0, 0, 3, 21901.00, 6723165, 206
329, 32, 0, 29, 0, 0, 4.88%, 0, 0, 3, 20276.81, 6828720, 206
334, 33, 0, 29, 0, 0, 4.88%, 0, 0, 3, 21438.63, 6936141, 206
339, 33, 0, 29, 0, 0, 4.88%, 0, 0, 3, 20610.92, 7040879, 206
344, 34, 20, 29, 0, 0, 4.88%, 0, 0, 3, 21538.30, 7152854, 206
349, 35, 0, 29, 0, 0, 4.88%, 0, 0, 3, 20104.81, 7253395, 206
354, 35, 0, 29, 0, 0, 4.88%, 0, 0, 3, 21808.24, 7365351, 206
359, 35, 0, 29, 0, 0, 4.88%, 0, 0, 3, 20140.14, 7467410, 206
364, 36, 0, 29, 0, 0, 4.88%, 0, 0, 3, 20902.17, 7573121, 206
369, 36, 0, 29, 0, 0, 4.88%, 0, 0, 3, 19761.80, 7675480, 206
374, 37, 0, 29, 0, 0, 4.88%, 0, 0, 3, 20642.08, 7780991, 206
379, 37, 0, 29, 0, 0, 4.88%, 0, 0, 3, 20437.37, 7883247, 206
384, 38, 8, 29, 0, 0, 4.88%, 0, 0, 3, 21279.57, 7991390, 206
389, 38, 0, 29, 0, 0, 4.88%, 0, 0, 3, 19218.60, 8086238, 206
395, 39, 0, 29, 0, 0, 4.88%, 0, 0, 3, 20368.65, 8191853, 206
400, 39, 0, 29, 0, 0, 4.88%, 0, 0, 3, 19590.75, 8290679, 206
405, 40, 0, 29, 0, 0, 4.88%, 0, 0, 3, 20650.40, 8399975, 206
410, 40, 25, 29, 0, 0, 4.88%, 0, 0, 3, 19883.77, 8499295, 206
415, 41, 0, 29, 0, 0, 4.88%, 0, 0, 3, 20294.30, 8601974, 206
420, 41, 0, 29, 0, 0, 4.88%, 0, 0, 3, 19714.17, 8700681, 206
425, 42, 0, 29, 0, 0, 4.88%, 0, 0, 3, 21151.12, 8807076, 206
430, 42, 0, 29, 0, 0, 4.88%, 0, 0, 3, 20019.50, 8907517, 206
435, 43, 25, 29, 0, 0, 4.88%, 0, 0, 3, 21092.79, 9016094, 206
440, 44, 0, 29, 0, 0, 4.88%, 0, 0, 3, 19962.33, 9118130, 206
445, 44, 0, 29, 0, 0, 4.88%, 0, 0, 3, 21828.64, 9227069, 206
451, 45, 0, 29, 0, 0, 4.88%, 0, 0, 3, 19644.08, 9322116, 206
456, 45, 0, 29, 0, 0, 4.88%, 0, 0, 3, 21068.63, 9433980, 206
461, 46, 0, 29, 0, 0, 4.88%, 0, 0, 3, 20008.61, 9532729, 206
466, 46, 0, 29, 0, 0, 4.88%, 0, 0, 3, 22177.66, 9645937, 206
471, 46, 0, 29, 0, 0, 4.88%, 0, 0, 3, 20511.09, 9745355, 206
476, 47, 0, 29, 0, 0, 4.88%, 0, 0, 3, 20904.36, 9852537, 206
481, 48, 0, 29, 0, 0, 4.88%, 0, 0, 3, 20438.96, 9954797, 206
486, 48, 0, 29, 0, 0, 4.88%, 0, 0, 3, 22091.58, 10067839, 206
491, 48, 0, 29, 0, 0, 4.88%, 0, 0, 3, 20266.65, 10165919, 206
496, 49, 8, 29, 0, 0, 4.88%, 0, 0, 3, 21192.55, 10279363, 206
501, 50, 0, 29, 0, 0, 4.88%, 0, 0, 3, 20552.41, 10381422, 206
506, 50, 0, 29, 0, 0, 4.88%, 0, 0, 3, 20179.71, 10483717, 206
511, 51, 0, 29, 0, 0, 4.88%, 0, 0, 3, 19999.66, 10581935, 206
516, 51, 0, 29, 0, 0, 4.88%, 0, 0, 3, 21267.03, 10691337, 206
521, 52, 25, 29, 0, 0, 4.88%, 0, 0, 3, 20142.47, 10790253, 206
526, 52, 20, 29, 0, 0, 4.88%, 0, 0, 3, 21925.79, 10901637, 206
531, 53, 0, 29, 0, 0, 4.88%, 0, 0, 3, 20631.27, 11000670, 206
536, 53, 25, 29, 0, 0, 4.88%, 0, 0, 3, 21474.72, 11108381, 206
541, 54, 0, 29, 0, 0, 4.88%, 0, 0, 3, 21298.89, 11211295, 206
546, 54, 0, 29, 0, 0, 4.88%, 0, 0, 3, 20618.78, 11316363, 206
552, 55, 0, 29, 0, 0, 4.88%, 0, 0, 3, 20501.79, 11416448, 206
557, 55, 0, 29, 0, 0, 4.88%, 0, 0, 3, 22572.53, 11531617, 206
562, 56, 0, 29, 0, 0, 4.88%, 0, 0, 3, 20220.70, 11629463, 206
567, 56, 0, 29, 0, 0, 4.88%, 0, 0, 3, 20499.17, 11733835, 206
572, 56, 25, 29, 0, 0, 4.88%, 0, 0, 3, 20027.09, 11832124, 206
577, 57, 0, 29, 0, 0, 4.88%, 0, 0, 3, 21699.20, 11946147, 206
582, 57, 24, 29, 0, 0, 4.88%, 0, 0, 3, 21158.70, 12053857, 206
587, 58, 0, 29, 0, 0, 4.88%, 0, 0, 3, 20901.75, 12161675, 206
592, 58, 8, 29, 0, 0, 4.88%, 0, 0, 3, 20676.36, 12264000, 206
597, 59, 25, 29, 0, 0, 4.88%, 0, 0, 3, 20250.80, 12370244, 206
603, 59, 25, 29, 0, 0, 4.88%, 0, 0, 3, 22164.30, 12484391, 206
608, 60, 8, 29, 0, 0, 4.88%, 0, 0, 3, 20017.04, 12590199, 206
613, 60, 0, 29, 0, 0, 4.88%, 0, 0, 3, 20772.20, 12694485, 206
618, 61, 10, 29, 0, 0, 4.88%, 0, 0, 3, 20590.20, 12800671, 206
623, 62, 25, 29, 0, 0, 4.88%, 0, 0, 3, 20083.43, 12898712, 206
628, 62, 0, 29, 0, 0, 4.88%, 0, 0, 3, 19702.95, 13000486, 206
633, 63, 0, 29, 0, 0, 4.88%, 0, 0, 3, 21534.81, 13111252, 206
638, 63, 0, 29, 0, 0, 4.88%, 0, 0, 3, 20794.60, 13220921, 206
643, 64, 17, 29, 0, 0, 4.88%, 0, 0, 3, 21253.38, 13326119, 206
648, 64, 0, 29, 0, 0, 4.88%, 0, 0, 3, 20440.40, 13428255, 206
654, 65, 0, 29, 0, 0, 4.88%, 0, 0, 3, 21708.82, 13542287, 206
659, 65, 0, 29, 0, 0, 4.88%, 0, 0, 3, 20666.55, 13646499, 206
664, 66, 0, 29, 0, 0, 4.88%, 0, 0, 3, 21598.58, 13754037, 206
669, 66, 25, 29, 0, 0, 4.88%, 0, 0, 3, 21010.71, 13863257, 206
674, 67, 0, 29, 0, 0, 4.88%, 0, 0, 3, 21039.71, 13968633, 206
679, 67, 25, 29, 0, 0, 4.88%, 0, 0, 3, 20301.41, 14071995, 206
684, 68, 25, 29, 0, 0, 4.88%, 0, 0, 3, 21204.55, 14178165, 206
689, 68, 0, 29, 0, 0, 4.88%, 0, 0, 3, 19458.36, 14275296, 206
694, 69, 22, 29, 0, 0, 4.88%, 0, 0, 3, 20310.59, 14382091, 206
699, 69, 25, 29, 0, 0, 4.88%, 0, 0, 3, 20188.23, 14484281, 206
704, 70, 0, 29, 0, 0, 4.88%, 0, 0, 3, 20993.68, 14593961, 206
709, 70, 25, 29, 0, 0, 4.88%, 0, 0, 3, 19781.78, 14692401, 206
714, 71, 0, 29, 0, 0, 4.88%, 0, 0, 3, 20796.66, 14797199, 206
719, 71, 8, 29, 0, 0, 4.88%, 0, 0, 3, 19795.09, 14897671, 206
724, 72, 0, 29, 0, 0, 4.88%, 0, 0, 3, 20601.91, 14999475, 206
729, 73, 0, 29, 0, 0, 4.88%, 0, 0, 3, 20397.71, 15102395, 206
734, 73, 25, 29, 0, 0, 4.88%, 0, 0, 3, 21980.81, 15214567, 206
739, 73, 0, 29, 0, 0, 4.88%, 0, 0, 3, 21361.48, 15324417, 206
745, 74, 0, 29, 0, 0, 4.88%, 0, 0, 3, 20969.32, 15434355, 206
750, 74, 0, 29, 0, 0, 4.88%, 0, 0, 3, 19191.90, 15529198, 206
755, 75, 0, 29, 0, 0, 4.88%, 0, 0, 3, 21810.92, 15638753, 206
760, 75, 0, 29, 0, 0, 4.88%, 0, 0, 3, 20474.92, 15744767, 206
765, 76, 0, 29, 0, 0, 4.88%, 0, 0, 3, 21057.74, 15855428, 206
770, 76, 0, 29, 0, 0, 4.88%, 0, 0, 3, 20673.20, 15961189, 206
775, 77, 0, 29, 0, 0, 4.88%, 0, 0, 3, 23498.13, 16081428, 206
780, 77, 0, 29, 0, 0, 4.88%, 0, 0, 3, 21233.85, 16188483, 206
785, 78, 14, 29, 0, 0, 4.88%, 0, 0, 3, 22107.15, 16302365, 206
790, 78, 0, 29, 0, 0, 4.88%, 0, 0, 3, 19884.27, 16398215, 206
795, 79, 0, 29, 0, 0, 4.88%, 0, 0, 3, 21672.17, 16509041, 206
800, 79, 0, 29, 0, 0, 4.88%, 0, 0, 3, 20146.07, 16609153, 206
805, 80, 0, 29, 0, 0, 4.88%, 0, 0, 3, 21392.66, 16715296, 206
810, 80, 25, 29, 0, 0, 4.88%, 0, 0, 3, 20777.54, 16817573, 206
815, 81, 4, 29, 0, 0, 4.88%, 0, 0, 3, 22797.94, 16937293, 206
820, 82, 0, 29, 0, 0, 4.88%, 0, 0, 3, 20095.53, 17035645, 206
825, 82, 0, 29, 0, 0, 4.88%, 0, 0, 3, 21776.05, 17145412, 206
830, 83, 0, 29, 0, 0, 4.88%, 0, 0, 3, 20414.49, 17247601, 206
836, 83, 0, 29, 0, 0, 4.88%, 0, 0, 3, 20679.47, 17355623, 206
841, 83, 0, 29, 0, 0, 4.88%, 0, 0, 3, 21099.88, 17463587, 206
846, 84, 9, 29, 0, 0, 4.88%, 0, 0, 3, 21966.62, 17579772, 206
851, 84, 0, 29, 0, 0, 4.88%, 0, 0, 3, 20517.61, 17679159, 206
856, 85, 0, 29, 0, 0, 4.88%, 0, 0, 3, 21329.99, 17787913, 206
861, 85, 0, 29, 0, 0, 4.88%, 0, 0, 3, 20779.39, 17890105, 206
866, 86, 0, 29, 0, 0, 4.88%, 0, 0, 3, 20990.75, 18001471, 206
871, 86, 15, 29, 0, 0, 4.88%, 0, 0, 3, 20704.13, 18100777, 206
877, 87, 8, 29, 0, 0, 4.88%, 0, 0, 3, 20251.76, 18202885, 206
882, 88, 0, 29, 0, 0, 4.88%, 0, 0, 3, 21125.03, 18305169, 206
887, 88, 0, 29, 0, 0, 4.88%, 0, 0, 3, 21893.77, 18417493, 206
892, 89, 0, 29, 0, 0, 4.88%, 0, 0, 3, 20355.82, 18516665, 206
897, 89, 0, 29, 0, 0, 4.88%, 0, 0, 3, 22676.65, 18630165, 206
902, 90, 25, 29, 0, 0, 4.88%, 0, 0, 3, 20375.30, 18728952, 206
907, 90, 0, 29, 0, 0, 4.88%, 0, 0, 3, 21201.60, 18836135, 206
912, 91, 0, 29, 0, 0, 4.88%, 0, 0, 3, 20274.50, 18935097, 206
917, 91, 8, 29, 0, 0, 4.88%, 0, 0, 3, 20706.39, 19041459, 206
922, 92, 0, 29, 0, 0, 4.88%, 0, 0, 3, 20209.75, 19141149, 206
927, 92, 0, 29, 0, 0, 4.88%, 0, 0, 3, 20697.06, 19248745, 206
932, 93, 0, 29, 0, 0, 4.88%, 0, 0, 3, 20275.89, 19350781, 206
937, 93, 0, 29, 0, 0, 4.88%, 0, 0, 3, 21265.78, 19458223, 206
942, 94, 0, 29, 0, 0, 4.88%, 0, 0, 3, 20909.47, 19562291, 206
947, 94, 0, 29, 0, 0, 4.88%, 0, 0, 3, 21014.31, 19669726, 206
952, 95, 0, 29, 0, 0, 4.88%, 0, 0, 3, 20673.00, 19771819, 206
957, 95, 0, 29, 0, 0, 4.88%, 0, 0, 3, 20547.75, 19877642, 206
962, 96, 25, 29, 0, 0, 4.88%, 0, 0, 3, 20460.46, 19979089, 206
967, 96, 8, 29, 0, 0, 4.88%, 0, 0, 3, 20061.32, 20084837, 206
972, 97, 0, 29, 0, 0, 4.88%, 0, 0, 3, 20685.08, 20186760, 206
978, 97, 0, 29, 0, 0, 4.88%, 0, 0, 3, 21486.94, 20301469, 206
983, 98, 22, 29, 0, 0, 4.88%, 0, 0, 3, 21419.49, 20407812, 206
988, 99, 0, 29, 0, 0, 4.88%, 0, 0, 3, 20030.32, 20513941, 206
993, 99, 4, 29, 0, 0, 4.88%, 0, 0, 3, 21831.18, 20622191, 206
998, 100, 0, 29, 0, 0, 4.88%, 0, 0, 3, 20719.68, 20728183, 206
1003, 100, 8, 29, 0, 0, 4.88%, 0, 0, 3, 20619.22, 20829089, 206
1008, 101, 0, 29, 0, 0, 4.88%, 0, 0, 3, 20347.55, 20936459, 206
1013, 101, 0, 29, 0, 0, 4.88%, 0, 0, 3, 21166.84, 21046698, 206
1018, 102, 0, 29, 0, 0, 4.88%, 0, 0, 3, 20479.13, 21154244, 206
1024, 102, 0, 29, 0, 0, 4.88%, 0, 0, 3, 22365.06, 21268923, 206
1029, 103, 0, 29, 0, 0, 4.88%, 0, 0, 3, 21533.63, 21379517, 206
1034, 103, 0, 29, 0, 0, 4.88%, 0, 0, 3, 21159.63, 21486319, 206
1039, 104, 0, 29, 0, 0, 4.88%, 0, 0, 3, 20114.33, 21588603, 206
1044, 104, 8, 29, 0, 0, 4.88%, 0, 0, 3, 21056.70, 21696845, 206
1049, 105, 0, 29, 0, 0, 4.88%, 0, 0, 3, 19488.96, 21795110, 206
1054, 105, 25, 29, 0, 0, 4.88%, 0, 0, 3, 22272.37, 21910135, 206
1059, 106, 0, 29, 0, 0, 4.88%, 0, 0, 3, 20306.27, 22010097, 206
1064, 106, 0, 29, 0, 0, 4.88%, 0, 0, 3, 20847.46, 22114478, 206
1069, 107, 0, 29, 0, 0, 4.88%, 0, 0, 3, 20604.61, 22221102, 206
1074, 107, 0, 29, 0, 0, 4.88%, 0, 0, 3, 21427.45, 22327185, 206
1079, 108, 0, 29, 0, 0, 4.88%, 0, 0, 3, 20052.46, 22427882, 206
1084, 108, 0, 29, 0, 0, 4.88%, 0, 0, 3, 20986.74, 22534125, 206
1089, 109, 4, 29, 0, 0, 4.88%, 0, 0, 3, 19863.06, 22635650, 206
1094, 109, 24, 29, 0, 0, 4.88%, 0, 0, 3, 21042.50, 22744255, 206
1099, 110, 0, 29, 0, 0, 4.88%, 0, 0, 3, 20749.20, 22850091, 206
1104, 110, 0, 29, 0, 0, 4.88%, 0, 0, 3, 22531.33, 22967903, 206
1110, 111, 0, 29, 0, 0, 4.88%, 0, 0, 3, 19658.03, 23064658, 206
1115, 111, 0, 29, 0, 0, 4.88%, 0, 0, 3, 21813.82, 23176005, 206
1120, 112, 0, 29, 0, 0, 4.88%, 0, 0, 3, 19866.17, 23275658, 206
1125, 112, 0, 29, 0, 0, 4.88%, 0, 0, 3, 22943.41, 23395245, 206
1130, 113, 0, 29, 0, 0, 4.88%, 0, 0, 3, 20457.18, 23500121, 206
1135, 113, 0, 29, 0, 0, 4.88%, 0, 0, 3, 22220.03, 23613045, 206
1140, 114, 22, 29, 0, 0, 4.88%, 0, 0, 3, 20624.95, 23715173, 206
1145, 114, 0, 29, 0, 0, 4.88%, 0, 0, 3, 22181.31, 23831492, 206
1150, 115, 0, 29, 0, 0, 4.88%, 0, 0, 3, 21123.63, 23934241, 206
1156, 115, 26, 29, 0, 0, 4.88%, 0, 0, 3, 21730.47, 24050086, 206
1161, 115, 0, 29, 0, 0, 4.88%, 0, 0, 3, 21017.13, 24153369, 206
1166, 116, 19, 29, 0, 0, 4.88%, 0, 0, 3, 22200.24, 24267835, 206
1171, 116, 0, 29, 0, 0, 4.88%, 0, 0, 3, 19658.19, 24362364, 206
1176, 117, 0, 29, 0, 0, 4.88%, 0, 0, 3, 20848.18, 24471259, 206
1181, 117, 0, 29, 0, 0, 4.88%, 0, 0, 3, 20558.88, 24571905, 206
1186, 118, 25, 29, 0, 0, 4.88%, 0, 0, 3, 21763.11, 24682170, 206
1191, 118, 0, 29, 0, 0, 4.88%, 0, 0, 3, 19995.99, 24781274, 206
1196, 119, 0, 29, 0, 0, 4.88%, 0, 0, 3, 21399.16, 24890382, 206
1201, 119, 0, 29, 0, 0, 4.88%, 0, 0, 3, 21423.83, 24995740, 206
1206, 120, 0, 29, 0, 0, 4.88%, 0, 0, 3, 21536.79, 25106787, 206
1211, 120, 8, 29, 0, 0, 4.88%, 0, 0, 3, 20355.98, 25206807, 206
1216, 121, 0, 29, 0, 0, 4.88%, 0, 0, 3, 21839.08, 25317879, 206
1221, 121, 0, 29, 0, 0, 4.88%, 0, 0, 3, 20237.86, 25416346, 206
1226, 122, 0, 29, 0, 0, 4.88%, 0, 0, 3, 20704.24, 25523927, 206
1232, 122, 0, 29, 0, 0, 4.88%, 0, 0, 3, 20258.60, 25625177, 206
1237, 123, 26, 29, 0, 0, 4.88%, 0, 0, 3, 21056.26, 25729502, 206
1242, 123, 0, 29, 0, 0, 4.88%, 0, 0, 3, 20309.25, 25828566, 206
1247, 124, 0, 29, 0, 0, 4.88%, 0, 0, 3, 21184.80, 25935494, 206
1252, 125, 14, 29, 0, 0, 4.88%, 0, 0, 3, 21137.85, 26040746, 206
1257, 125, 0, 29, 0, 0, 4.88%, 0, 0, 3, 21524.84, 26151551, 206
1262, 126, 25, 29, 0, 0, 4.88%, 0, 0, 3, 21147.93, 26255105, 206
1267, 126, 0, 29, 0, 0, 4.88%, 0, 0, 3, 20855.95, 26364879, 206
1272, 127, 25, 29, 0, 0, 4.88%, 0, 0, 3, 20809.05, 26465780, 206
1277, 127, 0, 29, 0, 0, 4.88%, 0, 0, 3, 20407.38, 26569073, 206
1282, 128, 0, 29, 0, 0, 4.88%, 0, 0, 3, 20808.62, 26671859, 206
1287, 128, 0, 29, 0, 0, 4.88%, 0, 0, 3, 19917.73, 26775045, 206
1292, 128, 0, 29, 0, 0, 4.88%, 0, 0, 3, 20955.00, 26879655, 206
1297, 129, 25, 29, 0, 0, 4.88%, 0, 0, 3, 20805.35, 26985045, 206
1302, 129, 0, 29, 0, 0, 4.88%, 0, 0, 3, 20748.71, 27087423, 206
1307, 130, 0, 29, 0, 0, 4.88%, 0, 0, 3, 20395.05, 27192362, 206
1312, 131, 0, 29, 0, 0, 4.88%, 0, 0, 3, 20213.55, 27292815, 206
1317, 131, 0, 29, 0, 0, 4.88%, 0, 0, 3, 19940.84, 27393571, 206
1323, 132, 0, 29, 0, 0, 4.88%, 0, 0, 3, 21273.79, 27499363, 206
1328, 132, 15, 29, 0, 0, 4.88%, 0, 0, 3, 20960.68, 27609226, 206
1333, 133, 0, 29, 0, 0, 4.88%, 0, 0, 3, 20479.05, 27710014, 206
1338, 133, 0, 29, 0, 0, 4.88%, 0, 0, 3, 20449.86, 27814463, 206
1343, 134, 0, 29, 0, 0, 4.88%, 0, 0, 3, 20424.24, 27915707, 206
1348, 134, 0, 29, 0, 0, 4.88%, 0, 0, 3, 20052.40, 28019197, 206
1353, 135, 25, 29, 0, 0, 4.88%, 0, 0, 3, 20419.49, 28122082, 206
1358, 135, 0, 29, 0, 0, 4.88%, 0, 0, 3, 20903.46, 28230624, 206
1363, 136, 25, 29, 0, 0, 4.88%, 0, 0, 3, 20624.92, 28336525, 206
1368, 136, 0, 29, 0, 0, 4.88%, 0, 0, 3, 20552.96, 28440765, 206
1373, 136, 0, 29, 0, 0, 4.88%, 0, 0, 3, 21022.84, 28544285, 206
1378, 137, 0, 29, 0, 0, 4.88%, 0, 0, 3, 20848.06, 28653777, 206
1383, 137, 0, 29, 0, 0, 4.88%, 0, 0, 3, 21420.64, 28763225, 206
1388, 138, 0, 29, 0, 0, 4.88%, 0, 0, 3, 20311.35, 28870314, 206
1393, 138, 17, 29, 0, 0, 4.88%, 0, 0, 3, 21504.80, 28979618, 206
1398, 139, 0, 29, 0, 0, 4.88%, 0, 0, 3, 21544.65, 29091834, 206
1403, 140, 0, 29, 0, 0, 4.88%, 0, 0, 3, 20486.66, 29192045, 206
1408, 140, 0, 29, 0, 0, 4.88%, 0, 0, 3, 19687.33, 29294435, 206
1413, 141, 0, 29, 0, 0, 4.88%, 0, 0, 3, 20260.05, 29396029, 206
1419, 141, 0, 29, 0, 0, 4.88%, 0, 0, 3, 20305.71, 29501165, 206
1424, 142, 10, 29, 0, 0, 4.88%, 0, 0, 3, 20717.46, 29608961, 206
1429, 142, 0, 29, 0, 0, 4.88%, 0, 0, 3, 20470.53, 29714601, 206
1434, 143, 0, 29, 0, 0, 4.88%, 0, 0, 3, 21977.75, 29825765, 206
1439, 143, 0, 29, 0, 0, 4.88%, 0, 0, 3, 19996.69, 29925862, 206
1444, 144, 25, 29, 0, 0, 4.88%, 0, 0, 3, 21076.57, 30032536, 206
1449, 144, 0, 29, 0, 0, 4.88%, 0, 0, 3, 20028.83, 30136921, 206
1454, 145, 0, 29, 0, 0, 4.88%, 0, 0, 3, 21717.45, 30250191, 206
1459, 145, 25, 29, 0, 0, 4.88%, 0, 0, 3, 21222.08, 30357665, 206
1464, 146, 0, 29, 0, 0, 4.88%, 0, 0, 3, 22686.59, 30470489, 206
1469, 146, 0, 29, 0, 0, 4.88%, 0, 0, 3, 19844.83, 30568145, 206
1475, 147, 0, 29, 0, 0, 4.88%, 0, 0, 3, 20982.72, 30677965, 206
1480, 147, 0, 29, 0, 0, 4.88%, 0, 0, 3, 19934.15, 30780695, 206
1485, 148, 0, 29, 0, 0, 4.88%, 0, 0, 3, 20808.14, 30888893, 206
1490, 148, 14, 29, 0, 0, 4.88%, 0, 0, 3, 19528.36, 30989013, 206
1495, 149, 0, 29, 0, 0, 4.88%, 0, 0, 3, 20857.86, 31094667, 206
1500, 149, 0, 29, 0, 0, 4.88%, 0, 0, 3, 20562.55, 31204699, 206
1505, 150, 0, 29, 0, 0, 4.88%, 0, 0, 3, 21747.46, 31316353, 206
1510, 150, 0, 29, 0, 0, 4.88%, 0, 0, 3, 19802.69, 31412098, 206
1515, 151, 0, 29, 0, 0, 4.88%, 0, 0, 3, 22306.44, 31523680, 206
1521, 151, 0, 29, 0, 0, 4.88%, 0, 0, 3, 21177.51, 31631987, 206
1526, 152, 23, 29, 0, 0, 4.88%, 0, 0, 3, 22717.01, 31748537, 206
1531, 152, 8, 29, 0, 0, 4.88%, 0, 0, 3, 20739.86, 31846815, 206
1536, 153, 0, 29, 0, 0, 4.88%, 0, 0, 3, 23261.68, 31965713, 206
1541, 153, 0, 29, 0, 0, 4.88%, 0, 0, 3, 20699.03, 32067944, 206
1546, 154, 25, 29, 0, 0, 4.88%, 0, 0, 3, 21529.15, 32176263, 206
1551, 154, 0, 29, 0, 0, 4.88%, 0, 0, 3, 19648.64, 32272595, 206
1556, 155, 0, 29, 0, 0, 4.88%, 0, 0, 3, 21372.36, 32382601, 206
1561, 155, 0, 29, 0, 0, 4.88%, 0, 0, 3, 20160.46, 32483357, 206
1566, 156, 0, 29, 0, 0, 4.88%, 0, 0, 3, 22683.85, 32601939, 206
1571, 156, 0, 29, 0, 0, 4.88%, 0, 0, 3, 20439.51, 32700498, 206
1576, 157, 0, 29, 0, 0, 4.88%, 0, 0, 3, 21683.72, 32813251, 206
1581, 157, 0, 29, 0, 0, 4.88%, 0, 0, 3, 20846.06, 32915751, 206
1586, 158, 0, 29, 0, 0, 4.88%, 0, 0, 3, 21592.08, 33026285, 206
1591, 158, 25, 29, 0, 0, 4.88%, 0, 0, 3, 19742.85, 33120560, 206
1596, 159, 23, 29, 0, 0, 4.88%, 0, 0, 3, 20559.91, 33225783, 206
1601, 159, 0, 29, 0, 0, 4.88%, 0, 0, 3, 20237.43, 33326201, 206
1606, 160, 0, 29, 0, 0, 4.88%, 0, 0, 3, 22249.04, 33439537, 206
1611, 160, 0, 29, 0, 0, 4.88%, 0, 0, 3, 21082.72, 33543407, 206
1616, 161, 0, 29, 0, 0, 4.88%, 0, 0, 3, 22285.42, 33661963, 206
1621, 161, 0, 29, 0, 0, 4.88%, 0, 0, 3, 21114.95, 33764280, 206
1626, 162, 0, 29, 0, 0, 4.88%, 0, 0, 3, 22171.28, 33875059, 206
1631, 162, 0, 29, 0, 0, 4.88%, 0, 0, 3, 21583.81, 33979859, 206
1637, 163, 0, 29, 0, 0, 4.88%, 0, 0, 3, 21834.07, 34092595, 206
1642, 163, 14, 29, 0, 0, 4.88%, 0, 0, 3, 21092.49, 34194575, 206
1647, 164, 25, 29, 0, 0, 4.88%, 0, 0, 3, 20692.27, 34301119, 206
1652, 164, 26, 29, 0, 0, 4.88%, 0, 0, 3, 20566.11, 34402452, 206
1657, 165, 0, 29, 0, 0, 4.88%, 0, 0, 3, 22339.51, 34515853, 206
1662, 165, 0, 29, 0, 0, 4.88%, 0, 0, 3, 21662.22, 34622277, 206
1667, 166, 0, 29, 0, 0, 4.88%, 0, 0, 3, 23348.99, 34742236, 206
1672, 166, 19, 29, 0, 0, 4.88%, 0, 0, 3, 20761.51, 34841259, 206
1677, 167, 0, 29, 0, 0, 4.88%, 0, 0, 3, 21190.37, 34949384, 206
1682, 167, 0, 29, 0, 0, 4.88%, 0, 0, 3, 21136.13, 35052267, 206
1687, 168, 14, 29, 0, 0, 4.88%, 0, 0, 3, 22223.45, 35165153, 206
1692, 168, 0, 29, 0, 0, 4.88%, 0, 0, 3, 21067.79, 35268237, 206
1697, 169, 0, 29, 0, 0, 4.88%, 0, 0, 3, 21894.23, 35382098, 206
1702, 169, 0, 29, 0, 0, 4.88%, 0, 0, 3, 21952.22, 35491053, 206
1707, 170, 0, 29, 0, 0, 4.88%, 0, 0, 3, 21369.26, 35600274, 206
1712, 170, 0, 29, 0, 0, 4.88%, 0, 0, 3, 22511.43, 35710613, 206
1717, 171, 0, 29, 0, 0, 4.88%, 0, 0, 3, 21460.60, 35821521, 206
1722, 171, 22, 29, 0, 0, 4.88%, 0, 0, 3, 20985.56, 35922989, 206
1727, 172, 0, 29, 0, 0, 4.88%, 0, 0, 3, 22086.80, 36037759, 206
1732, 172, 15, 29, 0, 0, 4.88%, 0, 0, 3, 21617.94, 36144250, 206
1738, 173, 25, 29, 0, 0, 4.88%, 0, 0, 3, 21363.16, 36255401, 206
1743, 173, 0, 29, 0, 0, 4.88%, 0, 0, 3, 21898.59, 36361241, 206
1748, 174, 0, 29, 0, 0, 4.88%, 0, 0, 3, 20503.09, 36464985, 206
1753, 174, 22, 29, 0, 0, 4.88%, 0, 0, 3, 21743.00, 36572241, 206
1758, 175, 0, 29, 0, 0, 4.88%, 0, 0, 3, 20954.98, 36679581, 206
1763, 175, 14, 29, 0, 0, 4.88%, 0, 0, 3, 21532.20, 36786635, 206
1768, 176, 17, 29, 0, 0, 4.88%, 0, 0, 3, 20429.02, 36894194, 206
1773, 176, 0, 29, 0, 0, 4.88%, 0, 0, 3, 21862.15, 37003988, 206
1778, 177, 0, 29, 0, 0, 4.88%, 0, 0, 3, 20585.14, 37110548, 206
1783, 177, 0, 29, 0, 0, 4.88%, 0, 0, 3, 23257.72, 37230189, 206
1788, 177, 8, 29, 0, 0, 4.88%, 0, 0, 3, 22081.56, 37342148, 206
1793, 178, 26, 29, 0, 0, 4.88%, 0, 0, 3, 21235.57, 37445006, 206
1798, 179, 0, 29, 0, 0, 4.88%, 0, 0, 3, 20255.51, 37548729, 206
1803, 179, 0, 29, 0, 0, 4.88%, 0, 0, 3, 21450.84, 37654035, 206
1808, 180, 0, 29, 0, 0, 4.88%, 0, 0, 3, 21446.89, 37765319, 206
1813, 181, 0, 29, 0, 0, 4.88%, 0, 0, 3, 21471.76, 37874275, 206
1819, 181, 0, 29, 0, 0, 4.88%, 0, 0, 3, 21461.72, 37990171, 206
1824, 182, 8, 29, 0, 0, 4.88%, 0, 0, 3, 21594.05, 38099431, 206
1829, 182, 0, 29, 0, 0, 4.88%, 0, 0, 3, 20741.53, 38207701, 206
1834, 183, 8, 29, 0, 0, 4.88%, 0, 0, 3, 23021.04, 38327609, 206
1839, 183, 25, 29, 0, 0, 4.88%, 0, 0, 3, 20888.16, 38431561, 206
1844, 184, 0, 29, 0, 0, 4.88%, 0, 0, 3, 21417.42, 38541255, 206
1849, 184, 0, 29, 0, 0, 4.88%, 0, 0, 3, 20361.44, 38644533, 206
1854, 185, 0, 29, 0, 0, 4.88%, 0, 0, 3, 22421.53, 38757939, 206
1859, 185, 0, 29, 0, 0, 4.88%, 0, 0, 3, 20940.18, 38863667, 206
1864, 186, 8, 29, 0, 0, 4.88%, 0, 0, 3, 21431.42, 38973610, 206
1869, 186, 14, 29, 0, 0, 4.88%, 0, 0, 3, 21345.25, 39080296, 206
1874, 187, 0, 29, 0, 0, 4.88%, 0, 0, 3, 22816.11, 39201601, 206
1879, 187, 0, 29, 0, 0, 4.88%, 0, 0, 3, 20948.98, 39307333, 206
1885, 188, 0, 29, 0, 0, 4.88%, 0, 0, 3, 21584.82, 39420707, 206
1890, 188, 0, 29, 0, 0, 4.88%, 0, 0, 3, 19433.46, 39516515, 206
1895, 189, 0, 29, 0, 0, 4.88%, 0, 0, 3, 23074.05, 39635253, 206
1900, 189, 0, 29, 0, 0, 4.88%, 0, 0, 3, 21645.91, 39747419, 206
1905, 190, 0, 29, 0, 0, 4.88%, 0, 0, 3, 21781.95, 39855647, 206
1910, 190, 8, 29, 0, 0, 4.88%, 0, 0, 3, 20832.49, 39964757, 206
1915, 191, 0, 29, 0, 0, 4.88%, 0, 0, 3, 23778.10, 40092635, 206
1920, 191, 0, 29, 0, 0, 4.88%, 0, 0, 3, 21191.59, 40197951, 206
1925, 192, 0, 29, 0, 0, 4.88%, 0, 0, 3, 21705.21, 40309679, 206
1930, 192, 19, 29, 0, 0, 4.88%, 0, 0, 3, 20054.39, 40409502, 206
1935, 193, 0, 29, 0, 0, 4.88%, 0, 0, 3, 22871.67, 40524123, 206
1940, 193, 0, 29, 0, 0, 4.88%, 0, 0, 3, 21217.13, 40627882, 206
1945, 194, 0, 29, 0, 0, 4.88%, 0, 0, 3, 22022.15, 40737861, 206
1950, 194, 0, 29, 0, 0, 4.88%, 0, 0, 3, 20253.19, 40836576, 206
1955, 195, 0, 29, 0, 0, 4.88%, 0, 0, 3, 21530.86, 40945291, 206
1960, 196, 0, 29, 0, 0, 4.88%, 0, 0, 3, 20484.90, 41048219, 206
1966, 196, 0, 29, 0, 0, 4.88%, 0, 0, 3, 23285.09, 41170537, 206
1971, 197, 0, 29, 0, 0, 4.88%, 0, 0, 3, 20295.96, 41268286, 206
1976, 197, 0, 29, 0, 0, 4.88%, 0, 0, 3, 23153.53, 41389476, 206
1981, 198, 8, 29, 0, 0, 4.88%, 0, 0, 3, 22793.52, 41500719, 206
1986, 199, 0, 29, 0, 0, 4.88%, 0, 0, 3, 22258.93, 41613162, 206
1991, 199, 0, 29, 0, 0, 4.88%, 0, 0, 3, 21706.90, 41719529, 206
1996, 200, 25, 29, 0, 0, 4.88%, 0, 0, 3, 21195.58, 41827244, 206
2001, 200, 0, 29, 0, 0, 4.88%, 0, 0, 3, 21015.10, 41929975, 206
2006, 201, 0, 29, 0, 0, 4.88%, 0, 0, 3, 20660.62, 42039121, 206
2011, 201, 0, 29, 0, 0, 4.88%, 0, 0, 3, 20204.13, 42137561, 206
2016, 202, 0, 29, 0, 0, 4.88%, 0, 0, 3, 21883.19, 42250274, 206
2022, 202, 0, 29, 0, 0, 4.88%, 0, 0, 3, 21912.13, 42359780, 206
2027, 203, 0, 29, 0, 0, 4.88%, 0, 0, 3, 21903.53, 42470940, 206
2032, 203, 8, 29, 0, 0, 4.88%, 0, 0, 3, 20411.18, 42570382, 206
2037, 204, 0, 29, 0, 0, 4.88%, 0, 0, 3, 20799.87, 42675533, 206
2042, 204, 25, 29, 0, 0, 4.88%, 0, 0, 3, 22094.11, 42783627, 206
2047, 205, 0, 29, 0, 0, 4.88%, 0, 0, 3, 21552.37, 42892891, 206
2052, 206, 0, 29, 0, 0, 4.88%, 0, 0, 3, 21572.87, 42996635, 206
2057, 206, 0, 29, 0, 0, 4.88%, 0, 0, 3, 21672.34, 43106093, 206
2062, 207, 0, 29, 0, 0, 4.88%, 0, 0, 3, 21070.80, 43209151, 206
2067, 207, 12, 29, 0, 0, 4.88%, 0, 0, 3, 21785.86, 43324735, 206
2072, 208, 0, 29, 0, 0, 4.88%, 0, 0, 3, 21031.01, 43426493, 206
2077, 208, 0, 29, 0, 0, 4.88%, 0, 0, 3, 22689.30, 43547917, 206
2082, 209, 0, 29, 0, 0, 4.88%, 0, 0, 3, 21380.07, 43651451, 206
2087, 209, 8, 29, 0, 0, 4.88%, 0, 0, 3, 21703.73, 43762738, 206
2092, 210, 0, 29, 0, 0, 4.88%, 0, 0, 3, 21823.28, 43869795, 206
2097, 210, 0, 29, 0, 0, 4.88%, 0, 0, 3, 23561.51, 43992471, 206
2102, 211, 8, 29, 0, 0, 4.88%, 0, 0, 3, 22045.94, 44101605, 206
2107, 212, 8, 29, 0, 0, 4.88%, 0, 0, 3, 21095.40, 44214375, 206
2112, 212, 8, 29, 0, 0, 4.88%, 0, 0, 3, 20843.30, 44316284, 206
2118, 212, 0, 29, 0, 0, 4.88%, 0, 0, 3, 21835.32, 44429664, 206
2123, 213, 0, 29, 0, 0, 4.88%, 0, 0, 3, 21952.37, 44534925, 206
2128, 214, 0, 29, 0, 0, 4.88%, 0, 0, 3, 21000.57, 44648853, 206
2133, 214, 0, 29, 0, 0, 4.88%, 0, 0, 3, 21762.26, 44754073, 206
2138, 214, 0, 29, 0, 0, 4.88%, 0, 0, 3, 21344.42, 44864903, 206
2143, 215, 0, 29, 0, 0, 4.88%, 0, 0, 3, 20749.51, 44966610, 206
2148, 216, 0, 29, 0, 0, 4.88%, 0, 0, 3, 20304.16, 45074044, 206
2153, 216, 10, 29, 0, 0, 4.88%, 0, 0, 3, 22562.80, 45185774, 206
2158, 217, 0, 29, 0, 0, 4.88%, 0, 0, 3, 21246.61, 45292898, 206
2163, 217, 0, 29, 0, 0, 4.88%, 0, 0, 3, 20574.29, 45396637, 206
2168, 218, 20, 29, 0, 0, 4.88%, 0, 0, 3, 20750.29, 45503159, 206
2173, 218, 0, 29, 0, 0, 4.88%, 0, 0, 3, 22675.02, 45616062, 206
2178, 219, 23, 29, 0, 0, 4.88%, 0, 0, 3, 21163.91, 45721788, 206
2183, 219, 0, 29, 0, 0, 4.88%, 0, 0, 3, 21005.47, 45825088, 206
2188, 220, 0, 29, 0, 0, 4.88%, 0, 0, 3, 19464.06, 45927351, 206
2193, 220, 0, 29, 0, 0, 4.88%, 0, 0, 3, 21525.83, 46035339, 206
2198, 221, 0, 29, 0, 0, 4.88%, 0, 0, 3, 21124.94, 46146357, 206
2204, 222, 0, 29, 0, 0, 4.88%, 0, 0, 3, 21179.92, 46255705, 206
2209, 222, 0, 29, 0, 0, 4.88%, 0, 0, 3, 20852.55, 46363219, 206
2214, 223, 0, 29, 0, 0, 4.88%, 0, 0, 3, 22697.89, 46476580, 206
2219, 223, 0, 29, 0, 0, 4.88%, 0, 0, 3, 20551.31, 46581762, 206
2224, 224, 0, 29, 0, 0, 4.88%, 0, 0, 3, 21702.60, 46690269, 206
2229, 224, 0, 29, 0, 0, 4.88%, 0, 0, 3, 19975.35, 46792225, 206
2234, 225, 0, 29, 0, 0, 4.88%, 0, 0, 3, 21037.65, 46898165, 206
2239, 225, 0, 29, 0, 0, 4.88%, 0, 0, 3, 20840.67, 47005851, 206
2244, 226, 0, 29, 0, 0, 4.88%, 0, 0, 3, 21198.59, 47111959, 206
2249, 226, 0, 29, 0, 0, 4.88%, 0, 0, 3, 20210.54, 47216843, 206
2254, 227, 8, 29, 0, 0, 4.88%, 0, 0, 3, 21415.65, 47327420, 206
2259, 227, 0, 29, 0, 0, 4.88%, 0, 0, 3, 20656.74, 47432763, 206
2264, 228, 0, 29, 0, 0, 4.88%, 0, 0, 3, 22800.72, 47551293, 206
2269, 228, 0, 29, 0, 0, 4.88%, 0, 0, 3, 20411.59, 47654223, 206
2275, 229, 24, 29, 0, 0, 4.88%, 0, 0, 3, 23328.65, 47780331, 206
2280, 229, 0, 29, 0, 0, 4.88%, 0, 0, 3, 20858.51, 47885127, 206
2285, 230, 25, 29, 0, 0, 4.88%, 0, 0, 3, 22358.74, 48003553, 206
2290, 230, 23, 29, 0, 0, 4.88%, 0, 0, 3, 20433.61, 48105207, 206
2295, 231, 0, 29, 0, 0, 4.88%, 0, 0, 3, 21536.55, 48217771, 206
2300, 231, 22, 29, 0, 0, 4.88%, 0, 0, 3, 20975.89, 48326997, 206
2305, 232, 4, 29, 0, 0, 4.88%, 0, 0, 3, 23340.26, 48445022, 206
2310, 232, 0, 29, 0, 0, 4.88%, 0, 0, 3, 20532.61, 48543741, 206
2316, 233, 8, 29, 0, 0, 4.88%, 0, 0, 3, 21066.03, 48653240, 206
2321, 233, 0, 29, 0, 0, 4.88%, 0, 0, 3, 20860.07, 48756785, 206
2326, 234, 0, 29, 0, 0, 4.88%, 0, 0, 3, 24268.69, 48881232, 206
2331, 235, 7, 29, 0, 0, 4.88%, 0, 0, 3, 21281.37, 48984725, 206
2336, 235, 22, 29, 0, 0, 4.88%, 0, 0, 3, 23441.09, 49100749, 206
2341, 235, 0, 29, 0, 0, 4.88%, 0, 0, 3, 21268.99, 49206429, 206
2346, 236, 26, 29, 0, 0, 4.88%, 0, 0, 3, 21456.33, 49319409, 206
2351, 237, 0, 29, 0, 0, 4.88%, 0, 0, 3, 20723.80, 49421279, 206
2356, 237, 0, 29, 0, 0, 4.88%, 0, 0, 3, 21297.85, 49529611, 206
2361, 238, 18, 29, 0, 0, 4.88%, 0, 0, 3, 20159.53, 49628779, 206
2366, 238, 0, 29, 0, 0, 4.88%, 0, 0, 3, 22160.55, 49742713, 206
2371, 239, 0, 29, 0, 0, 4.88%, 0, 0, 3, 21242.21, 49844694, 206
2376, 240, 17, 29, 0, 0, 4.88%, 0, 0, 3, 22791.11, 49961402, 206
2381, 240, 0, 29, 0, 0, 4.88%, 0, 0, 3, 20912.51, 50061298, 206
2386, 241, 0, 29, 0, 0, 4.88%, 0, 0, 3, 23098.35, 50187201, 206
2391, 241, 3, 29, 0, 0, 4.88%, 0, 0, 3, 21244.34, 50289419, 206
2396, 242, 25, 29, 0, 0, 4.88%, 0, 0, 3, 22233.04, 50404565, 206
2402, 242, 0, 29, 0, 0, 4.88%, 0, 0, 3, 21332.02, 50509110, 206
2407, 243, 0, 29, 0, 0, 4.88%, 0, 0, 3, 23027.02, 50628102, 206
2412, 243, 0, 29, 0, 0, 4.88%, 0, 0, 3, 20780.68, 50727315, 206
2417, 244, 26, 29, 0, 0, 4.88%, 0, 0, 3, 23139.63, 50848660, 206
2422, 244, 8, 29, 0, 0, 4.88%, 0, 0, 3, 21280.65, 50950770, 206
2427, 245, 0, 29, 0, 0, 4.88%, 0, 0, 3, 20679.11, 51057453, 206
2432, 245, 0, 29, 0, 0, 4.88%, 0, 0, 3, 20976.30, 51162979, 206
2437, 246, 0, 29, 0, 0, 4.88%, 0, 0, 3, 23477.24, 51287110, 206
2442, 246, 25, 29, 0, 0, 4.88%, 0, 0, 3, 20885.64, 51386355, 206
2447, 247, 0, 29, 0, 0, 4.88%, 0, 0, 3, 22931.22, 51506409, 206
2452, 247, 0, 29, 0, 0, 4.88%, 0, 0, 3, 24478.15, 51622487, 206
2457, 248, 0, 29, 0, 0, 4.88%, 0, 0, 3, 22768.77, 51737274, 206
2462, 248, 0, 29, 0, 0, 4.88%, 0, 0, 3, 22662.19, 51844608, 206
2467, 248, 0, 29, 0, 0, 4.88%, 0, 0, 3, 22631.40, 51962471, 206
2472, 249, 25, 29, 0, 0, 4.88%, 0, 0, 3, 22755.31, 52071283, 206
2477, 249, 0, 29, 0, 0, 4.88%, 0, 0, 3, 22274.70, 52183881, 206
2482, 250, 0, 29, 0, 0, 4.88%, 0, 0, 3, 23702.27, 52298469, 206
2488, 251, 8, 29, 0, 0, 4.88%, 0, 0, 3, 21229.74, 52408883, 206
2493, 251, 0, 29, 0, 0, 4.88%, 0, 0, 3, 22816.52, 52521154, 206
2498, 251, 0, 29, 0, 0, 4.88%, 0, 0, 3, 22150.07, 52637043, 206
2503, 252, 0, 29, 0, 0, 4.88%, 0, 0, 3, 21759.82, 52742295, 206
2508, 252, 0, 29, 0, 0, 4.88%, 0, 0, 3, 21857.12, 52857724, 206
2513, 253, 0, 29, 0, 0, 4.88%, 0, 0, 3, 22132.78, 52965095, 206
2518, 253, 0, 29, 0, 0, 4.88%, 0, 0, 3, 23701.59, 53091241, 206
2523, 254, 0, 29, 0, 0, 4.88%, 0, 0, 3, 21718.53, 53197342, 206
2528, 255, 0, 29, 0, 0, 4.88%, 0, 0, 3, 20682.59, 53302257, 206
2533, 255, 8, 29, 0, 0, 4.88%, 0, 0, 3, 22435.57, 53416685, 206
2538, 256, 0, 29, 0, 0, 4.88%, 0, 0, 3, 22116.28, 53532779, 206
2543, 256, 0, 29, 0, 0, 4.88%, 0, 0, 3, 22541.01, 53643283, 206
2548, 257, 0, 29, 0, 0, 4.88%, 0, 0, 3, 20372.42, 53749759, 206
2553, 257, 8, 29, 0, 0, 4.88%, 0, 0, 3, 21676.32, 53859595, 206
2558, 258, 0, 29, 0, 0, 4.88%, 0, 0, 3, 20464.71, 53966331, 206
2564, 259, 23, 29, 0, 0, 4.88%, 0, 0, 3, 22725.60, 54082893, 206
2569, 259, 0, 29, 0, 0, 4.88%, 0, 0, 3, 20717.82, 54187535, 206
2574, 260, 0, 29, 0, 0, 4.88%, 0, 0, 3, 22813.09, 54303923, 206
2579, 260, 0, 29, 0, 0, 4.88%, 0, 0, 3, 22191.32, 54418922, 206
2584, 261, 0, 29, 0, 0, 4.88%, 0, 0, 3, 22534.88, 54530363, 206
2589, 261, 0, 29, 0, 0, 4.88%, 0, 0, 3, 20851.10, 54638595, 206
2594, 262, 0, 29, 0, 0, 4.88%, 0, 0, 3, 21418.08, 54743713, 206
2599, 262, 3, 29, 0, 0, 4.88%, 0, 0, 3, 20585.55, 54849833, 206
2604, 262, 0, 29, 0, 0, 4.88%, 0, 0, 3, 23463.84, 54968685, 206
2609, 263, 26, 29, 0, 0, 4.88%, 0, 0, 3, 21516.30, 55074118, 206
2614, 263, 24, 29, 0, 0, 4.88%, 0, 0, 3, 22615.67, 55186916, 206
2619, 264, 8, 29, 0, 0, 4.88%, 0, 0, 3, 20869.92, 55292316, 206
2624, 264, 0, 29, 0, 0, 4.88%, 0, 0, 3, 22712.60, 55406635, 206
2629, 265, 0, 29, 0, 0, 4.88%, 0, 0, 3, 21600.90, 55517449, 206
2634, 265, 0, 29, 0, 0, 4.88%, 0, 0, 3, 23415.53, 55631907, 206
2640, 266, 0, 29, 0, 0, 4.88%, 0, 0, 3, 21681.91, 55745129, 206
2645, 267, 0, 29, 0, 0, 4.88%, 0, 0, 3, 22512.83, 55856783, 206
2650, 267, 0, 29, 0, 0, 4.88%, 0, 0, 3, 20784.05, 55960469, 206
2655, 268, 25, 29, 0, 0, 4.88%, 0, 0, 3, 23231.60, 56081175, 206
2660, 268, 0, 29, 0, 0, 4.88%, 0, 0, 3, 19919.29, 56181149, 206
2665, 269, 23, 29, 0, 0, 4.88%, 0, 0, 3, 21246.55, 56290944, 206
2670, 270, 25, 29, 0, 0, 4.88%, 0, 0, 3, 19992.32, 56389005, 206
2675, 270, 10, 29, 0, 0, 4.88%, 0, 0, 3, 21578.41, 56499670, 206
2680, 271, 0, 29, 0, 0, 4.88%, 0, 0, 3, 20169.04, 56601787, 206
2685, 271, 0, 29, 0, 0, 4.88%, 0, 0, 3, 22667.73, 56720703, 206
2690, 272, 0, 29, 0, 0, 4.88%, 0, 0, 3, 21608.62, 56833765, 206
2695, 272, 0, 29, 0, 0, 4.88%, 0, 0, 3, 21933.92, 56945695, 206
2700, 273, 0, 29, 0, 0, 4.88%, 0, 0, 3, 21162.64, 57054709, 206
2706, 273, 0, 29, 0, 0, 4.88%, 0, 0, 3, 25916.67, 57187747, 206
2711, 274, 25, 29, 0, 0, 4.88%, 0, 0, 3, 21711.54, 57292959, 206
2716, 275, 0, 29, 0, 0, 4.88%, 0, 0, 3, 22739.73, 57406739, 206
2721, 275, 0, 29, 0, 0, 4.88%, 0, 0, 3, 21320.19, 57514083, 206
2726, 275, 0, 29, 0, 0, 4.88%, 0, 0, 3, 23620.18, 57635985, 206
2731, 276, 0, 29, 0, 0, 4.88%, 0, 0, 3, 20842.03, 57736178, 206
2736, 276, 8, 29, 0, 0, 4.88%, 0, 0, 3, 21787.71, 57848454, 206
2741, 277, 0, 29, 0, 0, 4.88%, 0, 0, 3, 21954.44, 57954781, 206
2746, 277, 0, 29, 0, 0, 4.88%, 0, 0, 3, 23868.19, 58076572, 206
2751, 278, 0, 29, 0, 0, 4.88%, 0, 0, 3, 21572.06, 58183049, 206
2756, 279, 0, 29, 0, 0, 4.88%, 0, 0, 3, 22275.25, 58299669, 206
2761, 279, 0, 29, 0, 0, 4.88%, 0, 0, 3, 22401.39, 58409760, 206
2767, 280, 12, 29, 0, 0, 4.88%, 0, 0, 3, 25711.12, 58541804, 206
2772, 280, 0, 29, 0, 0, 4.88%, 0, 0, 3, 25328.80, 58661831, 206
2777, 280, 8, 29, 0, 0, 4.88%, 0, 0, 3, 24285.24, 58783857, 206
2782, 281, 25, 29, 0, 0, 4.88%, 0, 0, 3, 21795.25, 58887695, 206
2787, 282, 8, 29, 0, 0, 4.88%, 0, 0, 3, 20618.92, 58995719, 206
2792, 282, 15, 29, 0, 0, 4.88%, 0, 0, 3, 22115.84, 59104832, 206
2797, 283, 0, 29, 0, 0, 4.88%, 0, 0, 3, 24425.07, 59229809, 206
2802, 283, 0, 29, 0, 0, 4.88%, 0, 0, 3, 22749.36, 59344399, 206
2807, 284, 0, 29, 0, 0, 4.88%, 0, 0, 3, 22145.31, 59455796, 206
2812, 284, 12, 29, 0, 0, 4.88%, 0, 0, 3, 22721.77, 59569077, 206
2817, 285, 0, 29, 0, 0, 4.88%, 0, 0, 3, 21870.34, 59680024, 206
2822, 285, 17, 29, 0, 0, 4.88%, 0, 0, 3, 23249.08, 59796586, 206
2828, 286, 0, 29, 0, 0, 4.88%, 0, 0, 3, 21807.30, 59909707, 206
2833, 287, 0, 29, 0, 0, 4.88%, 0, 0, 3, 21264.65, 60017770, 206
2838, 287, 0, 29, 0, 0, 4.88%, 0, 0, 3, 21992.57, 60130100, 206
2843, 288, 0, 29, 0, 0, 4.88%, 0, 0, 3, 22269.82, 60239994, 206
2848, 288, 0, 29, 0, 0, 4.88%, 0, 0, 3, 20642.90, 60345030, 206
2853, 289, 0, 29, 0, 0, 4.88%, 0, 0, 3, 22123.10, 60457544, 206
2858, 289, 0, 29, 0, 0, 4.88%, 0, 0, 3, 21243.95, 60567027, 206
2863, 290, 0, 29, 0, 0, 4.88%, 0, 0, 3, 21581.38, 60676950, 206
2868, 291, 0, 29, 0, 0, 4.88%, 0, 0, 3, 21386.50, 60787567, 206
2873, 291, 25, 29, 0, 0, 4.88%, 0, 0, 3, 21789.62, 60897048, 206
2878, 292, 0, 29, 0, 0, 4.88%, 0, 0, 3, 20239.83, 61000522, 206
2883, 292, 0, 29, 0, 0, 4.88%, 0, 0, 3, 21826.67, 61111397, 206
2888, 293, 0, 29, 0, 0, 4.88%, 0, 0, 3, 21951.43, 61226868, 206
2893, 293, 20, 29, 0, 0, 4.88%, 0, 0, 3, 25552.25, 61355715, 206
2898, 294, 0, 29, 0, 0, 4.88%, 0, 0, 3, 23543.69, 61473537, 206
2903, 294, 0, 29, 0, 0, 4.88%, 0, 0, 3, 23997.86, 61592449, 206
2908, 294, 0, 29, 0, 0, 4.88%, 0, 0, 3, 21475.29, 61702699, 206
2913, 295, 0, 29, 0, 0, 4.88%, 0, 0, 3, 21296.29, 61809319, 206
2918, 296, 9, 29, 0, 0, 4.88%, 0, 0, 3, 22218.57, 61931312, 206
2924, 297, 8, 29, 0, 0, 4.88%, 0, 0, 3, 21466.84, 62035581, 206
2929, 297, 0, 29, 0, 0, 4.88%, 0, 0, 3, 21901.91, 62151706, 206
2934, 298, 0, 29, 0, 0, 4.88%, 0, 0, 3, 21741.59, 62260315, 206
2939, 298, 0, 29, 0, 0, 4.88%, 0, 0, 3, 21327.83, 62370487, 206
2944, 299, 0, 29, 0, 0, 4.88%, 0, 0, 3, 22095.71, 62480875, 206
2949, 299, 20, 29, 0, 0, 4.88%, 0, 0, 3, 21220.00, 62587249, 206
2954, 300, 0, 29, 0, 0, 4.88%, 0, 0, 3, 22858.32, 62707320, 206
2959, 301, 19, 29, 0, 0, 4.88%, 0, 0, 3, 21813.04, 62821117, 206
2964, 301, 0, 29, 0, 0, 4.88%, 0, 0, 3, 23000.45, 62936847, 206
2969, 302, 0, 29, 0, 0, 4.88%, 0, 0, 3, 20463.98, 63039507, 206
2974, 302, 0, 29, 0, 0, 4.88%, 0, 0, 3, 23165.28, 63160187, 206
2979, 303, 0, 29, 0, 0, 4.88%, 0, 0, 3, 21969.09, 63269843, 206
2984, 303, 0, 29, 0, 0, 4.88%, 0, 0, 3, 24141.38, 63393209, 206
2989, 304, 8, 29, 0, 0, 4.88%, 0, 0, 3, 21621.19, 63502097, 206
2994, 304, 0, 29, 0, 0, 4.88%, 0, 0, 3, 22090.29, 63611407, 206
2999, 305, 25, 29, 0, 0, 4.88%, 0, 0, 3, 20953.55, 63719421, 206
3004, 305, 0, 29, 0, 0, 4.88%, 0, 0, 3, 22969.53, 63837730, 206
3009, 306, 0, 29, 0, 0, 4.88%, 0, 0, 3, 21407.27, 63947477, 206
3014, 307, 0, 29, 0, 0, 4.88%, 0, 0, 3, 21858.84, 64058433, 206
3019, 307, 0, 29, 0, 0, 4.88%, 0, 0, 3, 22603.00, 64180739, 206
3024, 308, 0, 29, 0, 0, 4.88%, 0, 0, 3, 23552.34, 64297382, 206
3029, 308, 0, 29, 0, 0, 4.88%, 0, 0, 3, 20474.17, 64397625, 206
3035, 309, 0, 29, 0, 0, 4.88%, 0, 0, 3, 22951.49, 64515333, 206
3040, 309, 0, 29, 0, 0, 4.88%, 0, 0, 3, 21058.87, 64622682, 206
3045, 310, 26, 29, 0, 0, 4.88%, 0, 0, 3, 23453.21, 64744325, 206
3050, 311, 17, 29, 0, 0, 4.88%, 0, 0, 3, 21682.39, 64853341, 206
3055, 311, 0, 29, 0, 0, 4.88%, 0, 0, 3, 22598.71, 64969025, 206
3060, 312, 0, 29, 0, 0, 4.88%, 0, 0, 3, 22159.43, 65081680, 206
3065, 312, 0, 29, 0, 0, 4.88%, 0, 0, 3, 22434.05, 65195895, 206
3070, 313, 0, 29, 0, 0, 4.88%, 0, 0, 3, 22511.10, 65308811, 206
3075, 313, 0, 29, 0, 0, 4.88%, 0, 0, 3, 24150.46, 65433321, 206
3080, 314, 0, 29, 0, 0, 4.88%, 0, 0, 3, 22009.49, 65542733, 206
3085, 314, 0, 29, 0, 0, 4.88%, 0, 0, 3, 23570.88, 65666077, 206
3090, 315, 0, 29, 0, 0, 4.88%, 0, 0, 3, 20658.83, 65766118, 206
3096, 316, 0, 29, 0, 0, 4.88%, 0, 0, 3, 24826.40, 65897077, 206
3101, 316, 0, 29, 0, 0, 4.88%, 0, 0, 3, 22354.91, 66005286, 206
3106, 316, 0, 29, 0, 0, 4.88%, 0, 0, 3, 23920.58, 66125493, 206
3111, 317, 0, 29, 0, 0, 4.88%, 0, 0, 3, 22691.73, 66236797, 206
3116, 318, 0, 29, 0, 0, 4.88%, 0, 0, 3, 24549.43, 66366552, 206
3121, 318, 8, 29, 0, 0, 4.88%, 0, 0, 3, 22387.01, 66475515, 206
3126, 319, 0, 29, 0, 0, 4.88%, 0, 0, 3, 24686.61, 66608255, 206
3131, 319, 25, 29, 0, 0, 4.88%, 0, 0, 3, 21034.30, 66710827, 206
3136, 320, 0, 29, 0, 0, 4.88%, 0, 0, 3, 23197.95, 66828405, 206
3141, 320, 8, 29, 0, 0, 4.88%, 0, 0, 3, 22300.60, 66936889, 206
3146, 321, 0, 29, 0, 0, 4.88%, 0, 0, 3, 22042.90, 67053545, 206
3151, 321, 0, 29, 0, 0, 4.88%, 0, 0, 3, 20688.41, 67153129, 206
3156, 322, 0, 29, 0, 0, 4.88%, 0, 0, 3, 22405.86, 67270957, 206
3161, 322, 25, 29, 0, 0, 4.88%, 0, 0, 3, 22201.56, 67381066, 206
3166, 323, 0, 29, 0, 0, 4.88%, 0, 0, 3, 22662.48, 67496196, 206
3172, 323, 0, 29, 0, 0, 4.88%, 0, 0, 3, 21236.32, 67598073, 206
3177, 324, 25, 29, 0, 0, 4.88%, 0, 0, 3, 24302.69, 67723156, 206
3182, 324, 25, 29, 0, 0, 4.88%, 0, 0, 3, 22468.13, 67832331, 206
3187, 325, 0, 29, 0, 0, 4.88%, 0, 0, 3, 22422.02, 67945769, 206
3192, 325, 0, 29, 0, 0, 4.88%, 0, 0, 3, 21694.69, 68050911, 206
3197, 326, 14, 29, 0, 0, 4.88%, 0, 0, 3, 22496.09, 68164346, 206
3202, 327, 0, 29, 0, 0, 4.88%, 0, 0, 3, 21021.88, 68266121, 206
3207, 327, 19, 29, 0, 0, 4.88%, 0, 0, 3, 21009.29, 68376141, 206
3212, 327, 0, 29, 0, 0, 4.88%, 0, 0, 3, 20890.56, 68477935, 206
3217, 328, 0, 29, 0, 0, 4.88%, 0, 0, 3, 22658.87, 68594755, 206
3222, 329, 8, 29, 0, 0, 4.88%, 0, 0, 3, 21868.13, 68700365, 206
3227, 329, 0, 29, 0, 0, 4.88%, 0, 0, 3, 24567.90, 68829283, 206
3232, 330, 0, 29, 0, 0, 4.88%, 0, 0, 3, 24408.38, 68946771, 206
3237, 330, 0, 29, 0, 0, 4.88%, 0, 0, 3, 23141.87, 69065605, 206
3242, 331, 0, 29, 0, 0, 4.88%, 0, 0, 3, 23812.57, 69180833, 206
3247, 331, 25, 29, 0, 0, 4.88%, 0, 0, 3, 22043.70, 69290905, 206
3252, 332, 0, 29, 0, 0, 4.88%, 0, 0, 3, 21561.92, 69397695, 206
3257, 332, 0, 29, 0, 0, 4.88%, 0, 0, 3, 22426.43, 69513260, 206
3262, 333, 0, 29, 0, 0, 4.88%, 0, 0, 3, 23063.27, 69627185, 206
3268, 333, 12, 29, 0, 0, 4.88%, 0, 0, 3, 22829.14, 69749687, 206
3273, 334, 0, 29, 0, 0, 4.88%, 0, 0, 3, 21951.55, 69855757, 206
3278, 335, 10, 29, 0, 0, 4.88%, 0, 0, 3, 21603.40, 69967346, 206
3283, 335, 19, 29, 0, 0, 4.88%, 0, 0, 3, 22022.70, 70077291, 206
3288, 336, 15, 29, 0, 0, 4.88%, 0, 0, 3, 23304.84, 70196650, 206
3293, 337, 0, 29, 0, 0, 4.88%, 0, 0, 3, 22438.74, 70310071, 206
3298, 337, 0, 29, 0, 0, 4.88%, 0, 0, 3, 20873.96, 70415786, 206
3303, 338, 20, 29, 0, 0, 4.88%, 0, 0, 3, 22945.20, 70532974, 206
3308, 339, 0, 29, 0, 0, 4.88%, 0, 0, 3, 21056.82, 70638367, 206
3313, 340, 17, 29, 0, 0, 4.88%, 0, 0, 3, 21429.88, 70746644, 206
3318, 340, 0, 29, 0, 0, 4.88%, 0, 0, 3, 21316.45, 70856171, 206
3323, 341, 8, 29, 0, 0, 4.88%, 0, 0, 3, 22055.96, 70964717, 206
3328, 341, 0, 29, 0, 0, 4.88%, 0, 0, 3, 20899.34, 71073489, 206
3333, 342, 0, 29, 0, 0, 4.88%, 0, 0, 3, 21634.96, 71179116, 206
3338, 343, 0, 29, 0, 0, 4.88%, 0, 0, 3, 21240.45, 71295671, 206
3343, 343, 20, 29, 0, 0, 4.88%, 0, 0, 3, 22429.95, 71408967, 206
3349, 343, 9, 29, 0, 0, 4.88%, 0, 0, 3, 21214.80, 71520501, 206
3354, 344, 0, 29, 0, 0, 4.88%, 0, 0, 3, 22659.69, 71632771, 206
3359, 345, 0, 29, 0, 0, 4.88%, 0, 0, 3, 20942.65, 71740797, 206
3364, 345, 0, 29, 0, 0, 4.88%, 0, 0, 3, 22293.10, 71853521, 206
3369, 346, 15, 29, 0, 0, 4.88%, 0, 0, 3, 21444.33, 71963850, 206
3374, 346, 0, 29, 0, 0, 4.88%, 0, 0, 3, 21471.22, 72070133, 206
3379, 347, 24, 29, 0, 0, 4.88%, 0, 0, 3, 22077.81, 72186616, 206
3384, 347, 0, 29, 0, 0, 4.88%, 0, 0, 3, 23400.52, 72306003, 206
3389, 348, 0, 29, 0, 0, 4.88%, 0, 0, 3, 20683.78, 72411654, 206
3394, 348, 0, 29, 0, 0, 4.88%, 0, 0, 3, 22183.06, 72523917, 206
3399, 349, 4, 29, 0, 0, 4.88%, 0, 0, 3, 20972.78, 72630893, 206
3404, 349, 0, 29, 0, 0, 4.88%, 0, 0, 3, 23889.36, 72749077, 206
3409, 350, 0, 29, 0, 0, 4.88%, 0, 0, 3, 22119.94, 72864631, 206
3414, 350, 0, 29, 0, 0, 4.88%, 0, 0, 3, 25544.45, 72995123, 206
3419, 351, 0, 29, 0, 0, 4.88%, 0, 0, 3, 23239.22, 73118651, 206
3425, 351, 0, 29, 0, 0, 4.88%, 0, 0, 3, 23984.63, 73241052, 206
3430, 352, 0, 29, 0, 0, 4.88%, 0, 0, 3, 22910.15, 73359439, 206
3435, 352, 0, 29, 0, 0, 4.88%, 0, 0, 3, 23902.36, 73488113, 206
3440, 353, 0, 29, 0, 0, 4.88%, 0, 0, 3, 21583.63, 73597209, 206
3445, 353, 19, 29, 0, 0, 4.88%, 0, 0, 3, 23345.95, 73714863, 206
3450, 354, 0, 29, 0, 0, 4.88%, 0, 0, 3, 20532.47, 73813116, 206
3455, 355, 25, 29, 0, 0, 4.88%, 0, 0, 3, 22442.97, 73928365, 206
3460, 355, 14, 29, 0, 0, 4.88%, 0, 0, 3, 22071.42, 74041421, 206
3465, 356, 0, 29, 0, 0, 4.88%, 0, 0, 3, 24556.20, 74161847, 206
3470, 356, 0, 29, 0, 0, 4.88%, 0, 0, 3, 21931.15, 74270109, 206
3475, 357, 0, 29, 0, 0, 4.88%, 0, 0, 3, 25321.59, 74403939, 206
3480, 357, 25, 29, 0, 0, 4.88%, 0, 0, 3, 22479.72, 74518323, 206
3485, 358, 0, 29, 0, 0, 4.88%, 0, 0, 3, 25114.90, 74640825, 206
3490, 358, 25, 29, 0, 0, 4.88%, 0, 0, 3, 24775.01, 74763605, 206
3495, 359, 0, 29, 0, 0, 4.88%, 0, 0, 3, 22260.63, 74872711, 206
3500, 359, 0, 29, 0, 0, 4.88%, 0, 0, 3, 20750.17, 74977006, 206
3505, 360, 0, 29, 0, 0, 4.88%, 0, 0, 3, 25118.55, 75110344, 206
3510, 360, 25, 29, 0, 0, 4.88%, 0, 0, 3, 20810.25, 75209063, 206
3515, 361, 20, 29, 0, 0, 4.88%, 0, 0, 3, 22942.17, 75325169, 206
3521, 361, 8, 29, 0, 0, 4.88%, 0, 0, 3, 22082.97, 75443711, 206
3526, 362, 0, 29, 0, 0, 4.88%, 0, 0, 3, 23689.19, 75567561, 206
3531, 363, 0, 29, 0, 0, 4.88%, 0, 0, 3, 21987.03, 75676041, 206
3536, 363, 0, 29, 0, 0, 4.88%, 0, 0, 3, 25507.13, 75814353, 206
3541, 364, 0, 29, 0, 0, 4.88%, 0, 0, 3, 21900.45, 75920428, 206
3546, 364, 17, 29, 0, 0, 4.88%, 0, 0, 3, 22376.47, 76034657, 206
3551, 365, 0, 29, 0, 0, 4.88%, 0, 0, 3, 21818.14, 76140931, 206
3556, 365, 0, 29, 0, 0, 4.88%, 0, 0, 3, 25737.73, 76275456, 206
3561, 366, 8, 29, 0, 0, 4.88%, 0, 0, 3, 23693.10, 76387057, 206
3566, 367, 25, 29, 0, 0, 4.88%, 0, 0, 3, 24796.49, 76514439, 206
3571, 367, 8, 29, 0, 0, 4.88%, 0, 0, 3, 21413.71, 76614941, 206
3576, 368, 0, 29, 0, 0, 4.88%, 0, 0, 3, 24759.28, 76743205, 206
3582, 368, 0, 29, 0, 0, 4.88%, 0, 0, 3, 22933.65, 76853487, 206
3587, 369, 22, 29, 0, 0, 4.88%, 0, 0, 3, 22893.95, 76971269, 206
3592, 369, 8, 29, 0, 0, 4.88%, 0, 0, 3, 22149.01, 77080366, 206
3597, 370, 8, 29, 0, 0, 4.88%, 0, 0, 3, 22483.01, 77196319, 206
3602, 370, 0, 29, 0, 0, 4.88%, 0, 0, 3, 24892.79, 77321051, 206
3607, 371, 0, 29, 0, 0, 4.88%, 0, 0, 3, 24167.02, 77451507, 206
3612, 372, 0, 29, 0, 0, 4.88%, 0, 0, 3, 23773.99, 77565053, 206
3617, 372, 24, 29, 0, 0, 4.88%, 0, 0, 3, 24530.43, 77702207, 206
3623, 373, 25, 29, 0, 0, 4.88%, 0, 0, 3, 23111.77, 77817552, 206
3628, 374, 0, 29, 0, 0, 4.88%, 0, 0, 3, 21522.05, 77929771, 206
3633, 374, 0, 29, 0, 0, 4.88%, 0, 0, 3, 22222.90, 78043912, 206
3638, 375, 0, 29, 0, 0, 4.88%, 0, 0, 3, 22188.99, 78159041, 206
3643, 375, 0, 29, 0, 0, 4.88%, 0, 0, 3, 22506.51, 78273632, 206
3648, 376, 0, 29, 0, 0, 4.88%, 0, 0, 3, 24234.53, 78405859, 206
3653, 377, 0, 29, 0, 0, 4.88%, 0, 0, 3, 24287.43, 78526520, 206
3658, 377, 0, 29, 0, 0, 4.88%, 0, 0, 3, 22617.78, 78646570, 206
3663, 377, 0, 29, 0, 0, 4.88%, 0, 0, 3, 25291.80, 78773891, 206
3668, 378, 0, 29, 0, 0, 4.88%, 0, 0, 3, 23422.79, 78896973, 206
3673, 378, 20, 29, 0, 0, 4.88%, 0, 0, 3, 23568.31, 79013177, 206
3678, 379, 17, 29, 0, 0, 4.88%, 0, 0, 3, 23411.11, 79132867, 206
3683, 380, 0, 29, 0, 0, 4.88%, 0, 0, 3, 23032.82, 79250803, 206
3688, 381, 8, 29, 0, 0, 4.88%, 0, 0, 3, 22135.67, 79363737, 206
3693, 381, 0, 29, 0, 0, 4.88%, 0, 0, 3, 22957.41, 79477132, 206
3698, 382, 0, 29, 0, 0, 4.88%, 0, 0, 3, 22105.21, 79588507, 206
3704, 382, 0, 29, 0, 0, 4.88%, 0, 0, 3, 22873.94, 79703527, 206
3709, 383, 0, 29, 0, 0, 4.88%, 0, 0, 3, 21685.74, 79813759, 206
3714, 384, 0, 29, 0, 0, 4.88%, 0, 0, 3, 23522.82, 79929529, 206
3719, 384, 0, 29, 0, 0, 4.88%, 0, 0, 3, 22522.48, 80046664, 206
3724, 385, 0, 29, 0, 0, 4.88%, 0, 0, 3, 24646.89, 80173341, 206
3729, 385, 0, 29, 0, 0, 4.88%, 0, 0, 3, 21853.21, 80281500, 206
3734, 386, 25, 29, 0, 0, 4.88%, 0, 0, 3, 21985.92, 80398593, 206
3739, 386, 0, 29, 0, 0, 4.88%, 0, 0, 3, 21365.82, 80505812, 206
3744, 387, 0, 29, 0, 0, 4.88%, 0, 0, 3, 22993.89, 80628594, 206
3749, 387, 0, 29, 0, 0, 4.88%, 0, 0, 3, 21854.09, 80745545, 206
3754, 388, 0, 29, 0, 0, 4.88%, 0, 0, 3, 24545.59, 80871171, 206
3759, 388, 0, 29, 0, 0, 4.88%, 0, 0, 3, 24283.03, 80998915, 206
3764, 389, 0, 29, 0, 0, 4.88%, 0, 0, 3, 23477.62, 81118655, 206
3769, 389, 0, 29, 0, 0, 4.88%, 0, 0, 3, 21295.90, 81224545, 206
3774, 390, 0, 29, 0, 0, 4.88%, 0, 0, 3, 23845.37, 81346787, 206
3780, 391, 0, 29, 0, 0, 4.88%, 0, 0, 3, 21518.09, 81452885, 206
3785, 391, 14, 29, 0, 0, 4.88%, 0, 0, 3, 22251.10, 81566498, 206
3790, 392, 0, 29, 0, 0, 4.88%, 0, 0, 3, 21283.44, 81675068, 206
3795, 392, 0, 29, 0, 0, 4.88%, 0, 0, 3, 22335.90, 81793173, 206
3800, 393, 0, 29, 0, 0, 4.88%, 0, 0, 3, 21288.11, 81904910, 206
3805, 394, 0, 29, 0, 0, 4.88%, 0, 0, 3, 23098.45, 82027115, 206
3810, 394, 0, 29, 0, 0, 4.88%, 0, 0, 3, 20564.61, 82128835, 206
3815, 395, 0, 29, 0, 0, 4.88%, 0, 0, 3, 24740.97, 82259389, 206
3820, 395, 19, 29, 0, 0, 4.88%, 0, 0, 3, 23937.05, 82380423, 206
3826, 396, 0, 29, 0, 0, 4.88%, 0, 0, 3, 24223.03, 82500643, 206
3831, 396, 0, 29, 0, 0, 4.88%, 0, 0, 3, 22579.56, 82614781, 206
3836, 397, 0, 29, 0, 0, 4.88%, 0, 0, 3, 24871.00, 82743927, 206
3841, 397, 0, 29, 0, 0, 4.88%, 0, 0, 3, 24780.90, 82866320, 206
3846, 398, 0, 29, 0, 0, 4.88%, 0, 0, 3, 22704.63, 82977855, 206
3851, 399, 28, 29, 0, 0, 4.88%, 0, 0, 3, 22550.49, 83090430, 206
3856, 399, 0, 29, 0, 0, 4.88%, 0, 0, 3, 22913.14, 83206267, 206
3861, 400, 0, 29, 0, 0, 4.88%, 0, 0, 3, 21998.72, 83318417, 206
3866, 401, 8, 29, 0, 0, 4.88%, 0, 0, 3, 22697.83, 83440483, 206
3871, 401, 0, 29, 0, 0, 4.88%, 0, 0, 3, 21480.56, 83544837, 206
3876, 402, 0, 29, 0, 0, 4.88%, 0, 0, 3, 24959.73, 83673563, 206
3881, 402, 4, 29, 0, 0, 4.88%, 0, 0, 3, 21752.27, 83777874, 206
3886, 403, 8, 29, 0, 0, 4.88%, 0, 0, 3, 24267.52, 83901343, 206
3891, 403, 0, 29, 0, 0, 4.88%, 0, 0, 3, 24799.72, 84017507, 206
3896, 404, 0, 29, 0, 0, 4.88%, 0, 0, 3, 24705.32, 84140822, 206
3902, 404, 25, 29, 0, 0, 4.88%, 0, 0, 3, 23476.39, 84253161, 206
3907, 405, 0, 29, 0, 0, 4.88%, 0, 0, 3, 24204.45, 84377413, 206
3912, 405, 0, 29, 0, 0, 4.88%, 0, 0, 3, 24648.22, 84497277, 206
3917, 406, 25, 29, 0, 0, 4.88%, 0, 0, 3, 24191.22, 84620333, 206
3922, 407, 0, 29, 0, 0, 4.88%, 0, 0, 3, 21694.55, 84725796, 206
3927, 407, 26, 29, 0, 0, 4.88%, 0, 0, 3, 23916.07, 84852829, 206
3932, 408, 0, 29, 0, 0, 4.88%, 0, 0, 3, 22756.58, 84968215, 206
3937, 408, 25, 29, 0, 0, 4.88%, 0, 0, 3, 23407.90, 85092687, 206
3942, 409, 0, 29, 0, 0, 4.88%, 0, 0, 3, 22942.82, 85208275, 206
3947, 409, 0, 29, 0, 0, 4.88%, 0, 0, 3, 26028.74, 85347595, 206
3953, 410, 0, 29, 0, 0, 4.88%, 0, 0, 3, 23890.73, 85461017, 206
3958, 411, 0, 29, 0, 0, 4.88%, 0, 0, 3, 23374.60, 85585037, 206
3963, 411, 0, 29, 0, 0, 4.88%, 0, 0, 3, 22882.14, 85698139, 206
3968, 412, 25, 29, 0, 0, 4.88%, 0, 0, 3, 22300.18, 85814751, 206
3973, 413, 0, 29, 0, 0, 4.88%, 0, 0, 3, 23208.02, 85936673, 206
3978, 413, 0, 29, 0, 0, 4.88%, 0, 0, 3, 22365.91, 86051901, 206
3983, 413, 0, 29, 0, 0, 4.88%, 0, 0, 3, 23273.81, 86169951, 206
3988, 414, 0, 29, 0, 0, 4.88%, 0, 0, 3, 21273.39, 86280075, 206
3993, 414, 0, 29, 0, 0, 4.88%, 0, 0, 3, 22919.75, 86395675, 206
3998, 415, 0, 29, 0, 0, 4.88%, 0, 0, 3, 21361.04, 86504508, 206
4003, 415, 0, 29, 0, 0, 4.88%, 0, 0, 3, 22711.89, 86622737, 206
4008, 416, 0, 29, 0, 0, 4.88%, 0, 0, 3, 22433.22, 86735615, 206
4014, 417, 0, 29, 0, 0, 4.88%, 0, 0, 3, 24862.18, 86865107, 206
4019, 417, 0, 29, 0, 0, 4.88%, 0, 0, 3, 21371.63, 86972199, 206
4024, 418, 0, 29, 0, 0, 4.88%, 0, 0, 3, 24856.68, 87103064, 206
4029, 418, 0, 29, 0, 0, 4.88%, 0, 0, 3, 24175.75, 87223287, 206
4034, 419, 0, 29, 0, 0, 4.88%, 0, 0, 3, 22996.04, 87335675, 206
4039, 419, 4, 29, 0, 0, 4.88%, 0, 0, 3, 22643.49, 87454819, 206
4044, 420, 25, 29, 0, 0, 4.88%, 0, 0, 3, 27081.77, 87593711, 206
4049, 420, 0, 29, 0, 0, 4.88%, 0, 0, 3, 21774.30, 87698114, 206
4054, 421, 0, 29, 0, 0, 4.88%, 0, 0, 3, 22700.91, 87813098, 206
4059, 421, 0, 29, 0, 0, 4.88%, 0, 0, 3, 22694.66, 87931788, 206
4064, 422, 0, 29, 0, 0, 4.88%, 0, 0, 3, 23671.66, 88049129, 206
4069, 422, 0, 29, 0, 0, 4.88%, 0, 0, 3, 21533.09, 88160093, 206
4074, 423, 0, 29, 0, 0, 4.88%, 0, 0, 3, 23815.07, 88284091, 206
4079, 424, 25, 29, 0, 0, 4.88%, 0, 0, 3, 21644.35, 88394941, 206
4084, 424, 0, 29, 0, 0, 4.88%, 0, 0, 3, 23595.18, 88517659, 206
4089, 425, 8, 29, 0, 0, 4.88%, 0, 0, 3, 21327.64, 88625157, 206
4095, 425, 0, 29, 0, 0, 4.88%, 0, 0, 3, 23627.94, 88746439, 206
4100, 426, 0, 29, 0, 0, 4.88%, 0, 0, 3, 21498.18, 88853367, 206
4105, 426, 0, 29, 0, 0, 4.88%, 0, 0, 3, 25007.88, 88983151, 206
4110, 427, 25, 29, 0, 0, 4.88%, 0, 0, 3, 21525.64, 89091024, 206
4115, 427, 0, 29, 0, 0, 4.88%, 0, 0, 3, 24021.19, 89214625, 206
4120, 428, 0, 29, 0, 0, 4.88%, 0, 0, 3, 22610.02, 89328791, 206
4125, 428, 3, 29, 0, 0, 4.88%, 0, 0, 3, 25599.73, 89459677, 206
4130, 429, 0, 29, 0, 0, 4.88%, 0, 0, 3, 22311.42, 89572559, 206
4135, 430, 0, 29, 0, 0, 4.88%, 0, 0, 3, 23630.04, 89696213, 206
4140, 430, 0, 29, 0, 0, 4.88%, 0, 0, 3, 21742.58, 89808815, 206
4145, 431, 8, 29, 0, 0, 4.88%, 0, 0, 3, 22619.68, 89923995, 206
4150, 432, 0, 29, 0, 0, 4.88%, 0, 0, 3, 20707.62, 90025303, 206
4155, 432, 0, 29, 0, 0, 4.88%, 0, 0, 3, 23083.72, 90145365, 206
4160, 433, 0, 29, 0, 0, 4.88%, 0, 0, 3, 21752.47, 90254275, 206
4165, 433, 0, 29, 0, 0, 4.88%, 0, 0, 3, 22607.72, 90367403, 206
4170, 434, 0, 29, 0, 0, 4.88%, 0, 0, 3, 21984.29, 90473673, 206
4176, 435, 8, 29, 0, 0, 4.88%, 0, 0, 3, 25742.79, 90611202, 206
4181, 435, 8, 29, 0, 0, 4.88%, 0, 0, 3, 23498.10, 90723908, 206
4186, 436, 8, 29, 0, 0, 4.88%, 0, 0, 3, 28204.43, 90866387, 206
4191, 437, 0, 29, 0, 0, 4.88%, 0, 0, 3, 23250.00, 90978894, 206
4196, 437, 0, 29, 0, 0, 4.88%, 0, 0, 3, 25833.99, 91108425, 206
4201, 438, 0, 29, 0, 0, 4.88%, 0, 0, 3, 24843.52, 91232817, 206
4206, 438, 0, 29, 0, 0, 4.88%, 0, 0, 3, 26129.11, 91371343, 206
4211, 439, 0, 29, 0, 0, 4.88%, 0, 0, 3, 22634.24, 91481117, 206
4216, 439, 0, 29, 0, 0, 4.88%, 0, 0, 3, 24452.52, 91609655, 206
4222, 440, 0, 29, 0, 0, 4.88%, 0, 0, 3, 23894.36, 91724049, 206
4227, 441, 25, 29, 0, 0, 4.88%, 0, 0, 3, 26083.18, 91857443, 206
4232, 441, 0, 29, 0, 0, 4.88%, 0, 0, 3, 22290.54, 91960797, 206
4237, 442, 0, 29, 0, 0, 4.88%, 0, 0, 3, 24418.04, 92090335, 206
4242, 442, 0, 29, 0, 0, 4.88%, 0, 0, 3, 23426.90, 92204638, 206
4247, 443, 26, 29, 0, 0, 4.88%, 0, 0, 3, 23853.95, 92323442, 206
4252, 444, 0, 29, 0, 0, 4.88%, 0, 0, 3, 23630.97, 92437695, 206
4257, 444, 26, 29, 0, 0, 4.88%, 0, 0, 3, 24331.02, 92563863, 206
4262, 445, 0, 29, 0, 0, 4.88%, 0, 0, 3, 23397.60, 92681648, 206
4267, 445, 26, 29, 0, 0, 4.88%, 0, 0, 3, 25348.31, 92817511, 206
4272, 446, 8, 29, 0, 0, 4.88%, 0, 0, 3, 23009.00, 92930108, 206
4277, 447, 0, 29, 0, 0, 4.88%, 0, 0, 3, 26339.22, 93065034, 206
4282, 447, 0, 29, 0, 0, 4.88%, 0, 0, 3, 25148.96, 93184197, 206
4287, 448, 0, 29, 0, 0, 4.88%, 0, 0, 3, 22018.45, 93294871, 206
4292, 448, 25, 29, 0, 0, 4.88%, 0, 0, 3, 24697.60, 93415058, 206
4297, 449, 8, 29, 0, 0, 4.88%, 0, 0, 3, 22965.53, 93533245, 206
4302, 450, 21, 29, 0, 0, 4.88%, 0, 0, 3, 22224.57, 93643347, 206
4308, 450, 0, 29, 0, 0, 4.88%, 0, 0, 3, 21403.00, 93751967, 206
4313, 451, 0, 29, 0, 0, 4.88%, 0, 0, 3, 22357.58, 93865001, 206
4318, 452, 25, 29, 0, 0, 4.88%, 0, 0, 3, 21827.75, 93979281, 206
4323, 452, 15, 29, 0, 0, 4.88%, 0, 0, 3, 24039.04, 94099749, 206
4328, 453, 8, 29, 0, 0, 4.88%, 0, 0, 3, 23060.90, 94222205, 206
4333, 453, 8, 29, 0, 0, 4.88%, 0, 0, 3, 22844.39, 94335681, 206
4338, 454, 0, 29, 0, 0, 4.88%, 0, 0, 3, 21817.14, 94447231, 206
4343, 454, 20, 29, 0, 0, 4.88%, 0, 0, 3, 23789.99, 94567117, 206
4348, 455, 0, 29, 0, 0, 4.88%, 0, 0, 3, 20849.01, 94673644, 206
4353, 455, 20, 29, 0, 0, 4.88%, 0, 0, 3, 21906.98, 94781573, 206
4358, 456, 0, 29, 0, 0, 4.88%, 0, 0, 3, 22153.51, 94895205, 206
4363, 456, 8, 29, 0, 0, 4.88%, 0, 0, 3, 25915.45, 95028076, 206
4368, 457, 0, 29, 0, 0, 4.88%, 0, 0, 3, 22724.11, 95140012, 206
4373, 458, 17, 29, 0, 0, 4.88%, 0, 0, 3, 25493.32, 95263377, 206
4378, 458, 0, 29, 0, 0, 4.88%, 0, 0, 3, 22846.26, 95380831, 206
4383, 459, 15, 29, 0, 0, 4.88%, 0, 0, 3, 22731.97, 95495189, 206
4388, 459, 0, 29, 0, 0, 4.88%, 0, 0, 3, 23388.44, 95620163, 206
4393, 460, 0, 29, 0, 0, 4.88%, 0, 0, 3, 23464.28, 95736082, 206
4398, 460, 0, 29, 0, 0, 4.88%, 0, 0, 3, 24554.44, 95865663, 206
4403, 461, 0, 29, 0, 0, 4.88%, 0, 0, 3, 26365.16, 95998242, 206
4409, 462, 0, 29, 0, 0, 4.88%, 0, 0, 3, 21899.59, 96108895, 206
4414, 462, 25, 29, 0, 0, 4.88%, 0, 0, 3, 23575.80, 96226631, 206
4419, 463, 15, 29, 0, 0, 4.88%, 0, 0, 3, 22408.40, 96343744, 206
4424, 463, 25, 29, 0, 0, 4.88%, 0, 0, 3, 24176.35, 96466771, 206
4429, 464, 0, 29, 0, 0, 4.88%, 0, 0, 3, 22977.32, 96586351, 206
4434, 464, 0, 29, 0, 0, 4.88%, 0, 0, 3, 25550.63, 96717564, 206
4439, 465, 0, 29, 0, 0, 4.88%, 0, 0, 3, 23201.72, 96837681, 206
4444, 465, 0, 29, 0, 0, 4.88%, 0, 0, 3, 24954.44, 96960699, 206
4449, 466, 0, 29, 0, 0, 4.88%, 0, 0, 3, 21258.01, 97067107, 206
4454, 466, 18, 29, 0, 0, 4.88%, 0, 0, 3, 23211.13, 97184599, 206
4459, 466, 0, 29, 0, 0, 4.88%, 0, 0, 3, 22587.46, 97302223, 206
4464, 467, 15, 29, 0, 0, 4.88%, 0, 0, 3, 25695.42, 97431973, 206
4469, 468, 22, 29, 0, 0, 4.88%, 0, 0, 3, 21017.68, 97535426, 206
4474, 468, 19, 29, 0, 0, 4.88%, 0, 0, 3, 24903.48, 97657251, 206
4479, 469, 0, 29, 0, 0, 4.88%, 0, 0, 3, 22363.89, 97768749, 206
4484, 470, 26, 29, 0, 0, 4.88%, 0, 0, 3, 24536.23, 97900807, 206
4489, 470, 0, 29, 0, 0, 4.88%, 0, 0, 3, 22221.13, 98011034, 206
4494, 471, 0, 29, 0, 0, 4.88%, 0, 0, 3, 23631.13, 98129495, 206
4499, 471, 26, 29, 0, 0, 4.88%, 0, 0, 3, 22459.71, 98245317, 206
4504, 472, 0, 29, 0, 0, 4.88%, 0, 0, 3, 25026.68, 98371607, 206
4509, 473, 0, 29, 0, 0, 4.88%, 0, 0, 3, 22286.75, 98483183, 206
4515, 473, 0, 29, 0, 0, 4.88%, 0, 0, 3, 25086.25, 98610186, 206
4520, 474, 0, 29, 0, 0, 4.88%, 0, 0, 3, 21681.70, 98720061, 206
4525, 474, 25, 29, 0, 0, 4.88%, 0, 0, 3, 22950.92, 98838656, 206
4530, 475, 0, 29, 0, 0, 4.88%, 0, 0, 3, 20171.63, 98937782, 206
4535, 475, 0, 29, 0, 0, 4.88%, 0, 0, 3, 25016.79, 99064541, 206
4540, 476, 0, 29, 0, 0, 4.88%, 0, 0, 3, 23998.80, 99185159, 206
4545, 476, 9, 29, 0, 0, 4.88%, 0, 0, 3, 27401.07, 99325965, 206
4550, 477, 0, 29, 0, 0, 4.88%, 0, 0, 3, 22913.07, 99437361, 206
4555, 478, 0, 29, 0, 0, 4.88%, 0, 0, 3, 24641.46, 99564289, 206
4560, 478, 0, 29, 0, 0, 4.88%, 0, 0, 3, 21409.98, 99670191, 206
4565, 478, 0, 29, 0, 0, 4.88%, 0, 0, 3, 23885.64, 99793738, 206
4570, 479, 25, 29, 0, 0, 4.88%, 0, 0, 3, 21442.55, 99897231, 206
4575, 479, 0, 29, 0, 0, 4.88%, 0, 0, 3, 25573.47, 100025727, 206
4580, 480, 0, 29, 0, 0, 4.88%, 0, 0, 3, 22257.48, 100140161, 206
4585, 480, 0, 29, 0, 0, 4.88%, 0, 0, 3, 24101.36, 100266321, 206
4590, 481, 0, 29, 0, 0, 4.88%, 0, 0, 3, 21071.76, 100368086, 206
4595, 481, 25, 29, 0, 0, 4.88%, 0, 0, 3, 22596.23, 100481823, 206
4600, 482, 0, 29, 0, 0, 4.88%, 0, 0, 3, 21104.80, 100587279, 206
4605, 482, 0, 29, 0, 0, 4.88%, 0, 0, 3, 24919.19, 100711282, 206
4611, 483, 0, 29, 0, 0, 4.88%, 0, 0, 3, 23152.04, 100826187, 206
4616, 484, 0, 29, 0, 0, 4.88%, 0, 0, 3, 25504.39, 100956148, 206
4621, 484, 0, 29, 0, 0, 4.88%, 0, 0, 3, 22433.05, 101068844, 206
4626, 485, 0, 29, 0, 0, 4.88%, 0, 0, 3, 23476.64, 101190455, 206
4631, 485, 0, 29, 0, 0, 4.88%, 0, 0, 3, 20727.76, 101293313, 206
4636, 486, 0, 29, 0, 0, 4.88%, 0, 0, 3, 22280.86, 101409885, 206
4641, 487, 0, 29, 0, 0, 4.88%, 0, 0, 3, 22403.14, 101518078, 206
4646, 487, 0, 29, 0, 0, 4.88%, 0, 0, 3, 23988.01, 101645743, 206
4651, 488, 10, 29, 0, 0, 4.88%, 0, 0, 3, 23955.81, 101759052, 206
4656, 489, 0, 29, 0, 0, 4.88%, 0, 0, 3, 23387.85, 101872829, 206
4661, 489, 0, 29, 0, 0, 4.88%, 0, 0, 3, 21431.09, 101976134, 206
4666, 490, 0, 29, 0, 0, 4.88%, 0, 0, 3, 22769.33, 102092470, 206
4671, 490, 25, 29, 0, 0, 4.88%, 0, 0, 3, 23408.44, 102210743, 206
4676, 491, 0, 29, 0, 0, 4.88%, 0, 0, 3, 23009.81, 102329394, 206
4681, 491, 0, 29, 0, 0, 4.88%, 0, 0, 3, 22315.76, 102438249, 206
4686, 492, 0, 29, 0, 0, 4.88%, 0, 0, 3, 24919.89, 102565135, 206
4691, 492, 8, 29, 0, 0, 4.88%, 0, 0, 3, 24345.65, 102681831, 206
4696, 493, 0, 29, 0, 0, 4.88%, 0, 0, 3, 26173.83, 102816955, 206
4702, 493, 0, 29, 0, 0, 4.88%, 0, 0, 3, 24525.96, 102933401, 206
4707, 494, 0, 29, 0, 0, 4.88%, 0, 0, 3, 26163.18, 103072570, 206
4712, 494, 0, 29, 0, 0, 4.88%, 0, 0, 3, 23526.21, 103181999, 206
4717, 495, 0, 29, 0, 0, 4.88%, 0, 0, 3, 23583.63, 103300632, 206
4722, 496, 0, 29, 0, 0, 4.88%, 0, 0, 3, 22584.44, 103409357, 206
4727, 496, 0, 29, 0, 0, 4.88%, 0, 0, 3, 27167.08, 103550722, 206
4732, 497, 0, 29, 0, 0, 4.88%, 0, 0, 3, 22988.05, 103660115, 206
4737, 497, 0, 29, 0, 0, 4.88%, 0, 0, 3, 22846.12, 103776159, 206
4742, 498, 0, 29, 0, 0, 4.88%, 0, 0, 3, 23234.80, 103890761, 206
4747, 499, 20, 29, 0, 0, 4.88%, 0, 0, 3, 22129.93, 104003630, 206
4752, 499, 25, 29, 0, 0, 4.88%, 0, 0, 3, 23014.36, 104116183, 206
4757, 500, 0, 29, 0, 0, 4.88%, 0, 0, 3, 23716.05, 104240497, 206
4762, 501, 0, 29, 0, 0, 4.88%, 0, 0, 3, 24202.04, 104358029, 206
4767, 501, 0, 29, 0, 0, 4.88%, 0, 0, 3, 22605.35, 104475347, 206
4772, 501, 0, 29, 0, 0, 4.88%, 0, 0, 3, 23709.45, 104592672, 206
4777, 502, 0, 29, 0, 0, 4.88%, 0, 0, 3, 24590.09, 104721981, 206
4782, 503, 8, 29, 0, 0, 4.88%, 0, 0, 3, 23081.78, 104834030, 206
4787, 503, 0, 29, 0, 0, 4.88%, 0, 0, 3, 23832.20, 104959492, 206
4792, 504, 12, 29, 0, 0, 4.88%, 0, 0, 3, 25196.92, 105081594, 206
4797, 504, 25, 29, 0, 0, 4.88%, 0, 0, 3, 25139.77, 105207361, 206
4803, 505, 0, 29, 0, 0, 4.88%, 0, 0, 3, 23818.84, 105323921, 206
4808, 505, 25, 29, 0, 0, 4.88%, 0, 0, 3, 23426.50, 105444995, 206
4813, 506, 0, 29, 0, 0, 4.88%, 0, 0, 3, 22899.42, 105557719, 206
4818, 506, 25, 29, 0, 0, 4.88%, 0, 0, 3, 22116.09, 105670693, 206
4823, 507, 8, 29, 0, 0, 4.88%, 0, 0, 3, 22680.69, 105784449, 206
4828, 508, 0, 29, 0, 0, 4.88%, 0, 0, 3, 21024.34, 105893266, 206
4833, 508, 0, 29, 0, 0, 4.88%, 0, 0, 3, 22231.92, 106006519, 206
4838, 509, 0, 29, 0, 0, 4.88%, 0, 0, 3, 22948.51, 106124196, 206
4843, 510, 0, 29, 0, 0, 4.88%, 0, 0, 3, 22373.78, 106235811, 206
4848, 510, 0, 29, 0, 0, 4.88%, 0, 0, 3, 23618.59, 106358917, 206
4853, 511, 8, 29, 0, 0, 4.88%, 0, 0, 3, 25005.10, 106480486, 206
4858, 511, 0, 29, 0, 0, 4.88%, 0, 0, 3, 23035.99, 106599572, 206
4863, 512, 25, 29, 0, 0, 4.88%, 0, 0, 3, 23200.85, 106714807, 206
4868, 513, 0, 29, 0, 0, 4.88%, 0, 0, 3, 21192.52, 106821079, 206
4873, 514, 0, 29, 0, 0, 4.88%, 0, 0, 3, 24100.86, 106945641, 206
4878, 514, 0, 29, 0, 0, 4.88%, 0, 0, 3, 24512.63, 107077079, 206
4883, 514, 0, 29, 0, 0, 4.88%, 0, 0, 3, 22982.67, 107189742, 206
4888, 515, 0, 29, 0, 0, 4.88%, 0, 0, 3, 21110.95, 107301055, 206
4893, 515, 0, 29, 0, 0, 4.88%, 0, 0, 3, 23284.54, 107419261, 206
4898, 516, 0, 29, 0, 0, 4.88%, 0, 0, 3, 24336.05, 107548355, 206
4903, 516, 0, 29, 0, 0, 4.88%, 0, 0, 3, 27453.86, 107682579, 206
4909, 517, 0, 29, 0, 0, 4.88%, 0, 0, 3, 23407.65, 107797839, 206
4914, 518, 0, 29, 0, 0, 4.88%, 0, 0, 3, 24154.23, 107916944, 206
4919, 518, 8, 29, 0, 0, 4.88%, 0, 0, 3, 22371.75, 108029392, 206
4924, 519, 0, 29, 0, 0, 4.88%, 0, 0, 3, 25420.51, 108156279, 206
4929, 519, 0, 29, 0, 0, 4.88%, 0, 0, 3, 22650.92, 108273024, 206
4934, 520, 8, 29, 0, 0, 4.88%, 0, 0, 3, 22260.59, 108383505, 206
4939, 520, 0, 29, 0, 0, 4.88%, 0, 0, 3, 21424.22, 108492402, 206
4944, 521, 0, 29, 0, 0, 4.88%, 0, 0, 3, 23780.86, 108612818, 206
4949, 521, 0, 29, 0, 0, 4.88%, 0, 0, 3, 21772.62, 108724354, 206
4954, 522, 0, 29, 0, 0, 4.88%, 0, 0, 3, 23673.36, 108844244, 206
4959, 522, 0, 29, 0, 0, 4.88%, 0, 0, 3, 23007.88, 108965129, 206
4964, 523, 0, 29, 0, 0, 4.88%, 0, 0, 3, 22189.44, 109076639, 206
4969, 523, 0, 29, 0, 0, 4.88%, 0, 0, 3, 22365.42, 109193305, 206
4974, 524, 10, 29, 0, 0, 4.88%, 0, 0, 3, 22732.47, 109311987, 206
4979, 524, 0, 29, 0, 0, 4.88%, 0, 0, 3, 23168.18, 109426355, 206
4984, 525, 25, 29, 0, 0, 4.88%, 0, 0, 3, 23610.56, 109546390, 206
4989, 526, 0, 29, 0, 0, 4.88%, 0, 0, 3, 22500.49, 109662193, 206
4994, 526, 0, 29, 0, 0, 4.88%, 0, 0, 3, 25447.66, 109796457, 206
4999, 527, 0, 29, 0, 0, 4.88%, 0, 0, 3, 22212.84, 109908823, 206
5004, 527, 0, 29, 0, 0, 4.88%, 0, 0, 3, 23295.24, 110024019, 206
5009, 528, 8, 29, 0, 0, 4.88%, 0, 0, 3, 20986.68, 110129962, 206
5014, 529, 24, 29, 0, 0, 4.88%, 0, 0, 3, 25395.63, 110264477, 206
5020, 529, 0, 29, 0, 0, 4.88%, 0, 0, 3, 22834.01, 110376369, 206
5025, 530, 0, 29, 0, 0, 4.88%, 0, 0, 3, 26292.48, 110505857, 206
5030, 530, 25, 29, 0, 0, 4.88%, 0, 0, 3, 22670.97, 110620220, 206
5035, 531, 0, 29, 0, 0, 4.88%, 0, 0, 3, 23846.91, 110740858, 206
5040, 532, 25, 29, 0, 0, 4.88%, 0, 0, 3, 22259.79, 110855393, 206
5045, 532, 0, 29, 0, 0, 4.88%, 0, 0, 3, 23964.74, 110974502, 206
5050, 533, 0, 29, 0, 0, 4.88%, 0, 0, 3, 23534.03, 111096013, 206
5055, 534, 0, 29, 0, 0, 4.88%, 0, 0, 3, 25402.73, 111228657, 206
5060, 534, 0, 29, 0, 0, 4.88%, 0, 0, 3, 22312.66, 111339300, 206
5065, 535, 26, 29, 0, 0, 4.88%, 0, 0, 3, 23966.57, 111467206, 206
5071, 535, 0, 29, 0, 0, 4.88%, 0, 0, 3, 21939.70, 111574981, 206
5076, 536, 0, 29, 0, 0, 4.88%, 0, 0, 3, 23945.83, 111701497, 206
5081, 536, 0, 29, 0, 0, 4.88%, 0, 0, 3, 22171.76, 111808013, 206
5086, 537, 0, 29, 0, 0, 4.88%, 0, 0, 3, 27595.88, 111948015, 206
5091, 537, 25, 29, 0, 0, 4.88%, 0, 0, 3, 22996.28, 112056341, 206
5096, 538, 0, 29, 0, 0, 4.88%, 0, 0, 3, 24319.24, 112178483, 206
5101, 539, 0, 29, 0, 0, 4.88%, 0, 0, 3, 23722.91, 112294197, 206
5106, 539, 22, 29, 0, 0, 4.88%, 0, 0, 3, 24180.12, 112423110, 206
5111, 540, 0, 29, 0, 0, 4.88%, 0, 0, 3, 23318.17, 112535773, 206
5116, 540, 25, 29, 0, 0, 4.88%, 0, 0, 3, 22923.44, 112651679, 206
5121, 541, 0, 29, 0, 0, 4.88%, 0, 0, 3, 22483.28, 112763163, 206
5126, 541, 0, 29, 0, 0, 4.88%, 0, 0, 3, 24543.75, 112890135, 206
5131, 542, 0, 29, 0, 0, 4.88%, 0, 0, 3, 22216.39, 112994699, 206
5136, 542, 0, 29, 0, 0, 4.88%, 0, 0, 3, 23598.76, 113114771, 206
5141, 543, 0, 29, 0, 0, 4.88%, 0, 0, 3, 23082.93, 113225740, 206
5146, 544, 0, 29, 0, 0, 4.88%, 0, 0, 3, 23562.98, 113345240, 206
5151, 544, 0, 29, 0, 0, 4.88%, 0, 0, 3, 21939.65, 113449565, 206
5156, 545, 0, 29, 0, 0, 4.88%, 0, 0, 3, 22778.07, 113565419, 206
5161, 545, 0, 29, 0, 0, 4.88%, 0, 0, 3, 22233.66, 113671855, 206
5166, 546, 14, 29, 0, 0, 4.88%, 0, 0, 3, 23594.55, 113793813, 206
5171, 547, 0, 29, 0, 0, 4.88%, 0, 0, 3, 26093.61, 113920989, 206
5176, 547, 25, 29, 0, 0, 4.88%, 0, 0, 3, 22936.71, 114034085, 206
5182, 548, 0, 29, 0, 0, 4.88%, 0, 0, 3, 24163.43, 114152053, 206
5187, 548, 8, 29, 0, 0, 4.88%, 0, 0, 3, 22654.49, 114268032, 206
5192, 549, 0, 29, 0, 0, 4.88%, 0, 0, 3, 21313.90, 114369711, 206
5197, 549, 0, 29, 0, 0, 4.88%, 0, 0, 3, 25680.36, 114499560, 206
5202, 550, 25, 29, 0, 0, 4.88%, 0, 0, 3, 23194.59, 114613383, 206
5207, 551, 0, 29, 0, 0, 4.88%, 0, 0, 3, 22879.42, 114726041, 206
5212, 551, 0, 29, 0, 0, 4.88%, 0, 0, 3, 21459.70, 114828852, 206
5217, 552, 0, 29, 0, 0, 4.88%, 0, 0, 3, 23777.79, 114956060, 206
5222, 552, 7, 29, 0, 0, 4.88%, 0, 0, 3, 24798.65, 115079424, 206
5227, 553, 8, 29, 0, 0, 4.88%, 0, 0, 3, 24915.07, 115213468, 206
5232, 553, 0, 29, 0, 0, 4.88%, 0, 0, 3, 23172.48, 115322888, 206
5237, 554, 8, 29, 0, 0, 4.88%, 0, 0, 3, 24305.60, 115455651, 206
5242, 554, 25, 29, 0, 0, 4.88%, 0, 0, 3, 25588.50, 115576820, 206
5247, 555, 0, 29, 0, 0, 4.88%, 0, 0, 3, 23023.11, 115695091, 206
5253, 556, 12, 29, 0, 0, 4.88%, 0, 0, 3, 21424.15, 115800172, 206
5258, 557, 0, 29, 0, 0, 4.88%, 0, 0, 3, 21440.26, 115914876, 206
5263, 557, 14, 29, 0, 0, 4.88%, 0, 0, 3, 22331.16, 116026307, 206
5268, 558, 0, 29, 0, 0, 4.88%, 0, 0, 3, 23684.45, 116149331, 206
5273, 558, 0, 29, 0, 0, 4.88%, 0, 0, 3, 22688.26, 116259313, 206
5278, 559, 0, 29, 0, 0, 4.88%, 0, 0, 3, 22487.18, 116380235, 206
5283, 559, 20, 29, 0, 0, 4.88%, 0, 0, 3, 24000.83, 116499638, 206
5288, 560, 0, 29, 0, 0, 4.88%, 0, 0, 3, 21788.88, 116608485, 206
5293, 561, 0, 29, 0, 0, 4.88%, 0, 0, 3, 25266.15, 116739501, 206
5298, 561, 0, 29, 0, 0, 4.88%, 0, 0, 3, 23054.25, 116857627, 206
5303, 562, 0, 29, 0, 0, 4.88%, 0, 0, 3, 23404.40, 116974869, 206
5309, 562, 8, 29, 0, 0, 4.88%, 0, 0, 3, 20403.74, 117077545, 206
5314, 563, 0, 29, 0, 0, 4.88%, 0, 0, 3, 21693.48, 117185371, 206
5319, 564, 0, 29, 0, 0, 4.88%, 0, 0, 3, 21789.31, 117295903, 206
5324, 564, 0, 29, 0, 0, 4.88%, 0, 0, 3, 22969.38, 117413187, 206
5329, 565, 22, 29, 0, 0, 4.88%, 0, 0, 3, 21755.87, 117525472, 206
5334, 565, 0, 29, 0, 0, 4.88%, 0, 0, 3, 23143.25, 117641863, 206
5339, 566, 8, 29, 0, 0, 4.88%, 0, 0, 3, 20401.40, 117748357, 206
5344, 567, 0, 29, 0, 0, 4.88%, 0, 0, 3, 22998.14, 117867096, 206
5349, 567, 0, 29, 0, 0, 4.88%, 0, 0, 3, 20194.21, 117971201, 206
5354, 568, 0, 29, 0, 0, 4.88%, 0, 0, 3, 25292.72, 118098971, 206
5359, 568, 0, 29, 0, 0, 4.88%, 0, 0, 3, 23726.79, 118223024, 206
5364, 569, 8, 29, 0, 0, 4.88%, 0, 0, 3, 23473.55, 118341338, 206
5369, 570, 9, 29, 0, 0, 4.88%, 0, 0, 3, 20634.66, 118446252, 206
5375, 570, 8, 29, 0, 0, 4.88%, 0, 0, 3, 23302.53, 118567725, 206
5380, 571, 0, 29, 0, 0, 4.88%, 0, 0, 3, 21626.57, 118679062, 206
5385, 571, 0, 29, 0, 0, 4.88%, 0, 0, 3, 22552.43, 118793263, 206
5390, 572, 0, 29, 0, 0, 4.88%, 0, 0, 3, 21837.76, 118906331, 206
5395, 572, 0, 29, 0, 0, 4.88%, 0, 0, 3, 24129.85, 119029929, 206
5400, 573, 0, 29, 0, 0, 4.88%, 0, 0, 3, 23437.94, 119154151, 206
5405, 574, 0, 29, 0, 0, 4.88%, 0, 0, 3, 24973.35, 119289239, 206
5410, 574, 0, 29, 0, 0, 4.88%, 0, 0, 3, 22823.50, 119409161, 206
5415, 575, 0, 29, 0, 0, 4.88%, 0, 0, 3, 23871.22, 119535108, 206
5420, 575, 0, 29, 0, 0, 4.88%, 0, 0, 3, 22867.02, 119651725, 206
5425, 576, 8, 29, 0, 0, 4.88%, 0, 0, 3, 24046.89, 119776947, 206
5430, 576, 0, 29, 0, 0, 4.88%, 0, 0, 3, 22253.37, 119883679, 206
5435, 577, 0, 29, 0, 0, 4.88%, 0, 0, 3, 24600.77, 120009405, 206
5440, 577, 0, 29, 0, 0, 4.88%, 0, 0, 3, 22708.11, 120122039, 206
5445, 578, 0, 29, 0, 0, 4.88%, 0, 0, 3, 24680.94, 120246174, 206
5450, 578, 0, 29, 0, 0, 4.88%, 0, 0, 3, 21924.67, 120353297, 206
5455, 579, 0, 29, 0, 0, 4.88%, 0, 0, 3, 22315.26, 120466829, 206
5460, 580, 0, 29, 0, 0, 4.88%, 0, 0, 3, 21712.06, 120578603, 206
5465, 580, 0, 29, 0, 0, 4.88%, 0, 0, 3, 27419.51, 120719511, 206
5470, 581, 0, 29, 0, 0, 4.88%, 0, 0, 3, 22837.60, 120830129, 206
5476, 581, 0, 29, 0, 0, 4.88%, 0, 0, 3, 25346.82, 120963049, 206
5481, 582, 0, 29, 0, 0, 4.88%, 0, 0, 3, 23116.27, 121077331, 206
5486, 583, 0, 29, 0, 0, 4.88%, 0, 0, 3, 24858.05, 121206403, 206
5491, 583, 25, 29, 0, 0, 4.88%, 0, 0, 3, 23594.45, 121317567, 206
5496, 584, 0, 29, 0, 0, 4.88%, 0, 0, 3, 26366.87, 121464039, 206
5501, 584, 0, 29, 0, 0, 4.88%, 0, 0, 3, 22143.12, 121570210, 206
5506, 585, 8, 29, 0, 0, 4.88%, 0, 0, 3, 25417.34, 121702657, 206
5511, 585, 0, 29, 0, 0, 4.88%, 0, 0, 3, 23458.56, 121816664, 206
5516, 586, 0, 29, 0, 0, 4.88%, 0, 0, 3, 23957.80, 121941198, 206
5521, 586, 0, 29, 0, 0, 4.88%, 0, 0, 3, 22461.50, 122050889, 206
5526, 587, 0, 29, 0, 0, 4.88%, 0, 0, 3, 24136.77, 122173263, 206
5532, 587, 25, 29, 0, 0, 4.88%, 0, 0, 3, 22485.13, 122284447, 206
5537, 588, 0, 29, 0, 0, 4.88%, 0, 0, 3, 25681.06, 122411756, 206
5542, 589, 0, 29, 0, 0, 4.88%, 0, 0, 3, 24349.69, 122529203, 206
5547, 589, 0, 29, 0, 0, 4.88%, 0, 0, 3, 23587.81, 122653717, 206
5552, 590, 14, 29, 0, 0, 4.88%, 0, 0, 3, 23049.79, 122763644, 206
5557, 590, 0, 29, 0, 0, 4.88%, 0, 0, 3, 26901.07, 122899495, 206
5562, 591, 0, 29, 0, 0, 4.88%, 0, 0, 3, 22302.18, 123006577, 206
5567, 592, 20, 29, 0, 0, 4.88%, 0, 0, 3, 23910.90, 123133022, 206
5572, 592, 0, 29, 0, 0, 4.88%, 0, 0, 3, 23693.10, 123244991, 206
5577, 593, 0, 29, 0, 0, 4.88%, 0, 0, 3, 23323.83, 123370994, 206
5582, 593, 25, 29, 0, 0, 4.88%, 0, 0, 3, 26081.18, 123494681, 206
5587, 594, 0, 29, 0, 0, 4.88%, 0, 0, 3, 24900.46, 123619137, 206
5592, 594, 0, 29, 0, 0, 4.88%, 0, 0, 3, 25190.10, 123737233, 206
5597, 595, 0, 29, 0, 0, 4.88%, 0, 0, 3, 24462.70, 123864082, 206
5602, 595, 0, 29, 0, 0, 4.88%, 0, 0, 3, 22713.45, 123972750, 206
5607, 596, 0, 29, 0, 0, 4.88%, 0, 0, 3, 25464.95, 124111148, 206
5612, 596, 0, 29, 0, 0, 4.88%, 0, 0, 3, 24651.28, 124225234, 206
5617, 597, 25, 29, 0, 0, 4.88%, 0, 0, 3, 25855.65, 124362607, 206
5622, 597, 0, 29, 0, 0, 4.88%, 0, 0, 3, 23938.67, 124478079, 206
5628, 598, 0, 29, 0, 0, 4.88%, 0, 0, 3, 22910.66, 124597061, 206
5633, 599, 0, 29, 0, 0, 4.88%, 0, 0, 3, 24038.03, 124716595, 206
5638, 599, 0, 29, 0, 0, 4.88%, 0, 0, 3, 23460.36, 124836001, 206
5643, 600, 0, 29, 0, 0, 4.88%, 0, 0, 3, 24117.02, 124960481, 206
5648, 600, 0, 29, 0, 0, 4.88%, 0, 0, 3, 22262.26, 125073531, 206
5653, 601, 14, 29, 0, 0, 4.88%, 0, 0, 3, 22195.47, 125185121, 206
5658, 602, 0, 29, 0, 0, 4.88%, 0, 0, 3, 23391.99, 125314939, 206
5663, 602, 0, 29, 0, 0, 4.88%, 0, 0, 3, 24958.00, 125435511, 206
5668, 603, 0, 29, 0, 0, 4.88%, 0, 0, 3, 23053.07, 125556806, 206
5673, 603, 0, 29, 0, 0, 4.88%, 0, 0, 3, 25492.36, 125688106, 206
5679, 604, 25, 29, 0, 0, 4.88%, 0, 0, 3, 22931.60, 125808252, 206
5684, 605, 0, 29, 0, 0, 4.88%, 0, 0, 3, 23269.91, 125927375, 206
5689, 605, 0, 29, 0, 0, 4.88%, 0, 0, 3, 21761.06, 126039915, 206
5694, 605, 0, 29, 0, 0, 4.88%, 0, 0, 3, 24217.02, 126160015, 206
5699, 606, 15, 29, 0, 0, 4.88%, 0, 0, 3, 25355.15, 126301331, 206
5704, 607, 0, 29, 0, 0, 4.88%, 0, 0, 3, 25276.60, 126432132, 206
5709, 607, 0, 29, 0, 0, 4.88%, 0, 0, 3, 25861.46, 126569645, 206
5714, 608, 0, 29, 0, 0, 4.88%, 0, 0, 3, 24203.74, 126692101, 206
5719, 608, 0, 29, 0, 0, 4.88%, 0, 0, 3, 23050.23, 126813155, 206
5724, 609, 0, 29, 0, 0, 4.88%, 0, 0, 3, 23777.97, 126932593, 206
5729, 610, 0, 29, 0, 0, 4.88%, 0, 0, 3, 22173.12, 127050767, 206
5734, 610, 0, 29, 0, 0, 4.88%, 0, 0, 3, 24239.19, 127175182, 206
5739, 611, 15, 29, 0, 0, 4.88%, 0, 0, 3, 22818.37, 127294835, 206
5744, 611, 0, 29, 0, 0, 4.88%, 0, 0, 3, 23779.93, 127413509, 206
5749, 612, 20, 29, 0, 0, 4.88%, 0, 0, 3, 23239.98, 127535471, 206
5754, 612, 0, 29, 0, 0, 4.88%, 0, 0, 3, 24518.14, 127658419, 206
5759, 613, 0, 29, 0, 0, 4.88%, 0, 0, 3, 23791.98, 127775127, 206
5764, 613, 0, 29, 0, 0, 4.88%, 0, 0, 3, 27164.87, 127916625, 206
5769, 614, 25, 29, 0, 0, 4.88%, 0, 0, 3, 24200.90, 128035979, 206
5775, 614, 0, 29, 0, 0, 4.88%, 0, 0, 3, 25920.66, 128169925, 206
5780, 615, 0, 29, 0, 0, 4.88%, 0, 0, 3, 22733.22, 128280670, 206
5785, 616, 0, 29, 0, 0, 4.88%, 0, 0, 3, 23940.91, 128406838, 206
5790, 616, 0, 29, 0, 0, 4.88%, 0, 0, 3, 21688.34, 128513247, 206
5795, 617, 0, 29, 0, 0, 4.88%, 0, 0, 3, 25944.56, 128656303, 206
5800, 617, 24, 29, 0, 0, 4.88%, 0, 0, 3, 22344.70, 128769929, 206
5805, 618, 0, 29, 0, 0, 4.88%, 0, 0, 3, 24294.03, 128894321, 206
5810, 618, 0, 29, 0, 0, 4.88%, 0, 0, 3, 23307.46, 129016211, 206
5815, 619, 8, 29, 0, 0, 4.88%, 0, 0, 3, 24880.88, 129151299, 206
5820, 620, 0, 29, 0, 0, 4.88%, 0, 0, 3, 21745.23, 129257039, 206
5826, 620, 0, 29, 0, 0, 4.88%, 0, 0, 3, 23927.62, 129382485, 206
5831, 621, 8, 29, 0, 0, 4.88%, 0, 0, 3, 22394.85, 129495203, 206
5836, 621, 0, 29, 0, 0, 4.88%, 0, 0, 3, 28264.46, 129639361, 206
5841, 622, 0, 29, 0, 0, 4.88%, 0, 0, 3, 25596.00, 129762735, 206
5846, 622, 0, 29, 0, 0, 4.88%, 0, 0, 3, 27085.50, 129904573, 206
5851, 623, 0, 29, 0, 0, 4.88%, 0, 0, 3, 22821.03, 130012085, 206
5856, 623, 0, 29, 0, 0, 4.88%, 0, 0, 3, 25114.45, 130145259, 206
5861, 624, 15, 29, 0, 0, 4.88%, 0, 0, 3, 21723.94, 130249811, 206
5866, 625, 25, 29, 0, 0, 4.88%, 0, 0, 3, 23400.90, 130374045, 206
5872, 625, 0, 29, 0, 0, 4.88%, 0, 0, 3, 24043.74, 130495555, 206
5877, 626, 25, 29, 0, 0, 4.88%, 0, 0, 3, 24127.91, 130622885, 206
5882, 626, 0, 29, 0, 0, 4.88%, 0, 0, 3, 25139.37, 130746479, 206
5887, 627, 0, 29, 0, 0, 4.88%, 0, 0, 3, 26784.12, 130881573, 206
5892, 627, 0, 29, 0, 0, 4.88%, 0, 0, 3, 25378.81, 131005380, 206
5897, 628, 0, 29, 0, 0, 4.88%, 0, 0, 3, 23585.21, 131126826, 206
5902, 629, 4, 29, 0, 0, 4.88%, 0, 0, 3, 22866.43, 131239756, 206
5907, 629, 0, 29, 0, 0, 4.88%, 0, 0, 3, 23002.68, 131363025, 206
5912, 629, 0, 29, 0, 0, 4.88%, 0, 0, 3, 26265.69, 131492109, 206
5918, 630, 0, 29, 0, 0, 4.88%, 0, 0, 3, 24338.10, 131617205, 206
5923, 631, 0, 29, 0, 0, 4.88%, 0, 0, 3, 23206.77, 131728352, 206
5928, 632, 25, 29, 0, 0, 4.88%, 0, 0, 3, 23773.47, 131856563, 206
5933, 632, 0, 29, 0, 0, 4.88%, 0, 0, 3, 22806.45, 131969458, 206
5938, 633, 0, 29, 0, 0, 4.88%, 0, 0, 3, 22862.91, 132087817, 206
5943, 634, 0, 29, 0, 0, 4.88%, 0, 0, 3, 23428.11, 132208597, 206
5948, 634, 8, 29, 0, 0, 4.88%, 0, 0, 3, 23442.27, 132329800, 206
5953, 635, 0, 29, 0, 0, 4.88%, 0, 0, 3, 22936.29, 132442597, 206
5958, 635, 8, 29, 0, 0, 4.88%, 0, 0, 3, 23268.48, 132563585, 206
5963, 636, 0, 29, 0, 0, 4.88%, 0, 0, 3, 23056.62, 132677300, 206
5968, 636, 19, 29, 0, 0, 4.88%, 0, 0, 3, 21537.42, 132788821, 206
5973, 637, 0, 29, 0, 0, 4.88%, 0, 0, 3, 25233.30, 132913577, 206
5978, 637, 0, 29, 0, 0, 4.88%, 0, 0, 3, 23291.08, 133035781, 206
5984, 638, 25, 29, 0, 0, 4.88%, 0, 0, 3, 25556.19, 133169090, 206
5989, 638, 0, 29, 0, 0, 4.88%, 0, 0, 3, 21925.90, 133279077, 206
5994, 639, 9, 29, 0, 0, 4.88%, 0, 0, 3, 23776.77, 133398138, 206
5999, 640, 0, 29, 0, 0, 4.88%, 0, 0, 3, 21563.60, 133509239, 206
6004, 641, 0, 29, 0, 0, 4.88%, 0, 0, 3, 22528.52, 133621621, 206
6009, 641, 0, 29, 0, 0, 4.88%, 0, 0, 3, 22992.82, 133743805, 206
6014, 642, 4, 29, 0, 0, 4.88%, 0, 0, 3, 24920.29, 133873013, 206
6019, 642, 0, 29, 0, 0, 4.88%, 0, 0, 3, 22493.18, 133984263, 206
6024, 643, 15, 29, 0, 0, 4.88%, 0, 0, 3, 27808.13, 134119080, 206
6029, 643, 0, 29, 0, 0, 4.88%, 0, 0, 3, 22825.84, 134230185, 206
6034, 644, 0, 29, 0, 0, 4.88%, 0, 0, 3, 25530.74, 134362283, 206
6039, 644, 17, 29, 0, 0, 4.88%, 0, 0, 3, 24069.29, 134485385, 206
6045, 645, 0, 29, 0, 0, 4.88%, 0, 0, 3, 24101.02, 134605282, 206
6050, 646, 0, 29, 0, 0, 4.88%, 0, 0, 3, 22120.92, 134719132, 206
6055, 646, 0, 29, 0, 0, 4.88%, 0, 0, 3, 24899.34, 134842721, 206
6060, 647, 0, 29, 0, 0, 4.88%, 0, 0, 3, 23821.87, 134969818, 206
6065, 647, 0, 29, 0, 0, 4.88%, 0, 0, 3, 28508.05, 135116848, 206
6070, 648, 0, 29, 0, 0, 4.88%, 0, 0, 3, 23383.39, 135233267, 206
6075, 649, 0, 29, 0, 0, 4.88%, 0, 0, 3, 25421.30, 135363755, 206
6080, 649, 0, 29, 0, 0, 4.88%, 0, 0, 3, 23210.75, 135482859, 206
6085, 650, 0, 29, 0, 0, 4.88%, 0, 0, 3, 27788.75, 135619525, 206
6090, 651, 24, 29, 0, 0, 4.88%, 0, 0, 3, 21986.24, 135727819, 206
6095, 651, 0, 29, 0, 0, 4.88%, 0, 0, 3, 24392.49, 135850770, 206
6100, 652, 0, 29, 0, 0, 4.88%, 0, 0, 3, 24371.29, 135977390, 206
6105, 652, 0, 29, 0, 0, 4.88%, 0, 0, 3, 26703.79, 136118435, 206
6110, 653, 0, 29, 0, 0, 4.88%, 0, 0, 3, 25899.03, 136248497, 206
6115, 653, 0, 29, 0, 0, 4.88%, 0, 0, 3, 25824.25, 136378798, 206
6120, 654, 0, 29, 0, 0, 4.88%, 0, 0, 3, 22804.84, 136491198, 206
6126, 654, 0, 29, 0, 0, 4.88%, 0, 0, 3, 23950.38, 136616349, 206
6131, 655, 25, 29, 0, 0, 4.88%, 0, 0, 3, 21621.20, 136725107, 206
6136, 656, 0, 29, 0, 0, 4.88%, 0, 0, 3, 23834.77, 136851901, 206
6141, 656, 0, 29, 0, 0, 4.88%, 0, 0, 3, 23600.11, 136969483, 206
6146, 657, 0, 29, 0, 0, 4.88%, 0, 0, 3, 23578.86, 137091753, 206
6151, 657, 8, 29, 0, 0, 4.88%, 0, 0, 3, 20519.00, 137188381, 206
6156, 658, 20, 29, 0, 0, 4.88%, 0, 0, 3, 25277.23, 137327551, 206
6161, 659, 0, 29, 0, 0, 4.88%, 0, 0, 3, 22812.29, 137437489, 206
6166, 659, 0, 29, 0, 0, 4.88%, 0, 0, 3, 25710.26, 137568804, 206
6171, 660, 0, 29, 0, 0, 4.88%, 0, 0, 3, 22035.76, 137677061, 206
6177, 660, 0, 29, 0, 0, 4.88%, 0, 0, 3, 24661.94, 137810869, 206
6182, 661, 0, 29, 0, 0, 4.88%, 0, 0, 3, 22615.78, 137920793, 206
6187, 662, 0, 29, 0, 0, 4.88%, 0, 0, 3, 22787.88, 138037092, 206
6192, 662, 0, 29, 0, 0, 4.88%, 0, 0, 3, 25301.81, 138166005, 206
6197, 663, 22, 29, 0, 0, 4.88%, 0, 0, 3, 25522.35, 138296163, 206
6202, 663, 0, 29, 0, 0, 4.88%, 0, 0, 3, 25218.14, 138419566, 206
6207, 664, 0, 29, 0, 0, 4.88%, 0, 0, 3, 24394.29, 138551253, 206
6212, 665, 0, 29, 0, 0, 4.88%, 0, 0, 3, 22772.14, 138660306, 206
6217, 665, 0, 29, 0, 0, 4.88%, 0, 0, 3, 23527.65, 138781851, 206
6222, 666, 8, 29, 0, 0, 4.88%, 0, 0, 3, 25253.69, 138905463, 206
6227, 667, 0, 29, 0, 0, 4.88%, 0, 0, 3, 22871.37, 139018221, 206
6232, 667, 0, 29, 0, 0, 4.88%, 0, 0, 3, 23559.31, 139132645, 206
6237, 668, 0, 29, 0, 0, 4.88%, 0, 0, 3, 24462.97, 139258957, 206
6243, 668, 8, 29, 0, 0, 4.88%, 0, 0, 3, 24311.68, 139381072, 206
6248, 669, 8, 29, 0, 0, 4.88%, 0, 0, 3, 23858.86, 139504469, 206
6253, 669, 0, 29, 0, 0, 4.88%, 0, 0, 3, 24342.41, 139626611, 206
6258, 670, 0, 29, 0, 0, 4.88%, 0, 0, 3, 22445.20, 139742981, 206
6263, 671, 0, 29, 0, 0, 4.88%, 0, 0, 3, 23753.67, 139857354, 206
6268, 671, 25, 29, 0, 0, 4.88%, 0, 0, 3, 22245.31, 139973840, 206
6273, 672, 0, 29, 0, 0, 4.88%, 0, 0, 3, 25391.12, 140100673, 206
6278, 672, 8, 29, 0, 0, 4.88%, 0, 0, 3, 23274.40, 140216885, 206
6283, 673, 0, 29, 0, 0, 4.88%, 0, 0, 3, 23491.56, 140337510, 206
6288, 673, 0, 29, 0, 0, 4.88%, 0, 0, 3, 22597.34, 140452406, 206
6293, 674, 8, 29, 0, 0, 4.88%, 0, 0, 3, 24811.45, 140574906, 206
6298, 674, 0, 29, 0, 0, 4.88%, 0, 0, 3, 23683.36, 140697687, 206
6304, 675, 0, 29, 0, 0, 4.88%, 0, 0, 3, 24156.18, 140819674, 206
6309, 675, 0, 29, 0, 0, 4.88%, 0, 0, 3, 26128.39, 140962151, 206
6314, 676, 26, 29, 0, 0, 4.88%, 0, 0, 3, 24696.46, 141083130, 206
6319, 676, 0, 29, 0, 0, 4.88%, 0, 0, 3, 24377.24, 141219765, 206
6324, 677, 0, 29, 0, 0, 4.88%, 0, 0, 3, 25521.47, 141350038, 206
6329, 678, 0, 29, 0, 0, 4.88%, 0, 0, 3, 21736.27, 141464371, 206
6334, 678, 0, 29, 0, 0, 4.88%, 0, 0, 3, 25042.27, 141591377, 206
6339, 679, 0, 29, 0, 0, 4.88%, 0, 0, 3, 23275.47, 141711573, 206
6344, 679, 0, 29, 0, 0, 4.88%, 0, 0, 3, 26931.42, 141843049, 206
6349, 680, 0, 29, 0, 0, 4.88%, 0, 0, 3, 22476.76, 141953933, 206
6354, 680, 0, 29, 0, 0, 4.88%, 0, 0, 3, 23450.79, 142076105, 206
6359, 681, 8, 29, 0, 0, 4.88%, 0, 0, 3, 22433.07, 142188797, 206
6364, 682, 0, 29, 0, 0, 4.88%, 0, 0, 3, 24099.11, 142311619, 206
6369, 682, 0, 29, 0, 0, 4.88%, 0, 0, 3, 23174.93, 142430790, 206
6374, 683, 25, 29, 0, 0, 4.88%, 0, 0, 3, 24357.89, 142549942, 206
6379, 684, 0, 29, 0, 0, 4.88%, 0, 0, 3, 22384.37, 142660826, 206
6384, 684, 0, 29, 0, 0, 4.88%, 0, 0, 3, 26654.07, 142796130, 206
6390, 685, 0, 29, 0, 0, 4.88%, 0, 0, 3, 21461.62, 142903119, 206
6395, 686, 25, 29, 0, 0, 4.88%, 0, 0, 3, 24565.18, 143028206, 206
6400, 686, 0, 29, 0, 0, 4.88%, 0, 0, 3, 22775.75, 143141945, 206
6405, 687, 0, 29, 0, 0, 4.88%, 0, 0, 3, 22654.58, 143255149, 206
6410, 687, 0, 29, 0, 0, 4.88%, 0, 0, 3, 22669.11, 143376797, 206
6415, 688, 0, 29, 0, 0, 4.88%, 0, 0, 3, 25469.81, 143514653, 206
6420, 688, 25, 29, 0, 0, 4.88%, 0, 0, 3, 23734.21, 143636721, 206
6425, 689, 0, 29, 0, 0, 4.88%, 0, 0, 3, 29522.44, 143785430, 206
6430, 689, 0, 29, 0, 0, 4.88%, 0, 0, 3, 25644.31, 143914476, 206
6435, 690, 0, 29, 0, 0, 4.88%, 0, 0, 3, 23936.55, 144036391, 206
6440, 691, 25, 29, 0, 0, 4.88%, 0, 0, 3, 22262.82, 144149849, 206
6445, 691, 0, 29, 0, 0, 4.88%, 0, 0, 3, 25536.81, 144286815, 206
6451, 692, 0, 29, 0, 0, 4.88%, 0, 0, 3, 22927.17, 144397581, 206
6456, 692, 0, 29, 0, 0, 4.88%, 0, 0, 3, 23419.69, 144516981, 206
6461, 693, 0, 29, 0, 0, 4.88%, 0, 0, 3, 23349.31, 144629553, 206
6466, 693, 3, 29, 0, 0, 4.88%, 0, 0, 3, 25839.82, 144767133, 206
6471, 694, 0, 29, 0, 0, 4.88%, 0, 0, 3, 22833.45, 144875306, 206
6476, 695, 0, 29, 0, 0, 4.88%, 0, 0, 3, 23063.77, 144991386, 206
6481, 695, 0, 29, 0, 0, 4.88%, 0, 0, 3, 22516.76, 145101779, 206
6486, 696, 0, 29, 0, 0, 4.88%, 0, 0, 3, 26019.96, 145232471, 206
6491, 697, 0, 29, 0, 0, 4.88%, 0, 0, 3, 24449.32, 145354491, 206
6496, 697, 25, 29, 0, 0, 4.88%, 0, 0, 3, 24973.74, 145477709, 206
6501, 698, 0, 29, 0, 0, 4.88%, 0, 0, 3, 23966.09, 145595519, 206
6506, 698, 0, 29, 0, 0, 4.88%, 0, 0, 3, 26131.03, 145741776, 206
6512, 699, 0, 29, 0, 0, 4.88%, 0, 0, 3, 21980.18, 145845727, 206
6517, 699, 0, 29, 0, 0, 4.88%, 0, 0, 3, 23276.03, 145965003, 206
6522, 700, 0, 29, 0, 0, 4.88%, 0, 0, 3, 22300.05, 146073871, 206
6527, 700, 0, 29, 0, 0, 4.88%, 0, 0, 3, 26190.23, 146205156, 206
6532, 701, 25, 29, 0, 0, 4.88%, 0, 0, 3, 22435.55, 146310721, 206
6537, 701, 0, 29, 0, 0, 4.88%, 0, 0, 3, 26198.73, 146444215, 206
6542, 702, 0, 29, 0, 0, 4.88%, 0, 0, 3, 25042.96, 146558499, 206
6547, 703, 25, 29, 0, 0, 4.88%, 0, 0, 3, 24658.98, 146689306, 206
6552, 703, 14, 29, 0, 0, 4.88%, 0, 0, 3, 24379.06, 146806295, 206
6557, 704, 0, 29, 0, 0, 4.88%, 0, 0, 3, 25416.20, 146934467, 206
6562, 705, 18, 29, 0, 0, 4.88%, 0, 0, 3, 22791.42, 147043506, 206
6567, 705, 9, 29, 0, 0, 4.88%, 0, 0, 3, 21532.97, 147156648, 206
6572, 706, 0, 29, 0, 0, 4.88%, 0, 0, 3, 23192.36, 147269860, 206
6577, 706, 15, 29, 0, 0, 4.88%, 0, 0, 3, 22301.03, 147385424, 206
6582, 707, 20, 29, 0, 0, 4.88%, 0, 0, 3, 23737.94, 147501271, 206
6587, 708, 8, 29, 0, 0, 4.88%, 0, 0, 3, 25314.15, 147635555, 206
6592, 708, 0, 29, 0, 0, 4.88%, 0, 0, 3, 22436.21, 147741261, 206
6597, 709, 0, 29, 0, 0, 4.88%, 0, 0, 3, 26538.75, 147881637, 206
6602, 710, 25, 29, 0, 0, 4.88%, 0, 0, 3, 24008.93, 147994473, 206
6608, 710, 22, 29, 0, 0, 4.88%, 0, 0, 3, 23137.69, 148116833, 206
6613, 711, 8, 29, 0, 0, 4.88%, 0, 0, 3, 24208.19, 148235415, 206
6618, 711, 0, 29, 0, 0, 4.88%, 0, 0, 3, 22619.81, 148351409, 206
6623, 712, 0, 29, 0, 0, 4.88%, 0, 0, 3, 23023.73, 148466263, 206
6628, 713, 0, 29, 0, 0, 4.88%, 0, 0, 3, 21977.49, 148584082, 206
6633, 713, 0, 29, 0, 0, 4.88%, 0, 0, 3, 23446.30, 148699767, 206
6638, 714, 0, 29, 0, 0, 4.88%, 0, 0, 3, 23819.28, 148823110, 206
6643, 714, 0, 29, 0, 0, 4.88%, 0, 0, 3, 22930.86, 148937508, 206
6648, 715, 12, 29, 0, 0, 4.88%, 0, 0, 3, 23557.23, 149064194, 206
6653, 716, 0, 29, 0, 0, 4.88%, 0, 0, 3, 22601.60, 149173207, 206
6658, 716, 0, 29, 0, 0, 4.88%, 0, 0, 3, 21376.75, 149281530, 206
6663, 717, 0, 29, 0, 0, 4.88%, 0, 0, 3, 24584.93, 149407094, 206
6668, 717, 0, 29, 0, 0, 4.88%, 0, 0, 3, 23044.20, 149523619, 206
6673, 718, 0, 29, 0, 0, 4.88%, 0, 0, 3, 24854.65, 149645409, 206
6678, 718, 0, 29, 0, 0, 4.88%, 0, 0, 3, 26579.23, 149787465, 206
6683, 719, 8, 29, 0, 0, 4.88%, 0, 0, 3, 25004.48, 149907910, 206
6688, 720, 0, 29, 0, 0, 4.88%, 0, 0, 3, 21281.51, 150013099, 206
6694, 720, 0, 29, 0, 0, 4.88%, 0, 0, 3, 24866.72, 150142703, 206
6699, 721, 10, 29, 0, 0, 4.88%, 0, 0, 3, 23056.91, 150263667, 206
6704, 721, 0, 29, 0, 0, 4.88%, 0, 0, 3, 24987.22, 150387835, 206
6709, 722, 0, 29, 0, 0, 4.88%, 0, 0, 3, 21667.99, 150497236, 206
6714, 723, 0, 29, 0, 0, 4.88%, 0, 0, 3, 25606.05, 150630179, 206
6719, 723, 0, 29, 0, 0, 4.88%, 0, 0, 3, 23804.85, 150751855, 206
6724, 724, 0, 29, 0, 0, 4.88%, 0, 0, 3, 25107.41, 150888149, 206
6729, 725, 0, 29, 0, 0, 4.88%, 0, 0, 3, 23798.33, 151010705, 206
6734, 725, 0, 29, 0, 0, 4.88%, 0, 0, 3, 23629.39, 151131959, 206
6739, 726, 0, 29, 0, 0, 4.88%, 0, 0, 3, 24265.74, 151255681, 206
6744, 726, 0, 29, 0, 0, 4.88%, 0, 0, 3, 24096.36, 151378726, 206
6749, 727, 0, 29, 0, 0, 4.88%, 0, 0, 3, 21820.17, 151490526, 206
6754, 727, 0, 29, 0, 0, 4.88%, 0, 0, 3, 23823.61, 151614283, 206
6759, 728, 0, 29, 0, 0, 4.88%, 0, 0, 3, 24499.34, 151740226, 206
6764, 728, 0, 29, 0, 0, 4.88%, 0, 0, 3, 24109.18, 151859404, 206
6769, 729, 0, 29, 0, 0, 4.88%, 0, 0, 3, 23954.25, 151986780, 206
6774, 730, 0, 29, 0, 0, 4.88%, 0, 0, 3, 27389.27, 152119759, 206
6779, 730, 0, 29, 0, 0, 4.88%, 0, 0, 3, 23630.56, 152237239, 206
6784, 731, 0, 29, 0, 0, 4.88%, 0, 0, 3, 26332.28, 152370794, 206
6789, 731, 0, 29, 0, 0, 4.88%, 0, 0, 3, 24105.84, 152490048, 206
6794, 732, 0, 29, 0, 0, 4.88%, 0, 0, 3, 27610.65, 152641909, 206
6800, 733, 0, 29, 0, 0, 4.88%, 0, 0, 3, 22706.50, 152752122, 206
6805, 733, 0, 29, 0, 0, 4.88%, 0, 0, 3, 25230.88, 152879201, 206
6810, 734, 0, 29, 0, 0, 4.88%, 0, 0, 3, 21467.75, 152980817, 206
6815, 734, 0, 29, 0, 0, 4.88%, 0, 0, 3, 27072.40, 153122323, 206
6820, 735, 25, 29, 0, 0, 4.88%, 0, 0, 3, 23445.39, 153236725, 206
6825, 736, 0, 29, 0, 0, 4.88%, 0, 0, 3, 23551.14, 153358747, 206
6830, 736, 0, 29, 0, 0, 4.88%, 0, 0, 3, 23596.49, 153482625, 206
6835, 737, 0, 29, 0, 0, 4.88%, 0, 0, 3, 26622.37, 153619197, 206
6840, 737, 0, 29, 0, 0, 4.88%, 0, 0, 3, 22588.82, 153729542, 206
6845, 738, 0, 29, 0, 0, 4.88%, 0, 0, 3, 26548.53, 153866053, 206
6850, 739, 0, 29, 0, 0, 4.88%, 0, 0, 3, 22507.20, 153977173, 206
6855, 739, 0, 29, 0, 0, 4.88%, 0, 0, 3, 25569.30, 154104643, 206
6860, 740, 0, 29, 0, 0, 4.88%, 0, 0, 3, 23185.47, 154220955, 206
6865, 740, 0, 29, 0, 0, 4.88%, 0, 0, 3, 25095.01, 154351703, 206
6870, 741, 0, 29, 0, 0, 4.88%, 0, 0, 3, 22306.63, 154463843, 206
6875, 741, 0, 29, 0, 0, 4.88%, 0, 0, 3, 26063.34, 154598643, 206
6880, 742, 0, 29, 0, 0, 4.88%, 0, 0, 3, 23553.07, 154716780, 206
6885, 743, 0, 29, 0, 0, 4.88%, 0, 0, 3, 25261.29, 154848913, 206
6890, 743, 0, 29, 0, 0, 4.88%, 0, 0, 3, 23097.03, 154968152, 206
6895, 744, 8, 29, 0, 0, 4.88%, 0, 0, 3, 25446.41, 155098495, 206
6900, 744, 4, 29, 0, 0, 4.88%, 0, 0, 3, 23189.14, 155211110, 206
6906, 745, 0, 29, 0, 0, 4.88%, 0, 0, 3, 24643.48, 155341779, 206
6911, 745, 20, 29, 0, 0, 4.88%, 0, 0, 3, 22755.90, 155453103, 206
6916, 746, 0, 29, 0, 0, 4.88%, 0, 0, 3, 23747.67, 155573233, 206
6921, 747, 0, 29, 0, 0, 4.88%, 0, 0, 3, 22777.50, 155688475, 206
6926, 747, 0, 29, 0, 0, 4.88%, 0, 0, 3, 25727.71, 155819247, 206
6931, 748, 15, 29, 0, 0, 4.88%, 0, 0, 3, 21549.34, 155922227, 206
6936, 748, 0, 29, 0, 0, 4.88%, 0, 0, 3, 22905.33, 156042921, 206
6941, 749, 8, 29, 0, 0, 4.88%, 0, 0, 3, 23353.89, 156158193, 206
6946, 750, 0, 29, 0, 0, 4.88%, 0, 0, 3, 27975.33, 156307807, 206
6951, 750, 0, 29, 0, 0, 4.88%, 0, 0, 3, 22582.13, 156415753, 206
6956, 751, 0, 29, 0, 0, 4.88%, 0, 0, 3, 27160.85, 156556875, 206
6961, 752, 0, 29, 0, 0, 4.88%, 0, 0, 3, 24118.45, 156675181, 206
6966, 752, 0, 29, 0, 0, 4.88%, 0, 0, 3, 27039.43, 156814921, 206
6971, 753, 0, 29, 0, 0, 4.88%, 0, 0, 3, 24301.43, 156927388, 206
6976, 753, 8, 29, 0, 0, 4.88%, 0, 0, 3, 24682.85, 157049323, 206
6981, 754, 14, 29, 0, 0, 4.88%, 0, 0, 3, 24386.93, 157165916, 206
6987, 754, 0, 29, 0, 0, 4.88%, 0, 0, 3, 24943.82, 157290441, 206
6992, 755, 0, 29, 0, 0, 4.88%, 0, 0, 3, 25580.66, 157411566, 206
6997, 755, 25, 29, 0, 0, 4.88%, 0, 0, 3, 29145.30, 157554857, 206
7002, 756, 0, 29, 0, 0, 4.88%, 0, 0, 3, 24835.87, 157675335, 206
7007, 757, 0, 29, 0, 0, 4.88%, 0, 0, 3, 25739.65, 157806551, 206
7012, 757, 0, 29, 0, 0, 4.88%, 0, 0, 3, 23805.81, 157921411, 206
7017, 758, 17, 29, 0, 0, 4.88%, 0, 0, 3, 25268.08, 158046289, 206
7022, 758, 0, 29, 0, 0, 4.88%, 0, 0, 3, 25787.54, 158170835, 206
7027, 759, 0, 29, 0, 0, 4.88%, 0, 0, 3, 26083.18, 158297862, 206
7032, 760, 0, 29, 0, 0, 4.88%, 0, 0, 3, 23788.82, 158412009, 206
7037, 760, 12, 29, 0, 0, 4.88%, 0, 0, 3, 26164.14, 158558851, 206
7042, 761, 0, 29, 0, 0, 4.88%, 0, 0, 3, 25992.72, 158679411, 206
7047, 761, 25, 29, 0, 0, 4.88%, 0, 0, 3, 24167.63, 158806539, 206
7052, 762, 0, 29, 0, 0, 4.88%, 0, 0, 3, 23916.88, 158923055, 206
7057, 762, 0, 29, 0, 0, 4.88%, 0, 0, 3, 24513.37, 159054246, 206
7062, 763, 25, 29, 0, 0, 4.88%, 0, 0, 3, 24428.63, 159176901, 206
7067, 763, 0, 29, 0, 0, 4.88%, 0, 0, 3, 23721.62, 159297561, 206
7072, 764, 0, 29, 0, 0, 4.88%, 0, 0, 3, 24593.65, 159419851, 206
7078, 765, 0, 29, 0, 0, 4.88%, 0, 0, 3, 24799.81, 159549239, 206
7083, 765, 15, 29, 0, 0, 4.88%, 0, 0, 3, 26852.70, 159684666, 206
7088, 766, 0, 29, 0, 0, 4.88%, 0, 0, 3, 24432.30, 159809765, 206
7093, 766, 0, 29, 0, 0, 4.88%, 0, 0, 3, 28002.11, 159952381, 206
7098, 767, 0, 29, 0, 0, 4.88%, 0, 0, 3, 24955.34, 160083232, 206
7103, 767, 0, 29, 0, 0, 4.88%, 0, 0, 3, 23663.30, 160199103, 206
7108, 768, 0, 29, 0, 0, 4.88%, 0, 0, 3, 22547.73, 160317554, 206
7113, 769, 26, 29, 0, 0, 4.88%, 0, 0, 3, 22227.60, 160426554, 206
7118, 769, 0, 29, 0, 0, 4.88%, 0, 0, 3, 22821.13, 160543919, 206
7123, 770, 8, 29, 0, 0, 4.88%, 0, 0, 3, 23841.11, 160661328, 206
7128, 771, 0, 29, 0, 0, 4.88%, 0, 0, 3, 24158.55, 160788229, 206
7133, 771, 0, 29, 0, 0, 4.88%, 0, 0, 3, 24162.74, 160909641, 206
7138, 772, 0, 29, 0, 0, 4.88%, 0, 0, 3, 23345.83, 161037539, 206
7143, 772, 25, 29, 0, 0, 4.88%, 0, 0, 3, 24137.66, 161159041, 206
7148, 773, 0, 29, 0, 0, 4.88%, 0, 0, 3, 21952.37, 161270660, 206
7153, 773, 0, 29, 0, 0, 4.88%, 0, 0, 3, 23856.17, 161388733, 206
7158, 774, 0, 29, 0, 0, 4.88%, 0, 0, 3, 22806.05, 161507737, 206
7163, 775, 0, 29, 0, 0, 4.88%, 0, 0, 3, 24026.76, 161631614, 206
7169, 775, 0, 29, 0, 0, 4.88%, 0, 0, 3, 21727.80, 161740281, 206
7174, 776, 0, 29, 0, 0, 4.88%, 0, 0, 3, 23961.20, 161862083, 206
7179, 777, 0, 29, 0, 0, 4.88%, 0, 0, 3, 21884.74, 161972107, 206
7184, 777, 0, 29, 0, 0, 4.88%, 0, 0, 3, 24483.03, 162097634, 206
7189, 778, 0, 29, 0, 0, 4.88%, 0, 0, 3, 22339.30, 162208883, 206
7194, 778, 0, 29, 0, 0, 4.88%, 0, 0, 3, 24115.70, 162332412, 206
7199, 779, 0, 29, 0, 0, 4.88%, 0, 0, 3, 23536.39, 162452984, 206
7200, 779, 0, 29, 0, 0, 4.88%, 0, 0, 3, 23371.72, 162467586, 206
