# relative_time, cycles_done, cur_item, corpus_count, pending_total, pending_favs, map_size, saved_crashes, saved_hangs, max_depth, execs_per_sec, total_execs, edges_found
60, 0, 214, 260, 220, 2, 8.74%, 0, 0, 6, 13464.40, 1251686, 430
65, 0, 19, 265, 220, 0, 8.74%, 0, 0, 7, 19460.88, 1342332, 430
70, 0, 68, 266, 220, 0, 8.74%, 0, 0, 7, 27604.71, 1493230, 430
75, 0, 206, 269, 220, 0, 8.74%, 0, 0, 7, 29917.86, 1645673, 430
81, 0, 0, 272, 221, 0, 8.74%, 0, 0, 7, 27112.68, 1778735, 430
86, 0, 233, 279, 228, 0, 8.74%, 0, 0, 7, 20606.92, 1878078, 430
91, 0, 0, 283, 230, 0, 8.74%, 0, 0, 7, 28046.20, 2026030, 430
96, 0, 143, 283, 229, 0, 8.74%, 0, 0, 7, 23203.81, 2140188, 430
101, 0, 0, 284, 229, 0, 8.74%, 0, 0, 7, 21261.63, 2242756, 430
106, 0, 0, 284, 228, 0, 8.74%, 0, 0, 7, 24033.37, 2365374, 430
111, 0, 221, 285, 228, 0, 8.74%, 0, 0, 7, 16689.60, 2454618, 430
116, 0, 63, 286, 226, 0, 8.74%, 0, 0, 7, 19721.94, 2555422, 430
121, 0, 68, 287, 225, 0, 8.74%, 0, 0, 7, 24079.29, 2682580, 430
127, 0, 232, 288, 225, 0, 8.74%, 0, 0, 7, 18756.22, 2780994, 430
132, 0, 207, 290, 221, 0, 8.74%, 0, 0, 7, 25393.89, 2916828, 430
137, 0, 170, 290, 216, 0, 8.74%, 0, 0, 7, 22355.08, 3035553, 430
142, 0, 92, 291, 213, 0, 8.74%, 0, 0, 7, 22877.30, 3146547, 430
147, 0, 277, 295, 215, 0, 8.74%, 0, 0, 7, 22110.83, 3268342, 430
152, 0, 277, 298, 218, 0, 8.74%, 0, 0, 7, 15014.45, 3333566, 430
157, 0, 277, 298, 218, 0, 8.74%, 0, 0, 7, 12918.71, 3391896, 430
162, 0, 47, 298, 216, 0, 8.74%, 0, 0, 7, 26807.86, 3548402, 430
167, 0, 162, 298, 215, 0, 8.74%, 0, 0, 7, 24705.06, 3677869, 430
172, 1, 296, 301, 212, 0, 8.74%, 0, 0, 7, 5314.18, 3755346, 430
177, 1, 296, 302, 213, 0, 8.74%, 0, 0, 7, 7314.96, 3794997, 430
182, 1, 296, 303, 214, 0, 8.74%, 0, 0, 7, 8024.48, 3836170, 430
188, 1, 296, 304, 215, 0, 8.74%, 0, 0, 7, 7940.42, 3876890, 430
193, 1, 304, 305, 215, 0, 8.74%, 0, 0, 7, 13425.58, 3941262, 430
198, 1, 299, 306, 214, 0, 8.74%, 0, 0, 7, 9571.55, 3983583, 430
203, 1, 295, 307, 212, 0, 8.74%, 0, 0, 7, 16110.58, 4081321, 430
208, 1, 0, 313, 213, 0, 8.74%, 0, 0, 7, 21423.53, 4183034, 430
213, 1, 284, 317, 213, 0, 8.74%, 0, 0, 7, 17487.83, 4260340, 430
218, 1, 263, 318, 209, 0, 8.74%, 0, 0, 7, 16412.08, 4339678, 430
223, 1, 8, 320, 204, 0, 8.74%, 0, 0, 7, 18229.39, 4418025, 430
228, 1, 19, 322, 202, 0, 8.74%, 0, 0, 7, 14764.51, 4480327, 430
233, 1, 318, 322, 197, 0, 8.74%, 0, 0, 7, 15665.38, 4558914, 430
239, 1, 307, 322, 189, 0, 8.74%, 0, 0, 7, 17020.86, 4648286, 430
244, 1, 47, 322, 185, 0, 8.74%, 0, 0, 7, 15414.97, 4714674, 430
249, 1, 303, 323, 183, 0, 8.74%, 0, 0, 7, 12337.16, 4786917, 430
254, 1, 292, 323, 177, 0, 8.74%, 0, 0, 7, 12607.88, 4846399, 430
259, 1, 97, 323, 169, 0, 8.74%, 0, 0, 7, 18198.89, 4941027, 430
264, 1, 301, 324, 165, 0, 8.74%, 0, 0, 7, 15795.00, 5023532, 430
269, 1, 219, 325, 163, 0, 8.74%, 0, 0, 7, 14133.27, 5086076, 430
274, 1, 260, 327, 160, 0, 8.74%, 0, 0, 7, 17002.26, 5173486, 430
280, 1, 0, 327, 153, 0, 8.74%, 0, 0, 7, 17305.53, 5256933, 430
285, 1, 269, 328, 153, 0, 8.74%, 0, 0, 7, 16938.46, 5347753, 430
290, 1, 169, 328, 148, 0, 8.74%, 0, 0, 7, 16736.50, 5425255, 430
295, 1, 0, 328, 144, 0, 8.74%, 0, 0, 7, 21276.05, 5533377, 430
300, 1, 156, 328, 140, 0, 8.74%, 0, 0, 7, 23006.24, 5648346, 430
305, 1, 8, 329, 136, 0, 8.74%, 0, 0, 7, 20994.96, 5754758, 430
310, 1, 92, 330, 135, 0, 8.74%, 0, 0, 8, 13265.45, 5805914, 430
315, 1, 33, 330, 128, 0, 8.74%, 0, 0, 8, 17907.79, 5909267, 430
320, 1, 329, 330, 125, 0, 8.74%, 0, 0, 8, 14989.04, 5991995, 430
325, 1, 271, 330, 120, 0, 8.74%, 0, 0, 8, 16229.74, 6076860, 430
330, 1, 322, 330, 115, 0, 8.74%, 0, 0, 8, 16454.06, 6159580, 430
335, 1, 159, 330, 113, 0, 8.74%, 0, 0, 8, 15317.02, 6230378, 430
340, 1, 294, 330, 107, 0, 8.74%, 0, 0, 8, 21101.83, 6336586, 430
346, 1, 213, 330, 106, 0, 8.74%, 0, 0, 8, 15020.17, 6413369, 430
351, 1, 324, 330, 100, 0, 8.74%, 0, 0, 8, 3479.95, 6505801, 430
356, 1, 94, 330, 98, 0, 8.74%, 0, 0, 8, 24791.87, 6571341, 430
361, 1, 94, 330, 94, 0, 8.74%, 0, 0, 8, 22208.38, 6672621, 430
366, 2, 301, 358, 117, 0, 8.74%, 0, 0, 8, 17381.04, 6749674, 430
371, 2, 347, 358, 116, 0, 8.74%, 0, 0, 8, 17015.72, 6830146, 430
376, 2, 47, 358, 112, 0, 8.74%, 0, 0, 8, 19241.06, 6941764, 430
381, 2, 175, 358, 107, 0, 8.74%, 0, 0, 8, 19334.91, 7045541, 430
387, 2, 353, 358, 104, 0, 8.74%, 0, 0, 8, 6090.50, 7104535, 430
392, 2, 47, 358, 102, 0, 8.74%, 0, 0, 8, 21739.49, 7224195, 430
397, 2, 322, 358, 102, 0, 8.74%, 0, 0, 8, 18179.59, 7326436, 430
402, 2, 350, 358, 101, 0, 8.74%, 0, 0, 8, 1778.08, 7370961, 430
407, 2, 92, 358, 99, 0, 8.74%, 0, 0, 8, 13200.53, 7430233, 430
412, 2, 0, 358, 98, 0, 8.74%, 0, 0, 8, 21638.09, 7553306, 430
417, 2, 47, 358, 95, 0, 8.74%, 0, 0, 8, 17926.77, 7648172, 430
423, 2, 356, 358, 91, 0, 8.74%, 0, 0, 8, 11320.20, 7751363, 430
428, 2, 37, 358, 90, 0, 8.74%, 0, 0, 8, 17679.94, 7835190, 430
433, 2, 298, 358, 87, 0, 8.74%, 0, 0, 8, 15457.19, 7923559, 430
438, 2, 28, 358, 85, 0, 8.74%, 0, 0, 8, 19253.97, 8024073, 430
443, 2, 354, 358, 85, 0, 8.74%, 0, 0, 8, 11367.66, 8137534, 430
448, 2, 321, 358, 83, 0, 8.74%, 0, 0, 8, 16440.63, 8216004, 430
453, 2, 0, 358, 82, 0, 8.74%, 0, 0, 8, 13849.90, 8292787, 430
459, 2, 300, 358, 82, 0, 8.74%, 0, 0, 8, 10354.77, 8350390, 430
464, 2, 193, 358, 79, 0, 8.74%, 0, 0, 8, 16905.19, 8441457, 430
469, 2, 323, 358, 76, 0, 8.74%, 0, 0, 8, 18758.13, 8538764, 430
474, 2, 0, 358, 76, 0, 8.74%, 0, 0, 8, 23501.92, 8658575, 430
479, 2, 290, 358, 75, 0, 8.74%, 0, 0, 8, 14672.57, 8735120, 430
484, 2, 344, 358, 75, 0, 8.74%, 0, 0, 8, 16566.31, 8812156, 430
489, 2, 266, 358, 74, 0, 8.74%, 0, 0, 8, 18598.85, 8896651, 430
494, 2, 103, 358, 72, 0, 8.74%, 0, 0, 8, 8842.92, 8961581, 430
500, 2, 215, 358, 69, 0, 8.74%, 0, 0, 8, 16053.38, 9065120, 430
505, 2, 63, 358, 66, 0, 8.74%, 0, 0, 8, 17893.03, 9147202, 430
510, 2, 329, 358, 65, 0, 8.74%, 0, 0, 8, 13235.32, 9217292, 430
515, 2, 122, 358, 61, 0, 8.74%, 0, 0, 8, 19521.45, 9327275, 430
520, 2, 296, 358, 60, 0, 8.74%, 0, 0, 8, 14796.42, 9399637, 430
525, 2, 355, 358, 58, 0, 8.74%, 0, 0, 8, 12316.90, 9460327, 430
530, 2, 94, 358, 57, 0, 8.74%, 0, 0, 8, 17628.56, 9538198, 430
535, 2, 195, 358, 53, 0, 8.74%, 0, 0, 8, 23608.70, 9659292, 430
540, 3, 92, 358, 49, 0, 8.74%, 0, 0, 8, 19438.73, 9747484, 430
545, 3, 0, 358, 48, 0, 8.74%, 0, 0, 8, 19030.36, 9837076, 430
550, 3, 248, 358, 46, 0, 8.74%, 0, 0, 8, 17065.90, 9924181, 430
555, 3, 0, 358, 46, 0, 8.74%, 0, 0, 8, 21050.95, 10037305, 430
561, 3, 47, 358, 46, 0, 8.74%, 0, 0, 8, 21685.71, 10131460, 430
566, 3, 0, 358, 46, 0, 8.74%, 0, 0, 8, 18439.12, 10221289, 430
571, 3, 63, 358, 44, 0, 8.74%, 0, 0, 8, 18822.14, 10315910, 430
576, 3, 217, 358, 44, 0, 8.74%, 0, 0, 8, 19437.23, 10418453, 430
581, 3, 0, 358, 42, 0, 8.74%, 0, 0, 8, 21354.34, 10525587, 430
586, 3, 47, 358, 41, 0, 8.74%, 0, 0, 8, 23298.47, 10655179, 430
591, 3, 352, 358, 41, 0, 8.74%, 0, 0, 8, 1870.29, 10756252, 430
596, 3, 352, 359, 42, 0, 8.74%, 0, 0, 8, 8891.52, 10812611, 430
602, 3, 245, 359, 40, 0, 8.74%, 0, 0, 8, 19508.80, 10928909, 430
607, 3, 47, 359, 38, 0, 8.74%, 0, 0, 8, 19592.63, 11036486, 430
612, 3, 0, 359, 38, 0, 8.74%, 0, 0, 8, 19800.17, 11127684, 430
617, 3, 47, 359, 37, 0, 8.74%, 0, 0, 8, 15539.82, 11215846, 430
622, 3, 0, 359, 36, 0, 8.74%, 0, 0, 8, 18464.47, 11311985, 430
627, 3, 143, 359, 34, 0, 8.74%, 0, 0, 8, 21655.44, 11431044, 430
632, 3, 218, 359, 33, 0, 8.74%, 0, 0, 8, 17712.12, 11524254, 430
637, 3, 358, 359, 31, 0, 8.74%, 0, 0, 8, 1679.34, 11614318, 430
643, 3, 267, 359, 30, 0, 8.74%, 0, 0, 8, 10559.42, 11665949, 430
648, 3, 207, 359, 29, 0, 8.74%, 0, 0, 8, 24500.21, 11806308, 430
653, 3, 195, 359, 28, 0, 8.74%, 0, 0, 8, 25405.04, 11936806, 430
658, 3, 19, 359, 27, 0, 8.74%, 0, 0, 8, 20347.54, 12024582, 430
663, 3, 94, 359, 26, 0, 8.74%, 0, 0, 8, 17188.51, 12109723, 430
668, 3, 0, 359, 26, 0, 8.74%, 0, 0, 8, 22421.59, 12231845, 430
673, 3, 193, 359, 25, 0, 8.74%, 0, 0, 8, 24413.26, 12355930, 430
678, 3, 212, 359, 25, 0, 8.74%, 0, 0, 8, 22344.55, 12475092, 430
683, 3, 0, 359, 23, 0, 8.74%, 0, 0, 8, 25007.56, 12588606, 430
688, 3, 277, 359, 23, 0, 8.74%, 0, 0, 8, 19293.28, 12670039, 430
693, 3, 143, 359, 23, 0, 8.74%, 0, 0, 8, 25163.64, 12808657, 430
699, 3, 358, 359, 22, 0, 8.74%, 0, 0, 8, 14412.47, 12877075, 430
704, 3, 0, 359, 21, 0, 8.74%, 0, 0, 8, 20162.14, 12979091, 430
709, 4, 420, 432, 93, 11, 9.25%, 0, 0, 8, 22245.83, 13096093, 455
714, 4, 409, 437, 96, 9, 9.25%, 0, 0, 8, 21350.75, 13206020, 455
719, 4, 409, 440, 99, 9, 9.25%, 0, 0, 8, 19503.22, 13302386, 455
724, 4, 356, 443, 98, 6, 9.25%, 0, 0, 8, 17449.93, 13401053, 455
729, 4, 415, 449, 103, 5, 9.25%, 0, 0, 8, 20667.56, 13505658, 455
734, 4, 366, 449, 101, 3, 9.25%, 0, 0, 8, 4965.37, 13621538, 455
737, 4, 450, 451, 99, 3, 9.45%, 2, 0, 8, 21199.56, 13660256, 465
