# relative_time, cycles_done, cur_item, corpus_count, pending_total, pending_favs, map_size, saved_crashes, saved_hangs, max_depth, execs_per_sec, total_execs, edges_found
61, 0, 97, 265, 224, 0, 8.74%, 0, 0, 4, 20700.56, 1122116, 430
66, 0, 21, 266, 223, 0, 8.74%, 0, 0, 4, 23957.30, 1252751, 430
71, 0, 263, 272, 228, 0, 8.74%, 0, 0, 4, 25181.38, 1382001, 430
76, 1, 23, 272, 227, 0, 8.74%, 0, 0, 4, 22494.81, 1492028, 430
81, 1, 142, 273, 226, 0, 8.74%, 0, 0, 4, 21923.20, 1605348, 430
86, 1, 93, 275, 226, 0, 8.74%, 0, 0, 4, 21843.36, 1713682, 430
91, 1, 18, 276, 223, 0, 8.74%, 0, 0, 4, 19404.96, 1811536, 430
96, 1, 18, 276, 220, 0, 8.74%, 0, 0, 4, 17777.69, 1906858, 430
101, 1, 26, 277, 220, 0, 8.74%, 0, 0, 4, 20682.95, 2006245, 430
107, 1, 93, 277, 218, 0, 8.74%, 0, 0, 4, 20425.02, 2118398, 430
112, 1, 93, 277, 216, 0, 8.74%, 0, 0, 4, 18606.67, 2215086, 430
117, 2, 21, 309, 247, 0, 8.74%, 0, 0, 4, 21079.86, 2327990, 430
122, 2, 23, 309, 246, 0, 8.74%, 0, 0, 4, 14934.88, 2389477, 430
127, 2, 21, 310, 246, 0, 8.74%, 0, 0, 5, 21330.91, 2501069, 430
132, 2, 93, 310, 245, 0, 8.74%, 0, 0, 5, 19929.06, 2604505, 430
137, 2, 288, 310, 242, 0, 8.74%, 0, 0, 5, 24481.10, 2736118, 430
143, 2, 97, 310, 240, 0, 8.74%, 0, 0, 5, 20211.32, 2838156, 430
148, 2, 21, 310, 238, 0, 8.74%, 0, 0, 5, 25512.21, 2974708, 430
153, 2, 21, 310, 238, 0, 8.74%, 0, 0, 5, 19906.09, 3063187, 430
158, 2, 129, 310, 237, 0, 8.74%, 0, 0, 5, 23895.96, 3188951, 430
163, 3, 21, 322, 247, 0, 8.74%, 0, 0, 5, 20979.32, 3295877, 430
168, 3, 26, 322, 241, 0, 8.74%, 0, 0, 5, 24335.97, 3417976, 430
173, 3, 112, 322, 241, 0, 8.74%, 0, 0, 5, 19933.90, 3516032, 430
179, 3, 21, 323, 240, 0, 8.74%, 0, 0, 5, 21051.41, 3622450, 430
184, 3, 21, 323, 240, 0, 8.74%, 0, 0, 5, 20243.04, 3726279, 430
189, 3, 67, 323, 238, 0, 8.74%, 0, 0, 5, 22003.51, 3846853, 430
194, 3, 21, 323, 236, 0, 8.74%, 0, 0, 5, 22751.60, 3964081, 430
199, 3, 93, 323, 235, 0, 8.74%, 0, 0, 5, 20970.35, 4062845, 430
204, 3, 97, 323, 235, 0, 8.74%, 0, 0, 5, 20902.26, 4164038, 430
209, 3, 93, 323, 232, 0, 8.74%, 0, 0, 5, 19624.44, 4265685, 430
214, 4, 18, 336, 245, 0, 8.74%, 0, 0, 5, 15637.44, 4344304, 430
220, 4, 21, 336, 244, 0, 8.74%, 0, 0, 5, 17107.67, 4433611, 430
225, 4, 26, 336, 244, 0, 8.74%, 0, 0, 5, 18786.94, 4531160, 430
230, 4, 23, 336, 243, 0, 8.74%, 0, 0, 5, 18422.16, 4625858, 430
235, 4, 142, 336, 243, 0, 8.74%, 0, 0, 5, 20192.28, 4727681, 430
240, 4, 21, 336, 241, 0, 8.74%, 0, 0, 5, 21451.60, 4842323, 430
245, 4, 23, 336, 240, 0, 8.74%, 0, 0, 5, 21421.60, 4946769, 430
250, 4, 142, 336, 239, 0, 8.74%, 0, 0, 5, 21695.91, 5059632, 430
255, 4, 234, 336, 238, 0, 8.74%, 0, 0, 5, 22331.14, 5166867, 430
260, 4, 23, 336, 237, 0, 8.74%, 0, 0, 5, 19080.40, 5264502, 430
266, 4, 23, 336, 236, 0, 8.74%, 0, 0, 5, 23314.48, 5387715, 430
271, 4, 85, 336, 235, 0, 8.74%, 0, 0, 5, 19474.04, 5488446, 430
276, 5, 21, 339, 238, 0, 8.74%, 0, 0, 5, 17217.95, 5579130, 430
281, 5, 23, 339, 238, 0, 8.74%, 0, 0, 5, 17702.85, 5675011, 430
286, 5, 23, 339, 237, 0, 8.74%, 0, 0, 5, 20338.50, 5784493, 430
292, 5, 21, 339, 236, 0, 8.74%, 0, 0, 5, 19052.85, 5884251, 430
297, 5, 26, 339, 234, 0, 8.74%, 0, 0, 5, 20755.65, 5992473, 430
302, 5, 61, 339, 233, 0, 8.74%, 0, 0, 5, 18706.75, 6087380, 430
307, 5, 23, 339, 232, 0, 8.74%, 0, 0, 5, 22739.11, 6219627, 430
312, 5, 93, 339, 232, 0, 8.74%, 0, 0, 5, 21692.46, 6331589, 430
317, 5, 18, 340, 230, 0, 8.74%, 0, 0, 5, 23449.07, 6455381, 430
322, 5, 23, 340, 229, 0, 8.74%, 0, 0, 5, 19219.12, 6549117, 430
327, 5, 52, 340, 225, 0, 8.74%, 0, 0, 5, 23138.18, 6669293, 430
332, 6, 83, 340, 225, 0, 8.74%, 0, 0, 5, 19339.37, 6761716, 430
337, 6, 23, 340, 224, 0, 8.74%, 0, 0, 5, 21732.84, 6868005, 430
342, 6, 21, 340, 223, 0, 8.74%, 0, 0, 5, 20040.46, 6970484, 430
347, 6, 142, 340, 221, 0, 8.74%, 0, 0, 5, 20338.10, 7075657, 430
353, 6, 234, 340, 221, 0, 8.74%, 0, 0, 5, 22288.21, 7191275, 430
358, 6, 21, 340, 218, 0, 8.74%, 0, 0, 5, 23548.60, 7314533, 430
363, 6, 21, 340, 217, 0, 8.74%, 0, 0, 5, 19586.28, 7406511, 430
368, 6, 23, 340, 215, 0, 8.74%, 0, 0, 5, 19058.33, 7500139, 430
373, 6, 21, 340, 215, 0, 8.74%, 0, 0, 5, 18251.06, 7591424, 430
378, 6, 75, 340, 214, 0, 8.74%, 0, 0, 5, 21590.47, 7702535, 430
383, 6, 21, 340, 211, 0, 8.74%, 0, 0, 5, 19886.77, 7799040, 430
388, 7, 21, 340, 210, 0, 8.74%, 0, 0, 5, 20810.20, 7910536, 430
393, 7, 97, 340, 208, 0, 8.74%, 0, 0, 5, 18491.18, 7997832, 430
399, 7, 23, 340, 208, 0, 8.74%, 0, 0, 5, 21790.69, 8110691, 430
404, 7, 230, 340, 207, 0, 8.74%, 0, 0, 5, 19488.52, 8211973, 430
409, 7, 21, 340, 204, 0, 8.74%, 0, 0, 5, 20413.36, 8318975, 430
414, 7, 21, 340, 204, 0, 8.74%, 0, 0, 5, 20850.03, 8423601, 430
419, 7, 21, 340, 203, 0, 8.74%, 0, 0, 5, 23614.05, 8544192, 430
424, 7, 23, 340, 203, 0, 8.74%, 0, 0, 5, 23200.70, 8655050, 430
429, 7, 18, 340, 201, 0, 8.74%, 0, 0, 5, 23316.17, 8772052, 430
435, 7, 18, 340, 200, 0, 8.74%, 0, 0, 5, 23290.40, 8885994, 430
440, 7, 97, 340, 198, 0, 8.74%, 0, 0, 5, 21683.71, 8997011, 430
445, 7, 23, 340, 198, 0, 8.74%, 0, 0, 5, 21322.70, 9099309, 430
450, 8, 26, 340, 197, 0, 8.74%, 0, 0, 5, 20110.35, 9214175, 430
455, 8, 18, 340, 197, 0, 8.74%, 0, 0, 5, 18277.01, 9299166, 430
460, 8, 167, 340, 197, 0, 8.74%, 0, 0, 5, 19256.48, 9391288, 430
465, 8, 81, 340, 197, 0, 8.74%, 0, 0, 5, 20056.40, 9489240, 430
470, 8, 66, 340, 197, 0, 8.74%, 0, 0, 5, 19284.25, 9585727, 430
475, 8, 81, 340, 196, 0, 8.74%, 0, 0, 5, 13013.32, 9645536, 430
480, 8, 23, 340, 195, 0, 8.74%, 0, 0, 5, 17984.66, 9734622, 430
485, 8, 23, 340, 195, 0, 8.74%, 0, 0, 5, 20243.73, 9844686, 430
490, 8, 237, 340, 194, 0, 8.74%, 0, 0, 5, 22182.56, 9958808, 430
495, 8, 230, 340, 192, 0, 8.74%, 0, 0, 5, 21269.17, 10063391, 430
501, 8, 21, 340, 190, 0, 8.74%, 0, 0, 5, 18050.80, 10157580, 430
506, 8, 46, 340, 189, 0, 8.74%, 0, 0, 5, 20520.63, 10261903, 430
511, 9, 97, 340, 187, 0, 8.74%, 0, 0, 5, 19311.74, 10368896, 430
516, 9, 21, 340, 187, 0, 8.74%, 0, 0, 5, 16858.65, 10453988, 430
521, 9, 26, 340, 186, 0, 8.74%, 0, 0, 5, 15753.00, 10531514, 430
526, 9, 21, 340, 184, 0, 8.74%, 0, 0, 5, 14243.47, 10598856, 430
531, 9, 23, 340, 183, 0, 8.74%, 0, 0, 5, 19073.67, 10707888, 430
537, 9, 21, 340, 180, 0, 8.74%, 0, 0, 5, 19544.50, 10808971, 430
542, 9, 21, 340, 180, 0, 8.74%, 0, 0, 5, 17841.16, 10905747, 430
547, 9, 230, 340, 179, 0, 8.74%, 0, 0, 5, 22241.50, 11022353, 430
552, 9, 93, 340, 177, 0, 8.74%, 0, 0, 5, 18604.05, 11116469, 430
557, 9, 85, 340, 177, 0, 8.74%, 0, 0, 5, 20603.12, 11225738, 430
562, 9, 23, 340, 177, 0, 8.74%, 0, 0, 5, 19739.70, 11327749, 430
568, 9, 93, 340, 177, 0, 8.74%, 0, 0, 5, 22095.40, 11445015, 430
573, 10, 26, 352, 188, 0, 8.74%, 0, 0, 5, 18952.28, 11533901, 430
578, 10, 143, 352, 188, 0, 8.74%, 0, 0, 5, 23251.56, 11658923, 430
583, 10, 190, 352, 188, 0, 8.74%, 0, 0, 5, 22478.76, 11777696, 430
588, 10, 93, 352, 186, 0, 8.74%, 0, 0, 5, 25961.07, 11908810, 430
593, 10, 26, 352, 185, 0, 8.74%, 0, 0, 5, 22949.69, 12025881, 430
599, 10, 21, 352, 184, 0, 8.74%, 0, 0, 5, 23449.77, 12145117, 430
604, 10, 21, 352, 183, 0, 8.74%, 0, 0, 5, 20568.15, 12245958, 430
609, 10, 93, 352, 183, 0, 8.74%, 0, 0, 5, 22434.50, 12362456, 430
614, 10, 18, 352, 183, 0, 8.74%, 0, 0, 5, 21662.79, 12470713, 430
619, 10, 18, 352, 181, 0, 8.74%, 0, 0, 5, 20735.94, 12573564, 430
624, 10, 230, 352, 181, 0, 8.74%, 0, 0, 5, 23672.73, 12696691, 430
629, 10, 21, 352, 180, 0, 8.74%, 0, 0, 5, 20757.53, 12802233, 430
634, 10, 97, 352, 179, 0, 8.74%, 0, 0, 5, 19740.92, 12898540, 430
640, 10, 21, 352, 179, 0, 8.74%, 0, 0, 5, 23736.40, 13025110, 430
645, 10, 23, 352, 179, 0, 8.74%, 0, 0, 5, 22038.90, 13127337, 430
650, 10, 230, 352, 178, 0, 8.74%, 0, 0, 5, 22099.72, 13236892, 430
655, 11, 18, 352, 176, 0, 8.74%, 0, 0, 5, 21298.54, 13333836, 430
660, 11, 75, 352, 176, 0, 8.74%, 0, 0, 5, 22382.42, 13459752, 430
665, 11, 230, 352, 176, 0, 8.74%, 0, 0, 5, 24226.65, 13576038, 430
670, 11, 21, 352, 175, 0, 8.74%, 0, 0, 5, 23582.70, 13697885, 430
675, 11, 132, 352, 174, 0, 8.74%, 0, 0, 5, 22714.46, 13809076, 430
680, 11, 21, 352, 173, 0, 8.74%, 0, 0, 5, 22078.12, 13922771, 430
685, 11, 21, 352, 173, 0, 8.74%, 0, 0, 5, 23625.95, 14040461, 430
691, 11, 61, 352, 173, 0, 8.74%, 0, 0, 5, 21634.48, 14147653, 430
696, 11, 9, 353, 173, 0, 8.74%, 0, 0, 5, 20777.40, 14246822, 430
701, 11, 18, 353, 173, 0, 8.74%, 0, 0, 5, 22084.53, 14367532, 430
706, 11, 230, 353, 171, 0, 8.74%, 0, 0, 5, 21883.84, 14469694, 430
711, 11, 230, 353, 170, 0, 8.74%, 0, 0, 5, 21550.34, 14582708, 430
716, 11, 213, 353, 170, 0, 8.74%, 0, 0, 5, 23699.24, 14702463, 430
721, 11, 155, 353, 168, 0, 8.74%, 0, 0, 5, 20754.26, 14813862, 430
726, 11, 23, 354, 168, 0, 8.74%, 0, 0, 5, 22082.26, 14927806, 430
731, 12, 379, 413, 227, 12, 9.25%, 0, 0, 5, 19804.71, 15030551, 455
735, 12, 374, 419, 232, 11, 9.25%, 0, 0, 5, 18374.65, 15102464, 455
