# relative_time, cycles_done, cur_item, corpus_count, pending_total, pending_favs, map_size, saved_crashes, saved_hangs, max_depth, execs_per_sec, total_execs, edges_found
60, 0, 169, 240, 197, 0, 9.46%, 31, 0, 4, 17898.85, 1053821, 455
66, 0, 72, 240, 197, 0, 9.46%, 31, 0, 4, 17186.69, 1142541, 455
71, 0, 46, 241, 197, 0, 9.46%, 31, 0, 4, 17740.15, 1235861, 455
76, 0, 20, 241, 197, 0, 9.46%, 34, 0, 4, 17037.37, 1323866, 455
81, 1, 72, 242, 197, 0, 9.46%, 34, 0, 4, 17336.53, 1411078, 455
86, 1, 24, 243, 196, 0, 9.46%, 34, 0, 4, 15386.72, 1483842, 455
91, 1, 183, 243, 193, 0, 9.46%, 34, 0, 4, 17350.19, 1573041, 455
96, 1, 20, 244, 193, 0, 9.46%, 35, 0, 4, 17772.34, 1663437, 455
101, 1, 60, 244, 192, 0, 9.46%, 35, 0, 4, 17915.03, 1753312, 455
106, 1, 159, 244, 190, 0, 9.46%, 35, 0, 4, 16898.56, 1840132, 455
112, 1, 46, 244, 190, 0, 9.46%, 37, 0, 4, 17069.97, 1929806, 455
117, 1, 159, 246, 191, 0, 9.46%, 38, 0, 4, 17230.56, 2015549, 455
122, 1, 63, 247, 191, 0, 9.46%, 38, 0, 4, 15219.55, 2086295, 455
127, 2, 72, 302, 242, 0, 9.48%, 38, 0, 4, 17350.63, 2177487, 456
132, 2, 183, 302, 242, 0, 9.48%, 39, 0, 4, 17993.42, 2271894, 456
137, 2, 20, 302, 242, 0, 9.48%, 39, 0, 4, 18237.60, 2366505, 456
142, 2, 46, 302, 242, 0, 9.48%, 39, 0, 4, 17531.28, 2457312, 456
148, 2, 159, 302, 242, 0, 9.48%, 39, 0, 4, 17305.88, 2544380, 456
153, 2, 159, 303, 241, 0, 9.48%, 39, 0, 4, 17060.81, 2632685, 456
158, 2, 37, 303, 240, 0, 9.48%, 39, 0, 4, 17099.82, 2720718, 456
163, 2, 271, 303, 236, 0, 9.48%, 39, 0, 4, 15280.54, 2791457, 456
168, 2, 46, 303, 233, 0, 9.48%, 40, 0, 4, 16391.72, 2876217, 456
173, 2, 37, 303, 233, 0, 9.48%, 40, 0, 4, 17271.31, 2966592, 456
178, 3, 37, 306, 235, 0, 9.48%, 42, 0, 4, 17851.51, 3059336, 456
183, 3, 72, 306, 234, 0, 9.48%, 42, 0, 4, 16123.24, 3139314, 456
188, 3, 206, 307, 234, 0, 9.48%, 42, 0, 4, 14830.85, 3211622, 456
194, 3, 72, 308, 234, 0, 9.48%, 42, 0, 4, 17022.48, 3301829, 456
199, 3, 46, 308, 234, 0, 9.48%, 42, 0, 4, 17071.24, 3390846, 456
204, 3, 20, 308, 233, 0, 9.48%, 42, 0, 4, 16779.74, 3476815, 456
209, 3, 274, 308, 230, 0, 9.48%, 42, 0, 4, 16432.42, 3563440, 456
214, 3, 306, 309, 230, 0, 9.48%, 42, 0, 4, 6411.80, 3619824, 456
219, 3, 159, 309, 229, 0, 9.48%, 42, 0, 4, 10988.98, 3676404, 456
225, 3, 169, 309, 226, 0, 9.48%, 42, 0, 4, 15638.68, 3763446, 456
230, 3, 20, 309, 225, 0, 9.48%, 42, 0, 4, 16902.55, 3852020, 456
235, 4, 72, 315, 227, 0, 9.48%, 42, 0, 4, 16427.80, 3936782, 456
240, 4, 183, 315, 225, 0, 9.48%, 42, 0, 4, 16720.85, 4022335, 456
245, 4, 151, 315, 224, 0, 9.48%, 42, 0, 4, 16540.68, 4108249, 456
250, 4, 15, 315, 222, 0, 9.48%, 42, 0, 4, 15921.24, 4183435, 456
255, 4, 151, 315, 221, 0, 9.48%, 42, 0, 4, 15677.12, 4264069, 456
261, 4, 72, 315, 220, 0, 9.48%, 42, 0, 4, 16814.58, 4351691, 456
266, 4, 308, 315, 219, 0, 9.48%, 42, 0, 4, 6155.87, 4413608, 456
271, 4, 60, 315, 217, 0, 9.48%, 42, 0, 4, 14062.65, 4490395, 456
276, 4, 20, 315, 216, 0, 9.48%, 42, 0, 4, 15834.25, 4573930, 456
281, 4, 46, 315, 214, 0, 9.48%, 42, 0, 4, 16149.32, 4658240, 456
286, 4, 46, 315, 211, 0, 9.48%, 42, 0, 4, 16889.28, 4746023, 456
292, 5, 54, 315, 211, 0, 9.48%, 42, 0, 4, 16976.41, 4832831, 456
297, 5, 144, 315, 210, 0, 9.48%, 42, 0, 4, 16532.71, 4915875, 456
302, 5, 151, 315, 207, 0, 9.48%, 42, 0, 4, 16040.38, 4999267, 456
307, 5, 159, 315, 205, 0, 9.48%, 42, 0, 4, 13712.37, 5063087, 456
312, 5, 51, 315, 203, 0, 9.48%, 42, 0, 4, 15442.98, 5145654, 456
317, 5, 159, 315, 201, 0, 9.48%, 42, 0, 4, 15891.60, 5230558, 456
322, 5, 46, 315, 199, 0, 9.48%, 42, 0, 4, 16181.88, 5315849, 456
328, 5, 81, 315, 199, 0, 9.48%, 42, 0, 4, 15926.61, 5397841, 456
333, 5, 159, 315, 197, 0, 9.48%, 42, 0, 4, 13516.35, 5465497, 456
338, 5, 20, 315, 195, 0, 9.48%, 42, 0, 4, 15727.05, 5549546, 456
343, 5, 57, 315, 194, 0, 9.48%, 42, 0, 4, 14806.39, 5617261, 456
348, 6, 81, 315, 192, 0, 9.48%, 43, 0, 4, 16212.59, 5703074, 456
353, 6, 72, 315, 192, 0, 9.48%, 43, 0, 4, 16672.94, 5790419, 456
358, 6, 72, 315, 191, 0, 9.48%, 43, 0, 4, 15070.03, 5861835, 456
363, 6, 57, 315, 190, 0, 9.48%, 43, 0, 4, 16324.90, 5947323, 456
368, 6, 183, 315, 190, 0, 9.48%, 43, 0, 4, 16000.48, 6029478, 456
373, 6, 91, 315, 189, 0, 9.48%, 43, 0, 4, 14814.87, 6102488, 456
379, 6, 60, 316, 188, 0, 9.48%, 43, 0, 4, 16751.31, 6191198, 456
384, 6, 54, 316, 187, 0, 9.48%, 43, 0, 4, 16711.28, 6279039, 456
389, 6, 72, 316, 187, 0, 9.48%, 43, 0, 4, 16766.22, 6362889, 456
394, 6, 46, 316, 185, 0, 9.48%, 43, 0, 4, 16076.85, 6445558, 456
399, 7, 151, 336, 203, 0, 9.48%, 43, 0, 4, 16167.36, 6526337, 456
404, 7, 37, 336, 201, 0, 9.48%, 43, 0, 4, 16996.21, 6614555, 456
409, 7, 57, 336, 201, 0, 9.48%, 43, 0, 4, 17651.25, 6703346, 456
414, 7, 159, 336, 200, 0, 9.48%, 43, 0, 4, 16535.69, 6784713, 456
419, 7, 20, 336, 199, 0, 9.48%, 43, 0, 4, 16826.92, 6872069, 456
424, 7, 43, 336, 198, 0, 9.48%, 43, 0, 4, 15784.50, 6951317, 456
429, 7, 159, 336, 197, 0, 9.48%, 43, 0, 4, 16643.53, 7035847, 456
435, 7, 197, 336, 196, 0, 9.48%, 43, 0, 4, 16134.05, 7119365, 456
440, 7, 37, 336, 195, 0, 9.48%, 43, 0, 4, 16216.87, 7205040, 456
445, 7, 72, 336, 194, 0, 9.48%, 43, 0, 4, 15904.60, 7285281, 456
450, 7, 20, 336, 193, 0, 9.48%, 43, 0, 4, 16281.22, 7368254, 456
455, 7, 72, 336, 191, 0, 9.48%, 43, 0, 4, 15824.30, 7441347, 456
460, 8, 46, 337, 191, 0, 9.48%, 43, 0, 4, 16297.30, 7527417, 456
465, 8, 218, 337, 191, 0, 9.48%, 43, 0, 4, 16722.13, 7615542, 456
471, 8, 159, 337, 191, 0, 9.48%, 43, 0, 4, 16954.95, 7703097, 456
476, 8, 72, 337, 189, 0, 9.48%, 43, 0, 4, 15806.35, 7778665, 456
481, 8, 190, 337, 187, 0, 9.48%, 43, 0, 4, 16342.27, 7862946, 456
486, 8, 72, 337, 186, 0, 9.48%, 43, 0, 4, 14099.81, 7933149, 456
491, 8, 60, 337, 186, 0, 9.48%, 43, 0, 4, 14565.55, 8008210, 456
496, 8, 72, 337, 186, 0, 9.48%, 43, 0, 4, 14062.38, 8079809, 456
501, 8, 4, 337, 185, 0, 9.48%, 43, 0, 4, 12295.97, 8137284, 456
506, 8, 72, 337, 184, 0, 9.48%, 43, 0, 4, 13674.60, 8210333, 456
512, 8, 221, 337, 183, 0, 9.48%, 43, 0, 4, 14216.78, 8285140, 456
517, 8, 27, 337, 182, 0, 9.48%, 43, 0, 4, 15054.67, 8360114, 456
522, 8, 169, 337, 179, 0, 9.48%, 43, 0, 4, 15795.62, 8440900, 456
527, 9, 81, 344, 186, 0, 9.48%, 43, 0, 4, 16944.62, 8527939, 456
532, 9, 190, 344, 185, 0, 9.48%, 43, 0, 4, 16709.67, 8615837, 456
537, 9, 153, 344, 184, 0, 9.48%, 43, 0, 4, 16966.67, 8700780, 456
542, 9, 159, 344, 182, 0, 9.48%, 43, 0, 4, 17195.84, 8787136, 456
547, 9, 151, 344, 182, 0, 9.48%, 43, 0, 4, 16842.70, 8873859, 456
552, 9, 57, 344, 182, 0, 9.48%, 43, 0, 4, 16882.36, 8958920, 456
558, 9, 72, 344, 182, 0, 9.48%, 43, 0, 4, 17669.25, 9050099, 456
563, 9, 60, 344, 182, 0, 9.48%, 43, 0, 4, 16880.32, 9136357, 456
568, 9, 72, 344, 182, 0, 9.48%, 43, 0, 4, 17109.47, 9224193, 456
573, 9, 72, 344, 180, 0, 9.48%, 43, 0, 4, 17002.40, 9308840, 456
578, 9, 151, 344, 180, 0, 9.48%, 43, 0, 4, 16914.05, 9396758, 456
583, 10, 72, 344, 177, 0, 9.48%, 43, 0, 4, 16500.90, 9482299, 456
589, 10, 322, 344, 177, 0, 9.48%, 43, 0, 4, 12191.99, 9547201, 456
594, 10, 37, 344, 176, 0, 9.48%, 43, 0, 4, 15280.15, 9629047, 456
599, 10, 91, 344, 174, 0, 9.48%, 43, 0, 4, 15469.41, 9707055, 456
604, 10, 190, 344, 173, 0, 9.48%, 43, 0, 4, 15880.01, 9788614, 456
609, 10, 46, 344, 173, 0, 9.48%, 43, 0, 4, 16454.10, 9873978, 456
614, 10, 20, 344, 173, 0, 9.48%, 43, 0, 4, 16949.99, 9961703, 456
619, 10, 54, 344, 171, 0, 9.48%, 43, 0, 4, 17729.03, 10049766, 456
624, 10, 20, 344, 171, 0, 9.48%, 43, 0, 4, 17656.99, 10139959, 456
629, 10, 57, 344, 168, 0, 9.48%, 43, 0, 4, 15088.89, 10216282, 456
634, 10, 72, 344, 166, 0, 9.48%, 43, 0, 4, 16050.77, 10299049, 456
639, 11, 60, 347, 169, 0, 9.48%, 43, 0, 4, 16747.00, 10386283, 456
645, 11, 66, 347, 168, 0, 9.48%, 43, 0, 4, 17256.60, 10476583, 456
650, 11, 66, 347, 167, 0, 9.48%, 43, 0, 4, 16761.80, 10560475, 456
655, 11, 37, 347, 166, 0, 9.48%, 43, 0, 4, 16589.39, 10645144, 456
660, 11, 131, 347, 165, 0, 9.48%, 43, 0, 4, 16921.93, 10733455, 456
665, 11, 46, 347, 164, 0, 9.48%, 43, 0, 4, 15921.81, 10815188, 456
670, 11, 37, 347, 164, 0, 9.48%, 43, 0, 4, 16331.41, 10900195, 456
675, 11, 221, 347, 163, 0, 9.48%, 43, 0, 4, 16748.02, 10984108, 456
681, 11, 46, 347, 162, 0, 9.48%, 43, 0, 4, 16723.18, 11069850, 456
686, 11, 81, 347, 162, 0, 9.48%, 43, 0, 4, 17200.21, 11158203, 456
691, 11, 57, 347, 162, 0, 9.48%, 43, 0, 4, 17633.90, 11247482, 456
696, 12, 116, 347, 160, 0, 9.48%, 43, 0, 4, 16999.48, 11335612, 456
701, 12, 60, 347, 159, 0, 9.48%, 44, 0, 4, 16809.29, 11421033, 456
706, 12, 72, 347, 159, 0, 9.48%, 44, 0, 4, 16529.82, 11506459, 456
711, 12, 46, 347, 158, 0, 9.48%, 44, 0, 4, 17332.72, 11597251, 456
717, 12, 60, 347, 157, 0, 9.48%, 44, 0, 4, 15952.33, 11678165, 456
722, 12, 46, 347, 156, 0, 9.48%, 44, 0, 4, 16965.56, 11767625, 456
727, 12, 78, 347, 155, 0, 9.48%, 44, 0, 4, 17117.50, 11855008, 456
732, 12, 37, 347, 154, 0, 9.48%, 44, 0, 4, 13557.65, 11922532, 456
737, 12, 20, 347, 153, 0, 9.48%, 44, 0, 4, 14058.78, 11993535, 456
742, 12, 37, 347, 153, 0, 9.48%, 44, 0, 4, 16332.47, 12081255, 456
748, 12, 78, 347, 152, 0, 9.48%, 44, 0, 4, 16502.07, 12166308, 456
753, 13, 190, 349, 153, 0, 9.48%, 44, 0, 4, 16517.60, 12252316, 456
758, 13, 37, 349, 153, 0, 9.48%, 44, 0, 4, 16654.66, 12340185, 456
763, 13, 20, 349, 153, 0, 9.48%, 44, 0, 4, 17026.22, 12428728, 456
768, 13, 37, 349, 153, 0, 9.48%, 44, 0, 4, 17037.39, 12516595, 456
773, 13, 81, 349, 152, 0, 9.48%, 44, 0, 4, 17153.67, 12603799, 456
778, 13, 165, 349, 152, 0, 9.48%, 44, 0, 4, 16650.84, 12686804, 456
784, 13, 200, 349, 151, 0, 9.48%, 44, 0, 4, 16223.81, 12770559, 456
789, 13, 22, 349, 149, 0, 9.48%, 44, 0, 4, 16366.81, 12854754, 456
794, 13, 20, 349, 146, 0, 9.48%, 44, 0, 4, 15887.46, 12935910, 456
799, 13, 221, 349, 146, 0, 9.48%, 44, 0, 4, 16598.25, 13021988, 456
804, 13, 72, 349, 145, 0, 9.48%, 44, 0, 4, 16419.23, 13105225, 456
809, 14, 293, 354, 150, 0, 9.48%, 44, 0, 4, 15812.96, 13184884, 456
814, 14, 72, 354, 148, 0, 9.48%, 44, 0, 4, 16044.92, 13266047, 456
820, 14, 20, 354, 147, 0, 9.48%, 44, 0, 4, 16202.62, 13351410, 456
825, 14, 20, 354, 147, 0, 9.48%, 44, 0, 4, 15863.84, 13434392, 456
830, 14, 54, 354, 147, 0, 9.48%, 44, 0, 4, 16270.29, 13519097, 456
835, 14, 319, 354, 145, 0, 9.48%, 44, 0, 4, 14566.10, 13593544, 456
840, 14, 46, 354, 144, 0, 9.48%, 44, 0, 4, 15744.54, 13670230, 456
845, 14, 165, 354, 144, 0, 9.48%, 44, 0, 4, 15828.49, 13752932, 456
850, 14, 305, 354, 142, 0, 9.48%, 44, 0, 4, 15984.97, 13833110, 456
855, 14, 57, 354, 141, 0, 9.48%, 44, 0, 4, 15663.36, 13905501, 456
860, 14, 46, 354, 141, 0, 9.48%, 44, 0, 4, 16662.20, 13992462, 456
866, 15, 43, 358, 144, 0, 9.48%, 44, 0, 4, 16565.57, 14077619, 456
871, 15, 165, 358, 143, 0, 9.48%, 44, 0, 4, 15324.73, 14152281, 456
876, 15, 72, 358, 142, 0, 9.48%, 44, 0, 4, 15614.48, 14233330, 456
881, 15, 54, 358, 141, 0, 9.48%, 44, 0, 4, 16259.41, 14318399, 456
886, 15, 190, 358, 140, 0, 9.48%, 44, 0, 4, 16034.82, 14399935, 456
891, 15, 232, 358, 140, 0, 9.48%, 44, 0, 4, 16272.31, 14486416, 456
896, 15, 20, 358, 138, 0, 9.48%, 44, 0, 4, 15752.44, 14567367, 456
902, 15, 5, 358, 138, 0, 9.48%, 44, 0, 4, 16725.15, 14654665, 456
907, 15, 20, 358, 138, 0, 9.48%, 44, 0, 4, 16113.97, 14736413, 456
912, 15, 20, 358, 138, 0, 9.48%, 44, 0, 4, 16376.66, 14821669, 456
917, 15, 46, 358, 136, 0, 9.48%, 44, 0, 4, 15361.04, 14899789, 456
922, 16, 46, 359, 136, 0, 9.48%, 44, 0, 4, 16332.58, 14982127, 456
927, 16, 37, 359, 136, 0, 9.48%, 44, 0, 4, 16410.91, 15069394, 456
932, 16, 22, 359, 136, 0, 9.48%, 44, 0, 4, 16862.37, 15157803, 456
938, 16, 159, 359, 136, 0, 9.48%, 44, 0, 4, 16345.73, 15241572, 456
943, 16, 169, 359, 135, 0, 9.48%, 44, 0, 4, 16031.59, 15320544, 456
948, 16, 37, 359, 135, 0, 9.48%, 44, 0, 4, 16044.80, 15404316, 456
953, 16, 221, 359, 134, 0, 9.48%, 44, 0, 4, 16178.51, 15487930, 456
958, 16, 221, 359, 134, 0, 9.48%, 44, 0, 4, 15755.43, 15569347, 456
963, 16, 81, 359, 133, 0, 9.48%, 44, 0, 4, 15553.02, 15649097, 456
968, 16, 151, 359, 133, 0, 9.48%, 44, 0, 4, 15959.01, 15732972, 456
974, 16, 190, 359, 133, 0, 9.48%, 44, 0, 4, 16074.27, 15817625, 456
979, 16, 46, 359, 133, 0, 9.48%, 44, 0, 4, 16037.14, 15898291, 456
984, 17, 159, 359, 131, 0, 9.48%, 44, 0, 4, 15438.09, 15975977, 456
989, 17, 46, 359, 131, 0, 9.48%, 44, 0, 4, 16429.86, 16061815, 456
994, 17, 20, 359, 129, 0, 9.48%, 44, 0, 4, 16736.14, 16146861, 456
999, 17, 37, 359, 129, 0, 9.48%, 44, 0, 4, 16375.46, 16230909, 456
1004, 17, 20, 359, 129, 0, 9.48%, 44, 0, 4, 16443.92, 16315293, 456
1010, 17, 151, 359, 129, 0, 9.48%, 44, 0, 4, 15703.70, 16395024, 456
1015, 17, 159, 359, 128, 0, 9.48%, 44, 0, 4, 16365.59, 16478955, 456
1020, 17, 46, 359, 128, 0, 9.48%, 44, 0, 4, 15837.97, 16558863, 456
1025, 17, 131, 359, 128, 0, 9.48%, 44, 0, 4, 15772.19, 16637453, 456
1030, 17, 63, 359, 127, 0, 9.48%, 44, 0, 4, 15474.36, 16710779, 456
1035, 17, 221, 359, 126, 0, 9.48%, 44, 0, 4, 14446.94, 16776230, 456
1040, 17, 190, 359, 126, 0, 9.48%, 44, 0, 4, 15565.26, 16857372, 456
1045, 17, 190, 359, 126, 0, 9.48%, 44, 0, 4, 15840.17, 16940000, 456
1050, 18, 135, 359, 126, 0, 9.48%, 44, 0, 4, 16054.86, 17022284, 456
1055, 18, 46, 359, 126, 0, 9.48%, 44, 0, 4, 16214.60, 17106316, 456
1061, 18, 81, 359, 125, 0, 9.48%, 44, 0, 4, 16686.14, 17191232, 456
1066, 18, 60, 359, 124, 0, 9.48%, 44, 0, 4, 16799.86, 17277314, 456
1071, 18, 190, 359, 122, 0, 9.48%, 44, 0, 4, 14900.25, 17345426, 456
1076, 18, 46, 359, 121, 0, 9.48%, 44, 0, 4, 15989.79, 17429087, 456
1081, 18, 83, 359, 121, 0, 9.48%, 44, 0, 4, 16419.15, 17515377, 456
1086, 18, 169, 359, 120, 0, 9.48%, 44, 0, 4, 16239.07, 17598821, 456
1092, 18, 20, 359, 120, 0, 9.48%, 44, 0, 4, 16237.69, 17682478, 456
1097, 18, 20, 359, 120, 0, 9.48%, 44, 0, 4, 16733.04, 17769528, 456
1102, 18, 25, 359, 119, 0, 9.48%, 44, 0, 4, 16055.72, 17854823, 456
1107, 18, 40, 359, 119, 0, 9.48%, 44, 0, 4, 16292.46, 17939335, 456
1112, 19, 54, 359, 118, 0, 9.48%, 44, 0, 4, 16547.49, 18026217, 456
1117, 19, 60, 359, 117, 0, 9.48%, 44, 0, 4, 16384.07, 18110149, 456
1123, 19, 131, 359, 117, 0, 9.48%, 44, 0, 4, 16063.71, 18194616, 456
1128, 19, 60, 359, 117, 0, 9.48%, 44, 0, 4, 16665.33, 18281794, 456
1133, 19, 25, 359, 116, 0, 9.48%, 44, 0, 4, 16332.13, 18365640, 456
1138, 19, 54, 359, 115, 0, 9.48%, 44, 0, 4, 16102.63, 18447158, 456
1143, 19, 81, 359, 115, 0, 9.48%, 44, 0, 4, 15813.09, 18528958, 456
1148, 19, 1, 359, 115, 0, 9.48%, 44, 0, 4, 16772.67, 18614342, 456
1154, 19, 57, 359, 115, 0, 9.48%, 44, 0, 4, 16166.84, 18698297, 456
1159, 19, 263, 359, 115, 0, 9.48%, 44, 0, 4, 16379.34, 18782231, 456
1164, 19, 159, 359, 115, 0, 9.48%, 44, 0, 4, 16073.48, 18865033, 456
1169, 20, 20, 359, 115, 0, 9.48%, 44, 0, 4, 16338.88, 18950064, 456
1174, 20, 81, 359, 114, 0, 9.48%, 44, 0, 4, 16310.82, 19032571, 456
1179, 20, 38, 359, 112, 0, 9.48%, 44, 0, 4, 16334.12, 19116566, 456
1185, 20, 54, 359, 112, 0, 9.48%, 44, 0, 4, 16211.12, 19201014, 456
1190, 20, 20, 359, 112, 0, 9.48%, 44, 0, 4, 16507.21, 19286490, 456
1195, 20, 20, 359, 111, 0, 9.48%, 44, 0, 4, 14647.97, 19362958, 456
1200, 20, 165, 360, 111, 0, 9.48%, 44, 0, 5, 15909.85, 19444703, 456
1205, 20, 25, 360, 111, 0, 9.48%, 44, 0, 5, 15747.44, 19526372, 456
1210, 20, 25, 360, 111, 0, 9.48%, 44, 0, 5, 16429.95, 19611326, 456
1215, 20, 25, 360, 110, 0, 9.48%, 44, 0, 5, 16118.94, 19693596, 456
1220, 20, 57, 360, 110, 0, 9.48%, 44, 0, 5, 16486.61, 19779891, 456
1226, 21, 20, 360, 109, 0, 9.48%, 44, 0, 5, 16190.42, 19862401, 456
1231, 21, 145, 360, 108, 0, 9.48%, 44, 0, 5, 16152.99, 19945611, 456
1236, 21, 159, 360, 108, 0, 9.48%, 44, 0, 5, 16805.17, 20032981, 456
1241, 21, 81, 360, 108, 0, 9.48%, 44, 0, 5, 16825.90, 20116639, 456
1246, 21, 54, 360, 106, 0, 9.48%, 44, 0, 5, 16567.32, 20202061, 456
1251, 21, 25, 360, 106, 0, 9.48%, 44, 0, 5, 16532.36, 20284302, 456
1256, 21, 159, 360, 106, 0, 9.48%, 44, 0, 5, 16718.90, 20368520, 456
1261, 21, 46, 360, 105, 0, 9.48%, 44, 0, 5, 16133.77, 20451854, 456
1267, 21, 54, 360, 105, 0, 9.48%, 44, 0, 5, 15079.83, 20527028, 456
1272, 21, 190, 360, 104, 0, 9.48%, 44, 0, 5, 16664.38, 20615482, 456
1277, 21, 159, 360, 104, 0, 9.48%, 44, 0, 5, 15968.15, 20697150, 456
1282, 21, 46, 360, 104, 0, 9.48%, 44, 0, 5, 15577.63, 20775932, 456
1287, 22, 165, 360, 103, 0, 9.48%, 44, 0, 5, 16368.59, 20858985, 456
1292, 22, 81, 360, 103, 0, 9.48%, 44, 0, 5, 16690.35, 20944422, 456
1297, 22, 46, 360, 103, 0, 9.48%, 44, 0, 5, 16647.71, 21031363, 456
1303, 22, 20, 360, 103, 0, 9.48%, 44, 0, 5, 16466.71, 21116817, 456
1308, 22, 20, 360, 103, 0, 9.48%, 44, 0, 5, 16374.96, 21199471, 456
1313, 22, 25, 360, 102, 0, 9.48%, 44, 0, 5, 14714.07, 21267683, 456
1318, 22, 46, 360, 102, 0, 9.48%, 44, 0, 5, 16427.58, 21354478, 456
1323, 22, 5, 360, 102, 0, 9.48%, 44, 0, 5, 16217.77, 21439599, 456
1328, 22, 131, 360, 102, 0, 9.48%, 44, 0, 5, 16167.90, 21520567, 456
1333, 22, 20, 360, 102, 0, 9.48%, 44, 0, 5, 16144.18, 21604424, 456
1338, 22, 81, 360, 102, 0, 9.48%, 44, 0, 5, 17130.21, 21693088, 456
1344, 23, 25, 367, 108, 0, 9.48%, 44, 0, 5, 16582.27, 21777919, 456
1349, 23, 25, 367, 108, 0, 9.48%, 44, 0, 5, 16967.23, 21865477, 456
1354, 23, 91, 367, 108, 0, 9.48%, 44, 0, 5, 16442.90, 21950174, 456
1359, 23, 182, 367, 108, 0, 9.48%, 44, 0, 5, 16806.81, 22036033, 456
1364, 23, 151, 367, 108, 0, 9.48%, 44, 0, 5, 16562.50, 22121233, 456
1369, 23, 22, 367, 108, 0, 9.48%, 44, 0, 5, 16683.38, 22207087, 456
1375, 23, 46, 367, 108, 0, 9.48%, 44, 0, 5, 16455.63, 22293726, 456
1380, 23, 63, 367, 108, 0, 9.48%, 44, 0, 5, 16642.64, 22380340, 456
1385, 23, 83, 367, 107, 0, 9.48%, 44, 0, 5, 16790.11, 22466475, 456
1390, 23, 20, 367, 107, 0, 9.48%, 44, 0, 5, 17018.46, 22555792, 456
1395, 23, 20, 367, 107, 0, 9.48%, 44, 0, 5, 16654.48, 22641863, 456
1400, 24, 46, 367, 107, 0, 9.48%, 44, 0, 5, 16280.24, 22723084, 456
1405, 24, 46, 367, 107, 0, 9.48%, 44, 0, 5, 16155.28, 22804094, 456
1410, 24, 345, 367, 106, 0, 9.48%, 44, 0, 5, 14485.94, 22878922, 456
1416, 24, 40, 367, 105, 0, 9.48%, 44, 0, 5, 15677.31, 22960166, 456
1421, 24, 54, 367, 105, 0, 9.48%, 44, 0, 5, 16897.49, 23048464, 456
1426, 24, 46, 367, 105, 0, 9.48%, 44, 0, 5, 16195.09, 23132318, 456
1431, 24, 358, 367, 105, 0, 9.48%, 44, 0, 5, 15831.78, 23216060, 456
1436, 24, 166, 367, 104, 0, 9.48%, 44, 0, 5, 16534.82, 23302203, 456
1441, 24, 20, 367, 104, 0, 9.48%, 44, 0, 5, 16531.36, 23386931, 456
1447, 24, 46, 367, 104, 0, 9.48%, 44, 0, 5, 16558.08, 23472568, 456
1452, 24, 221, 367, 103, 0, 9.48%, 44, 0, 5, 16565.65, 23559246, 456
1457, 25, 318, 369, 105, 0, 9.48%, 44, 0, 5, 15545.94, 23637257, 456
1462, 25, 190, 369, 104, 0, 9.48%, 44, 0, 5, 15118.12, 23705299, 456
1467, 25, 25, 369, 104, 0, 9.48%, 44, 0, 5, 16150.51, 23789263, 456
1472, 25, 20, 369, 103, 0, 9.48%, 44, 0, 5, 15926.65, 23870692, 456
1477, 25, 199, 369, 103, 0, 9.48%, 44, 0, 5, 16099.05, 23954108, 456
1482, 25, 159, 369, 102, 0, 9.48%, 44, 0, 5, 16053.85, 24035244, 456
1488, 25, 1, 369, 101, 0, 9.48%, 44, 0, 5, 15182.66, 24111969, 456
1493, 25, 46, 369, 101, 0, 9.48%, 44, 0, 5, 16039.98, 24196627, 456
1498, 25, 46, 369, 100, 0, 9.48%, 44, 0, 5, 15738.85, 24275203, 456
1503, 25, 20, 369, 100, 0, 9.48%, 44, 0, 5, 16138.96, 24358784, 456
1508, 25, 166, 369, 97, 0, 9.48%, 44, 0, 5, 15381.69, 24435668, 456
1513, 25, 145, 369, 97, 0, 9.48%, 44, 0, 5, 16339.03, 24520991, 456
1518, 26, 25, 369, 97, 0, 9.48%, 44, 0, 5, 16407.99, 24605864, 456
1523, 26, 81, 369, 97, 0, 9.48%, 44, 0, 5, 16256.68, 24690652, 456
1528, 26, 54, 369, 97, 0, 9.48%, 44, 0, 5, 16951.72, 24778403, 456
1534, 26, 159, 369, 97, 0, 9.48%, 44, 0, 5, 16320.55, 24858949, 456
1539, 26, 20, 369, 96, 0, 9.48%, 44, 0, 5, 16240.48, 24942906, 456
1544, 26, 221, 369, 96, 0, 9.48%, 44, 0, 5, 16188.50, 25023993, 456
1549, 26, 83, 369, 96, 0, 9.48%, 44, 0, 5, 16246.71, 25108193, 456
1554, 26, 46, 369, 95, 0, 9.48%, 44, 0, 5, 16358.67, 25193104, 456
1559, 26, 131, 369, 95, 0, 9.48%, 44, 0, 5, 16395.84, 25275648, 456
1564, 26, 81, 369, 94, 0, 9.48%, 44, 0, 5, 16281.81, 25360646, 456
1569, 26, 81, 369, 94, 0, 9.48%, 44, 0, 5, 16259.07, 25444485, 456
1575, 26, 159, 369, 93, 0, 9.48%, 44, 0, 5, 15906.28, 25525759, 456
1580, 26, 81, 369, 93, 0, 9.48%, 44, 0, 5, 16355.79, 25610359, 456
1585, 27, 43, 371, 94, 0, 9.48%, 44, 0, 5, 15961.87, 25691826, 456
1590, 27, 57, 371, 93, 0, 9.48%, 44, 0, 5, 14908.33, 25767713, 456
1595, 27, 159, 371, 93, 0, 9.48%, 44, 0, 5, 15463.50, 25850501, 456
1600, 27, 46, 371, 93, 0, 9.48%, 44, 0, 5, 16795.20, 25938690, 456
1605, 27, 151, 371, 93, 0, 9.48%, 44, 0, 5, 16572.92, 26022106, 456
1611, 27, 20, 371, 93, 0, 9.48%, 44, 0, 5, 16906.23, 26108971, 456
1616, 27, 78, 371, 92, 0, 9.48%, 44, 0, 5, 16796.91, 26194178, 456
1621, 27, 151, 371, 92, 0, 9.48%, 44, 0, 5, 16564.06, 26278837, 456
1626, 27, 20, 371, 92, 0, 9.48%, 44, 0, 5, 16447.26, 26362726, 456
1631, 27, 46, 371, 91, 0, 9.48%, 44, 0, 5, 16435.73, 26448385, 456
1636, 27, 352, 371, 91, 0, 9.48%, 44, 0, 5, 13026.74, 26517439, 456
1642, 27, 54, 371, 90, 0, 9.48%, 44, 0, 5, 15784.09, 26599482, 456
1647, 28, 54, 371, 90, 0, 9.48%, 44, 0, 5, 16403.00, 26682191, 456
1652, 28, 20, 371, 90, 0, 9.48%, 44, 0, 5, 16247.91, 26766932, 456
1657, 28, 46, 371, 90, 0, 9.48%, 44, 0, 5, 16264.07, 26851961, 456
1662, 28, 151, 371, 89, 0, 9.48%, 44, 0, 5, 14237.30, 26922973, 456
1667, 28, 54, 371, 89, 0, 9.48%, 44, 0, 5, 16050.27, 27007236, 456
1672, 28, 72, 371, 89, 0, 9.48%, 44, 0, 5, 15924.44, 27090297, 456
1677, 28, 46, 371, 89, 0, 9.48%, 44, 0, 5, 16136.39, 27174727, 456
1683, 28, 159, 371, 89, 0, 9.48%, 44, 0, 5, 15799.44, 27257412, 456
1688, 28, 57, 371, 88, 0, 9.48%, 44, 0, 5, 16310.88, 27342385, 456
1693, 28, 46, 371, 88, 0, 9.48%, 44, 0, 5, 16215.77, 27427639, 456
1698, 28, 151, 371, 88, 0, 9.48%, 44, 0, 5, 16115.26, 27509582, 456
1703, 28, 263, 371, 88, 0, 9.48%, 44, 0, 5, 16072.64, 27589990, 456
1708, 28, 106, 371, 87, 0, 9.48%, 44, 0, 5, 13864.44, 27662285, 456
1713, 29, 46, 371, 86, 0, 9.48%, 44, 0, 5, 15784.75, 27744567, 456
1718, 29, 83, 371, 86, 0, 9.48%, 44, 0, 5, 16705.03, 27829037, 456
1724, 29, 46, 371, 85, 0, 9.48%, 44, 0, 5, 14642.62, 27893031, 456
1729, 29, 46, 371, 84, 0, 9.48%, 44, 0, 5, 12873.14, 27959722, 456
1734, 29, 190, 371, 84, 0, 9.48%, 44, 0, 5, 15795.25, 28046026, 456
1739, 29, 54, 371, 84, 0, 9.48%, 44, 0, 5, 16255.78, 28130721, 456
1744, 29, 46, 371, 84, 0, 9.48%, 44, 0, 5, 16010.28, 28214574, 456
1749, 29, 135, 371, 84, 0, 9.48%, 44, 0, 5, 16468.47, 28300450, 456
1755, 29, 40, 371, 84, 0, 9.48%, 44, 0, 5, 15979.41, 28384234, 456
1760, 29, 57, 371, 84, 0, 9.48%, 44, 0, 5, 16649.53, 28470566, 456
1765, 29, 46, 371, 84, 0, 9.48%, 44, 0, 5, 16279.70, 28552344, 456
1770, 29, 20, 371, 84, 0, 9.48%, 44, 0, 5, 15947.93, 28633865, 456
1775, 29, 25, 371, 84, 0, 9.48%, 44, 0, 5, 15669.34, 28715136, 456
1780, 29, 190, 371, 84, 0, 9.48%, 44, 0, 5, 15620.12, 28795870, 456
1785, 30, 20, 371, 82, 0, 9.48%, 44, 0, 5, 15763.47, 28877625, 456
1791, 30, 190, 371, 82, 0, 9.48%, 44, 0, 5, 16335.68, 28962470, 456
1796, 30, 57, 371, 82, 0, 9.48%, 44, 0, 5, 16514.21, 29041032, 456
1801, 30, 346, 371, 82, 0, 9.48%, 44, 0, 5, 14486.45, 29115994, 456
1806, 30, 60, 371, 81, 0, 9.48%, 44, 0, 5, 15133.77, 29187394, 456
1811, 30, 63, 371, 81, 0, 9.48%, 44, 0, 5, 15839.80, 29270539, 456
1816, 30, 131, 371, 81, 0, 9.48%, 44, 0, 5, 16346.30, 29356135, 456
1821, 30, 46, 371, 80, 0, 9.48%, 44, 0, 5, 15249.77, 29433310, 456
1826, 30, 22, 371, 80, 0, 9.48%, 44, 0, 5, 16331.69, 29518978, 456
1831, 30, 46, 371, 80, 0, 9.48%, 44, 0, 5, 16284.74, 29600510, 456
1837, 30, 57, 371, 80, 0, 9.48%, 44, 0, 5, 16389.55, 29684299, 456
1842, 30, 263, 371, 80, 0, 9.48%, 44, 0, 5, 16525.43, 29769163, 456
1847, 30, 292, 371, 80, 0, 9.48%, 44, 0, 5, 15097.13, 29845618, 456
1852, 31, 63, 371, 79, 0, 9.48%, 44, 0, 5, 13311.42, 29909939, 456
1857, 31, 57, 371, 79, 0, 9.48%, 44, 0, 5, 15370.39, 29992044, 456
1862, 31, 20, 371, 79, 0, 9.48%, 44, 0, 5, 16220.99, 30076520, 456
1867, 31, 46, 371, 79, 0, 9.48%, 44, 0, 5, 16172.05, 30159135, 456
1872, 31, 46, 371, 79, 0, 9.48%, 44, 0, 5, 16062.49, 30242792, 456
1878, 31, 165, 371, 79, 0, 9.48%, 44, 0, 5, 16340.48, 30327109, 456
1883, 31, 25, 371, 79, 0, 9.48%, 44, 0, 5, 15931.11, 30407141, 456
1888, 31, 81, 371, 79, 0, 9.48%, 44, 0, 5, 16459.68, 30492799, 456
1893, 31, 20, 371, 79, 0, 9.48%, 44, 0, 5, 16560.19, 30578596, 456
1898, 31, 25, 371, 79, 0, 9.48%, 44, 0, 5, 15932.38, 30659289, 456
1903, 31, 25, 371, 79, 0, 9.48%, 44, 0, 5, 16330.00, 30745035, 456
1908, 31, 20, 371, 78, 0, 9.48%, 44, 0, 5, 16406.61, 30829822, 456
1914, 32, 20, 371, 78, 0, 9.48%, 44, 0, 5, 16288.72, 30914072, 456
1919, 32, 46, 371, 76, 0, 9.48%, 44, 0, 5, 15894.14, 30995105, 456
1924, 32, 169, 371, 76, 0, 9.48%, 44, 0, 5, 16009.17, 31078195, 456
1929, 32, 25, 371, 76, 0, 9.48%, 44, 0, 5, 16334.61, 31163496, 456
1934, 32, 46, 371, 76, 0, 9.48%, 44, 0, 5, 16900.73, 31251590, 456
1939, 32, 25, 371, 76, 0, 9.48%, 44, 0, 5, 16606.02, 31337450, 456
1945, 32, 72, 371, 74, 0, 9.48%, 44, 0, 5, 16035.01, 31420419, 456
1950, 32, 66, 371, 72, 0, 9.48%, 44, 0, 5, 15458.67, 31499950, 456
1955, 32, 54, 371, 72, 0, 9.48%, 44, 0, 5, 16365.18, 31585676, 456
1960, 32, 20, 371, 72, 0, 9.48%, 44, 0, 5, 16396.37, 31667974, 456
1965, 32, 87, 371, 72, 0, 9.48%, 44, 0, 5, 16014.89, 31750729, 456
1970, 32, 22, 371, 72, 0, 9.48%, 44, 0, 5, 16549.89, 31835712, 456
1976, 33, 169, 371, 72, 0, 9.48%, 44, 0, 5, 16045.98, 31917845, 456
1981, 33, 46, 371, 72, 0, 9.48%, 44, 0, 5, 15924.46, 32000621, 456
1986, 33, 83, 371, 72, 0, 9.48%, 44, 0, 5, 15620.61, 32080691, 456
1991, 33, 22, 371, 72, 0, 9.48%, 44, 0, 5, 15698.06, 32162291, 456
1996, 33, 81, 371, 72, 0, 9.48%, 44, 0, 5, 15275.01, 32239671, 456
2001, 33, 182, 371, 72, 0, 9.48%, 44, 0, 5, 15377.63, 32320550, 456
2006, 33, 145, 371, 71, 0, 9.48%, 44, 0, 5, 12498.68, 32384414, 456
2012, 33, 25, 371, 71, 0, 9.48%, 44, 0, 5, 14686.66, 32461869, 456
2017, 33, 145, 371, 71, 0, 9.48%, 44, 0, 5, 15012.94, 32540030, 456
2022, 33, 20, 371, 71, 0, 9.48%, 44, 0, 5, 15786.76, 32622387, 456
2027, 33, 153, 371, 71, 0, 9.48%, 44, 0, 5, 15480.76, 32701481, 456
2032, 33, 78, 371, 71, 0, 9.48%, 44, 0, 5, 15575.35, 32783221, 456
2037, 33, 46, 371, 71, 0, 9.48%, 44, 0, 5, 15736.27, 32862069, 456
2042, 33, 199, 371, 71, 0, 9.48%, 44, 0, 5, 15660.58, 32940819, 456
2048, 34, 54, 375, 73, 0, 9.48%, 44, 0, 5, 15336.38, 33019173, 456
2053, 34, 131, 375, 73, 0, 9.48%, 44, 0, 5, 15421.72, 33099673, 456
2058, 34, 54, 375, 73, 0, 9.48%, 44, 0, 5, 15207.18, 33179041, 456
2063, 34, 46, 375, 73, 0, 9.48%, 44, 0, 5, 15052.82, 33258687, 456
2068, 34, 25, 375, 73, 0, 9.48%, 44, 0, 5, 15328.51, 33338965, 456
2073, 34, 25, 375, 73, 0, 9.48%, 44, 0, 5, 15774.14, 33419451, 456
2079, 34, 46, 375, 72, 0, 9.48%, 44, 0, 5, 15073.42, 33496114, 456
2084, 34, 83, 375, 71, 0, 9.48%, 44, 0, 5, 15702.78, 33576215, 456
2089, 34, 54, 375, 71, 0, 9.48%, 44, 0, 5, 15597.13, 33656553, 456
2094, 34, 78, 375, 71, 0, 9.48%, 44, 0, 5, 15106.62, 33733671, 456
2099, 34, 327, 375, 71, 0, 9.48%, 44, 0, 5, 14803.70, 33811947, 456
2104, 34, 63, 375, 70, 0, 9.48%, 44, 0, 5, 14850.71, 33886045, 456
2109, 34, 46, 375, 70, 0, 9.48%, 44, 0, 5, 15554.23, 33967355, 456
2115, 35, 25, 375, 70, 0, 9.48%, 44, 0, 5, 15382.44, 34046850, 456
2120, 35, 20, 375, 70, 0, 9.48%, 44, 0, 5, 15776.75, 34128033, 456
2125, 35, 199, 375, 70, 0, 9.48%, 44, 0, 5, 15351.91, 34207373, 456
2130, 35, 199, 375, 70, 0, 9.48%, 44, 0, 5, 15408.93, 34286184, 456
2135, 35, 20, 375, 69, 0, 9.48%, 44, 0, 5, 15221.39, 34365399, 456
2141, 35, 46, 375, 69, 0, 9.48%, 44, 0, 5, 15435.94, 34446386, 456
2146, 35, 25, 375, 69, 0, 9.48%, 44, 0, 5, 15204.96, 34524031, 456
2151, 35, 221, 375, 69, 0, 9.48%, 44, 0, 5, 15402.94, 34604786, 456
2156, 35, 165, 375, 69, 0, 9.48%, 44, 0, 5, 16064.25, 34687363, 456
2161, 35, 159, 375, 69, 0, 9.48%, 44, 0, 5, 15880.42, 34766702, 456
2166, 35, 25, 375, 69, 0, 9.48%, 44, 0, 5, 15943.70, 34848535, 456
2171, 35, 190, 375, 69, 0, 9.48%, 44, 0, 5, 15713.38, 34929315, 456
2176, 35, 57, 375, 69, 0, 9.48%, 44, 0, 5, 15685.55, 35009654, 456
2182, 36, 46, 375, 69, 0, 9.48%, 44, 0, 5, 15871.26, 35093100, 456
2187, 36, 20, 375, 69, 0, 9.48%, 44, 0, 5, 15339.05, 35171439, 456
2192, 36, 81, 375, 68, 0, 9.48%, 44, 0, 5, 14862.68, 35248327, 456
2197, 36, 46, 375, 68, 0, 9.48%, 44, 0, 5, 15520.10, 35328547, 456
2202, 36, 219, 375, 68, 0, 9.48%, 44, 0, 5, 14923.21, 35407623, 456
2207, 36, 72, 375, 67, 0, 9.48%, 44, 0, 5, 15662.60, 35488187, 456
2213, 36, 25, 375, 67, 0, 9.48%, 44, 0, 5, 15954.25, 35570141, 456
2218, 36, 321, 375, 67, 0, 9.48%, 44, 0, 5, 12780.93, 35638029, 456
2223, 36, 46, 375, 66, 0, 9.48%, 44, 0, 5, 15235.34, 35719139, 456
2228, 36, 46, 375, 66, 0, 9.48%, 44, 0, 5, 15589.14, 35800252, 456
2233, 36, 159, 375, 66, 0, 9.48%, 44, 0, 5, 15148.58, 35878266, 456
2238, 36, 81, 375, 65, 0, 9.48%, 44, 0, 5, 15695.90, 35959105, 456
2243, 37, 20, 375, 65, 0, 9.48%, 44, 0, 5, 15443.25, 36038834, 456
2249, 37, 373, 375, 65, 0, 9.48%, 44, 0, 5, 7090.32, 36069129, 456
2254, 37, 25, 375, 63, 0, 9.48%, 44, 0, 5, 13011.78, 36138345, 456
2259, 37, 151, 375, 63, 0, 9.48%, 44, 0, 5, 15030.39, 36217718, 456
2264, 37, 57, 375, 63, 0, 9.48%, 44, 0, 5, 16004.03, 36299639, 456
2269, 37, 20, 375, 63, 0, 9.48%, 44, 0, 5, 16242.44, 36381815, 456
2274, 37, 60, 375, 63, 0, 9.48%, 44, 0, 5, 16139.41, 36464721, 456
2279, 37, 46, 375, 62, 0, 9.48%, 44, 0, 5, 13358.98, 36528123, 456
2284, 37, 54, 375, 62, 0, 9.48%, 44, 0, 5, 14728.76, 36603570, 456
2290, 37, 46, 375, 62, 0, 9.48%, 44, 0, 5, 15196.88, 36683604, 456
2295, 37, 22, 375, 62, 0, 9.48%, 44, 0, 5, 15384.22, 36762424, 456
2300, 37, 40, 375, 62, 0, 9.48%, 44, 0, 5, 15231.83, 36840574, 456
2305, 37, 367, 375, 62, 0, 9.48%, 44, 0, 5, 2682.07, 36906902, 456
2310, 37, 159, 375, 61, 0, 9.48%, 44, 0, 5, 11744.61, 36969422, 456
2315, 37, 57, 375, 61, 0, 9.48%, 44, 0, 5, 14970.69, 37051075, 456
2321, 38, 66, 379, 65, 0, 9.48%, 44, 0, 5, 15668.14, 37133847, 456
2326, 38, 46, 379, 65, 0, 9.48%, 44, 0, 5, 15612.01, 37213956, 456
2331, 38, 81, 379, 65, 0, 9.48%, 44, 0, 5, 15497.28, 37292958, 456
2336, 38, 20, 379, 64, 0, 9.48%, 44, 0, 5, 14167.21, 37359955, 456
2341, 38, 46, 379, 64, 0, 9.48%, 44, 0, 5, 15434.57, 37440765, 456
2346, 38, 20, 379, 64, 0, 9.48%, 44, 0, 5, 15619.02, 37521503, 456
2351, 38, 81, 379, 64, 0, 9.48%, 44, 0, 5, 15707.36, 37599688, 456
2356, 38, 20, 379, 64, 0, 9.48%, 44, 0, 5, 15549.31, 37677476, 456
2362, 38, 25, 379, 64, 0, 9.48%, 44, 0, 5, 15411.47, 37755968, 456
2367, 38, 20, 379, 64, 0, 9.48%, 44, 0, 5, 15491.47, 37836284, 456
2372, 38, 181, 379, 64, 0, 9.48%, 44, 0, 5, 16132.12, 37919147, 456
2377, 38, 46, 379, 64, 0, 9.48%, 44, 0, 5, 15766.71, 38000204, 456
2382, 38, 190, 379, 64, 0, 9.48%, 44, 0, 5, 15756.28, 38079315, 456
2387, 38, 190, 379, 64, 0, 9.48%, 44, 0, 5, 15671.08, 38158575, 456
2392, 39, 46, 379, 64, 0, 9.48%, 44, 0, 5, 15747.06, 38239870, 456
2397, 39, 81, 379, 64, 0, 9.48%, 44, 0, 5, 15804.15, 38320881, 456
2403, 39, 20, 379, 63, 0, 9.48%, 44, 0, 5, 15399.20, 38397253, 456
2408, 39, 60, 379, 63, 0, 9.48%, 44, 0, 5, 15201.36, 38475775, 456
2413, 39, 190, 379, 63, 0, 9.48%, 44, 0, 5, 15690.69, 38555019, 456
2418, 39, 145, 379, 63, 0, 9.48%, 44, 0, 5, 15635.97, 38635771, 456
2423, 39, 63, 379, 63, 0, 9.48%, 44, 0, 5, 15316.09, 38714154, 456
2428, 39, 25, 379, 63, 0, 9.48%, 44, 0, 5, 15519.87, 38795468, 456
2433, 39, 323, 379, 63, 0, 9.48%, 44, 0, 5, 4560.54, 38852469, 456
2439, 39, 25, 379, 62, 0, 9.48%, 44, 0, 5, 12448.91, 38921531, 456
2444, 39, 103, 379, 62, 0, 9.48%, 44, 0, 5, 13935.28, 38996659, 456
2449, 39, 20, 379, 61, 0, 9.48%, 44, 0, 5, 14597.64, 39065591, 456
2454, 39, 20, 379, 61, 0, 9.48%, 44, 0, 5, 15567.60, 39146240, 456
2459, 39, 81, 379, 61, 0, 9.48%, 44, 0, 5, 15326.62, 39225885, 456
2464, 39, 46, 379, 61, 0, 9.48%, 44, 0, 5, 15344.46, 39305218, 456
2469, 40, 25, 379, 61, 0, 9.48%, 44, 0, 5, 15074.34, 39384415, 456
2474, 40, 20, 379, 61, 0, 9.48%, 44, 0, 5, 14932.86, 39460272, 456
2480, 40, 145, 379, 61, 0, 9.48%, 44, 0, 5, 15160.94, 39540122, 456
2485, 40, 46, 379, 61, 0, 9.48%, 44, 0, 5, 14809.38, 39613393, 456
2490, 40, 54, 379, 61, 0, 9.48%, 44, 0, 5, 15252.07, 39692916, 456
2495, 40, 60, 379, 61, 0, 9.48%, 44, 0, 5, 14980.76, 39770277, 456
2500, 40, 46, 379, 61, 0, 9.48%, 44, 0, 5, 15250.35, 39849425, 456
2505, 40, 221, 379, 61, 0, 9.48%, 44, 0, 5, 15298.74, 39929539, 456
2510, 40, 151, 379, 61, 0, 9.48%, 44, 0, 5, 15370.36, 40007204, 456
2516, 40, 20, 379, 61, 0, 9.48%, 44, 0, 5, 15349.98, 40083707, 456
2521, 40, 46, 379, 61, 0, 9.48%, 44, 0, 5, 15303.74, 40162660, 456
2526, 40, 334, 379, 61, 0, 9.48%, 44, 0, 5, 5751.60, 40215527, 456
2531, 40, 81, 379, 60, 0, 9.48%, 44, 0, 5, 12985.68, 40287958, 456
2536, 40, 20, 379, 60, 0, 9.48%, 44, 0, 5, 15033.61, 40367538, 456
2541, 40, 46, 379, 59, 0, 9.48%, 44, 0, 5, 15568.98, 40449145, 456
2547, 41, 25, 379, 59, 0, 9.48%, 44, 0, 5, 12096.97, 40510415, 456
2552, 41, 46, 379, 59, 0, 9.48%, 44, 0, 5, 14599.70, 40584399, 456
2557, 41, 20, 379, 59, 0, 9.48%, 44, 0, 5, 15194.92, 40663379, 456
2562, 41, 40, 379, 59, 0, 9.48%, 44, 0, 5, 15225.21, 40743575, 456
2567, 41, 57, 379, 59, 0, 9.48%, 44, 0, 5, 15248.03, 40821988, 456
2572, 41, 190, 379, 59, 0, 9.48%, 44, 0, 5, 15497.63, 40902707, 456
2577, 41, 46, 379, 59, 0, 9.48%, 44, 0, 5, 15593.44, 40983445, 456
2583, 41, 72, 379, 59, 0, 9.48%, 44, 0, 5, 15271.15, 41062507, 456
2588, 41, 87, 379, 59, 0, 9.48%, 44, 0, 5, 15838.88, 41143797, 456
2593, 41, 54, 379, 59, 0, 9.48%, 44, 0, 5, 15191.25, 41218616, 456
2598, 41, 221, 379, 59, 0, 9.48%, 44, 0, 5, 15479.78, 41299322, 456
2603, 41, 221, 379, 59, 0, 9.48%, 44, 0, 5, 15899.12, 41382225, 456
2608, 41, 63, 379, 59, 0, 9.48%, 44, 0, 5, 15280.53, 41461770, 456
2613, 41, 129, 379, 59, 0, 9.48%, 44, 0, 5, 14778.34, 41539390, 456
2618, 42, 46, 379, 58, 0, 9.48%, 44, 0, 5, 14543.65, 41607751, 456
2624, 42, 190, 379, 58, 0, 9.48%, 44, 0, 5, 15052.29, 41687607, 456
2629, 42, 66, 379, 58, 0, 9.48%, 44, 0, 5, 15160.59, 41763986, 456
2634, 42, 310, 379, 58, 0, 9.48%, 44, 0, 5, 13070.47, 41835484, 456
2639, 42, 46, 379, 57, 0, 9.48%, 44, 0, 5, 14729.69, 41911875, 456
2644, 42, 54, 379, 57, 0, 9.48%, 44, 0, 5, 14895.62, 41990017, 456
2649, 42, 63, 379, 57, 0, 9.48%, 44, 0, 5, 14898.67, 42067803, 456
2654, 42, 165, 379, 57, 0, 9.48%, 44, 0, 5, 15942.92, 42151142, 456
2659, 42, 112, 379, 57, 0, 9.48%, 44, 0, 5, 14435.70, 42228229, 456
2665, 42, 46, 379, 56, 0, 9.48%, 44, 0, 5, 13694.94, 42294524, 456
2670, 42, 46, 379, 56, 0, 9.48%, 44, 0, 5, 15530.29, 42377467, 456
2675, 42, 46, 379, 56, 0, 9.48%, 44, 0, 5, 15473.82, 42456110, 456
2680, 42, 87, 379, 56, 0, 9.48%, 44, 0, 5, 15389.34, 42534903, 456
2685, 42, 25, 379, 56, 0, 9.48%, 44, 0, 5, 15579.39, 42615272, 456
2690, 43, 81, 379, 56, 0, 9.48%, 44, 0, 5, 15350.19, 42695249, 456
2695, 43, 131, 379, 56, 0, 9.48%, 44, 0, 5, 15171.35, 42772419, 456
2701, 43, 159, 379, 56, 0, 9.48%, 44, 0, 5, 15799.85, 42853189, 456
2706, 43, 72, 379, 56, 0, 9.48%, 44, 0, 5, 15392.03, 42932334, 456
2711, 43, 266, 379, 56, 0, 9.48%, 44, 0, 5, 15226.78, 43011064, 456
2716, 43, 46, 379, 56, 0, 9.48%, 44, 0, 5, 15738.36, 43093672, 456
2721, 43, 169, 379, 56, 0, 9.48%, 44, 0, 5, 15574.82, 43173139, 456
2726, 43, 199, 379, 56, 0, 9.48%, 44, 0, 5, 15845.78, 43254230, 456
2732, 43, 46, 379, 56, 0, 9.48%, 44, 0, 5, 15709.65, 43336298, 456
2737, 43, 46, 379, 56, 0, 9.48%, 44, 0, 5, 15341.98, 43414843, 456
2742, 43, 46, 379, 56, 0, 9.48%, 44, 0, 5, 15550.98, 43494755, 456
2747, 43, 20, 379, 56, 0, 9.48%, 44, 0, 5, 15661.73, 43572210, 456
2752, 43, 54, 379, 56, 0, 9.48%, 44, 0, 5, 16050.39, 43655887, 456
2757, 43, 46, 379, 56, 0, 9.48%, 44, 0, 5, 16184.55, 43740262, 456
2762, 44, 263, 381, 58, 0, 9.48%, 44, 0, 5, 15857.03, 43821657, 456
2768, 44, 46, 381, 58, 0, 9.48%, 44, 0, 5, 15594.85, 43902710, 456
2773, 44, 57, 381, 58, 0, 9.48%, 44, 0, 5, 15724.98, 43983827, 456
2778, 44, 46, 381, 58, 0, 9.48%, 44, 0, 5, 15564.78, 44064773, 456
2783, 44, 20, 381, 57, 0, 9.48%, 44, 0, 5, 15301.96, 44143813, 456
2788, 44, 164, 381, 56, 0, 9.48%, 44, 0, 5, 15176.11, 44219081, 456
2794, 44, 20, 381, 56, 0, 9.48%, 44, 0, 5, 15396.85, 44299004, 456
2799, 44, 46, 381, 56, 0, 9.48%, 44, 0, 5, 15764.64, 44379289, 456
2804, 44, 20, 381, 56, 0, 9.48%, 44, 0, 5, 15416.90, 44457834, 456
2809, 44, 25, 381, 56, 0, 9.48%, 44, 0, 5, 15915.65, 44540757, 456
2814, 44, 25, 381, 56, 0, 9.48%, 44, 0, 5, 16179.53, 44625312, 456
2819, 44, 25, 381, 56, 0, 9.48%, 44, 0, 5, 16416.71, 44710149, 456
2825, 44, 25, 381, 56, 0, 9.48%, 44, 0, 5, 15962.44, 44789936, 456
2830, 44, 145, 381, 56, 0, 9.48%, 44, 0, 5, 15759.03, 44870640, 456
2835, 45, 25, 381, 56, 0, 9.48%, 44, 0, 5, 15225.79, 44949126, 456
2840, 45, 20, 381, 55, 0, 9.48%, 44, 0, 5, 14193.49, 45021603, 456
2845, 45, 46, 381, 55, 0, 9.48%, 44, 0, 5, 15044.20, 45101724, 456
2850, 45, 66, 381, 55, 0, 9.48%, 44, 0, 5, 15720.08, 45184438, 456
2855, 45, 46, 381, 53, 0, 9.48%, 44, 0, 5, 14981.39, 45261600, 456
2861, 45, 12, 381, 53, 0, 9.48%, 44, 0, 5, 15242.68, 45340644, 456
2866, 45, 190, 381, 53, 0, 9.48%, 44, 0, 5, 15146.71, 45416425, 456
2871, 45, 181, 381, 53, 0, 9.48%, 44, 0, 5, 15305.05, 45496383, 456
2876, 45, 181, 381, 53, 0, 9.48%, 44, 0, 5, 15495.00, 45574380, 456
2881, 45, 25, 381, 53, 0, 9.48%, 44, 0, 5, 15625.31, 45654499, 456
2886, 45, 151, 381, 53, 0, 9.48%, 44, 0, 5, 15299.66, 45732831, 456
2891, 45, 20, 381, 53, 0, 9.48%, 44, 0, 5, 16155.89, 45817146, 456
2896, 45, 22, 381, 53, 0, 9.48%, 44, 0, 5, 15889.57, 45898010, 456
2902, 46, 46, 381, 52, 0, 9.48%, 44, 0, 5, 15752.35, 45977704, 456
2907, 46, 145, 381, 52, 0, 9.48%, 44, 0, 5, 15705.17, 46058840, 456
2912, 46, 46, 381, 52, 0, 9.48%, 44, 0, 5, 15551.80, 46139064, 456
2917, 46, 131, 381, 52, 0, 9.48%, 44, 0, 5, 15989.90, 46221274, 456
2922, 46, 81, 381, 52, 0, 9.48%, 44, 0, 5, 15813.58, 46303118, 456
2927, 46, 190, 381, 52, 0, 9.48%, 44, 0, 5, 15723.33, 46382945, 456
2933, 46, 46, 381, 52, 0, 9.48%, 44, 0, 5, 15706.31, 46464952, 456
2938, 46, 57, 381, 52, 0, 9.48%, 44, 0, 5, 15797.06, 46546337, 456
2943, 46, 63, 381, 51, 0, 9.48%, 44, 0, 5, 14648.21, 46620024, 456
2948, 46, 151, 381, 50, 0, 9.48%, 44, 0, 5, 14750.69, 46694641, 456
2953, 46, 159, 381, 50, 0, 9.48%, 44, 0, 5, 15226.08, 46771662, 456
2958, 46, 12, 381, 50, 0, 9.48%, 44, 0, 5, 15591.62, 46853222, 456
2963, 46, 81, 381, 50, 0, 9.48%, 44, 0, 5, 16192.01, 46936799, 456
2968, 47, 20, 381, 50, 0, 9.48%, 44, 0, 5, 15947.29, 47017255, 456
2974, 47, 57, 381, 50, 0, 9.48%, 44, 0, 5, 15777.91, 47097518, 456
2979, 47, 20, 381, 50, 0, 9.48%, 44, 0, 5, 15095.05, 47174847, 456
2984, 47, 25, 381, 50, 0, 9.48%, 44, 0, 5, 15569.22, 47253670, 456
2989, 47, 307, 381, 48, 0, 9.48%, 44, 0, 5, 3506.17, 47321094, 456
2994, 47, 46, 381, 47, 0, 9.48%, 44, 0, 5, 10615.57, 47377944, 456
2999, 47, 72, 381, 47, 0, 9.48%, 44, 0, 5, 14990.39, 47460218, 456
3004, 47, 46, 381, 47, 0, 9.48%, 44, 0, 5, 15324.91, 47539955, 456
3010, 47, 54, 381, 47, 0, 9.48%, 44, 0, 5, 15182.44, 47618468, 456
3015, 47, 25, 381, 47, 0, 9.48%, 44, 0, 5, 15884.36, 47701395, 456
3020, 47, 46, 381, 47, 0, 9.48%, 44, 0, 5, 15723.08, 47780649, 456
3025, 47, 95, 381, 47, 0, 9.48%, 44, 0, 5, 15588.75, 47861078, 456
3030, 47, 159, 381, 47, 0, 9.48%, 44, 0, 5, 15835.38, 47943264, 456
3035, 47, 199, 381, 47, 0, 9.48%, 44, 0, 5, 15586.08, 48021045, 456
3040, 48, 165, 381, 47, 0, 9.48%, 44, 0, 5, 15568.43, 48101957, 456
3045, 48, 20, 381, 47, 0, 9.48%, 44, 0, 5, 15318.31, 48180307, 456
3050, 48, 54, 381, 47, 0, 9.48%, 44, 0, 5, 15610.96, 48258833, 456
3056, 48, 20, 381, 47, 0, 9.48%, 44, 0, 5, 15905.54, 48342368, 456
3061, 48, 20, 381, 47, 0, 9.48%, 44, 0, 5, 15548.81, 48421484, 456
3066, 48, 221, 381, 47, 0, 9.48%, 44, 0, 5, 15471.79, 48500916, 456
3071, 48, 60, 381, 47, 0, 9.48%, 44, 0, 5, 16050.01, 48584952, 456
3076, 48, 263, 381, 47, 0, 9.48%, 44, 0, 5, 15747.50, 48665570, 456
3081, 48, 40, 381, 47, 0, 9.48%, 44, 0, 5, 15752.47, 48747522, 456
3087, 48, 169, 381, 47, 0, 9.48%, 44, 0, 5, 15776.13, 48829111, 456
3092, 48, 46, 381, 47, 0, 9.48%, 44, 0, 5, 16023.46, 48911420, 456
3097, 48, 81, 381, 47, 0, 9.48%, 44, 0, 5, 15897.74, 48992584, 456
3102, 49, 199, 381, 47, 0, 9.48%, 44, 0, 5, 15630.28, 49074370, 456
3107, 49, 25, 381, 47, 0, 9.48%, 44, 0, 5, 15651.05, 49151948, 456
3112, 49, 182, 381, 47, 0, 9.48%, 44, 0, 5, 15777.91, 49234148, 456
3117, 49, 57, 381, 47, 0, 9.48%, 44, 0, 5, 15628.64, 49313479, 456
3123, 49, 190, 381, 47, 0, 9.48%, 44, 0, 5, 16420.30, 49398408, 456
3128, 49, 169, 381, 47, 0, 9.48%, 44, 0, 5, 15938.66, 49477809, 456
3133, 49, 54, 381, 47, 0, 9.48%, 44, 0, 5, 16261.58, 49559533, 456
3138, 49, 20, 381, 47, 0, 9.48%, 44, 0, 5, 16258.26, 49643497, 456
3143, 49, 221, 381, 47, 0, 9.48%, 44, 0, 5, 15501.69, 49721903, 456
3148, 49, 20, 381, 47, 0, 9.48%, 44, 0, 5, 16045.04, 49804073, 456
3153, 49, 25, 381, 47, 0, 9.48%, 44, 0, 5, 15946.90, 49887221, 456
3158, 49, 81, 381, 46, 0, 9.48%, 44, 0, 5, 15272.63, 49966706, 456
3164, 49, 166, 381, 46, 0, 9.48%, 44, 0, 5, 15704.42, 50048222, 456
3169, 50, 46, 381, 45, 0, 9.48%, 44, 0, 5, 13422.73, 50117386, 456
3174, 50, 54, 381, 45, 0, 9.48%, 44, 0, 5, 15088.30, 50195861, 456
3179, 50, 57, 381, 45, 0, 9.48%, 44, 0, 5, 15955.83, 50277443, 456
3184, 50, 60, 381, 45, 0, 9.48%, 44, 0, 5, 15255.88, 50357138, 456
3189, 50, 46, 381, 45, 0, 9.48%, 44, 0, 5, 15315.85, 50436294, 456
3194, 50, 326, 381, 45, 0, 9.48%, 44, 0, 5, 12657.06, 50502840, 456
3199, 50, 164, 381, 44, 0, 9.48%, 44, 0, 5, 15417.09, 50585087, 456
3205, 50, 25, 381, 44, 0, 9.48%, 44, 0, 5, 15602.52, 50665630, 456
3210, 50, 20, 381, 44, 0, 9.48%, 44, 0, 5, 15990.78, 50747804, 456
3215, 50, 25, 381, 44, 0, 9.48%, 44, 0, 5, 15725.86, 50828348, 456
3220, 50, 25, 381, 44, 0, 9.48%, 44, 0, 5, 15838.83, 50911001, 456
3225, 50, 145, 381, 44, 0, 9.48%, 44, 0, 5, 16009.42, 50993741, 456
3230, 50, 25, 381, 44, 0, 9.48%, 44, 0, 5, 16263.26, 51078059, 456
3235, 51, 60, 381, 44, 0, 9.48%, 44, 0, 5, 16166.62, 51160549, 456
3241, 51, 20, 381, 44, 0, 9.48%, 44, 0, 5, 15684.58, 51240785, 456
3246, 51, 81, 381, 44, 0, 9.48%, 44, 0, 5, 16150.32, 51324744, 456
3251, 51, 25, 381, 44, 0, 9.48%, 44, 0, 5, 16456.53, 51409553, 456
3256, 51, 20, 381, 44, 0, 9.48%, 44, 0, 5, 16061.51, 51492324, 456
3261, 51, 221, 381, 44, 0, 9.48%, 44, 0, 5, 16051.62, 51576088, 456
3266, 51, 60, 381, 43, 0, 9.48%, 44, 0, 5, 15006.28, 51647285, 456
3272, 51, 159, 381, 43, 0, 9.48%, 44, 0, 5, 16125.93, 51731773, 456
3277, 51, 54, 381, 43, 0, 9.48%, 44, 0, 5, 16113.42, 51814883, 456
3282, 51, 46, 381, 43, 0, 9.48%, 44, 0, 5, 15875.11, 51897042, 456
3287, 51, 54, 381, 43, 0, 9.48%, 44, 0, 5, 16148.65, 51979594, 456
3292, 51, 20, 381, 43, 0, 9.48%, 44, 0, 5, 16478.58, 52065960, 456
3297, 52, 199, 381, 43, 0, 9.48%, 44, 0, 5, 16099.07, 52145981, 456
3303, 52, 54, 381, 43, 0, 9.48%, 44, 0, 5, 15815.94, 52227884, 456
3308, 52, 60, 381, 43, 0, 9.48%, 44, 0, 5, 16398.77, 52312359, 456
3313, 52, 190, 381, 43, 0, 9.48%, 44, 0, 5, 16452.01, 52398220, 456
3318, 52, 25, 381, 42, 0, 9.48%, 44, 0, 5, 16164.82, 52478229, 456
3323, 52, 20, 381, 42, 0, 9.48%, 44, 0, 5, 15661.79, 52560425, 456
3328, 52, 20, 381, 42, 0, 9.48%, 44, 0, 5, 16360.65, 52644752, 456
3333, 52, 66, 381, 42, 0, 9.48%, 44, 0, 5, 15976.00, 52727788, 456
3339, 52, 72, 381, 42, 0, 9.48%, 44, 0, 5, 16130.67, 52809559, 456
3344, 52, 60, 381, 42, 0, 9.48%, 44, 0, 5, 15695.78, 52889414, 456
3349, 52, 25, 381, 42, 0, 9.48%, 44, 0, 5, 15513.81, 52968267, 456
3354, 52, 25, 381, 42, 0, 9.48%, 44, 0, 5, 15653.34, 53049245, 456
3359, 52, 20, 381, 42, 0, 9.48%, 44, 0, 5, 15967.98, 53131295, 456
3364, 53, 190, 381, 42, 0, 9.48%, 44, 0, 5, 15740.31, 53212121, 456
3369, 53, 72, 381, 42, 0, 9.48%, 44, 0, 5, 16010.68, 53294392, 456
3374, 53, 20, 381, 41, 0, 9.48%, 44, 0, 5, 15450.41, 53370266, 456
3380, 53, 190, 381, 41, 0, 9.48%, 44, 0, 5, 15760.48, 53452089, 456
3385, 53, 25, 381, 41, 0, 9.48%, 44, 0, 5, 15477.51, 53532882, 456
3390, 53, 164, 381, 41, 0, 9.48%, 44, 0, 5, 15781.06, 53615511, 456
3395, 53, 190, 381, 41, 0, 9.48%, 44, 0, 5, 15535.55, 53696392, 456
3400, 53, 166, 381, 41, 0, 9.48%, 44, 0, 5, 15582.94, 53778359, 456
3406, 53, 20, 381, 41, 0, 9.48%, 44, 0, 5, 15804.20, 53861316, 456
3411, 53, 40, 381, 41, 0, 9.48%, 44, 0, 5, 15817.39, 53943921, 456
3416, 53, 46, 381, 41, 0, 9.48%, 44, 0, 5, 15603.94, 54022569, 456
3421, 53, 57, 381, 41, 0, 9.48%, 44, 0, 5, 15982.34, 54105944, 456
3426, 54, 57, 381, 41, 0, 9.48%, 44, 0, 5, 15600.02, 54184876, 456
3431, 54, 46, 381, 41, 0, 9.48%, 44, 0, 5, 16078.35, 54267947, 456
3436, 54, 20, 381, 41, 0, 9.48%, 44, 0, 5, 15848.55, 54348269, 456
3442, 54, 159, 381, 41, 0, 9.48%, 44, 0, 5, 15626.22, 54429108, 456
3447, 54, 57, 381, 41, 0, 9.48%, 44, 0, 5, 15783.57, 54510178, 456
3452, 54, 46, 381, 41, 0, 9.48%, 44, 0, 5, 16203.08, 54594539, 456
3457, 54, 131, 381, 41, 0, 9.48%, 44, 0, 5, 16289.23, 54678389, 456
3462, 54, 25, 381, 41, 0, 9.48%, 44, 0, 5, 15621.75, 54757111, 456
3467, 54, 25, 381, 41, 0, 9.48%, 44, 0, 5, 16166.72, 54841101, 456
3472, 54, 25, 381, 41, 0, 9.48%, 44, 0, 5, 15829.54, 54923732, 456
3478, 54, 72, 381, 41, 0, 9.48%, 44, 0, 5, 16171.32, 55006016, 456
3483, 54, 63, 381, 41, 0, 9.48%, 44, 0, 5, 15924.56, 55089239, 456
3488, 54, 20, 381, 41, 0, 9.48%, 44, 0, 5, 15755.35, 55171211, 456
3493, 55, 54, 381, 41, 0, 9.48%, 44, 0, 5, 15666.98, 55249782, 456
3498, 55, 166, 381, 41, 0, 9.48%, 44, 0, 5, 15784.67, 55331072, 456
3503, 55, 57, 381, 41, 0, 9.48%, 44, 0, 5, 15602.29, 55409645, 456
3508, 55, 135, 381, 41, 0, 9.48%, 44, 0, 5, 15804.40, 55489425, 456
3513, 55, 81, 381, 41, 0, 9.48%, 44, 0, 5, 15753.23, 55571772, 456
3518, 55, 153, 381, 41, 0, 9.48%, 44, 0, 5, 15729.87, 55652581, 456
3524, 55, 46, 381, 41, 0, 9.48%, 44, 0, 5, 15896.58, 55735343, 456
3529, 55, 25, 381, 41, 0, 9.48%, 44, 0, 5, 15628.67, 55815829, 456
3534, 55, 25, 381, 41, 0, 9.48%, 44, 0, 5, 15539.23, 55896339, 456
3539, 55, 46, 381, 41, 0, 9.48%, 44, 0, 5, 15612.09, 55977032, 456
3544, 55, 164, 381, 41, 0, 9.48%, 44, 0, 5, 15744.11, 56058029, 456
3549, 55, 46, 381, 41, 0, 9.48%, 44, 0, 5, 15900.92, 56140177, 456
3555, 56, 165, 381, 41, 0, 9.48%, 44, 0, 5, 15418.00, 56218991, 456
3560, 56, 25, 381, 40, 0, 9.48%, 44, 0, 5, 15339.41, 56297952, 456
3565, 56, 46, 381, 40, 0, 9.48%, 44, 0, 5, 15548.49, 56378077, 456
3570, 56, 25, 381, 40, 0, 9.48%, 44, 0, 5, 15895.26, 56458208, 456
3575, 56, 25, 381, 40, 0, 9.48%, 44, 0, 5, 15716.95, 56538644, 456
3580, 56, 182, 381, 40, 0, 9.48%, 44, 0, 5, 16064.59, 56621395, 456
3585, 56, 43, 381, 40, 0, 9.48%, 44, 0, 5, 15680.39, 56702333, 456
3591, 56, 25, 381, 40, 0, 9.48%, 44, 0, 5, 16340.35, 56788169, 456
3596, 56, 46, 381, 40, 0, 9.48%, 44, 0, 5, 16166.23, 56870693, 456
3601, 56, 25, 381, 39, 0, 9.48%, 44, 0, 5, 14693.19, 56938499, 456
3606, 56, 151, 381, 39, 0, 9.48%, 44, 0, 5, 15610.93, 57019140, 456
3611, 56, 25, 381, 38, 0, 9.48%, 44, 0, 5, 14097.31, 57083326, 456
3616, 56, 46, 381, 38, 0, 9.48%, 44, 0, 5, 14907.39, 57161573, 456
3622, 57, 57, 381, 38, 0, 9.48%, 44, 0, 5, 16019.78, 57246401, 456
3627, 57, 151, 381, 38, 0, 9.48%, 44, 0, 5, 15831.11, 57327619, 456
3632, 57, 20, 381, 38, 0, 9.48%, 44, 0, 5, 15666.31, 57408221, 456
3637, 57, 83, 381, 38, 0, 9.48%, 44, 0, 5, 16011.53, 57491509, 456
3642, 57, 81, 381, 38, 0, 9.48%, 44, 0, 5, 15976.13, 57575375, 456
3647, 57, 63, 381, 38, 0, 9.48%, 44, 0, 5, 15540.95, 57654125, 456
3652, 57, 25, 381, 38, 0, 9.48%, 44, 0, 5, 15855.44, 57736607, 456
3658, 57, 20, 381, 38, 0, 9.48%, 44, 0, 5, 15821.75, 57819599, 456
3663, 57, 166, 381, 38, 0, 9.48%, 44, 0, 5, 15814.63, 57901691, 456
3668, 57, 25, 381, 38, 0, 9.48%, 44, 0, 5, 15834.31, 57984073, 456
3673, 57, 131, 381, 38, 0, 9.48%, 44, 0, 5, 15855.21, 58066861, 456
3678, 57, 181, 381, 38, 0, 9.48%, 44, 0, 5, 16747.94, 58153757, 456
3683, 58, 165, 381, 38, 0, 9.48%, 44, 0, 5, 16643.35, 58238919, 456
3689, 58, 46, 381, 38, 0, 9.48%, 44, 0, 5, 16501.98, 58324207, 456
3694, 58, 72, 381, 38, 0, 9.48%, 44, 0, 5, 16052.70, 58402845, 456
3699, 58, 46, 381, 38, 0, 9.48%, 44, 0, 5, 16524.49, 58488500, 456
3704, 58, 25, 381, 38, 0, 9.48%, 44, 0, 5, 16586.62, 58574196, 456
3709, 58, 126, 381, 38, 0, 9.48%, 44, 0, 5, 11369.56, 58629989, 456
3714, 58, 72, 381, 37, 0, 9.48%, 44, 0, 5, 15231.10, 58711626, 456
3719, 58, 25, 381, 37, 0, 9.48%, 44, 0, 5, 15974.01, 58795995, 456
3724, 58, 190, 381, 37, 0, 9.48%, 44, 0, 5, 16274.52, 58879808, 456
3730, 58, 221, 381, 37, 0, 9.48%, 44, 0, 5, 16044.18, 58962006, 456
3735, 58, 54, 381, 37, 0, 9.48%, 44, 0, 5, 15604.35, 59042674, 456
3740, 58, 57, 381, 37, 0, 9.48%, 44, 0, 5, 15896.58, 59124328, 456
3745, 59, 159, 381, 37, 0, 9.48%, 44, 0, 5, 15707.55, 59205048, 456
3750, 59, 159, 381, 37, 0, 9.48%, 44, 0, 5, 15549.22, 59286348, 456
3755, 59, 40, 381, 37, 0, 9.48%, 44, 0, 5, 15613.02, 59366678, 456
3761, 59, 25, 381, 37, 0, 9.48%, 44, 0, 5, 15701.41, 59448374, 456
3766, 59, 221, 381, 37, 0, 9.48%, 44, 0, 5, 15072.55, 59525534, 456
3771, 59, 151, 381, 37, 0, 9.48%, 44, 0, 5, 15053.95, 59603941, 456
3776, 59, 20, 381, 37, 0, 9.48%, 44, 0, 5, 15555.63, 59684326, 456
3781, 59, 43, 381, 37, 0, 9.48%, 44, 0, 5, 16165.44, 59768165, 456
3786, 59, 66, 381, 37, 0, 9.48%, 44, 0, 5, 15473.65, 59847713, 456
3792, 59, 25, 381, 37, 0, 9.48%, 44, 0, 5, 15486.24, 59927504, 456
3797, 59, 91, 381, 37, 0, 9.48%, 44, 0, 5, 15755.68, 60008321, 456
3802, 59, 221, 381, 37, 0, 9.48%, 44, 0, 5, 15585.87, 60089769, 456
3807, 59, 25, 381, 36, 0, 9.48%, 44, 0, 5, 14392.89, 60156001, 456
3812, 60, 43, 381, 36, 0, 9.48%, 44, 0, 5, 15816.96, 60239141, 456
3817, 60, 337, 381, 35, 0, 9.48%, 44, 0, 5, 3626.26, 60297030, 456
3822, 60, 46, 381, 34, 0, 9.48%, 44, 0, 5, 11863.35, 60361567, 456
3827, 60, 81, 381, 34, 0, 9.48%, 44, 0, 5, 14947.76, 60442494, 456
3832, 60, 221, 381, 34, 0, 9.48%, 44, 0, 5, 15434.93, 60521023, 456
3838, 60, 54, 381, 34, 0, 9.48%, 44, 0, 5, 15820.37, 60601520, 456
3843, 60, 190, 381, 34, 0, 9.48%, 44, 0, 5, 15408.03, 60681985, 456
3848, 60, 57, 381, 34, 0, 9.48%, 44, 0, 5, 15282.40, 60757322, 456
3853, 60, 46, 381, 34, 0, 9.48%, 44, 0, 5, 15432.38, 60837347, 456
3858, 60, 46, 381, 34, 0, 9.48%, 44, 0, 5, 15543.05, 60917063, 456
3863, 60, 221, 381, 34, 0, 9.48%, 44, 0, 5, 15161.05, 60996116, 456
3869, 60, 57, 381, 34, 0, 9.48%, 44, 0, 5, 15263.09, 61073890, 456
3874, 60, 54, 381, 34, 0, 9.48%, 44, 0, 5, 15728.50, 61155141, 456
3879, 61, 361, 381, 34, 0, 9.48%, 44, 0, 5, 2592.11, 61231366, 456
3884, 61, 46, 381, 33, 0, 9.48%, 44, 0, 5, 9006.52, 61280314, 456
3889, 61, 25, 381, 33, 0, 9.48%, 44, 0, 5, 14210.06, 61359093, 456
3894, 61, 72, 381, 33, 0, 9.48%, 44, 0, 5, 14754.09, 61437805, 456
3900, 61, 151, 381, 33, 0, 9.48%, 44, 0, 5, 15318.64, 61517054, 456
3905, 61, 25, 381, 33, 0, 9.48%, 44, 0, 5, 15192.35, 61595013, 456
3910, 61, 46, 381, 33, 0, 9.48%, 44, 0, 5, 15399.33, 61673072, 456
3915, 61, 166, 381, 33, 0, 9.48%, 44, 0, 5, 15519.79, 61753665, 456
3920, 61, 159, 381, 33, 0, 9.48%, 44, 0, 5, 16020.48, 61835210, 456
3925, 61, 66, 381, 33, 0, 9.48%, 44, 0, 5, 15369.03, 61914302, 456
3930, 61, 151, 381, 33, 0, 9.48%, 44, 0, 5, 16140.77, 61997882, 456
3935, 61, 46, 381, 33, 0, 9.48%, 44, 0, 5, 15836.77, 62077267, 456
3940, 61, 159, 381, 33, 0, 9.48%, 44, 0, 5, 15351.83, 62156710, 456
3946, 61, 60, 381, 33, 0, 9.48%, 44, 0, 5, 15627.65, 62237159, 456
3951, 62, 57, 381, 33, 0, 9.48%, 44, 0, 5, 15958.37, 62319913, 456
3956, 62, 165, 381, 33, 0, 9.48%, 44, 0, 5, 15926.38, 62401515, 456
3961, 62, 46, 381, 33, 0, 9.48%, 44, 0, 5, 16066.55, 62484778, 456
3966, 62, 77, 381, 33, 0, 9.48%, 44, 0, 5, 15792.42, 62566758, 456
3971, 62, 25, 381, 33, 0, 9.48%, 44, 0, 5, 15725.59, 62647852, 456
3977, 62, 190, 381, 33, 0, 9.48%, 44, 0, 5, 15252.00, 62726982, 456
3982, 62, 46, 381, 33, 0, 9.48%, 44, 0, 5, 15373.66, 62806394, 456
3987, 62, 159, 381, 33, 0, 9.48%, 44, 0, 5, 15751.82, 62887297, 456
3992, 62, 20, 381, 33, 0, 9.48%, 44, 0, 5, 15790.50, 62968167, 456
3997, 62, 25, 381, 33, 0, 9.48%, 44, 0, 5, 15515.98, 63047471, 456
4002, 62, 375, 381, 33, 0, 9.48%, 44, 0, 5, 13342.02, 63117604, 456
4007, 62, 25, 381, 32, 0, 9.48%, 44, 0, 5, 13584.83, 63180601, 456
4013, 62, 135, 381, 32, 0, 9.48%, 44, 0, 5, 15121.41, 63262107, 456
4018, 63, 190, 381, 32, 0, 9.48%, 44, 0, 5, 15597.93, 63343268, 456
4023, 63, 20, 381, 32, 0, 9.48%, 44, 0, 5, 15769.06, 63425397, 456
4028, 63, 46, 381, 32, 0, 9.48%, 44, 0, 5, 15926.90, 63507556, 456
4033, 63, 166, 381, 32, 0, 9.48%, 44, 0, 5, 15626.60, 63588334, 456
4038, 63, 72, 381, 32, 0, 9.48%, 44, 0, 5, 15396.46, 63667279, 456
4044, 63, 163, 381, 32, 0, 9.48%, 44, 0, 5, 13600.43, 63738017, 456
4049, 63, 81, 381, 32, 0, 9.48%, 44, 0, 5, 15700.83, 63820229, 456
4054, 63, 182, 381, 32, 0, 9.48%, 44, 0, 5, 16103.44, 63904270, 456
4059, 63, 81, 381, 32, 0, 9.48%, 44, 0, 5, 15631.77, 63984029, 456
4064, 63, 25, 381, 32, 0, 9.48%, 44, 0, 5, 15561.00, 64065388, 456
4069, 63, 20, 381, 32, 0, 9.48%, 44, 0, 5, 15476.24, 64146494, 456
4075, 63, 57, 381, 32, 0, 9.48%, 44, 0, 5, 15307.49, 64225230, 456
4080, 64, 57, 381, 32, 0, 9.48%, 44, 0, 5, 15417.13, 64306032, 456
4085, 64, 25, 381, 32, 0, 9.48%, 44, 0, 5, 15475.98, 64383277, 456
4090, 64, 60, 381, 32, 0, 9.48%, 44, 0, 5, 15740.09, 64465058, 456
4095, 64, 43, 381, 32, 0, 9.48%, 44, 0, 5, 15901.88, 64544525, 456
4100, 64, 46, 381, 32, 0, 9.48%, 44, 0, 5, 15783.99, 64626769, 456
4105, 64, 60, 381, 32, 0, 9.48%, 44, 0, 5, 15623.02, 64706999, 456
4110, 64, 46, 381, 32, 0, 9.48%, 44, 0, 5, 15809.57, 64788437, 456
4116, 64, 221, 381, 32, 0, 9.48%, 44, 0, 5, 14095.42, 64855980, 456
4121, 64, 54, 381, 32, 0, 9.48%, 44, 0, 5, 15117.37, 64935946, 456
4126, 64, 81, 381, 32, 0, 9.48%, 44, 0, 5, 15309.81, 65013879, 456
4131, 64, 46, 381, 32, 0, 9.48%, 44, 0, 5, 15697.26, 65095204, 456
4136, 64, 60, 381, 32, 0, 9.48%, 44, 0, 5, 15193.39, 65173813, 456
4141, 64, 57, 381, 32, 0, 9.48%, 44, 0, 5, 15832.41, 65255515, 456
4146, 65, 25, 382, 33, 0, 9.48%, 44, 0, 5, 15584.97, 65334437, 456
4152, 65, 190, 382, 33, 0, 9.48%, 44, 0, 5, 15781.11, 65416878, 456
4157, 65, 5, 382, 33, 0, 9.48%, 44, 0, 5, 15105.16, 65494582, 456
4162, 65, 54, 382, 33, 0, 9.48%, 44, 0, 5, 15449.95, 65574522, 456
4167, 65, 120, 382, 33, 0, 9.48%, 44, 0, 5, 11502.29, 65633611, 456
4172, 65, 57, 382, 32, 0, 9.48%, 44, 0, 5, 14593.77, 65713438, 456
4177, 65, 46, 382, 32, 0, 9.48%, 44, 0, 5, 15640.12, 65794417, 456
4183, 65, 46, 382, 32, 0, 9.48%, 44, 0, 5, 15478.34, 65874370, 456
4188, 65, 60, 382, 32, 0, 9.48%, 44, 0, 5, 15880.83, 65956233, 456
4193, 65, 57, 382, 32, 0, 9.48%, 44, 0, 5, 15441.74, 66033118, 456
4198, 65, 221, 382, 32, 0, 9.48%, 44, 0, 5, 15422.08, 66111948, 456
4203, 65, 81, 382, 32, 0, 9.48%, 44, 0, 5, 15772.62, 66192599, 456
4208, 65, 66, 382, 32, 0, 9.48%, 44, 0, 5, 15608.14, 66273464, 456
4213, 66, 46, 382, 32, 0, 9.48%, 44, 0, 5, 14898.34, 66348108, 456
4218, 66, 153, 382, 32, 0, 9.48%, 44, 0, 5, 15392.97, 66427767, 456
4223, 66, 81, 382, 32, 0, 9.48%, 44, 0, 5, 15567.07, 66508813, 456
4229, 66, 81, 382, 32, 0, 9.48%, 44, 0, 5, 16065.25, 66591740, 456
4234, 66, 60, 382, 32, 0, 9.48%, 44, 0, 5, 15794.17, 66670819, 456
4239, 66, 190, 382, 32, 0, 9.48%, 44, 0, 5, 15875.22, 66752155, 456
4244, 66, 182, 382, 32, 0, 9.48%, 44, 0, 5, 15531.85, 66832428, 456
4249, 66, 159, 382, 32, 0, 9.48%, 44, 0, 5, 15564.21, 66913641, 456
4254, 66, 221, 382, 32, 0, 9.48%, 44, 0, 5, 15607.17, 66993867, 456
4260, 66, 46, 382, 32, 0, 9.48%, 44, 0, 5, 16106.14, 67077167, 456
4265, 66, 182, 382, 32, 0, 9.48%, 44, 0, 5, 15309.08, 67155334, 456
4270, 66, 54, 382, 32, 0, 9.48%, 44, 0, 5, 15593.37, 67235605, 456
4275, 66, 182, 382, 32, 0, 9.48%, 44, 0, 5, 15769.72, 67317111, 456
4280, 67, 81, 382, 32, 0, 9.48%, 44, 0, 5, 15770.63, 67396089, 456
4285, 67, 46, 382, 32, 0, 9.48%, 44, 0, 5, 15120.51, 67474218, 456
4290, 67, 46, 382, 32, 0, 9.48%, 44, 0, 5, 15443.37, 67554811, 456
4295, 67, 190, 382, 32, 0, 9.48%, 44, 0, 5, 15185.34, 67632751, 456
4301, 67, 83, 382, 32, 0, 9.48%, 44, 0, 5, 15609.08, 67713919, 456
4306, 67, 221, 382, 32, 0, 9.48%, 44, 0, 5, 15987.79, 67795496, 456
4311, 67, 25, 382, 32, 0, 9.48%, 44, 0, 5, 15591.18, 67875574, 456
4316, 67, 72, 382, 32, 0, 9.48%, 44, 0, 5, 15039.95, 67952958, 456
4321, 67, 122, 382, 32, 0, 9.48%, 44, 0, 5, 10985.63, 68009037, 456
4326, 67, 60, 382, 31, 0, 9.48%, 44, 0, 5, 14426.63, 68083933, 456
4331, 67, 83, 382, 31, 0, 9.48%, 44, 0, 5, 15448.90, 68162494, 456
4337, 67, 221, 382, 31, 0, 9.48%, 44, 0, 5, 14102.77, 68232099, 456
4342, 67, 20, 382, 31, 0, 9.48%, 44, 0, 5, 14267.16, 68307359, 456
4347, 68, 95, 382, 31, 0, 9.48%, 44, 0, 5, 15258.84, 68387078, 456
4352, 68, 221, 382, 31, 0, 9.48%, 44, 0, 5, 15447.39, 68468151, 456
4357, 68, 25, 382, 31, 0, 9.48%, 44, 0, 5, 15706.79, 68549606, 456
4362, 68, 20, 382, 31, 0, 9.48%, 44, 0, 5, 15746.33, 68630769, 456
4368, 68, 60, 382, 31, 0, 9.48%, 44, 0, 5, 15784.66, 68711555, 456
4373, 68, 221, 382, 31, 0, 9.48%, 44, 0, 5, 15540.79, 68790750, 456
4378, 68, 60, 382, 31, 0, 9.48%, 44, 0, 5, 14901.48, 68867460, 456
4383, 68, 20, 382, 31, 0, 9.48%, 44, 0, 5, 15018.90, 68945362, 456
4388, 68, 5, 382, 31, 0, 9.48%, 44, 0, 5, 15078.52, 69022707, 456
4393, 68, 20, 382, 31, 0, 9.48%, 44, 0, 5, 15355.30, 69102242, 456
4399, 68, 60, 382, 31, 0, 9.48%, 44, 0, 5, 15778.46, 69183901, 456
4404, 68, 25, 382, 31, 0, 9.48%, 44, 0, 5, 15468.42, 69263758, 456
4409, 68, 221, 382, 31, 0, 9.48%, 44, 0, 5, 15665.93, 69344156, 456
4414, 69, 25, 382, 31, 0, 9.48%, 44, 0, 5, 16012.04, 69424868, 456
4419, 69, 78, 382, 31, 0, 9.48%, 44, 0, 5, 15746.30, 69505213, 456
4424, 69, 78, 382, 31, 0, 9.48%, 44, 0, 5, 15443.78, 69584964, 456
4429, 69, 57, 382, 31, 0, 9.48%, 44, 0, 5, 15810.29, 69665977, 456
4435, 69, 153, 382, 31, 0, 9.48%, 44, 0, 5, 15896.01, 69747736, 456
4440, 69, 20, 382, 31, 0, 9.48%, 44, 0, 5, 16031.13, 69829831, 456
4445, 69, 20, 382, 30, 0, 9.48%, 44, 0, 5, 15358.08, 69908063, 456
4450, 69, 181, 382, 30, 0, 9.48%, 44, 0, 5, 15454.51, 69988369, 456
4455, 69, 46, 382, 30, 0, 9.48%, 44, 0, 5, 14725.11, 70063642, 456
4460, 69, 60, 382, 30, 0, 9.48%, 44, 0, 5, 15349.62, 70143743, 456
4466, 69, 20, 382, 30, 0, 9.48%, 44, 0, 5, 15919.15, 70226665, 456
4471, 69, 324, 382, 30, 0, 9.48%, 44, 0, 5, 13834.62, 70301074, 456
4476, 70, 25, 382, 29, 0, 9.48%, 44, 0, 5, 14936.77, 70373730, 456
4481, 70, 46, 382, 29, 0, 9.48%, 44, 0, 5, 15874.94, 70458269, 456
4486, 70, 20, 382, 29, 0, 9.48%, 44, 0, 5, 15513.03, 70537974, 456
4491, 70, 60, 382, 28, 0, 9.48%, 44, 0, 5, 15668.91, 70618747, 456
4497, 70, 25, 382, 28, 0, 9.48%, 44, 0, 5, 15815.65, 70700170, 456
4502, 70, 25, 382, 28, 0, 9.48%, 44, 0, 5, 15823.55, 70781354, 456
4507, 70, 131, 382, 28, 0, 9.48%, 44, 0, 5, 15691.20, 70860883, 456
4512, 70, 54, 382, 28, 0, 9.48%, 44, 0, 5, 15592.18, 70941046, 456
4517, 70, 46, 382, 28, 0, 9.48%, 44, 0, 5, 15177.80, 71019006, 456
4522, 70, 153, 382, 28, 0, 9.48%, 44, 0, 5, 15586.93, 71098534, 456
4527, 70, 260, 382, 28, 0, 9.48%, 44, 0, 5, 15349.10, 71178220, 456
4533, 70, 60, 382, 28, 0, 9.48%, 44, 0, 5, 15284.10, 71257965, 456
4538, 70, 25, 382, 28, 0, 9.48%, 44, 0, 5, 15734.04, 71338905, 456
4543, 71, 190, 382, 28, 0, 9.48%, 44, 0, 5, 15914.61, 71421232, 456
4548, 71, 151, 382, 27, 0, 9.48%, 44, 0, 5, 14473.10, 71486837, 456
4553, 71, 57, 382, 27, 0, 9.48%, 44, 0, 5, 15643.37, 71569691, 456
4558, 71, 46, 382, 27, 0, 9.48%, 44, 0, 5, 15328.87, 71648821, 456
4564, 71, 20, 382, 27, 0, 9.48%, 44, 0, 5, 15242.27, 71728330, 456
4569, 71, 20, 382, 27, 0, 9.48%, 44, 0, 5, 15475.37, 71807674, 456
4574, 71, 25, 382, 27, 0, 9.48%, 44, 0, 5, 16007.27, 71891413, 456
4579, 71, 81, 382, 27, 0, 9.48%, 44, 0, 5, 16069.32, 71974200, 456
4584, 71, 46, 382, 27, 0, 9.48%, 44, 0, 5, 15725.98, 72052736, 456
4589, 71, 165, 382, 27, 0, 9.48%, 44, 0, 5, 15795.28, 72135164, 456
4594, 71, 25, 382, 27, 0, 9.48%, 44, 0, 5, 16177.53, 72219714, 456
4600, 71, 20, 382, 27, 0, 9.48%, 44, 0, 5, 16367.45, 72305211, 456
4605, 71, 190, 382, 27, 0, 9.48%, 44, 0, 5, 16050.25, 72389110, 456
4610, 72, 87, 382, 27, 0, 9.48%, 44, 0, 5, 15938.59, 72469579, 456
4615, 72, 46, 382, 26, 0, 9.48%, 44, 0, 5, 14963.50, 72541804, 456
4620, 72, 153, 382, 26, 0, 9.48%, 44, 0, 5, 15828.16, 72624676, 456
4625, 72, 57, 382, 26, 0, 9.48%, 44, 0, 5, 15259.39, 72703894, 456
4631, 72, 135, 382, 26, 0, 9.48%, 44, 0, 5, 15750.49, 72785363, 456
4636, 72, 25, 382, 26, 0, 9.48%, 44, 0, 5, 15989.77, 72868377, 456
4641, 72, 46, 382, 26, 0, 9.48%, 44, 0, 5, 15631.01, 72950016, 456
4646, 72, 46, 382, 26, 0, 9.48%, 44, 0, 5, 15807.17, 73030855, 456
4651, 72, 20, 382, 26, 0, 9.48%, 44, 0, 5, 16310.74, 73115694, 456
4657, 72, 66, 382, 26, 0, 9.48%, 44, 0, 5, 15370.26, 73192115, 456
4662, 72, 25, 382, 26, 0, 9.48%, 44, 0, 5, 16185.50, 73275802, 456
4667, 72, 159, 382, 26, 0, 9.48%, 44, 0, 5, 16536.10, 73360442, 456
4672, 72, 20, 382, 26, 0, 9.48%, 44, 0, 5, 16426.78, 73444843, 456
4677, 73, 60, 382, 26, 0, 9.48%, 44, 0, 5, 15847.81, 73526818, 456
4682, 73, 190, 382, 26, 0, 9.48%, 44, 0, 5, 15011.89, 73604160, 456
4688, 73, 18, 382, 26, 0, 9.48%, 44, 0, 5, 15111.13, 73683058, 456
4693, 73, 57, 382, 26, 0, 9.48%, 44, 0, 5, 15507.20, 73763661, 456
4698, 73, 20, 382, 26, 0, 9.48%, 44, 0, 5, 15386.50, 73842610, 456
4703, 73, 165, 382, 26, 0, 9.48%, 44, 0, 5, 15098.95, 73920937, 456
4708, 73, 25, 382, 26, 0, 9.48%, 44, 0, 5, 15346.20, 74001068, 456
4713, 73, 25, 382, 25, 0, 9.48%, 44, 0, 5, 15134.25, 74079384, 456
4719, 73, 20, 382, 25, 0, 9.48%, 44, 0, 5, 15943.74, 74162348, 456
4724, 73, 159, 382, 25, 0, 9.48%, 44, 0, 5, 15371.12, 74242526, 456
4729, 73, 40, 382, 25, 0, 9.48%, 44, 0, 5, 15347.65, 74321943, 456
4734, 73, 164, 382, 25, 0, 9.48%, 44, 0, 5, 15531.46, 74402259, 456
4739, 74, 25, 382, 25, 0, 9.48%, 44, 0, 5, 15097.71, 74476712, 456
4744, 74, 20, 382, 25, 0, 9.48%, 44, 0, 5, 15556.29, 74557595, 456
4750, 74, 46, 382, 25, 0, 9.48%, 44, 0, 5, 15557.04, 74637793, 456
4755, 74, 20, 382, 25, 0, 9.48%, 44, 0, 5, 15200.42, 74717067, 456
4760, 74, 46, 382, 25, 0, 9.48%, 44, 0, 5, 15181.14, 74795353, 456
4765, 74, 81, 382, 24, 0, 9.48%, 44, 0, 5, 15376.46, 74874808, 456
4770, 74, 54, 382, 24, 0, 9.48%, 44, 0, 5, 15527.20, 74954600, 456
4775, 74, 153, 382, 24, 0, 9.48%, 44, 0, 5, 15349.47, 75033725, 456
4780, 74, 20, 382, 24, 0, 9.48%, 44, 0, 5, 15988.31, 75116272, 456
4786, 74, 46, 382, 24, 0, 9.48%, 44, 0, 5, 15028.64, 75194613, 456
4791, 74, 20, 382, 24, 0, 9.48%, 44, 0, 5, 15369.67, 75273926, 456
4796, 74, 81, 382, 24, 0, 9.48%, 44, 0, 5, 15039.98, 75349652, 456
4801, 74, 54, 382, 24, 0, 9.48%, 44, 0, 5, 15567.33, 75430646, 456
4806, 75, 151, 382, 24, 0, 9.48%, 44, 0, 5, 15090.53, 75507918, 456
4811, 75, 159, 382, 24, 0, 9.48%, 44, 0, 5, 15167.03, 75586529, 456
4817, 75, 72, 382, 24, 0, 9.48%, 44, 0, 5, 14950.50, 75664384, 456
4822, 75, 46, 382, 24, 0, 9.48%, 44, 0, 5, 14664.80, 75738340, 456
4827, 75, 54, 382, 24, 0, 9.48%, 44, 0, 5, 15753.81, 75820151, 456
4832, 75, 83, 382, 24, 0, 9.48%, 44, 0, 5, 15782.33, 75901243, 456
4837, 75, 221, 382, 24, 0, 9.48%, 44, 0, 5, 14972.60, 75978274, 456
4842, 75, 20, 382, 24, 0, 9.48%, 44, 0, 5, 15860.89, 76059958, 456
4847, 75, 20, 382, 24, 0, 9.48%, 44, 0, 5, 15548.45, 76139885, 456
4853, 75, 54, 382, 24, 0, 9.48%, 44, 0, 5, 15781.16, 76221738, 456
4858, 75, 190, 382, 24, 0, 9.48%, 44, 0, 5, 15399.68, 76299146, 456
4863, 75, 81, 382, 24, 0, 9.48%, 44, 0, 5, 15673.37, 76380079, 456
4868, 75, 46, 382, 24, 0, 9.48%, 44, 0, 5, 15328.55, 76458979, 456
4873, 76, 12, 382, 24, 0, 9.48%, 44, 0, 5, 15439.69, 76537548, 456
4878, 76, 78, 382, 24, 0, 9.48%, 44, 0, 5, 15149.30, 76615417, 456
4883, 76, 60, 382, 24, 0, 9.48%, 44, 0, 5, 15141.18, 76694565, 456
4889, 76, 221, 382, 24, 0, 9.48%, 44, 0, 5, 15303.11, 76774495, 456
4894, 76, 20, 382, 24, 0, 9.48%, 44, 0, 5, 15103.62, 76851621, 456
4899, 76, 20, 382, 24, 0, 9.48%, 44, 0, 5, 15620.58, 76933367, 456
4904, 76, 25, 382, 23, 0, 9.48%, 44, 0, 5, 14355.32, 76999881, 456
4909, 76, 57, 382, 23, 0, 9.48%, 44, 0, 5, 15302.06, 77079940, 456
4914, 76, 54, 382, 23, 0, 9.48%, 44, 0, 5, 15335.34, 77159558, 456
4919, 76, 153, 382, 23, 0, 9.48%, 44, 0, 5, 15447.64, 77239685, 456
4925, 76, 145, 382, 23, 0, 9.48%, 44, 0, 5, 15177.61, 77318691, 456
4930, 76, 60, 382, 23, 0, 9.48%, 44, 0, 5, 15288.48, 77398289, 456
4935, 76, 164, 382, 23, 0, 9.48%, 44, 0, 5, 15425.67, 77476399, 456
4940, 77, 165, 382, 23, 0, 9.48%, 44, 0, 5, 15571.32, 77556766, 456
4945, 77, 221, 382, 23, 0, 9.48%, 44, 0, 5, 15349.98, 77636885, 456
4950, 77, 46, 382, 23, 0, 9.48%, 44, 0, 5, 15368.71, 77715780, 456
4956, 77, 40, 382, 23, 0, 9.48%, 44, 0, 5, 15579.84, 77796955, 456
4961, 77, 199, 382, 23, 0, 9.48%, 44, 0, 5, 15022.07, 77873430, 456
4966, 77, 54, 382, 23, 0, 9.48%, 44, 0, 5, 15073.44, 77951029, 456
4971, 77, 46, 382, 23, 0, 9.48%, 44, 0, 5, 15871.93, 78034094, 456
4976, 77, 367, 382, 23, 0, 9.48%, 44, 0, 5, 15062.46, 78111957, 456
4981, 77, 221, 382, 23, 0, 9.48%, 44, 0, 5, 13777.07, 78171394, 456
4986, 77, 46, 382, 23, 0, 9.48%, 44, 0, 5, 13456.58, 78241706, 456
4992, 77, 20, 382, 23, 0, 9.48%, 44, 0, 5, 14911.97, 78321672, 456
4997, 77, 151, 382, 23, 0, 9.48%, 44, 0, 5, 14636.63, 78397798, 456
5002, 77, 22, 382, 23, 0, 9.48%, 44, 0, 5, 15122.25, 78477761, 456
5007, 78, 72, 382, 23, 0, 9.48%, 44, 0, 5, 15521.44, 78557828, 456
5012, 78, 25, 382, 23, 0, 9.48%, 44, 0, 5, 15074.27, 78635838, 456
5018, 78, 25, 382, 23, 0, 9.48%, 44, 0, 5, 15663.71, 78717275, 456
5023, 78, 169, 382, 23, 0, 9.48%, 44, 0, 5, 15332.00, 78797027, 456
5028, 78, 20, 382, 23, 0, 9.48%, 44, 0, 5, 15484.35, 78876667, 456
5033, 78, 221, 382, 23, 0, 9.48%, 44, 0, 5, 15002.67, 78955245, 456
5038, 78, 95, 382, 23, 0, 9.48%, 44, 0, 5, 15159.56, 79031484, 456
5043, 78, 290, 382, 23, 0, 9.48%, 44, 0, 5, 13405.98, 79101008, 456
5048, 78, 20, 382, 22, 0, 9.48%, 44, 0, 5, 14870.97, 79174599, 456
5053, 78, 46, 382, 22, 0, 9.48%, 44, 0, 5, 15210.66, 79252277, 456
5059, 78, 46, 382, 22, 0, 9.48%, 44, 0, 5, 15403.49, 79332254, 456
5064, 78, 159, 382, 22, 0, 9.48%, 44, 0, 5, 14765.35, 79405978, 456
5069, 78, 18, 382, 22, 0, 9.48%, 44, 0, 5, 15665.52, 79487289, 456
5074, 79, 25, 382, 22, 0, 9.48%, 44, 0, 5, 15155.93, 79562310, 456
5079, 79, 131, 382, 22, 0, 9.48%, 44, 0, 5, 15047.84, 79638201, 456
5084, 79, 72, 382, 22, 0, 9.48%, 44, 0, 5, 15404.74, 79718293, 456
5089, 79, 20, 382, 22, 0, 9.48%, 44, 0, 5, 15185.46, 79796545, 456
5094, 79, 159, 382, 22, 0, 9.48%, 44, 0, 5, 15378.21, 79876202, 456
5099, 79, 66, 382, 22, 0, 9.48%, 44, 0, 5, 14984.43, 79954650, 456
5105, 79, 20, 382, 22, 0, 9.48%, 44, 0, 5, 14479.43, 80030006, 456
5110, 79, 20, 382, 22, 0, 9.48%, 44, 0, 5, 15377.25, 80107689, 456
5115, 79, 20, 382, 22, 0, 9.48%, 44, 0, 5, 15534.43, 80185285, 456
5120, 79, 81, 382, 22, 0, 9.48%, 44, 0, 5, 15151.37, 80261889, 456
5125, 79, 81, 382, 22, 0, 9.48%, 44, 0, 5, 15562.91, 80342237, 456
5130, 79, 159, 382, 22, 0, 9.48%, 44, 0, 5, 14817.48, 80419763, 456
5135, 79, 164, 382, 22, 0, 9.48%, 44, 0, 5, 15186.13, 80499476, 456
5140, 80, 190, 382, 22, 0, 9.48%, 44, 0, 5, 15532.32, 80580129, 456
5146, 80, 25, 382, 22, 0, 9.48%, 44, 0, 5, 15434.04, 80660266, 456
5151, 80, 57, 382, 22, 0, 9.48%, 44, 0, 5, 15222.77, 80739188, 456
5156, 80, 63, 382, 22, 0, 9.48%, 44, 0, 5, 15107.72, 80816575, 456
5161, 80, 221, 382, 22, 0, 9.48%, 44, 0, 5, 15284.51, 80896021, 456
5166, 80, 20, 382, 22, 0, 9.48%, 44, 0, 5, 14908.14, 80972114, 456
5171, 80, 182, 382, 22, 0, 9.48%, 44, 0, 5, 15446.30, 81051768, 456
5177, 80, 304, 382, 22, 0, 9.48%, 44, 0, 5, 15131.68, 81128804, 456
5182, 80, 57, 382, 21, 0, 9.48%, 44, 0, 5, 11562.65, 81177341, 456
5187, 80, 25, 382, 21, 0, 9.48%, 44, 0, 5, 14605.17, 81257012, 456
5192, 80, 145, 382, 21, 0, 9.48%, 44, 0, 5, 15248.26, 81337633, 456
5197, 80, 46, 382, 21, 0, 9.48%, 44, 0, 5, 15564.29, 81418605, 456
5202, 80, 131, 382, 21, 0, 9.48%, 44, 0, 5, 15321.14, 81497301, 456
5207, 81, 57, 382, 21, 0, 9.48%, 44, 0, 5, 15286.54, 81575190, 456
5213, 81, 190, 382, 21, 0, 9.48%, 44, 0, 5, 14997.81, 81653319, 456
5218, 81, 57, 382, 21, 0, 9.48%, 44, 0, 5, 15176.00, 81730159, 456
5223, 81, 22, 382, 21, 0, 9.48%, 44, 0, 5, 15595.86, 81811937, 456
5228, 81, 20, 382, 21, 0, 9.48%, 44, 0, 5, 16080.00, 81893497, 456
5233, 81, 46, 382, 21, 0, 9.48%, 44, 0, 5, 15181.84, 81971687, 456
5238, 81, 140, 382, 21, 0, 9.48%, 44, 0, 5, 15775.57, 82053164, 456
5244, 81, 25, 382, 21, 0, 9.48%, 44, 0, 5, 15621.57, 82134040, 456
5249, 81, 54, 382, 21, 0, 9.48%, 44, 0, 5, 15425.82, 82213052, 456
5254, 81, 60, 382, 21, 0, 9.48%, 44, 0, 5, 15480.67, 82294085, 456
5259, 81, 46, 382, 21, 0, 9.48%, 44, 0, 5, 15004.02, 82370869, 456
5264, 81, 165, 382, 21, 0, 9.48%, 44, 0, 5, 15212.55, 82446980, 456
5269, 82, 25, 382, 21, 0, 9.48%, 44, 0, 5, 15535.16, 82527237, 456
5274, 82, 46, 382, 21, 0, 9.48%, 44, 0, 5, 15463.24, 82606070, 456
5279, 82, 57, 382, 21, 0, 9.48%, 44, 0, 5, 15373.62, 82684179, 456
5285, 82, 60, 382, 21, 0, 9.48%, 44, 0, 5, 15511.16, 82763797, 456
5290, 82, 46, 382, 21, 0, 9.48%, 44, 0, 5, 15360.77, 82840962, 456
5295, 82, 159, 382, 21, 0, 9.48%, 44, 0, 5, 15501.61, 82922624, 456
5300, 82, 46, 382, 21, 0, 9.48%, 44, 0, 5, 15796.02, 83003077, 456
5305, 82, 46, 382, 21, 0, 9.48%, 44, 0, 5, 15091.16, 83080499, 456
5310, 82, 40, 382, 21, 0, 9.48%, 44, 0, 5, 15324.30, 83160850, 456
5316, 82, 46, 382, 21, 0, 9.48%, 44, 0, 5, 15157.57, 83238616, 456
5321, 82, 20, 382, 21, 0, 9.48%, 44, 0, 5, 15158.73, 83317319, 456
5326, 82, 46, 382, 21, 0, 9.48%, 44, 0, 5, 14862.95, 83394523, 456
5331, 82, 151, 382, 21, 0, 9.48%, 44, 0, 5, 15331.54, 83474166, 456
5336, 83, 20, 382, 21, 0, 9.48%, 44, 0, 5, 15658.99, 83554514, 456
5341, 83, 153, 382, 21, 0, 9.48%, 44, 0, 5, 15959.45, 83633485, 456
5346, 83, 72, 382, 21, 0, 9.48%, 44, 0, 5, 15711.86, 83713448, 456
5352, 83, 145, 382, 21, 0, 9.48%, 44, 0, 5, 15476.79, 83792643, 456
5357, 83, 20, 382, 21, 0, 9.48%, 44, 0, 5, 15758.05, 83871873, 456
5362, 83, 54, 382, 21, 0, 9.48%, 44, 0, 5, 15755.56, 83952473, 456
5367, 83, 91, 382, 21, 0, 9.48%, 44, 0, 5, 15627.68, 84029646, 456
5372, 83, 20, 382, 21, 0, 9.48%, 44, 0, 5, 15819.96, 84111828, 456
5377, 83, 221, 382, 21, 0, 9.48%, 44, 0, 5, 15184.67, 84188729, 456
5382, 83, 25, 382, 21, 0, 9.48%, 44, 0, 5, 15521.20, 84268200, 456
5388, 83, 20, 382, 21, 0, 9.48%, 44, 0, 5, 15485.94, 84349001, 456
5393, 83, 46, 382, 21, 0, 9.48%, 44, 0, 5, 15536.27, 84430728, 456
5398, 84, 25, 382, 21, 0, 9.48%, 44, 0, 5, 15401.31, 84509605, 456
5403, 84, 46, 382, 21, 0, 9.48%, 44, 0, 5, 15623.21, 84590310, 456
5408, 84, 263, 382, 21, 0, 9.48%, 44, 0, 5, 15384.69, 84668715, 456
5413, 84, 5, 382, 21, 0, 9.48%, 44, 0, 5, 15507.74, 84749019, 456
5419, 84, 20, 382, 21, 0, 9.48%, 44, 0, 5, 14948.30, 84825664, 456
5424, 84, 46, 382, 21, 0, 9.48%, 44, 0, 5, 14727.33, 84902297, 456
5429, 84, 25, 382, 21, 0, 9.48%, 44, 0, 5, 15043.89, 84981068, 456
5434, 84, 221, 382, 21, 0, 9.48%, 44, 0, 5, 15315.33, 85058909, 456
5439, 84, 159, 382, 21, 0, 9.48%, 44, 0, 5, 15517.18, 85138348, 456
5444, 84, 40, 382, 21, 0, 9.48%, 44, 0, 5, 14793.03, 85214117, 456
5449, 84, 151, 382, 21, 0, 9.48%, 44, 0, 5, 15287.33, 85292947, 456
5454, 84, 54, 382, 21, 0, 9.48%, 44, 0, 5, 15186.47, 85369494, 456
5460, 84, 25, 382, 21, 0, 9.48%, 44, 0, 5, 14760.13, 85446438, 456
5465, 85, 20, 382, 21, 0, 9.48%, 44, 0, 5, 15034.80, 85523687, 456
5470, 85, 57, 382, 21, 0, 9.48%, 44, 0, 5, 15048.60, 85601475, 456
5475, 85, 164, 382, 21, 0, 9.48%, 44, 0, 5, 14612.84, 85677354, 456
5480, 85, 20, 382, 21, 0, 9.48%, 44, 0, 5, 15575.80, 85757707, 456
5485, 85, 54, 382, 21, 0, 9.48%, 44, 0, 5, 15226.15, 85836179, 456
5491, 85, 81, 382, 21, 0, 9.48%, 44, 0, 5, 15688.74, 85917181, 456
5496, 85, 81, 382, 21, 0, 9.48%, 44, 0, 5, 14958.58, 85991062, 456
5501, 85, 20, 382, 21, 0, 9.48%, 44, 0, 5, 15418.43, 86070835, 456
5506, 85, 81, 382, 21, 0, 9.48%, 44, 0, 5, 15415.40, 86150855, 456
5511, 85, 46, 382, 21, 0, 9.48%, 44, 0, 5, 15803.00, 86233069, 456
5516, 85, 25, 382, 21, 0, 9.48%, 44, 0, 5, 14840.85, 86307954, 456
5521, 85, 145, 382, 21, 0, 9.48%, 44, 0, 5, 15110.36, 86386610, 456
5526, 85, 46, 382, 21, 0, 9.48%, 44, 0, 5, 15210.94, 86465869, 456
5531, 86, 81, 382, 21, 0, 9.48%, 44, 0, 5, 15263.09, 86541806, 456
5537, 86, 20, 382, 21, 0, 9.48%, 44, 0, 5, 14790.86, 86617808, 456
5542, 86, 54, 382, 21, 0, 9.48%, 44, 0, 5, 15304.21, 86698984, 456
5547, 86, 20, 382, 21, 0, 9.48%, 44, 0, 5, 15443.48, 86778058, 456
5552, 86, 72, 382, 21, 0, 9.48%, 44, 0, 5, 15623.02, 86857930, 456
5557, 86, 46, 382, 21, 0, 9.48%, 44, 0, 5, 15353.43, 86936398, 456
5562, 86, 46, 382, 21, 0, 9.48%, 44, 0, 5, 15414.23, 87014595, 456
5568, 86, 40, 382, 21, 0, 9.48%, 44, 0, 5, 15128.07, 87093237, 456
5573, 86, 221, 382, 21, 0, 9.48%, 44, 0, 5, 15118.37, 87170947, 456
5578, 86, 66, 382, 21, 0, 9.48%, 44, 0, 5, 15361.73, 87249663, 456
5583, 86, 78, 382, 21, 0, 9.48%, 44, 0, 5, 14876.05, 87326428, 456
5588, 86, 60, 382, 21, 0, 9.48%, 44, 0, 5, 14984.19, 87403210, 456
5593, 87, 63, 382, 21, 0, 9.48%, 44, 0, 5, 15114.74, 87482087, 456
5598, 87, 20, 382, 21, 0, 9.48%, 44, 0, 5, 15280.25, 87560413, 456
5604, 87, 20, 382, 21, 0, 9.48%, 44, 0, 5, 15213.15, 87638563, 456
5609, 87, 72, 382, 21, 0, 9.48%, 44, 0, 5, 14818.41, 87712752, 456
5614, 87, 25, 382, 21, 0, 9.48%, 44, 0, 5, 15464.68, 87790875, 456
5619, 87, 46, 382, 21, 0, 9.48%, 44, 0, 5, 15358.19, 87870598, 456
5624, 87, 81, 382, 21, 0, 9.48%, 44, 0, 5, 15373.66, 87951088, 456
5629, 87, 135, 382, 21, 0, 9.48%, 44, 0, 5, 15247.36, 88028717, 456
5634, 87, 20, 382, 21, 0, 9.48%, 44, 0, 5, 15584.37, 88108110, 456
5639, 87, 46, 382, 21, 0, 9.48%, 44, 0, 5, 15590.71, 88188818, 456
5645, 87, 25, 382, 21, 0, 9.48%, 44, 0, 5, 15392.83, 88267753, 456
5650, 87, 135, 382, 21, 0, 9.48%, 44, 0, 5, 15800.96, 88348440, 456
5655, 87, 20, 382, 21, 0, 9.48%, 44, 0, 5, 14740.09, 88424236, 456
5660, 88, 25, 382, 21, 0, 9.48%, 44, 0, 5, 15585.77, 88505650, 456
5665, 88, 20, 382, 21, 0, 9.48%, 44, 0, 5, 15032.07, 88584124, 456
5670, 88, 221, 382, 21, 0, 9.48%, 44, 0, 5, 15138.68, 88661967, 456
5675, 88, 22, 382, 21, 0, 9.48%, 44, 0, 5, 14649.90, 88737236, 456
5681, 88, 46, 382, 21, 0, 9.48%, 44, 0, 5, 15377.34, 88817730, 456
5686, 88, 57, 382, 21, 0, 9.48%, 44, 0, 5, 15494.23, 88897820, 456
5691, 88, 66, 382, 21, 0, 9.48%, 44, 0, 5, 15501.93, 88975622, 456
5696, 88, 46, 382, 21, 0, 9.48%, 44, 0, 5, 15461.39, 89055729, 456
5701, 88, 63, 382, 21, 0, 9.48%, 44, 0, 5, 15161.02, 89133377, 456
5706, 88, 25, 382, 21, 0, 9.48%, 44, 0, 5, 15442.10, 89208434, 456
5711, 88, 20, 382, 21, 0, 9.48%, 44, 0, 5, 15479.43, 89288409, 456
5716, 88, 57, 382, 21, 0, 9.48%, 44, 0, 5, 15551.92, 89368263, 456
5722, 88, 54, 382, 21, 0, 9.48%, 44, 0, 5, 15794.06, 89449943, 456
5727, 89, 22, 382, 21, 0, 9.48%, 44, 0, 5, 15556.88, 89530038, 456
5732, 89, 25, 382, 21, 0, 9.48%, 44, 0, 5, 15510.15, 89609692, 456
5737, 89, 78, 382, 21, 0, 9.48%, 44, 0, 5, 15391.33, 89689800, 456
5742, 89, 83, 382, 21, 0, 9.48%, 44, 0, 5, 15313.93, 89768506, 456
5747, 89, 46, 382, 21, 0, 9.48%, 44, 0, 5, 15392.49, 89844312, 456
5752, 89, 25, 382, 21, 0, 9.48%, 44, 0, 5, 15111.39, 89922735, 456
5758, 89, 181, 382, 21, 0, 9.48%, 44, 0, 5, 15265.47, 90001162, 456
5763, 89, 54, 382, 21, 0, 9.48%, 44, 0, 5, 15661.97, 90083177, 456
5768, 89, 221, 382, 21, 0, 9.48%, 44, 0, 5, 15530.64, 90163677, 456
5773, 89, 40, 382, 21, 0, 9.48%, 44, 0, 5, 15446.33, 90244053, 456
5778, 89, 20, 382, 21, 0, 9.48%, 44, 0, 5, 14830.47, 90321071, 456
5783, 89, 46, 382, 21, 0, 9.48%, 44, 0, 5, 15247.91, 90401313, 456
5788, 89, 20, 382, 21, 0, 9.48%, 44, 0, 5, 15404.78, 90478151, 456
5794, 90, 20, 382, 21, 0, 9.48%, 44, 0, 5, 15645.60, 90558407, 456
5799, 90, 81, 382, 21, 0, 9.48%, 44, 0, 5, 15391.74, 90637703, 456
5804, 90, 25, 382, 21, 0, 9.48%, 44, 0, 5, 14981.72, 90715118, 456
5809, 90, 159, 382, 21, 0, 9.48%, 44, 0, 5, 15187.45, 90793453, 456
5814, 90, 20, 382, 21, 0, 9.48%, 44, 0, 5, 15684.78, 90874831, 456
5819, 90, 221, 382, 21, 0, 9.48%, 44, 0, 5, 15094.48, 90952137, 456
5825, 90, 159, 382, 21, 0, 9.48%, 44, 0, 5, 14830.35, 91028923, 456
5830, 90, 81, 382, 21, 0, 9.48%, 44, 0, 5, 15020.62, 91106128, 456
5835, 90, 25, 382, 21, 0, 9.48%, 44, 0, 5, 14935.35, 91183004, 456
5840, 90, 60, 382, 21, 0, 9.48%, 44, 0, 5, 14830.97, 91256901, 456
5845, 90, 46, 382, 21, 0, 9.48%, 44, 0, 5, 15245.28, 91335913, 456
5850, 90, 46, 382, 21, 0, 9.48%, 44, 0, 5, 14831.66, 91412193, 456
5855, 90, 5, 382, 21, 0, 9.48%, 44, 0, 5, 14908.69, 91489645, 456
5861, 91, 57, 382, 21, 0, 9.48%, 44, 0, 5, 15301.95, 91569705, 456
5866, 91, 263, 382, 21, 0, 9.48%, 44, 0, 5, 15247.36, 91648063, 456
5871, 91, 25, 382, 21, 0, 9.48%, 44, 0, 5, 15323.91, 91727837, 456
5876, 91, 25, 382, 21, 0, 9.48%, 44, 0, 5, 15163.10, 91805913, 456
5881, 91, 66, 382, 21, 0, 9.48%, 44, 0, 5, 14932.37, 91881721, 456
5886, 91, 25, 382, 21, 0, 9.48%, 44, 0, 5, 15184.34, 91958731, 456
5891, 91, 63, 382, 21, 0, 9.48%, 44, 0, 5, 15519.79, 92039497, 456
5897, 91, 159, 382, 21, 0, 9.48%, 44, 0, 5, 14836.92, 92114616, 456
5902, 91, 46, 382, 21, 0, 9.48%, 44, 0, 5, 15269.87, 92194760, 456
5907, 91, 20, 382, 21, 0, 9.48%, 44, 0, 5, 14732.74, 92270559, 456
5912, 91, 159, 382, 21, 0, 9.48%, 44, 0, 5, 15417.35, 92350317, 456
5917, 91, 20, 382, 21, 0, 9.48%, 44, 0, 5, 15160.96, 92427534, 456
5922, 92, 5, 382, 21, 0, 9.48%, 44, 0, 5, 16084.41, 92510064, 456
5927, 92, 63, 382, 21, 0, 9.48%, 44, 0, 5, 15004.08, 92587651, 456
5933, 92, 20, 382, 20, 0, 9.48%, 44, 0, 5, 13976.45, 92651973, 456
5938, 92, 46, 382, 20, 0, 9.48%, 44, 0, 5, 14806.66, 92729958, 456
5943, 92, 83, 382, 20, 0, 9.48%, 44, 0, 5, 15263.78, 92807520, 456
5948, 92, 54, 382, 20, 0, 9.48%, 44, 0, 5, 15202.26, 92885467, 456
5953, 92, 151, 382, 20, 0, 9.48%, 44, 0, 5, 15390.26, 92965939, 456
5958, 92, 190, 382, 20, 0, 9.48%, 44, 0, 5, 14858.53, 93042412, 456
5963, 92, 66, 382, 20, 0, 9.48%, 44, 0, 5, 14987.65, 93122197, 456
5969, 92, 20, 382, 20, 0, 9.48%, 44, 0, 5, 15177.11, 93201003, 456
5974, 92, 190, 382, 20, 0, 9.48%, 44, 0, 5, 15190.55, 93279939, 456
5979, 92, 81, 382, 20, 0, 9.48%, 44, 0, 5, 15170.37, 93356424, 456
5984, 92, 81, 382, 20, 0, 9.48%, 44, 0, 5, 15482.76, 93435673, 456
5989, 93, 25, 382, 20, 0, 9.48%, 44, 0, 5, 15393.41, 93514237, 456
5994, 93, 54, 382, 20, 0, 9.48%, 44, 0, 5, 14985.31, 93588629, 456
5999, 93, 25, 382, 20, 0, 9.48%, 44, 0, 5, 15401.69, 93668120, 456
6005, 93, 66, 382, 20, 0, 9.48%, 44, 0, 5, 15371.58, 93748321, 456
6010, 93, 22, 382, 20, 0, 9.48%, 44, 0, 5, 15286.09, 93825775, 456
6015, 93, 20, 382, 20, 0, 9.48%, 44, 0, 5, 14837.65, 93901923, 456
6020, 93, 46, 382, 20, 0, 9.48%, 44, 0, 5, 15335.82, 93980837, 456
6025, 93, 66, 382, 20, 0, 9.48%, 44, 0, 5, 15204.69, 94058999, 456
6030, 93, 40, 382, 20, 0, 9.48%, 44, 0, 5, 13951.51, 94125534, 456
6035, 93, 81, 382, 20, 0, 9.48%, 44, 0, 5, 14406.73, 94199584, 456
6041, 93, 22, 382, 20, 0, 9.48%, 44, 0, 5, 15638.73, 94280563, 456
6046, 93, 81, 382, 20, 0, 9.48%, 44, 0, 5, 15227.34, 94359679, 456
6051, 93, 153, 382, 20, 0, 9.48%, 44, 0, 5, 15042.30, 94438332, 456
6056, 93, 22, 382, 20, 0, 9.48%, 44, 0, 5, 15482.54, 94519520, 456
6061, 94, 54, 382, 20, 0, 9.48%, 44, 0, 5, 15616.98, 94601324, 456
6066, 94, 20, 382, 20, 0, 9.48%, 44, 0, 5, 15380.26, 94680354, 456
6072, 94, 169, 382, 20, 0, 9.48%, 44, 0, 5, 15786.58, 94762716, 456
6077, 94, 25, 382, 20, 0, 9.48%, 44, 0, 5, 15358.49, 94841591, 456
6082, 94, 46, 382, 20, 0, 9.48%, 44, 0, 5, 15442.64, 94920813, 456
6087, 94, 46, 382, 20, 0, 9.48%, 44, 0, 5, 15002.59, 94997880, 456
6092, 94, 78, 382, 20, 0, 9.48%, 44, 0, 5, 15606.75, 95079177, 456
6097, 94, 20, 382, 20, 0, 9.48%, 44, 0, 5, 15300.08, 95154489, 456
6102, 94, 46, 382, 20, 0, 9.48%, 44, 0, 5, 15497.88, 95233753, 456
6108, 94, 25, 382, 20, 0, 9.48%, 44, 0, 5, 15558.60, 95313841, 456
6113, 94, 137, 382, 20, 0, 9.48%, 44, 0, 5, 15331.91, 95392872, 456
6118, 94, 20, 382, 20, 0, 9.48%, 44, 0, 5, 15452.07, 95472598, 456
6123, 95, 20, 382, 20, 0, 9.48%, 44, 0, 5, 15320.57, 95553062, 456
6128, 95, 46, 382, 20, 0, 9.48%, 44, 0, 5, 15184.52, 95632098, 456
6133, 95, 46, 382, 20, 0, 9.48%, 44, 0, 5, 15527.77, 95712703, 456
6139, 95, 25, 382, 20, 0, 9.48%, 44, 0, 5, 15567.87, 95792286, 456
6144, 95, 40, 382, 20, 0, 9.48%, 44, 0, 5, 15045.92, 95871671, 456
6149, 95, 151, 382, 20, 0, 9.48%, 44, 0, 5, 14731.11, 95946803, 456
6154, 95, 81, 382, 19, 0, 9.48%, 44, 0, 5, 14190.91, 96017903, 456
6159, 95, 83, 382, 19, 0, 9.48%, 44, 0, 5, 15010.04, 96096499, 456
6165, 95, 378, 382, 19, 0, 9.48%, 44, 0, 5, 14264.59, 96172813, 456
6170, 95, 378, 382, 19, 0, 9.48%, 44, 0, 5, 7321.69, 96196171, 456
6175, 95, 46, 382, 18, 0, 9.48%, 44, 0, 5, 9019.71, 96238228, 456
6180, 95, 46, 382, 18, 0, 9.48%, 44, 0, 5, 14546.00, 96320612, 456
6185, 95, 263, 382, 18, 0, 9.48%, 44, 0, 5, 14763.20, 96396682, 456
6190, 95, 78, 382, 18, 0, 9.48%, 44, 0, 5, 15291.28, 96476341, 456
6195, 95, 190, 382, 18, 0, 9.48%, 44, 0, 5, 14830.68, 96553092, 456
6200, 96, 46, 382, 18, 0, 9.48%, 44, 0, 5, 15506.02, 96633271, 456
6206, 96, 83, 382, 18, 0, 9.48%, 44, 0, 5, 15474.74, 96713301, 456
6211, 96, 60, 382, 18, 0, 9.48%, 44, 0, 5, 15805.88, 96795563, 456
6216, 96, 153, 382, 18, 0, 9.48%, 44, 0, 5, 15111.74, 96874530, 456
6221, 96, 40, 382, 18, 0, 9.48%, 44, 0, 5, 15150.89, 96953676, 456
6226, 96, 54, 382, 18, 0, 9.48%, 44, 0, 5, 14863.45, 97028888, 456
6232, 96, 221, 382, 18, 0, 9.48%, 44, 0, 5, 15412.75, 97110066, 456
6237, 96, 57, 382, 18, 0, 9.48%, 44, 0, 5, 15504.60, 97189904, 456
6242, 96, 72, 382, 18, 0, 9.48%, 44, 0, 5, 15315.06, 97269238, 456
6247, 96, 87, 382, 18, 0, 9.48%, 44, 0, 5, 15224.78, 97348142, 456
6252, 96, 46, 382, 18, 0, 9.48%, 44, 0, 5, 15292.24, 97427541, 456
6257, 96, 54, 382, 18, 0, 9.48%, 44, 0, 5, 15633.03, 97507068, 456
6263, 96, 78, 382, 18, 0, 9.48%, 44, 0, 5, 15766.79, 97588245, 456
6268, 97, 54, 382, 18, 0, 9.48%, 44, 0, 5, 15610.85, 97669565, 456
6273, 97, 20, 382, 18, 0, 9.48%, 44, 0, 5, 15285.40, 97747164, 456
6278, 97, 159, 382, 18, 0, 9.48%, 44, 0, 5, 15454.21, 97826985, 456
6283, 97, 83, 382, 18, 0, 9.48%, 44, 0, 5, 15371.19, 97905390, 456
6288, 97, 20, 382, 18, 0, 9.48%, 44, 0, 5, 15126.86, 97979893, 456
6293, 97, 151, 382, 18, 0, 9.48%, 44, 0, 5, 15491.74, 98057157, 456
6298, 97, 46, 382, 18, 0, 9.48%, 44, 0, 5, 15226.80, 98136420, 456
6303, 97, 20, 382, 18, 0, 9.48%, 44, 0, 5, 15661.78, 98216735, 456
6308, 97, 25, 382, 17, 0, 9.48%, 44, 0, 5, 13033.36, 98279847, 456
6314, 97, 87, 382, 17, 0, 9.48%, 44, 0, 5, 14984.08, 98357977, 456
6319, 97, 151, 382, 17, 0, 9.48%, 44, 0, 5, 14713.70, 98434197, 456
6324, 97, 20, 382, 17, 0, 9.48%, 44, 0, 5, 15020.86, 98511835, 456
6329, 97, 20, 382, 17, 0, 9.48%, 44, 0, 5, 15301.46, 98589822, 456
6334, 98, 54, 382, 17, 0, 9.48%, 44, 0, 5, 15643.67, 98667991, 456
6339, 98, 40, 382, 17, 0, 9.48%, 44, 0, 5, 15578.20, 98747738, 456
6344, 98, 25, 382, 17, 0, 9.48%, 44, 0, 5, 15593.47, 98826628, 456
6350, 98, 20, 382, 17, 0, 9.48%, 44, 0, 5, 15208.59, 98905869, 456
6355, 98, 46, 382, 17, 0, 9.48%, 44, 0, 5, 15579.10, 98986668, 456
6360, 98, 151, 382, 17, 0, 9.48%, 44, 0, 5, 15294.27, 99064694, 456
6365, 98, 46, 382, 17, 0, 9.48%, 44, 0, 5, 15222.57, 99143863, 456
6370, 98, 151, 382, 17, 0, 9.48%, 44, 0, 5, 15541.37, 99223866, 456
6375, 98, 25, 382, 17, 0, 9.48%, 44, 0, 5, 15298.82, 99303431, 456
6381, 98, 46, 382, 17, 0, 9.48%, 44, 0, 5, 15358.75, 99382850, 456
6386, 98, 169, 382, 17, 0, 9.48%, 44, 0, 5, 15037.94, 99460822, 456
6391, 98, 81, 382, 17, 0, 9.48%, 44, 0, 5, 15348.15, 99537995, 456
6396, 98, 153, 382, 17, 0, 9.48%, 44, 0, 5, 15426.88, 99617312, 456
6401, 99, 60, 382, 17, 0, 9.48%, 44, 0, 5, 14941.38, 99695815, 456
6406, 99, 20, 382, 17, 0, 9.48%, 44, 0, 5, 15127.00, 99774376, 456
6411, 99, 199, 382, 17, 0, 9.48%, 44, 0, 5, 15781.72, 99853545, 456
6416, 99, 190, 382, 17, 0, 9.48%, 44, 0, 5, 15266.12, 99931674, 456
6421, 99, 221, 382, 17, 0, 9.48%, 44, 0, 5, 14545.68, 100005084, 456
6427, 99, 20, 382, 17, 0, 9.48%, 44, 0, 5, 14990.53, 100080080, 456
6432, 99, 54, 382, 17, 0, 9.48%, 44, 0, 5, 14928.11, 100156809, 456
6437, 99, 81, 382, 17, 0, 9.48%, 44, 0, 5, 14752.93, 100232286, 456
6442, 99, 164, 382, 17, 0, 9.48%, 44, 0, 5, 15456.94, 100313669, 456
6447, 99, 25, 382, 17, 0, 9.48%, 44, 0, 5, 15828.43, 100395292, 456
6452, 99, 169, 382, 17, 0, 9.48%, 44, 0, 5, 15396.43, 100473416, 456
6458, 99, 25, 382, 17, 0, 9.48%, 44, 0, 5, 15037.55, 100549809, 456
6463, 100, 46, 382, 17, 0, 9.48%, 44, 0, 5, 14645.85, 100625656, 456
6468, 100, 30, 382, 17, 0, 9.48%, 44, 0, 5, 14492.22, 100699355, 456
6473, 100, 20, 382, 17, 0, 9.48%, 44, 0, 5, 14416.08, 100776086, 456
6478, 100, 159, 382, 17, 0, 9.48%, 44, 0, 5, 14899.87, 100855285, 456
6483, 100, 169, 382, 17, 0, 9.48%, 44, 0, 5, 15030.47, 100931716, 456
6488, 100, 46, 382, 17, 0, 9.48%, 44, 0, 5, 15232.05, 101011463, 456
6494, 100, 54, 382, 17, 0, 9.48%, 44, 0, 5, 14840.67, 101088476, 456
6499, 100, 57, 382, 17, 0, 9.48%, 44, 0, 5, 15027.48, 101164366, 456
6504, 100, 25, 382, 17, 0, 9.48%, 44, 0, 5, 15159.38, 101243189, 456
6509, 100, 83, 382, 17, 0, 9.48%, 44, 0, 5, 14977.71, 101320636, 456
6514, 100, 20, 382, 17, 0, 9.48%, 44, 0, 5, 15361.94, 101400880, 456
6519, 100, 25, 382, 17, 0, 9.48%, 44, 0, 5, 15165.66, 101478698, 456
6524, 100, 20, 382, 17, 0, 9.48%, 44, 0, 5, 15134.33, 101556019, 456
6530, 101, 20, 382, 17, 0, 9.48%, 44, 0, 5, 14548.67, 101631139, 456
6535, 101, 83, 382, 17, 0, 9.48%, 44, 0, 5, 14595.78, 101706479, 456
6540, 101, 46, 382, 17, 0, 9.48%, 44, 0, 5, 15009.86, 101782412, 456
6545, 101, 25, 382, 17, 0, 9.48%, 44, 0, 5, 15208.09, 101860451, 456
6550, 101, 151, 382, 17, 0, 9.48%, 44, 0, 5, 15042.46, 101938855, 456
6555, 101, 46, 382, 17, 0, 9.48%, 44, 0, 5, 15146.53, 102017352, 456
6561, 101, 81, 382, 17, 0, 9.48%, 44, 0, 5, 15322.28, 102096390, 456
6566, 101, 46, 382, 17, 0, 9.48%, 44, 0, 5, 15414.52, 102174819, 456
6571, 101, 25, 382, 17, 0, 9.48%, 44, 0, 5, 15387.38, 102254243, 456
6576, 101, 25, 382, 17, 0, 9.48%, 44, 0, 5, 15469.78, 102334559, 456
6581, 101, 20, 382, 17, 0, 9.48%, 44, 0, 5, 15497.67, 102414342, 456
6586, 101, 165, 382, 17, 0, 9.48%, 44, 0, 5, 15617.73, 102494770, 456
6591, 101, 365, 382, 17, 0, 9.48%, 44, 0, 5, 14591.92, 102568875, 456
6596, 102, 20, 382, 16, 0, 9.48%, 44, 0, 5, 14397.32, 102637867, 456
6602, 102, 81, 382, 16, 0, 9.48%, 44, 0, 5, 15463.05, 102718552, 456
6607, 102, 20, 382, 16, 0, 9.48%, 44, 0, 5, 14653.79, 102792656, 456
6612, 102, 221, 382, 16, 0, 9.48%, 44, 0, 5, 15180.56, 102871692, 456
6617, 102, 20, 382, 16, 0, 9.48%, 44, 0, 5, 14545.41, 102946704, 456
6622, 102, 25, 382, 16, 0, 9.48%, 44, 0, 5, 14796.21, 103020632, 456
6627, 102, 25, 382, 16, 0, 9.48%, 44, 0, 5, 15345.29, 103100227, 456
6632, 102, 20, 382, 16, 0, 9.48%, 44, 0, 5, 15084.88, 103177739, 456
6637, 102, 46, 382, 16, 0, 9.48%, 44, 0, 5, 15029.41, 103252774, 456
6643, 102, 81, 382, 16, 0, 9.48%, 44, 0, 5, 15580.87, 103333333, 456
6648, 102, 159, 382, 16, 0, 9.48%, 44, 0, 5, 15546.12, 103413253, 456
6653, 102, 54, 382, 16, 0, 9.48%, 44, 0, 5, 15321.52, 103492755, 456
6658, 102, 54, 382, 16, 0, 9.48%, 44, 0, 5, 15637.19, 103573593, 456
6663, 103, 20, 382, 16, 0, 9.48%, 44, 0, 5, 15180.75, 103651870, 456
6668, 103, 83, 382, 16, 0, 9.48%, 44, 0, 5, 15599.94, 103732136, 456
6674, 103, 46, 382, 16, 0, 9.48%, 44, 0, 5, 15185.78, 103811214, 456
6679, 103, 159, 382, 16, 0, 9.48%, 44, 0, 5, 15049.13, 103887767, 456
6684, 103, 83, 382, 16, 0, 9.48%, 44, 0, 5, 14601.78, 103961451, 456
6689, 103, 46, 382, 16, 0, 9.48%, 44, 0, 5, 14716.76, 104038929, 456
6694, 103, 20, 382, 16, 0, 9.48%, 44, 0, 5, 14706.70, 104113961, 456
6699, 103, 25, 382, 16, 0, 9.48%, 44, 0, 5, 15245.88, 104192648, 456
6704, 103, 153, 382, 16, 0, 9.48%, 44, 0, 5, 15287.41, 104272453, 456
6709, 103, 72, 382, 16, 0, 9.48%, 44, 0, 5, 15641.43, 104350267, 456
6715, 103, 83, 382, 16, 0, 9.48%, 44, 0, 5, 15265.83, 104429476, 456
6720, 103, 25, 382, 16, 0, 9.48%, 44, 0, 5, 15267.77, 104507839, 456
6725, 104, 190, 382, 16, 0, 9.48%, 44, 0, 5, 15501.80, 104588355, 456
6730, 104, 72, 382, 16, 0, 9.48%, 44, 0, 5, 15389.07, 104666768, 456
6735, 104, 81, 382, 16, 0, 9.48%, 44, 0, 5, 15076.91, 104744116, 456
6740, 104, 20, 382, 16, 0, 9.48%, 44, 0, 5, 15104.89, 104823369, 456
6746, 104, 46, 382, 16, 0, 9.48%, 44, 0, 5, 14784.66, 104899875, 456
6751, 104, 81, 382, 16, 0, 9.48%, 44, 0, 5, 15081.31, 104977987, 456
6756, 104, 81, 382, 16, 0, 9.48%, 44, 0, 5, 14591.71, 105050658, 456
6761, 104, 72, 382, 16, 0, 9.48%, 44, 0, 5, 15405.95, 105130454, 456
6766, 104, 182, 382, 16, 0, 9.48%, 44, 0, 5, 15464.08, 105210129, 456
6771, 104, 25, 382, 16, 0, 9.48%, 44, 0, 5, 14748.50, 105286741, 456
6776, 104, 20, 382, 16, 0, 9.48%, 44, 0, 5, 14907.75, 105364188, 456
6782, 104, 95, 382, 16, 0, 9.48%, 44, 0, 5, 15041.71, 105443199, 456
6787, 104, 131, 382, 16, 0, 9.48%, 44, 0, 5, 14612.75, 105518055, 456
6792, 105, 20, 382, 16, 0, 9.48%, 44, 0, 5, 15423.16, 105595931, 456
6797, 105, 25, 382, 16, 0, 9.48%, 44, 0, 5, 15054.64, 105673434, 456
6802, 105, 153, 382, 16, 0, 9.48%, 44, 0, 5, 14908.47, 105750486, 456
6807, 105, 20, 382, 16, 0, 9.48%, 44, 0, 5, 14946.61, 105826956, 456
6812, 105, 57, 382, 16, 0, 9.48%, 44, 0, 5, 15371.20, 105906956, 456
6817, 105, 312, 382, 16, 0, 9.48%, 45, 0, 5, 13733.09, 105976596, 456
6823, 105, 22, 382, 16, 0, 9.48%, 45, 0, 5, 14483.54, 106048843, 456
6828, 105, 20, 382, 16, 0, 9.48%, 45, 0, 5, 15068.29, 106126932, 456
6833, 105, 25, 382, 16, 0, 9.48%, 45, 0, 5, 15102.16, 106205558, 456
6838, 105, 362, 382, 16, 0, 9.48%, 45, 0, 5, 2371.04, 106272385, 456
6843, 105, 72, 382, 15, 0, 9.48%, 45, 0, 5, 8366.14, 106318606, 456
6848, 105, 46, 382, 15, 0, 9.48%, 45, 0, 5, 13539.48, 106394735, 456
6853, 105, 159, 382, 15, 0, 9.48%, 45, 0, 5, 14837.54, 106473035, 456
6859, 105, 25, 382, 15, 0, 9.48%, 45, 0, 5, 15219.68, 106550457, 456
6864, 106, 20, 382, 15, 0, 9.48%, 45, 0, 5, 15362.16, 106630412, 456
6869, 106, 151, 382, 15, 0, 9.48%, 45, 0, 5, 14932.39, 106707179, 456
6874, 106, 20, 382, 15, 0, 9.48%, 45, 0, 5, 15498.36, 106787527, 456
6879, 106, 83, 382, 15, 0, 9.48%, 45, 0, 5, 15841.01, 106868944, 456
6884, 106, 46, 382, 15, 0, 9.48%, 45, 0, 5, 14914.59, 106944699, 456
6889, 106, 72, 382, 15, 0, 9.48%, 45, 0, 5, 14914.73, 107021890, 456
6895, 106, 25, 382, 15, 0, 9.48%, 45, 0, 5, 15649.58, 107103679, 456
6900, 106, 60, 382, 15, 0, 9.48%, 45, 0, 5, 15513.05, 107184273, 456
6905, 106, 57, 382, 15, 0, 9.48%, 45, 0, 5, 15431.16, 107262949, 456
6910, 106, 83, 382, 15, 0, 9.48%, 45, 0, 5, 15388.47, 107340887, 456
6915, 106, 57, 382, 15, 0, 9.48%, 45, 0, 5, 15177.82, 107420290, 456
6920, 106, 46, 382, 15, 0, 9.48%, 45, 0, 5, 15786.74, 107502499, 456
6925, 107, 46, 382, 15, 0, 9.48%, 45, 0, 5, 15368.04, 107579948, 456
6931, 107, 46, 382, 15, 0, 9.48%, 45, 0, 5, 15269.55, 107659416, 456
6936, 107, 263, 382, 15, 0, 9.48%, 45, 0, 5, 15142.58, 107737625, 456
6941, 107, 20, 382, 15, 0, 9.48%, 45, 0, 5, 15591.29, 107818151, 456
6946, 107, 190, 382, 15, 0, 9.48%, 45, 0, 5, 15189.62, 107894649, 456
6951, 107, 25, 382, 15, 0, 9.48%, 45, 0, 5, 15546.89, 107974245, 456
6956, 107, 20, 382, 15, 0, 9.48%, 45, 0, 5, 15454.82, 108053456, 456
6962, 107, 57, 382, 15, 0, 9.48%, 45, 0, 5, 15152.26, 108131540, 456
6967, 107, 81, 382, 15, 0, 9.48%, 45, 0, 5, 15446.70, 108210207, 456
6972, 107, 57, 382, 15, 0, 9.48%, 45, 0, 5, 15322.34, 108287350, 456
6977, 107, 159, 382, 15, 0, 9.48%, 45, 0, 5, 15383.77, 108364141, 456
6982, 107, 20, 382, 15, 0, 9.48%, 45, 0, 5, 15679.56, 108446174, 456
6987, 107, 20, 382, 15, 0, 9.48%, 45, 0, 5, 15110.36, 108523578, 456
6992, 108, 60, 384, 17, 0, 9.48%, 45, 0, 5, 15397.01, 108603907, 456
6997, 108, 46, 384, 17, 0, 9.48%, 45, 0, 5, 14875.21, 108680055, 456
7003, 108, 164, 384, 17, 0, 9.48%, 45, 0, 5, 14625.49, 108757226, 456
7008, 108, 81, 384, 17, 0, 9.48%, 45, 0, 5, 14412.88, 108832510, 456
7013, 108, 63, 384, 17, 0, 9.48%, 45, 0, 5, 14762.93, 108909835, 456
7018, 108, 46, 384, 17, 0, 9.48%, 45, 0, 5, 15061.06, 108988690, 456
7023, 108, 166, 384, 17, 0, 9.48%, 45, 0, 5, 14771.23, 109065725, 456
7028, 108, 159, 384, 17, 0, 9.48%, 45, 0, 5, 14792.32, 109141185, 456
7034, 108, 60, 384, 17, 0, 9.48%, 45, 0, 5, 14612.67, 109218316, 456
7039, 108, 54, 384, 17, 0, 9.48%, 45, 0, 5, 14672.72, 109294529, 456
7044, 108, 40, 384, 17, 0, 9.48%, 45, 0, 5, 14666.67, 109371001, 456
7049, 108, 20, 384, 17, 0, 9.48%, 45, 0, 5, 13699.46, 109440681, 456
7054, 108, 5, 384, 17, 0, 9.48%, 45, 0, 5, 15148.34, 109520206, 456
7059, 108, 20, 384, 17, 0, 9.48%, 45, 0, 5, 15605.84, 109601573, 456
7065, 109, 25, 384, 17, 0, 9.48%, 45, 0, 5, 15383.17, 109682170, 456
7070, 109, 25, 384, 17, 0, 9.48%, 45, 0, 5, 15354.33, 109761380, 456
7075, 109, 63, 384, 17, 0, 9.48%, 45, 0, 5, 14797.38, 109837526, 456
7080, 109, 78, 384, 17, 0, 9.48%, 45, 0, 5, 14695.78, 109913236, 456
7085, 109, 46, 384, 17, 0, 9.48%, 45, 0, 5, 14277.33, 109985991, 456
7091, 109, 190, 384, 17, 0, 9.48%, 45, 0, 5, 14776.22, 110062113, 456
7096, 109, 165, 384, 17, 0, 9.48%, 45, 0, 5, 14979.98, 110139583, 456
7101, 109, 153, 384, 17, 0, 9.48%, 45, 0, 5, 15407.31, 110219787, 456
7106, 109, 151, 384, 17, 0, 9.48%, 45, 0, 5, 14611.54, 110295461, 456
7111, 109, 63, 384, 17, 0, 9.48%, 45, 0, 5, 14880.31, 110372787, 456
7116, 109, 57, 384, 17, 0, 9.48%, 45, 0, 5, 15146.30, 110450814, 456
7122, 109, 221, 384, 17, 0, 9.48%, 45, 0, 5, 15270.80, 110529904, 456
7127, 109, 159, 384, 17, 0, 9.48%, 45, 0, 5, 15168.77, 110607537, 456
7132, 110, 46, 384, 17, 0, 9.48%, 45, 0, 5, 15361.02, 110685485, 456
7137, 110, 221, 384, 17, 0, 9.48%, 45, 0, 5, 15388.30, 110764426, 456
7142, 110, 182, 384, 17, 0, 9.48%, 45, 0, 5, 15153.55, 110842719, 456
7147, 110, 25, 384, 17, 0, 9.48%, 45, 0, 5, 14858.05, 110920033, 456
7152, 110, 81, 384, 16, 0, 9.48%, 45, 0, 5, 13711.01, 110987558, 456
7157, 110, 46, 384, 15, 0, 9.48%, 45, 0, 5, 11726.94, 111043333, 456
7162, 110, 72, 384, 15, 0, 9.48%, 45, 0, 5, 14516.79, 111121172, 456
7168, 110, 54, 384, 15, 0, 9.48%, 45, 0, 5, 15109.68, 111199314, 456
7173, 110, 81, 384, 15, 0, 9.48%, 45, 0, 5, 14349.68, 111271750, 456
7178, 110, 72, 384, 15, 0, 9.48%, 45, 0, 5, 14508.23, 111344680, 456
7183, 110, 190, 384, 15, 0, 9.48%, 45, 0, 5, 14221.70, 111415897, 456
7188, 110, 46, 384, 15, 0, 9.48%, 45, 0, 5, 14585.90, 111491999, 456
7193, 110, 57, 384, 15, 0, 9.48%, 45, 0, 5, 14731.81, 111568569, 456
7198, 111, 25, 384, 15, 0, 9.48%, 45, 0, 5, 15087.46, 111645276, 456
7200, 111, 263, 384, 15, 0, 9.48%, 45, 0, 5, 16577.63, 111671527, 456
