# relative_time, cycles_done, cur_item, corpus_count, pending_total, pending_favs, map_size, saved_crashes, saved_hangs, max_depth, execs_per_sec, total_execs, edges_found
60, 4, 2, 30, 8, 0, 4.88%, 0, 0, 2, 21735.91, 1321668, 206
66, 4, 10, 30, 8, 0, 4.88%, 0, 0, 2, 22560.83, 1430822, 206
71, 4, 2, 30, 8, 0, 4.88%, 0, 0, 2, 23701.15, 1552202, 206
76, 5, 26, 30, 8, 0, 4.88%, 0, 0, 2, 21842.42, 1660357, 206
81, 5, 26, 30, 8, 0, 4.88%, 0, 0, 2, 20924.71, 1771402, 206
86, 6, 2, 30, 8, 0, 4.88%, 0, 0, 2, 20531.66, 1871488, 206
91, 6, 10, 30, 8, 0, 4.88%, 0, 0, 2, 23226.02, 1993421, 206
96, 6, 2, 30, 8, 0, 4.88%, 0, 0, 2, 22077.78, 2099360, 206
101, 7, 26, 30, 8, 0, 4.88%, 0, 0, 2, 22745.65, 2218592, 206
106, 7, 2, 30, 8, 0, 4.88%, 0, 0, 2, 22595.77, 2328739, 206
111, 7, 2, 30, 7, 0, 4.88%, 0, 0, 2, 23025.26, 2446436, 206
116, 8, 27, 30, 6, 0, 4.88%, 0, 0, 2, 21415.08, 2549779, 206
121, 8, 2, 30, 6, 0, 4.88%, 0, 0, 2, 21188.70, 2662010, 206
127, 9, 2, 30, 6, 0, 4.88%, 0, 0, 2, 21095.46, 2769827, 206
132, 9, 2, 30, 6, 0, 4.88%, 0, 0, 2, 22866.78, 2891995, 206
137, 9, 26, 30, 6, 0, 4.88%, 0, 0, 2, 21581.68, 2999218, 206
142, 10, 26, 30, 6, 0, 4.88%, 0, 0, 2, 20544.19, 3105201, 206
147, 10, 2, 30, 6, 0, 4.88%, 0, 0, 2, 21489.12, 3215051, 206
152, 10, 2, 30, 6, 0, 4.88%, 0, 0, 2, 21157.10, 3329708, 206
157, 11, 2, 30, 5, 0, 4.88%, 0, 0, 2, 22763.85, 3445313, 206
162, 11, 2, 30, 4, 0, 4.88%, 0, 0, 2, 21719.14, 3557819, 206
167, 11, 2, 30, 4, 0, 4.88%, 0, 0, 2, 23809.48, 3677445, 206
172, 12, 2, 30, 4, 0, 4.88%, 0, 0, 2, 22377.03, 3792388, 206
177, 12, 26, 30, 3, 0, 4.88%, 0, 0, 2, 22222.41, 3902269, 206
182, 12, 2, 30, 3, 0, 4.88%, 0, 0, 2, 20852.12, 4006780, 206
187, 13, 2, 30, 3, 0, 4.88%, 0, 0, 2, 22921.18, 4122667, 206
193, 13, 2, 30, 3, 0, 4.88%, 0, 0, 2, 21250.14, 4231265, 206
198, 14, 2, 30, 3, 0, 4.88%, 0, 0, 2, 22661.44, 4345488, 206
203, 14, 2, 30, 3, 0, 4.88%, 0, 0, 2, 20674.05, 4450977, 206
208, 14, 2, 30, 3, 0, 4.88%, 0, 0, 2, 22494.11, 4568572, 206
213, 15, 0, 30, 3, 0, 4.88%, 0, 0, 2, 21371.13, 4677133, 206
218, 15, 26, 30, 3, 0, 4.88%, 0, 0, 2, 22653.77, 4795682, 206
223, 15, 28, 30, 3, 0, 4.88%, 0, 0, 2, 20422.01, 4901259, 206
228, 16, 2, 30, 3, 0, 4.88%, 0, 0, 2, 22684.35, 5017994, 206
233, 16, 2, 30, 2, 0, 4.88%, 0, 0, 2, 21625.82, 5124226, 206
238, 16, 2, 30, 2, 0, 4.88%, 0, 0, 2, 23397.21, 5247294, 206
243, 17, 26, 30, 2, 0, 4.88%, 0, 0, 2, 21172.65, 5351944, 206
248, 17, 10, 30, 2, 0, 4.88%, 0, 0, 2, 21736.22, 5461555, 206
253, 17, 26, 30, 2, 0, 4.88%, 0, 0, 2, 21548.22, 5571425, 206
258, 18, 2, 30, 2, 0, 4.88%, 0, 0, 2, 23036.37, 5689257, 206
264, 18, 2, 30, 2, 0, 4.88%, 0, 0, 2, 21137.02, 5795920, 206
269, 18, 26, 30, 2, 0, 4.88%, 0, 0, 2, 23129.86, 5915277, 206
274, 19, 10, 30, 2, 0, 4.88%, 0, 0, 2, 19948.17, 6015970, 206
279, 19, 2, 30, 2, 0, 4.88%, 0, 0, 2, 23027.69, 6136844, 206
284, 19, 2, 30, 1, 0, 4.88%, 0, 0, 2, 22117.01, 6249378, 206
289, 20, 2, 30, 1, 0, 4.88%, 0, 0, 2, 22378.07, 6362210, 206
294, 20, 2, 30, 1, 0, 4.88%, 0, 0, 2, 21628.65, 6473941, 206
299, 21, 10, 30, 1, 0, 4.88%, 0, 0, 2, 22935.15, 6595619, 206
304, 21, 16, 30, 1, 0, 4.88%, 0, 0, 2, 21856.73, 6702048, 206
310, 21, 2, 30, 1, 0, 4.88%, 0, 0, 2, 22230.43, 6818202, 206
315, 22, 2, 30, 1, 0, 4.88%, 0, 0, 2, 21122.03, 6925065, 206
320, 22, 2, 30, 1, 0, 4.88%, 0, 0, 2, 23296.94, 7049318, 206
325, 22, 2, 30, 1, 0, 4.88%, 0, 0, 2, 21491.57, 7151105, 206
330, 23, 2, 30, 1, 0, 4.88%, 0, 0, 2, 23360.59, 7271114, 206
335, 23, 2, 30, 1, 0, 4.88%, 0, 0, 2, 21029.02, 7374534, 206
340, 24, 2, 30, 1, 0, 4.88%, 0, 0, 2, 21504.63, 7486330, 206
345, 24, 2, 30, 1, 0, 4.88%, 0, 0, 2, 21838.65, 7593954, 206
350, 24, 10, 30, 1, 0, 4.88%, 0, 0, 2, 23055.14, 7714644, 206
355, 25, 23, 30, 1, 0, 4.88%, 0, 0, 2, 21615.24, 7817690, 206
361, 25, 2, 30, 1, 0, 4.88%, 0, 0, 2, 24008.50, 7944127, 206
366, 25, 2, 30, 1, 0, 4.88%, 0, 0, 2, 22657.99, 8054094, 206
371, 26, 28, 30, 1, 0, 4.88%, 0, 0, 2, 21697.70, 8168108, 206
376, 26, 2, 30, 1, 0, 4.88%, 0, 0, 2, 22902.97, 8279984, 206
381, 26, 10, 30, 1, 0, 4.88%, 0, 0, 2, 22557.88, 8396730, 206
386, 27, 12, 30, 1, 0, 4.88%, 0, 0, 2, 22068.04, 8507477, 206
391, 27, 2, 30, 1, 0, 4.88%, 0, 0, 2, 22273.74, 8624914, 206
396, 27, 10, 30, 1, 0, 4.88%, 0, 0, 2, 22867.25, 8741381, 206
401, 28, 2, 30, 1, 0, 4.88%, 0, 0, 2, 23363.92, 8859901, 206
406, 28, 2, 30, 1, 0, 4.88%, 0, 0, 2, 23047.11, 8973292, 206
412, 28, 2, 30, 1, 0, 4.88%, 0, 0, 2, 21702.40, 9086752, 206
417, 29, 2, 30, 1, 0, 4.88%, 0, 0, 2, 23181.52, 9201329, 206
422, 29, 2, 30, 1, 0, 4.88%, 0, 0, 2, 22207.67, 9320130, 206
427, 29, 2, 30, 1, 0, 4.88%, 0, 0, 2, 22028.40, 9436724, 206
432, 30, 2, 30, 1, 0, 4.88%, 0, 0, 2, 21360.61, 9545715, 206
437, 30, 10, 30, 1, 0, 4.88%, 0, 0, 2, 22412.50, 9656621, 206
442, 31, 2, 30, 1, 0, 4.88%, 0, 0, 2, 20736.46, 9765519, 206
447, 31, 2, 30, 1, 0, 4.88%, 0, 0, 2, 21400.49, 9874113, 206
452, 31, 2, 30, 0, 0, 4.88%, 0, 0, 2, 21085.54, 9980737, 206
457, 32, 10, 30, 0, 0, 4.88%, 0, 0, 2, 22365.30, 10094782, 206
462, 32, 2, 30, 0, 0, 4.88%, 0, 0, 2, 21262.36, 10200511, 206
468, 33, 2, 30, 0, 0, 4.88%, 0, 0, 2, 22761.51, 10318101, 206
473, 33, 26, 30, 0, 0, 4.88%, 0, 0, 2, 21465.04, 10428104, 206
478, 33, 2, 30, 0, 0, 4.88%, 0, 0, 2, 22224.69, 10537818, 206
483, 34, 28, 30, 0, 0, 4.88%, 0, 0, 2, 21957.06, 10652311, 206
488, 34, 2, 30, 0, 0, 4.88%, 0, 0, 2, 23481.18, 10769586, 206
493, 34, 2, 30, 0, 0, 4.88%, 0, 0, 2, 21945.03, 10882736, 206
498, 35, 2, 30, 0, 0, 4.88%, 0, 0, 2, 22240.09, 10993776, 206
503, 35, 2, 30, 0, 0, 4.88%, 0, 0, 2, 21005.25, 11103960, 206
508, 36, 2, 30, 0, 0, 4.88%, 0, 0, 2, 21953.10, 11217945, 206
513, 36, 2, 30, 0, 0, 4.88%, 0, 0, 2, 22186.15, 11333216, 206
518, 36, 2, 30, 0, 0, 4.88%, 0, 0, 2, 23199.84, 11452400, 206
523, 36, 2, 30, 0, 0, 4.88%, 0, 0, 2, 23139.05, 11570424, 206
528, 37, 2, 30, 0, 0, 4.88%, 0, 0, 2, 22890.39, 11685128, 206
533, 37, 2, 30, 0, 0, 4.88%, 0, 0, 2, 21120.27, 11792767, 206
539, 38, 26, 30, 0, 0, 4.88%, 0, 0, 2, 22661.60, 11907124, 206
544, 38, 2, 30, 0, 0, 4.88%, 0, 0, 2, 21610.56, 12014956, 206
549, 38, 2, 30, 0, 0, 4.88%, 0, 0, 2, 22327.92, 12132885, 206
554, 39, 26, 30, 0, 0, 4.88%, 0, 0, 2, 22831.35, 12255095, 206
559, 39, 2, 30, 0, 0, 4.88%, 0, 0, 2, 22776.71, 12368558, 206
564, 39, 26, 30, 0, 0, 4.88%, 0, 0, 2, 20923.65, 12472412, 206
569, 40, 2, 30, 0, 0, 4.88%, 0, 0, 2, 22067.60, 12588850, 206
574, 40, 2, 30, 0, 0, 4.88%, 0, 0, 2, 22256.26, 12699201, 206
579, 40, 5, 30, 0, 0, 4.88%, 0, 0, 2, 24250.01, 12827675, 206
584, 41, 2, 30, 0, 0, 4.88%, 0, 0, 2, 21474.49, 12931692, 206
589, 41, 2, 30, 0, 0, 4.88%, 0, 0, 2, 22892.62, 13047303, 206
595, 41, 2, 30, 0, 0, 4.88%, 0, 0, 2, 22998.66, 13164775, 206
600, 42, 2, 30, 0, 0, 4.88%, 0, 0, 2, 23788.40, 13289213, 206
605, 42, 2, 30, 0, 0, 4.88%, 0, 0, 2, 21609.73, 13398543, 206
610, 42, 2, 30, 0, 0, 4.88%, 0, 0, 2, 22083.65, 13513895, 206
615, 43, 2, 30, 0, 0, 4.88%, 0, 0, 2, 22854.54, 13626475, 206
620, 43, 2, 30, 0, 0, 4.88%, 0, 0, 2, 22995.72, 13743600, 206
625, 43, 2, 30, 0, 0, 4.88%, 0, 0, 2, 21895.81, 13846767, 206
630, 44, 2, 30, 0, 0, 4.88%, 0, 0, 2, 22731.54, 13963813, 206
635, 44, 14, 30, 0, 0, 4.88%, 0, 0, 2, 22015.49, 14070162, 206
640, 44, 28, 30, 0, 0, 4.88%, 0, 0, 2, 23133.40, 14190078, 206
646, 45, 2, 30, 0, 0, 4.88%, 0, 0, 2, 22540.80, 14302035, 206
651, 45, 10, 30, 0, 0, 4.88%, 0, 0, 2, 23387.84, 14421851, 206
656, 45, 2, 30, 0, 0, 4.88%, 0, 0, 2, 22735.09, 14530726, 206
661, 46, 25, 30, 0, 0, 4.88%, 0, 0, 2, 23320.74, 14652900, 206
666, 46, 2, 30, 0, 0, 4.88%, 0, 0, 2, 21924.59, 14758693, 206
671, 47, 2, 30, 0, 0, 4.88%, 0, 0, 2, 22205.71, 14870295, 206
676, 47, 2, 30, 0, 0, 4.88%, 0, 0, 2, 22880.27, 14982174, 206
681, 47, 2, 30, 0, 0, 4.88%, 0, 0, 2, 22555.10, 15100077, 206
686, 48, 2, 30, 0, 0, 4.88%, 0, 0, 2, 21407.31, 15207721, 206
691, 48, 2, 30, 0, 0, 4.88%, 0, 0, 2, 22358.67, 15328096, 206
696, 48, 2, 30, 0, 0, 4.88%, 0, 0, 2, 20983.89, 15430547, 206
701, 49, 2, 30, 0, 0, 4.88%, 0, 0, 2, 22116.88, 15549764, 206
707, 49, 2, 30, 0, 0, 4.88%, 0, 0, 2, 22641.29, 15660537, 206
712, 49, 2, 30, 0, 0, 4.88%, 0, 0, 2, 21819.04, 15772131, 206
717, 50, 2, 30, 0, 0, 4.88%, 0, 0, 2, 22715.88, 15886085, 206
722, 50, 2, 30, 0, 0, 4.88%, 0, 0, 2, 21384.13, 15998658, 206
727, 51, 13, 30, 0, 0, 4.88%, 0, 0, 2, 22530.37, 16111424, 206
732, 51, 2, 30, 0, 0, 4.88%, 0, 0, 2, 22014.69, 16229224, 206
737, 51, 10, 30, 0, 0, 4.88%, 0, 0, 2, 22385.93, 16340958, 206
742, 52, 2, 30, 0, 0, 4.88%, 0, 0, 2, 19841.44, 16443383, 206
748, 52, 26, 30, 0, 0, 4.88%, 0, 0, 2, 21466.59, 16553706, 206
753, 52, 2, 30, 0, 0, 4.88%, 0, 0, 2, 21321.36, 16665798, 206
758, 53, 10, 30, 0, 0, 4.88%, 0, 0, 2, 22107.68, 16778832, 206
763, 53, 5, 30, 0, 0, 4.88%, 0, 0, 2, 21874.20, 16894162, 206
768, 54, 27, 30, 0, 0, 4.88%, 0, 0, 2, 23128.69, 17010259, 206
773, 54, 2, 30, 0, 0, 4.88%, 0, 0, 2, 21275.30, 17118099, 206
778, 54, 2, 30, 0, 0, 4.88%, 0, 0, 2, 23219.26, 17239632, 206
783, 55, 26, 30, 0, 0, 4.88%, 0, 0, 2, 21363.82, 17345000, 206
788, 55, 2, 30, 0, 0, 4.88%, 0, 0, 2, 23804.19, 17471498, 206
793, 55, 2, 30, 0, 0, 4.88%, 0, 0, 2, 21208.03, 17579239, 206
799, 56, 2, 30, 0, 0, 4.88%, 0, 0, 2, 22618.27, 17697832, 206
804, 56, 2, 30, 0, 0, 4.88%, 0, 0, 2, 20820.85, 17801025, 206
809, 56, 2, 30, 0, 0, 4.88%, 0, 0, 2, 23242.94, 17924163, 206
814, 57, 10, 30, 0, 0, 4.88%, 0, 0, 2, 21579.09, 18032637, 206
819, 57, 2, 30, 0, 0, 4.88%, 0, 0, 2, 23226.15, 18154726, 206
824, 57, 28, 30, 0, 0, 4.88%, 0, 0, 2, 22288.79, 18265722, 206
829, 58, 2, 30, 0, 0, 4.88%, 0, 0, 2, 23391.59, 18387441, 206
834, 58, 2, 30, 0, 0, 4.88%, 0, 0, 2, 22630.25, 18500746, 206
840, 59, 2, 30, 0, 0, 4.88%, 0, 0, 2, 23560.20, 18624655, 206
845, 59, 2, 30, 0, 0, 4.88%, 0, 0, 2, 21504.10, 18729732, 206
850, 59, 2, 30, 0, 0, 4.88%, 0, 0, 2, 23145.91, 18845620, 206
855, 60, 2, 30, 0, 0, 4.88%, 0, 0, 2, 21579.85, 18954898, 206
860, 60, 2, 30, 0, 0, 4.88%, 0, 0, 2, 22478.59, 19069779, 206
865, 60, 20, 30, 0, 0, 4.88%, 0, 0, 2, 21144.16, 19170725, 206
870, 61, 27, 30, 0, 0, 4.88%, 0, 0, 2, 22321.63, 19282032, 206
875, 61, 2, 30, 0, 0, 4.88%, 0, 0, 2, 21452.90, 19385068, 206
880, 62, 2, 30, 0, 0, 4.88%, 0, 0, 2, 24067.84, 19513340, 206
885, 62, 10, 30, 0, 0, 4.88%, 0, 0, 2, 22182.44, 19623160, 206
890, 62, 2, 30, 0, 0, 4.88%, 0, 0, 2, 23401.66, 19743360, 206
895, 63, 2, 30, 0, 0, 4.88%, 0, 0, 2, 22177.85, 19850402, 206
901, 63, 2, 30, 0, 0, 4.88%, 0, 0, 2, 23557.51, 19972581, 206
906, 63, 2, 30, 0, 0, 4.88%, 0, 0, 2, 21448.23, 20074062, 206
911, 64, 3, 30, 0, 0, 4.88%, 0, 0, 2, 22348.83, 20193121, 206
916, 64, 2, 30, 0, 0, 4.88%, 0, 0, 2, 21966.22, 20301399, 206
921, 64, 27, 30, 0, 0, 4.88%, 0, 0, 2, 22555.86, 20424490, 206
926, 64, 2, 30, 0, 0, 4.88%, 0, 0, 2, 22902.23, 20540240, 206
931, 65, 16, 30, 0, 0, 4.88%, 0, 0, 2, 22994.89, 20657879, 206
936, 65, 24, 30, 0, 0, 4.88%, 0, 0, 2, 22153.39, 20768240, 206
942, 66, 2, 30, 0, 0, 4.88%, 0, 0, 2, 21362.43, 20879525, 206
947, 66, 26, 30, 0, 0, 4.88%, 0, 0, 2, 21626.49, 20986463, 206
952, 66, 2, 30, 0, 0, 4.88%, 0, 0, 2, 22148.91, 21101054, 206
957, 67, 2, 30, 0, 0, 4.88%, 0, 0, 2, 22285.74, 21211693, 206
962, 67, 15, 30, 0, 0, 4.88%, 0, 0, 2, 21605.42, 21324923, 206
967, 67, 2, 30, 0, 0, 4.88%, 0, 0, 2, 21372.08, 21436410, 206
972, 68, 10, 30, 0, 0, 4.88%, 0, 0, 2, 21492.33, 21547699, 206
977, 68, 20, 30, 0, 0, 4.88%, 0, 0, 2, 22453.95, 21663288, 206
982, 69, 2, 30, 0, 0, 4.88%, 0, 0, 2, 20420.16, 21766409, 206
987, 69, 2, 30, 0, 0, 4.88%, 0, 0, 2, 23050.37, 21883391, 206
993, 69, 2, 30, 0, 0, 4.88%, 0, 0, 2, 21928.10, 21997815, 206
998, 70, 2, 30, 0, 0, 4.88%, 0, 0, 2, 21326.63, 22102803, 206
1003, 70, 2, 30, 0, 0, 4.88%, 0, 0, 2, 21084.92, 22211620, 206
1008, 71, 2, 30, 0, 0, 4.88%, 0, 0, 2, 22138.19, 22327190, 206
1013, 71, 26, 30, 0, 0, 4.88%, 0, 0, 2, 21557.51, 22439445, 206
1018, 71, 2, 30, 0, 0, 4.88%, 0, 0, 2, 22563.86, 22554442, 206
1023, 72, 0, 30, 0, 0, 4.88%, 0, 0, 2, 21826.93, 22668698, 206
1028, 72, 2, 30, 0, 0, 4.88%, 0, 0, 2, 24143.06, 22796188, 206
1033, 72, 2, 30, 0, 0, 4.88%, 0, 0, 2, 21042.72, 22901333, 206
1039, 73, 2, 30, 0, 0, 4.88%, 0, 0, 2, 22660.52, 23021640, 206
1044, 73, 2, 30, 0, 0, 4.88%, 0, 0, 2, 20905.06, 23124664, 206
1049, 74, 26, 30, 0, 0, 4.88%, 0, 0, 2, 23360.31, 23249370, 206
1054, 74, 2, 30, 0, 0, 4.88%, 0, 0, 2, 21378.55, 23354083, 206
1059, 74, 16, 30, 0, 0, 4.88%, 0, 0, 2, 23059.15, 23472181, 206
1064, 75, 2, 30, 0, 0, 4.88%, 0, 0, 2, 21689.03, 23581138, 206
1069, 75, 26, 30, 0, 0, 4.88%, 0, 0, 2, 23958.92, 23703258, 206
1074, 75, 2, 30, 0, 0, 4.88%, 0, 0, 2, 22005.15, 23809431, 206
1079, 76, 2, 30, 0, 0, 4.88%, 0, 0, 2, 22762.71, 23923517, 206
1084, 76, 2, 30, 0, 0, 4.88%, 0, 0, 2, 21397.77, 24033436, 206
1090, 76, 2, 30, 0, 0, 4.88%, 0, 0, 2, 24085.33, 24161339, 206
1095, 76, 2, 30, 0, 0, 4.88%, 0, 0, 2, 21551.05, 24268159, 206
1100, 77, 2, 30, 0, 0, 4.88%, 0, 0, 2, 23614.78, 24389588, 206
1105, 77, 2, 30, 0, 0, 4.88%, 0, 0, 2, 21966.99, 24494839, 206
1110, 78, 5, 30, 0, 0, 4.88%, 0, 0, 2, 23258.05, 24618055, 206
1115, 78, 2, 30, 0, 0, 4.88%, 0, 0, 2, 20926.06, 24718052, 206
1120, 78, 26, 30, 0, 0, 4.88%, 0, 0, 2, 23011.43, 24841008, 206
1125, 79, 2, 30, 0, 0, 4.88%, 0, 0, 2, 20688.35, 24940979, 206
1130, 79, 2, 30, 0, 0, 4.88%, 0, 0, 2, 23677.46, 25064757, 206
1135, 80, 2, 30, 0, 0, 4.88%, 0, 0, 2, 22267.73, 25170865, 206
1140, 80, 2, 30, 0, 0, 4.88%, 0, 0, 2, 23711.36, 25293805, 206
1146, 80, 2, 30, 0, 0, 4.88%, 0, 0, 2, 22389.12, 25403136, 206
1151, 81, 20, 30, 0, 0, 4.88%, 0, 0, 2, 24013.02, 25530607, 206
1156, 81, 2, 30, 0, 0, 4.88%, 0, 0, 2, 22551.46, 25640611, 206
1161, 81, 2, 30, 0, 0, 4.88%, 0, 0, 2, 21550.84, 25753570, 206
1166, 82, 27, 30, 0, 0, 4.88%, 0, 0, 2, 20785.41, 25853978, 206
1171, 82, 10, 30, 0, 0, 4.88%, 0, 0, 2, 22775.70, 25977557, 206
1176, 82, 26, 30, 0, 0, 4.88%, 0, 0, 2, 22461.28, 26085383, 206
1181, 83, 2, 30, 0, 0, 4.88%, 0, 0, 2, 23063.66, 26202568, 206
1186, 83, 3, 30, 0, 0, 4.88%, 0, 0, 2, 21821.74, 26307823, 206
1191, 83, 2, 30, 0, 0, 4.88%, 0, 0, 2, 22362.77, 26423947, 206
1196, 84, 2, 30, 0, 0, 4.88%, 0, 0, 2, 20878.22, 26525013, 206
1202, 84, 26, 30, 0, 0, 4.88%, 0, 0, 2, 22441.09, 26646575, 206
1207, 85, 13, 30, 0, 0, 4.88%, 0, 0, 2, 22085.33, 26753979, 206
1212, 85, 2, 30, 0, 0, 4.88%, 0, 0, 2, 21438.27, 26865059, 206
1217, 85, 2, 30, 0, 0, 4.88%, 0, 0, 2, 22160.53, 26977393, 206
1222, 86, 2, 30, 0, 0, 4.88%, 0, 0, 2, 21165.40, 27089145, 206
1227, 86, 2, 30, 0, 0, 4.88%, 0, 0, 2, 20536.25, 27190831, 206
1232, 87, 2, 30, 0, 0, 4.88%, 0, 0, 2, 21087.18, 27306226, 206
1237, 87, 2, 30, 0, 0, 4.88%, 0, 0, 2, 21684.42, 27414240, 206
1242, 87, 2, 30, 0, 0, 4.88%, 0, 0, 2, 21717.80, 27527407, 206
1247, 88, 2, 30, 0, 0, 4.88%, 0, 0, 2, 22107.27, 27640207, 206
1252, 88, 2, 30, 0, 0, 4.88%, 0, 0, 2, 21840.15, 27756142, 206
1258, 88, 2, 30, 0, 0, 4.88%, 0, 0, 2, 23844.57, 27880211, 206
1263, 89, 2, 30, 0, 0, 4.88%, 0, 0, 2, 21409.00, 27988263, 206
1268, 89, 2, 30, 0, 0, 4.88%, 0, 0, 2, 23646.16, 28113906, 206
1273, 90, 2, 30, 0, 0, 4.88%, 0, 0, 2, 21360.63, 28224343, 206
1278, 90, 2, 30, 0, 0, 4.88%, 0, 0, 2, 22763.48, 28338871, 206
1283, 90, 2, 30, 0, 0, 4.88%, 0, 0, 2, 21075.81, 28444238, 206
1288, 91, 2, 30, 0, 0, 4.88%, 0, 0, 2, 22775.80, 28560978, 206
1293, 91, 2, 30, 0, 0, 4.88%, 0, 0, 2, 21795.48, 28673505, 206
1298, 91, 18, 30, 0, 0, 4.88%, 0, 0, 2, 23421.01, 28789869, 206
1303, 92, 13, 30, 0, 0, 4.88%, 0, 0, 2, 21966.89, 28900320, 206
1308, 92, 2, 30, 0, 0, 4.88%, 0, 0, 2, 22514.08, 29011299, 206
1313, 93, 2, 30, 0, 0, 4.88%, 0, 0, 2, 21655.11, 29119620, 206
1318, 93, 2, 30, 0, 0, 4.88%, 0, 0, 2, 23081.64, 29236951, 206
1323, 93, 2, 30, 0, 0, 4.88%, 0, 0, 2, 22289.85, 29349319, 206
1328, 94, 2, 30, 0, 0, 4.88%, 0, 0, 2, 24052.41, 29470730, 206
1333, 94, 2, 30, 0, 0, 4.88%, 0, 0, 2, 21365.82, 29578639, 206
1338, 94, 2, 30, 0, 0, 4.88%, 0, 0, 2, 22956.10, 29693886, 206
1343, 95, 2, 30, 0, 0, 4.88%, 0, 0, 2, 21184.76, 29800853, 206
1349, 95, 2, 30, 0, 0, 4.88%, 0, 0, 2, 21684.74, 29914977, 206
1354, 96, 28, 30, 0, 0, 4.88%, 0, 0, 2, 22331.72, 30034063, 206
1359, 96, 2, 30, 0, 0, 4.88%, 0, 0, 2, 22504.96, 30145106, 206
1364, 97, 26, 30, 0, 0, 4.88%, 0, 0, 2, 21719.81, 30256798, 206
1369, 97, 2, 30, 0, 0, 4.88%, 0, 0, 2, 23838.04, 30378807, 206
1374, 97, 2, 30, 0, 0, 4.88%, 0, 0, 2, 23085.42, 30493054, 206
1379, 98, 2, 30, 0, 0, 4.88%, 0, 0, 2, 22956.64, 30608370, 206
1384, 98, 2, 30, 0, 0, 4.88%, 0, 0, 2, 22425.01, 30724571, 206
1389, 99, 2, 30, 0, 0, 4.88%, 0, 0, 2, 23976.45, 30845925, 206
1394, 99, 12, 30, 0, 0, 4.88%, 0, 0, 2, 21820.77, 30952337, 206
1399, 99, 2, 30, 0, 0, 4.88%, 0, 0, 2, 24266.23, 31076103, 206
1405, 100, 10, 30, 0, 0, 4.88%, 0, 0, 2, 21364.59, 31177725, 206
1410, 100, 2, 30, 0, 0, 4.88%, 0, 0, 2, 23793.76, 31299911, 206
1415, 100, 27, 30, 0, 0, 4.88%, 0, 0, 2, 23307.83, 31416027, 206
1420, 101, 2, 30, 0, 0, 4.88%, 0, 0, 2, 24081.25, 31540152, 206
1425, 101, 2, 30, 0, 0, 4.88%, 0, 0, 2, 21381.37, 31644752, 206
1430, 102, 2, 30, 0, 0, 4.88%, 0, 0, 2, 22963.85, 31764423, 206
1435, 102, 26, 30, 0, 0, 4.88%, 0, 0, 2, 21510.59, 31868758, 206
1440, 102, 2, 30, 0, 0, 4.88%, 0, 0, 2, 21621.04, 31980234, 206
1445, 103, 2, 30, 0, 0, 4.88%, 0, 0, 2, 22662.31, 32092015, 206
1450, 103, 2, 30, 0, 0, 4.88%, 0, 0, 2, 24837.14, 32219448, 206
1455, 103, 10, 30, 0, 0, 4.88%, 0, 0, 2, 23839.05, 32337527, 206
1460, 104, 2, 30, 0, 0, 4.88%, 0, 0, 2, 22683.56, 32451473, 206
1465, 104, 2, 30, 0, 0, 4.88%, 0, 0, 2, 21988.96, 32555973, 206
1471, 104, 10, 30, 0, 0, 4.88%, 0, 0, 2, 24733.43, 32686897, 206
1476, 105, 2, 30, 0, 0, 4.88%, 0, 0, 2, 23193.72, 32798306, 206
1481, 105, 2, 30, 0, 0, 4.88%, 0, 0, 2, 22901.00, 32920483, 206
1486, 105, 2, 30, 0, 0, 4.88%, 0, 0, 2, 22388.13, 33029536, 206
1491, 106, 21, 30, 0, 0, 4.88%, 0, 0, 2, 22881.67, 33144566, 206
1496, 106, 2, 30, 0, 0, 4.88%, 0, 0, 2, 22375.44, 33253798, 206
1501, 107, 2, 30, 0, 0, 4.88%, 0, 0, 2, 22650.06, 33371571, 206
1506, 107, 2, 30, 0, 0, 4.88%, 0, 0, 2, 22644.71, 33484299, 206
1511, 107, 2, 30, 0, 0, 4.88%, 0, 0, 2, 24117.99, 33615675, 206
1516, 108, 2, 30, 0, 0, 4.88%, 0, 0, 2, 24613.02, 33738656, 206
1521, 108, 2, 30, 0, 0, 4.88%, 0, 0, 2, 22239.52, 33852757, 206
1526, 108, 10, 30, 0, 0, 4.88%, 0, 0, 2, 22310.63, 33961462, 206
1532, 109, 2, 30, 0, 0, 4.88%, 0, 0, 2, 22876.95, 34080855, 206
1537, 109, 2, 30, 0, 0, 4.88%, 0, 0, 2, 23327.63, 34196278, 206
1542, 110, 2, 30, 0, 0, 4.88%, 0, 0, 2, 23217.03, 34318494, 206
1547, 110, 14, 30, 0, 0, 4.88%, 0, 0, 2, 22130.65, 34425704, 206
1552, 110, 10, 30, 0, 0, 4.88%, 0, 0, 2, 22816.52, 34544175, 206
1557, 111, 2, 30, 0, 0, 4.88%, 0, 0, 2, 22809.31, 34662602, 206
1562, 111, 2, 30, 0, 0, 4.88%, 0, 0, 2, 21991.02, 34779510, 206
1567, 111, 2, 30, 0, 0, 4.88%, 0, 0, 2, 23820.52, 34900156, 206
1572, 112, 2, 30, 0, 0, 4.88%, 0, 0, 2, 23555.95, 35021752, 206
1578, 112, 2, 30, 0, 0, 4.88%, 0, 0, 2, 25347.10, 35154326, 206
1583, 112, 26, 30, 0, 0, 4.88%, 0, 0, 2, 21454.49, 35262150, 206
1588, 113, 2, 30, 0, 0, 4.88%, 0, 0, 2, 21926.09, 35371638, 206
1593, 113, 2, 30, 0, 0, 4.88%, 0, 0, 2, 20565.18, 35475580, 206
1598, 114, 2, 30, 0, 0, 4.88%, 0, 0, 2, 23880.81, 35599928, 206
1603, 114, 2, 30, 0, 0, 4.88%, 0, 0, 2, 22674.68, 35714685, 206
1608, 114, 10, 30, 0, 0, 4.88%, 0, 0, 2, 22206.91, 35829392, 206
1613, 115, 2, 30, 0, 0, 4.88%, 0, 0, 2, 21328.78, 35941097, 206
1618, 115, 2, 30, 0, 0, 4.88%, 0, 0, 2, 22244.55, 36056442, 206
1623, 116, 2, 30, 0, 0, 4.88%, 0, 0, 2, 21607.65, 36171663, 206
1628, 116, 2, 30, 0, 0, 4.88%, 0, 0, 2, 23673.94, 36293764, 206
1634, 116, 2, 30, 0, 0, 4.88%, 0, 0, 2, 22366.74, 36410770, 206
1639, 117, 2, 30, 0, 0, 4.88%, 0, 0, 2, 23030.07, 36527619, 206
1644, 117, 2, 30, 0, 0, 4.88%, 0, 0, 2, 20883.38, 36633243, 206
1649, 118, 0, 30, 0, 0, 4.88%, 0, 0, 2, 22668.31, 36750387, 206
1654, 118, 14, 30, 0, 0, 4.88%, 0, 0, 2, 21331.38, 36857145, 206
1659, 118, 2, 30, 0, 0, 4.88%, 0, 0, 2, 24128.40, 36983061, 206
1664, 119, 10, 30, 0, 0, 4.88%, 0, 0, 2, 21463.18, 37087070, 206
1669, 119, 2, 30, 0, 0, 4.88%, 0, 0, 2, 23258.78, 37204547, 206
1674, 120, 2, 30, 0, 0, 4.88%, 0, 0, 2, 21855.77, 37312747, 206
1680, 120, 2, 30, 0, 0, 4.88%, 0, 0, 2, 22839.08, 37431569, 206
1685, 121, 2, 30, 0, 0, 4.88%, 0, 0, 2, 22223.83, 37543726, 206
1690, 121, 2, 30, 0, 0, 4.88%, 0, 0, 2, 23560.27, 37671449, 206
1695, 121, 2, 30, 0, 0, 4.88%, 0, 0, 2, 23106.70, 37783171, 206
1700, 122, 2, 30, 0, 0, 4.88%, 0, 0, 2, 22691.56, 37899641, 206
1705, 122, 2, 30, 0, 0, 4.88%, 0, 0, 2, 22800.87, 38013770, 206
1710, 123, 2, 30, 0, 0, 4.88%, 0, 0, 2, 22117.78, 38130034, 206
1716, 123, 2, 30, 0, 0, 4.88%, 0, 0, 2, 21149.36, 38235820, 206
1721, 124, 2, 30, 0, 0, 4.88%, 0, 0, 2, 23089.74, 38355564, 206
1726, 124, 27, 30, 0, 0, 4.88%, 0, 0, 2, 21793.19, 38461489, 206
1731, 124, 2, 30, 0, 0, 4.88%, 0, 0, 2, 22036.58, 38572409, 206
1736, 125, 25, 30, 0, 0, 4.88%, 0, 0, 2, 21708.99, 38679070, 206
1741, 125, 2, 30, 0, 0, 4.88%, 0, 0, 2, 21430.15, 38788934, 206
1746, 126, 26, 30, 0, 0, 4.88%, 0, 0, 2, 21898.74, 38895865, 206
1751, 126, 2, 30, 0, 0, 4.88%, 0, 0, 2, 22597.85, 39010524, 206
1756, 126, 10, 30, 0, 0, 4.88%, 0, 0, 2, 22176.34, 39121095, 206
1761, 127, 6, 30, 0, 0, 4.88%, 0, 0, 2, 20590.63, 39225315, 206
1766, 127, 2, 30, 0, 0, 4.88%, 0, 0, 2, 21145.20, 39333106, 206
1771, 128, 2, 30, 0, 0, 4.88%, 0, 0, 2, 23220.20, 39455094, 206
1776, 128, 26, 30, 0, 0, 4.88%, 0, 0, 2, 23346.46, 39570492, 206
1781, 129, 2, 30, 0, 0, 4.88%, 0, 0, 2, 22559.72, 39686958, 206
1786, 129, 10, 30, 0, 0, 4.88%, 0, 0, 2, 21793.51, 39795151, 206
1791, 130, 2, 30, 0, 0, 4.88%, 0, 0, 2, 22967.92, 39913379, 206
1797, 130, 2, 30, 0, 0, 4.88%, 0, 0, 2, 23516.17, 40029806, 206
1802, 130, 26, 30, 0, 0, 4.88%, 0, 0, 2, 22952.58, 40148929, 206
1807, 131, 16, 30, 0, 0, 4.88%, 0, 0, 2, 21677.82, 40254913, 206
1812, 131, 26, 30, 0, 0, 4.88%, 0, 0, 2, 23235.52, 40377015, 206
1817, 131, 2, 30, 0, 0, 4.88%, 0, 0, 2, 24200.68, 40497578, 206
1822, 132, 2, 30, 0, 0, 4.88%, 0, 0, 2, 21879.83, 40609256, 206
1827, 132, 2, 30, 0, 0, 4.88%, 0, 0, 2, 22619.13, 40719286, 206
1832, 132, 2, 30, 0, 0, 4.88%, 0, 0, 2, 22114.18, 40835110, 206
1837, 133, 2, 30, 0, 0, 4.88%, 0, 0, 2, 21763.81, 40940547, 206
1842, 133, 27, 30, 0, 0, 4.88%, 0, 0, 2, 22407.37, 41060096, 206
1847, 134, 2, 30, 0, 0, 4.88%, 0, 0, 2, 23230.58, 41174795, 206
1852, 134, 2, 30, 0, 0, 4.88%, 0, 0, 2, 21193.91, 41280045, 206
1857, 134, 2, 30, 0, 0, 4.88%, 0, 0, 2, 23669.27, 41396179, 206
1862, 134, 23, 30, 0, 0, 4.88%, 0, 0, 2, 21877.98, 41508599, 206
1867, 135, 21, 30, 0, 0, 4.88%, 0, 0, 2, 23723.28, 41632073, 206
1872, 135, 2, 30, 0, 0, 4.88%, 0, 0, 2, 23182.90, 41753429, 206
1877, 136, 2, 30, 0, 0, 4.88%, 0, 0, 2, 23918.74, 41872312, 206
1882, 136, 2, 30, 0, 0, 4.88%, 0, 0, 2, 21797.76, 41986971, 206
1887, 136, 10, 30, 0, 0, 4.88%, 0, 0, 2, 23859.36, 42107906, 206
1893, 137, 2, 30, 0, 0, 4.88%, 0, 0, 2, 22357.47, 42224462, 206
1898, 137, 2, 30, 0, 0, 4.88%, 0, 0, 2, 22723.60, 42335370, 206
1903, 137, 2, 30, 0, 0, 4.88%, 0, 0, 2, 21607.35, 42446856, 206
1908, 138, 2, 30, 0, 0, 4.88%, 0, 0, 2, 24720.03, 42574052, 206
1913, 138, 2, 30, 0, 0, 4.88%, 0, 0, 2, 22020.46, 42683852, 206
1918, 139, 2, 30, 0, 0, 4.88%, 0, 0, 2, 22522.46, 42795034, 206
1923, 139, 2, 30, 0, 0, 4.88%, 0, 0, 2, 22413.51, 42910829, 206
1928, 139, 2, 30, 0, 0, 4.88%, 0, 0, 2, 22647.13, 43021005, 206
1933, 140, 2, 30, 0, 0, 4.88%, 0, 0, 2, 21693.59, 43133350, 206
1938, 140, 15, 30, 0, 0, 4.88%, 0, 0, 2, 22235.02, 43244546, 206
1943, 140, 2, 30, 0, 0, 4.88%, 0, 0, 2, 20546.93, 43349485, 206
1948, 141, 2, 30, 0, 0, 4.88%, 0, 0, 2, 22185.89, 43461083, 206
1953, 141, 2, 30, 0, 0, 4.88%, 0, 0, 2, 21314.76, 43572959, 206
1958, 141, 2, 30, 0, 0, 4.88%, 0, 0, 2, 23475.53, 43689749, 206
1963, 142, 18, 30, 0, 0, 4.88%, 0, 0, 2, 22043.88, 43801509, 206
1968, 142, 2, 30, 0, 0, 4.88%, 0, 0, 2, 23999.61, 43921306, 206
1973, 143, 10, 30, 0, 0, 4.88%, 0, 0, 2, 21399.88, 44029814, 206
1978, 143, 2, 30, 0, 0, 4.88%, 0, 0, 2, 23692.77, 44149974, 206
1983, 143, 15, 30, 0, 0, 4.88%, 0, 0, 2, 22030.95, 44259007, 206
1988, 144, 26, 30, 0, 0, 4.88%, 0, 0, 2, 23206.84, 44382665, 206
1993, 144, 26, 30, 0, 0, 4.88%, 0, 0, 2, 21463.78, 44489745, 206
1998, 144, 2, 30, 0, 0, 4.88%, 0, 0, 2, 24673.61, 44617623, 206
2003, 145, 26, 30, 0, 0, 4.88%, 0, 0, 2, 21068.98, 44721583, 206
2009, 145, 10, 30, 0, 0, 4.88%, 0, 0, 2, 23680.42, 44843735, 206
2014, 146, 10, 30, 0, 0, 4.88%, 0, 0, 2, 22939.20, 44958977, 206
2019, 146, 2, 30, 0, 0, 4.88%, 0, 0, 2, 22641.51, 45072996, 206
2024, 147, 2, 30, 0, 0, 4.88%, 0, 0, 2, 20913.79, 45182039, 206
2029, 147, 2, 30, 0, 0, 4.88%, 0, 0, 2, 23860.22, 45305208, 206
2034, 147, 3, 30, 0, 0, 4.88%, 0, 0, 2, 24192.97, 45426191, 206
2039, 148, 2, 30, 0, 0, 4.88%, 0, 0, 2, 23664.51, 45542462, 206
2044, 148, 2, 30, 0, 0, 4.88%, 0, 0, 2, 22476.32, 45653033, 206
2049, 149, 2, 30, 0, 0, 4.88%, 0, 0, 2, 25345.50, 45785117, 206
2054, 149, 2, 30, 0, 0, 4.88%, 0, 0, 2, 22714.17, 45899367, 206
2059, 149, 2, 30, 0, 0, 4.88%, 0, 0, 2, 24670.38, 46023377, 206
2064, 150, 2, 30, 0, 0, 4.88%, 0, 0, 2, 21744.68, 46129048, 206
2069, 150, 2, 30, 0, 0, 4.88%, 0, 0, 2, 22562.39, 46243380, 206
2074, 150, 2, 30, 0, 0, 4.88%, 0, 0, 2, 22814.79, 46360886, 206
2079, 151, 2, 30, 0, 0, 4.88%, 0, 0, 2, 25128.03, 46491692, 206
2084, 151, 16, 30, 0, 0, 4.88%, 0, 0, 2, 22979.21, 46603283, 206
2090, 151, 2, 30, 0, 0, 4.88%, 0, 0, 2, 25346.78, 46737183, 206
2095, 152, 2, 30, 0, 0, 4.88%, 0, 0, 2, 22005.68, 46844946, 206
2100, 152, 2, 30, 0, 0, 4.88%, 0, 0, 2, 24008.71, 46964808, 206
2105, 152, 2, 30, 0, 0, 4.88%, 0, 0, 2, 22689.68, 47076216, 206
2110, 153, 25, 30, 0, 0, 4.88%, 0, 0, 2, 24130.00, 47199348, 206
2115, 153, 2, 30, 0, 0, 4.88%, 0, 0, 2, 22248.23, 47309000, 206
2120, 153, 2, 30, 0, 0, 4.88%, 0, 0, 2, 24166.50, 47436101, 206
2125, 154, 2, 30, 0, 0, 4.88%, 0, 0, 2, 20992.22, 47535652, 206
2130, 154, 2, 30, 0, 0, 4.88%, 0, 0, 2, 23681.19, 47659064, 206
2135, 154, 2, 30, 0, 0, 4.88%, 0, 0, 2, 22305.33, 47771322, 206
2140, 155, 2, 30, 0, 0, 4.88%, 0, 0, 2, 23808.51, 47896657, 206
2145, 155, 27, 30, 0, 0, 4.88%, 0, 0, 2, 24161.99, 48016764, 206
2150, 156, 2, 30, 0, 0, 4.88%, 0, 0, 2, 24703.75, 48144934, 206
2156, 156, 2, 30, 0, 0, 4.88%, 0, 0, 2, 22500.81, 48250883, 206
2161, 156, 26, 30, 0, 0, 4.88%, 0, 0, 2, 24443.21, 48379985, 206
2166, 157, 2, 30, 0, 0, 4.88%, 0, 0, 2, 21744.54, 48482560, 206
2171, 157, 10, 30, 0, 0, 4.88%, 0, 0, 2, 22421.54, 48599860, 206
2176, 158, 2, 30, 0, 0, 4.88%, 0, 0, 2, 21336.49, 48705459, 206
2181, 158, 3, 30, 0, 0, 4.88%, 0, 0, 2, 20949.41, 48813702, 206
2186, 158, 2, 30, 0, 0, 4.88%, 0, 0, 2, 21144.39, 48916167, 206
2191, 159, 26, 30, 0, 0, 4.88%, 0, 0, 2, 21894.47, 49030926, 206
2196, 159, 2, 30, 0, 0, 4.88%, 0, 0, 2, 22714.26, 49141045, 206
2201, 160, 2, 30, 0, 0, 4.88%, 0, 0, 2, 22679.91, 49260399, 206
2206, 160, 2, 30, 0, 0, 4.88%, 0, 0, 2, 23249.00, 49374573, 206
2211, 160, 27, 30, 0, 0, 4.88%, 0, 0, 2, 23050.34, 49498541, 206
2216, 161, 2, 30, 0, 0, 4.88%, 0, 0, 2, 22260.46, 49605429, 206
2222, 161, 2, 30, 0, 0, 4.88%, 0, 0, 2, 21719.23, 49721266, 206
2227, 161, 14, 30, 0, 0, 4.88%, 0, 0, 2, 22863.26, 49835129, 206
2232, 162, 2, 30, 0, 0, 4.88%, 0, 0, 2, 23067.62, 49956754, 206
2237, 162, 2, 30, 0, 0, 4.88%, 0, 0, 2, 22843.81, 50070973, 206
2242, 162, 10, 30, 0, 0, 4.88%, 0, 0, 2, 21893.89, 50190419, 206
2247, 163, 2, 30, 0, 0, 4.88%, 0, 0, 2, 21668.38, 50296533, 206
2252, 163, 2, 30, 0, 0, 4.88%, 0, 0, 2, 22778.33, 50422289, 206
2257, 163, 2, 30, 0, 0, 4.88%, 0, 0, 2, 24294.60, 50540914, 206
2262, 164, 2, 30, 0, 0, 4.88%, 0, 0, 2, 23141.16, 50663107, 206
2267, 164, 2, 30, 0, 0, 4.88%, 0, 0, 2, 23445.27, 50777436, 206
2272, 165, 2, 30, 0, 0, 4.88%, 0, 0, 2, 22158.85, 50891151, 206
2277, 165, 2, 30, 0, 0, 4.88%, 0, 0, 2, 24712.49, 51016556, 206
2282, 166, 2, 30, 0, 0, 4.88%, 0, 0, 2, 22187.85, 51129143, 206
2287, 166, 2, 30, 0, 0, 4.88%, 0, 0, 2, 23980.61, 51248018, 206
2293, 166, 2, 30, 0, 0, 4.88%, 0, 0, 2, 23027.59, 51364540, 206
2298, 167, 26, 30, 0, 0, 4.88%, 0, 0, 2, 24444.62, 51488741, 206
2303, 167, 2, 30, 0, 0, 4.88%, 0, 0, 2, 21765.21, 51599909, 206
2308, 167, 2, 30, 0, 0, 4.88%, 0, 0, 2, 24062.09, 51721673, 206
2313, 168, 2, 30, 0, 0, 4.88%, 0, 0, 2, 23297.13, 51842147, 206
2318, 168, 2, 30, 0, 0, 4.88%, 0, 0, 2, 24315.62, 51963037, 206
2323, 168, 26, 30, 0, 0, 4.88%, 0, 0, 2, 23094.37, 52083274, 206
2328, 169, 2, 30, 0, 0, 4.88%, 0, 0, 2, 22721.05, 52197469, 206
2333, 169, 2, 30, 0, 0, 4.88%, 0, 0, 2, 23517.30, 52320059, 206
2338, 170, 10, 30, 0, 0, 4.88%, 0, 0, 2, 26409.19, 52459167, 206
2343, 170, 2, 30, 0, 0, 4.88%, 0, 0, 2, 23736.26, 52580124, 206
2348, 170, 26, 30, 0, 0, 4.88%, 0, 0, 2, 24969.29, 52704598, 206
2353, 171, 2, 30, 0, 0, 4.88%, 0, 0, 2, 22179.83, 52815319, 206
2358, 171, 2, 30, 0, 0, 4.88%, 0, 0, 2, 24467.85, 52934429, 206
2363, 171, 2, 30, 0, 0, 4.88%, 0, 0, 2, 21795.82, 53042695, 206
2368, 172, 26, 30, 0, 0, 4.88%, 0, 0, 2, 22829.20, 53157151, 206
2373, 172, 2, 30, 0, 0, 4.88%, 0, 0, 2, 21721.90, 53265910, 206
2378, 173, 23, 30, 0, 0, 4.88%, 0, 0, 2, 25425.46, 53397399, 206
2383, 173, 2, 30, 0, 0, 4.88%, 0, 0, 2, 22435.90, 53508981, 206
2389, 173, 25, 30, 0, 0, 4.88%, 0, 0, 2, 23955.55, 53638578, 206
2394, 174, 2, 30, 0, 0, 4.88%, 0, 0, 2, 23530.83, 53755970, 206
2399, 174, 2, 30, 0, 0, 4.88%, 0, 0, 2, 25126.59, 53887907, 206
2404, 175, 26, 30, 0, 0, 4.88%, 0, 0, 2, 22654.97, 53998379, 206
2409, 175, 2, 30, 0, 0, 4.88%, 0, 0, 2, 25975.23, 54132838, 206
2414, 176, 2, 30, 0, 0, 4.88%, 0, 0, 2, 22561.55, 54246868, 206
2420, 176, 5, 30, 0, 0, 4.88%, 0, 0, 2, 24406.71, 54374499, 206
2425, 176, 2, 30, 0, 0, 4.88%, 0, 0, 2, 22273.01, 54478448, 206
2430, 177, 26, 30, 0, 0, 4.88%, 0, 0, 2, 25680.15, 54616934, 206
2435, 177, 27, 30, 0, 0, 4.88%, 0, 0, 2, 22634.45, 54726435, 206
2440, 178, 2, 30, 0, 0, 4.88%, 0, 0, 2, 22932.73, 54840575, 206
2445, 178, 2, 30, 0, 0, 4.88%, 0, 0, 2, 22195.15, 54953934, 206
2450, 179, 10, 30, 0, 0, 4.88%, 0, 0, 2, 25919.08, 55097546, 206
2455, 179, 2, 30, 0, 0, 4.88%, 0, 0, 2, 22889.36, 55206533, 206
2460, 180, 25, 30, 0, 0, 4.88%, 0, 0, 2, 23941.72, 55331517, 206
2465, 180, 2, 30, 0, 0, 4.88%, 0, 0, 2, 21973.25, 55437349, 206
2470, 180, 2, 30, 0, 0, 4.88%, 0, 0, 2, 25838.89, 55576376, 206
2475, 181, 2, 30, 0, 0, 4.88%, 0, 0, 2, 25903.06, 55702857, 206
2481, 181, 2, 30, 0, 0, 4.88%, 0, 0, 2, 23907.84, 55827239, 206
2486, 182, 2, 30, 0, 0, 4.88%, 0, 0, 2, 21663.74, 55931014, 206
2491, 182, 2, 30, 0, 0, 4.88%, 0, 0, 2, 24933.29, 56063214, 206
2496, 182, 2, 30, 0, 0, 4.88%, 0, 0, 2, 24043.93, 56180924, 206
2501, 183, 26, 30, 0, 0, 4.88%, 0, 0, 2, 25089.24, 56316690, 206
2506, 183, 2, 30, 0, 0, 4.88%, 0, 0, 2, 24535.07, 56431190, 206
2511, 183, 2, 30, 0, 0, 4.88%, 0, 0, 2, 26532.12, 56574545, 206
2517, 184, 2, 30, 0, 0, 4.88%, 0, 0, 2, 26199.80, 56706650, 206
2522, 184, 2, 30, 0, 0, 4.88%, 0, 0, 2, 23769.96, 56832409, 206
2527, 185, 2, 30, 0, 0, 4.88%, 0, 0, 2, 21989.14, 56939503, 206
2532, 185, 26, 30, 0, 0, 4.88%, 0, 0, 2, 23955.46, 57065487, 206
2537, 185, 2, 30, 0, 0, 4.88%, 0, 0, 2, 24093.85, 57187647, 206
2542, 186, 2, 30, 0, 0, 4.88%, 0, 0, 2, 21353.69, 57297203, 206
2547, 186, 2, 30, 0, 0, 4.88%, 0, 0, 2, 24126.65, 57421736, 206
2552, 186, 2, 30, 0, 0, 4.88%, 0, 0, 2, 22962.10, 57538699, 206
2557, 187, 2, 30, 0, 0, 4.88%, 0, 0, 2, 25707.62, 57671825, 206
2562, 187, 10, 30, 0, 0, 4.88%, 0, 0, 2, 23833.25, 57793731, 206
2567, 187, 2, 30, 0, 0, 4.88%, 0, 0, 2, 25425.23, 57917698, 206
2573, 188, 2, 30, 0, 0, 4.88%, 0, 0, 2, 23274.33, 58041195, 206
2578, 188, 2, 30, 0, 0, 4.88%, 0, 0, 2, 24946.51, 58163474, 206
2583, 189, 2, 30, 0, 0, 4.88%, 0, 0, 2, 22355.03, 58276677, 206
2588, 189, 26, 30, 0, 0, 4.88%, 0, 0, 2, 23366.81, 58392737, 206
2593, 190, 2, 30, 0, 0, 4.88%, 0, 0, 2, 21841.66, 58508856, 206
2598, 190, 2, 30, 0, 0, 4.88%, 0, 0, 2, 22348.08, 58625987, 206
2603, 191, 2, 30, 0, 0, 4.88%, 0, 0, 2, 21722.93, 58743021, 206
2608, 191, 2, 30, 0, 0, 4.88%, 0, 0, 2, 22792.24, 58858844, 206
2613, 191, 20, 30, 0, 0, 4.88%, 0, 0, 2, 22261.25, 58970705, 206
2618, 192, 23, 30, 0, 0, 4.88%, 0, 0, 2, 26376.35, 59104138, 206
2623, 192, 2, 30, 0, 0, 4.88%, 0, 0, 2, 23313.11, 59218430, 206
2628, 193, 10, 30, 0, 0, 4.88%, 0, 0, 2, 23826.21, 59337483, 206
2634, 193, 2, 30, 0, 0, 4.88%, 0, 0, 2, 21533.34, 59445024, 206
2639, 194, 2, 30, 0, 0, 4.88%, 0, 0, 2, 25154.86, 59579190, 206
2644, 194, 2, 30, 0, 0, 4.88%, 0, 0, 2, 23080.76, 59690560, 206
2649, 194, 3, 30, 0, 0, 4.88%, 0, 0, 2, 26345.13, 59825448, 206
2654, 195, 0, 30, 0, 0, 4.88%, 0, 0, 2, 21859.77, 59932133, 206
2659, 195, 23, 30, 0, 0, 4.88%, 0, 0, 2, 24291.46, 60055178, 206
2664, 196, 2, 30, 0, 0, 4.88%, 0, 0, 2, 22122.45, 60161134, 206
2669, 196, 26, 30, 0, 0, 4.88%, 0, 0, 2, 26072.09, 60297071, 206
2674, 196, 2, 30, 0, 0, 4.88%, 0, 0, 2, 22810.32, 60410690, 206
2679, 197, 2, 30, 0, 0, 4.88%, 0, 0, 2, 24938.97, 60541792, 206
2684, 197, 2, 30, 0, 0, 4.88%, 0, 0, 2, 22436.46, 60654477, 206
2689, 198, 2, 30, 0, 0, 4.88%, 0, 0, 2, 22585.45, 60767324, 206
2694, 198, 26, 30, 0, 0, 4.88%, 0, 0, 2, 22991.48, 60880539, 206
2699, 198, 2, 30, 0, 0, 4.88%, 0, 0, 2, 29061.20, 61029976, 206
2704, 199, 0, 30, 0, 0, 4.88%, 0, 0, 2, 23328.05, 61141218, 206
2710, 199, 26, 30, 0, 0, 4.88%, 0, 0, 2, 26581.68, 61277148, 206
2715, 200, 2, 30, 0, 0, 4.88%, 0, 0, 2, 23193.89, 61386317, 206
2720, 200, 2, 30, 0, 0, 4.88%, 0, 0, 2, 26273.25, 61525439, 206
2725, 200, 26, 30, 0, 0, 4.88%, 0, 0, 2, 23181.19, 61634145, 206
2730, 201, 2, 30, 0, 0, 4.88%, 0, 0, 2, 24587.60, 61765423, 206
2735, 201, 2, 30, 0, 0, 4.88%, 0, 0, 2, 21650.47, 61870608, 206
2740, 201, 2, 30, 0, 0, 4.88%, 0, 0, 2, 24531.32, 62000053, 206
2745, 202, 2, 30, 0, 0, 4.88%, 0, 0, 2, 24692.82, 62123785, 206
2751, 202, 2, 30, 0, 0, 4.88%, 0, 0, 2, 27224.20, 62268421, 206
2756, 202, 2, 30, 0, 0, 4.88%, 0, 0, 2, 23202.83, 62375452, 206
2761, 203, 26, 30, 0, 0, 4.88%, 0, 0, 2, 26584.64, 62514175, 206
2766, 203, 2, 30, 0, 0, 4.88%, 0, 0, 2, 23698.12, 62629489, 206
2771, 204, 10, 30, 0, 0, 4.88%, 0, 0, 2, 24448.47, 62751856, 206
2776, 204, 14, 30, 0, 0, 4.88%, 0, 0, 2, 24507.35, 62872228, 206
2781, 204, 2, 30, 0, 0, 4.88%, 0, 0, 2, 23352.56, 62992460, 206
2786, 205, 2, 30, 0, 0, 4.88%, 0, 0, 2, 23695.05, 63108868, 206
2791, 205, 2, 30, 0, 0, 4.88%, 0, 0, 2, 24472.10, 63236114, 206
2796, 206, 2, 30, 0, 0, 4.88%, 0, 0, 2, 21768.92, 63340911, 206
2801, 206, 26, 30, 0, 0, 4.88%, 0, 0, 2, 23121.86, 63464371, 206
2807, 206, 2, 30, 0, 0, 4.88%, 0, 0, 2, 23752.91, 63587500, 206
2812, 207, 2, 30, 0, 0, 4.88%, 0, 0, 2, 23796.89, 63715433, 206
2817, 207, 2, 30, 0, 0, 4.88%, 0, 0, 2, 22875.19, 63831556, 206
2822, 208, 2, 30, 0, 0, 4.88%, 0, 0, 2, 22674.44, 63950418, 206
2827, 208, 26, 30, 0, 0, 4.88%, 0, 0, 2, 24366.04, 64069726, 206
2832, 209, 10, 30, 0, 0, 4.88%, 0, 0, 2, 22286.14, 64185705, 206
2837, 209, 2, 30, 0, 0, 4.88%, 0, 0, 2, 22954.89, 64302142, 206
2842, 209, 2, 30, 0, 0, 4.88%, 0, 0, 2, 21299.68, 64413016, 206
2847, 209, 2, 30, 0, 0, 4.88%, 0, 0, 2, 25309.01, 64541511, 206
2853, 210, 2, 30, 0, 0, 4.88%, 0, 0, 2, 22187.80, 64656726, 206
2858, 211, 2, 30, 0, 0, 4.88%, 0, 0, 2, 23001.50, 64769952, 206
2863, 211, 2, 30, 0, 0, 4.88%, 0, 0, 2, 22363.13, 64887894, 206
2868, 211, 2, 30, 0, 0, 4.88%, 0, 0, 2, 24229.10, 65011294, 206
2873, 212, 2, 30, 0, 0, 4.88%, 0, 0, 2, 21937.56, 65123289, 206
2878, 212, 2, 30, 0, 0, 4.88%, 0, 0, 2, 23562.23, 65244430, 206
2883, 213, 2, 30, 0, 0, 4.88%, 0, 0, 2, 21836.73, 65357388, 206
2888, 213, 23, 30, 0, 0, 4.88%, 0, 0, 2, 26853.30, 65496972, 206
2893, 213, 20, 30, 0, 0, 4.88%, 0, 0, 2, 22590.02, 65609660, 206
2898, 214, 2, 30, 0, 0, 4.88%, 0, 0, 2, 23583.99, 65728714, 206
2903, 214, 2, 30, 0, 0, 4.88%, 0, 0, 2, 21243.64, 65835184, 206
2908, 214, 2, 30, 0, 0, 4.88%, 0, 0, 2, 24964.31, 65961353, 206
2913, 215, 2, 30, 0, 0, 4.88%, 0, 0, 2, 23324.07, 66084530, 206
2918, 215, 2, 30, 0, 0, 4.88%, 0, 0, 2, 26041.72, 66212874, 206
2923, 215, 2, 30, 0, 0, 4.88%, 0, 0, 2, 24556.94, 66340506, 206
2929, 216, 18, 30, 0, 0, 4.88%, 0, 0, 2, 25395.55, 66476228, 206
2934, 216, 2, 30, 0, 0, 4.88%, 0, 0, 2, 22797.41, 66586932, 206
2939, 217, 2, 30, 0, 0, 4.88%, 0, 0, 2, 26266.83, 66722955, 206
2944, 217, 2, 30, 0, 0, 4.88%, 0, 0, 2, 23098.02, 66834917, 206
2949, 218, 2, 30, 0, 0, 4.88%, 0, 0, 2, 26031.74, 66974862, 206
2954, 218, 2, 30, 0, 0, 4.88%, 0, 0, 2, 22646.38, 67089818, 206
2959, 218, 2, 30, 0, 0, 4.88%, 0, 0, 2, 26229.80, 67223907, 206
2964, 219, 2, 30, 0, 0, 4.88%, 0, 0, 2, 22214.32, 67332079, 206
2969, 219, 2, 30, 0, 0, 4.88%, 0, 0, 2, 27014.16, 67477736, 206
2974, 219, 0, 30, 0, 0, 4.88%, 0, 0, 2, 23285.50, 67591502, 206
2979, 220, 2, 30, 0, 0, 4.88%, 0, 0, 2, 26920.26, 67731595, 206
2985, 220, 2, 30, 0, 0, 4.88%, 0, 0, 2, 22751.70, 67844107, 206
2990, 221, 2, 30, 0, 0, 4.88%, 0, 0, 2, 24261.01, 67972243, 206
2995, 221, 2, 30, 0, 0, 4.88%, 0, 0, 2, 24654.86, 68091516, 206
3000, 221, 2, 30, 0, 0, 4.88%, 0, 0, 2, 26276.80, 68231860, 206
3005, 222, 2, 30, 0, 0, 4.88%, 0, 0, 2, 23427.36, 68343377, 206
3010, 222, 14, 30, 0, 0, 4.88%, 0, 0, 2, 23913.84, 68463662, 206
3015, 223, 2, 30, 0, 0, 4.88%, 0, 0, 2, 22939.31, 68581704, 206
3020, 223, 2, 30, 0, 0, 4.88%, 0, 0, 2, 24303.87, 68709223, 206
3025, 224, 2, 30, 0, 0, 4.88%, 0, 0, 2, 23519.74, 68818343, 206
3030, 224, 2, 30, 0, 0, 4.88%, 0, 0, 2, 25801.87, 68956745, 206
3035, 224, 2, 30, 0, 0, 4.88%, 0, 0, 2, 23027.36, 69066091, 206
3040, 225, 2, 30, 0, 0, 4.88%, 0, 0, 2, 25309.92, 69194924, 206
3045, 225, 2, 30, 0, 0, 4.88%, 0, 0, 2, 23411.18, 69305316, 206
3051, 226, 2, 30, 0, 0, 4.88%, 0, 0, 2, 26256.21, 69442399, 206
3056, 226, 26, 30, 0, 0, 4.88%, 0, 0, 2, 22963.04, 69552389, 206
3061, 226, 2, 30, 0, 0, 4.88%, 0, 0, 2, 23877.85, 69677851, 206
3066, 227, 2, 30, 0, 0, 4.88%, 0, 0, 2, 22685.64, 69784986, 206
3071, 227, 2, 30, 0, 0, 4.88%, 0, 0, 2, 22959.70, 69904841, 206
3076, 228, 2, 30, 0, 0, 4.88%, 0, 0, 2, 23103.00, 70025326, 206
3081, 228, 2, 30, 0, 0, 4.88%, 0, 0, 2, 21650.07, 70138804, 206
3086, 228, 2, 30, 0, 0, 4.88%, 0, 0, 2, 23636.25, 70253412, 206
3091, 229, 2, 30, 0, 0, 4.88%, 0, 0, 2, 24781.17, 70383700, 206
3097, 229, 2, 30, 0, 0, 4.88%, 0, 0, 2, 25229.37, 70510864, 206
3102, 230, 2, 30, 0, 0, 4.88%, 0, 0, 2, 24409.44, 70637585, 206
3107, 230, 13, 30, 0, 0, 4.88%, 0, 0, 2, 27202.11, 70775184, 206
3112, 231, 2, 30, 0, 0, 4.88%, 0, 0, 2, 23297.89, 70890771, 206
3117, 231, 2, 30, 0, 0, 4.88%, 0, 0, 2, 26344.83, 71022828, 206
3122, 231, 2, 30, 0, 0, 4.88%, 0, 0, 2, 24122.25, 71148165, 206
3127, 232, 25, 30, 0, 0, 4.88%, 0, 0, 2, 24884.23, 71269079, 206
3132, 232, 10, 30, 0, 0, 4.88%, 0, 0, 2, 22978.73, 71385897, 206
3137, 233, 2, 30, 0, 0, 4.88%, 0, 0, 2, 23875.42, 71503085, 206
3142, 233, 2, 30, 0, 0, 4.88%, 0, 0, 2, 21780.39, 71614010, 206
3147, 233, 2, 30, 0, 0, 4.88%, 0, 0, 2, 23021.09, 71729712, 206
3152, 234, 2, 30, 0, 0, 4.88%, 0, 0, 2, 22994.38, 71849786, 206
3157, 234, 2, 30, 0, 0, 4.88%, 0, 0, 2, 23720.45, 71973244, 206
3163, 234, 26, 30, 0, 0, 4.88%, 0, 0, 2, 23454.07, 72098058, 206
3168, 235, 2, 30, 0, 0, 4.88%, 0, 0, 2, 25929.10, 72226506, 206
3173, 235, 2, 30, 0, 0, 4.88%, 0, 0, 2, 23438.33, 72348235, 206
3178, 235, 2, 30, 0, 0, 4.88%, 0, 0, 2, 23564.98, 72469832, 206
3183, 236, 2, 30, 0, 0, 4.88%, 0, 0, 2, 21783.13, 72582291, 206
3188, 236, 2, 30, 0, 0, 4.88%, 0, 0, 2, 24428.90, 72708218, 206
3193, 237, 2, 30, 0, 0, 4.88%, 0, 0, 2, 21537.76, 72814468, 206
3198, 237, 2, 30, 0, 0, 4.88%, 0, 0, 2, 25361.78, 72941161, 206
3203, 238, 10, 30, 0, 0, 4.88%, 0, 0, 2, 22429.85, 73056220, 206
3208, 238, 2, 30, 0, 0, 4.88%, 0, 0, 2, 25001.20, 73181967, 206
3213, 239, 28, 30, 0, 0, 4.88%, 0, 0, 2, 23697.90, 73304919, 206
3218, 239, 2, 30, 0, 0, 4.88%, 0, 0, 2, 25280.26, 73429009, 206
3223, 240, 26, 30, 0, 0, 4.88%, 0, 0, 2, 23296.61, 73551736, 206
3228, 240, 2, 30, 0, 0, 4.88%, 0, 0, 2, 27909.00, 73695641, 206
3233, 240, 2, 30, 0, 0, 4.88%, 0, 0, 2, 23249.49, 73812647, 206
3239, 241, 2, 30, 0, 0, 4.88%, 0, 0, 2, 25677.77, 73948892, 206
3244, 241, 21, 30, 0, 0, 4.88%, 0, 0, 2, 22709.42, 74062662, 206
3249, 241, 2, 30, 0, 0, 4.88%, 0, 0, 2, 24970.62, 74187322, 206
3254, 242, 2, 30, 0, 0, 4.88%, 0, 0, 2, 24460.76, 74315528, 206
3259, 242, 2, 30, 0, 0, 4.88%, 0, 0, 2, 25292.65, 74448166, 206
3264, 243, 2, 30, 0, 0, 4.88%, 0, 0, 2, 21882.66, 74555739, 206
3269, 243, 2, 30, 0, 0, 4.88%, 0, 0, 2, 24346.27, 74676790, 206
3274, 244, 2, 30, 0, 0, 4.88%, 0, 0, 2, 23416.72, 74798580, 206
3279, 244, 2, 30, 0, 0, 4.88%, 0, 0, 2, 24609.70, 74923142, 206
3284, 245, 20, 30, 0, 0, 4.88%, 0, 0, 2, 24236.24, 75046205, 206
3289, 245, 2, 30, 0, 0, 4.88%, 0, 0, 2, 24435.33, 75168404, 206
3294, 246, 0, 30, 0, 0, 4.88%, 0, 0, 2, 22862.06, 75283809, 206
3300, 246, 2, 30, 0, 0, 4.88%, 0, 0, 2, 26211.59, 75426065, 206
3305, 246, 2, 30, 0, 0, 4.88%, 0, 0, 2, 22465.74, 75534403, 206
3310, 247, 2, 30, 0, 0, 4.88%, 0, 0, 2, 28163.32, 75677985, 206
3315, 247, 2, 30, 0, 0, 4.88%, 0, 0, 2, 24238.33, 75794463, 206
3320, 248, 2, 30, 0, 0, 4.88%, 0, 0, 2, 25402.15, 75926583, 206
3325, 248, 2, 30, 0, 0, 4.88%, 0, 0, 2, 23252.77, 76036101, 206
3330, 248, 2, 30, 0, 0, 4.88%, 0, 0, 2, 24753.80, 76166842, 206
3335, 249, 2, 30, 0, 0, 4.88%, 0, 0, 2, 24432.73, 76282248, 206
3340, 249, 2, 30, 0, 0, 4.88%, 0, 0, 2, 27100.18, 76425066, 206
3345, 249, 2, 30, 0, 0, 4.88%, 0, 0, 2, 25730.85, 76551360, 206
3350, 250, 2, 30, 0, 0, 4.88%, 0, 0, 2, 27152.80, 76695219, 206
3355, 250, 13, 30, 0, 0, 4.88%, 0, 0, 2, 23261.51, 76804868, 206
3360, 250, 2, 30, 0, 0, 4.88%, 0, 0, 2, 26027.43, 76939831, 206
3365, 251, 26, 30, 0, 0, 4.88%, 0, 0, 2, 24505.82, 77058149, 206
3371, 252, 2, 30, 0, 0, 4.88%, 0, 0, 2, 22942.71, 77174897, 206
3376, 252, 2, 30, 0, 0, 4.88%, 0, 0, 2, 22653.02, 77283956, 206
3381, 252, 2, 30, 0, 0, 4.88%, 0, 0, 2, 23679.12, 77408960, 206
3386, 253, 2, 30, 0, 0, 4.88%, 0, 0, 2, 21632.45, 77517349, 206
3391, 254, 24, 30, 0, 0, 4.88%, 0, 0, 2, 23313.51, 77636903, 206
3396, 254, 2, 30, 0, 0, 4.88%, 0, 0, 2, 23746.50, 77754574, 206
3401, 254, 2, 30, 0, 0, 4.88%, 0, 0, 2, 25336.82, 77886606, 206
3406, 255, 2, 30, 0, 0, 4.88%, 0, 0, 2, 24685.58, 78006075, 206
3411, 255, 2, 30, 0, 0, 4.88%, 0, 0, 2, 24629.66, 78136233, 206
3416, 256, 26, 30, 0, 0, 4.88%, 0, 0, 2, 25013.19, 78258877, 206
3421, 256, 26, 30, 0, 0, 4.88%, 0, 0, 2, 25720.88, 78392107, 206
3426, 257, 13, 30, 0, 0, 4.88%, 0, 0, 2, 25837.93, 78515756, 206
3432, 257, 2, 30, 0, 0, 4.88%, 0, 0, 2, 24784.08, 78644083, 206
3437, 257, 10, 30, 0, 0, 4.88%, 0, 0, 2, 24670.41, 78768803, 206
3442, 258, 2, 30, 0, 0, 4.88%, 0, 0, 2, 22529.86, 78889090, 206
3447, 258, 2, 30, 0, 0, 4.88%, 0, 0, 2, 23873.18, 79006927, 206
3452, 259, 2, 30, 0, 0, 4.88%, 0, 0, 2, 23888.66, 79129724, 206
3457, 259, 25, 30, 0, 0, 4.88%, 0, 0, 2, 25005.90, 79253194, 206
3462, 260, 2, 30, 0, 0, 4.88%, 0, 0, 2, 23755.79, 79374814, 206
3467, 260, 2, 30, 0, 0, 4.88%, 0, 0, 2, 25729.90, 79501372, 206
3472, 260, 14, 30, 0, 0, 4.88%, 0, 0, 2, 23826.78, 79622880, 206
3477, 261, 2, 30, 0, 0, 4.88%, 0, 0, 2, 24812.59, 79747419, 206
3482, 261, 2, 30, 0, 0, 4.88%, 0, 0, 2, 25023.21, 79878117, 206
3487, 262, 2, 30, 0, 0, 4.88%, 0, 0, 2, 25302.22, 80005190, 206
3492, 262, 2, 30, 0, 0, 4.88%, 0, 0, 2, 24799.26, 80138142, 206
3498, 263, 13, 30, 0, 0, 4.88%, 0, 0, 2, 25269.88, 80267907, 206
3503, 263, 2, 30, 0, 0, 4.88%, 0, 0, 2, 22410.50, 80379575, 206
3508, 263, 2, 30, 0, 0, 4.88%, 0, 0, 2, 23933.08, 80504590, 206
3513, 264, 13, 30, 0, 0, 4.88%, 0, 0, 2, 26309.60, 80644166, 206
3518, 264, 21, 30, 0, 0, 4.88%, 0, 0, 2, 24920.64, 80766134, 206
3523, 265, 2, 30, 0, 0, 4.88%, 0, 0, 2, 22221.71, 80878546, 206
3528, 265, 10, 30, 0, 0, 4.88%, 0, 0, 2, 26064.97, 81016488, 206
3533, 265, 2, 30, 0, 0, 4.88%, 0, 0, 2, 24385.00, 81142297, 206
3538, 266, 2, 30, 0, 0, 4.88%, 0, 0, 2, 23831.84, 81262407, 206
3543, 266, 26, 30, 0, 0, 4.88%, 0, 0, 2, 23837.32, 81387755, 206
3548, 267, 10, 30, 0, 0, 4.88%, 0, 0, 2, 26014.29, 81515017, 206
3553, 267, 10, 30, 0, 0, 4.88%, 0, 0, 2, 24232.65, 81643196, 206
3558, 268, 2, 30, 0, 0, 4.88%, 0, 0, 2, 25517.30, 81772450, 206
3563, 268, 2, 30, 0, 0, 4.88%, 0, 0, 2, 22572.65, 81887788, 206
3568, 269, 2, 30, 0, 0, 4.88%, 0, 0, 2, 25717.65, 82016990, 206
3573, 269, 24, 30, 0, 0, 4.88%, 0, 0, 2, 23684.21, 82141697, 206
3579, 269, 20, 30, 0, 0, 4.88%, 0, 0, 2, 27289.93, 82282002, 206
3584, 270, 2, 30, 0, 0, 4.88%, 0, 0, 2, 23845.32, 82399301, 206
3589, 270, 2, 30, 0, 0, 4.88%, 0, 0, 2, 24364.20, 82525962, 206
3594, 270, 2, 30, 0, 0, 4.88%, 0, 0, 2, 23762.42, 82644799, 206
3599, 271, 26, 30, 0, 0, 4.88%, 0, 0, 2, 27531.38, 82794224, 206
3604, 271, 2, 30, 0, 0, 4.88%, 0, 0, 2, 23406.69, 82909446, 206
3609, 272, 2, 30, 0, 0, 4.88%, 0, 0, 2, 29154.10, 83059115, 206
3614, 272, 2, 30, 0, 0, 4.88%, 0, 0, 2, 25431.89, 83181062, 206
3619, 272, 2, 30, 0, 0, 4.88%, 0, 0, 2, 28648.05, 83330262, 206
3624, 273, 2, 30, 0, 0, 4.88%, 0, 0, 2, 24220.02, 83444975, 206
3629, 273, 2, 30, 0, 0, 4.88%, 0, 0, 2, 28002.00, 83591242, 206
3634, 273, 23, 30, 0, 0, 4.88%, 0, 0, 2, 26234.04, 83729153, 206
3639, 274, 2, 30, 0, 0, 4.88%, 0, 0, 2, 29157.81, 83871193, 206
3644, 274, 2, 30, 0, 0, 4.88%, 0, 0, 2, 27219.51, 84009003, 206
3649, 274, 2, 30, 0, 0, 4.88%, 0, 0, 2, 26832.79, 84145267, 206
3655, 275, 2, 30, 0, 0, 4.88%, 0, 0, 2, 23920.50, 84260535, 206
3660, 275, 2, 30, 0, 0, 4.88%, 0, 0, 2, 26346.75, 84397613, 206
3665, 276, 2, 30, 0, 0, 4.88%, 0, 0, 2, 24498.83, 84520555, 206
3670, 276, 2, 30, 0, 0, 4.88%, 0, 0, 2, 25832.97, 84656450, 206
3675, 277, 2, 30, 0, 0, 4.88%, 0, 0, 2, 23399.97, 84772321, 206
3680, 277, 2, 30, 0, 0, 4.88%, 0, 0, 2, 25533.75, 84904307, 206
3685, 278, 2, 30, 0, 0, 4.88%, 0, 0, 2, 23864.53, 85023523, 206
3691, 278, 2, 30, 0, 0, 4.88%, 0, 0, 2, 26740.92, 85160979, 206
3696, 278, 21, 30, 0, 0, 4.88%, 0, 0, 2, 25157.48, 85280694, 206
3701, 279, 2, 30, 0, 0, 4.88%, 0, 0, 2, 27617.54, 85420604, 206
3706, 279, 2, 30, 0, 0, 4.88%, 0, 0, 2, 24031.46, 85537351, 206
3711, 279, 26, 30, 0, 0, 4.88%, 0, 0, 2, 26240.04, 85675485, 206
3716, 280, 10, 30, 0, 0, 4.88%, 0, 0, 2, 24316.56, 85793501, 206
3721, 280, 2, 30, 0, 0, 4.88%, 0, 0, 2, 27199.87, 85936673, 206
3726, 281, 2, 30, 0, 0, 4.88%, 0, 0, 2, 24884.42, 86059227, 206
3731, 281, 2, 30, 0, 0, 4.88%, 0, 0, 2, 23339.45, 86176633, 206
3736, 281, 2, 30, 0, 0, 4.88%, 0, 0, 2, 24936.16, 86299759, 206
3741, 282, 2, 30, 0, 0, 4.88%, 0, 0, 2, 23557.71, 86421020, 206
3746, 282, 2, 30, 0, 0, 4.88%, 0, 0, 2, 24820.67, 86545516, 206
3752, 283, 10, 30, 0, 0, 4.88%, 0, 0, 2, 24258.10, 86670304, 206
3757, 283, 26, 30, 0, 0, 4.88%, 0, 0, 2, 24085.68, 86792235, 206
3762, 283, 2, 30, 0, 0, 4.88%, 0, 0, 2, 23925.34, 86915782, 206
3767, 284, 2, 30, 0, 0, 4.88%, 0, 0, 2, 26985.87, 87043622, 206
3772, 284, 2, 30, 0, 0, 4.88%, 0, 0, 2, 25788.76, 87185712, 206
3777, 285, 2, 30, 0, 0, 4.88%, 0, 0, 2, 24295.71, 87303942, 206
3782, 285, 2, 30, 0, 0, 4.88%, 0, 0, 2, 26286.52, 87443776, 206
3787, 286, 2, 30, 0, 0, 4.88%, 0, 0, 2, 24236.73, 87562711, 206
3792, 286, 2, 30, 0, 0, 4.88%, 0, 0, 2, 24365.73, 87696388, 206
3797, 286, 2, 30, 0, 0, 4.88%, 0, 0, 2, 26762.86, 87827704, 206
3802, 287, 2, 30, 0, 0, 4.88%, 0, 0, 2, 23788.39, 87949853, 206
3807, 287, 2, 30, 0, 0, 4.88%, 0, 0, 2, 25912.01, 88081188, 206
3812, 288, 25, 30, 0, 0, 4.88%, 0, 0, 2, 25329.32, 88216390, 206
3817, 288, 2, 30, 0, 0, 4.88%, 0, 0, 2, 25997.16, 88344578, 206
3822, 288, 0, 30, 0, 0, 4.88%, 0, 0, 2, 26036.45, 88483779, 206
3828, 289, 2, 30, 0, 0, 4.88%, 0, 0, 2, 28374.10, 88625415, 206
3833, 289, 2, 30, 0, 0, 4.88%, 0, 0, 2, 25935.53, 88758269, 206
3838, 290, 24, 30, 0, 0, 4.88%, 0, 0, 2, 27721.46, 88902916, 206
3843, 290, 2, 30, 0, 0, 4.88%, 0, 0, 2, 23224.36, 89020760, 206
3848, 290, 2, 30, 0, 0, 4.88%, 0, 0, 2, 23519.91, 89137161, 206
3853, 291, 2, 30, 0, 0, 4.88%, 0, 0, 2, 24417.59, 89267496, 206
3858, 291, 2, 30, 0, 0, 4.88%, 0, 0, 2, 27427.31, 89403623, 206
3863, 292, 2, 30, 0, 0, 4.88%, 0, 0, 2, 23125.82, 89516311, 206
3868, 292, 2, 30, 0, 0, 4.88%, 0, 0, 2, 27563.62, 89660730, 206
3873, 292, 10, 30, 0, 0, 4.88%, 0, 0, 2, 24081.65, 89784795, 206
3879, 293, 2, 30, 0, 0, 4.88%, 0, 0, 2, 25591.42, 89919633, 206
3884, 293, 20, 30, 0, 0, 4.88%, 0, 0, 2, 23967.74, 90041921, 206
3889, 294, 5, 30, 0, 0, 4.88%, 0, 0, 2, 27982.77, 90190652, 206
3894, 294, 23, 30, 0, 0, 4.88%, 0, 0, 2, 24112.05, 90310086, 206
3899, 294, 2, 30, 0, 0, 4.88%, 0, 0, 2, 27887.41, 90449862, 206
3904, 295, 2, 30, 0, 0, 4.88%, 0, 0, 2, 24121.82, 90569978, 206
3909, 295, 10, 30, 0, 0, 4.88%, 0, 0, 2, 26041.18, 90700635, 206
3914, 296, 2, 30, 0, 0, 4.88%, 0, 0, 2, 23459.74, 90822829, 206
3919, 296, 2, 30, 0, 0, 4.88%, 0, 0, 2, 27200.85, 90963894, 206
3924, 296, 2, 30, 0, 0, 4.88%, 0, 0, 2, 23566.78, 91073032, 206
3929, 297, 2, 30, 0, 0, 4.88%, 0, 0, 2, 26630.79, 91208214, 206
3934, 297, 2, 30, 0, 0, 4.88%, 0, 0, 2, 23356.52, 91324679, 206
3939, 298, 2, 30, 0, 0, 4.88%, 0, 0, 2, 25585.43, 91458605, 206
3945, 298, 2, 30, 0, 0, 4.88%, 0, 0, 2, 22621.49, 91573698, 206
3950, 298, 10, 30, 0, 0, 4.88%, 0, 0, 2, 26333.80, 91710193, 206
3955, 298, 2, 30, 0, 0, 4.88%, 0, 0, 2, 24717.78, 91832706, 206
3960, 299, 2, 30, 0, 0, 4.88%, 0, 0, 2, 27960.28, 91982189, 206
3965, 299, 10, 30, 0, 0, 4.88%, 0, 0, 2, 24959.20, 92099542, 206
3970, 300, 2, 30, 0, 0, 4.88%, 0, 0, 2, 27477.99, 92239690, 206
3975, 300, 2, 30, 0, 0, 4.88%, 0, 0, 2, 23075.37, 92349760, 206
3980, 301, 2, 30, 0, 0, 4.88%, 0, 0, 2, 25748.71, 92488450, 206
3985, 301, 2, 30, 0, 0, 4.88%, 0, 0, 2, 24239.28, 92603138, 206
3990, 302, 2, 30, 0, 0, 4.88%, 0, 0, 2, 24566.77, 92731663, 206
3995, 302, 10, 30, 0, 0, 4.88%, 0, 0, 2, 23831.68, 92845590, 206
4001, 303, 2, 30, 0, 0, 4.88%, 0, 0, 2, 23719.23, 92964319, 206
4006, 303, 2, 30, 0, 0, 4.88%, 0, 0, 2, 26676.88, 93098114, 206
4011, 303, 2, 30, 0, 0, 4.88%, 0, 0, 2, 26131.92, 93232807, 206
4016, 304, 2, 30, 0, 0, 4.88%, 0, 0, 2, 24413.14, 93351712, 206
4021, 304, 2, 30, 0, 0, 4.88%, 0, 0, 2, 24889.93, 93480962, 206
4026, 305, 2, 30, 0, 0, 4.88%, 0, 0, 2, 24437.81, 93600714, 206
4031, 305, 2, 30, 0, 0, 4.88%, 0, 0, 2, 27570.35, 93746563, 206
4036, 305, 28, 30, 0, 0, 4.88%, 0, 0, 2, 24957.09, 93864291, 206
4041, 306, 2, 30, 0, 0, 4.88%, 0, 0, 2, 23576.42, 93988388, 206
4046, 306, 2, 30, 0, 0, 4.88%, 0, 0, 2, 25527.94, 94114320, 206
4051, 307, 2, 30, 0, 0, 4.88%, 0, 0, 2, 26542.17, 94253974, 206
4056, 307, 28, 30, 0, 0, 4.88%, 0, 0, 2, 27861.91, 94389680, 206
4061, 307, 12, 30, 0, 0, 4.88%, 0, 0, 2, 28219.39, 94535671, 206
4066, 308, 26, 30, 0, 0, 4.88%, 0, 0, 2, 28533.30, 94668933, 206
4071, 308, 2, 30, 0, 0, 4.88%, 0, 0, 2, 26884.29, 94811922, 206
4076, 309, 10, 30, 0, 0, 4.88%, 0, 0, 2, 26118.71, 94935383, 206
4082, 309, 2, 30, 0, 0, 4.88%, 0, 0, 2, 24326.89, 95058340, 206
4087, 309, 10, 30, 0, 0, 4.88%, 0, 0, 2, 25676.83, 95186461, 206
4092, 310, 2, 30, 0, 0, 4.88%, 0, 0, 2, 25492.83, 95325064, 206
4097, 310, 2, 30, 0, 0, 4.88%, 0, 0, 2, 27212.96, 95454528, 206
4102, 311, 15, 30, 0, 0, 4.88%, 0, 0, 2, 23730.15, 95579271, 206
4107, 311, 10, 30, 0, 0, 4.88%, 0, 0, 2, 24363.84, 95697945, 206
4112, 312, 10, 30, 0, 0, 4.88%, 0, 0, 2, 25680.75, 95835792, 206
4117, 312, 2, 30, 0, 0, 4.88%, 0, 0, 2, 26647.68, 95966543, 206
4122, 312, 2, 30, 0, 0, 4.88%, 0, 0, 2, 26865.06, 96111829, 206
4127, 313, 26, 30, 0, 0, 4.88%, 0, 0, 2, 28192.55, 96249520, 206
4132, 313, 2, 30, 0, 0, 4.88%, 0, 0, 2, 23896.80, 96368139, 206
4137, 314, 2, 30, 0, 0, 4.88%, 0, 0, 2, 24154.34, 96486852, 206
4142, 314, 2, 30, 0, 0, 4.88%, 0, 0, 2, 22548.88, 96601211, 206
4147, 315, 2, 30, 0, 0, 4.88%, 0, 0, 2, 25419.76, 96735428, 206
4153, 315, 26, 30, 0, 0, 4.88%, 0, 0, 2, 23392.41, 96859284, 206
4158, 316, 2, 30, 0, 0, 4.88%, 0, 0, 2, 23663.59, 96980648, 206
4163, 316, 10, 30, 0, 0, 4.88%, 0, 0, 2, 22279.52, 97098577, 206
4168, 316, 2, 30, 0, 0, 4.88%, 0, 0, 2, 27614.76, 97244434, 206
4173, 317, 2, 30, 0, 0, 4.88%, 0, 0, 2, 24740.78, 97370135, 206
4178, 317, 0, 30, 0, 0, 4.88%, 0, 0, 2, 27585.95, 97510523, 206
4183, 318, 18, 30, 0, 0, 4.88%, 0, 0, 2, 25996.35, 97653448, 206
4188, 318, 2, 30, 0, 0, 4.88%, 0, 0, 2, 25544.59, 97775640, 206
4193, 319, 2, 30, 0, 0, 4.88%, 0, 0, 2, 24777.24, 97900789, 206
4198, 319, 2, 30, 0, 0, 4.88%, 0, 0, 2, 29041.69, 98048759, 206
4204, 320, 15, 30, 0, 0, 4.88%, 0, 0, 2, 25752.87, 98182666, 206
4209, 320, 2, 30, 0, 0, 4.88%, 0, 0, 2, 26525.14, 98319359, 206
4214, 320, 2, 30, 0, 0, 4.88%, 0, 0, 2, 23029.22, 98436602, 206
4219, 321, 2, 30, 0, 0, 4.88%, 0, 0, 2, 26483.48, 98575872, 206
4224, 321, 2, 30, 0, 0, 4.88%, 0, 0, 2, 22879.84, 98692821, 206
4229, 321, 2, 30, 0, 0, 4.88%, 0, 0, 2, 27408.79, 98832189, 206
4234, 322, 2, 30, 0, 0, 4.88%, 0, 0, 2, 23202.08, 98946456, 206
4239, 322, 27, 30, 0, 0, 4.88%, 0, 0, 2, 26082.70, 99082360, 206
4244, 323, 2, 30, 0, 0, 4.88%, 0, 0, 2, 24478.05, 99203772, 206
4249, 323, 2, 30, 0, 0, 4.88%, 0, 0, 2, 28098.90, 99349601, 206
4254, 323, 10, 30, 0, 0, 4.88%, 0, 0, 2, 28503.91, 99490557, 206
4259, 324, 2, 30, 0, 0, 4.88%, 0, 0, 2, 31998.83, 99656823, 206
4264, 324, 2, 30, 0, 0, 4.88%, 0, 0, 2, 26788.85, 99785536, 206
4269, 325, 2, 30, 0, 0, 4.88%, 0, 0, 2, 27978.49, 99925991, 206
4275, 325, 13, 30, 0, 0, 4.88%, 0, 0, 2, 25299.06, 100060485, 206
4280, 326, 10, 30, 0, 0, 4.88%, 0, 0, 2, 24374.36, 100177327, 206
4285, 326, 2, 30, 0, 0, 4.88%, 0, 0, 2, 24773.29, 100300145, 206
4290, 326, 28, 30, 0, 0, 4.88%, 0, 0, 2, 27993.43, 100456199, 206
4295, 327, 2, 30, 0, 0, 4.88%, 0, 0, 2, 24757.09, 100572977, 206
4300, 327, 2, 30, 0, 0, 4.88%, 0, 0, 2, 27948.67, 100716906, 206
4305, 328, 3, 30, 0, 0, 4.88%, 0, 0, 2, 26915.28, 100850563, 206
4310, 328, 26, 30, 0, 0, 4.88%, 0, 0, 2, 25851.79, 100976339, 206
4315, 329, 2, 30, 0, 0, 4.88%, 0, 0, 2, 24873.09, 101100648, 206
4320, 329, 2, 30, 0, 0, 4.88%, 0, 0, 2, 27522.54, 101244956, 206
4325, 329, 2, 30, 0, 0, 4.88%, 0, 0, 2, 27032.89, 101370772, 206
4330, 330, 2, 30, 0, 0, 4.88%, 0, 0, 2, 27412.40, 101515937, 206
4335, 330, 2, 30, 0, 0, 4.88%, 0, 0, 2, 27933.30, 101649597, 206
4340, 331, 2, 30, 0, 0, 4.88%, 0, 0, 2, 24931.76, 101777532, 206
4345, 331, 2, 30, 0, 0, 4.88%, 0, 0, 2, 25714.57, 101896323, 206
4351, 332, 2, 30, 0, 0, 4.88%, 0, 0, 2, 28013.04, 102039578, 206
4356, 332, 2, 30, 0, 0, 4.88%, 0, 0, 2, 26814.82, 102167535, 206
4361, 332, 2, 30, 0, 0, 4.88%, 0, 0, 2, 26664.05, 102301789, 206
4366, 333, 2, 30, 0, 0, 4.88%, 0, 0, 2, 25479.89, 102428390, 206
4371, 333, 2, 30, 0, 0, 4.88%, 0, 0, 2, 27203.55, 102574593, 206
4376, 334, 2, 30, 0, 0, 4.88%, 0, 0, 2, 29636.13, 102715119, 206
4381, 334, 2, 30, 0, 0, 4.88%, 0, 0, 2, 27112.45, 102851194, 206
4386, 334, 2, 30, 0, 0, 4.88%, 0, 0, 2, 26268.83, 102978165, 206
4391, 335, 2, 30, 0, 0, 4.88%, 0, 0, 2, 28849.20, 103131274, 206
4396, 335, 2, 30, 0, 0, 4.88%, 0, 0, 2, 27135.16, 103258215, 206
4401, 336, 3, 30, 0, 0, 4.88%, 0, 0, 2, 26641.58, 103399010, 206
4406, 336, 2, 30, 0, 0, 4.88%, 0, 0, 2, 26019.81, 103522189, 206
4411, 336, 2, 30, 0, 0, 4.88%, 0, 0, 2, 25979.94, 103652268, 206
4416, 337, 2, 30, 0, 0, 4.88%, 0, 0, 2, 24486.28, 103774154, 206
4421, 337, 2, 30, 0, 0, 4.88%, 0, 0, 2, 24412.55, 103905238, 206
4427, 338, 2, 30, 0, 0, 4.88%, 0, 0, 2, 25323.48, 104031804, 206
4432, 338, 2, 30, 0, 0, 4.88%, 0, 0, 2, 26725.05, 104169045, 206
4437, 339, 2, 30, 0, 0, 4.88%, 0, 0, 2, 26899.16, 104305954, 206
4442, 339, 2, 30, 0, 0, 4.88%, 0, 0, 2, 26784.25, 104448349, 206
4447, 340, 2, 30, 0, 0, 4.88%, 0, 0, 2, 25362.42, 104577132, 206
4452, 340, 2, 30, 0, 0, 4.88%, 0, 0, 2, 24012.17, 104703040, 206
4457, 341, 2, 30, 0, 0, 4.88%, 0, 0, 2, 24987.56, 104828731, 206
4462, 341, 2, 30, 0, 0, 4.88%, 0, 0, 2, 22818.10, 104946000, 206
4467, 341, 2, 30, 0, 0, 4.88%, 0, 0, 2, 24880.68, 105076097, 206
4472, 342, 24, 30, 0, 0, 4.88%, 0, 0, 2, 24124.66, 105207255, 206
4477, 342, 16, 30, 0, 0, 4.88%, 0, 0, 2, 27113.06, 105341595, 206
4482, 343, 2, 30, 0, 0, 4.88%, 0, 0, 2, 25149.21, 105468878, 206
4487, 343, 26, 30, 0, 0, 4.88%, 0, 0, 2, 26173.03, 105598846, 206
4493, 343, 2, 30, 0, 0, 4.88%, 0, 0, 2, 25529.62, 105731396, 206
4498, 344, 2, 30, 0, 0, 4.88%, 0, 0, 2, 27524.24, 105877470, 206
4503, 344, 2, 30, 0, 0, 4.88%, 0, 0, 2, 25046.35, 106008293, 206
4508, 344, 26, 30, 0, 0, 4.88%, 0, 0, 2, 27940.45, 106156271, 206
4513, 345, 15, 30, 0, 0, 4.88%, 0, 0, 2, 24725.86, 106281055, 206
4518, 346, 10, 30, 0, 0, 4.88%, 0, 0, 2, 25219.58, 106407041, 206
4523, 346, 2, 30, 0, 0, 4.88%, 0, 0, 2, 22296.54, 106519489, 206
4528, 347, 26, 30, 0, 0, 4.88%, 0, 0, 2, 26481.21, 106658309, 206
4533, 347, 2, 30, 0, 0, 4.88%, 0, 0, 2, 23763.94, 106775961, 206
4539, 347, 2, 30, 0, 0, 4.88%, 0, 0, 2, 27639.87, 106917206, 206
4544, 348, 2, 30, 0, 0, 4.88%, 0, 0, 2, 23643.57, 107037518, 206
4549, 348, 2, 30, 0, 0, 4.88%, 0, 0, 2, 28397.90, 107183456, 206
4554, 349, 2, 30, 0, 0, 4.88%, 0, 0, 2, 23727.13, 107303327, 206
4559, 349, 2, 30, 0, 0, 4.88%, 0, 0, 2, 25215.94, 107435635, 206
4564, 349, 16, 30, 0, 0, 4.88%, 0, 0, 2, 24103.44, 107553808, 206
4569, 350, 2, 30, 0, 0, 4.88%, 0, 0, 2, 26083.62, 107687024, 206
4574, 350, 2, 30, 0, 0, 4.88%, 0, 0, 2, 23858.90, 107806688, 206
4579, 351, 2, 30, 0, 0, 4.88%, 0, 0, 2, 28164.18, 107960114, 206
4584, 351, 12, 30, 0, 0, 4.88%, 0, 0, 2, 23181.06, 108070274, 206
4590, 351, 2, 30, 0, 0, 4.88%, 0, 0, 2, 26343.81, 108208749, 206
4595, 352, 2, 30, 0, 0, 4.88%, 0, 0, 2, 24738.17, 108334390, 206
4600, 352, 2, 30, 0, 0, 4.88%, 0, 0, 2, 27734.23, 108482859, 206
4605, 352, 2, 30, 0, 0, 4.88%, 0, 0, 2, 24212.81, 108598691, 206
4610, 353, 15, 30, 0, 0, 4.88%, 0, 0, 2, 28128.76, 108747732, 206
4615, 353, 5, 30, 0, 0, 4.88%, 0, 0, 2, 24127.10, 108862230, 206
4620, 354, 2, 30, 0, 0, 4.88%, 0, 0, 2, 26726.00, 109003461, 206
4625, 354, 2, 30, 0, 0, 4.88%, 0, 0, 2, 24005.78, 109120502, 206
4630, 355, 2, 30, 0, 0, 4.88%, 0, 0, 2, 25135.81, 109252180, 206
4635, 355, 27, 30, 0, 0, 4.88%, 0, 0, 2, 24701.92, 109371830, 206
4640, 355, 2, 30, 0, 0, 4.88%, 0, 0, 2, 26555.39, 109511039, 206
4645, 356, 2, 30, 0, 0, 4.88%, 0, 0, 2, 25854.23, 109631441, 206
4650, 356, 2, 30, 0, 0, 4.88%, 0, 0, 2, 27610.28, 109770884, 206
4656, 356, 10, 30, 0, 0, 4.88%, 0, 0, 2, 25306.74, 109890683, 206
4661, 357, 2, 30, 0, 0, 4.88%, 0, 0, 2, 26597.06, 110024976, 206
4666, 357, 2, 30, 0, 0, 4.88%, 0, 0, 2, 24591.98, 110140367, 206
4671, 358, 2, 30, 0, 0, 4.88%, 0, 0, 2, 24577.24, 110263883, 206
4676, 358, 2, 30, 0, 0, 4.88%, 0, 0, 2, 23974.98, 110379435, 206
4681, 358, 2, 30, 0, 0, 4.88%, 0, 0, 2, 28812.75, 110534598, 206
4686, 359, 2, 30, 0, 0, 4.88%, 0, 0, 2, 25964.61, 110659158, 206
4691, 359, 2, 30, 0, 0, 4.88%, 0, 0, 2, 28745.42, 110804846, 206
4696, 360, 2, 30, 0, 0, 4.88%, 0, 0, 2, 23336.77, 110912748, 206
4701, 360, 2, 30, 0, 0, 4.88%, 0, 0, 2, 25749.65, 111058921, 206
4706, 360, 25, 30, 0, 0, 4.88%, 0, 0, 2, 25732.35, 111184937, 206
4711, 361, 2, 30, 0, 0, 4.88%, 0, 0, 2, 24302.10, 111310003, 206
4716, 361, 10, 30, 0, 0, 4.88%, 0, 0, 2, 24634.65, 111432250, 206
4722, 362, 2, 30, 0, 0, 4.88%, 0, 0, 2, 27198.60, 111574000, 206
4727, 362, 13, 30, 0, 0, 4.88%, 0, 0, 2, 27362.78, 111709369, 206
4732, 362, 2, 30, 0, 0, 4.88%, 0, 0, 2, 23606.59, 111827558, 206
4737, 363, 2, 30, 0, 0, 4.88%, 0, 0, 2, 26433.35, 111961963, 206
4742, 363, 2, 30, 0, 0, 4.88%, 0, 0, 2, 24688.13, 112091719, 206
4747, 363, 24, 30, 0, 0, 4.88%, 0, 0, 2, 28200.00, 112233534, 206
4752, 364, 2, 30, 0, 0, 4.88%, 0, 0, 2, 25658.50, 112365361, 206
4757, 364, 10, 30, 0, 0, 4.88%, 0, 0, 2, 27468.57, 112508691, 206
4762, 364, 2, 30, 0, 0, 4.88%, 0, 0, 2, 22121.32, 112617671, 206
4767, 365, 15, 30, 0, 0, 4.88%, 0, 0, 2, 25990.55, 112749717, 206
4772, 365, 26, 30, 0, 0, 4.88%, 0, 0, 2, 22117.84, 112859385, 206
4777, 366, 12, 30, 0, 0, 4.88%, 0, 0, 2, 25304.90, 112989319, 206
4783, 367, 2, 30, 0, 0, 4.88%, 0, 0, 2, 22613.31, 113107052, 206
4788, 367, 2, 30, 0, 0, 4.88%, 0, 0, 2, 27289.70, 113244816, 206
4793, 367, 2, 30, 0, 0, 4.88%, 0, 0, 2, 24350.32, 113365574, 206
4798, 368, 2, 30, 0, 0, 4.88%, 0, 0, 2, 24795.55, 113491114, 206
4803, 368, 10, 30, 0, 0, 4.88%, 0, 0, 2, 23403.41, 113610864, 206
4808, 369, 2, 30, 0, 0, 4.88%, 0, 0, 2, 27434.27, 113751369, 206
4813, 369, 2, 30, 0, 0, 4.88%, 0, 0, 2, 23699.17, 113873050, 206
4818, 370, 2, 30, 0, 0, 4.88%, 0, 0, 2, 24174.12, 113993953, 206
4823, 370, 2, 30, 0, 0, 4.88%, 0, 0, 2, 22140.76, 114108737, 206
4828, 371, 2, 30, 0, 0, 4.88%, 0, 0, 2, 24368.51, 114235154, 206
4833, 371, 18, 30, 0, 0, 4.88%, 0, 0, 2, 22628.33, 114353268, 206
4838, 372, 25, 30, 0, 0, 4.88%, 0, 0, 2, 24155.75, 114475639, 206
4843, 372, 10, 30, 0, 0, 4.88%, 0, 0, 2, 23528.37, 114596653, 206
4849, 372, 2, 30, 0, 0, 4.88%, 0, 0, 2, 28727.97, 114742828, 206
4854, 373, 2, 30, 0, 0, 4.88%, 0, 0, 2, 25013.33, 114865477, 206
4859, 373, 23, 30, 0, 0, 4.88%, 0, 0, 2, 25277.19, 114995722, 206
4864, 374, 2, 30, 0, 0, 4.88%, 0, 0, 2, 23321.81, 115111547, 206
4869, 374, 2, 30, 0, 0, 4.88%, 0, 0, 2, 28012.01, 115264558, 206
4874, 375, 2, 30, 0, 0, 4.88%, 0, 0, 2, 24948.23, 115385986, 206
4879, 375, 2, 30, 0, 0, 4.88%, 0, 0, 2, 30161.78, 115546661, 206
4884, 375, 2, 30, 0, 0, 4.88%, 0, 0, 2, 25299.11, 115665358, 206
4889, 376, 2, 30, 0, 0, 4.88%, 0, 0, 2, 29501.07, 115816985, 206
4894, 376, 2, 30, 0, 0, 4.88%, 0, 0, 2, 25381.92, 115940579, 206
4899, 377, 2, 30, 0, 0, 4.88%, 0, 0, 2, 27778.76, 116086520, 206
4905, 377, 10, 30, 0, 0, 4.88%, 0, 0, 2, 25368.53, 116217311, 206
4910, 378, 2, 30, 0, 0, 4.88%, 0, 0, 2, 24993.55, 116342203, 206
4915, 378, 2, 30, 0, 0, 4.88%, 0, 0, 2, 23792.32, 116461541, 206
4920, 379, 2, 30, 0, 0, 4.88%, 0, 0, 2, 25122.68, 116595295, 206
4925, 379, 2, 30, 0, 0, 4.88%, 0, 0, 2, 24207.43, 116711395, 206
4930, 379, 2, 30, 0, 0, 4.88%, 0, 0, 2, 30266.44, 116866425, 206
4935, 380, 10, 30, 0, 0, 4.88%, 0, 0, 2, 26642.27, 116993354, 206
4940, 380, 2, 30, 0, 0, 4.88%, 0, 0, 2, 25982.25, 117134722, 206
4945, 381, 2, 30, 0, 0, 4.88%, 0, 0, 2, 25025.66, 117251413, 206
4950, 381, 10, 30, 0, 0, 4.88%, 0, 0, 2, 28217.96, 117396477, 206
4955, 382, 3, 30, 0, 0, 4.88%, 0, 0, 2, 23948.01, 117508531, 206
4960, 382, 2, 30, 0, 0, 4.88%, 0, 0, 2, 25608.48, 117632970, 206
4965, 382, 2, 30, 0, 0, 4.88%, 0, 0, 2, 25628.99, 117755127, 206
4971, 383, 26, 30, 0, 0, 4.88%, 0, 0, 2, 26224.18, 117887429, 206
4976, 383, 2, 30, 0, 0, 4.88%, 0, 0, 2, 25317.90, 118010096, 206
4981, 384, 2, 30, 0, 0, 4.88%, 0, 0, 2, 28546.38, 118160608, 206
4986, 384, 2, 30, 0, 0, 4.88%, 0, 0, 2, 25467.32, 118276774, 206
4991, 385, 2, 30, 0, 0, 4.88%, 0, 0, 2, 27221.11, 118418086, 206
4996, 385, 2, 30, 0, 0, 4.88%, 0, 0, 2, 25608.16, 118538360, 206
5001, 386, 2, 30, 0, 0, 4.88%, 0, 0, 2, 24430.29, 118666178, 206
5006, 386, 10, 30, 0, 0, 4.88%, 0, 0, 2, 26686.26, 118794141, 206
5011, 386, 2, 30, 0, 0, 4.88%, 0, 0, 2, 27736.42, 118933349, 206
5016, 387, 2, 30, 0, 0, 4.88%, 0, 0, 2, 23822.06, 119045806, 206
5021, 387, 2, 30, 0, 0, 4.88%, 0, 0, 2, 27295.36, 119196678, 206
5026, 388, 2, 30, 0, 0, 4.88%, 0, 0, 2, 25628.61, 119321186, 206
5031, 388, 2, 30, 0, 0, 4.88%, 0, 0, 2, 26023.13, 119458157, 206
5036, 388, 2, 30, 0, 0, 4.88%, 0, 0, 2, 26035.67, 119585207, 206
5042, 389, 2, 30, 0, 0, 4.88%, 0, 0, 2, 24898.96, 119722063, 206
5047, 389, 2, 30, 0, 0, 4.88%, 0, 0, 2, 24803.53, 119851487, 206
5052, 390, 0, 30, 0, 0, 4.88%, 0, 0, 2, 26251.22, 119998484, 206
5057, 390, 2, 30, 0, 0, 4.88%, 0, 0, 2, 25840.31, 120124374, 206
5062, 391, 2, 30, 0, 0, 4.88%, 0, 0, 2, 23008.98, 120244881, 206
5067, 391, 2, 30, 0, 0, 4.88%, 0, 0, 2, 24782.33, 120372717, 206
5072, 392, 10, 30, 0, 0, 4.88%, 0, 0, 2, 23990.82, 120497174, 206
5077, 392, 2, 30, 0, 0, 4.88%, 0, 0, 2, 25428.71, 120620045, 206
5082, 393, 2, 30, 0, 0, 4.88%, 0, 0, 2, 24844.03, 120754924, 206
5087, 393, 10, 30, 0, 0, 4.88%, 0, 0, 2, 26463.96, 120888007, 206
5092, 393, 10, 30, 0, 0, 4.88%, 0, 0, 2, 25118.98, 121019141, 206
5097, 394, 2, 30, 0, 0, 4.88%, 0, 0, 2, 27118.99, 121157089, 206
5103, 394, 10, 30, 0, 0, 4.88%, 0, 0, 2, 24143.20, 121284494, 206
5108, 395, 2, 30, 0, 0, 4.88%, 0, 0, 2, 28914.36, 121431439, 206
5113, 395, 10, 30, 0, 0, 4.88%, 0, 0, 2, 24791.75, 121555216, 206
5118, 396, 2, 30, 0, 0, 4.88%, 0, 0, 2, 24005.03, 121677459, 206
5123, 396, 2, 30, 0, 0, 4.88%, 0, 0, 2, 22467.39, 121797887, 206
5128, 396, 2, 30, 0, 0, 4.88%, 0, 0, 2, 26493.94, 121931358, 206
5133, 397, 2, 30, 0, 0, 4.88%, 0, 0, 2, 23775.71, 122054106, 206
5138, 397, 2, 30, 0, 0, 4.88%, 0, 0, 2, 27015.34, 122195785, 206
5143, 398, 10, 30, 0, 0, 4.88%, 0, 0, 2, 23017.64, 122313913, 206
5148, 398, 2, 30, 0, 0, 4.88%, 0, 0, 2, 24780.99, 122442251, 206
5153, 399, 2, 30, 0, 0, 4.88%, 0, 0, 2, 23138.36, 122561647, 206
5158, 399, 2, 30, 0, 0, 4.88%, 0, 0, 2, 28156.95, 122703769, 206
5164, 399, 2, 30, 0, 0, 4.88%, 0, 0, 2, 24615.05, 122824138, 206
5169, 400, 2, 30, 0, 0, 4.88%, 0, 0, 2, 25462.02, 122958139, 206
5174, 400, 10, 30, 0, 0, 4.88%, 0, 0, 2, 23730.59, 123081694, 206
5179, 401, 2, 30, 0, 0, 4.88%, 0, 0, 2, 26918.05, 123224279, 206
5184, 401, 2, 30, 0, 0, 4.88%, 0, 0, 2, 21889.67, 123332788, 206
5189, 401, 2, 30, 0, 0, 4.88%, 0, 0, 2, 25895.63, 123466157, 206
5194, 402, 2, 30, 0, 0, 4.88%, 0, 0, 2, 23798.73, 123590857, 206
5199, 402, 2, 30, 0, 0, 4.88%, 0, 0, 2, 23753.05, 123714875, 206
5204, 402, 2, 30, 0, 0, 4.88%, 0, 0, 2, 22447.55, 123829294, 206
5209, 403, 2, 30, 0, 0, 4.88%, 0, 0, 2, 24231.79, 123952583, 206
5214, 403, 2, 30, 0, 0, 4.88%, 0, 0, 2, 24077.16, 124076652, 206
5219, 404, 2, 30, 0, 0, 4.88%, 0, 0, 2, 31077.43, 124246871, 206
5224, 404, 27, 30, 0, 0, 4.88%, 0, 0, 2, 24958.04, 124360272, 206
5229, 405, 2, 30, 0, 0, 4.88%, 0, 0, 2, 26950.07, 124498603, 206
5235, 405, 22, 30, 0, 0, 4.88%, 0, 0, 2, 26170.77, 124626720, 206
5240, 405, 2, 30, 0, 0, 4.88%, 0, 0, 2, 28008.88, 124763014, 206
5245, 406, 2, 30, 0, 0, 4.88%, 0, 0, 2, 23361.91, 124872417, 206
5250, 406, 27, 30, 0, 0, 4.88%, 0, 0, 2, 29176.09, 125026826, 206
5255, 407, 2, 30, 0, 0, 4.88%, 0, 0, 2, 24509.16, 125143838, 206
5260, 407, 12, 30, 0, 0, 4.88%, 0, 0, 2, 27315.52, 125280490, 206
5265, 407, 2, 30, 0, 0, 4.88%, 0, 0, 2, 23126.40, 125394824, 206
5270, 408, 2, 30, 0, 0, 4.88%, 0, 0, 2, 25435.49, 125526778, 206
5275, 408, 0, 30, 0, 0, 4.88%, 0, 0, 2, 25968.72, 125656388, 206
5280, 409, 2, 30, 0, 0, 4.88%, 0, 0, 2, 26985.33, 125800760, 206
5285, 409, 10, 30, 0, 0, 4.88%, 0, 0, 2, 24783.54, 125919498, 206
5290, 409, 2, 30, 0, 0, 4.88%, 0, 0, 2, 27000.50, 126058714, 206
5295, 410, 13, 30, 0, 0, 4.88%, 0, 0, 2, 26639.12, 126185387, 206
5300, 410, 2, 30, 0, 0, 4.88%, 0, 0, 2, 25664.63, 126316976, 206
5305, 411, 2, 30, 0, 0, 4.88%, 0, 0, 2, 24867.62, 126433686, 206
5310, 411, 0, 30, 0, 0, 4.88%, 0, 0, 2, 26135.49, 126565856, 206
5316, 412, 10, 30, 0, 0, 4.88%, 0, 0, 2, 23797.81, 126680793, 206
5321, 412, 2, 30, 0, 0, 4.88%, 0, 0, 2, 26768.80, 126823244, 206
5326, 412, 2, 30, 0, 0, 4.88%, 0, 0, 2, 25384.85, 126946390, 206
5331, 413, 2, 30, 0, 0, 4.88%, 0, 0, 2, 25170.76, 127078867, 206
5336, 413, 2, 30, 0, 0, 4.88%, 0, 0, 2, 24286.51, 127195861, 206
5341, 414, 2, 30, 0, 0, 4.88%, 0, 0, 2, 27525.39, 127343054, 206
5346, 414, 2, 30, 0, 0, 4.88%, 0, 0, 2, 25380.85, 127462205, 206
5351, 415, 2, 30, 0, 0, 4.88%, 0, 0, 2, 27291.63, 127606939, 206
5356, 415, 10, 30, 0, 0, 4.88%, 0, 0, 2, 28641.63, 127743974, 206
5361, 415, 2, 30, 0, 0, 4.88%, 0, 0, 2, 24292.24, 127867342, 206
5366, 416, 2, 30, 0, 0, 4.88%, 0, 0, 2, 26243.44, 128002959, 206
5371, 416, 2, 30, 0, 0, 4.88%, 0, 0, 2, 26692.53, 128137208, 206
5377, 416, 2, 30, 0, 0, 4.88%, 0, 0, 2, 27249.03, 128279065, 206
5382, 417, 2, 30, 0, 0, 4.88%, 0, 0, 2, 27860.83, 128420902, 206
5387, 417, 26, 30, 0, 0, 4.88%, 0, 0, 2, 27999.63, 128556072, 206
5392, 418, 5, 30, 0, 0, 4.88%, 0, 0, 2, 26160.40, 128690795, 206
5397, 418, 2, 30, 0, 0, 4.88%, 0, 0, 2, 29012.71, 128835440, 206
5402, 419, 2, 30, 0, 0, 4.88%, 0, 0, 2, 25909.43, 128965831, 206
5407, 419, 2, 30, 0, 0, 4.88%, 0, 0, 2, 25764.71, 129098302, 206
5412, 419, 2, 30, 0, 0, 4.88%, 0, 0, 2, 26310.51, 129238225, 206
5417, 420, 10, 30, 0, 0, 4.88%, 0, 0, 2, 25881.85, 129364357, 206
5422, 421, 2, 30, 0, 0, 4.88%, 0, 0, 2, 21419.92, 129469244, 206
5427, 421, 2, 30, 0, 0, 4.88%, 0, 0, 2, 23926.04, 129594308, 206
5432, 421, 2, 30, 0, 0, 4.88%, 0, 0, 2, 23114.70, 129713506, 206
5437, 422, 2, 30, 0, 0, 4.88%, 0, 0, 2, 26280.16, 129850064, 206
5443, 422, 3, 30, 0, 0, 4.88%, 0, 0, 2, 23880.00, 129975099, 206
5448, 423, 2, 30, 0, 0, 4.88%, 0, 0, 2, 25707.78, 130105199, 206
5453, 423, 2, 30, 0, 0, 4.88%, 0, 0, 2, 22999.20, 130221187, 206
5458, 424, 2, 30, 0, 0, 4.88%, 0, 0, 2, 26444.72, 130357020, 206
5463, 424, 10, 30, 0, 0, 4.88%, 0, 0, 2, 24055.70, 130483507, 206
5468, 424, 2, 30, 0, 0, 4.88%, 0, 0, 2, 27102.01, 130620073, 206
5473, 425, 26, 30, 0, 0, 4.88%, 0, 0, 2, 24510.43, 130745015, 206
5478, 425, 2, 30, 0, 0, 4.88%, 0, 0, 2, 29472.41, 130894977, 206
5483, 426, 26, 30, 0, 0, 4.88%, 0, 0, 2, 23789.08, 131013814, 206
5488, 426, 25, 30, 0, 0, 4.88%, 0, 0, 2, 26088.71, 131154474, 206
5493, 427, 2, 30, 0, 0, 4.88%, 0, 0, 2, 22437.05, 131266312, 206
5498, 427, 2, 30, 0, 0, 4.88%, 0, 0, 2, 26585.04, 131399262, 206
5503, 428, 2, 30, 0, 0, 4.88%, 0, 0, 2, 25889.37, 131529578, 206
5509, 428, 26, 30, 0, 0, 4.88%, 0, 0, 2, 29440.29, 131679411, 206
5514, 428, 2, 30, 0, 0, 4.88%, 0, 0, 2, 24092.69, 131794444, 206
5519, 429, 2, 30, 0, 0, 4.88%, 0, 0, 2, 29864.10, 131946416, 206
5524, 429, 2, 30, 0, 0, 4.88%, 0, 0, 2, 25208.71, 132071386, 206
5529, 429, 2, 30, 0, 0, 4.88%, 0, 0, 2, 26801.68, 132208479, 206
5534, 430, 2, 30, 0, 0, 4.88%, 0, 0, 2, 27734.00, 132352692, 206
5539, 430, 26, 30, 0, 0, 4.88%, 0, 0, 2, 26114.90, 132486090, 206
5544, 431, 2, 30, 0, 0, 4.88%, 0, 0, 2, 22181.18, 132589291, 206
5549, 431, 2, 30, 0, 0, 4.88%, 0, 0, 2, 26277.51, 132724286, 206
5554, 431, 2, 30, 0, 0, 4.88%, 0, 0, 2, 24639.90, 132852915, 206
5559, 432, 26, 30, 0, 0, 4.88%, 0, 0, 2, 26315.16, 132984933, 206
5564, 433, 10, 30, 0, 0, 4.88%, 0, 0, 2, 23858.54, 133107350, 206
5569, 433, 2, 30, 0, 0, 4.88%, 0, 0, 2, 25457.48, 133238248, 206
5574, 433, 2, 30, 0, 0, 4.88%, 0, 0, 2, 23476.27, 133353954, 206
5579, 434, 2, 30, 0, 0, 4.88%, 0, 0, 2, 28247.34, 133494455, 206
5584, 434, 2, 30, 0, 0, 4.88%, 0, 0, 2, 25056.58, 133621219, 206
5590, 435, 2, 30, 0, 0, 4.88%, 0, 0, 2, 28909.77, 133775361, 206
5595, 435, 13, 30, 0, 0, 4.88%, 0, 0, 2, 26191.95, 133901923, 206
5600, 436, 21, 30, 0, 0, 4.88%, 0, 0, 2, 28110.54, 134049021, 206
5605, 436, 2, 30, 0, 0, 4.88%, 0, 0, 2, 24372.87, 134161057, 206
5610, 437, 26, 30, 0, 0, 4.88%, 0, 0, 2, 26670.11, 134305091, 206
5615, 437, 2, 30, 0, 0, 4.88%, 0, 0, 2, 25373.58, 134432535, 206
5620, 438, 2, 30, 0, 0, 4.88%, 0, 0, 2, 28242.88, 134575132, 206
5625, 438, 10, 30, 0, 0, 4.88%, 0, 0, 2, 25326.92, 134703064, 206
5630, 439, 2, 30, 0, 0, 4.88%, 0, 0, 2, 28690.18, 134852552, 206
5636, 439, 5, 30, 0, 0, 4.88%, 0, 0, 2, 26253.51, 134979915, 206
5641, 439, 10, 30, 0, 0, 4.88%, 0, 0, 2, 25441.27, 135108029, 206
5646, 440, 2, 30, 0, 0, 4.88%, 0, 0, 2, 24362.62, 135230265, 206
5651, 440, 26, 30, 0, 0, 4.88%, 0, 0, 2, 26229.40, 135366413, 206
5656, 440, 2, 30, 0, 0, 4.88%, 0, 0, 2, 26107.47, 135490441, 206
5661, 441, 2, 30, 0, 0, 4.88%, 0, 0, 2, 27912.43, 135641815, 206
5666, 441, 26, 30, 0, 0, 4.88%, 0, 0, 2, 26047.94, 135768206, 206
5671, 442, 2, 30, 0, 0, 4.88%, 0, 0, 2, 24864.89, 135899732, 206
5676, 442, 2, 30, 0, 0, 4.88%, 0, 0, 2, 26918.54, 136038130, 206
5681, 443, 2, 30, 0, 0, 4.88%, 0, 0, 2, 26130.16, 136172983, 206
5686, 443, 2, 30, 0, 0, 4.88%, 0, 0, 2, 26102.23, 136301840, 206
5691, 443, 2, 30, 0, 0, 4.88%, 0, 0, 2, 30956.01, 136468386, 206
5696, 444, 2, 30, 0, 0, 4.88%, 0, 0, 2, 25957.26, 136586744, 206
5702, 444, 18, 30, 0, 0, 4.88%, 0, 0, 2, 25606.70, 136722408, 206
5707, 445, 2, 30, 0, 0, 4.88%, 0, 0, 2, 24861.34, 136842718, 206
5712, 445, 10, 30, 0, 0, 4.88%, 0, 0, 2, 23364.58, 136963278, 206
5717, 446, 2, 30, 0, 0, 4.88%, 0, 0, 2, 25019.92, 137090833, 206
5722, 446, 2, 30, 0, 0, 4.88%, 0, 0, 2, 23440.16, 137216856, 206
5727, 447, 2, 30, 0, 0, 4.88%, 0, 0, 2, 24934.23, 137346591, 206
5732, 447, 21, 30, 0, 0, 4.88%, 0, 0, 2, 25501.32, 137480535, 206
5737, 448, 26, 30, 0, 0, 4.88%, 0, 0, 2, 25935.42, 137608138, 206
5742, 448, 2, 30, 0, 0, 4.88%, 0, 0, 2, 26626.60, 137754074, 206
5747, 448, 2, 30, 0, 0, 4.88%, 0, 0, 2, 25958.72, 137883794, 206
5752, 449, 2, 30, 0, 0, 4.88%, 0, 0, 2, 24425.22, 138012909, 206
5757, 449, 2, 30, 0, 0, 4.88%, 0, 0, 2, 27323.00, 138148167, 206
5762, 450, 2, 30, 0, 0, 4.88%, 0, 0, 2, 25401.98, 138276627, 206
5768, 450, 10, 30, 0, 0, 4.88%, 0, 0, 2, 27643.16, 138421108, 206
5773, 450, 2, 30, 0, 0, 4.88%, 0, 0, 2, 25435.02, 138555463, 206
5778, 451, 2, 30, 0, 0, 4.88%, 0, 0, 2, 26203.07, 138682642, 206
5783, 451, 2, 30, 0, 0, 4.88%, 0, 0, 2, 23337.57, 138804424, 206
5788, 452, 10, 30, 0, 0, 4.88%, 0, 0, 2, 25901.65, 138935232, 206
5793, 452, 2, 30, 0, 0, 4.88%, 0, 0, 2, 24304.84, 139060276, 206
5798, 453, 2, 30, 0, 0, 4.88%, 0, 0, 2, 24484.74, 139184830, 206
5803, 453, 2, 30, 0, 0, 4.88%, 0, 0, 2, 25522.92, 139319847, 206
5808, 454, 2, 30, 0, 0, 4.88%, 0, 0, 2, 25594.00, 139447585, 206
5813, 454, 2, 30, 0, 0, 4.88%, 0, 0, 2, 22993.68, 139570747, 206
5818, 454, 2, 30, 0, 0, 4.88%, 0, 0, 2, 24772.69, 139695666, 206
5823, 455, 2, 30, 0, 0, 4.88%, 0, 0, 2, 23581.65, 139818112, 206
5828, 455, 26, 30, 0, 0, 4.88%, 0, 0, 2, 26570.98, 139946859, 206
5833, 456, 2, 30, 0, 0, 4.88%, 0, 0, 2, 26366.87, 140088760, 206
5838, 456, 26, 30, 0, 0, 4.88%, 0, 0, 2, 29076.62, 140244925, 206
5843, 457, 2, 30, 0, 0, 4.88%, 0, 0, 2, 24423.19, 140363357, 206
5849, 457, 2, 30, 0, 0, 4.88%, 0, 0, 2, 27319.44, 140507833, 206
5854, 457, 26, 30, 0, 0, 4.88%, 0, 0, 2, 24778.85, 140636275, 206
5859, 458, 25, 30, 0, 0, 4.88%, 0, 0, 2, 28592.85, 140785401, 206
5864, 458, 2, 30, 0, 0, 4.88%, 0, 0, 2, 24814.57, 140909612, 206
5869, 459, 2, 30, 0, 0, 4.88%, 0, 0, 2, 25106.01, 141036208, 206
5874, 459, 26, 30, 0, 0, 4.88%, 0, 0, 2, 23839.22, 141157095, 206
5879, 459, 10, 30, 0, 0, 4.88%, 0, 0, 2, 27106.07, 141294320, 206
5884, 460, 2, 30, 0, 0, 4.88%, 0, 0, 2, 24894.22, 141421592, 206
5889, 460, 26, 30, 0, 0, 4.88%, 0, 0, 2, 26037.39, 141557787, 206
5894, 461, 2, 30, 0, 0, 4.88%, 0, 0, 2, 26493.97, 141682217, 206
5899, 461, 14, 30, 0, 0, 4.88%, 0, 0, 2, 30609.32, 141836607, 206
5904, 462, 2, 30, 0, 0, 4.88%, 0, 0, 2, 23872.50, 141951462, 206
5909, 462, 2, 30, 0, 0, 4.88%, 0, 0, 2, 29852.22, 142103843, 206
5914, 462, 2, 30, 0, 0, 4.88%, 0, 0, 2, 26359.16, 142234863, 206
5920, 463, 2, 30, 0, 0, 4.88%, 0, 0, 2, 28930.67, 142382253, 206
5925, 463, 14, 30, 0, 0, 4.88%, 0, 0, 2, 27711.32, 142516919, 206
5930, 464, 2, 30, 0, 0, 4.88%, 0, 0, 2, 28092.52, 142667150, 206
5935, 464, 2, 30, 0, 0, 4.88%, 0, 0, 2, 24926.78, 142781794, 206
5940, 465, 2, 30, 0, 0, 4.88%, 0, 0, 2, 26705.58, 142918083, 206
5945, 465, 2, 30, 0, 0, 4.88%, 0, 0, 2, 25443.45, 143045551, 206
5950, 465, 10, 30, 0, 0, 4.88%, 0, 0, 2, 27379.52, 143186519, 206
5955, 466, 2, 30, 0, 0, 4.88%, 0, 0, 2, 23288.47, 143300855, 206
5960, 466, 26, 30, 0, 0, 4.88%, 0, 0, 2, 26231.70, 143438771, 206
5965, 467, 2, 30, 0, 0, 4.88%, 0, 0, 2, 27667.73, 143564842, 206
5970, 467, 2, 30, 0, 0, 4.88%, 0, 0, 2, 31084.81, 143726652, 206
5975, 467, 5, 30, 0, 0, 4.88%, 0, 0, 2, 25922.64, 143847177, 206
5980, 468, 2, 30, 0, 0, 4.88%, 0, 0, 2, 25608.50, 143971802, 206
5986, 468, 2, 30, 0, 0, 4.88%, 0, 0, 2, 25395.21, 144098901, 206
5991, 469, 2, 30, 0, 0, 4.88%, 0, 0, 2, 28276.96, 144253811, 206
5996, 469, 10, 30, 0, 0, 4.88%, 0, 0, 2, 25399.21, 144370710, 206
6001, 469, 2, 30, 0, 0, 4.88%, 0, 0, 2, 28563.25, 144526912, 206
6006, 470, 2, 30, 0, 0, 4.88%, 0, 0, 2, 25755.99, 144644961, 206
6011, 470, 26, 30, 0, 0, 4.88%, 0, 0, 2, 24841.28, 144773535, 206
6016, 471, 2, 30, 0, 0, 4.88%, 0, 0, 2, 25774.77, 144898204, 206
6021, 471, 2, 30, 0, 0, 4.88%, 0, 0, 2, 27124.75, 145050987, 206
6026, 472, 2, 30, 0, 0, 4.88%, 0, 0, 2, 24304.63, 145167214, 206
6031, 472, 27, 30, 0, 0, 4.88%, 0, 0, 2, 26127.75, 145301819, 206
6036, 472, 2, 30, 0, 0, 4.88%, 0, 0, 2, 23344.75, 145417632, 206
6041, 473, 12, 30, 0, 0, 4.88%, 0, 0, 2, 23645.54, 145538121, 206
6046, 473, 2, 30, 0, 0, 4.88%, 0, 0, 2, 25956.32, 145665298, 206
6051, 474, 2, 30, 0, 0, 4.88%, 0, 0, 2, 26352.71, 145807420, 206
6057, 474, 28, 30, 0, 0, 4.88%, 0, 0, 2, 27648.27, 145944772, 206
6062, 475, 2, 30, 0, 0, 4.88%, 0, 0, 2, 29732.20, 146107928, 206
6067, 475, 2, 30, 0, 0, 4.88%, 0, 0, 2, 28517.99, 146248059, 206
6072, 475, 2, 30, 0, 0, 4.88%, 0, 0, 2, 28750.72, 146399632, 206
6077, 476, 2, 30, 0, 0, 4.88%, 0, 0, 2, 28149.38, 146536115, 206
6082, 476, 2, 30, 0, 0, 4.88%, 0, 0, 2, 25582.38, 146677121, 206
6087, 477, 26, 30, 0, 0, 4.88%, 0, 0, 2, 23392.00, 146789716, 206
6092, 477, 6, 30, 0, 0, 4.88%, 0, 0, 2, 26011.58, 146934546, 206
6097, 478, 2, 30, 0, 0, 4.88%, 0, 0, 2, 27960.82, 147067032, 206
6102, 478, 2, 30, 0, 0, 4.88%, 0, 0, 2, 23959.26, 147185467, 206
6108, 478, 2, 30, 0, 0, 4.88%, 0, 0, 2, 27949.93, 147333347, 206
6113, 479, 2, 30, 0, 0, 4.88%, 0, 0, 2, 25490.63, 147464858, 206
6118, 479, 2, 30, 0, 0, 4.88%, 0, 0, 2, 27302.61, 147608332, 206
6123, 480, 14, 30, 0, 0, 4.88%, 0, 0, 2, 22978.11, 147722311, 206
6128, 480, 2, 30, 0, 0, 4.88%, 0, 0, 2, 27217.86, 147860379, 206
6133, 480, 2, 30, 0, 0, 4.88%, 0, 0, 2, 24181.39, 147985049, 206
6138, 481, 2, 30, 0, 0, 4.88%, 0, 0, 2, 28812.62, 148139518, 206
6143, 481, 2, 30, 0, 0, 4.88%, 0, 0, 2, 22610.93, 148246701, 206
6148, 482, 28, 30, 0, 0, 4.88%, 0, 0, 2, 26479.80, 148387450, 206
6154, 482, 28, 30, 0, 0, 4.88%, 0, 0, 2, 23587.19, 148501480, 206
6159, 483, 2, 30, 0, 0, 4.88%, 0, 0, 2, 26356.01, 148644577, 206
6164, 483, 13, 30, 0, 0, 4.88%, 0, 0, 2, 24325.53, 148766875, 206
6169, 484, 2, 30, 0, 0, 4.88%, 0, 0, 2, 26831.93, 148910132, 206
6174, 484, 26, 30, 0, 0, 4.88%, 0, 0, 2, 23427.16, 149023492, 206
6179, 485, 2, 30, 0, 0, 4.88%, 0, 0, 2, 27800.85, 149166928, 206
6184, 485, 14, 30, 0, 0, 4.88%, 0, 0, 2, 22811.99, 149278406, 206
6189, 486, 2, 30, 0, 0, 4.88%, 0, 0, 2, 29235.00, 149426819, 206
6195, 486, 2, 30, 0, 0, 4.88%, 0, 0, 2, 25546.78, 149554052, 206
6200, 487, 2, 30, 0, 0, 4.88%, 0, 0, 2, 28680.22, 149693515, 206
6205, 487, 2, 30, 0, 0, 4.88%, 0, 0, 2, 23012.08, 149800417, 206
6210, 488, 2, 30, 0, 0, 4.88%, 0, 0, 2, 25784.96, 149931591, 206
6215, 488, 2, 30, 0, 0, 4.88%, 0, 0, 2, 24744.23, 150047364, 206
6220, 488, 2, 30, 0, 0, 4.88%, 0, 0, 2, 26905.47, 150189495, 206
6225, 489, 2, 30, 0, 0, 4.88%, 0, 0, 2, 24632.18, 150309205, 206
6230, 489, 2, 30, 0, 0, 4.88%, 0, 0, 2, 27742.72, 150453428, 206
6235, 489, 2, 30, 0, 0, 4.88%, 0, 0, 2, 26685.08, 150586465, 206
6240, 490, 2, 30, 0, 0, 4.88%, 0, 0, 2, 26787.25, 150725763, 206
6245, 490, 11, 30, 0, 0, 4.88%, 0, 0, 2, 25169.50, 150844683, 206
6250, 491, 2, 30, 0, 0, 4.88%, 0, 0, 2, 27383.79, 150983643, 206
6255, 491, 2, 30, 0, 0, 4.88%, 0, 0, 2, 25309.56, 151108318, 206
6260, 492, 2, 30, 0, 0, 4.88%, 0, 0, 2, 24579.95, 151236707, 206
6265, 492, 2, 30, 0, 0, 4.88%, 0, 0, 2, 27553.89, 151369087, 206
6270, 493, 27, 30, 0, 0, 4.88%, 0, 0, 2, 32500.38, 151538211, 206
6276, 493, 26, 30, 0, 0, 4.88%, 0, 0, 2, 26568.10, 151660653, 206
6281, 493, 2, 30, 0, 0, 4.88%, 0, 0, 2, 28812.00, 151809454, 206
6286, 494, 2, 30, 0, 0, 4.88%, 0, 0, 2, 23579.72, 151922497, 206
6291, 494, 10, 30, 0, 0, 4.88%, 0, 0, 2, 30523.72, 152085329, 206
6296, 495, 2, 30, 0, 0, 4.88%, 0, 0, 2, 25999.51, 152207335, 206
6301, 495, 26, 30, 0, 0, 4.88%, 0, 0, 2, 31382.36, 152371248, 206
6306, 496, 2, 30, 0, 0, 4.88%, 0, 0, 2, 28740.06, 152506075, 206
6311, 496, 26, 30, 0, 0, 4.88%, 0, 0, 2, 27440.02, 152644032, 206
6316, 497, 10, 30, 0, 0, 4.88%, 0, 0, 2, 26060.13, 152764025, 206
6321, 497, 2, 30, 0, 0, 4.88%, 0, 0, 2, 25698.69, 152896072, 206
6326, 498, 16, 30, 0, 0, 4.88%, 0, 0, 2, 27030.73, 153028018, 206
6331, 498, 2, 30, 0, 0, 4.88%, 0, 0, 2, 28423.71, 153174914, 206
6336, 498, 2, 30, 0, 0, 4.88%, 0, 0, 2, 27450.81, 153302912, 206
6341, 499, 2, 30, 0, 0, 4.88%, 0, 0, 2, 27927.92, 153452974, 206
6346, 499, 2, 30, 0, 0, 4.88%, 0, 0, 2, 26830.49, 153579201, 206
6352, 500, 2, 30, 0, 0, 4.88%, 0, 0, 2, 25962.82, 153718903, 206
6357, 500, 2, 30, 0, 0, 4.88%, 0, 0, 2, 26163.28, 153845447, 206
6362, 501, 2, 30, 0, 0, 4.88%, 0, 0, 2, 25447.11, 153974088, 206
6367, 501, 2, 30, 0, 0, 4.88%, 0, 0, 2, 26418.05, 154110884, 206
6372, 501, 2, 30, 0, 0, 4.88%, 0, 0, 2, 27077.78, 154257356, 206
6377, 502, 2, 30, 0, 0, 4.88%, 0, 0, 2, 29473.67, 154401612, 206
6382, 502, 2, 30, 0, 0, 4.88%, 0, 0, 2, 25690.34, 154541187, 206
6387, 503, 2, 30, 0, 0, 4.88%, 0, 0, 2, 28863.64, 154680363, 206
6392, 503, 2, 30, 0, 0, 4.88%, 0, 0, 2, 27469.82, 154819710, 206
6397, 504, 17, 30, 0, 0, 4.88%, 0, 0, 2, 26398.94, 154950476, 206
6402, 504, 2, 30, 0, 0, 4.88%, 0, 0, 2, 24938.30, 155076164, 206
6407, 504, 10, 30, 0, 0, 4.88%, 0, 0, 2, 26127.91, 155208095, 206
6412, 505, 2, 30, 0, 0, 4.88%, 0, 0, 2, 24033.60, 155329659, 206
6417, 505, 12, 30, 0, 0, 4.88%, 0, 0, 2, 26648.37, 155466763, 206
6423, 506, 18, 30, 0, 0, 4.88%, 0, 0, 2, 24626.93, 155600002, 206
6428, 506, 24, 30, 0, 0, 4.88%, 0, 0, 2, 26436.49, 155737460, 206
6433, 507, 2, 30, 0, 0, 4.88%, 0, 0, 2, 24541.59, 155861717, 206
6438, 507, 26, 30, 0, 0, 4.88%, 0, 0, 2, 29444.65, 156014478, 206
6443, 508, 2, 30, 0, 0, 4.88%, 0, 0, 2, 23700.83, 156133936, 206
6448, 508, 2, 30, 0, 0, 4.88%, 0, 0, 2, 27300.25, 156271406, 206
6453, 508, 2, 30, 0, 0, 4.88%, 0, 0, 2, 25074.47, 156400325, 206
6458, 509, 2, 30, 0, 0, 4.88%, 0, 0, 2, 25925.29, 156532989, 206
6463, 509, 2, 30, 0, 0, 4.88%, 0, 0, 2, 26027.77, 156679923, 206
6469, 510, 2, 30, 0, 0, 4.88%, 0, 0, 2, 28723.85, 156827299, 206
6474, 510, 10, 30, 0, 0, 4.88%, 0, 0, 2, 26067.72, 156964448, 206
6479, 511, 25, 30, 0, 0, 4.88%, 0, 0, 2, 26013.14, 157095318, 206
6484, 511, 2, 30, 0, 0, 4.88%, 0, 0, 2, 25002.17, 157223058, 206
6489, 511, 2, 30, 0, 0, 4.88%, 0, 0, 2, 26944.83, 157364895, 206
6494, 512, 2, 30, 0, 0, 4.88%, 0, 0, 2, 24626.02, 157493318, 206
6499, 512, 27, 30, 0, 0, 4.88%, 0, 0, 2, 28245.69, 157636040, 206
6504, 513, 28, 30, 0, 0, 4.88%, 0, 0, 2, 23452.79, 157748746, 206
6509, 513, 2, 30, 0, 0, 4.88%, 0, 0, 2, 25210.06, 157882458, 206
6514, 514, 2, 30, 0, 0, 4.88%, 0, 0, 2, 23767.78, 158002149, 206
6519, 514, 0, 30, 0, 0, 4.88%, 0, 0, 2, 26052.70, 158133695, 206
6524, 515, 2, 30, 0, 0, 4.88%, 0, 0, 2, 22919.10, 158250310, 206
6529, 515, 2, 30, 0, 0, 4.88%, 0, 0, 2, 27732.85, 158387990, 206
6535, 516, 2, 30, 0, 0, 4.88%, 0, 0, 2, 24741.28, 158512073, 206
6540, 517, 2, 30, 0, 0, 4.88%, 0, 0, 2, 26490.99, 158650966, 206
6545, 517, 10, 30, 0, 0, 4.88%, 0, 0, 2, 24057.36, 158766033, 206
6550, 517, 2, 30, 0, 0, 4.88%, 0, 0, 2, 27035.45, 158906200, 206
6555, 518, 2, 30, 0, 0, 4.88%, 0, 0, 2, 25312.86, 159031557, 206
6560, 518, 2, 30, 0, 0, 4.88%, 0, 0, 2, 27007.18, 159170997, 206
6565, 518, 10, 30, 0, 0, 4.88%, 0, 0, 2, 25397.16, 159286748, 206
6570, 519, 2, 30, 0, 0, 4.88%, 0, 0, 2, 28202.79, 159430950, 206
6575, 519, 2, 30, 0, 0, 4.88%, 0, 0, 2, 23572.68, 159545589, 206
6580, 520, 2, 30, 0, 0, 4.88%, 0, 0, 2, 25645.43, 159676892, 206
6585, 520, 10, 30, 0, 0, 4.88%, 0, 0, 2, 24009.72, 159790642, 206
6590, 521, 2, 30, 0, 0, 4.88%, 0, 0, 2, 29091.88, 159944468, 206
6595, 521, 2, 30, 0, 0, 4.88%, 0, 0, 2, 24428.03, 160062602, 206
6600, 522, 2, 30, 0, 0, 4.88%, 0, 0, 2, 30248.32, 160225685, 206
6605, 522, 2, 30, 0, 0, 4.88%, 0, 0, 2, 28956.35, 160367796, 206
6610, 522, 2, 30, 0, 0, 4.88%, 0, 0, 2, 29277.25, 160518218, 206
6615, 523, 27, 30, 0, 0, 4.88%, 0, 0, 2, 28582.97, 160655315, 206
6621, 523, 2, 30, 0, 0, 4.88%, 0, 0, 2, 27365.14, 160796090, 206
6626, 523, 2, 30, 0, 0, 4.88%, 0, 0, 2, 25580.71, 160917003, 206
6631, 524, 2, 30, 0, 0, 4.88%, 0, 0, 2, 26534.20, 161053242, 206
6636, 524, 2, 30, 0, 0, 4.88%, 0, 0, 2, 24965.94, 161171849, 206
6641, 524, 2, 30, 0, 0, 4.88%, 0, 0, 2, 27493.74, 161303767, 206
6646, 525, 13, 30, 0, 0, 4.88%, 0, 0, 2, 25351.72, 161424979, 206
6651, 526, 2, 30, 0, 0, 4.88%, 0, 0, 2, 24728.74, 161550663, 206
6656, 526, 2, 30, 0, 0, 4.88%, 0, 0, 2, 24747.27, 161673838, 206
6661, 527, 10, 30, 0, 0, 4.88%, 0, 0, 2, 26590.74, 161805979, 206
6666, 527, 2, 30, 0, 0, 4.88%, 0, 0, 2, 27176.05, 161937489, 206
6671, 527, 2, 30, 0, 0, 4.88%, 0, 0, 2, 30345.61, 162096794, 206
6676, 528, 2, 30, 0, 0, 4.88%, 0, 0, 2, 24792.71, 162213604, 206
6681, 528, 12, 30, 0, 0, 4.88%, 0, 0, 2, 25496.69, 162352449, 206
6686, 529, 2, 30, 0, 0, 4.88%, 0, 0, 2, 27899.92, 162482254, 206
6691, 529, 2, 30, 0, 0, 4.88%, 0, 0, 2, 28626.87, 162628634, 206
6696, 530, 2, 30, 0, 0, 4.88%, 0, 0, 2, 26807.62, 162754259, 206
6701, 530, 2, 30, 0, 0, 4.88%, 0, 0, 2, 28715.61, 162913114, 206
6706, 530, 2, 30, 0, 0, 4.88%, 0, 0, 2, 31648.46, 163067629, 206
6712, 531, 2, 30, 0, 0, 4.88%, 0, 0, 2, 28089.86, 163214562, 206
6717, 531, 2, 30, 0, 0, 4.88%, 0, 0, 2, 26413.84, 163339577, 206
6722, 532, 26, 30, 0, 0, 4.88%, 0, 0, 2, 27592.30, 163480909, 206
6727, 532, 20, 30, 0, 0, 4.88%, 0, 0, 2, 25925.51, 163608156, 206
6732, 533, 2, 30, 0, 0, 4.88%, 0, 0, 2, 24624.86, 163730956, 206
6737, 533, 2, 30, 0, 0, 4.88%, 0, 0, 2, 24598.10, 163850951, 206
6742, 534, 2, 30, 0, 0, 4.88%, 0, 0, 2, 23399.54, 163976145, 206
6747, 534, 2, 30, 0, 0, 4.88%, 0, 0, 2, 25486.96, 164104466, 206
6752, 534, 27, 30, 0, 0, 4.88%, 0, 0, 2, 25386.50, 164233553, 206
6757, 535, 2, 30, 0, 0, 4.88%, 0, 0, 2, 25957.65, 164362806, 206
6762, 535, 2, 30, 0, 0, 4.88%, 0, 0, 2, 26068.67, 164501046, 206
6767, 536, 2, 30, 0, 0, 4.88%, 0, 0, 2, 26091.12, 164632671, 206
6772, 536, 2, 30, 0, 0, 4.88%, 0, 0, 2, 25957.59, 164772082, 206
6777, 537, 2, 30, 0, 0, 4.88%, 0, 0, 2, 29375.95, 164921881, 206
6782, 537, 2, 30, 0, 0, 4.88%, 0, 0, 2, 24847.34, 165044648, 206
6787, 537, 18, 30, 0, 0, 4.88%, 0, 0, 2, 28068.60, 165186209, 206
6792, 538, 2, 30, 0, 0, 4.88%, 0, 0, 2, 26547.75, 165323125, 206
6798, 538, 2, 30, 0, 0, 4.88%, 0, 0, 2, 28562.31, 165469293, 206
6803, 539, 2, 30, 0, 0, 4.88%, 0, 0, 2, 23339.96, 165590126, 206
6808, 539, 2, 30, 0, 0, 4.88%, 0, 0, 2, 26892.10, 165729714, 206
6813, 539, 2, 30, 0, 0, 4.88%, 0, 0, 2, 24441.45, 165855460, 206
6818, 540, 2, 30, 0, 0, 4.88%, 0, 0, 2, 26117.94, 165993172, 206
6823, 541, 2, 30, 0, 0, 4.88%, 0, 0, 2, 22802.57, 166107620, 206
6828, 541, 26, 30, 0, 0, 4.88%, 0, 0, 2, 23923.69, 166225857, 206
6833, 542, 2, 30, 0, 0, 4.88%, 0, 0, 2, 23533.30, 166352105, 206
6838, 542, 2, 30, 0, 0, 4.88%, 0, 0, 2, 29059.10, 166499190, 206
6843, 542, 2, 30, 0, 0, 4.88%, 0, 0, 2, 24553.94, 166624451, 206
6849, 543, 2, 30, 0, 0, 4.88%, 0, 0, 2, 28222.40, 166768694, 206
6854, 543, 2, 30, 0, 0, 4.88%, 0, 0, 2, 26239.05, 166901244, 206
6859, 543, 2, 30, 0, 0, 4.88%, 0, 0, 2, 29051.85, 167048977, 206
6864, 544, 27, 30, 0, 0, 4.88%, 0, 0, 2, 24189.18, 167174230, 206
6869, 544, 2, 30, 0, 0, 4.88%, 0, 0, 2, 25768.89, 167302480, 206
6874, 545, 16, 30, 0, 0, 4.88%, 0, 0, 2, 24165.34, 167427996, 206
6879, 545, 2, 30, 0, 0, 4.88%, 0, 0, 2, 24132.76, 167549456, 206
6884, 546, 2, 30, 0, 0, 4.88%, 0, 0, 2, 26393.11, 167689219, 206
6889, 546, 2, 30, 0, 0, 4.88%, 0, 0, 2, 29680.62, 167839199, 206
6894, 546, 2, 30, 0, 0, 4.88%, 0, 0, 2, 25058.32, 167963465, 206
6899, 547, 2, 30, 0, 0, 4.88%, 0, 0, 2, 26082.88, 168096565, 206
6904, 547, 28, 30, 0, 0, 4.88%, 0, 0, 2, 25304.35, 168221188, 206
6909, 548, 2, 30, 0, 0, 4.88%, 0, 0, 2, 26926.09, 168361063, 206
6914, 548, 26, 30, 0, 0, 4.88%, 0, 0, 2, 24009.10, 168482338, 206
6919, 549, 2, 30, 0, 0, 4.88%, 0, 0, 2, 25015.74, 168612589, 206
6924, 549, 2, 30, 0, 0, 4.88%, 0, 0, 2, 21942.88, 168717383, 206
6929, 550, 2, 30, 0, 0, 4.88%, 0, 0, 2, 25074.90, 168846536, 206
6934, 550, 2, 30, 0, 0, 4.88%, 0, 0, 2, 24396.25, 168969871, 206
6940, 551, 10, 30, 0, 0, 4.88%, 0, 0, 2, 30089.14, 169119729, 206
6945, 551, 2, 30, 0, 0, 4.88%, 0, 0, 2, 25836.74, 169243249, 206
6950, 551, 26, 30, 0, 0, 4.88%, 0, 0, 2, 30696.98, 169400207, 206
6955, 552, 2, 30, 0, 0, 4.88%, 0, 0, 2, 24947.75, 169519483, 206
6960, 552, 2, 30, 0, 0, 4.88%, 0, 0, 2, 28484.31, 169668559, 206
6965, 553, 2, 30, 0, 0, 4.88%, 0, 0, 2, 25279.85, 169794695, 206
6970, 553, 20, 30, 0, 0, 4.88%, 0, 0, 2, 29350.06, 169941341, 206
6975, 553, 2, 30, 0, 0, 4.88%, 0, 0, 2, 26174.59, 170065066, 206
6980, 554, 2, 30, 0, 0, 4.88%, 0, 0, 2, 29025.48, 170221938, 206
6985, 554, 18, 30, 0, 0, 4.88%, 0, 0, 2, 25642.31, 170338055, 206
6990, 555, 28, 30, 0, 0, 4.88%, 0, 0, 2, 27564.76, 170478829, 206
6995, 555, 2, 30, 0, 0, 4.88%, 0, 0, 2, 27906.44, 170612927, 206
7000, 556, 2, 30, 0, 0, 4.88%, 0, 0, 2, 29494.44, 170768992, 206
7005, 556, 2, 30, 0, 0, 4.88%, 0, 0, 2, 25792.96, 170890006, 206
7010, 556, 2, 30, 0, 0, 4.88%, 0, 0, 2, 27202.17, 171027580, 206
7015, 557, 2, 30, 0, 0, 4.88%, 0, 0, 2, 27201.92, 171164479, 206
7020, 558, 21, 30, 0, 0, 4.88%, 0, 0, 2, 27655.83, 171302016, 206
7025, 558, 2, 30, 0, 0, 4.88%, 0, 0, 2, 24252.57, 171416750, 206
7030, 558, 10, 30, 0, 0, 4.88%, 0, 0, 2, 32015.47, 171594640, 206
7035, 559, 21, 30, 0, 0, 4.88%, 0, 0, 2, 27818.26, 171720014, 206
7041, 559, 2, 30, 0, 0, 4.88%, 0, 0, 2, 26349.67, 171858416, 206
7046, 560, 2, 30, 0, 0, 4.88%, 0, 0, 2, 26250.79, 171986159, 206
7051, 560, 2, 30, 0, 0, 4.88%, 0, 0, 2, 28225.40, 172134564, 206
7056, 561, 2, 30, 0, 0, 4.88%, 0, 0, 2, 26154.51, 172261245, 206
7061, 561, 2, 30, 0, 0, 4.88%, 0, 0, 2, 33304.55, 172434514, 206
7066, 561, 2, 30, 0, 0, 4.88%, 0, 0, 2, 28061.70, 172560423, 206
7071, 562, 2, 30, 0, 0, 4.88%, 0, 0, 2, 26016.31, 172693967, 206
7076, 563, 2, 30, 0, 0, 4.88%, 0, 0, 2, 25284.92, 172818353, 206
7081, 563, 26, 30, 0, 0, 4.88%, 0, 0, 2, 27542.32, 172963512, 206
7086, 563, 2, 30, 0, 0, 4.88%, 0, 0, 2, 26560.00, 173086003, 206
7091, 564, 2, 30, 0, 0, 4.88%, 0, 0, 2, 29482.64, 173243817, 206
7096, 564, 2, 30, 0, 0, 4.88%, 0, 0, 2, 29021.80, 173380805, 206
7102, 565, 2, 30, 0, 0, 4.88%, 0, 0, 2, 26354.10, 173520026, 206
7107, 565, 10, 30, 0, 0, 4.88%, 0, 0, 2, 26684.28, 173650296, 206
7112, 566, 2, 30, 0, 0, 4.88%, 0, 0, 2, 24656.79, 173780002, 206
7117, 566, 2, 30, 0, 0, 4.88%, 0, 0, 2, 27554.82, 173921026, 206
7122, 567, 26, 30, 0, 0, 4.88%, 0, 0, 2, 29622.93, 174090687, 206
7127, 567, 2, 30, 0, 0, 4.88%, 0, 0, 2, 26534.62, 174218642, 206
7132, 567, 2, 30, 0, 0, 4.88%, 0, 0, 2, 23317.22, 174339590, 206
7137, 568, 2, 30, 0, 0, 4.88%, 0, 0, 2, 23925.48, 174458751, 206
7142, 568, 2, 30, 0, 0, 4.88%, 0, 0, 2, 23450.62, 174581257, 206
7147, 569, 2, 30, 0, 0, 4.88%, 0, 0, 2, 23726.90, 174698410, 206
7152, 569, 27, 30, 0, 0, 4.88%, 0, 0, 2, 24400.20, 174827607, 206
7157, 570, 2, 30, 0, 0, 4.88%, 0, 0, 2, 28177.19, 174972689, 206
7163, 570, 26, 30, 0, 0, 4.88%, 0, 0, 2, 23904.08, 175097206, 206
7168, 570, 2, 30, 0, 0, 4.88%, 0, 0, 2, 25565.50, 175221690, 206
7173, 571, 14, 30, 0, 0, 4.88%, 0, 0, 2, 24873.78, 175363035, 206
7178, 571, 2, 30, 0, 0, 4.88%, 0, 0, 2, 23799.31, 175480813, 206
7183, 572, 2, 30, 0, 0, 4.88%, 0, 0, 2, 22130.67, 175593259, 206
7188, 572, 2, 30, 0, 0, 4.88%, 0, 0, 2, 29952.67, 175752968, 206
7193, 572, 2, 30, 0, 0, 4.88%, 0, 0, 2, 25193.91, 175880288, 206
7197, 572, 2, 30, 0, 0, 4.88%, 0, 0, 2, 23419.93, 175957977, 206
