# relative_time, cycles_done, cur_item, corpus_count, pending_total, pending_favs, map_size, saved_crashes, saved_hangs, max_depth, execs_per_sec, total_execs, edges_found
61, 0, 79, 231, 190, 0, 9.48%, 31, 0, 4, 18054.96, 1074691, 456
66, 0, 125, 231, 190, 0, 9.48%, 31, 0, 4, 17692.08, 1161160, 456
71, 1, 79, 231, 189, 0, 9.48%, 33, 0, 4, 17761.79, 1250189, 456
76, 1, 38, 231, 189, 0, 9.48%, 33, 0, 4, 17545.42, 1340847, 456
81, 1, 46, 231, 189, 0, 9.48%, 33, 0, 4, 17088.28, 1428959, 456
86, 1, 153, 231, 188, 0, 9.48%, 33, 0, 4, 17356.88, 1517878, 456
92, 1, 79, 231, 187, 0, 9.48%, 33, 0, 4, 18084.52, 1612133, 456
97, 1, 38, 232, 187, 0, 9.48%, 33, 0, 4, 17439.13, 1699156, 456
102, 1, 21, 232, 187, 0, 9.48%, 34, 0, 4, 17572.24, 1790388, 456
107, 1, 79, 232, 187, 0, 9.48%, 34, 0, 4, 17312.95, 1880001, 456
112, 2, 65, 291, 245, 0, 9.48%, 34, 0, 4, 17280.24, 1970092, 456
117, 2, 99, 291, 245, 0, 9.48%, 34, 0, 4, 17362.09, 2060305, 456
122, 2, 29, 291, 245, 0, 9.48%, 34, 0, 4, 17200.06, 2145511, 456
128, 2, 153, 291, 245, 0, 9.48%, 34, 0, 4, 17871.45, 2239553, 456
133, 2, 38, 291, 245, 0, 9.48%, 34, 0, 4, 17647.39, 2330740, 456
138, 2, 86, 291, 244, 0, 9.48%, 34, 0, 4, 17843.12, 2422098, 456
143, 2, 175, 291, 244, 0, 9.48%, 34, 0, 4, 17191.86, 2509233, 456
148, 2, 86, 291, 244, 0, 9.48%, 34, 0, 4, 17705.52, 2602092, 456
153, 2, 151, 291, 244, 0, 9.48%, 35, 0, 4, 16965.51, 2688909, 456
159, 2, 21, 291, 244, 0, 9.48%, 35, 0, 4, 16849.09, 2777848, 456
164, 3, 131, 296, 248, 0, 9.48%, 35, 0, 4, 16599.28, 2866555, 456
169, 3, 21, 296, 245, 0, 9.48%, 35, 0, 4, 16673.74, 2951024, 456
174, 3, 153, 296, 245, 0, 9.48%, 35, 0, 4, 17079.03, 3039301, 456
179, 3, 38, 296, 244, 0, 9.48%, 35, 0, 4, 17599.63, 3128722, 456
184, 3, 21, 296, 244, 0, 9.48%, 35, 0, 4, 16923.44, 3213372, 456
189, 3, 79, 297, 245, 0, 9.48%, 36, 0, 4, 17501.45, 3304440, 456
195, 3, 153, 297, 245, 0, 9.48%, 37, 0, 4, 17780.57, 3396450, 456
200, 3, 21, 297, 245, 0, 9.48%, 37, 0, 4, 16964.29, 3484949, 456
205, 3, 38, 297, 245, 0, 9.48%, 37, 0, 4, 16867.96, 3568283, 456
210, 3, 99, 297, 245, 0, 9.48%, 37, 0, 4, 16114.57, 3651563, 456
215, 4, 61, 303, 251, 0, 9.48%, 37, 0, 4, 16547.06, 3736581, 456
220, 4, 80, 303, 251, 0, 9.48%, 37, 0, 4, 16966.66, 3825062, 456
225, 4, 38, 303, 250, 0, 9.48%, 37, 0, 4, 17139.33, 3911317, 456
230, 4, 38, 303, 250, 0, 9.48%, 37, 0, 4, 17402.51, 4001943, 456
236, 4, 123, 303, 250, 0, 9.48%, 37, 0, 4, 16846.64, 4088465, 456
241, 4, 86, 303, 250, 0, 9.48%, 37, 0, 4, 16849.58, 4175846, 456
246, 4, 46, 303, 250, 0, 9.48%, 37, 0, 4, 16633.21, 4260949, 456
251, 4, 86, 303, 250, 0, 9.48%, 37, 0, 4, 16207.91, 4345306, 456
256, 4, 86, 303, 247, 0, 9.48%, 37, 0, 4, 16200.63, 4428217, 456
261, 4, 79, 303, 247, 0, 9.48%, 37, 0, 4, 16551.77, 4513181, 456
267, 4, 56, 303, 247, 0, 9.48%, 37, 0, 4, 16426.04, 4597013, 456
272, 5, 153, 303, 247, 0, 9.48%, 37, 0, 4, 16335.30, 4681355, 456
277, 5, 38, 303, 247, 0, 9.48%, 38, 0, 4, 16396.06, 4764915, 456
282, 5, 21, 303, 245, 0, 9.48%, 38, 0, 4, 16301.85, 4849808, 456
287, 5, 32, 303, 244, 0, 9.48%, 38, 0, 4, 16924.95, 4937323, 456
292, 5, 38, 303, 243, 0, 9.48%, 38, 0, 4, 16501.76, 5024053, 456
297, 5, 143, 303, 243, 0, 9.48%, 38, 0, 4, 17001.91, 5111180, 456
303, 5, 67, 303, 243, 0, 9.48%, 39, 0, 4, 16348.64, 5193475, 456
308, 5, 38, 303, 243, 0, 9.48%, 39, 0, 4, 16483.43, 5278936, 456
313, 5, 75, 303, 243, 0, 9.48%, 39, 0, 4, 16870.87, 5364372, 456
318, 5, 86, 303, 243, 0, 9.48%, 39, 0, 4, 17031.59, 5452868, 456
323, 6, 153, 303, 242, 0, 9.48%, 39, 0, 4, 16198.34, 5534518, 456
328, 6, 153, 303, 241, 0, 9.48%, 39, 0, 4, 16555.01, 5619733, 456
333, 6, 151, 303, 241, 0, 9.48%, 40, 0, 4, 16432.27, 5705622, 456
339, 6, 153, 303, 241, 0, 9.48%, 40, 0, 4, 16530.41, 5790989, 456
344, 6, 32, 303, 241, 0, 9.48%, 40, 0, 4, 16772.81, 5877432, 456
349, 6, 29, 303, 241, 0, 9.48%, 40, 0, 4, 16651.28, 5961460, 456
354, 6, 165, 303, 241, 0, 9.48%, 41, 0, 4, 16651.44, 6046753, 456
359, 6, 165, 303, 240, 0, 9.48%, 41, 0, 4, 16941.22, 6133041, 456
364, 6, 38, 303, 237, 0, 9.48%, 41, 0, 4, 16761.97, 6220007, 456
369, 6, 99, 303, 237, 0, 9.48%, 41, 0, 4, 16650.87, 6304418, 456
375, 7, 192, 322, 254, 0, 9.48%, 42, 0, 4, 16481.35, 6388618, 456
380, 7, 86, 322, 253, 0, 9.48%, 42, 0, 4, 16895.78, 6477435, 456
385, 7, 65, 322, 253, 0, 9.48%, 42, 0, 4, 16564.09, 6562967, 456
390, 7, 79, 322, 252, 0, 9.48%, 42, 0, 4, 16411.51, 6645302, 456
395, 7, 79, 322, 252, 0, 9.48%, 42, 0, 4, 16777.71, 6732761, 456
400, 7, 86, 322, 252, 0, 9.48%, 42, 0, 4, 17350.14, 6822877, 456
406, 7, 79, 322, 252, 0, 9.48%, 42, 0, 4, 17705.80, 6914655, 456
411, 7, 86, 322, 252, 0, 9.48%, 42, 0, 4, 16616.54, 7001100, 456
416, 7, 65, 322, 252, 0, 9.48%, 42, 0, 4, 16161.59, 7081841, 456
421, 7, 61, 322, 252, 0, 9.48%, 42, 0, 4, 16779.50, 7167175, 456
426, 7, 86, 322, 252, 0, 9.48%, 42, 0, 4, 17407.82, 7257177, 456
431, 8, 86, 326, 256, 0, 9.48%, 42, 0, 4, 16774.67, 7342935, 456
436, 8, 86, 326, 255, 0, 9.48%, 42, 0, 4, 16793.66, 7428991, 456
441, 8, 153, 326, 255, 0, 9.48%, 42, 0, 4, 16837.56, 7517204, 456
446, 8, 38, 326, 254, 0, 9.48%, 42, 0, 4, 17096.88, 7606255, 456
452, 8, 46, 326, 253, 0, 9.48%, 42, 0, 4, 16841.64, 7693265, 456
457, 8, 182, 326, 253, 0, 9.48%, 42, 0, 4, 17357.20, 7781248, 456
462, 8, 182, 326, 253, 0, 9.48%, 42, 0, 4, 17439.05, 7868025, 456
467, 8, 165, 326, 252, 0, 9.48%, 42, 0, 4, 17126.88, 7957047, 456
472, 8, 127, 326, 251, 0, 9.48%, 42, 0, 4, 16155.65, 8040579, 456
477, 8, 80, 326, 250, 0, 9.48%, 42, 0, 4, 16408.47, 8123242, 456
482, 8, 125, 326, 250, 0, 9.48%, 42, 0, 4, 15013.29, 8201014, 456
488, 9, 153, 326, 250, 0, 9.48%, 42, 0, 4, 14650.12, 8274539, 456
493, 9, 86, 326, 250, 0, 9.48%, 42, 0, 4, 14383.08, 8346900, 456
498, 9, 153, 326, 250, 0, 9.48%, 42, 0, 4, 13785.43, 8418431, 456
503, 9, 56, 326, 250, 0, 9.48%, 42, 0, 4, 14197.74, 8492416, 456
508, 9, 61, 326, 249, 0, 9.48%, 42, 0, 4, 14204.69, 8563503, 456
513, 9, 99, 326, 248, 0, 9.48%, 42, 0, 4, 13944.19, 8634914, 456
518, 9, 38, 326, 248, 0, 9.48%, 42, 0, 4, 16484.25, 8723352, 456
524, 9, 46, 326, 247, 0, 9.48%, 42, 0, 4, 16510.54, 8808610, 456
529, 9, 7, 326, 247, 0, 9.48%, 42, 0, 4, 17482.20, 8897550, 456
534, 9, 165, 326, 247, 0, 9.48%, 43, 0, 4, 16926.00, 8980989, 456
539, 9, 165, 326, 245, 0, 9.48%, 43, 0, 4, 17496.08, 9069108, 456
544, 9, 151, 326, 244, 0, 9.48%, 43, 0, 4, 16869.90, 9151850, 456
549, 10, 165, 334, 252, 0, 9.48%, 43, 0, 4, 16896.95, 9237319, 456
554, 10, 61, 334, 251, 0, 9.48%, 43, 0, 4, 17760.64, 9329122, 456
559, 10, 153, 334, 250, 0, 9.48%, 43, 0, 4, 17138.63, 9415305, 456
564, 10, 61, 334, 250, 0, 9.48%, 43, 0, 4, 16661.86, 9500834, 456
569, 10, 38, 334, 250, 0, 9.48%, 44, 0, 4, 17065.00, 9589516, 456
574, 10, 86, 334, 250, 0, 9.48%, 44, 0, 4, 16604.14, 9674484, 456
580, 10, 153, 334, 249, 0, 9.48%, 44, 0, 4, 16931.21, 9763175, 456
585, 10, 32, 334, 249, 0, 9.48%, 44, 0, 4, 17272.92, 9852793, 456
590, 10, 165, 334, 249, 0, 9.48%, 44, 0, 4, 17053.64, 9940423, 456
595, 10, 153, 334, 249, 0, 9.48%, 44, 0, 4, 16903.79, 10027468, 456
600, 10, 46, 334, 249, 0, 9.48%, 44, 0, 4, 17036.86, 10115187, 456
606, 11, 192, 334, 249, 0, 9.48%, 44, 0, 4, 16864.08, 10202997, 456
611, 11, 38, 334, 248, 0, 9.48%, 44, 0, 4, 16778.72, 10289991, 456
616, 11, 123, 334, 247, 0, 9.48%, 44, 0, 4, 17360.20, 10379592, 456
621, 11, 29, 334, 245, 0, 9.48%, 44, 0, 4, 17549.12, 10470913, 456
626, 11, 38, 334, 245, 0, 9.48%, 44, 0, 4, 17481.04, 10561339, 456
631, 11, 221, 334, 245, 0, 9.48%, 44, 0, 4, 16901.92, 10648928, 456
636, 11, 38, 334, 245, 0, 9.48%, 44, 0, 4, 17284.34, 10738313, 456
642, 11, 182, 334, 245, 0, 9.48%, 44, 0, 4, 17030.47, 10826429, 456
647, 11, 86, 334, 244, 0, 9.48%, 44, 0, 4, 17410.97, 10916386, 456
652, 11, 38, 334, 244, 0, 9.48%, 44, 0, 4, 17208.59, 11005379, 456
657, 11, 104, 334, 244, 0, 9.48%, 44, 0, 4, 16990.17, 11090245, 456
662, 12, 192, 337, 247, 0, 9.48%, 44, 0, 4, 16382.71, 11173930, 456
667, 12, 182, 337, 246, 0, 9.48%, 44, 0, 4, 16798.87, 11260694, 456
672, 12, 86, 337, 245, 0, 9.48%, 44, 0, 4, 16707.77, 11346921, 456
678, 12, 32, 337, 245, 0, 9.48%, 44, 0, 4, 16607.17, 11433136, 456
683, 12, 38, 337, 245, 0, 9.48%, 44, 0, 4, 16666.67, 11520414, 456
688, 12, 2, 337, 244, 0, 9.48%, 44, 0, 4, 17187.19, 11609088, 456
693, 12, 61, 337, 243, 0, 9.48%, 44, 0, 4, 16814.32, 11695456, 456
698, 12, 61, 337, 243, 0, 9.48%, 44, 0, 4, 16927.40, 11784023, 456
704, 12, 38, 337, 243, 0, 9.48%, 44, 0, 4, 16971.22, 11871093, 456
709, 12, 153, 337, 243, 0, 9.48%, 44, 0, 4, 17534.90, 11961712, 456
714, 12, 192, 337, 242, 0, 9.48%, 44, 0, 4, 17114.10, 12049583, 456
719, 12, 153, 337, 241, 0, 9.48%, 44, 0, 4, 16727.87, 12130968, 456
724, 13, 221, 338, 242, 0, 9.48%, 44, 0, 4, 17250.77, 12221583, 456
729, 13, 86, 338, 242, 0, 9.48%, 44, 0, 4, 17017.70, 12310481, 456
734, 13, 42, 338, 242, 0, 9.48%, 44, 0, 4, 17187.83, 12400277, 456
740, 13, 79, 338, 241, 0, 9.48%, 44, 0, 4, 17163.91, 12488993, 456
745, 13, 153, 338, 240, 0, 9.48%, 44, 0, 4, 16728.03, 12575276, 456
750, 13, 86, 339, 240, 0, 9.48%, 44, 0, 4, 17241.23, 12661933, 456
755, 13, 182, 339, 240, 0, 9.48%, 44, 0, 4, 17379.91, 12750783, 456
760, 13, 38, 339, 240, 0, 9.48%, 44, 0, 4, 16987.06, 12835927, 456
765, 13, 182, 339, 237, 0, 9.48%, 44, 0, 4, 16849.53, 12922361, 456
770, 13, 182, 339, 237, 0, 9.48%, 44, 0, 4, 16809.78, 13010722, 456
775, 13, 56, 339, 236, 0, 9.48%, 44, 0, 4, 16932.14, 13098335, 456
781, 14, 86, 343, 240, 0, 9.48%, 44, 0, 4, 16541.35, 13184028, 456
786, 14, 86, 343, 240, 0, 9.48%, 44, 0, 4, 16497.45, 13267034, 456
791, 14, 65, 343, 240, 0, 9.48%, 44, 0, 4, 16278.61, 13351701, 456
796, 14, 46, 343, 240, 0, 9.48%, 44, 0, 4, 16458.25, 13434119, 456
801, 14, 86, 343, 240, 0, 9.48%, 44, 0, 4, 16450.93, 13518769, 456
806, 14, 123, 343, 240, 0, 9.48%, 44, 0, 4, 16311.71, 13602278, 456
811, 14, 38, 343, 239, 0, 9.48%, 44, 0, 4, 15898.99, 13685257, 456
816, 14, 86, 343, 238, 0, 9.48%, 44, 0, 4, 16624.90, 13772960, 456
821, 14, 192, 343, 238, 0, 9.48%, 44, 0, 4, 16016.77, 13852121, 456
827, 14, 99, 343, 238, 0, 9.48%, 44, 0, 4, 16578.04, 13938156, 456
832, 14, 182, 343, 236, 0, 9.48%, 44, 0, 4, 15965.59, 14018551, 456
837, 14, 79, 343, 235, 0, 9.48%, 44, 0, 4, 16991.54, 14107767, 456
842, 15, 125, 344, 236, 0, 9.48%, 44, 0, 4, 16641.96, 14193170, 456
847, 15, 38, 344, 236, 0, 9.48%, 44, 0, 4, 16704.89, 14278477, 456
852, 15, 75, 344, 235, 0, 9.48%, 44, 0, 4, 17031.49, 14366446, 456
858, 15, 56, 344, 235, 0, 9.48%, 44, 0, 4, 17561.63, 14456826, 456
863, 15, 153, 344, 235, 0, 9.48%, 44, 0, 4, 17217.49, 14545182, 456
868, 15, 29, 344, 235, 0, 9.48%, 44, 0, 4, 16885.59, 14633916, 456
873, 15, 38, 344, 235, 0, 9.48%, 44, 0, 4, 16571.47, 14717622, 456
878, 15, 153, 344, 235, 0, 9.48%, 44, 0, 4, 16222.43, 14801579, 456
883, 15, 67, 344, 235, 0, 9.48%, 44, 0, 4, 16270.19, 14885793, 456
888, 15, 16, 344, 235, 0, 9.48%, 44, 0, 4, 16624.48, 14973739, 456
893, 15, 46, 344, 235, 0, 9.48%, 44, 0, 4, 16002.18, 15053353, 456
899, 15, 38, 344, 235, 0, 9.48%, 44, 0, 4, 16509.74, 15137732, 456
904, 16, 182, 349, 239, 0, 9.48%, 44, 0, 4, 16448.51, 15223297, 456
909, 16, 86, 349, 238, 0, 9.48%, 44, 0, 4, 16929.18, 15311502, 456
914, 16, 153, 349, 238, 0, 9.48%, 44, 0, 4, 16337.60, 15394725, 456
919, 16, 29, 349, 238, 0, 9.48%, 44, 0, 4, 16856.32, 15481563, 456
924, 16, 21, 349, 238, 0, 9.48%, 44, 0, 4, 16807.78, 15569658, 456
930, 16, 21, 349, 238, 0, 9.48%, 44, 0, 4, 17512.04, 15660584, 456
935, 16, 99, 349, 237, 0, 9.48%, 44, 0, 4, 16089.06, 15742763, 456
940, 16, 177, 349, 236, 0, 9.48%, 44, 0, 4, 15829.28, 15819949, 456
945, 16, 182, 349, 236, 0, 9.48%, 44, 0, 4, 16153.29, 15904408, 456
950, 16, 86, 349, 236, 0, 9.48%, 44, 0, 4, 16548.27, 15989918, 456
955, 16, 126, 349, 236, 0, 9.48%, 44, 0, 4, 16142.58, 16071660, 456
960, 16, 21, 349, 236, 0, 9.48%, 44, 0, 4, 15682.47, 16153061, 456
965, 17, 79, 349, 235, 0, 9.48%, 44, 0, 4, 16191.79, 16234134, 456
971, 17, 192, 349, 234, 0, 9.48%, 44, 0, 4, 16515.68, 16318137, 456
976, 17, 61, 349, 234, 0, 9.48%, 44, 0, 4, 16327.97, 16399900, 456
981, 17, 99, 349, 234, 0, 9.48%, 44, 0, 4, 16082.02, 16483056, 456
986, 17, 86, 349, 233, 0, 9.48%, 44, 0, 4, 16269.36, 16565415, 456
991, 17, 38, 349, 233, 0, 9.48%, 44, 0, 4, 16708.86, 16653209, 456
996, 17, 67, 349, 233, 0, 9.48%, 44, 0, 4, 16982.06, 16738065, 456
1001, 17, 75, 349, 231, 0, 9.48%, 44, 0, 4, 16459.00, 16822864, 456
1006, 17, 165, 350, 231, 0, 9.48%, 44, 0, 4, 16158.50, 16905884, 456
1012, 17, 192, 350, 230, 0, 9.48%, 44, 0, 4, 16604.33, 16991790, 456
1017, 17, 86, 350, 230, 0, 9.48%, 44, 0, 4, 16165.43, 17075821, 456
1022, 17, 153, 350, 229, 0, 9.48%, 44, 0, 4, 16084.37, 17158021, 456
1027, 17, 221, 350, 229, 0, 9.48%, 44, 0, 4, 15945.45, 17241660, 456
1032, 18, 153, 350, 229, 0, 9.48%, 44, 0, 4, 15973.54, 17325124, 456
1037, 18, 165, 350, 229, 0, 9.48%, 44, 0, 4, 16904.73, 17412906, 456
1042, 18, 67, 350, 229, 0, 9.48%, 44, 0, 4, 16298.60, 17494361, 456
1047, 18, 86, 350, 226, 0, 9.48%, 44, 0, 4, 16265.14, 17574709, 456
1053, 18, 153, 350, 226, 0, 9.48%, 44, 0, 4, 16749.98, 17661589, 456
1058, 18, 38, 350, 226, 0, 9.48%, 44, 0, 4, 16867.35, 17748069, 456
1063, 18, 182, 350, 226, 0, 9.48%, 44, 0, 4, 16444.53, 17830238, 456
1068, 18, 153, 350, 226, 0, 9.48%, 44, 0, 4, 16593.46, 17916654, 456
1073, 18, 153, 350, 225, 0, 9.48%, 44, 0, 4, 16664.96, 18000099, 456
1078, 18, 61, 350, 225, 0, 9.48%, 44, 0, 4, 16860.48, 18086821, 456
1083, 18, 79, 350, 225, 0, 9.48%, 44, 0, 4, 16428.03, 18170123, 456
1088, 18, 38, 350, 225, 0, 9.48%, 44, 0, 4, 16733.70, 18257189, 456
1094, 19, 165, 350, 225, 0, 9.48%, 44, 0, 4, 16967.57, 18344596, 456
1099, 19, 46, 350, 225, 0, 9.48%, 44, 0, 4, 17040.73, 18433320, 456
1104, 19, 38, 350, 224, 0, 9.48%, 44, 0, 4, 16379.63, 18514141, 456
1109, 19, 123, 350, 224, 0, 9.48%, 44, 0, 4, 16403.41, 18600265, 456
1114, 19, 192, 350, 224, 0, 9.48%, 44, 0, 4, 16539.23, 18684879, 456
1120, 19, 224, 350, 223, 0, 9.48%, 44, 0, 4, 16331.01, 18770151, 456
1125, 19, 38, 350, 222, 0, 9.48%, 44, 0, 4, 16298.98, 18853883, 456
1130, 19, 153, 350, 222, 0, 9.48%, 44, 0, 4, 16377.28, 18939069, 456
1135, 19, 192, 350, 222, 0, 9.48%, 44, 0, 4, 16476.47, 19020432, 456
1140, 19, 38, 350, 222, 0, 9.48%, 44, 0, 4, 16132.83, 19103157, 456
1145, 19, 182, 350, 222, 0, 9.48%, 44, 0, 4, 16948.32, 19190550, 456
1150, 19, 165, 350, 222, 0, 9.48%, 44, 0, 4, 16501.41, 19272287, 456
1156, 20, 67, 352, 224, 0, 9.48%, 44, 0, 4, 16342.61, 19355945, 456
1161, 20, 7, 352, 224, 0, 9.48%, 44, 0, 4, 16244.24, 19440125, 456
1166, 20, 152, 352, 224, 0, 9.48%, 44, 0, 4, 16853.69, 19526357, 456
1171, 20, 38, 352, 224, 0, 9.48%, 44, 0, 4, 16603.99, 19611225, 456
1176, 20, 79, 352, 224, 0, 9.48%, 44, 0, 4, 16700.24, 19697992, 456
1181, 20, 151, 352, 224, 0, 9.48%, 44, 0, 4, 16577.00, 19784015, 456
1186, 20, 182, 352, 224, 0, 9.48%, 44, 0, 4, 16043.69, 19866657, 456
1192, 20, 86, 352, 224, 0, 9.48%, 44, 0, 4, 16616.11, 19953224, 456
1197, 20, 165, 352, 224, 0, 9.48%, 44, 0, 4, 16880.03, 20039659, 456
1202, 20, 123, 352, 224, 0, 9.48%, 44, 0, 4, 16312.25, 20122950, 456
1207, 20, 38, 353, 225, 0, 9.48%, 44, 0, 4, 16013.56, 20205216, 456
1212, 20, 182, 353, 225, 0, 9.48%, 44, 0, 4, 16631.84, 20292324, 456
1217, 21, 182, 353, 224, 0, 9.48%, 44, 0, 4, 16579.54, 20376387, 456
1223, 21, 86, 354, 225, 0, 9.48%, 44, 0, 4, 16211.79, 20460398, 456
1228, 21, 46, 354, 225, 0, 9.48%, 44, 0, 4, 16294.68, 20542283, 456
1233, 21, 79, 354, 225, 0, 9.48%, 44, 0, 4, 16669.99, 20627168, 456
1238, 21, 153, 354, 225, 0, 9.48%, 44, 0, 4, 17033.03, 20714995, 456
1243, 21, 192, 354, 225, 0, 9.48%, 44, 0, 4, 16741.15, 20801334, 456
1248, 21, 182, 354, 225, 0, 9.48%, 44, 0, 4, 16379.08, 20885867, 456
1253, 21, 38, 354, 225, 0, 9.48%, 44, 0, 4, 16382.74, 20967834, 456
1258, 21, 221, 354, 224, 0, 9.48%, 44, 0, 4, 16076.85, 21051382, 456
1264, 21, 79, 354, 224, 0, 9.48%, 44, 0, 4, 16073.73, 21134714, 456
1269, 21, 153, 354, 224, 0, 9.48%, 44, 0, 4, 16883.33, 21222390, 456
1274, 21, 46, 354, 224, 0, 9.48%, 44, 0, 4, 16073.11, 21303061, 456
1279, 21, 29, 354, 224, 0, 9.48%, 44, 0, 4, 15977.39, 21385873, 456
1284, 21, 46, 354, 224, 0, 9.48%, 44, 0, 4, 15874.12, 21463743, 456
1289, 22, 153, 354, 223, 0, 9.48%, 44, 0, 4, 16687.00, 21551682, 456
1294, 22, 56, 354, 223, 0, 9.48%, 44, 0, 4, 17070.77, 21640463, 456
1299, 22, 38, 354, 223, 0, 9.48%, 44, 0, 4, 16726.86, 21726722, 456
1305, 22, 38, 354, 221, 0, 9.48%, 44, 0, 4, 16326.91, 21811704, 456
1310, 22, 38, 354, 221, 0, 9.48%, 44, 0, 4, 15836.00, 21893111, 456
1315, 22, 38, 354, 221, 0, 9.48%, 44, 0, 4, 16396.16, 21978038, 456
1320, 22, 79, 354, 221, 0, 9.48%, 44, 0, 4, 16196.35, 22062402, 456
1325, 22, 38, 354, 221, 0, 9.48%, 44, 0, 4, 16280.27, 22144241, 456
1330, 22, 182, 354, 221, 0, 9.48%, 44, 0, 4, 16048.51, 22226189, 456
1335, 22, 86, 354, 221, 0, 9.48%, 44, 0, 4, 17087.52, 22315331, 456
1341, 22, 67, 354, 221, 0, 9.48%, 44, 0, 4, 16974.09, 22402428, 456
1346, 22, 46, 354, 221, 0, 9.48%, 44, 0, 4, 16604.58, 22485345, 456
1351, 22, 38, 354, 221, 0, 9.48%, 44, 0, 4, 16770.30, 22572978, 456
1356, 23, 86, 357, 224, 0, 9.48%, 44, 0, 4, 16757.47, 22656594, 456
1361, 23, 182, 357, 224, 0, 9.48%, 44, 0, 4, 16749.16, 22743516, 456
1366, 23, 86, 357, 224, 0, 9.48%, 44, 0, 4, 16969.93, 22830687, 456
1371, 23, 99, 357, 223, 0, 9.48%, 44, 0, 4, 16474.29, 22913924, 456
1376, 23, 86, 357, 223, 0, 9.48%, 44, 0, 4, 16470.13, 22998846, 456
1381, 23, 79, 357, 223, 0, 9.48%, 44, 0, 4, 16208.37, 23082164, 456
1387, 23, 46, 357, 223, 0, 9.48%, 44, 0, 4, 17127.58, 23172197, 456
1392, 23, 192, 357, 222, 0, 9.48%, 44, 0, 4, 16681.03, 23257507, 456
1397, 23, 79, 357, 222, 0, 9.48%, 44, 0, 4, 16329.35, 23341453, 456
1402, 23, 29, 357, 222, 0, 9.48%, 44, 0, 4, 16598.32, 23425366, 456
1407, 23, 46, 357, 222, 0, 9.48%, 44, 0, 4, 16421.60, 23509530, 456
1412, 23, 121, 357, 222, 0, 9.48%, 44, 0, 4, 16323.55, 23594506, 456
1418, 23, 38, 357, 221, 0, 9.48%, 44, 0, 4, 16401.37, 23677207, 456
1423, 24, 123, 357, 221, 0, 9.48%, 44, 0, 4, 16141.92, 23760801, 456
1428, 24, 38, 357, 220, 0, 9.48%, 44, 0, 4, 16580.06, 23846230, 456
1433, 24, 86, 357, 220, 0, 9.48%, 44, 0, 4, 16706.22, 23929914, 456
1438, 24, 46, 357, 220, 0, 9.48%, 44, 0, 4, 16471.17, 24013366, 456
1443, 24, 79, 357, 220, 0, 9.48%, 44, 0, 4, 16399.08, 24098674, 456
1448, 24, 38, 357, 220, 0, 9.48%, 44, 0, 4, 16864.77, 24184772, 456
1453, 24, 153, 357, 220, 0, 9.48%, 44, 0, 4, 16121.81, 24268175, 456
1459, 24, 38, 357, 220, 0, 9.48%, 44, 0, 4, 16500.05, 24353565, 456
1464, 24, 86, 357, 220, 0, 9.48%, 44, 0, 4, 16402.28, 24438605, 456
1469, 24, 38, 357, 219, 0, 9.48%, 44, 0, 4, 16410.91, 24524209, 456
1474, 24, 86, 357, 218, 0, 9.48%, 44, 0, 4, 15842.87, 24605775, 456
1479, 24, 38, 357, 218, 0, 9.48%, 44, 0, 4, 16541.21, 24691414, 456
1484, 24, 46, 357, 218, 0, 9.48%, 44, 0, 4, 16608.98, 24776502, 456
1490, 25, 86, 359, 220, 0, 9.48%, 44, 0, 4, 16039.07, 24860070, 456
1495, 25, 153, 359, 218, 0, 9.48%, 44, 0, 4, 16098.95, 24940584, 456
1500, 25, 86, 359, 217, 0, 9.48%, 44, 0, 4, 15940.03, 25023180, 456
1505, 25, 86, 359, 217, 0, 9.48%, 44, 0, 4, 15829.27, 25104546, 456
1510, 25, 29, 359, 217, 0, 9.48%, 44, 0, 4, 16151.54, 25188110, 456
1515, 25, 86, 359, 217, 0, 9.48%, 44, 0, 4, 16416.21, 25273382, 456
1521, 25, 29, 359, 217, 0, 9.48%, 44, 0, 4, 16333.65, 25357950, 456
1526, 25, 153, 359, 217, 0, 9.48%, 44, 0, 4, 17260.18, 25448463, 456
1531, 25, 153, 359, 217, 0, 9.48%, 44, 0, 4, 16640.98, 25534408, 456
1536, 25, 123, 359, 217, 0, 9.48%, 44, 0, 4, 16332.37, 25617948, 456
1541, 25, 79, 359, 217, 0, 9.48%, 44, 0, 4, 16223.72, 25702074, 456
1546, 25, 38, 359, 217, 0, 9.48%, 44, 0, 4, 15783.47, 25784400, 456
1552, 25, 104, 359, 215, 0, 9.48%, 44, 0, 4, 16513.24, 25870248, 456
1557, 25, 46, 359, 214, 0, 9.48%, 44, 0, 4, 14558.39, 25940159, 456
1562, 26, 65, 361, 216, 0, 9.48%, 44, 0, 4, 15941.33, 26026016, 456
1567, 26, 221, 361, 216, 0, 9.48%, 44, 0, 4, 16103.29, 26109593, 456
1572, 26, 182, 361, 216, 0, 9.48%, 44, 0, 4, 16187.94, 26192940, 456
1577, 26, 86, 361, 216, 0, 9.48%, 44, 0, 4, 16227.01, 26273386, 456
1582, 26, 38, 361, 216, 0, 9.48%, 44, 0, 4, 16654.67, 26358193, 456
1587, 26, 126, 361, 216, 0, 9.48%, 44, 0, 4, 16162.62, 26439728, 456
1593, 26, 21, 361, 216, 0, 9.48%, 44, 0, 4, 16099.15, 26524243, 456
1598, 26, 79, 361, 216, 0, 9.48%, 44, 0, 4, 16442.68, 26606045, 456
1603, 26, 86, 361, 216, 0, 9.48%, 44, 0, 4, 16347.28, 26691732, 456
1608, 26, 153, 361, 216, 0, 9.48%, 44, 0, 4, 17044.83, 26779701, 456
1613, 26, 79, 361, 216, 0, 9.48%, 44, 0, 4, 16735.21, 26862556, 456
1618, 26, 153, 361, 216, 0, 9.48%, 44, 0, 4, 16580.81, 26948181, 456
1623, 26, 182, 361, 216, 0, 9.48%, 44, 0, 4, 16149.44, 27031484, 456
1629, 26, 38, 361, 216, 0, 9.48%, 44, 0, 4, 16616.91, 27118495, 456
1634, 27, 86, 361, 216, 0, 9.48%, 44, 0, 4, 16127.40, 27201098, 456
1639, 27, 86, 361, 216, 0, 9.48%, 44, 0, 4, 16510.49, 27287200, 456
1644, 27, 46, 361, 216, 0, 9.48%, 44, 0, 4, 16985.60, 27374952, 456
1649, 27, 29, 361, 216, 0, 9.48%, 44, 0, 4, 16236.85, 27458720, 456
1654, 27, 79, 361, 216, 0, 9.48%, 44, 0, 4, 16246.08, 27543097, 456
1660, 27, 79, 361, 216, 0, 9.48%, 44, 0, 4, 15819.01, 27620628, 456
1665, 27, 79, 361, 216, 0, 9.48%, 44, 0, 4, 16510.85, 27706114, 456
1670, 27, 86, 361, 216, 0, 9.48%, 44, 0, 4, 16270.72, 27787040, 456
1675, 27, 153, 361, 216, 0, 9.48%, 44, 0, 4, 15963.07, 27869572, 456
1680, 27, 123, 361, 215, 0, 9.48%, 44, 0, 4, 16301.16, 27952837, 456
1685, 27, 38, 361, 215, 0, 9.48%, 44, 0, 4, 16091.61, 28034248, 456
1690, 27, 38, 361, 214, 0, 9.48%, 44, 0, 4, 15475.03, 28114070, 456
1695, 27, 33, 361, 213, 0, 9.48%, 44, 0, 4, 16315.51, 28198257, 456
1701, 27, 80, 361, 213, 0, 9.48%, 44, 0, 4, 16083.41, 28281226, 456
1706, 27, 79, 361, 213, 0, 9.48%, 44, 0, 4, 16462.59, 28364718, 456
1711, 28, 126, 361, 213, 0, 9.48%, 44, 0, 4, 16703.23, 28452340, 456
1716, 28, 86, 361, 213, 0, 9.48%, 44, 0, 4, 16313.98, 28533938, 456
1721, 28, 79, 361, 213, 0, 9.48%, 44, 0, 4, 16519.07, 28619510, 456
1726, 28, 38, 361, 213, 0, 9.48%, 44, 0, 4, 16026.30, 28701214, 456
1731, 28, 165, 361, 213, 0, 9.48%, 44, 0, 4, 16306.18, 28786204, 456
1736, 28, 46, 361, 213, 0, 9.48%, 44, 0, 4, 15954.70, 28868394, 456
1742, 28, 165, 361, 213, 0, 9.48%, 44, 0, 4, 16004.47, 28952799, 456
1747, 28, 153, 361, 213, 0, 9.48%, 44, 0, 4, 16389.41, 29037611, 456
1752, 28, 104, 361, 213, 0, 9.48%, 44, 0, 4, 16109.09, 29120827, 456
1757, 28, 38, 361, 213, 0, 9.48%, 44, 0, 4, 15817.96, 29203733, 456
1762, 28, 38, 361, 213, 0, 9.48%, 44, 0, 4, 16242.01, 29287019, 456
1767, 28, 80, 361, 213, 0, 9.48%, 44, 0, 4, 15616.12, 29366815, 456
1773, 28, 123, 361, 213, 0, 9.48%, 44, 0, 4, 15412.09, 29443874, 456
1778, 28, 153, 361, 213, 0, 9.48%, 44, 0, 4, 15776.67, 29523102, 456
1783, 28, 38, 361, 212, 0, 9.48%, 44, 0, 4, 15973.61, 29605909, 456
1788, 29, 165, 361, 212, 0, 9.48%, 44, 0, 4, 16435.08, 29690617, 456
1793, 29, 75, 361, 212, 0, 9.48%, 44, 0, 4, 16483.69, 29775765, 456
1798, 29, 153, 361, 211, 0, 9.48%, 44, 0, 4, 16316.07, 29860620, 456
1803, 29, 221, 361, 211, 0, 9.48%, 44, 0, 4, 15656.78, 29937233, 456
1808, 29, 153, 361, 211, 0, 9.48%, 44, 0, 4, 16371.98, 30023257, 456
1814, 29, 182, 361, 211, 0, 9.48%, 44, 0, 4, 16425.95, 30109017, 456
1819, 29, 158, 361, 210, 0, 9.48%, 44, 0, 4, 14585.53, 30186695, 456
1824, 29, 38, 361, 209, 0, 9.48%, 44, 0, 4, 15792.58, 30267567, 456
1829, 29, 21, 361, 208, 0, 9.48%, 44, 0, 4, 15304.56, 30340670, 456
1834, 29, 221, 361, 208, 0, 9.48%, 44, 0, 4, 16054.50, 30423369, 456
1839, 29, 38, 361, 207, 0, 9.48%, 44, 0, 4, 15855.03, 30506131, 456
1844, 29, 86, 361, 207, 0, 9.48%, 44, 0, 4, 15956.70, 30586130, 456
1850, 29, 86, 361, 207, 0, 9.48%, 44, 0, 4, 16087.37, 30669238, 456
1855, 29, 152, 361, 207, 0, 9.48%, 44, 0, 4, 15863.66, 30751148, 456
1860, 30, 86, 361, 206, 0, 9.48%, 44, 0, 4, 16366.97, 30835845, 456
1865, 30, 153, 361, 206, 0, 9.48%, 44, 0, 4, 16358.31, 30916696, 456
1870, 30, 177, 361, 206, 0, 9.48%, 44, 0, 4, 16279.73, 31001127, 456
1875, 30, 123, 361, 206, 0, 9.48%, 44, 0, 4, 16576.92, 31086618, 456
1880, 30, 281, 361, 206, 0, 9.48%, 44, 0, 4, 12934.48, 31155006, 456
1886, 30, 79, 361, 205, 0, 9.48%, 44, 0, 4, 15485.69, 31236877, 456
1891, 30, 153, 361, 205, 0, 9.48%, 44, 0, 4, 16041.79, 31321407, 456
1896, 30, 192, 361, 205, 0, 9.48%, 44, 0, 4, 15809.44, 31402866, 456
1901, 30, 38, 361, 205, 0, 9.48%, 44, 0, 4, 16100.68, 31487257, 456
1906, 30, 182, 361, 205, 0, 9.48%, 44, 0, 4, 16694.95, 31574858, 456
1912, 30, 182, 361, 205, 0, 9.48%, 44, 0, 4, 16236.51, 31658239, 456
1917, 30, 153, 361, 205, 0, 9.48%, 44, 0, 4, 16441.46, 31743549, 456
1922, 30, 148, 361, 205, 0, 9.48%, 44, 0, 4, 15802.12, 31826151, 456
1927, 30, 182, 361, 204, 0, 9.48%, 44, 0, 4, 16187.89, 31910129, 456
1932, 31, 2, 361, 204, 0, 9.48%, 44, 0, 4, 16271.09, 31994437, 456
1937, 31, 79, 361, 204, 0, 9.48%, 44, 0, 4, 16120.22, 32078794, 456
1943, 31, 221, 361, 204, 0, 9.48%, 44, 0, 4, 16458.50, 32164538, 456
1948, 31, 79, 361, 204, 0, 9.48%, 44, 0, 4, 16357.64, 32247767, 456
1953, 31, 7, 361, 204, 0, 9.48%, 44, 0, 4, 16464.23, 32333549, 456
1958, 31, 153, 361, 203, 0, 9.48%, 44, 0, 4, 16654.14, 32419874, 456
1963, 31, 86, 361, 203, 0, 9.48%, 44, 0, 4, 16347.76, 32502430, 456
1968, 31, 38, 361, 203, 0, 9.48%, 44, 0, 4, 16221.05, 32586542, 456
1973, 31, 2, 361, 203, 0, 9.48%, 44, 0, 4, 16073.71, 32669021, 456
1979, 31, 79, 361, 203, 0, 9.48%, 44, 0, 4, 15888.07, 32751889, 456
1984, 31, 86, 361, 203, 0, 9.48%, 44, 0, 4, 15870.11, 32830570, 456
1989, 31, 32, 361, 203, 0, 9.48%, 44, 0, 4, 15696.53, 32911751, 456
1994, 31, 79, 361, 202, 0, 9.48%, 44, 0, 4, 15328.44, 32991389, 456
1999, 31, 178, 361, 202, 0, 9.48%, 44, 0, 4, 15414.19, 33071563, 456
2004, 31, 38, 361, 202, 0, 9.48%, 44, 0, 4, 15020.36, 33146109, 456
2009, 32, 143, 365, 205, 0, 9.48%, 44, 0, 4, 15269.62, 33223179, 456
2014, 32, 178, 365, 205, 0, 9.48%, 44, 0, 4, 15048.64, 33300378, 456
2019, 32, 79, 365, 205, 0, 9.48%, 44, 0, 4, 15376.24, 33377448, 456
2025, 32, 38, 365, 205, 0, 9.48%, 44, 0, 4, 15507.61, 33458590, 456
2030, 32, 46, 365, 205, 0, 9.48%, 44, 0, 4, 15568.02, 33540030, 456
2035, 32, 79, 365, 204, 0, 9.48%, 44, 0, 4, 15271.02, 33617551, 456
2040, 32, 104, 365, 204, 0, 9.48%, 44, 0, 4, 15750.07, 33700797, 456
2045, 32, 182, 365, 204, 0, 9.48%, 44, 0, 4, 15338.25, 33777703, 456
2050, 32, 86, 365, 204, 0, 9.48%, 44, 0, 4, 15792.73, 33859394, 456
2055, 32, 148, 365, 204, 0, 9.48%, 44, 0, 4, 15570.16, 33937196, 456
2061, 32, 79, 365, 202, 0, 9.48%, 44, 0, 4, 15333.45, 34016582, 456
2066, 32, 38, 365, 202, 0, 9.48%, 44, 0, 4, 15669.99, 34098000, 456
2071, 32, 79, 365, 202, 0, 9.48%, 44, 0, 4, 15831.03, 34179287, 456
2076, 32, 182, 365, 202, 0, 9.48%, 44, 0, 4, 15429.47, 34258630, 456
2081, 32, 178, 365, 202, 0, 9.48%, 44, 0, 4, 15931.90, 34341643, 456
2086, 33, 125, 365, 202, 0, 9.48%, 44, 0, 4, 15358.04, 34419999, 456
2091, 33, 352, 365, 202, 0, 9.48%, 44, 0, 4, 6003.12, 34466720, 456
2097, 33, 38, 365, 201, 0, 9.48%, 44, 0, 4, 13144.12, 34539724, 456
2102, 33, 38, 365, 201, 0, 9.48%, 44, 0, 4, 14700.39, 34618081, 456
2107, 33, 165, 365, 201, 0, 9.48%, 44, 0, 4, 15427.68, 34698212, 456
2112, 33, 38, 365, 201, 0, 9.48%, 44, 0, 4, 15293.74, 34778099, 456
2117, 33, 182, 365, 200, 0, 9.48%, 44, 0, 4, 15565.06, 34855391, 456
2122, 33, 46, 365, 200, 0, 9.48%, 44, 0, 4, 15279.56, 34933971, 456
2128, 33, 178, 365, 200, 0, 9.48%, 44, 0, 4, 15048.22, 35011493, 456
2133, 33, 150, 365, 200, 0, 9.48%, 44, 0, 4, 14797.41, 35088982, 456
2138, 33, 7, 365, 200, 0, 9.48%, 44, 0, 4, 15547.52, 35171437, 456
2143, 33, 165, 365, 200, 0, 9.48%, 44, 0, 4, 15536.41, 35251596, 456
2148, 33, 153, 365, 200, 0, 9.48%, 44, 0, 4, 15695.12, 35333541, 456
2153, 33, 79, 365, 200, 0, 9.48%, 44, 0, 4, 16024.82, 35412913, 456
2158, 33, 32, 365, 200, 0, 9.48%, 44, 0, 4, 16037.64, 35492788, 456
2163, 33, 153, 365, 200, 0, 9.48%, 44, 0, 4, 15659.20, 35572930, 456
2169, 33, 182, 365, 199, 0, 9.48%, 44, 0, 4, 15524.29, 35652494, 456
2174, 34, 182, 365, 199, 0, 9.48%, 44, 0, 4, 15682.99, 35734277, 456
2179, 34, 38, 365, 199, 0, 9.48%, 44, 0, 4, 15565.30, 35813588, 456
2184, 34, 165, 365, 199, 0, 9.48%, 44, 0, 4, 15229.36, 35892940, 456
2189, 34, 29, 365, 199, 0, 9.48%, 44, 0, 4, 14791.80, 35968691, 456
2194, 34, 38, 365, 198, 0, 9.48%, 44, 0, 4, 15446.57, 36048850, 456
2200, 34, 182, 365, 198, 0, 9.48%, 44, 0, 4, 15288.54, 36128767, 456
2205, 34, 86, 365, 198, 0, 9.48%, 44, 0, 4, 15806.92, 36210750, 456
2210, 34, 153, 365, 198, 0, 9.48%, 44, 0, 4, 15751.09, 36291555, 456
2215, 34, 79, 365, 198, 0, 9.48%, 44, 0, 4, 15560.49, 36373176, 456
2220, 34, 26, 365, 198, 0, 9.48%, 44, 0, 4, 15903.36, 36453123, 456
2225, 34, 182, 365, 198, 0, 9.48%, 44, 0, 4, 15272.09, 36531703, 456
2230, 34, 153, 365, 198, 0, 9.48%, 44, 0, 4, 15256.09, 36610225, 456
2236, 34, 79, 365, 198, 0, 9.48%, 44, 0, 4, 15835.31, 36691431, 456
2241, 34, 338, 365, 198, 0, 9.48%, 44, 0, 4, 14348.49, 36767807, 456
2246, 34, 126, 365, 197, 0, 9.48%, 44, 0, 4, 13870.41, 36831290, 456
2251, 34, 79, 365, 196, 0, 9.48%, 44, 0, 4, 12752.12, 36892384, 456
2256, 34, 221, 365, 196, 0, 9.48%, 44, 0, 4, 14941.17, 36971638, 456
2261, 34, 165, 365, 196, 0, 9.48%, 44, 0, 4, 15696.35, 37052910, 456
2267, 35, 86, 365, 196, 0, 9.48%, 44, 0, 4, 15869.60, 37134654, 456
2272, 35, 47, 365, 196, 0, 9.48%, 44, 0, 4, 15888.89, 37217456, 456
2277, 35, 182, 365, 196, 0, 9.48%, 44, 0, 4, 15503.83, 37298674, 456
2282, 35, 86, 365, 196, 0, 9.48%, 44, 0, 4, 14973.79, 37373902, 456
2287, 35, 46, 365, 195, 0, 9.48%, 44, 0, 4, 15090.59, 37453648, 456
2292, 35, 21, 365, 195, 0, 9.48%, 44, 0, 4, 15055.75, 37531768, 456
2297, 35, 61, 365, 194, 0, 9.48%, 44, 0, 4, 15137.51, 37606923, 456
2302, 35, 86, 365, 194, 0, 9.48%, 44, 0, 4, 15388.11, 37684884, 456
2307, 35, 259, 365, 194, 0, 9.48%, 44, 0, 4, 15599.15, 37765033, 456
2313, 35, 38, 365, 194, 0, 9.48%, 44, 0, 4, 15878.71, 37848609, 456
2318, 35, 38, 365, 194, 0, 9.48%, 44, 0, 4, 15614.88, 37928821, 456
2323, 35, 86, 365, 194, 0, 9.48%, 44, 0, 4, 15370.98, 38005529, 456
2328, 35, 178, 365, 194, 0, 9.48%, 44, 0, 4, 15553.66, 38083693, 456
2333, 35, 79, 365, 194, 0, 9.48%, 44, 0, 4, 14747.32, 38159634, 456
2338, 35, 86, 365, 194, 0, 9.48%, 44, 0, 4, 15774.13, 38241102, 456
2343, 35, 38, 365, 193, 0, 9.48%, 44, 0, 4, 15670.19, 38322385, 456
2348, 36, 38, 369, 197, 0, 9.48%, 44, 0, 4, 15726.48, 38400605, 456
2354, 36, 79, 369, 197, 0, 9.48%, 44, 0, 4, 15602.43, 38480423, 456
2359, 36, 201, 369, 197, 0, 9.48%, 44, 0, 4, 15068.02, 38558734, 456
2364, 36, 38, 369, 197, 0, 9.48%, 44, 0, 4, 15198.80, 38637463, 456
2369, 36, 153, 369, 197, 0, 9.48%, 44, 0, 4, 15585.16, 38718453, 456
2374, 36, 178, 369, 197, 0, 9.48%, 44, 0, 4, 15877.92, 38801001, 456
2379, 36, 143, 369, 197, 0, 9.48%, 44, 0, 4, 15896.74, 38883135, 456
2385, 36, 79, 369, 197, 0, 9.48%, 44, 0, 4, 15248.56, 38961969, 456
2390, 36, 192, 369, 197, 0, 9.48%, 44, 0, 4, 15875.99, 39044128, 456
2395, 36, 46, 369, 197, 0, 9.48%, 44, 0, 4, 15488.74, 39120679, 456
2400, 36, 165, 369, 197, 0, 9.48%, 44, 0, 4, 15740.97, 39202310, 456
2405, 36, 86, 369, 196, 0, 9.48%, 44, 0, 4, 15313.71, 39277919, 456
2410, 36, 125, 369, 196, 0, 9.48%, 44, 0, 4, 15521.52, 39357572, 456
2415, 36, 38, 369, 196, 0, 9.48%, 44, 0, 4, 15752.26, 39439730, 456
2420, 36, 38, 369, 196, 0, 9.48%, 44, 0, 4, 15173.31, 39515360, 456
2426, 36, 86, 369, 196, 0, 9.48%, 44, 0, 4, 15123.40, 39594027, 456
2431, 37, 38, 369, 196, 0, 9.48%, 44, 0, 4, 15299.43, 39674312, 456
2436, 37, 86, 369, 196, 0, 9.48%, 44, 0, 4, 15158.16, 39751380, 456
2441, 37, 61, 369, 196, 0, 9.48%, 44, 0, 4, 15505.35, 39831953, 456
2446, 37, 79, 369, 196, 0, 9.48%, 44, 0, 4, 15284.75, 39909999, 456
2451, 37, 182, 369, 195, 0, 9.48%, 44, 0, 4, 15054.94, 39988975, 456
2456, 37, 38, 369, 195, 0, 9.48%, 44, 0, 4, 15496.52, 40071560, 456
2462, 37, 125, 369, 195, 0, 9.48%, 44, 0, 4, 15314.77, 40151123, 456
2467, 37, 143, 369, 195, 0, 9.48%, 44, 0, 4, 15376.14, 40231552, 456
2472, 37, 162, 369, 195, 0, 9.48%, 44, 0, 4, 13184.08, 40299709, 456
2477, 37, 153, 369, 194, 0, 9.48%, 44, 0, 4, 14900.33, 40375312, 456
2482, 37, 38, 369, 194, 0, 9.48%, 44, 0, 4, 14998.78, 40453891, 456
2487, 37, 259, 369, 194, 0, 9.48%, 44, 0, 4, 15025.28, 40529263, 456
2492, 37, 182, 369, 194, 0, 9.48%, 44, 0, 4, 14961.82, 40605231, 456
2497, 37, 178, 369, 194, 0, 9.48%, 44, 0, 4, 15580.99, 40686554, 456
2503, 37, 153, 369, 193, 0, 9.48%, 44, 0, 4, 15419.83, 40767151, 456
2508, 37, 86, 369, 193, 0, 9.48%, 44, 0, 4, 15027.14, 40841755, 456
2513, 38, 86, 369, 193, 0, 9.48%, 44, 0, 4, 15300.08, 40920946, 456
2518, 38, 2, 369, 193, 0, 9.48%, 44, 0, 4, 15219.86, 40999711, 456
2523, 38, 79, 369, 193, 0, 9.48%, 44, 0, 4, 14246.14, 41075132, 456
2528, 38, 7, 369, 193, 0, 9.48%, 44, 0, 4, 15600.99, 41156631, 456
2534, 38, 46, 369, 193, 0, 9.48%, 44, 0, 4, 15718.43, 41236469, 456
2539, 38, 192, 369, 192, 0, 9.48%, 44, 0, 4, 15706.44, 41315162, 456
2544, 38, 2, 369, 192, 0, 9.48%, 44, 0, 4, 15082.70, 41392331, 456
2549, 38, 153, 369, 192, 0, 9.48%, 44, 0, 4, 15508.63, 41472726, 456
2554, 38, 38, 369, 192, 0, 9.48%, 44, 0, 4, 15125.53, 41551569, 456
2559, 38, 182, 369, 192, 0, 9.48%, 44, 0, 4, 15765.97, 41634275, 456
2564, 38, 178, 369, 192, 0, 9.48%, 44, 0, 4, 15501.56, 41712686, 456
2570, 38, 40, 369, 192, 0, 9.48%, 44, 0, 4, 15670.89, 41792810, 456
2575, 38, 259, 369, 192, 0, 9.48%, 44, 0, 4, 16049.10, 41875302, 456
2580, 38, 153, 369, 192, 0, 9.48%, 44, 0, 4, 15513.32, 41955874, 456
2585, 38, 38, 369, 192, 0, 9.48%, 44, 0, 4, 15680.86, 42036713, 456
2590, 38, 79, 369, 192, 0, 9.48%, 44, 0, 4, 15246.71, 42113585, 456
2595, 38, 182, 369, 192, 0, 9.48%, 44, 0, 4, 15695.03, 42192065, 456
2600, 39, 86, 369, 192, 0, 9.48%, 44, 0, 4, 16020.48, 42273224, 456
2605, 39, 182, 369, 192, 0, 9.48%, 44, 0, 4, 15569.42, 42353642, 456
2611, 39, 178, 369, 192, 0, 9.48%, 44, 0, 4, 15549.68, 42434891, 456
2616, 39, 29, 369, 192, 0, 9.48%, 44, 0, 4, 15216.84, 42514695, 456
2621, 39, 206, 369, 192, 0, 9.48%, 44, 0, 4, 15139.07, 42595251, 456
2626, 39, 126, 369, 192, 0, 9.48%, 44, 0, 4, 15250.32, 42674471, 456
2631, 39, 221, 369, 191, 0, 9.48%, 44, 0, 4, 15333.57, 42754103, 456
2636, 39, 178, 369, 191, 0, 9.48%, 44, 0, 4, 15829.17, 42836372, 456
2642, 39, 153, 369, 190, 0, 9.48%, 44, 0, 4, 12978.02, 42902783, 456
2647, 39, 86, 369, 190, 0, 9.48%, 44, 0, 4, 15076.21, 42982540, 456
2652, 39, 177, 369, 190, 0, 9.48%, 44, 0, 4, 15809.04, 43065274, 456
2657, 39, 86, 369, 190, 0, 9.48%, 44, 0, 4, 16085.04, 43145723, 456
2662, 39, 38, 369, 190, 0, 9.48%, 44, 0, 4, 15716.52, 43226647, 456
2667, 39, 38, 369, 190, 0, 9.48%, 44, 0, 4, 15871.93, 43305712, 456
2672, 39, 86, 369, 190, 0, 9.48%, 44, 0, 4, 16028.95, 43385948, 456
2677, 40, 86, 369, 190, 0, 9.48%, 44, 0, 4, 15250.30, 43464028, 456
2682, 40, 86, 369, 190, 0, 9.48%, 44, 0, 4, 15228.98, 43542177, 456
2688, 40, 182, 369, 190, 0, 9.48%, 44, 0, 4, 15508.33, 43622572, 456
2693, 40, 313, 369, 190, 0, 9.48%, 44, 0, 4, 14368.11, 43695795, 456
2698, 40, 153, 369, 189, 0, 9.48%, 44, 0, 4, 14777.44, 43763598, 456
2703, 40, 79, 369, 189, 0, 9.48%, 44, 0, 4, 15324.35, 43841363, 456
2708, 40, 61, 369, 189, 0, 9.48%, 44, 0, 4, 15241.88, 43917855, 456
2713, 40, 153, 369, 188, 0, 9.48%, 44, 0, 4, 15848.70, 43996953, 456
2718, 40, 38, 369, 188, 0, 9.48%, 44, 0, 4, 15567.51, 44077636, 456
2723, 40, 86, 369, 187, 0, 9.48%, 44, 0, 4, 15181.12, 44155237, 456
2728, 40, 38, 369, 187, 0, 9.48%, 44, 0, 4, 15540.05, 44237048, 456
2733, 40, 143, 369, 187, 0, 9.48%, 44, 0, 4, 15398.51, 44316844, 456
2738, 40, 153, 369, 186, 0, 9.48%, 44, 0, 4, 15511.82, 44393831, 456
2743, 40, 38, 369, 186, 0, 9.48%, 44, 0, 4, 15482.94, 44472430, 456
2749, 40, 46, 369, 186, 0, 9.48%, 44, 0, 4, 16127.53, 44557372, 456
2754, 40, 38, 369, 186, 0, 9.48%, 44, 0, 4, 16458.10, 44641865, 456
2759, 41, 153, 371, 188, 0, 9.48%, 44, 0, 4, 16079.89, 44722727, 456
2764, 41, 153, 371, 188, 0, 9.48%, 44, 0, 4, 15592.56, 44803839, 456
2769, 41, 46, 371, 188, 0, 9.48%, 44, 0, 4, 16171.91, 44885246, 456
2774, 41, 38, 371, 187, 0, 9.48%, 44, 0, 4, 15549.68, 44964101, 456
2779, 41, 38, 371, 187, 0, 9.48%, 44, 0, 4, 15485.49, 45044086, 456
2784, 41, 86, 371, 187, 0, 9.48%, 44, 0, 4, 15286.54, 45120108, 456
2789, 41, 150, 371, 187, 0, 9.48%, 44, 0, 4, 15565.94, 45198646, 456
2794, 41, 86, 371, 187, 0, 9.48%, 44, 0, 4, 15500.93, 45275177, 456
2800, 41, 38, 371, 187, 0, 9.48%, 44, 0, 4, 15368.28, 45355501, 456
2805, 41, 182, 371, 187, 0, 9.48%, 44, 0, 4, 15300.38, 45432091, 456
2810, 41, 153, 371, 187, 0, 9.48%, 44, 0, 4, 16253.92, 45516394, 456
2815, 41, 79, 371, 187, 0, 9.48%, 44, 0, 4, 16122.61, 45600142, 456
2820, 41, 182, 371, 187, 0, 9.48%, 44, 0, 4, 15245.70, 45679324, 456
2825, 41, 182, 371, 187, 0, 9.48%, 44, 0, 4, 15479.27, 45759883, 456
2831, 41, 40, 371, 187, 0, 9.48%, 44, 0, 4, 15407.00, 45841100, 456
2836, 41, 192, 371, 187, 0, 9.48%, 44, 0, 4, 15171.52, 45916093, 456
2841, 41, 153, 371, 186, 0, 9.48%, 44, 0, 4, 15184.95, 45994746, 456
2846, 42, 46, 371, 186, 0, 9.48%, 44, 0, 4, 15697.61, 46075957, 456
2851, 42, 165, 371, 186, 0, 9.48%, 44, 0, 4, 15447.68, 46154886, 456
2856, 42, 79, 371, 186, 0, 9.48%, 44, 0, 4, 15652.67, 46233063, 456
2861, 42, 151, 371, 186, 0, 9.48%, 44, 0, 4, 15354.07, 46312659, 456
2866, 42, 178, 371, 186, 0, 9.48%, 44, 0, 4, 15306.32, 46390569, 456
2872, 42, 38, 371, 186, 0, 9.48%, 44, 0, 4, 15340.10, 46470911, 456
2877, 42, 165, 371, 186, 0, 9.48%, 44, 0, 4, 15616.27, 46551011, 456
2882, 42, 178, 371, 186, 0, 9.48%, 44, 0, 4, 15223.80, 46627620, 456
2887, 42, 178, 371, 186, 0, 9.48%, 44, 0, 4, 16296.56, 46712083, 456
2892, 42, 153, 371, 186, 0, 9.48%, 44, 0, 4, 15572.03, 46790017, 456
2897, 42, 150, 371, 186, 0, 9.48%, 44, 0, 4, 15939.80, 46872840, 456
2902, 42, 21, 371, 185, 0, 9.48%, 44, 0, 4, 16059.60, 46953486, 456
2907, 42, 79, 371, 185, 0, 9.48%, 44, 0, 4, 15554.82, 47033237, 456
2913, 42, 79, 371, 185, 0, 9.48%, 44, 0, 4, 15422.84, 47112111, 456
2918, 42, 182, 371, 185, 0, 9.48%, 44, 0, 4, 15715.98, 47191690, 456
2923, 43, 182, 371, 185, 0, 9.48%, 44, 0, 4, 15302.85, 47268628, 456
2928, 43, 2, 371, 185, 0, 9.48%, 44, 0, 4, 15944.43, 47351456, 456
2933, 43, 38, 371, 184, 0, 9.48%, 44, 0, 4, 15374.56, 47429304, 456
2938, 43, 275, 371, 184, 0, 9.48%, 44, 0, 4, 14375.77, 47503408, 456
2943, 43, 177, 371, 183, 0, 9.48%, 44, 0, 4, 14967.41, 47580668, 456
2948, 43, 26, 371, 183, 0, 9.48%, 44, 0, 4, 15669.24, 47661915, 456
2953, 43, 38, 371, 182, 0, 9.48%, 44, 0, 4, 15504.30, 47740949, 456
2959, 43, 178, 371, 182, 0, 9.48%, 44, 0, 4, 16008.68, 47823675, 456
2964, 43, 221, 371, 182, 0, 9.48%, 44, 0, 4, 15707.14, 47904978, 456
2969, 43, 178, 371, 182, 0, 9.48%, 44, 0, 4, 15606.34, 47985734, 456
2974, 43, 362, 371, 182, 0, 9.48%, 44, 0, 4, 1774.01, 48046557, 456
2979, 43, 221, 371, 181, 0, 9.48%, 44, 0, 4, 7014.50, 48085729, 456
2984, 43, 178, 371, 181, 0, 9.48%, 44, 0, 4, 13918.89, 48165588, 456
2989, 43, 32, 371, 181, 0, 9.48%, 44, 0, 4, 15085.05, 48246074, 456
2995, 43, 86, 371, 181, 0, 9.48%, 44, 0, 4, 15500.11, 48327165, 456
3000, 43, 150, 371, 180, 0, 9.48%, 44, 0, 4, 15345.47, 48404955, 456
3005, 43, 153, 371, 180, 0, 9.48%, 44, 0, 4, 15007.55, 48482606, 456
3010, 44, 46, 371, 180, 0, 9.48%, 44, 0, 4, 15827.72, 48564503, 456
3015, 44, 182, 371, 180, 0, 9.48%, 44, 0, 4, 15849.70, 48647096, 456
3020, 44, 38, 371, 180, 0, 9.48%, 44, 0, 4, 15758.80, 48726068, 456
3025, 44, 178, 371, 180, 0, 9.48%, 44, 0, 4, 15793.16, 48808012, 456
3030, 44, 38, 371, 180, 0, 9.48%, 44, 0, 4, 15192.09, 48884007, 456
3036, 44, 86, 371, 180, 0, 9.48%, 44, 0, 4, 15667.00, 48964188, 456
3041, 44, 221, 371, 180, 0, 9.48%, 44, 0, 4, 15235.27, 49040903, 456
3046, 44, 79, 371, 180, 0, 9.48%, 44, 0, 4, 15619.90, 49122004, 456
3051, 44, 29, 371, 180, 0, 9.48%, 44, 0, 4, 15375.32, 49201899, 456
3056, 44, 153, 371, 180, 0, 9.48%, 44, 0, 4, 15771.51, 49284838, 456
3061, 44, 143, 371, 180, 0, 9.48%, 44, 0, 4, 15695.91, 49365592, 456
3067, 44, 38, 371, 180, 0, 9.48%, 44, 0, 4, 15967.65, 49448277, 456
3072, 44, 38, 371, 180, 0, 9.48%, 44, 0, 4, 15798.85, 49529405, 456
3077, 44, 2, 371, 180, 0, 9.48%, 44, 0, 4, 16105.05, 49610838, 456
3082, 44, 182, 371, 180, 0, 9.48%, 44, 0, 4, 16004.91, 49693965, 456
3087, 44, 182, 371, 178, 0, 9.48%, 44, 0, 4, 16065.52, 49774907, 456
3092, 45, 46, 371, 178, 0, 9.48%, 44, 0, 4, 15901.00, 49855776, 456
3097, 45, 79, 371, 178, 0, 9.48%, 44, 0, 4, 15981.27, 49938857, 456
3103, 45, 178, 371, 177, 0, 9.48%, 44, 0, 4, 15495.63, 50018303, 456
3108, 45, 79, 371, 177, 0, 9.48%, 44, 0, 4, 15859.33, 50099854, 456
3113, 45, 86, 371, 177, 0, 9.48%, 44, 0, 4, 15461.87, 50179957, 456
3118, 45, 46, 371, 177, 0, 9.48%, 44, 0, 4, 16046.06, 50263332, 456
3123, 45, 153, 371, 177, 0, 9.48%, 44, 0, 4, 15870.25, 50344257, 456
3128, 45, 86, 371, 177, 0, 9.48%, 44, 0, 4, 16302.07, 50429290, 456
3133, 45, 38, 371, 177, 0, 9.48%, 44, 0, 4, 16313.83, 50511189, 456
3139, 45, 364, 371, 177, 0, 9.48%, 44, 0, 4, 1307.29, 50585728, 456
3144, 45, 364, 371, 177, 0, 9.48%, 44, 0, 4, 6904.24, 50617967, 456
3149, 45, 79, 371, 176, 0, 9.48%, 44, 0, 4, 13966.06, 50695067, 456
3154, 45, 178, 371, 176, 0, 9.48%, 44, 0, 4, 15832.07, 50778183, 456
3159, 45, 178, 371, 175, 0, 9.48%, 44, 0, 4, 14789.56, 50852843, 456
3164, 45, 75, 371, 175, 0, 9.48%, 44, 0, 4, 15817.11, 50934228, 456
3169, 45, 38, 371, 175, 0, 9.48%, 44, 0, 4, 16418.95, 51019310, 456
3174, 46, 143, 371, 175, 0, 9.48%, 44, 0, 4, 16034.37, 51099011, 456
3179, 46, 86, 371, 175, 0, 9.48%, 44, 0, 4, 16153.96, 51180467, 456
3184, 46, 46, 371, 175, 0, 9.48%, 44, 0, 4, 15892.05, 51258026, 456
3189, 46, 152, 371, 175, 0, 9.48%, 44, 0, 4, 15840.27, 51339561, 456
3195, 46, 46, 371, 175, 0, 9.48%, 44, 0, 4, 16049.18, 51421406, 456
3200, 46, 86, 371, 175, 0, 9.48%, 44, 0, 4, 15664.20, 51503167, 456
3205, 46, 79, 371, 175, 0, 9.48%, 44, 0, 4, 15903.43, 51581138, 456
3210, 46, 10, 371, 175, 0, 9.48%, 44, 0, 4, 15814.32, 51660157, 456
3215, 46, 79, 371, 174, 0, 9.48%, 44, 0, 4, 15917.10, 51741483, 456
3220, 46, 79, 371, 174, 0, 9.48%, 44, 0, 4, 16106.58, 51825101, 456
3225, 46, 182, 371, 174, 0, 9.48%, 44, 0, 4, 15888.25, 51904562, 456
3230, 46, 38, 371, 174, 0, 9.48%, 44, 0, 4, 16009.27, 51988327, 456
3236, 46, 65, 371, 174, 0, 9.48%, 44, 0, 4, 15534.05, 52069929, 456
3241, 46, 46, 371, 174, 0, 9.48%, 44, 0, 4, 15759.32, 52152386, 456
3246, 46, 86, 371, 174, 0, 9.48%, 44, 0, 4, 15557.18, 52232382, 456
3251, 47, 79, 371, 174, 0, 9.48%, 44, 0, 4, 16159.16, 52315987, 456
3256, 47, 178, 371, 174, 0, 9.48%, 44, 0, 4, 15717.54, 52397256, 456
3261, 47, 79, 371, 174, 0, 9.48%, 44, 0, 4, 15715.54, 52478274, 456
3267, 47, 178, 371, 174, 0, 9.48%, 44, 0, 4, 16183.13, 52561854, 456
3272, 47, 46, 371, 174, 0, 9.48%, 44, 0, 4, 16550.73, 52648523, 456
3277, 47, 182, 371, 174, 0, 9.48%, 44, 0, 4, 15899.00, 52730819, 456
3282, 47, 86, 371, 174, 0, 9.48%, 44, 0, 4, 15712.58, 52812630, 456
3287, 47, 178, 371, 173, 0, 9.48%, 44, 0, 4, 16320.15, 52896141, 456
3293, 47, 29, 371, 173, 0, 9.48%, 44, 0, 4, 16018.47, 52980110, 456
3298, 47, 151, 371, 173, 0, 9.48%, 44, 0, 4, 16009.21, 53063671, 456
3303, 47, 96, 371, 173, 0, 9.48%, 44, 0, 4, 15920.24, 53146337, 456
3308, 47, 79, 371, 172, 0, 9.48%, 44, 0, 4, 16768.35, 53233643, 456
3313, 47, 46, 371, 172, 0, 9.48%, 44, 0, 4, 15977.49, 53316799, 456
3318, 47, 151, 371, 172, 0, 9.48%, 44, 0, 4, 15958.42, 53399302, 456
3324, 48, 26, 371, 172, 0, 9.48%, 44, 0, 4, 15867.11, 53480914, 456
3329, 48, 182, 371, 172, 0, 9.48%, 44, 0, 4, 16300.56, 53563783, 456
3334, 48, 178, 371, 172, 0, 9.48%, 44, 0, 4, 15778.26, 53645230, 456
3339, 48, 38, 371, 172, 0, 9.48%, 44, 0, 4, 15847.56, 53728033, 456
3344, 48, 86, 371, 172, 0, 9.48%, 44, 0, 4, 15197.03, 53805093, 456
3349, 48, 153, 371, 172, 0, 9.48%, 44, 0, 4, 15713.13, 53886796, 456
3354, 48, 86, 371, 172, 0, 9.48%, 44, 0, 4, 16120.35, 53968841, 456
3360, 48, 38, 371, 171, 0, 9.48%, 44, 0, 4, 15463.73, 54047821, 456
3365, 48, 29, 371, 171, 0, 9.48%, 44, 0, 4, 15847.68, 54130083, 456
3370, 48, 182, 371, 171, 0, 9.48%, 44, 0, 4, 15577.95, 54207667, 456
3375, 48, 153, 371, 171, 0, 9.48%, 44, 0, 4, 16043.50, 54290893, 456
3380, 48, 86, 371, 171, 0, 9.48%, 44, 0, 4, 15766.65, 54371887, 456
3385, 48, 46, 371, 171, 0, 9.48%, 44, 0, 4, 15893.31, 54452614, 456
3390, 48, 79, 371, 170, 0, 9.48%, 44, 0, 4, 15526.57, 54533247, 456
3396, 48, 192, 371, 170, 0, 9.48%, 44, 0, 4, 16433.57, 54618684, 456
3401, 49, 221, 371, 169, 0, 9.48%, 44, 0, 4, 15112.21, 54690707, 456
3406, 49, 178, 371, 169, 0, 9.48%, 44, 0, 4, 15624.43, 54771593, 456
3411, 49, 182, 371, 169, 0, 9.48%, 44, 0, 4, 15718.09, 54853720, 456
3416, 49, 153, 371, 168, 0, 9.48%, 44, 0, 4, 14127.22, 54924304, 456
3421, 49, 165, 371, 168, 0, 9.48%, 44, 0, 4, 15133.23, 55005693, 456
3426, 49, 86, 371, 168, 0, 9.48%, 44, 0, 4, 15521.26, 55086281, 456
3432, 49, 86, 371, 168, 0, 9.48%, 44, 0, 4, 16017.16, 55170181, 456
3437, 49, 38, 371, 168, 0, 9.48%, 44, 0, 4, 15873.45, 55249913, 456
3442, 49, 79, 371, 168, 0, 9.48%, 44, 0, 4, 15796.27, 55331264, 456
3447, 49, 148, 371, 168, 0, 9.48%, 44, 0, 4, 15945.15, 55413168, 456
3452, 49, 221, 371, 167, 0, 9.48%, 44, 0, 4, 16043.45, 55497324, 456
3457, 49, 182, 371, 167, 0, 9.48%, 44, 0, 4, 16251.06, 55581101, 456
3463, 49, 182, 371, 167, 0, 9.48%, 44, 0, 4, 15993.88, 55663865, 456
3468, 49, 242, 371, 166, 0, 9.48%, 44, 0, 4, 15609.06, 55742571, 456
3473, 49, 46, 371, 165, 0, 9.48%, 44, 0, 4, 16039.98, 55826116, 456
3478, 50, 46, 371, 163, 0, 9.48%, 44, 0, 4, 15407.41, 55902999, 456
3483, 50, 79, 371, 163, 0, 9.48%, 44, 0, 4, 15744.52, 55984679, 456
3488, 50, 192, 371, 163, 0, 9.48%, 44, 0, 4, 16025.26, 56066918, 456
3493, 50, 38, 371, 163, 0, 9.48%, 44, 0, 4, 15497.98, 56144490, 456
3498, 50, 75, 371, 163, 0, 9.48%, 44, 0, 4, 15049.01, 56221448, 456
3503, 50, 79, 371, 163, 0, 9.48%, 44, 0, 4, 15901.03, 56304284, 456
3508, 50, 182, 371, 163, 0, 9.48%, 44, 0, 4, 15784.60, 56382658, 456
3514, 50, 192, 371, 163, 0, 9.48%, 44, 0, 4, 15714.29, 56463970, 456
3519, 50, 79, 371, 163, 0, 9.48%, 44, 0, 4, 15941.81, 56546231, 456
3524, 50, 29, 371, 163, 0, 9.48%, 44, 0, 4, 15775.42, 56627986, 456
3529, 50, 153, 371, 163, 0, 9.48%, 44, 0, 4, 15657.30, 56708013, 456
3534, 50, 86, 371, 163, 0, 9.48%, 44, 0, 4, 15564.45, 56787694, 456
3540, 50, 86, 371, 163, 0, 9.48%, 44, 0, 4, 15427.60, 56867894, 456
3545, 50, 79, 371, 163, 0, 9.48%, 44, 0, 4, 15858.97, 56950785, 456
3550, 50, 38, 371, 163, 0, 9.48%, 44, 0, 4, 15496.10, 57032080, 456
3555, 51, 79, 371, 163, 0, 9.48%, 44, 0, 4, 15763.49, 57113773, 456
3560, 51, 79, 371, 163, 0, 9.48%, 44, 0, 4, 15382.59, 57194198, 456
3565, 51, 79, 371, 162, 0, 9.48%, 44, 0, 4, 14872.19, 57269847, 456
3571, 51, 79, 371, 162, 0, 9.48%, 44, 0, 4, 15523.28, 57351957, 456
3576, 51, 86, 371, 162, 0, 9.48%, 44, 0, 4, 15764.89, 57432912, 456
3581, 51, 99, 371, 160, 0, 9.48%, 44, 0, 4, 15582.99, 57512674, 456
3586, 51, 46, 371, 160, 0, 9.48%, 44, 0, 4, 16206.62, 57596584, 456
3591, 51, 86, 371, 160, 0, 9.48%, 44, 0, 4, 15891.13, 57679483, 456
3596, 51, 166, 371, 160, 0, 9.48%, 44, 0, 4, 15884.47, 57762021, 456
3602, 51, 38, 371, 159, 0, 9.48%, 44, 0, 4, 15668.31, 57843728, 456
3607, 51, 86, 371, 159, 0, 9.48%, 44, 0, 4, 15652.07, 57922093, 456
3612, 51, 153, 371, 159, 0, 9.48%, 44, 0, 4, 15554.48, 58003314, 456
3617, 51, 38, 371, 159, 0, 9.48%, 44, 0, 4, 15744.88, 58083521, 456
3622, 51, 153, 371, 158, 0, 9.48%, 44, 0, 4, 15794.40, 58164889, 456
3627, 52, 46, 371, 158, 0, 9.48%, 44, 0, 4, 15779.83, 58246175, 456
3632, 52, 86, 371, 158, 0, 9.48%, 44, 0, 4, 15949.13, 58325574, 456
3638, 52, 80, 371, 158, 0, 9.48%, 44, 0, 4, 15899.86, 58407709, 456
3643, 52, 178, 371, 158, 0, 9.48%, 44, 0, 4, 15724.74, 58489650, 456
3648, 52, 38, 371, 158, 0, 9.48%, 44, 0, 4, 16038.45, 58573004, 456
3653, 52, 86, 371, 158, 0, 9.48%, 44, 0, 4, 16092.18, 58656081, 456
3658, 52, 65, 371, 158, 0, 9.48%, 44, 0, 4, 16041.36, 58739058, 456
3663, 52, 178, 371, 158, 0, 9.48%, 44, 0, 4, 16280.23, 58824002, 456
3668, 52, 182, 371, 157, 0, 9.48%, 44, 0, 4, 15997.07, 58901738, 456
3674, 52, 86, 371, 157, 0, 9.48%, 44, 0, 4, 16600.18, 58987718, 456
3679, 52, 38, 371, 157, 0, 9.48%, 44, 0, 4, 16416.20, 59070242, 456
3684, 52, 38, 371, 157, 0, 9.48%, 44, 0, 4, 16346.05, 59152299, 456
3689, 52, 182, 371, 157, 0, 9.48%, 44, 0, 4, 16006.34, 59236261, 456
3694, 52, 46, 371, 156, 0, 9.48%, 44, 0, 4, 16332.58, 59319086, 456
3699, 53, 47, 371, 156, 0, 9.48%, 44, 0, 4, 16553.06, 59405241, 456
3704, 53, 86, 371, 156, 0, 9.48%, 44, 0, 4, 16009.17, 59487669, 456
3709, 53, 153, 371, 156, 0, 9.48%, 44, 0, 4, 16294.91, 59569386, 456
3714, 53, 46, 371, 156, 0, 9.48%, 44, 0, 4, 16340.79, 59652420, 456
3719, 53, 178, 371, 156, 0, 9.48%, 44, 0, 4, 15816.90, 59733876, 456
3725, 53, 182, 371, 155, 0, 9.48%, 44, 0, 4, 16331.24, 59817583, 456
3730, 53, 46, 371, 155, 0, 9.48%, 44, 0, 4, 16385.68, 59902418, 456
3735, 53, 178, 371, 155, 0, 9.48%, 44, 0, 4, 15780.29, 59982474, 456
3740, 53, 2, 371, 154, 0, 9.48%, 44, 0, 4, 15530.19, 60058508, 456
3745, 53, 32, 371, 154, 0, 9.48%, 44, 0, 4, 15890.74, 60141314, 456
3750, 53, 182, 371, 154, 0, 9.48%, 44, 0, 4, 15654.36, 60222042, 456
3755, 53, 153, 371, 154, 0, 9.48%, 44, 0, 4, 15806.19, 60303435, 456
3761, 53, 32, 371, 154, 0, 9.48%, 44, 0, 4, 15494.30, 60383554, 456
3766, 53, 182, 371, 154, 0, 9.48%, 44, 0, 4, 15094.61, 60461191, 456
3771, 53, 46, 371, 154, 0, 9.48%, 44, 0, 4, 15004.95, 60538628, 456
3776, 54, 178, 371, 153, 0, 9.48%, 44, 0, 4, 15529.64, 60618840, 456
3781, 54, 178, 371, 152, 0, 9.48%, 44, 0, 4, 15284.05, 60698915, 456
3786, 54, 79, 371, 152, 0, 9.48%, 44, 0, 4, 15014.03, 60777296, 456
3792, 54, 7, 371, 152, 0, 9.48%, 44, 0, 4, 15463.63, 60857041, 456
3797, 54, 79, 371, 152, 0, 9.48%, 44, 0, 4, 15561.33, 60934660, 456
3802, 54, 178, 371, 152, 0, 9.48%, 44, 0, 4, 15876.31, 61017762, 456
3807, 54, 86, 371, 152, 0, 9.48%, 44, 0, 4, 15980.81, 61098501, 456
3812, 54, 153, 371, 152, 0, 9.48%, 44, 0, 4, 16089.81, 61181998, 456
3817, 54, 125, 371, 152, 0, 9.48%, 44, 0, 4, 15511.34, 61259581, 456
3822, 54, 7, 371, 152, 0, 9.48%, 44, 0, 4, 15697.74, 61340438, 456
3827, 54, 178, 371, 152, 0, 9.48%, 44, 0, 4, 15599.61, 61421494, 456
3833, 54, 182, 371, 152, 0, 9.48%, 44, 0, 4, 15319.86, 61500770, 456
3838, 54, 178, 371, 152, 0, 9.48%, 44, 0, 4, 15856.13, 61582052, 456
3843, 54, 104, 371, 152, 0, 9.48%, 44, 0, 4, 15497.12, 61658812, 456
3848, 54, 61, 371, 152, 0, 9.48%, 44, 0, 4, 15677.29, 61738343, 456
3853, 55, 38, 371, 152, 0, 9.48%, 44, 0, 4, 15157.87, 61816897, 456
3858, 55, 153, 371, 152, 0, 9.48%, 44, 0, 4, 15623.13, 61898218, 456
3863, 55, 99, 371, 152, 0, 9.48%, 44, 0, 4, 14986.70, 61976119, 456
3868, 55, 153, 371, 152, 0, 9.48%, 44, 0, 4, 15768.00, 62055843, 456
3874, 55, 86, 371, 152, 0, 9.48%, 44, 0, 4, 15502.73, 62136209, 456
3879, 55, 358, 372, 153, 0, 9.48%, 44, 0, 4, 14835.90, 62214797, 456
3884, 55, 86, 372, 152, 0, 9.48%, 44, 0, 4, 14845.88, 62291298, 456
3889, 55, 79, 372, 152, 0, 9.48%, 44, 0, 4, 15888.34, 62373994, 456
3894, 55, 178, 372, 152, 0, 9.48%, 44, 0, 4, 15648.14, 62455355, 456
3899, 55, 178, 372, 151, 0, 9.48%, 44, 0, 4, 15853.47, 62537210, 456
3905, 55, 125, 372, 151, 0, 9.48%, 44, 0, 4, 15804.34, 62618337, 456
3910, 55, 86, 372, 150, 0, 9.48%, 44, 0, 4, 15457.80, 62697068, 456
3915, 55, 56, 372, 150, 0, 9.48%, 44, 0, 4, 15635.25, 62777307, 456
3920, 55, 123, 372, 150, 0, 9.48%, 44, 0, 4, 16084.60, 62858772, 456
3925, 56, 79, 372, 150, 0, 9.48%, 44, 0, 4, 15671.93, 62939350, 456
3930, 56, 79, 372, 150, 0, 9.48%, 44, 0, 4, 16176.73, 63020608, 456
3935, 56, 178, 372, 150, 0, 9.48%, 44, 0, 4, 15930.76, 63100189, 456
3940, 56, 79, 372, 150, 0, 9.48%, 44, 0, 4, 15539.13, 63180184, 456
3945, 56, 79, 372, 150, 0, 9.48%, 44, 0, 4, 15782.19, 63259948, 456
3951, 56, 79, 372, 150, 0, 9.48%, 44, 0, 4, 15849.48, 63341631, 456
3956, 56, 79, 372, 150, 0, 9.48%, 44, 0, 4, 16017.20, 63425130, 456
3961, 56, 79, 372, 150, 0, 9.48%, 44, 0, 4, 16180.48, 63508011, 456
3966, 56, 38, 372, 150, 0, 9.48%, 44, 0, 4, 16094.36, 63590389, 456
3971, 56, 79, 372, 150, 0, 9.48%, 44, 0, 4, 15752.13, 63672046, 456
3976, 56, 86, 372, 149, 0, 9.48%, 44, 0, 4, 15634.57, 63752137, 456
3981, 56, 86, 372, 149, 0, 9.48%, 44, 0, 4, 15656.31, 63831428, 456
3986, 56, 178, 372, 149, 0, 9.48%, 44, 0, 4, 15734.40, 63910850, 456
3992, 57, 67, 372, 149, 0, 9.48%, 44, 0, 4, 15865.93, 63992418, 456
3997, 57, 29, 372, 149, 0, 9.48%, 44, 0, 4, 15398.51, 64070441, 456
4002, 57, 29, 372, 148, 0, 9.48%, 44, 0, 4, 14856.37, 64147854, 456
4007, 57, 86, 372, 148, 0, 9.48%, 44, 0, 4, 15487.15, 64228240, 456
4012, 57, 221, 372, 148, 0, 9.48%, 44, 0, 4, 15626.93, 64310377, 456
4017, 57, 192, 372, 148, 0, 9.48%, 44, 0, 4, 15754.61, 64391866, 456
4022, 57, 86, 372, 147, 0, 9.48%, 44, 0, 4, 15513.89, 64467726, 456
4028, 57, 40, 372, 147, 0, 9.48%, 44, 0, 4, 15399.30, 64548262, 456
4033, 57, 178, 372, 147, 0, 9.48%, 44, 0, 4, 15599.28, 64626034, 456
4038, 57, 61, 372, 147, 0, 9.48%, 44, 0, 4, 15619.00, 64703662, 456
4043, 57, 79, 372, 147, 0, 9.48%, 44, 0, 4, 15455.15, 64783464, 456
4048, 57, 178, 372, 147, 0, 9.48%, 44, 0, 4, 16160.33, 64867007, 456
4053, 57, 38, 372, 147, 0, 9.48%, 44, 0, 4, 15763.06, 64950158, 456
4058, 57, 182, 372, 147, 0, 9.48%, 44, 0, 4, 15786.14, 65031548, 456
4063, 57, 61, 372, 147, 0, 9.48%, 44, 0, 4, 15774.96, 65111220, 456
4069, 58, 86, 372, 147, 0, 9.48%, 44, 0, 4, 15405.50, 65189765, 456
4074, 58, 80, 372, 147, 0, 9.48%, 44, 0, 4, 15437.23, 65269102, 456
4079, 58, 178, 372, 147, 0, 9.48%, 44, 0, 4, 15134.78, 65348680, 456
4084, 58, 79, 372, 147, 0, 9.48%, 44, 0, 4, 15713.03, 65427762, 456
4089, 58, 221, 372, 147, 0, 9.48%, 44, 0, 4, 15662.61, 65509109, 456
4094, 58, 38, 372, 147, 0, 9.48%, 44, 0, 4, 15733.62, 65590175, 456
4099, 58, 177, 372, 147, 0, 9.48%, 44, 0, 4, 16068.23, 65673573, 456
4105, 58, 46, 372, 147, 0, 9.48%, 44, 0, 4, 15448.98, 65750105, 456
4110, 58, 86, 372, 147, 0, 9.48%, 44, 0, 4, 15435.02, 65830055, 456
4115, 58, 153, 372, 147, 0, 9.48%, 44, 0, 4, 15738.92, 65911471, 456
4120, 58, 79, 372, 147, 0, 9.48%, 44, 0, 4, 15124.57, 65987199, 456
4125, 58, 178, 372, 147, 0, 9.48%, 44, 0, 4, 15431.15, 66066518, 456
4130, 58, 153, 372, 147, 0, 9.48%, 44, 0, 4, 15712.86, 66147608, 456
4135, 58, 86, 372, 147, 0, 9.48%, 44, 0, 4, 15542.43, 66227955, 456
4140, 59, 182, 372, 146, 0, 9.48%, 44, 0, 4, 14639.05, 66296439, 456
4146, 59, 40, 372, 146, 0, 9.48%, 44, 0, 4, 15519.12, 66377096, 456
4151, 59, 253, 372, 146, 0, 9.48%, 44, 0, 4, 15495.66, 66458752, 456
4156, 59, 192, 372, 144, 0, 9.48%, 44, 0, 4, 13229.60, 66526046, 456
4161, 59, 38, 372, 144, 0, 9.48%, 44, 0, 4, 15193.48, 66604969, 456
4166, 59, 86, 372, 144, 0, 9.48%, 44, 0, 4, 15519.80, 66686292, 456
4171, 59, 38, 372, 144, 0, 9.48%, 44, 0, 4, 15507.62, 66767026, 456
4176, 59, 221, 372, 144, 0, 9.48%, 44, 0, 4, 15722.38, 66848101, 456
4181, 59, 178, 372, 144, 0, 9.48%, 44, 0, 4, 15544.63, 66928549, 456
4187, 59, 197, 372, 144, 0, 9.48%, 44, 0, 4, 15782.93, 67010894, 456
4192, 59, 153, 372, 143, 0, 9.48%, 44, 0, 4, 15529.55, 67090427, 456
4197, 59, 79, 372, 143, 0, 9.48%, 44, 0, 4, 15862.89, 67172288, 456
4202, 59, 178, 372, 143, 0, 9.48%, 44, 0, 4, 15990.75, 67254945, 456
4207, 59, 38, 372, 143, 0, 9.48%, 44, 0, 4, 15882.13, 67336861, 456
4212, 60, 86, 372, 143, 0, 9.48%, 44, 0, 4, 15770.98, 67414761, 456
4217, 60, 29, 372, 142, 0, 9.48%, 44, 0, 4, 15399.38, 67492921, 456
4223, 60, 86, 372, 142, 0, 9.48%, 44, 0, 4, 15869.23, 67574953, 456
4228, 60, 79, 372, 142, 0, 9.48%, 44, 0, 4, 16167.54, 67654891, 456
4233, 60, 67, 372, 142, 0, 9.48%, 44, 0, 4, 15781.05, 67736281, 456
4238, 60, 221, 372, 142, 0, 9.48%, 44, 0, 4, 16109.74, 67818923, 456
4243, 60, 61, 372, 142, 0, 9.48%, 44, 0, 4, 15680.61, 67899471, 456
4248, 60, 79, 372, 142, 0, 9.48%, 44, 0, 4, 15984.14, 67981048, 456
4254, 60, 182, 372, 142, 0, 9.48%, 44, 0, 4, 15914.26, 68062856, 456
4259, 60, 64, 372, 142, 0, 9.48%, 44, 0, 4, 16277.85, 68146825, 456
4264, 60, 182, 372, 142, 0, 9.48%, 44, 0, 4, 15538.57, 68225658, 456
4269, 60, 79, 372, 142, 0, 9.48%, 44, 0, 4, 15626.06, 68305827, 456
4274, 60, 86, 372, 142, 0, 9.48%, 44, 0, 4, 15753.49, 68387416, 456
4279, 60, 46, 372, 142, 0, 9.48%, 44, 0, 4, 15992.71, 68469827, 456
4284, 60, 165, 372, 142, 0, 9.48%, 44, 0, 4, 15582.11, 68547989, 456
4290, 61, 259, 372, 142, 0, 9.48%, 44, 0, 4, 15719.00, 68630661, 456
4295, 61, 182, 372, 142, 0, 9.48%, 44, 0, 4, 15588.88, 68709055, 456
4300, 61, 79, 372, 142, 0, 9.48%, 44, 0, 4, 15450.14, 68789818, 456
4305, 61, 178, 372, 142, 0, 9.48%, 44, 0, 4, 16247.81, 68875116, 456
4310, 61, 79, 372, 142, 0, 9.48%, 44, 0, 4, 16009.61, 68958121, 456
4316, 61, 79, 372, 142, 0, 9.48%, 44, 0, 4, 15280.41, 69035837, 456
4321, 61, 79, 372, 142, 0, 9.48%, 44, 0, 4, 15371.48, 69116211, 456
4326, 61, 178, 372, 142, 0, 9.48%, 44, 0, 4, 15918.06, 69198297, 456
4331, 61, 153, 372, 142, 0, 9.48%, 44, 0, 4, 15739.95, 69278126, 456
4336, 61, 153, 372, 141, 0, 9.48%, 44, 0, 4, 14002.16, 69348072, 456
4341, 61, 65, 372, 141, 0, 9.48%, 44, 0, 4, 14777.72, 69425957, 456
4346, 61, 143, 372, 141, 0, 9.48%, 44, 0, 4, 15734.58, 69507451, 456
4351, 61, 153, 372, 141, 0, 9.48%, 44, 0, 4, 15666.96, 69588578, 456
4357, 61, 153, 372, 141, 0, 9.48%, 44, 0, 4, 15582.99, 69668178, 456
4362, 62, 29, 372, 141, 0, 9.48%, 44, 0, 4, 15955.37, 69750236, 456
4367, 62, 38, 372, 141, 0, 9.48%, 44, 0, 4, 15761.39, 69831191, 456
4372, 62, 86, 372, 141, 0, 9.48%, 44, 0, 4, 15984.75, 69913938, 456
4377, 62, 178, 372, 141, 0, 9.48%, 44, 0, 4, 15676.77, 69995042, 456
4382, 62, 38, 372, 141, 0, 9.48%, 44, 0, 4, 15429.09, 70074611, 456
4388, 62, 38, 372, 141, 0, 9.48%, 44, 0, 4, 15126.52, 70153015, 456
4393, 62, 178, 372, 141, 0, 9.48%, 44, 0, 4, 15429.37, 70231501, 456
4398, 62, 153, 372, 141, 0, 9.48%, 44, 0, 4, 15520.25, 70312388, 456
4403, 62, 46, 372, 141, 0, 9.48%, 44, 0, 4, 15607.30, 70394126, 456
4408, 62, 178, 372, 141, 0, 9.48%, 44, 0, 4, 16056.41, 70477379, 456
4413, 62, 29, 372, 141, 0, 9.48%, 44, 0, 4, 15771.86, 70558913, 456
4419, 62, 86, 372, 141, 0, 9.48%, 44, 0, 4, 15730.69, 70640134, 456
4424, 62, 178, 372, 140, 0, 9.48%, 44, 0, 4, 15035.97, 70718103, 456
4429, 62, 38, 372, 140, 0, 9.48%, 44, 0, 4, 15714.61, 70798088, 456
4434, 62, 163, 372, 140, 0, 9.48%, 44, 0, 4, 14142.16, 70870666, 456
4439, 63, 153, 372, 139, 0, 9.48%, 44, 0, 4, 15214.23, 70947921, 456
4444, 63, 196, 372, 138, 0, 9.48%, 44, 0, 4, 15613.14, 71028291, 456
4449, 63, 32, 372, 137, 0, 9.48%, 44, 0, 4, 15661.07, 71108252, 456
4455, 63, 38, 372, 137, 0, 9.48%, 44, 0, 4, 15103.06, 71186701, 456
4460, 63, 182, 372, 137, 0, 9.48%, 44, 0, 4, 15589.34, 71267477, 456
4465, 63, 29, 372, 136, 0, 9.48%, 44, 0, 4, 15327.92, 71346690, 456
4470, 63, 125, 372, 136, 0, 9.48%, 44, 0, 4, 15715.10, 71428115, 456
4475, 63, 79, 372, 136, 0, 9.48%, 44, 0, 4, 16271.38, 71509410, 456
4480, 63, 178, 372, 136, 0, 9.48%, 44, 0, 4, 15890.57, 71590271, 456
4485, 63, 221, 372, 136, 0, 9.48%, 44, 0, 4, 16029.78, 71672352, 456
4491, 63, 153, 372, 136, 0, 9.48%, 44, 0, 4, 15759.63, 71753410, 456
4496, 63, 86, 372, 136, 0, 9.48%, 44, 0, 4, 15697.95, 71834541, 456
4501, 63, 182, 372, 136, 0, 9.48%, 44, 0, 4, 15899.16, 71917427, 456
4506, 63, 79, 372, 136, 0, 9.48%, 44, 0, 4, 15841.54, 71998592, 456
4511, 64, 165, 372, 136, 0, 9.48%, 44, 0, 4, 15206.28, 72076059, 456
4516, 64, 79, 372, 136, 0, 9.48%, 44, 0, 4, 15501.42, 72156861, 456
4522, 64, 38, 372, 136, 0, 9.48%, 44, 0, 4, 15788.14, 72238769, 456
4527, 64, 153, 372, 136, 0, 9.48%, 44, 0, 4, 15601.31, 72318591, 456
4532, 64, 165, 372, 135, 0, 9.48%, 44, 0, 4, 14904.96, 72392122, 456
4537, 64, 354, 372, 135, 0, 9.48%, 44, 0, 4, 15492.23, 72473791, 456
4542, 64, 86, 372, 134, 0, 9.48%, 44, 0, 4, 15545.57, 72554095, 456
4547, 64, 153, 372, 134, 0, 9.48%, 44, 0, 4, 16136.69, 72638193, 456
4552, 64, 2, 372, 134, 0, 9.48%, 44, 0, 4, 15953.02, 72720644, 456
4558, 64, 143, 372, 134, 0, 9.48%, 44, 0, 4, 15369.85, 72800109, 456
4563, 64, 178, 372, 134, 0, 9.48%, 44, 0, 4, 15179.42, 72878468, 456
4568, 64, 165, 372, 134, 0, 9.48%, 44, 0, 4, 15828.44, 72960672, 456
4573, 64, 153, 372, 134, 0, 9.48%, 44, 0, 4, 16192.23, 73045060, 456
4578, 64, 304, 372, 134, 0, 9.48%, 44, 0, 4, 14263.64, 73118823, 456
4583, 65, 79, 372, 133, 0, 9.48%, 44, 0, 4, 15183.85, 73190799, 456
4588, 65, 143, 372, 133, 0, 9.48%, 44, 0, 4, 15875.27, 73273537, 456
4593, 65, 38, 372, 133, 0, 9.48%, 44, 0, 4, 16260.01, 73355248, 456
4599, 65, 79, 372, 133, 0, 9.48%, 44, 0, 4, 16106.22, 73439678, 456
4604, 65, 38, 372, 133, 0, 9.48%, 44, 0, 4, 15649.78, 73521823, 456
4609, 65, 182, 372, 133, 0, 9.48%, 44, 0, 4, 15637.53, 73602537, 456
4614, 65, 29, 372, 133, 0, 9.48%, 44, 0, 4, 16072.91, 73684739, 456
4619, 65, 61, 372, 132, 0, 9.48%, 44, 0, 4, 15388.60, 73762489, 456
4624, 65, 29, 372, 132, 0, 9.48%, 44, 0, 4, 15224.39, 73841742, 456
4630, 65, 182, 372, 131, 0, 9.48%, 44, 0, 4, 15415.01, 73921295, 456
4635, 65, 46, 372, 131, 0, 9.48%, 44, 0, 4, 16065.60, 74004610, 456
4640, 65, 86, 372, 131, 0, 9.48%, 44, 0, 4, 15731.11, 74084931, 456
4645, 65, 79, 372, 131, 0, 9.48%, 44, 0, 4, 15970.29, 74168036, 456
4650, 65, 38, 372, 131, 0, 9.48%, 44, 0, 4, 16376.30, 74250303, 456
4655, 66, 46, 372, 130, 0, 9.48%, 44, 0, 4, 16278.45, 74333276, 456
4660, 66, 47, 372, 130, 0, 9.48%, 44, 0, 4, 16229.32, 74416804, 456
4666, 66, 221, 372, 130, 0, 9.48%, 44, 0, 4, 16736.43, 74503843, 456
4671, 66, 29, 372, 129, 0, 9.48%, 44, 0, 4, 16143.19, 74586699, 456
4676, 66, 2, 372, 129, 0, 9.48%, 44, 0, 4, 15771.65, 74665591, 456
4681, 66, 178, 372, 129, 0, 9.48%, 44, 0, 4, 15090.32, 74741463, 456
4686, 66, 46, 372, 129, 0, 9.48%, 44, 0, 4, 15527.03, 74823009, 456
4691, 66, 86, 372, 129, 0, 9.48%, 44, 0, 4, 15520.84, 74903176, 456
4696, 66, 38, 372, 129, 0, 9.48%, 44, 0, 4, 15515.99, 74982812, 456
4702, 66, 79, 372, 128, 0, 9.48%, 44, 0, 4, 15040.83, 75060891, 456
4707, 66, 38, 372, 128, 0, 9.48%, 44, 0, 4, 15664.46, 75142895, 456
4712, 66, 79, 372, 127, 0, 9.48%, 44, 0, 4, 15478.07, 75219794, 456
4717, 66, 182, 372, 127, 0, 9.48%, 44, 0, 4, 15840.56, 75302538, 456
4722, 66, 38, 372, 126, 0, 9.48%, 44, 0, 4, 15018.78, 75376540, 456
4727, 66, 165, 372, 126, 0, 9.48%, 44, 0, 4, 15439.43, 75454495, 456
4732, 67, 126, 372, 126, 0, 9.48%, 44, 0, 4, 15512.48, 75534297, 456
4737, 67, 38, 372, 126, 0, 9.48%, 44, 0, 4, 15605.00, 75614625, 456
4742, 67, 150, 372, 126, 0, 9.48%, 44, 0, 4, 15880.76, 75696853, 456
4748, 67, 46, 372, 126, 0, 9.48%, 44, 0, 4, 15771.16, 75777821, 456
4753, 67, 79, 372, 126, 0, 9.48%, 44, 0, 4, 15373.89, 75856425, 456
4758, 67, 79, 372, 126, 0, 9.48%, 44, 0, 4, 15166.08, 75934867, 456
4763, 67, 46, 372, 126, 0, 9.48%, 44, 0, 4, 15336.32, 76015406, 456
4768, 67, 99, 372, 126, 0, 9.48%, 44, 0, 4, 15336.97, 76095115, 456
4773, 67, 2, 372, 126, 0, 9.48%, 44, 0, 4, 15631.17, 76174505, 456
4778, 67, 86, 372, 126, 0, 9.48%, 44, 0, 4, 16153.36, 76254687, 456
4784, 67, 79, 372, 126, 0, 9.48%, 44, 0, 4, 15401.92, 76333832, 456
4789, 67, 46, 372, 126, 0, 9.48%, 44, 0, 4, 15506.05, 76414480, 456
4794, 67, 38, 372, 126, 0, 9.48%, 44, 0, 4, 14744.23, 76489522, 456
4799, 67, 38, 372, 126, 0, 9.48%, 44, 0, 4, 15577.80, 76571413, 456
4804, 68, 192, 372, 126, 0, 9.48%, 44, 0, 4, 15221.93, 76648467, 456
4809, 68, 65, 372, 126, 0, 9.48%, 44, 0, 4, 15234.43, 76724980, 456
4814, 68, 79, 372, 126, 0, 9.48%, 44, 0, 4, 14944.93, 76801950, 456
4820, 68, 38, 372, 126, 0, 9.48%, 44, 0, 4, 14979.48, 76880071, 456
4825, 68, 123, 372, 126, 0, 9.48%, 44, 0, 4, 15471.41, 76960768, 456
4830, 68, 86, 372, 125, 0, 9.48%, 44, 0, 4, 14330.64, 77032807, 456
4835, 68, 86, 372, 125, 0, 9.48%, 44, 0, 4, 14983.62, 77108784, 456
4840, 68, 86, 372, 125, 0, 9.48%, 44, 0, 4, 15597.23, 77189987, 456
4845, 68, 38, 372, 125, 0, 9.48%, 44, 0, 4, 15357.05, 77270286, 456
4850, 68, 192, 372, 125, 0, 9.48%, 44, 0, 4, 15653.21, 77348949, 456
4855, 68, 79, 372, 125, 0, 9.48%, 44, 0, 4, 15466.13, 77426625, 456
4861, 68, 46, 372, 125, 0, 9.48%, 44, 0, 4, 15728.12, 77509766, 456
4866, 68, 182, 372, 125, 0, 9.48%, 44, 0, 4, 15320.47, 77588265, 456
4871, 68, 86, 372, 125, 0, 9.48%, 44, 0, 4, 15428.24, 77668146, 456
4876, 68, 182, 372, 125, 0, 9.48%, 44, 0, 4, 15499.00, 77744949, 456
4881, 69, 182, 372, 125, 0, 9.48%, 44, 0, 4, 15013.58, 77822972, 456
4886, 69, 86, 372, 125, 0, 9.48%, 44, 0, 4, 15486.08, 77902858, 456
4892, 69, 46, 372, 125, 0, 9.48%, 44, 0, 4, 15084.36, 77981168, 456
4897, 69, 29, 372, 125, 0, 9.48%, 44, 0, 4, 15259.27, 78061637, 456
4902, 69, 46, 372, 125, 0, 9.48%, 44, 0, 4, 15652.22, 78141641, 456
4907, 69, 79, 372, 125, 0, 9.48%, 44, 0, 4, 15139.46, 78217381, 456
4912, 69, 21, 372, 125, 0, 9.48%, 44, 0, 4, 15262.78, 78294174, 456
4917, 69, 86, 372, 125, 0, 9.48%, 44, 0, 4, 15537.86, 78374949, 456
4922, 69, 79, 372, 125, 0, 9.48%, 44, 0, 4, 15374.01, 78453997, 456
4927, 69, 182, 372, 125, 0, 9.48%, 44, 0, 4, 15521.70, 78532462, 456
4932, 69, 192, 372, 125, 0, 9.48%, 44, 0, 4, 15764.59, 78611385, 456
4937, 69, 182, 372, 125, 0, 9.48%, 44, 0, 4, 15699.15, 78692781, 456
4942, 69, 152, 372, 124, 0, 9.48%, 44, 0, 4, 14966.23, 78767958, 456
4948, 69, 86, 372, 124, 0, 9.48%, 44, 0, 4, 15337.53, 78848102, 456
4953, 69, 182, 372, 123, 0, 9.48%, 44, 0, 4, 15487.88, 78929005, 456
4958, 70, 153, 372, 123, 0, 9.48%, 44, 0, 4, 15220.09, 79007772, 456
4963, 70, 38, 372, 123, 0, 9.48%, 44, 0, 4, 14922.83, 79085017, 456
4968, 70, 79, 372, 123, 0, 9.48%, 44, 0, 4, 15829.52, 79167499, 456
4973, 70, 86, 372, 123, 0, 9.48%, 44, 0, 4, 15609.76, 79248102, 456
4979, 70, 79, 372, 123, 0, 9.48%, 44, 0, 4, 15810.84, 79328300, 456
4984, 70, 178, 372, 123, 0, 9.48%, 44, 0, 4, 14929.58, 79404596, 456
4989, 70, 192, 372, 123, 0, 9.48%, 44, 0, 4, 15217.21, 79483622, 456
4994, 70, 150, 372, 123, 0, 9.48%, 44, 0, 4, 14905.03, 79559862, 456
4999, 70, 86, 372, 123, 0, 9.48%, 44, 0, 4, 15165.32, 79635980, 456
5004, 70, 165, 372, 123, 0, 9.48%, 44, 0, 4, 15277.47, 79714999, 456
5009, 70, 47, 372, 123, 0, 9.48%, 44, 0, 4, 15659.43, 79796622, 456
5015, 70, 2, 372, 123, 0, 9.48%, 44, 0, 4, 15743.03, 79877452, 456
5020, 70, 86, 372, 123, 0, 9.48%, 44, 0, 4, 14725.74, 79952145, 456
5025, 70, 32, 372, 123, 0, 9.48%, 44, 0, 4, 15419.49, 80032120, 456
5030, 70, 86, 372, 123, 0, 9.48%, 44, 0, 4, 15404.86, 80112737, 456
5035, 71, 221, 372, 123, 0, 9.48%, 44, 0, 4, 15581.11, 80193365, 456
5041, 71, 152, 372, 123, 0, 9.48%, 44, 0, 4, 15023.03, 80270887, 456
5046, 71, 7, 372, 123, 0, 9.48%, 44, 0, 4, 15368.75, 80349755, 456
5051, 71, 79, 372, 122, 0, 9.48%, 44, 0, 4, 14482.13, 80423769, 456
5056, 71, 86, 372, 122, 0, 9.48%, 44, 0, 4, 15499.92, 80505681, 456
5061, 71, 165, 372, 122, 0, 9.48%, 44, 0, 4, 15200.97, 80584860, 456
5067, 71, 153, 372, 122, 0, 9.48%, 44, 0, 4, 15547.86, 80665874, 456
5072, 71, 104, 372, 121, 0, 9.48%, 44, 0, 4, 12779.77, 80731629, 456
5077, 71, 38, 372, 121, 0, 9.48%, 44, 0, 4, 14707.48, 80810971, 456
5082, 71, 56, 372, 121, 0, 9.48%, 44, 0, 4, 15248.06, 80889501, 456
5087, 71, 79, 372, 121, 0, 9.48%, 44, 0, 4, 15465.21, 80969035, 456
5092, 71, 79, 372, 121, 0, 9.48%, 44, 0, 4, 15113.74, 81047468, 456
5097, 71, 86, 372, 121, 0, 9.48%, 44, 0, 4, 15082.95, 81123315, 456
5102, 71, 86, 372, 121, 0, 9.48%, 44, 0, 4, 15055.66, 81200691, 456
5108, 71, 38, 372, 121, 0, 9.48%, 44, 0, 4, 15200.48, 81278160, 456
5113, 72, 79, 372, 121, 0, 9.48%, 44, 0, 4, 15760.88, 81360162, 456
5118, 72, 70, 372, 121, 0, 9.48%, 44, 0, 4, 15513.65, 81440354, 456
5123, 72, 86, 372, 121, 0, 9.48%, 44, 0, 4, 15489.57, 81519149, 456
5128, 72, 192, 372, 121, 0, 9.48%, 44, 0, 4, 15095.37, 81597916, 456
5133, 72, 79, 372, 121, 0, 9.48%, 44, 0, 4, 15273.27, 81677363, 456
5139, 72, 86, 372, 120, 0, 9.48%, 44, 0, 4, 15686.31, 81758125, 456
5144, 72, 79, 372, 120, 0, 9.48%, 44, 0, 4, 15700.87, 81835955, 456
5149, 72, 182, 372, 120, 0, 9.48%, 44, 0, 4, 15309.55, 81914912, 456
5154, 72, 75, 372, 120, 0, 9.48%, 44, 0, 4, 15266.94, 81992704, 456
5159, 72, 86, 372, 119, 0, 9.48%, 44, 0, 4, 15282.24, 82069264, 456
5164, 72, 178, 372, 119, 0, 9.48%, 44, 0, 4, 15131.28, 82147093, 456
5169, 72, 46, 372, 119, 0, 9.48%, 44, 0, 4, 15770.60, 82229635, 456
5174, 72, 46, 372, 119, 0, 9.48%, 44, 0, 4, 15725.30, 82311788, 456
5180, 72, 79, 372, 119, 0, 9.48%, 44, 0, 4, 15141.33, 82389353, 456
5185, 73, 182, 372, 119, 0, 9.48%, 44, 0, 4, 15235.91, 82468388, 456
5190, 73, 165, 372, 119, 0, 9.48%, 44, 0, 4, 15345.81, 82547586, 456
5195, 73, 46, 372, 119, 0, 9.48%, 44, 0, 4, 15976.37, 82631344, 456
5200, 73, 153, 372, 119, 0, 9.48%, 44, 0, 4, 15619.54, 82710669, 456
5205, 73, 178, 372, 119, 0, 9.48%, 44, 0, 4, 15313.10, 82789564, 456
5210, 73, 38, 372, 119, 0, 9.48%, 44, 0, 4, 15015.35, 82866134, 456
5216, 73, 182, 372, 119, 0, 9.48%, 44, 0, 4, 14835.82, 82942501, 456
5221, 73, 86, 372, 119, 0, 9.48%, 44, 0, 4, 15585.01, 83023895, 456
5226, 73, 182, 372, 119, 0, 9.48%, 44, 0, 4, 15802.88, 83105562, 456
5231, 73, 86, 372, 119, 0, 9.48%, 44, 0, 4, 15486.23, 83184983, 456
5236, 73, 182, 372, 119, 0, 9.48%, 44, 0, 4, 15725.92, 83265771, 456
5242, 73, 99, 372, 119, 0, 9.48%, 44, 0, 4, 15426.28, 83346104, 456
5247, 73, 38, 372, 119, 0, 9.48%, 44, 0, 4, 15133.14, 83424323, 456
5252, 73, 245, 372, 118, 0, 9.48%, 44, 0, 4, 15446.43, 83505866, 456
5257, 74, 192, 372, 117, 0, 9.48%, 44, 0, 4, 15006.06, 83583401, 456
5262, 74, 86, 372, 117, 0, 9.48%, 44, 0, 4, 15122.69, 83661480, 456
5267, 74, 38, 372, 117, 0, 9.48%, 44, 0, 4, 15159.34, 83740652, 456
5273, 74, 165, 372, 116, 0, 9.48%, 44, 0, 4, 15160.37, 83820124, 456
5278, 74, 178, 372, 116, 0, 9.48%, 44, 0, 4, 15542.41, 83901511, 456
5283, 74, 153, 372, 116, 0, 9.48%, 44, 0, 4, 15545.64, 83979939, 456
5288, 74, 67, 372, 116, 0, 9.48%, 44, 0, 4, 15707.77, 84058677, 456
5293, 74, 56, 372, 115, 0, 9.48%, 44, 0, 4, 15412.57, 84134669, 456
5298, 74, 123, 372, 115, 0, 9.48%, 44, 0, 4, 15674.49, 84214470, 456
5303, 74, 177, 372, 115, 0, 9.48%, 44, 0, 4, 15341.09, 84294793, 456
5308, 74, 165, 372, 114, 0, 9.48%, 44, 0, 4, 15446.12, 84374507, 456
5314, 74, 86, 372, 114, 0, 9.48%, 44, 0, 4, 15333.90, 84453589, 456
5319, 74, 153, 372, 114, 0, 9.48%, 44, 0, 4, 15483.07, 84534029, 456
5324, 74, 148, 372, 114, 0, 9.48%, 44, 0, 4, 15178.78, 84610183, 456
5329, 74, 40, 372, 113, 0, 9.48%, 44, 0, 4, 15202.73, 84686671, 456
5334, 75, 38, 372, 113, 0, 9.48%, 44, 0, 4, 15626.26, 84766426, 456
5339, 75, 153, 372, 113, 0, 9.48%, 44, 0, 4, 15906.24, 84847959, 456
5344, 75, 79, 372, 113, 0, 9.48%, 44, 0, 4, 15287.79, 84925945, 456
5350, 75, 26, 372, 113, 0, 9.48%, 44, 0, 4, 15497.52, 85005625, 456
5355, 75, 46, 372, 113, 0, 9.48%, 44, 0, 4, 15391.25, 85082257, 456
5360, 75, 46, 372, 113, 0, 9.48%, 44, 0, 4, 15600.29, 85162164, 456
5365, 75, 177, 372, 113, 0, 9.48%, 44, 0, 4, 15510.66, 85241034, 456
5370, 75, 38, 372, 113, 0, 9.48%, 44, 0, 4, 15920.86, 85324180, 456
5375, 75, 99, 372, 113, 0, 9.48%, 44, 0, 4, 15478.37, 85403682, 456
5380, 75, 38, 372, 113, 0, 9.48%, 44, 0, 4, 15641.13, 85484040, 456
5386, 75, 126, 372, 113, 0, 9.48%, 44, 0, 4, 15369.16, 85564192, 456
5391, 75, 46, 372, 113, 0, 9.48%, 44, 0, 4, 15892.98, 85647608, 456
5396, 75, 79, 372, 113, 0, 9.48%, 44, 0, 4, 15649.22, 85728668, 456
5401, 75, 178, 372, 113, 0, 9.48%, 44, 0, 4, 15875.74, 85808144, 456
5406, 76, 221, 372, 113, 0, 9.48%, 44, 0, 4, 15373.65, 85886114, 456
5411, 76, 125, 372, 113, 0, 9.48%, 44, 0, 4, 15681.16, 85967383, 456
5417, 76, 288, 372, 113, 0, 9.48%, 44, 0, 4, 13543.46, 86038878, 456
5422, 76, 79, 372, 112, 0, 9.48%, 44, 0, 4, 13923.99, 86103875, 456
5427, 76, 79, 372, 112, 0, 9.48%, 44, 0, 4, 15388.34, 86185694, 456
5432, 76, 182, 372, 112, 0, 9.48%, 44, 0, 4, 15241.71, 86264236, 456
5437, 76, 64, 372, 112, 0, 9.48%, 44, 0, 4, 15637.15, 86345358, 456
5442, 76, 165, 372, 112, 0, 9.48%, 44, 0, 4, 15314.30, 86423145, 456
5447, 76, 259, 372, 112, 0, 9.48%, 44, 0, 4, 15694.98, 86501012, 456
5452, 76, 153, 372, 112, 0, 9.48%, 44, 0, 4, 15865.49, 86583053, 456
5457, 76, 65, 372, 112, 0, 9.48%, 44, 0, 4, 15067.17, 86659462, 456
5463, 76, 67, 372, 112, 0, 9.48%, 44, 0, 4, 15309.67, 86739150, 456
5468, 76, 38, 372, 112, 0, 9.48%, 44, 0, 4, 15081.41, 86816891, 456
5473, 76, 153, 372, 112, 0, 9.48%, 44, 0, 4, 14759.32, 86892847, 456
5478, 76, 153, 372, 112, 0, 9.48%, 44, 0, 4, 15395.95, 86973580, 456
5483, 77, 38, 372, 112, 0, 9.48%, 44, 0, 4, 15345.04, 87053559, 456
5488, 77, 46, 372, 112, 0, 9.48%, 44, 0, 4, 15813.86, 87133232, 456
5493, 77, 153, 372, 112, 0, 9.48%, 44, 0, 4, 15587.41, 87212470, 456
5499, 77, 143, 372, 112, 0, 9.48%, 44, 0, 4, 15763.88, 87293932, 456
5504, 77, 2, 372, 112, 0, 9.48%, 44, 0, 4, 15088.95, 87371420, 456
5509, 77, 86, 372, 112, 0, 9.48%, 44, 0, 4, 15335.74, 87451241, 456
5514, 77, 182, 372, 112, 0, 9.48%, 44, 0, 4, 14773.35, 87527909, 456
5519, 77, 56, 372, 112, 0, 9.48%, 44, 0, 4, 14974.60, 87604827, 456
5524, 77, 56, 372, 112, 0, 9.48%, 44, 0, 4, 15212.91, 87685216, 456
5530, 77, 178, 372, 112, 0, 9.48%, 44, 0, 4, 15179.20, 87764406, 456
5535, 77, 153, 372, 112, 0, 9.48%, 44, 0, 4, 15016.20, 87841452, 456
5540, 77, 29, 372, 112, 0, 9.48%, 44, 0, 4, 15025.57, 87920603, 456
5545, 77, 86, 372, 112, 0, 9.48%, 44, 0, 4, 15465.23, 88000922, 456
5550, 77, 2, 372, 112, 0, 9.48%, 44, 0, 4, 15818.04, 88081533, 456
5555, 78, 178, 372, 112, 0, 9.48%, 44, 0, 4, 15517.92, 88161171, 456
5561, 78, 86, 372, 112, 0, 9.48%, 44, 0, 4, 15610.66, 88241875, 456
5566, 78, 153, 372, 112, 0, 9.48%, 44, 0, 4, 15515.88, 88322353, 456
5571, 78, 153, 372, 112, 0, 9.48%, 44, 0, 4, 15491.53, 88402072, 456
5576, 78, 153, 372, 112, 0, 9.48%, 44, 0, 4, 15601.50, 88482138, 456
5581, 78, 178, 372, 112, 0, 9.48%, 44, 0, 4, 14847.29, 88559276, 456
5586, 78, 46, 372, 112, 0, 9.48%, 44, 0, 4, 15217.36, 88637153, 456
5592, 78, 86, 372, 112, 0, 9.48%, 44, 0, 4, 15139.99, 88715896, 456
5597, 78, 40, 372, 112, 0, 9.48%, 44, 0, 4, 15295.99, 88793283, 456
5602, 78, 126, 372, 112, 0, 9.48%, 44, 0, 4, 15486.13, 88874120, 456
5607, 78, 38, 372, 112, 0, 9.48%, 44, 0, 4, 15143.28, 88952198, 456
5612, 78, 29, 372, 112, 0, 9.48%, 44, 0, 4, 15223.27, 89030212, 456
5617, 78, 46, 372, 111, 0, 9.48%, 44, 0, 4, 15561.35, 89111220, 456
5622, 78, 178, 372, 111, 0, 9.48%, 44, 0, 4, 15136.50, 89189912, 456
5628, 78, 153, 372, 111, 0, 9.48%, 44, 0, 4, 15291.00, 89268199, 456
5633, 79, 21, 372, 111, 0, 9.48%, 44, 0, 4, 15469.57, 89346959, 456
5638, 79, 298, 372, 111, 0, 9.48%, 44, 0, 4, 14967.02, 89426225, 456
5643, 79, 125, 372, 110, 0, 9.48%, 44, 0, 4, 14419.07, 89497420, 456
5648, 79, 7, 372, 110, 0, 9.48%, 44, 0, 4, 15774.03, 89579714, 456
5653, 79, 79, 372, 110, 0, 9.48%, 44, 0, 4, 15000.79, 89655755, 456
5658, 79, 153, 372, 110, 0, 9.48%, 44, 0, 4, 15503.90, 89736399, 456
5664, 79, 67, 372, 110, 0, 9.48%, 44, 0, 4, 15577.75, 89817094, 456
5669, 79, 38, 372, 110, 0, 9.48%, 44, 0, 4, 15175.64, 89895919, 456
5674, 79, 153, 372, 110, 0, 9.48%, 44, 0, 4, 15010.57, 89970745, 456
5679, 79, 79, 372, 110, 0, 9.48%, 44, 0, 4, 15830.07, 90053546, 456
5684, 79, 101, 372, 110, 0, 9.48%, 44, 0, 4, 15391.88, 90133895, 456
5689, 79, 152, 372, 109, 0, 9.48%, 44, 0, 4, 15693.22, 90214241, 456
5694, 79, 46, 372, 109, 0, 9.48%, 44, 0, 4, 15575.21, 90293914, 456
5700, 79, 65, 372, 109, 0, 9.48%, 44, 0, 4, 15142.83, 90372917, 456
5705, 80, 151, 372, 109, 0, 9.48%, 44, 0, 4, 15786.29, 90453549, 456
5710, 80, 80, 372, 109, 0, 9.48%, 44, 0, 4, 15726.99, 90534940, 456
5715, 80, 182, 372, 109, 0, 9.48%, 44, 0, 4, 15378.21, 90613267, 456
5720, 80, 182, 372, 109, 0, 9.48%, 44, 0, 4, 15733.13, 90694974, 456
5725, 80, 182, 372, 109, 0, 9.48%, 44, 0, 4, 15534.12, 90775486, 456
5731, 80, 99, 372, 109, 0, 9.48%, 44, 0, 4, 15224.67, 90854800, 456
5736, 80, 65, 372, 109, 0, 9.48%, 44, 0, 4, 14984.43, 90932627, 456
5741, 80, 153, 372, 109, 0, 9.48%, 44, 0, 4, 15176.79, 91011324, 456
5746, 80, 38, 372, 109, 0, 9.48%, 44, 0, 4, 15523.25, 91090851, 456
5751, 80, 152, 372, 109, 0, 9.48%, 44, 0, 4, 15248.77, 91169935, 456
5756, 80, 182, 372, 109, 0, 9.48%, 44, 0, 4, 15418.09, 91248997, 456
5762, 80, 38, 372, 109, 0, 9.48%, 44, 0, 4, 15564.47, 91329366, 456
5767, 80, 153, 372, 109, 0, 9.48%, 44, 0, 4, 15741.06, 91410452, 456
5772, 80, 192, 372, 109, 0, 9.48%, 44, 0, 4, 15885.82, 91489745, 456
5777, 80, 61, 372, 109, 0, 9.48%, 44, 0, 4, 15952.18, 91567645, 456
5782, 81, 61, 372, 109, 0, 9.48%, 44, 0, 4, 15616.75, 91648512, 456
5787, 81, 29, 372, 109, 0, 9.48%, 44, 0, 4, 15211.52, 91728001, 456
5792, 81, 125, 372, 109, 0, 9.48%, 44, 0, 4, 15729.99, 91809635, 456
5798, 81, 56, 372, 109, 0, 9.48%, 44, 0, 4, 15485.14, 91888746, 456
5803, 81, 86, 372, 109, 0, 9.48%, 44, 0, 4, 15655.21, 91969092, 456
5808, 81, 79, 372, 109, 0, 9.48%, 44, 0, 4, 15582.83, 92048349, 456
5813, 81, 79, 372, 109, 0, 9.48%, 44, 0, 4, 15643.09, 92130103, 456
5818, 81, 153, 372, 109, 0, 9.48%, 44, 0, 4, 15488.05, 92208715, 456
5823, 81, 178, 372, 109, 0, 9.48%, 44, 0, 4, 14809.08, 92285264, 456
5829, 81, 79, 372, 109, 0, 9.48%, 44, 0, 4, 15414.84, 92364940, 456
5834, 81, 29, 372, 109, 0, 9.48%, 44, 0, 4, 14643.75, 92438180, 456
5839, 81, 38, 372, 109, 0, 9.48%, 44, 0, 4, 15411.29, 92516947, 456
5844, 81, 46, 372, 109, 0, 9.48%, 44, 0, 4, 15488.35, 92593779, 456
5849, 81, 221, 372, 109, 0, 9.48%, 44, 0, 4, 15209.66, 92670129, 456
5854, 82, 38, 372, 108, 0, 9.48%, 44, 0, 4, 14920.56, 92747957, 456
5859, 82, 177, 372, 108, 0, 9.48%, 44, 0, 4, 15249.29, 92827597, 456
5864, 82, 79, 372, 108, 0, 9.48%, 44, 0, 4, 15410.10, 92906991, 456
5869, 82, 86, 372, 108, 0, 9.48%, 44, 0, 4, 15350.41, 92986253, 456
5875, 82, 79, 372, 108, 0, 9.48%, 44, 0, 4, 15407.77, 93065333, 456
5880, 82, 38, 372, 108, 0, 9.48%, 44, 0, 4, 14847.68, 93140776, 456
5885, 82, 153, 372, 108, 0, 9.48%, 44, 0, 4, 15528.26, 93219570, 456
5890, 82, 182, 372, 108, 0, 9.48%, 44, 0, 4, 15286.09, 93296316, 456
5895, 82, 86, 372, 108, 0, 9.48%, 44, 0, 4, 15166.45, 93374023, 456
5900, 82, 182, 372, 108, 0, 9.48%, 44, 0, 4, 15375.79, 93453677, 456
5905, 82, 192, 372, 108, 0, 9.48%, 44, 0, 4, 15320.50, 93532359, 456
5910, 82, 56, 372, 108, 0, 9.48%, 44, 0, 4, 15543.12, 93613160, 456
5915, 82, 153, 372, 108, 0, 9.48%, 44, 0, 4, 15509.27, 93689751, 456
5921, 82, 64, 372, 108, 0, 9.48%, 44, 0, 4, 15505.20, 93770134, 456
5926, 82, 221, 372, 108, 0, 9.48%, 44, 0, 4, 15259.80, 93847426, 456
5931, 83, 126, 372, 108, 0, 9.48%, 44, 0, 4, 15193.10, 93923728, 456
5936, 83, 79, 372, 108, 0, 9.48%, 44, 0, 4, 15156.45, 94001261, 456
5941, 83, 86, 372, 108, 0, 9.48%, 44, 0, 4, 15519.14, 94082081, 456
5946, 83, 46, 372, 107, 0, 9.48%, 44, 0, 4, 13345.69, 94148135, 456
5951, 83, 178, 372, 107, 0, 9.48%, 44, 0, 4, 14801.75, 94226612, 456
5956, 83, 86, 372, 106, 0, 9.48%, 44, 0, 4, 13670.58, 94287439, 456
5961, 83, 79, 372, 106, 0, 9.48%, 44, 0, 4, 14862.18, 94366899, 456
5967, 83, 46, 372, 105, 0, 9.48%, 44, 0, 4, 15156.17, 94445442, 456
5972, 83, 61, 372, 105, 0, 9.48%, 44, 0, 4, 15731.25, 94526376, 456
5977, 83, 153, 372, 105, 0, 9.48%, 44, 0, 4, 15242.77, 94605500, 456
5982, 83, 178, 372, 105, 0, 9.48%, 44, 0, 4, 15631.58, 94686810, 456
5987, 83, 79, 372, 105, 0, 9.48%, 44, 0, 4, 15208.67, 94762958, 456
5992, 83, 79, 372, 105, 0, 9.48%, 44, 0, 4, 15259.12, 94842182, 456
5998, 83, 153, 372, 105, 0, 9.48%, 44, 0, 4, 15209.16, 94921522, 456
6003, 83, 79, 372, 105, 0, 9.48%, 44, 0, 4, 15736.89, 95004313, 456
6008, 84, 178, 372, 105, 0, 9.48%, 44, 0, 4, 15364.91, 95082913, 456
6013, 84, 221, 372, 105, 0, 9.48%, 44, 0, 4, 14960.71, 95160341, 456
6018, 84, 38, 372, 105, 0, 9.48%, 44, 0, 4, 15669.19, 95241708, 456
6024, 84, 165, 372, 105, 0, 9.48%, 44, 0, 4, 15110.84, 95319283, 456
6029, 84, 178, 372, 105, 0, 9.48%, 44, 0, 4, 15011.41, 95397079, 456
6034, 84, 178, 372, 105, 0, 9.48%, 44, 0, 4, 15039.83, 95474618, 456
6039, 84, 259, 372, 105, 0, 9.48%, 44, 0, 4, 15818.29, 95556931, 456
6044, 84, 192, 372, 105, 0, 9.48%, 44, 0, 4, 15363.95, 95636248, 456
6049, 84, 153, 372, 105, 0, 9.48%, 44, 0, 4, 15549.15, 95715424, 456
6054, 84, 38, 372, 105, 0, 9.48%, 44, 0, 4, 15840.37, 95797501, 456
6060, 84, 79, 372, 105, 0, 9.48%, 44, 0, 4, 15604.47, 95877903, 456
6065, 84, 38, 372, 105, 0, 9.48%, 44, 0, 4, 15801.67, 95960398, 456
6070, 84, 182, 372, 105, 0, 9.48%, 44, 0, 4, 15653.16, 96041041, 456
6075, 84, 79, 372, 105, 0, 9.48%, 44, 0, 4, 15576.68, 96121304, 456
6080, 85, 86, 372, 105, 0, 9.48%, 44, 0, 4, 15742.76, 96202907, 456
6085, 85, 316, 372, 104, 0, 9.48%, 44, 0, 4, 14483.56, 96277603, 456
6091, 85, 29, 372, 103, 0, 9.48%, 44, 0, 4, 15451.60, 96358527, 456
6096, 85, 182, 372, 103, 0, 9.48%, 44, 0, 4, 15414.87, 96435792, 456
6101, 85, 79, 372, 103, 0, 9.48%, 44, 0, 4, 15604.48, 96516214, 456
6106, 85, 38, 372, 103, 0, 9.48%, 44, 0, 4, 15408.16, 96596046, 456
6111, 85, 32, 372, 103, 0, 9.48%, 44, 0, 4, 15412.37, 96676317, 456
6116, 85, 54, 372, 103, 0, 9.48%, 44, 0, 4, 15418.03, 96755246, 456
6121, 85, 21, 372, 103, 0, 9.48%, 44, 0, 4, 15085.87, 96832867, 456
6126, 85, 153, 372, 103, 0, 9.48%, 44, 0, 4, 15262.60, 96911866, 456
6132, 85, 79, 372, 103, 0, 9.48%, 44, 0, 4, 15473.71, 96993017, 456
6137, 85, 86, 372, 103, 0, 9.48%, 44, 0, 4, 15952.31, 97075720, 456
6142, 85, 99, 372, 103, 0, 9.48%, 44, 0, 4, 15234.71, 97154269, 456
6147, 85, 29, 372, 103, 0, 9.48%, 44, 0, 4, 15182.10, 97232327, 456
6152, 86, 86, 372, 103, 0, 9.48%, 44, 0, 4, 14993.26, 97309574, 456
6157, 86, 46, 372, 103, 0, 9.48%, 44, 0, 4, 15365.03, 97386905, 456
6162, 86, 79, 372, 103, 0, 9.48%, 44, 0, 4, 15210.73, 97466488, 456
6168, 86, 153, 372, 103, 0, 9.48%, 44, 0, 4, 14700.80, 97543025, 456
6173, 86, 192, 372, 103, 0, 9.48%, 44, 0, 4, 15113.70, 97621250, 456
6178, 86, 70, 372, 103, 0, 9.48%, 44, 0, 4, 15535.05, 97701522, 456
6183, 86, 86, 372, 103, 0, 9.48%, 44, 0, 4, 14961.58, 97777577, 456
6188, 86, 61, 372, 103, 0, 9.48%, 44, 0, 4, 15521.92, 97858410, 456
6193, 86, 79, 372, 103, 0, 9.48%, 44, 0, 4, 15074.11, 97935965, 456
6199, 86, 221, 372, 103, 0, 9.48%, 44, 0, 4, 15442.19, 98016118, 456
6204, 86, 182, 372, 103, 0, 9.48%, 44, 0, 4, 15719.57, 98098052, 456
6209, 86, 79, 372, 103, 0, 9.48%, 44, 0, 4, 16175.10, 98181797, 456
6214, 86, 178, 372, 103, 0, 9.48%, 44, 0, 4, 15223.23, 98257258, 456
6219, 86, 79, 372, 103, 0, 9.48%, 44, 0, 4, 15364.22, 98336659, 456
6224, 86, 99, 372, 103, 0, 9.48%, 44, 0, 4, 14951.36, 98412629, 456
6229, 87, 86, 372, 103, 0, 9.48%, 44, 0, 4, 15373.56, 98492251, 456
6234, 87, 46, 372, 103, 0, 9.48%, 44, 0, 4, 15652.01, 98573976, 456
6239, 87, 153, 372, 103, 0, 9.48%, 44, 0, 4, 15831.77, 98653728, 456
6245, 87, 75, 372, 103, 0, 9.48%, 44, 0, 4, 15275.37, 98731240, 456
6250, 87, 182, 372, 102, 0, 9.48%, 44, 0, 4, 15469.23, 98810915, 456
6255, 87, 86, 372, 101, 0, 9.48%, 44, 0, 4, 15546.30, 98891229, 456
6260, 87, 86, 372, 101, 0, 9.48%, 44, 0, 4, 15766.28, 98972655, 456
6265, 87, 56, 372, 101, 0, 9.48%, 44, 0, 4, 15459.73, 99052425, 456
6271, 87, 61, 372, 101, 0, 9.48%, 44, 0, 4, 15340.71, 99132988, 456
6276, 87, 151, 372, 101, 0, 9.48%, 44, 0, 4, 15423.97, 99212720, 456
6281, 87, 46, 372, 101, 0, 9.48%, 44, 0, 4, 15546.09, 99292537, 456
6286, 87, 79, 372, 101, 0, 9.48%, 44, 0, 4, 15321.11, 99371617, 456
6291, 87, 46, 372, 101, 0, 9.48%, 44, 0, 4, 15318.64, 99450556, 456
6296, 87, 79, 372, 101, 0, 9.48%, 44, 0, 4, 15574.65, 99531663, 456
6302, 88, 86, 372, 101, 0, 9.48%, 44, 0, 4, 15845.79, 99613430, 456
6307, 88, 86, 372, 101, 0, 9.48%, 44, 0, 4, 15488.23, 99692796, 456
6312, 88, 79, 372, 101, 0, 9.48%, 44, 0, 4, 15597.34, 99773997, 456
6317, 88, 365, 372, 101, 0, 9.48%, 44, 0, 4, 4215.61, 99839191, 456
6322, 88, 75, 372, 100, 0, 9.48%, 44, 0, 4, 12034.70, 99904571, 456
6327, 88, 165, 372, 100, 0, 9.48%, 44, 0, 4, 14730.37, 99984133, 456
6333, 88, 259, 372, 100, 0, 9.48%, 44, 0, 4, 15348.39, 100064432, 456
6338, 88, 182, 372, 100, 0, 9.48%, 44, 0, 4, 15550.84, 100144834, 456
6343, 88, 46, 372, 100, 0, 9.48%, 44, 0, 4, 15753.15, 100226532, 456
6348, 88, 38, 372, 100, 0, 9.48%, 44, 0, 4, 15736.28, 100308078, 456
6353, 88, 182, 372, 100, 0, 9.48%, 44, 0, 4, 15724.13, 100388566, 456
6358, 88, 178, 372, 100, 0, 9.48%, 44, 0, 4, 15570.57, 100468653, 456
6363, 88, 46, 372, 100, 0, 9.48%, 44, 0, 4, 15406.81, 100546493, 456
6369, 88, 86, 372, 100, 0, 9.48%, 44, 0, 4, 16370.26, 100631201, 456
6374, 89, 221, 372, 100, 0, 9.48%, 44, 0, 4, 15666.42, 100710926, 456
6379, 89, 38, 372, 100, 0, 9.48%, 44, 0, 4, 15702.33, 100793224, 456
6384, 89, 86, 372, 99, 0, 9.48%, 44, 0, 4, 15538.32, 100871605, 456
6389, 89, 165, 372, 99, 0, 9.48%, 44, 0, 4, 15369.16, 100951190, 456
6394, 89, 192, 372, 99, 0, 9.48%, 44, 0, 4, 15223.94, 101030513, 456
6400, 89, 79, 372, 99, 0, 9.48%, 44, 0, 4, 15349.75, 101109486, 456
6405, 89, 182, 372, 99, 0, 9.48%, 44, 0, 4, 15573.51, 101189885, 456
6410, 89, 178, 372, 99, 0, 9.48%, 44, 0, 4, 15821.71, 101271786, 456
6415, 89, 38, 372, 98, 0, 9.48%, 44, 0, 4, 15334.27, 101350253, 456
6420, 89, 178, 372, 98, 0, 9.48%, 44, 0, 4, 14667.17, 101425704, 456
6425, 89, 86, 372, 98, 0, 9.48%, 44, 0, 4, 14945.59, 101502712, 456
6431, 89, 38, 372, 98, 0, 9.48%, 44, 0, 4, 15006.67, 101580981, 456
6436, 89, 178, 372, 98, 0, 9.48%, 44, 0, 4, 15057.78, 101657992, 456
6441, 89, 38, 372, 98, 0, 9.48%, 44, 0, 4, 15195.06, 101738984, 456
6446, 90, 259, 372, 96, 0, 9.48%, 44, 0, 4, 14915.84, 101813118, 456
6451, 90, 178, 372, 96, 0, 9.48%, 44, 0, 4, 14861.48, 101890198, 456
6456, 90, 79, 372, 95, 0, 9.48%, 44, 0, 4, 14973.34, 101968342, 456
6462, 90, 46, 372, 95, 0, 9.48%, 44, 0, 4, 14764.35, 102044748, 456
6467, 90, 61, 372, 95, 0, 9.48%, 44, 0, 4, 14679.95, 102119515, 456
6472, 90, 153, 372, 95, 0, 9.48%, 44, 0, 4, 15116.47, 102199432, 456
6477, 90, 46, 372, 95, 0, 9.48%, 44, 0, 4, 15218.40, 102277798, 456
6482, 90, 79, 372, 95, 0, 9.48%, 44, 0, 4, 15164.16, 102356012, 456
6487, 90, 38, 372, 95, 0, 9.48%, 44, 0, 4, 15564.51, 102437010, 456
6493, 90, 38, 372, 95, 0, 9.48%, 44, 0, 4, 15441.59, 102516506, 456
6498, 90, 178, 372, 95, 0, 9.48%, 44, 0, 4, 15157.73, 102594491, 456
6503, 90, 38, 372, 95, 0, 9.48%, 45, 0, 4, 15500.10, 102674667, 456
6508, 90, 29, 372, 95, 0, 9.48%, 45, 0, 4, 15508.10, 102754733, 456
6513, 90, 79, 372, 95, 0, 9.48%, 45, 0, 4, 15802.18, 102833032, 456
6518, 91, 182, 372, 95, 0, 9.48%, 45, 0, 4, 15176.45, 102912328, 456
6523, 91, 178, 372, 95, 0, 9.48%, 45, 0, 4, 15227.22, 102991447, 456
6528, 91, 153, 372, 95, 0, 9.48%, 45, 0, 4, 14895.55, 103065054, 456
6534, 91, 79, 372, 95, 0, 9.48%, 45, 0, 4, 15041.43, 103142415, 456
6539, 91, 153, 372, 95, 0, 9.48%, 45, 0, 4, 14983.26, 103217165, 456
6544, 91, 79, 372, 95, 0, 9.48%, 45, 0, 4, 15562.11, 103297737, 456
6549, 91, 126, 372, 95, 0, 9.48%, 45, 0, 4, 15152.13, 103373004, 456
6554, 91, 153, 372, 95, 0, 9.48%, 45, 0, 4, 15472.48, 103453769, 456
6559, 91, 150, 372, 95, 0, 9.48%, 45, 0, 4, 15557.97, 103535006, 456
6564, 91, 79, 372, 95, 0, 9.48%, 45, 0, 4, 15661.24, 103615285, 456
6569, 91, 165, 372, 95, 0, 9.48%, 45, 0, 4, 15659.61, 103696574, 456
6575, 91, 46, 372, 95, 0, 9.48%, 45, 0, 4, 15440.38, 103775811, 456
6580, 91, 79, 372, 95, 0, 9.48%, 45, 0, 4, 15378.86, 103853465, 456
6585, 91, 79, 372, 95, 0, 9.48%, 45, 0, 4, 15799.23, 103933578, 456
6590, 91, 2, 372, 95, 0, 9.48%, 45, 0, 4, 15572.80, 104013858, 456
6595, 92, 178, 372, 95, 0, 9.48%, 45, 0, 4, 15049.02, 104090847, 456
6600, 92, 177, 372, 95, 0, 9.48%, 45, 0, 4, 15143.93, 104169581, 456
6605, 92, 38, 372, 95, 0, 9.48%, 45, 0, 4, 15190.37, 104246450, 456
6611, 92, 38, 372, 95, 0, 9.48%, 45, 0, 4, 15507.65, 104327680, 456
6616, 92, 99, 372, 95, 0, 9.48%, 45, 0, 4, 14809.54, 104401601, 456
6621, 92, 182, 372, 95, 0, 9.48%, 45, 0, 4, 14729.02, 104478335, 456
6626, 92, 75, 372, 95, 0, 9.48%, 45, 0, 4, 15263.60, 104558444, 456
6631, 92, 86, 372, 95, 0, 9.48%, 45, 0, 4, 15029.65, 104636729, 456
6636, 92, 153, 372, 95, 0, 9.48%, 45, 0, 4, 15626.89, 104718083, 456
6642, 92, 178, 372, 95, 0, 9.48%, 45, 0, 4, 15650.59, 104798132, 456
6647, 92, 86, 372, 95, 0, 9.48%, 45, 0, 4, 15128.56, 104875597, 456
6652, 92, 79, 372, 95, 0, 9.48%, 45, 0, 4, 15510.35, 104956875, 456
6657, 92, 86, 372, 95, 0, 9.48%, 45, 0, 4, 15414.51, 105037629, 456
6662, 92, 79, 372, 95, 0, 9.48%, 45, 0, 4, 15444.58, 105117767, 456
6667, 93, 86, 372, 95, 0, 9.48%, 45, 0, 4, 15692.96, 105198621, 456
6673, 93, 47, 372, 95, 0, 9.48%, 45, 0, 4, 15349.45, 105277131, 456
6678, 93, 61, 372, 95, 0, 9.48%, 45, 0, 4, 15109.29, 105354491, 456
6683, 93, 79, 372, 95, 0, 9.48%, 45, 0, 4, 14894.07, 105430878, 456
6688, 93, 178, 372, 95, 0, 9.48%, 45, 0, 4, 14940.62, 105508097, 456
6693, 93, 178, 372, 95, 0, 9.48%, 45, 0, 4, 14974.04, 105585979, 456
6698, 93, 165, 372, 95, 0, 9.48%, 45, 0, 4, 15574.16, 105665779, 456
6703, 93, 38, 372, 95, 0, 9.48%, 45, 0, 4, 15011.47, 105741360, 456
6709, 93, 38, 372, 95, 0, 9.48%, 45, 0, 4, 15703.14, 105824025, 456
6714, 93, 153, 372, 95, 0, 9.48%, 45, 0, 4, 15104.78, 105900725, 456
6719, 93, 153, 372, 95, 0, 9.48%, 45, 0, 4, 15144.77, 105976498, 456
6724, 93, 46, 372, 95, 0, 9.48%, 45, 0, 4, 14852.74, 106054641, 456
6729, 93, 153, 372, 95, 0, 9.48%, 45, 0, 4, 15370.94, 106135019, 456
6734, 93, 38, 372, 95, 0, 9.48%, 45, 0, 4, 15336.81, 106215290, 456
6740, 93, 46, 372, 95, 0, 9.48%, 45, 0, 4, 14993.15, 106294953, 456
6745, 94, 38, 372, 95, 0, 9.48%, 45, 0, 4, 15162.70, 106372991, 456
6750, 94, 46, 372, 95, 0, 9.48%, 45, 0, 4, 15187.08, 106450897, 456
6755, 94, 56, 372, 95, 0, 9.48%, 45, 0, 4, 14701.09, 106526843, 456
6760, 94, 46, 372, 95, 0, 9.48%, 45, 0, 4, 15523.27, 106606367, 456
6765, 94, 86, 372, 95, 0, 9.48%, 45, 0, 4, 15647.09, 106687759, 456
6771, 94, 259, 372, 95, 0, 9.48%, 45, 0, 4, 15154.74, 106766918, 456
6776, 94, 79, 372, 95, 0, 9.48%, 45, 0, 4, 15317.55, 106844751, 456
6781, 94, 61, 372, 95, 0, 9.48%, 45, 0, 4, 14727.09, 106921656, 456
6786, 94, 178, 372, 95, 0, 9.48%, 45, 0, 4, 15237.74, 107000754, 456
6791, 94, 38, 372, 95, 0, 9.48%, 45, 0, 4, 15655.56, 107081621, 456
6796, 94, 65, 372, 95, 0, 9.48%, 45, 0, 4, 15121.77, 107157305, 456
6801, 94, 65, 372, 95, 0, 9.48%, 45, 0, 4, 14069.87, 107230054, 456
6807, 94, 125, 372, 95, 0, 9.48%, 45, 0, 4, 14940.58, 107307738, 456
6812, 94, 153, 372, 95, 0, 9.48%, 45, 0, 4, 14733.30, 107384903, 456
6817, 94, 38, 372, 95, 0, 9.48%, 45, 0, 4, 15293.51, 107464342, 456
6822, 95, 182, 372, 95, 0, 9.48%, 45, 0, 4, 15374.48, 107541681, 456
6827, 95, 153, 372, 95, 0, 9.48%, 45, 0, 4, 15129.58, 107616526, 456
6832, 95, 29, 372, 95, 0, 9.48%, 45, 0, 4, 14958.97, 107694872, 456
6837, 95, 47, 372, 95, 0, 9.48%, 45, 0, 4, 14679.94, 107769972, 456
6843, 95, 38, 372, 95, 0, 9.48%, 45, 0, 4, 14994.35, 107847969, 456
6848, 95, 182, 372, 95, 0, 9.48%, 45, 0, 4, 14631.87, 107921004, 456
6853, 95, 143, 372, 95, 0, 9.48%, 45, 0, 4, 15092.40, 107999207, 456
6858, 95, 38, 372, 95, 0, 9.48%, 45, 0, 4, 15424.23, 108078535, 456
6863, 95, 46, 372, 95, 0, 9.48%, 45, 0, 4, 15455.15, 108159786, 456
6868, 95, 182, 372, 95, 0, 9.48%, 45, 0, 4, 15654.19, 108240700, 456
6873, 95, 2, 372, 95, 0, 9.48%, 45, 0, 4, 15384.80, 108320361, 456
6878, 95, 86, 372, 95, 0, 9.48%, 45, 0, 4, 15693.68, 108400077, 456
6884, 95, 182, 372, 95, 0, 9.48%, 45, 0, 4, 15109.76, 108477750, 456
6889, 95, 178, 372, 95, 0, 9.48%, 45, 0, 4, 15658.57, 108558617, 456
6894, 96, 153, 372, 95, 0, 9.48%, 45, 0, 4, 15720.84, 108639821, 456
6899, 96, 86, 372, 95, 0, 9.48%, 45, 0, 4, 15337.59, 108719683, 456
6904, 96, 125, 372, 95, 0, 9.48%, 45, 0, 4, 15724.06, 108800589, 456
6909, 96, 29, 372, 95, 0, 9.48%, 45, 0, 4, 15637.76, 108879272, 456
6915, 96, 178, 372, 95, 0, 9.48%, 45, 0, 4, 15317.90, 108957048, 456
6920, 96, 221, 372, 95, 0, 9.48%, 45, 0, 4, 15750.01, 109039002, 456
6925, 96, 86, 372, 95, 0, 9.48%, 45, 0, 4, 15351.21, 109117925, 456
6930, 96, 38, 372, 95, 0, 9.48%, 45, 0, 4, 15466.43, 109198768, 456
6935, 96, 86, 372, 95, 0, 9.48%, 45, 0, 4, 15470.13, 109278544, 456
6940, 96, 177, 372, 94, 0, 9.48%, 45, 0, 4, 15314.07, 109358510, 456
6946, 96, 79, 372, 93, 0, 9.48%, 45, 0, 4, 15404.44, 109437657, 456
6951, 96, 178, 372, 93, 0, 9.48%, 45, 0, 4, 15209.81, 109516216, 456
6956, 96, 79, 372, 93, 0, 9.48%, 45, 0, 4, 15317.80, 109594336, 456
6961, 96, 32, 372, 93, 0, 9.48%, 45, 0, 4, 15235.13, 109672448, 456
6966, 96, 79, 372, 93, 0, 9.48%, 45, 0, 4, 15535.69, 109752811, 456
6971, 97, 86, 374, 95, 0, 9.48%, 45, 0, 4, 15556.29, 109832501, 456
6976, 97, 38, 374, 95, 0, 9.48%, 45, 0, 4, 15880.87, 109912701, 456
6982, 97, 79, 374, 95, 0, 9.48%, 45, 0, 4, 15795.09, 109993013, 456
6987, 97, 46, 374, 95, 0, 9.48%, 45, 0, 4, 15132.39, 110069402, 456
6992, 97, 86, 374, 95, 0, 9.48%, 45, 0, 4, 15752.96, 110151961, 456
6997, 97, 38, 374, 95, 0, 9.48%, 45, 0, 4, 15746.71, 110231560, 456
7002, 97, 153, 374, 95, 0, 9.48%, 45, 0, 4, 15167.72, 110308069, 456
7007, 97, 46, 374, 95, 0, 9.48%, 45, 0, 4, 14771.33, 110383097, 456
7013, 97, 182, 374, 95, 0, 9.48%, 45, 0, 4, 15014.96, 110461392, 456
7018, 97, 32, 374, 95, 0, 9.48%, 45, 0, 4, 15367.80, 110540610, 456
7023, 97, 148, 374, 95, 0, 9.48%, 45, 0, 4, 15103.00, 110618192, 456
7028, 97, 192, 374, 95, 0, 9.48%, 45, 0, 4, 15267.00, 110695821, 456
7033, 97, 38, 374, 95, 0, 9.48%, 45, 0, 4, 14997.70, 110773499, 456
7038, 97, 178, 374, 95, 0, 9.48%, 45, 0, 4, 14939.69, 110850307, 456
7044, 98, 32, 374, 95, 0, 9.48%, 45, 0, 4, 14707.68, 110926433, 456
7049, 98, 86, 374, 95, 0, 9.48%, 45, 0, 4, 14855.13, 111002747, 456
7054, 98, 79, 374, 95, 0, 9.48%, 45, 0, 4, 15888.42, 111085846, 456
7059, 98, 38, 374, 95, 0, 9.48%, 45, 0, 4, 15590.74, 111167293, 456
7064, 98, 38, 374, 95, 0, 9.48%, 45, 0, 4, 15597.18, 111248589, 456
7069, 98, 153, 374, 95, 0, 9.48%, 45, 0, 4, 15385.13, 111327697, 456
7075, 98, 7, 374, 95, 0, 9.48%, 45, 0, 4, 15179.58, 111406181, 456
7080, 98, 153, 374, 95, 0, 9.48%, 45, 0, 4, 13991.84, 111478832, 456
7085, 98, 79, 374, 95, 0, 9.48%, 45, 0, 4, 14576.62, 111554856, 456
7090, 98, 38, 374, 95, 0, 9.48%, 45, 0, 4, 14917.06, 111633664, 456
7095, 98, 65, 374, 95, 0, 9.48%, 45, 0, 4, 15256.68, 111709297, 456
7100, 98, 178, 374, 95, 0, 9.48%, 45, 0, 4, 15304.36, 111785532, 456
7105, 98, 182, 374, 95, 0, 9.48%, 45, 0, 4, 15074.14, 111862388, 456
7111, 98, 86, 374, 95, 0, 9.48%, 45, 0, 4, 15336.33, 111942941, 456
7116, 98, 2, 374, 95, 0, 9.48%, 45, 0, 4, 15543.12, 112022554, 456
7121, 99, 38, 374, 95, 0, 9.48%, 45, 0, 4, 15443.28, 112103720, 456
7126, 99, 46, 374, 95, 0, 9.48%, 45, 0, 4, 15487.59, 112182666, 456
7131, 99, 182, 374, 95, 0, 9.48%, 45, 0, 4, 15234.75, 112261487, 456
7136, 99, 153, 374, 94, 0, 9.48%, 45, 0, 4, 14834.00, 112339261, 456
7142, 99, 79, 374, 94, 0, 9.48%, 45, 0, 4, 15097.94, 112418190, 456
7147, 99, 46, 374, 94, 0, 9.48%, 45, 0, 4, 14570.43, 112493183, 456
7152, 99, 165, 374, 94, 0, 9.48%, 45, 0, 4, 14680.94, 112569316, 456
7157, 99, 38, 374, 94, 0, 9.48%, 45, 0, 4, 14025.11, 112640293, 456
7162, 99, 86, 374, 94, 0, 9.48%, 45, 0, 4, 14914.85, 112717769, 456
7168, 99, 153, 374, 94, 0, 9.48%, 45, 0, 4, 15121.83, 112796266, 456
7173, 99, 86, 374, 94, 0, 9.48%, 45, 0, 4, 14379.88, 112870004, 456
7178, 99, 91, 374, 94, 0, 9.48%, 45, 0, 4, 14393.80, 112942911, 456
7183, 99, 29, 374, 93, 0, 9.48%, 45, 0, 4, 14740.65, 113018025, 456
7188, 99, 153, 374, 93, 0, 9.48%, 45, 0, 4, 14819.10, 113093693, 456
7193, 99, 192, 374, 93, 0, 9.48%, 45, 0, 4, 14573.44, 113168858, 456
7198, 100, 182, 374, 93, 0, 9.48%, 45, 0, 4, 17726.80, 113259905, 456
7199, 100, 79, 374, 93, 0, 9.48%, 45, 0, 4, 18006.25, 113264056, 456
