# relative_time, cycles_done, cur_item, corpus_count, pending_total, pending_favs, map_size, saved_crashes, saved_hangs, max_depth, execs_per_sec, total_execs, edges_found
60, 0, 31, 137, 101, 0, 5.66%, 0, 0, 4, 24777.76, 1239630, 245
65, 0, 0, 137, 100, 0, 5.66%, 0, 0, 4, 28023.07, 1377207, 245
71, 1, 47, 138, 99, 0, 5.66%, 0, 0, 4, 21924.14, 1489639, 245
76, 1, 92, 141, 97, 0, 5.66%, 0, 0, 4, 20108.72, 1584463, 245
81, 1, 0, 141, 89, 0, 5.66%, 0, 0, 4, 16504.31, 1657699, 245
86, 1, 0, 141, 84, 0, 5.66%, 0, 0, 4, 21772.80, 1778022, 245
91, 1, 26, 141, 79, 0, 5.66%, 0, 0, 4, 18422.44, 1867504, 245
96, 1, 109, 141, 73, 0, 5.66%, 0, 0, 4, 17784.33, 1956366, 245
101, 1, 111, 141, 69, 0, 5.66%, 0, 0, 4, 21782.21, 2058607, 245
106, 1, 36, 142, 68, 0, 5.66%, 0, 0, 4, 24634.10, 2170418, 245
111, 1, 102, 142, 65, 0, 5.66%, 0, 0, 4, 22735.95, 2281392, 245
116, 1, 141, 142, 62, 0, 5.66%, 0, 0, 4, 21334.09, 2384331, 245
121, 1, 31, 142, 58, 0, 5.66%, 0, 0, 4, 19052.06, 2474488, 245
127, 1, 112, 142, 57, 0, 5.66%, 0, 0, 4, 20138.35, 2592066, 245
132, 1, 0, 143, 55, 0, 5.66%, 0, 0, 4, 19866.87, 2686716, 245
137, 2, 0, 148, 55, 0, 5.66%, 0, 0, 4, 20988.10, 2795504, 245
142, 2, 80, 148, 52, 0, 5.66%, 0, 0, 4, 18234.90, 2882907, 245
147, 2, 22, 148, 49, 0, 5.66%, 0, 0, 4, 24066.71, 3008802, 245
152, 2, 140, 148, 48, 0, 5.66%, 0, 0, 4, 24922.65, 3125113, 245
157, 2, 79, 149, 47, 0, 5.66%, 0, 0, 4, 19979.34, 3228884, 245
162, 2, 0, 149, 45, 0, 5.66%, 0, 0, 4, 20877.13, 3333197, 245
167, 2, 121, 149, 43, 0, 5.66%, 0, 0, 4, 22880.89, 3459087, 245
173, 2, 0, 149, 38, 0, 5.66%, 0, 0, 4, 22383.46, 3570410, 245
178, 2, 89, 149, 36, 0, 5.66%, 0, 0, 4, 22635.32, 3686822, 245
183, 2, 78, 150, 34, 0, 5.66%, 0, 0, 5, 17922.12, 3767814, 245
188, 2, 0, 150, 34, 0, 5.66%, 0, 0, 5, 22416.63, 3892247, 245
193, 2, 0, 150, 31, 0, 5.66%, 0, 0, 5, 17253.24, 3982708, 245
198, 2, 110, 150, 31, 0, 5.66%, 0, 0, 5, 17540.15, 4074478, 245
203, 3, 96, 151, 30, 0, 5.66%, 0, 0, 6, 20600.41, 4169750, 245
208, 3, 113, 151, 29, 0, 5.66%, 0, 0, 6, 22723.34, 4298908, 245
214, 3, 91, 151, 29, 0, 5.66%, 0, 0, 6, 27771.10, 4446236, 245
219, 3, 0, 151, 27, 0, 5.66%, 0, 0, 6, 19373.39, 4537216, 245
224, 3, 110, 152, 27, 0, 5.66%, 0, 0, 6, 28604.61, 4691373, 245
229, 3, 96, 152, 25, 0, 5.66%, 0, 0, 6, 25339.17, 4816244, 245
234, 3, 47, 152, 25, 0, 5.66%, 0, 0, 6, 29743.96, 4978550, 245
239, 3, 0, 153, 23, 0, 5.66%, 0, 0, 6, 23461.41, 5092287, 245
244, 3, 152, 156, 26, 0, 5.66%, 0, 0, 6, 19207.96, 5186203, 245
249, 3, 0, 156, 25, 0, 5.66%, 0, 0, 6, 25330.49, 5320229, 245
254, 3, 155, 156, 23, 0, 5.66%, 0, 0, 6, 22154.17, 5440540, 245
259, 3, 110, 158, 24, 0, 5.66%, 0, 0, 6, 18269.75, 5520152, 245
265, 3, 157, 158, 23, 0, 5.66%, 0, 0, 6, 26055.25, 5659079, 245
270, 3, 96, 159, 23, 0, 5.66%, 0, 0, 6, 21224.62, 5748423, 245
275, 3, 139, 161, 24, 0, 5.66%, 0, 0, 6, 21590.62, 5846329, 245
280, 3, 103, 162, 22, 0, 5.66%, 0, 0, 6, 18998.10, 5941412, 245
285, 3, 96, 162, 21, 0, 5.66%, 0, 0, 6, 26450.06, 6074876, 245
290, 4, 168, 179, 37, 0, 5.66%, 0, 0, 6, 2380.24, 6165560, 245
296, 4, 172, 179, 36, 0, 5.66%, 0, 0, 6, 8418.75, 6218426, 245
301, 4, 157, 179, 35, 0, 5.66%, 0, 0, 6, 12960.96, 6284900, 245
306, 4, 171, 179, 35, 0, 5.66%, 0, 0, 6, 8449.36, 6361597, 245
311, 4, 160, 179, 33, 0, 5.66%, 0, 0, 6, 10676.43, 6422351, 245
316, 4, 96, 179, 32, 0, 5.66%, 0, 0, 6, 19644.42, 6524845, 245
321, 4, 173, 179, 31, 0, 5.66%, 0, 0, 6, 7329.38, 6573626, 245
326, 4, 111, 179, 30, 0, 5.66%, 0, 0, 6, 23514.49, 6703223, 245
331, 4, 171, 179, 30, 0, 5.66%, 0, 0, 6, 17583.00, 6795100, 245
336, 4, 0, 179, 28, 0, 5.66%, 0, 0, 6, 21494.65, 6913485, 245
342, 4, 0, 179, 26, 0, 5.66%, 0, 0, 6, 17935.68, 7003501, 245
347, 4, 156, 180, 26, 0, 5.66%, 0, 0, 6, 19613.48, 7102547, 245
352, 4, 77, 180, 25, 0, 5.66%, 0, 0, 6, 21877.50, 7205066, 245
357, 4, 44, 180, 23, 0, 5.66%, 0, 0, 6, 26597.01, 7337952, 245
362, 4, 96, 180, 23, 0, 5.66%, 0, 0, 6, 23297.44, 7438211, 245
367, 4, 169, 180, 22, 0, 5.66%, 0, 0, 6, 16304.71, 7516248, 245
372, 4, 0, 180, 20, 0, 5.66%, 0, 0, 6, 21119.88, 7627543, 245
377, 4, 96, 180, 20, 0, 5.66%, 0, 0, 6, 25420.21, 7763210, 245
382, 4, 96, 180, 19, 0, 5.66%, 0, 0, 6, 27264.93, 7896731, 245
387, 4, 174, 180, 18, 0, 5.66%, 0, 0, 6, 1704.96, 8004423, 245
392, 4, 174, 180, 18, 0, 5.66%, 0, 0, 6, 8817.80, 8054072, 245
397, 4, 172, 180, 17, 0, 5.66%, 0, 0, 6, 15482.10, 8148955, 245
403, 4, 175, 180, 16, 0, 5.66%, 0, 0, 6, 12496.45, 8200611, 245
408, 4, 96, 180, 14, 0, 5.66%, 0, 0, 6, 14399.13, 8269939, 245
413, 4, 167, 180, 14, 0, 5.66%, 0, 0, 6, 15867.92, 8362651, 245
418, 4, 175, 180, 13, 0, 5.66%, 0, 0, 6, 16547.66, 8467113, 245
423, 4, 31, 180, 12, 0, 5.66%, 0, 0, 6, 21501.25, 8567599, 245
428, 5, 36, 180, 11, 0, 5.66%, 0, 0, 6, 23048.32, 8694385, 245
433, 5, 0, 180, 10, 0, 5.66%, 0, 0, 6, 24169.85, 8811110, 245
438, 5, 31, 180, 7, 0, 5.66%, 0, 0, 6, 15671.05, 8878110, 245
444, 5, 0, 180, 6, 0, 5.66%, 0, 0, 6, 23408.14, 9001526, 245
449, 5, 113, 180, 5, 0, 5.66%, 0, 0, 6, 23307.44, 9127475, 245
454, 5, 0, 180, 4, 0, 5.66%, 0, 0, 6, 28109.44, 9265350, 245
459, 5, 0, 180, 4, 0, 5.66%, 0, 0, 6, 25613.51, 9391456, 245
464, 5, 0, 180, 3, 0, 5.66%, 0, 0, 6, 24873.30, 9512393, 245
469, 5, 0, 180, 3, 0, 5.66%, 0, 0, 6, 18892.11, 9603394, 245
474, 5, 47, 180, 3, 0, 5.66%, 0, 0, 6, 21125.19, 9711639, 245
479, 5, 96, 180, 3, 0, 5.66%, 0, 0, 6, 21162.83, 9829383, 245
484, 5, 92, 180, 3, 0, 5.66%, 0, 0, 6, 22366.02, 9951650, 245
489, 5, 0, 180, 3, 0, 5.66%, 0, 0, 6, 21945.83, 10072938, 245
494, 5, 175, 180, 3, 0, 5.66%, 0, 0, 6, 15266.59, 10150897, 245
499, 5, 96, 180, 3, 0, 5.66%, 0, 0, 6, 19402.60, 10248276, 245
504, 5, 96, 180, 2, 0, 5.66%, 0, 0, 6, 25616.99, 10393573, 245
509, 6, 75, 180, 2, 0, 5.66%, 0, 0, 6, 18453.24, 10480829, 245
515, 6, 123, 180, 2, 0, 5.66%, 0, 0, 6, 20146.76, 10583859, 245
520, 6, 96, 180, 2, 0, 5.66%, 0, 0, 6, 17686.79, 10672177, 245
525, 6, 96, 180, 2, 0, 5.66%, 0, 0, 6, 23716.66, 10796598, 245
530, 6, 31, 180, 2, 0, 5.66%, 0, 0, 6, 25413.24, 10932270, 245
535, 6, 96, 180, 2, 0, 5.66%, 0, 0, 6, 25964.15, 11064817, 245
540, 6, 175, 180, 2, 0, 5.66%, 0, 0, 6, 14056.22, 11121271, 245
545, 6, 172, 180, 2, 0, 5.66%, 0, 0, 6, 15467.23, 11207933, 245
550, 6, 0, 180, 2, 0, 5.66%, 0, 0, 6, 17982.30, 11298133, 245
556, 6, 0, 180, 2, 0, 5.66%, 0, 0, 6, 23024.88, 11415444, 245
561, 6, 145, 180, 2, 0, 5.66%, 0, 0, 6, 22549.05, 11532799, 245
566, 6, 0, 180, 0, 0, 5.66%, 0, 0, 6, 20469.95, 11632328, 245
571, 6, 113, 180, 0, 0, 5.66%, 0, 0, 6, 23420.93, 11753451, 245
576, 6, 0, 180, 0, 0, 5.66%, 0, 0, 6, 24457.86, 11887740, 245
581, 6, 96, 180, 0, 0, 5.66%, 0, 0, 6, 21764.21, 11984241, 245
586, 7, 26, 180, 0, 0, 5.66%, 0, 0, 6, 23174.44, 12109892, 245
591, 7, 0, 180, 0, 0, 5.66%, 0, 0, 6, 20717.52, 12211130, 245
596, 7, 168, 180, 0, 0, 5.66%, 0, 0, 6, 20298.98, 12322747, 245
602, 7, 0, 180, 0, 0, 5.66%, 0, 0, 6, 22309.17, 12417933, 245
607, 7, 96, 180, 0, 0, 5.66%, 0, 0, 6, 25447.16, 12557646, 245
612, 7, 96, 180, 0, 0, 5.66%, 0, 0, 6, 23323.68, 12664364, 245
617, 7, 96, 180, 0, 0, 5.66%, 0, 0, 6, 24420.07, 12781546, 245
622, 7, 96, 180, 0, 0, 5.66%, 0, 0, 6, 21505.40, 12879235, 245
627, 7, 0, 180, 0, 0, 5.66%, 0, 0, 6, 25966.52, 13011972, 245
632, 7, 129, 180, 0, 0, 5.66%, 0, 0, 6, 16861.82, 13085272, 245
637, 7, 80, 180, 0, 0, 5.66%, 0, 0, 6, 20773.76, 13201215, 245
642, 7, 109, 180, 0, 0, 5.66%, 0, 0, 6, 22506.43, 13316473, 245
647, 7, 0, 180, 0, 0, 5.66%, 0, 0, 6, 23906.61, 13438217, 245
652, 7, 166, 180, 0, 0, 5.66%, 0, 0, 6, 17438.71, 13514881, 245
657, 8, 96, 180, 0, 0, 5.66%, 0, 0, 6, 21405.25, 13626672, 245
662, 8, 31, 180, 0, 0, 5.66%, 0, 0, 6, 21824.51, 13738476, 245
667, 8, 31, 180, 0, 0, 5.66%, 0, 0, 6, 21641.01, 13853060, 245
672, 8, 96, 181, 1, 0, 5.66%, 0, 0, 6, 18525.69, 13941852, 245
678, 8, 180, 183, 3, 0, 5.66%, 0, 0, 6, 9330.83, 14001944, 245
683, 8, 180, 183, 3, 0, 5.66%, 0, 0, 6, 10743.72, 14056352, 245
688, 8, 180, 183, 3, 0, 5.66%, 0, 0, 6, 10938.39, 14115867, 245
693, 8, 94, 183, 2, 0, 5.66%, 0, 0, 6, 19439.67, 14208258, 245
698, 8, 96, 183, 2, 0, 5.66%, 0, 0, 6, 21113.91, 14322205, 245
703, 8, 96, 183, 2, 0, 5.66%, 0, 0, 6, 23746.95, 14442903, 245
708, 8, 0, 183, 2, 0, 5.66%, 0, 0, 6, 24425.48, 14572287, 245
713, 8, 181, 183, 2, 0, 5.66%, 0, 0, 6, 2836.42, 14678670, 245
718, 8, 160, 183, 1, 0, 5.66%, 0, 0, 6, 8998.39, 14733300, 245
723, 8, 181, 183, 1, 0, 5.66%, 0, 0, 6, 13072.23, 14808750, 245
728, 8, 96, 183, 1, 0, 5.66%, 0, 0, 6, 17432.96, 14901133, 245
733, 8, 96, 183, 1, 0, 5.66%, 0, 0, 6, 19780.09, 15005150, 245
738, 8, 182, 183, 1, 0, 5.66%, 0, 0, 6, 6595.47, 15068199, 245
743, 8, 0, 183, 0, 0, 5.66%, 0, 0, 6, 16430.13, 15152865, 245
749, 8, 0, 183, 0, 0, 5.66%, 0, 0, 6, 20205.17, 15267322, 245
754, 9, 96, 183, 0, 0, 5.66%, 0, 0, 6, 20386.29, 15367281, 245
759, 9, 96, 183, 0, 0, 5.66%, 0, 0, 6, 19456.52, 15470535, 245
764, 9, 159, 183, 0, 0, 5.66%, 0, 0, 6, 22143.31, 15585754, 245
769, 9, 123, 183, 0, 0, 5.66%, 0, 0, 6, 19586.34, 15686802, 245
774, 9, 167, 183, 0, 0, 5.66%, 0, 0, 6, 24383.70, 15820194, 245
779, 9, 0, 183, 0, 0, 5.66%, 0, 0, 6, 20448.31, 15914565, 245
784, 9, 130, 183, 0, 0, 5.66%, 0, 0, 6, 25649.39, 16052126, 245
789, 9, 0, 183, 0, 0, 5.66%, 0, 0, 6, 22933.19, 16167397, 245
795, 9, 96, 183, 0, 0, 5.66%, 0, 0, 6, 18041.71, 16246461, 245
800, 9, 0, 183, 0, 0, 5.66%, 0, 0, 6, 19366.68, 16362231, 245
805, 9, 0, 183, 0, 0, 5.66%, 0, 0, 6, 24281.82, 16485834, 245
810, 9, 96, 183, 0, 0, 5.66%, 0, 0, 6, 21415.62, 16593287, 245
815, 9, 180, 183, 0, 0, 5.66%, 0, 0, 6, 17455.14, 16687131, 245
820, 9, 148, 183, 0, 0, 5.66%, 0, 0, 6, 16553.23, 16769031, 245
825, 10, 18, 183, 0, 0, 5.66%, 0, 0, 6, 22403.53, 16884381, 245
830, 10, 96, 183, 0, 0, 5.66%, 0, 0, 6, 19094.69, 16973679, 245
835, 10, 182, 183, 0, 0, 5.66%, 0, 0, 6, 23062.21, 17105163, 245
840, 10, 0, 183, 0, 0, 5.66%, 0, 0, 6, 14871.15, 17163570, 245
845, 10, 96, 183, 0, 0, 5.66%, 0, 0, 6, 17549.40, 17251848, 245
851, 10, 112, 183, 0, 0, 5.66%, 0, 0, 6, 22788.76, 17374946, 245
856, 10, 163, 183, 0, 0, 5.66%, 0, 0, 6, 20443.34, 17478615, 245
861, 10, 159, 183, 0, 0, 5.66%, 0, 0, 6, 16303.66, 17554492, 245
866, 10, 96, 183, 0, 0, 5.66%, 0, 0, 6, 22914.52, 17676435, 245
871, 10, 31, 183, 0, 0, 5.66%, 0, 0, 6, 22836.98, 17786343, 245
876, 10, 170, 183, 0, 0, 5.66%, 0, 0, 6, 19245.51, 17883828, 245
881, 10, 29, 183, 0, 0, 5.66%, 0, 0, 6, 18713.94, 17968247, 245
886, 10, 96, 183, 0, 0, 5.66%, 0, 0, 6, 24941.79, 18099345, 245
891, 10, 113, 183, 0, 0, 5.66%, 0, 0, 6, 20106.71, 18187200, 245
896, 10, 142, 183, 0, 0, 5.66%, 0, 0, 6, 22137.23, 18298895, 245
902, 10, 175, 183, 0, 0, 5.66%, 0, 0, 6, 19750.17, 18396573, 245
907, 10, 0, 183, 0, 0, 5.66%, 0, 0, 6, 19716.45, 18481025, 245
912, 10, 0, 183, 0, 0, 5.66%, 0, 0, 6, 16910.86, 18554416, 245
917, 11, 96, 183, 0, 0, 5.66%, 0, 0, 6, 22275.25, 18664211, 245
922, 11, 96, 183, 0, 0, 5.66%, 0, 0, 6, 27007.70, 18799246, 245
927, 11, 95, 183, 0, 0, 5.66%, 0, 0, 6, 22730.84, 18906194, 245
932, 11, 96, 183, 0, 0, 5.66%, 0, 0, 6, 20721.04, 19007747, 245
937, 11, 96, 183, 0, 0, 5.66%, 0, 0, 6, 26567.11, 19158659, 245
942, 11, 0, 183, 0, 0, 5.66%, 0, 0, 6, 24798.47, 19279792, 245
948, 11, 0, 183, 0, 0, 5.66%, 0, 0, 6, 20991.27, 19385124, 245
953, 11, 164, 183, 0, 0, 5.66%, 0, 0, 6, 21277.37, 19500799, 245
958, 11, 152, 183, 0, 0, 5.66%, 0, 0, 6, 23648.54, 19631476, 245
963, 11, 77, 183, 0, 0, 5.66%, 0, 0, 6, 20045.88, 19726489, 245
968, 11, 96, 183, 0, 0, 5.66%, 0, 0, 6, 21226.25, 19841677, 245
973, 11, 180, 183, 0, 0, 5.66%, 0, 0, 6, 20865.37, 19947307, 245
978, 11, 141, 183, 0, 0, 5.66%, 0, 0, 6, 16951.12, 20027680, 245
983, 11, 82, 183, 0, 0, 5.66%, 0, 0, 6, 21901.31, 20137218, 245
989, 12, 101, 183, 0, 0, 5.66%, 0, 0, 6, 19333.09, 20247260, 245
994, 12, 96, 183, 0, 0, 5.66%, 0, 0, 6, 22492.02, 20347775, 245
999, 12, 96, 183, 0, 0, 5.66%, 0, 0, 6, 19094.61, 20444103, 245
1004, 12, 0, 183, 0, 0, 5.66%, 0, 0, 6, 21981.13, 20558488, 245
1009, 12, 0, 183, 0, 0, 5.66%, 0, 0, 6, 19952.69, 20665665, 245
1014, 12, 0, 183, 0, 0, 5.66%, 0, 0, 6, 24624.21, 20793807, 245
1019, 12, 0, 183, 0, 0, 5.66%, 0, 0, 6, 20726.60, 20899899, 245
1024, 12, 182, 183, 0, 0, 5.66%, 0, 0, 6, 17368.39, 20993512, 245
1029, 12, 96, 183, 0, 0, 5.66%, 0, 0, 6, 18280.69, 21097942, 245
1034, 12, 149, 183, 0, 0, 5.66%, 0, 0, 6, 19515.53, 21203735, 245
1039, 12, 163, 183, 0, 0, 5.66%, 0, 0, 6, 22428.99, 21327048, 245
1045, 12, 65, 183, 0, 0, 5.66%, 0, 0, 6, 23028.95, 21434327, 245
1050, 12, 110, 183, 0, 0, 5.66%, 0, 0, 6, 21143.36, 21543038, 245
1055, 12, 169, 183, 0, 0, 5.66%, 0, 0, 6, 19796.64, 21653269, 245
1060, 13, 172, 183, 0, 0, 5.66%, 0, 0, 6, 14447.61, 21729048, 245
1065, 13, 154, 183, 0, 0, 5.66%, 0, 0, 6, 19252.88, 21829389, 245
1070, 13, 170, 183, 0, 0, 5.66%, 0, 0, 6, 14663.16, 21911290, 245
1075, 13, 0, 183, 0, 0, 5.66%, 0, 0, 6, 23472.63, 22031767, 245
1080, 13, 181, 183, 0, 0, 5.66%, 0, 0, 6, 18258.99, 22127378, 245
1085, 13, 101, 183, 0, 0, 5.66%, 0, 0, 6, 19589.15, 22218689, 245
1090, 13, 96, 183, 0, 0, 5.66%, 0, 0, 6, 22032.97, 22318258, 245
1095, 13, 172, 183, 0, 0, 5.66%, 0, 0, 6, 16274.92, 22403512, 245
1101, 13, 112, 183, 0, 0, 5.66%, 0, 0, 6, 20881.19, 22515441, 245
1106, 13, 0, 183, 0, 0, 5.66%, 0, 0, 6, 22141.18, 22631104, 245
1111, 13, 113, 183, 0, 0, 5.66%, 0, 0, 6, 21590.77, 22727748, 245
1116, 13, 31, 183, 0, 0, 5.66%, 0, 0, 6, 24908.18, 22852649, 245
1121, 13, 96, 183, 0, 0, 5.66%, 0, 0, 6, 22915.47, 22956668, 245
1126, 13, 96, 183, 0, 0, 5.66%, 0, 0, 6, 22574.49, 23068560, 245
1131, 13, 130, 183, 0, 0, 5.66%, 0, 0, 6, 20193.91, 23178884, 245
1136, 14, 0, 183, 0, 0, 5.66%, 0, 0, 6, 24907.50, 23313993, 245
1141, 14, 96, 183, 0, 0, 5.66%, 0, 0, 6, 20593.53, 23407412, 245
1146, 14, 172, 183, 0, 0, 5.66%, 0, 0, 6, 21988.54, 23526416, 245
1151, 14, 0, 183, 0, 0, 5.66%, 0, 0, 6, 17802.27, 23597238, 245
1156, 14, 162, 183, 0, 0, 5.66%, 0, 0, 6, 19359.46, 23689962, 245
1161, 14, 0, 183, 0, 0, 5.66%, 0, 0, 6, 18637.13, 23783568, 245
1166, 14, 124, 183, 0, 0, 5.66%, 0, 0, 6, 23751.58, 23911160, 245
1171, 14, 45, 183, 0, 0, 5.66%, 0, 0, 6, 24328.38, 24026374, 245
1177, 14, 96, 183, 0, 0, 5.66%, 0, 0, 6, 27897.78, 24169850, 245
1182, 14, 0, 183, 0, 0, 5.66%, 0, 0, 6, 24038.98, 24279828, 245
1187, 14, 92, 183, 0, 0, 5.66%, 0, 0, 6, 23606.22, 24400714, 245
1192, 14, 157, 183, 0, 0, 5.66%, 0, 0, 6, 19540.00, 24490612, 245
1197, 14, 174, 183, 0, 0, 5.66%, 0, 0, 6, 14970.17, 24569383, 245
1202, 14, 0, 183, 0, 0, 5.66%, 0, 0, 6, 19255.69, 24658784, 245
1207, 15, 96, 183, 0, 0, 5.66%, 0, 0, 6, 21840.96, 24774692, 245
1212, 15, 0, 183, 0, 0, 5.66%, 0, 0, 6, 18011.85, 24864072, 245
1217, 15, 160, 183, 0, 0, 5.66%, 0, 0, 6, 17851.01, 24963604, 245
1222, 15, 96, 183, 0, 0, 5.66%, 0, 0, 6, 22585.76, 25075599, 245
1227, 15, 155, 183, 0, 0, 5.66%, 0, 0, 6, 16542.96, 25164440, 245
1233, 15, 4, 183, 0, 0, 5.66%, 0, 0, 6, 20187.05, 25268625, 245
1238, 15, 96, 183, 0, 0, 5.66%, 0, 0, 6, 22177.01, 25386655, 245
1243, 15, 0, 183, 0, 0, 5.66%, 0, 0, 6, 25175.96, 25517845, 245
1248, 15, 87, 183, 0, 0, 5.66%, 0, 0, 6, 22598.10, 25633302, 245
1253, 15, 182, 183, 0, 0, 5.66%, 0, 0, 6, 15754.70, 25706267, 245
1258, 15, 110, 183, 0, 0, 5.66%, 0, 0, 6, 17815.33, 25800373, 245
1263, 15, 0, 183, 0, 0, 5.66%, 0, 0, 6, 16752.28, 25878674, 245
1268, 15, 96, 183, 0, 0, 5.66%, 0, 0, 6, 19321.72, 25990858, 245
1273, 15, 96, 183, 0, 0, 5.66%, 0, 0, 6, 23420.53, 26118148, 245
1279, 15, 42, 183, 0, 0, 5.66%, 0, 0, 6, 20448.74, 26220726, 245
1284, 15, 96, 183, 0, 0, 5.66%, 0, 0, 6, 26781.42, 26359113, 245
1289, 16, 96, 183, 0, 0, 5.66%, 0, 0, 6, 21188.30, 26470276, 245
1294, 16, 169, 183, 0, 0, 5.66%, 0, 0, 6, 21776.45, 26586343, 245
1299, 16, 4, 183, 0, 0, 5.66%, 0, 0, 6, 21762.32, 26688768, 245
1304, 16, 105, 183, 0, 0, 5.66%, 0, 0, 6, 20371.21, 26793114, 245
1309, 16, 96, 183, 0, 0, 5.66%, 0, 0, 6, 19851.23, 26902921, 245
1314, 16, 146, 183, 0, 0, 5.66%, 0, 0, 6, 22923.52, 27022547, 245
1319, 16, 181, 183, 0, 0, 5.66%, 0, 0, 6, 17152.44, 27113129, 245
1325, 16, 96, 183, 0, 0, 5.66%, 0, 0, 6, 23941.91, 27234314, 245
1330, 16, 96, 183, 0, 0, 5.66%, 0, 0, 6, 22027.10, 27347683, 245
1335, 16, 31, 183, 0, 0, 5.66%, 0, 0, 6, 16955.02, 27421931, 245
1340, 16, 173, 183, 0, 0, 5.66%, 0, 0, 6, 14599.37, 27502777, 245
1345, 16, 149, 183, 0, 0, 5.66%, 0, 0, 6, 21105.18, 27622303, 245
1350, 16, 96, 183, 0, 0, 5.66%, 0, 0, 6, 21000.38, 27733731, 245
1355, 16, 172, 183, 0, 0, 5.66%, 0, 0, 6, 21729.86, 27848169, 245
1360, 16, 96, 183, 0, 0, 5.66%, 0, 0, 6, 16281.15, 27914612, 245
1366, 17, 0, 183, 0, 0, 5.66%, 0, 0, 6, 21157.23, 28023644, 245
1371, 17, 96, 183, 0, 0, 5.66%, 0, 0, 6, 17222.30, 28100967, 245
1376, 17, 181, 183, 0, 0, 5.66%, 0, 0, 6, 16351.51, 28191304, 245
1381, 17, 80, 183, 0, 0, 5.66%, 0, 0, 6, 20515.34, 28297144, 245
1386, 17, 0, 183, 0, 0, 5.66%, 0, 0, 6, 21456.21, 28393266, 245
1391, 17, 0, 183, 0, 0, 5.66%, 0, 0, 6, 20675.80, 28497749, 245
1396, 17, 111, 183, 0, 0, 5.66%, 0, 0, 6, 14746.34, 28559996, 245
1401, 17, 31, 183, 0, 0, 5.66%, 0, 0, 6, 19921.13, 28669038, 245
1406, 17, 0, 183, 0, 0, 5.66%, 0, 0, 6, 21944.81, 28775337, 245
1411, 17, 0, 183, 0, 0, 5.66%, 0, 0, 6, 22038.32, 28887249, 245
1416, 17, 45, 183, 0, 0, 5.66%, 0, 0, 6, 26299.48, 29028099, 245
1421, 17, 96, 183, 0, 0, 5.66%, 0, 0, 6, 21998.46, 29123864, 245
1427, 17, 96, 183, 0, 0, 5.66%, 0, 0, 6, 20649.87, 29227405, 245
1432, 17, 172, 183, 0, 0, 5.66%, 0, 0, 6, 15810.92, 29308836, 245
1437, 17, 82, 183, 0, 0, 5.66%, 0, 0, 6, 21243.64, 29419556, 245
1442, 17, 96, 183, 0, 0, 5.66%, 0, 0, 6, 21450.11, 29518437, 245
1447, 18, 96, 183, 0, 0, 5.66%, 0, 0, 6, 23866.59, 29645163, 245
1452, 18, 112, 183, 0, 0, 5.66%, 0, 0, 6, 21233.15, 29735331, 245
1457, 18, 0, 183, 0, 0, 5.66%, 0, 0, 6, 19355.27, 29831544, 245
1462, 18, 0, 183, 0, 0, 5.66%, 0, 0, 6, 18002.92, 29908637, 245
1467, 18, 146, 183, 0, 0, 5.66%, 0, 0, 6, 20161.79, 30016869, 245
1472, 18, 0, 183, 0, 0, 5.66%, 0, 0, 6, 19363.72, 30100201, 245
1477, 18, 96, 183, 0, 0, 5.66%, 0, 0, 6, 24120.08, 30237375, 245
1482, 18, 162, 183, 0, 0, 5.66%, 0, 0, 6, 21756.75, 30346234, 245
1487, 18, 160, 183, 0, 0, 5.66%, 0, 0, 6, 23708.34, 30470568, 245
1493, 18, 157, 183, 0, 0, 5.66%, 0, 0, 6, 18951.82, 30561138, 245
1498, 18, 0, 183, 0, 0, 5.66%, 0, 0, 6, 20871.54, 30672434, 245
1503, 18, 0, 183, 0, 0, 5.66%, 0, 0, 6, 23890.77, 30787644, 245
1508, 18, 96, 183, 0, 0, 5.66%, 0, 0, 6, 21035.21, 30895694, 245
1513, 18, 123, 183, 0, 0, 5.66%, 0, 0, 6, 18127.31, 30989667, 245
1518, 18, 0, 183, 0, 0, 5.66%, 0, 0, 6, 20460.88, 31110418, 245
1523, 19, 0, 183, 0, 0, 5.66%, 0, 0, 6, 26511.79, 31247577, 245
1528, 19, 96, 183, 0, 0, 5.66%, 0, 0, 6, 26340.67, 31371532, 245
1534, 19, 0, 183, 0, 0, 5.66%, 0, 0, 6, 20155.94, 31471717, 245
1539, 19, 96, 183, 0, 0, 5.66%, 0, 0, 6, 22025.25, 31590345, 245
1544, 19, 4, 183, 0, 0, 5.66%, 0, 0, 6, 23688.58, 31709674, 245
1549, 19, 0, 183, 0, 0, 5.66%, 0, 0, 6, 20022.06, 31806756, 245
1554, 19, 143, 183, 0, 0, 5.66%, 0, 0, 6, 23284.90, 31927315, 245
1559, 19, 0, 183, 0, 0, 5.66%, 0, 0, 6, 17899.51, 32016035, 245
1564, 19, 0, 183, 0, 0, 5.66%, 0, 0, 6, 21650.57, 32130110, 245
1569, 19, 96, 183, 0, 0, 5.66%, 0, 0, 6, 20428.41, 32227884, 245
1574, 19, 96, 183, 0, 0, 5.66%, 0, 0, 6, 22412.37, 32347630, 245
1579, 19, 96, 183, 0, 0, 5.66%, 0, 0, 6, 15278.14, 32423413, 245
1584, 19, 80, 183, 0, 0, 5.66%, 0, 0, 6, 21593.33, 32541908, 245
1589, 20, 91, 183, 0, 0, 5.66%, 0, 0, 6, 20283.67, 32637907, 245
1595, 20, 45, 183, 0, 0, 5.66%, 0, 0, 6, 21471.53, 32747980, 245
1600, 20, 96, 183, 0, 0, 5.66%, 0, 0, 6, 22046.63, 32866905, 245
1605, 20, 96, 183, 0, 0, 5.66%, 0, 0, 6, 27310.18, 33018332, 245
1610, 20, 96, 183, 0, 0, 5.66%, 0, 0, 6, 23322.82, 33133396, 245
1615, 20, 149, 183, 0, 0, 5.66%, 0, 0, 6, 23833.58, 33251297, 245
1620, 20, 96, 183, 0, 0, 5.66%, 0, 0, 6, 22704.92, 33367809, 245
1625, 20, 150, 183, 0, 0, 5.66%, 0, 0, 6, 25945.07, 33500982, 245
1630, 20, 113, 183, 0, 0, 5.66%, 0, 0, 6, 20282.48, 33600484, 245
1635, 20, 0, 183, 0, 0, 5.66%, 0, 0, 6, 21865.04, 33705304, 245
1640, 20, 0, 183, 0, 0, 5.66%, 0, 0, 6, 17047.70, 33778550, 245
1646, 20, 96, 183, 0, 0, 5.66%, 0, 0, 6, 19533.39, 33884570, 245
1651, 20, 166, 183, 0, 0, 5.66%, 0, 0, 6, 15566.75, 33967861, 245
1656, 20, 0, 183, 0, 0, 5.66%, 0, 0, 6, 17636.71, 34051143, 245
1661, 21, 0, 183, 0, 0, 5.66%, 0, 0, 6, 16346.35, 34138345, 245
1666, 21, 170, 183, 0, 0, 5.66%, 0, 0, 6, 17272.23, 34228001, 245
1671, 21, 96, 183, 0, 0, 5.66%, 0, 0, 6, 23072.33, 34329551, 245
1676, 21, 96, 183, 0, 0, 5.66%, 0, 0, 6, 24407.22, 34445460, 245
1681, 21, 41, 183, 0, 0, 5.66%, 0, 0, 6, 21474.69, 34546152, 245
1686, 21, 181, 183, 0, 0, 5.66%, 0, 0, 6, 18522.18, 34649570, 245
1692, 21, 152, 183, 0, 0, 5.66%, 0, 0, 6, 17711.21, 34740224, 245
1697, 21, 0, 183, 0, 0, 5.66%, 0, 0, 6, 21344.56, 34851706, 245
1702, 21, 96, 183, 0, 0, 5.66%, 0, 0, 6, 23938.09, 34960515, 245
1707, 21, 96, 183, 0, 0, 5.66%, 0, 0, 6, 23747.64, 35084273, 245
1712, 21, 173, 183, 0, 0, 5.66%, 0, 0, 6, 18760.34, 35180197, 245
1717, 21, 125, 183, 0, 0, 5.66%, 0, 0, 6, 21258.71, 35283943, 245
1722, 21, 173, 183, 0, 0, 5.66%, 0, 0, 6, 21322.60, 35387591, 245
1727, 21, 96, 183, 0, 0, 5.66%, 0, 0, 6, 19186.99, 35471365, 245
1733, 21, 108, 183, 0, 0, 5.66%, 0, 0, 6, 22223.13, 35590280, 245
1738, 22, 0, 183, 0, 0, 5.66%, 0, 0, 6, 21077.83, 35698513, 245
1743, 22, 96, 183, 0, 0, 5.66%, 0, 0, 6, 20681.24, 35798265, 245
1748, 22, 77, 183, 0, 0, 5.66%, 0, 0, 6, 15063.87, 35867878, 245
1753, 22, 96, 183, 0, 0, 5.66%, 0, 0, 6, 18682.78, 35968635, 245
1758, 22, 0, 183, 0, 0, 5.66%, 0, 0, 6, 21122.57, 36083362, 245
1763, 22, 96, 183, 0, 0, 5.66%, 0, 0, 6, 21105.57, 36180770, 245
1768, 22, 0, 183, 0, 0, 5.66%, 0, 0, 6, 22511.45, 36303073, 245
1773, 22, 150, 183, 0, 0, 5.66%, 0, 0, 6, 18827.93, 36396320, 245
1778, 22, 172, 183, 0, 0, 5.66%, 0, 0, 6, 15038.11, 36483351, 245
1783, 22, 0, 183, 0, 0, 5.66%, 0, 0, 6, 21263.20, 36591605, 245
1789, 22, 61, 183, 0, 0, 5.66%, 0, 0, 6, 19793.84, 36686641, 245
1794, 22, 96, 183, 0, 0, 5.66%, 0, 0, 6, 21128.17, 36793220, 245
1799, 22, 180, 183, 0, 0, 5.66%, 0, 0, 6, 17070.99, 36889866, 245
1804, 22, 158, 183, 0, 0, 5.66%, 0, 0, 6, 20368.99, 36987965, 245
1809, 22, 177, 183, 0, 0, 5.66%, 0, 0, 6, 19029.10, 37090208, 245
1814, 23, 96, 183, 0, 0, 5.66%, 0, 0, 6, 20407.78, 37196505, 245
1819, 23, 96, 183, 0, 0, 5.66%, 0, 0, 6, 19843.69, 37297037, 245
1824, 23, 96, 183, 0, 0, 5.66%, 0, 0, 6, 23711.04, 37413947, 245
1829, 23, 0, 183, 0, 0, 5.66%, 0, 0, 6, 21834.24, 37530036, 245
1834, 23, 143, 183, 0, 0, 5.66%, 0, 0, 6, 21022.01, 37641116, 245
1839, 23, 163, 183, 0, 0, 5.66%, 0, 0, 6, 18550.98, 37738264, 245
1844, 23, 96, 183, 0, 0, 5.66%, 0, 0, 6, 21710.04, 37849650, 245
1849, 23, 96, 183, 0, 0, 5.66%, 0, 0, 6, 20045.10, 37946869, 245
1855, 23, 150, 183, 0, 0, 5.66%, 0, 0, 6, 22269.23, 38068498, 245
1860, 23, 0, 183, 0, 0, 5.66%, 0, 0, 6, 19176.34, 38171820, 245
1865, 23, 175, 183, 0, 0, 5.66%, 0, 0, 6, 16645.29, 38251547, 245
1870, 23, 141, 183, 0, 0, 5.66%, 0, 0, 6, 13276.93, 38311037, 245
1875, 23, 182, 183, 0, 0, 5.66%, 0, 0, 6, 13369.81, 38386905, 245
1880, 23, 162, 183, 0, 0, 5.66%, 0, 0, 6, 18016.88, 38480140, 245
1885, 23, 165, 183, 0, 0, 5.66%, 0, 0, 6, 23207.00, 38597529, 245
1890, 24, 31, 183, 0, 0, 5.66%, 0, 0, 6, 18609.11, 38690508, 245
1895, 24, 152, 183, 0, 0, 5.66%, 0, 0, 6, 23287.56, 38816551, 245
1900, 24, 96, 183, 0, 0, 5.66%, 0, 0, 6, 20693.78, 38918134, 245
1905, 24, 175, 183, 0, 0, 5.66%, 0, 0, 6, 17060.47, 39009110, 245
1910, 24, 0, 183, 0, 0, 5.66%, 0, 0, 6, 19403.99, 39096397, 245
1915, 24, 31, 183, 0, 0, 5.66%, 0, 0, 6, 22646.55, 39218672, 245
1920, 24, 96, 183, 0, 0, 5.66%, 0, 0, 6, 19821.20, 39310656, 245
1926, 24, 96, 183, 0, 0, 5.66%, 0, 0, 6, 20316.18, 39398767, 245
1931, 24, 0, 183, 0, 0, 5.66%, 0, 0, 6, 20961.26, 39513819, 245
1936, 24, 110, 183, 0, 0, 5.66%, 0, 0, 6, 21034.96, 39613938, 245
1941, 24, 173, 183, 0, 0, 5.66%, 0, 0, 6, 19084.53, 39717667, 245
1946, 24, 162, 183, 0, 0, 5.66%, 0, 0, 6, 21297.72, 39815376, 245
1951, 24, 31, 183, 0, 0, 5.66%, 0, 0, 6, 23123.05, 39941004, 245
1956, 24, 174, 183, 0, 0, 5.66%, 0, 0, 6, 21815.40, 40057136, 245
1961, 24, 96, 183, 0, 0, 5.66%, 0, 0, 6, 17995.13, 40128469, 245
1966, 25, 87, 183, 0, 0, 5.66%, 0, 0, 6, 23671.11, 40257198, 245
1972, 25, 12, 183, 0, 0, 5.66%, 0, 0, 6, 26005.51, 40387147, 245
1977, 25, 93, 183, 0, 0, 5.66%, 0, 0, 6, 21397.83, 40496308, 245
1982, 25, 0, 183, 0, 0, 5.66%, 0, 0, 6, 15171.62, 40560184, 245
1987, 25, 0, 183, 0, 0, 5.66%, 0, 0, 6, 24461.59, 40697274, 245
1992, 25, 0, 183, 0, 0, 5.66%, 0, 0, 6, 19131.28, 40780958, 245
1997, 25, 42, 183, 0, 0, 5.66%, 0, 0, 6, 20076.59, 40876696, 245
2002, 25, 96, 183, 0, 0, 5.66%, 0, 0, 6, 19062.40, 40967296, 245
2007, 25, 175, 183, 0, 0, 5.66%, 0, 0, 6, 18080.34, 41070395, 245
2012, 25, 0, 183, 0, 0, 5.66%, 0, 0, 6, 21004.71, 41158628, 245
2017, 25, 0, 183, 0, 0, 5.66%, 0, 0, 6, 25776.46, 41296545, 245
2022, 25, 178, 183, 0, 0, 5.66%, 0, 0, 6, 23498.37, 41414324, 245
2027, 25, 164, 183, 0, 0, 5.66%, 0, 0, 6, 20163.82, 41517530, 245
2033, 25, 149, 183, 0, 0, 5.66%, 0, 0, 6, 21216.60, 41627683, 245
2038, 25, 150, 183, 0, 0, 5.66%, 0, 0, 6, 24021.21, 41758498, 245
2043, 26, 0, 183, 0, 0, 5.66%, 0, 0, 6, 20935.58, 41855105, 245
2048, 26, 98, 183, 0, 0, 5.66%, 0, 0, 6, 22417.97, 41974871, 245
2053, 26, 150, 183, 0, 0, 5.66%, 0, 0, 6, 17262.36, 42061693, 245
2058, 26, 168, 183, 0, 0, 5.66%, 0, 0, 6, 15307.33, 42148133, 245
2063, 26, 0, 183, 0, 0, 5.66%, 0, 0, 6, 23773.31, 42260026, 245
2068, 26, 148, 183, 0, 0, 5.66%, 0, 0, 6, 22120.62, 42383472, 245
2073, 26, 0, 183, 0, 0, 5.66%, 0, 0, 6, 21475.67, 42477357, 245
2078, 26, 101, 183, 0, 0, 5.66%, 0, 0, 6, 19827.30, 42581560, 245
2083, 26, 0, 183, 0, 0, 5.66%, 0, 0, 6, 24291.02, 42702354, 245
2088, 26, 96, 183, 0, 0, 5.66%, 0, 0, 6, 23624.02, 42821619, 245
2094, 26, 129, 183, 0, 0, 5.66%, 0, 0, 6, 21110.82, 42923869, 245
2099, 26, 0, 183, 0, 0, 5.66%, 0, 0, 6, 22786.70, 43043317, 245
2104, 26, 137, 183, 0, 0, 5.66%, 0, 0, 6, 22118.73, 43150673, 245
2109, 27, 146, 183, 0, 0, 5.66%, 0, 0, 6, 23557.37, 43277261, 245
2114, 27, 0, 183, 0, 0, 5.66%, 0, 0, 6, 21589.42, 43381256, 245
2119, 27, 96, 183, 0, 0, 5.66%, 0, 0, 6, 19931.32, 43486040, 245
2124, 27, 0, 183, 0, 0, 5.66%, 0, 0, 6, 15702.88, 43560159, 245
2129, 27, 22, 183, 0, 0, 5.66%, 0, 0, 6, 20299.85, 43678945, 245
2134, 27, 31, 183, 0, 0, 5.66%, 0, 0, 6, 25011.61, 43812345, 245
2139, 27, 0, 183, 0, 0, 5.66%, 0, 0, 6, 19876.21, 43899768, 245
2144, 27, 0, 183, 0, 0, 5.66%, 0, 0, 6, 22845.29, 44019538, 245
2149, 27, 0, 183, 0, 0, 5.66%, 0, 0, 6, 19791.40, 44125310, 245
2154, 27, 96, 183, 0, 0, 5.66%, 0, 0, 6, 20350.82, 44220592, 245
2159, 27, 0, 183, 0, 0, 5.66%, 0, 0, 6, 21960.77, 44344524, 245
2165, 27, 168, 183, 0, 0, 5.66%, 0, 0, 6, 21784.51, 44463272, 245
2170, 27, 149, 183, 0, 0, 5.66%, 0, 0, 6, 18723.50, 44553197, 245
2175, 28, 163, 183, 0, 0, 5.66%, 0, 0, 6, 20225.00, 44655636, 245
2180, 28, 0, 183, 0, 0, 5.66%, 0, 0, 6, 19304.20, 44756001, 245
2185, 28, 159, 183, 0, 0, 5.66%, 0, 0, 6, 20424.08, 44854334, 245
2190, 28, 85, 183, 0, 0, 5.66%, 0, 0, 6, 16008.79, 44936190, 245
2195, 28, 96, 183, 0, 0, 5.66%, 0, 0, 6, 21032.42, 45045955, 245
2200, 28, 96, 183, 0, 0, 5.66%, 0, 0, 6, 24946.52, 45185322, 245
2205, 28, 0, 183, 0, 0, 5.66%, 0, 0, 6, 23394.21, 45300941, 245
2210, 28, 96, 183, 0, 0, 5.66%, 0, 0, 6, 20807.94, 45405493, 245
2215, 28, 96, 183, 0, 0, 5.66%, 0, 0, 6, 23397.55, 45525228, 245
2221, 28, 96, 183, 0, 0, 5.66%, 0, 0, 6, 21213.27, 45623332, 245
2226, 28, 134, 183, 0, 0, 5.66%, 0, 0, 6, 23163.42, 45742784, 245
2231, 28, 166, 183, 0, 0, 5.66%, 0, 0, 6, 20159.04, 45851758, 245
2236, 28, 160, 183, 0, 0, 5.66%, 0, 0, 6, 20419.79, 45958494, 245
2241, 28, 167, 183, 0, 0, 5.66%, 0, 0, 6, 15389.75, 46034781, 245
2246, 28, 96, 183, 0, 0, 5.66%, 0, 0, 6, 21266.90, 46146322, 245
2251, 28, 172, 183, 0, 0, 5.66%, 0, 0, 6, 16830.54, 46236566, 245
2256, 29, 47, 183, 0, 0, 5.66%, 0, 0, 6, 22833.37, 46348873, 245
2261, 29, 0, 183, 0, 0, 5.66%, 0, 0, 6, 21258.03, 46446097, 245
2266, 29, 26, 183, 0, 0, 5.66%, 0, 0, 6, 24651.86, 46580729, 245
2271, 29, 42, 183, 0, 0, 5.66%, 0, 0, 6, 21157.86, 46680027, 245
2277, 29, 0, 183, 0, 0, 5.66%, 0, 0, 6, 24805.69, 46805709, 245
2282, 29, 96, 183, 0, 0, 5.66%, 0, 0, 6, 21805.82, 46903793, 245
2287, 29, 29, 183, 0, 0, 5.66%, 0, 0, 6, 21384.76, 47011329, 245
2292, 29, 96, 183, 0, 0, 5.66%, 0, 0, 6, 20066.69, 47105878, 245
2297, 29, 18, 183, 0, 0, 5.66%, 0, 0, 6, 21394.44, 47211631, 245
2302, 29, 157, 183, 0, 0, 5.66%, 0, 0, 6, 18300.20, 47294784, 245
2307, 29, 170, 183, 0, 0, 5.66%, 0, 0, 6, 18676.17, 47397345, 245
2312, 29, 77, 183, 0, 0, 5.66%, 0, 0, 6, 18432.69, 47484650, 245
2317, 29, 129, 183, 0, 0, 5.66%, 0, 0, 6, 24903.14, 47625590, 245
2323, 30, 171, 183, 0, 0, 5.66%, 0, 0, 6, 17527.00, 47709506, 245
2328, 30, 181, 183, 0, 0, 5.66%, 0, 0, 6, 16943.92, 47804552, 245
2333, 30, 96, 183, 0, 0, 5.66%, 0, 0, 6, 22101.43, 47902256, 245
2338, 30, 0, 183, 0, 0, 5.66%, 0, 0, 6, 21040.93, 48015271, 245
2343, 30, 88, 183, 0, 0, 5.66%, 0, 0, 6, 24556.97, 48139047, 245
2348, 30, 0, 183, 0, 0, 5.66%, 0, 0, 6, 22341.48, 48243894, 245
2353, 30, 157, 183, 0, 0, 5.66%, 0, 0, 6, 17780.55, 48334891, 245
2358, 30, 96, 183, 0, 0, 5.66%, 0, 0, 6, 18522.81, 48427752, 245
2363, 30, 172, 183, 0, 0, 5.66%, 0, 0, 6, 16097.30, 48517094, 245
2369, 30, 77, 183, 0, 0, 5.66%, 0, 0, 6, 17922.91, 48617786, 245
2374, 30, 175, 183, 0, 0, 5.66%, 0, 0, 6, 13819.05, 48688203, 245
2379, 30, 96, 183, 0, 0, 5.66%, 0, 0, 6, 19707.19, 48796467, 245
2384, 30, 96, 183, 0, 0, 5.66%, 0, 0, 6, 24076.26, 48918273, 245
2389, 30, 96, 183, 0, 0, 5.66%, 0, 0, 6, 21844.92, 49034387, 245
2394, 30, 96, 183, 0, 0, 5.66%, 0, 0, 6, 23907.17, 49163301, 245
2399, 30, 159, 183, 0, 0, 5.66%, 0, 0, 6, 21456.11, 49281164, 245
2404, 31, 82, 183, 0, 0, 5.66%, 0, 0, 6, 20404.76, 49393312, 245
2409, 31, 96, 183, 0, 0, 5.66%, 0, 0, 6, 22088.79, 49502946, 245
2414, 31, 0, 183, 0, 0, 5.66%, 0, 0, 6, 19079.19, 49586428, 245
2419, 31, 90, 183, 0, 0, 5.66%, 0, 0, 6, 15786.37, 49667703, 245
2424, 31, 0, 183, 0, 0, 5.66%, 0, 0, 6, 21171.32, 49770241, 245
2429, 31, 0, 183, 0, 0, 5.66%, 0, 0, 6, 22829.72, 49890128, 245
2434, 31, 0, 183, 0, 0, 5.66%, 0, 0, 6, 24383.15, 50011224, 245
2440, 31, 160, 183, 0, 0, 5.66%, 0, 0, 6, 18594.65, 50096498, 245
2445, 31, 44, 183, 0, 0, 5.66%, 0, 0, 6, 23042.13, 50205773, 245
2450, 31, 149, 183, 0, 0, 5.66%, 0, 0, 6, 19924.93, 50303983, 245
2455, 31, 31, 183, 0, 0, 5.66%, 0, 0, 6, 25258.19, 50432033, 245
2460, 31, 0, 183, 0, 0, 5.66%, 0, 0, 6, 18757.61, 50525195, 245
2465, 31, 181, 183, 0, 0, 5.66%, 0, 0, 6, 16029.32, 50612365, 245
2470, 31, 0, 183, 0, 0, 5.66%, 0, 0, 6, 20777.41, 50722025, 245
2475, 31, 146, 183, 0, 0, 5.66%, 0, 0, 6, 17458.10, 50805119, 245
2480, 32, 0, 183, 0, 0, 5.66%, 0, 0, 6, 19742.08, 50914252, 245
2485, 32, 47, 183, 0, 0, 5.66%, 0, 0, 6, 23630.53, 51038224, 245
2490, 32, 31, 183, 0, 0, 5.66%, 0, 0, 6, 15510.85, 51110386, 245
2495, 32, 0, 183, 0, 0, 5.66%, 0, 0, 6, 21263.86, 51214364, 245
2500, 32, 0, 183, 0, 0, 5.66%, 0, 0, 6, 18375.31, 51307169, 245
2506, 32, 96, 183, 0, 0, 5.66%, 0, 0, 6, 17158.33, 51391919, 245
2511, 32, 31, 183, 0, 0, 5.66%, 0, 0, 6, 13640.22, 51464284, 245
2516, 32, 140, 183, 0, 0, 5.66%, 0, 0, 6, 20616.93, 51571006, 245
2521, 32, 96, 183, 0, 0, 5.66%, 0, 0, 6, 18203.12, 51661584, 245
2526, 32, 156, 183, 0, 0, 5.66%, 0, 0, 6, 24656.50, 51798145, 245
2531, 32, 96, 183, 0, 0, 5.66%, 0, 0, 6, 20309.67, 51887107, 245
2536, 32, 178, 183, 0, 0, 5.66%, 0, 0, 6, 19017.10, 51980397, 245
2541, 32, 96, 183, 0, 0, 5.66%, 0, 0, 6, 21944.61, 52083865, 245
2546, 32, 0, 183, 0, 0, 5.66%, 0, 0, 6, 22620.47, 52197159, 245
2551, 32, 31, 183, 0, 0, 5.66%, 0, 0, 6, 24080.53, 52320864, 245
2556, 33, 96, 183, 0, 0, 5.66%, 0, 0, 6, 24364.26, 52449704, 245
2561, 33, 96, 183, 0, 0, 5.66%, 0, 0, 6, 24689.68, 52564413, 245
2566, 33, 85, 183, 0, 0, 5.66%, 0, 0, 6, 20961.74, 52678749, 245
2571, 33, 44, 183, 0, 0, 5.66%, 0, 0, 6, 19724.22, 52765393, 245
2577, 33, 96, 183, 0, 0, 5.66%, 0, 0, 6, 25015.53, 52898953, 245
2582, 33, 164, 183, 0, 0, 5.66%, 0, 0, 6, 20045.71, 52991409, 245
2587, 33, 156, 183, 0, 0, 5.66%, 0, 0, 6, 22958.83, 53111575, 245
2592, 33, 156, 183, 0, 0, 5.66%, 0, 0, 6, 18935.55, 53199893, 245
2597, 33, 96, 183, 0, 0, 5.66%, 0, 0, 6, 23039.46, 53309190, 245
2602, 33, 170, 183, 0, 0, 5.66%, 0, 0, 6, 16502.25, 53392611, 245
2607, 33, 175, 183, 0, 0, 5.66%, 0, 0, 6, 13077.87, 53457421, 245
2612, 33, 148, 183, 0, 0, 5.66%, 0, 0, 6, 12462.80, 53519188, 245
2617, 33, 31, 183, 0, 0, 5.66%, 0, 0, 6, 20057.96, 53616872, 245
2622, 33, 96, 183, 0, 0, 5.66%, 0, 0, 6, 17946.95, 53700997, 245
2627, 33, 42, 183, 0, 0, 5.66%, 0, 0, 6, 22960.24, 53828477, 245
2632, 34, 0, 183, 0, 0, 5.66%, 0, 0, 6, 24346.52, 53939212, 245
2637, 34, 0, 183, 0, 0, 5.66%, 0, 0, 6, 26202.16, 54068486, 245
2642, 34, 96, 183, 0, 0, 5.66%, 0, 0, 6, 23645.61, 54182969, 245
2647, 34, 26, 183, 0, 0, 5.66%, 0, 0, 6, 24344.96, 54306176, 245
2653, 34, 96, 183, 0, 0, 5.66%, 0, 0, 6, 21322.07, 54406426, 245
2658, 34, 96, 183, 0, 0, 5.66%, 0, 0, 6, 21641.96, 54515879, 245
2663, 34, 151, 183, 0, 0, 5.66%, 0, 0, 6, 19525.15, 54603742, 245
2668, 34, 0, 183, 0, 0, 5.66%, 0, 0, 6, 20789.47, 54702629, 245
2673, 34, 37, 183, 0, 0, 5.66%, 0, 0, 6, 23713.71, 54831672, 245
2678, 34, 160, 183, 0, 0, 5.66%, 0, 0, 6, 18773.98, 54931762, 245
2683, 34, 170, 183, 0, 0, 5.66%, 0, 0, 6, 18870.84, 55035203, 245
2688, 35, 162, 183, 0, 0, 5.66%, 0, 0, 6, 21895.43, 55142160, 245
2693, 35, 172, 183, 0, 0, 5.66%, 0, 0, 6, 15639.85, 55218818, 245
2698, 35, 159, 183, 0, 0, 5.66%, 0, 0, 6, 17539.70, 55318660, 245
2703, 35, 111, 183, 0, 0, 5.66%, 0, 0, 6, 20608.62, 55418848, 245
2708, 35, 0, 183, 0, 0, 5.66%, 0, 0, 6, 18411.14, 55518337, 245
2714, 35, 180, 183, 0, 0, 5.66%, 0, 0, 6, 15875.22, 55598957, 245
2719, 35, 0, 183, 0, 0, 5.66%, 0, 0, 6, 21131.70, 55712780, 245
2724, 35, 96, 183, 0, 0, 5.66%, 0, 0, 6, 20878.74, 55816577, 245
2729, 35, 96, 183, 0, 0, 5.66%, 0, 0, 6, 21598.85, 55938037, 245
2734, 35, 0, 183, 0, 0, 5.66%, 0, 0, 6, 24300.04, 56054615, 245
2739, 35, 94, 183, 0, 0, 5.66%, 0, 0, 6, 15163.72, 56126027, 245
2744, 35, 137, 183, 0, 0, 5.66%, 0, 0, 6, 19275.48, 56233644, 245
2749, 35, 0, 183, 0, 0, 5.66%, 0, 0, 6, 21721.75, 56363070, 245
2754, 35, 31, 183, 0, 0, 5.66%, 0, 0, 6, 22473.03, 56463084, 245
2760, 35, 96, 183, 0, 0, 5.66%, 0, 0, 6, 17235.57, 56542402, 245
2765, 35, 94, 183, 0, 0, 5.66%, 0, 0, 6, 18623.83, 56637896, 245
2770, 36, 77, 183, 0, 0, 5.66%, 0, 0, 6, 15909.21, 56718735, 245
2775, 36, 156, 183, 0, 0, 5.66%, 0, 0, 6, 20612.27, 56831548, 245
2780, 36, 168, 183, 0, 0, 5.66%, 0, 0, 6, 17364.29, 56930597, 245
2785, 36, 124, 183, 0, 0, 5.66%, 0, 0, 6, 21191.22, 57033702, 245
2790, 36, 0, 183, 0, 0, 5.66%, 0, 0, 6, 19222.35, 57126517, 245
2795, 36, 154, 183, 0, 0, 5.66%, 0, 0, 6, 23562.70, 57250638, 245
2800, 36, 182, 183, 0, 0, 5.66%, 0, 0, 6, 17244.82, 57335196, 245
2805, 36, 96, 183, 0, 0, 5.66%, 0, 0, 6, 13189.83, 57391326, 245
2811, 36, 92, 183, 0, 0, 5.66%, 0, 0, 6, 10341.16, 57449277, 245
2816, 36, 0, 183, 0, 0, 5.66%, 0, 0, 6, 15407.02, 57536002, 245
2821, 36, 0, 183, 0, 0, 5.66%, 0, 0, 6, 18335.06, 57618292, 245
2826, 36, 0, 183, 0, 0, 5.66%, 0, 0, 6, 16091.69, 57694612, 245
2831, 36, 0, 183, 0, 0, 5.66%, 0, 0, 6, 18860.67, 57786097, 245
2836, 36, 31, 183, 0, 0, 5.66%, 0, 0, 6, 21582.74, 57890775, 245
2841, 36, 76, 183, 0, 0, 5.66%, 0, 0, 6, 17464.86, 57974163, 245
2846, 36, 96, 183, 0, 0, 5.66%, 0, 0, 6, 26366.47, 58117851, 245
2851, 36, 181, 183, 0, 0, 5.66%, 0, 0, 6, 17001.71, 58199227, 245
2857, 36, 172, 183, 0, 0, 5.66%, 0, 0, 6, 14674.51, 58271341, 245
2862, 36, 141, 183, 0, 0, 5.66%, 0, 0, 6, 18088.02, 58351043, 245
2867, 37, 171, 183, 0, 0, 5.66%, 0, 0, 6, 21987.93, 58459085, 245
2872, 37, 0, 183, 0, 0, 5.66%, 0, 0, 6, 19526.25, 58538623, 245
2877, 37, 96, 183, 0, 0, 5.66%, 0, 0, 6, 18103.50, 58637634, 245
2882, 37, 0, 183, 0, 0, 5.66%, 0, 0, 6, 14281.74, 58700706, 245
2887, 37, 96, 183, 0, 0, 5.66%, 0, 0, 6, 22500.66, 58828857, 245
2892, 37, 4, 183, 0, 0, 5.66%, 0, 0, 6, 21475.56, 58929142, 245
2897, 37, 125, 183, 0, 0, 5.66%, 0, 0, 6, 21930.67, 59037449, 245
2902, 37, 111, 183, 0, 0, 5.66%, 0, 0, 6, 14748.60, 59097694, 245
2907, 37, 101, 183, 0, 0, 5.66%, 0, 0, 6, 16210.24, 59186227, 245
2913, 37, 0, 183, 0, 0, 5.66%, 0, 0, 6, 11584.65, 59237305, 245
2918, 37, 169, 183, 0, 0, 5.66%, 0, 0, 6, 10423.79, 59294455, 245
2923, 37, 110, 183, 0, 0, 5.66%, 0, 0, 6, 15248.98, 59366585, 245
2928, 37, 0, 183, 0, 0, 5.66%, 0, 0, 6, 10039.02, 59413179, 245
2933, 37, 96, 183, 0, 0, 5.66%, 0, 0, 6, 13893.54, 59484533, 245
2938, 37, 157, 183, 0, 0, 5.66%, 0, 0, 6, 13362.46, 59564950, 245
2943, 37, 96, 183, 0, 0, 5.66%, 0, 0, 6, 16995.35, 59647714, 245
2948, 37, 96, 183, 0, 0, 5.66%, 0, 0, 6, 16742.24, 59738425, 245
2953, 37, 113, 183, 0, 0, 5.66%, 0, 0, 6, 15979.10, 59818982, 245
2959, 37, 0, 183, 0, 0, 5.66%, 0, 0, 6, 14787.86, 59893259, 245
2964, 38, 0, 183, 0, 0, 5.66%, 0, 0, 6, 18140.54, 59985473, 245
2969, 38, 31, 183, 0, 0, 5.66%, 0, 0, 6, 16537.62, 60074424, 245
2974, 38, 96, 183, 0, 0, 5.66%, 0, 0, 6, 16314.92, 60155162, 245
2979, 38, 96, 183, 0, 0, 5.66%, 0, 0, 6, 17000.22, 60250943, 245
2984, 38, 0, 183, 0, 0, 5.66%, 0, 0, 6, 18817.95, 60344495, 245
2989, 38, 0, 183, 0, 0, 5.66%, 0, 0, 6, 17113.30, 60437962, 245
2994, 38, 96, 183, 0, 0, 5.66%, 0, 0, 6, 18457.90, 60530656, 245
2999, 38, 22, 183, 0, 0, 5.66%, 0, 0, 6, 13654.17, 60605600, 245
3004, 38, 153, 183, 0, 0, 5.66%, 0, 0, 6, 20682.21, 60714984, 245
3009, 38, 96, 183, 0, 0, 5.66%, 0, 0, 6, 15984.92, 60796020, 245
3015, 38, 31, 183, 0, 0, 5.66%, 0, 0, 6, 15582.78, 60873111, 245
3020, 38, 166, 183, 0, 0, 5.66%, 0, 0, 6, 14143.66, 60948333, 245
3025, 38, 96, 183, 0, 0, 5.66%, 0, 0, 6, 17300.34, 61034844, 245
3030, 38, 0, 183, 0, 0, 5.66%, 0, 0, 6, 17582.09, 61127628, 245
3035, 38, 173, 183, 0, 0, 5.66%, 0, 0, 6, 21110.01, 61232939, 245
3040, 38, 112, 183, 0, 0, 5.66%, 0, 0, 6, 12939.11, 61286082, 245
3045, 38, 149, 183, 0, 0, 5.66%, 0, 0, 6, 16989.85, 61382677, 245
3050, 39, 96, 183, 0, 0, 5.66%, 0, 0, 6, 15502.59, 61464271, 245
3055, 39, 175, 183, 0, 0, 5.66%, 0, 0, 6, 16024.34, 61550934, 245
3060, 39, 175, 183, 0, 0, 5.66%, 0, 0, 6, 9870.36, 61592671, 245
3065, 39, 168, 183, 0, 0, 5.66%, 0, 0, 6, 12376.27, 61669036, 245
3070, 39, 96, 183, 0, 0, 5.66%, 0, 0, 6, 14718.33, 61741400, 245
3075, 39, 0, 183, 0, 0, 5.66%, 0, 0, 6, 14842.36, 61812936, 245
3080, 39, 133, 183, 0, 0, 5.66%, 0, 0, 6, 14272.76, 61896032, 245
3085, 39, 168, 183, 0, 0, 5.66%, 0, 0, 6, 18584.05, 61987313, 245
3090, 39, 77, 183, 0, 0, 5.66%, 0, 0, 6, 12876.18, 62044371, 245
3095, 39, 76, 183, 0, 0, 5.66%, 0, 0, 6, 13094.55, 62110834, 245
3101, 39, 96, 183, 0, 0, 5.66%, 0, 0, 6, 12883.76, 62174783, 245
3106, 39, 96, 183, 0, 0, 5.66%, 0, 0, 6, 12061.35, 62236687, 245
3111, 39, 96, 183, 0, 0, 5.66%, 0, 0, 6, 13485.02, 62309932, 245
3116, 39, 91, 183, 0, 0, 5.66%, 0, 0, 6, 17079.32, 62406031, 245
3121, 39, 158, 183, 0, 0, 5.66%, 0, 0, 6, 11867.63, 62459374, 245
3126, 39, 175, 183, 0, 0, 5.66%, 0, 0, 6, 10931.47, 62513962, 245
3131, 39, 0, 183, 0, 0, 5.66%, 0, 0, 6, 11476.40, 62570991, 245
3136, 39, 96, 183, 0, 0, 5.66%, 0, 0, 6, 15771.51, 62649601, 245
3141, 39, 92, 183, 0, 0, 5.66%, 0, 0, 6, 13496.87, 62719548, 245
3146, 39, 0, 183, 0, 0, 5.66%, 0, 0, 6, 19375.35, 62818341, 245
3151, 39, 96, 183, 0, 0, 5.66%, 0, 0, 6, 18472.43, 62905704, 245
3156, 40, 96, 183, 0, 0, 5.66%, 0, 0, 6, 17573.75, 62997309, 245
3161, 40, 173, 183, 0, 0, 5.66%, 0, 0, 6, 11674.18, 63053682, 245
3167, 40, 131, 183, 0, 0, 5.66%, 0, 0, 6, 16006.67, 63133887, 245
3172, 40, 31, 183, 0, 0, 5.66%, 0, 0, 6, 13536.44, 63196672, 245
3177, 40, 0, 183, 0, 0, 5.66%, 0, 0, 6, 12917.55, 63258140, 245
3182, 40, 110, 183, 0, 0, 5.66%, 0, 0, 6, 17319.06, 63346367, 245
3187, 40, 96, 183, 0, 0, 5.66%, 0, 0, 6, 15951.47, 63429858, 245
3192, 40, 96, 183, 0, 0, 5.66%, 0, 0, 6, 15073.09, 63505518, 245
3197, 40, 0, 183, 0, 0, 5.66%, 0, 0, 6, 17565.87, 63589678, 245
3202, 40, 129, 183, 0, 0, 5.66%, 0, 0, 6, 17822.20, 63676755, 245
3207, 40, 31, 183, 0, 0, 5.66%, 0, 0, 6, 18891.11, 63767853, 245
3212, 40, 96, 183, 0, 0, 5.66%, 0, 0, 6, 19287.65, 63856568, 245
3217, 40, 18, 183, 0, 0, 5.66%, 0, 0, 6, 18268.01, 63945001, 245
3222, 40, 0, 183, 0, 0, 5.66%, 0, 0, 6, 17065.14, 64019365, 245
3227, 40, 87, 183, 0, 0, 5.66%, 0, 0, 6, 19009.14, 64114006, 245
3232, 40, 0, 183, 0, 0, 5.66%, 0, 0, 6, 15733.00, 64182139, 245
3238, 40, 0, 183, 0, 0, 5.66%, 0, 0, 6, 18802.72, 64291876, 245
3243, 40, 174, 183, 0, 0, 5.66%, 0, 0, 6, 14317.75, 64363600, 245
3248, 40, 107, 183, 0, 0, 5.66%, 0, 0, 6, 13249.74, 64425364, 245
3253, 41, 0, 183, 0, 0, 5.66%, 0, 0, 6, 13900.54, 64495907, 245
3258, 41, 0, 183, 0, 0, 5.66%, 0, 0, 6, 21085.16, 64611822, 245
3263, 41, 31, 183, 0, 0, 5.66%, 0, 0, 6, 16719.04, 64695375, 245
3268, 41, 96, 183, 0, 0, 5.66%, 0, 0, 6, 19584.06, 64800423, 245
3273, 41, 0, 183, 0, 0, 5.66%, 0, 0, 6, 20667.76, 64898867, 245
3278, 41, 0, 183, 0, 0, 5.66%, 0, 0, 6, 20187.61, 64996074, 245
3283, 41, 106, 183, 0, 0, 5.66%, 0, 0, 6, 19425.63, 65093316, 245
3288, 41, 174, 183, 0, 0, 5.66%, 0, 0, 6, 14259.74, 65168619, 245
3293, 41, 96, 183, 0, 0, 5.66%, 0, 0, 6, 12184.13, 65217847, 245
3298, 41, 113, 183, 0, 0, 5.66%, 0, 0, 6, 11068.32, 65282508, 245
3303, 41, 96, 183, 0, 0, 5.66%, 0, 0, 6, 15281.35, 65358721, 245
3309, 41, 165, 183, 0, 0, 5.66%, 0, 0, 6, 13345.52, 65423976, 245
3314, 41, 96, 183, 0, 0, 5.66%, 0, 0, 6, 13923.42, 65497033, 245
3319, 41, 81, 183, 0, 0, 5.66%, 0, 0, 6, 13797.42, 65573017, 245
3324, 41, 0, 183, 0, 0, 5.66%, 0, 0, 6, 17270.83, 65655524, 245
3329, 41, 0, 183, 0, 0, 5.66%, 0, 0, 6, 18661.58, 65760461, 245
3334, 41, 0, 183, 0, 0, 5.66%, 0, 0, 6, 18549.68, 65854085, 245
3339, 42, 26, 183, 0, 0, 5.66%, 0, 0, 6, 19886.13, 65966658, 245
3344, 42, 124, 183, 0, 0, 5.66%, 0, 0, 6, 15261.98, 66038026, 245
3349, 42, 0, 183, 0, 0, 5.66%, 0, 0, 6, 15097.89, 66120038, 245
3354, 42, 96, 183, 0, 0, 5.66%, 0, 0, 6, 20465.35, 66223074, 245
3359, 42, 96, 183, 0, 0, 5.66%, 0, 0, 6, 17028.05, 66312006, 245
3364, 42, 45, 183, 0, 0, 5.66%, 0, 0, 6, 20311.70, 66414445, 245
3370, 42, 166, 183, 0, 0, 5.66%, 0, 0, 6, 12948.74, 66478401, 245
3375, 42, 0, 183, 0, 0, 5.66%, 0, 0, 6, 13167.33, 66547927, 245
3380, 42, 96, 183, 0, 0, 5.66%, 0, 0, 6, 12161.29, 66609623, 245
3385, 42, 96, 183, 0, 0, 5.66%, 0, 0, 6, 17782.30, 66709462, 245
3390, 42, 0, 183, 0, 0, 5.66%, 0, 0, 6, 18317.81, 66808748, 245
3395, 42, 96, 183, 0, 0, 5.66%, 0, 0, 6, 19579.62, 66906099, 245
3400, 42, 96, 183, 0, 0, 5.66%, 0, 0, 6, 17730.80, 66998155, 245
3405, 42, 149, 183, 0, 0, 5.66%, 0, 0, 6, 19608.72, 67097402, 245
3410, 42, 0, 183, 0, 0, 5.66%, 0, 0, 6, 17007.55, 67190085, 245
3415, 42, 96, 183, 0, 0, 5.66%, 0, 0, 6, 18460.66, 67286128, 245
3421, 42, 169, 183, 0, 0, 5.66%, 0, 0, 6, 10489.66, 67329114, 245
3426, 43, 96, 183, 0, 0, 5.66%, 0, 0, 6, 18203.84, 67438468, 245
3431, 43, 0, 183, 0, 0, 5.66%, 0, 0, 6, 19354.07, 67532428, 245
3436, 43, 0, 183, 0, 0, 5.66%, 0, 0, 6, 17425.78, 67610003, 245
3441, 43, 79, 183, 0, 0, 5.66%, 0, 0, 6, 12780.44, 67674077, 245
3446, 43, 96, 183, 0, 0, 5.66%, 0, 0, 6, 16421.44, 67762619, 245
3451, 43, 96, 183, 0, 0, 5.66%, 0, 0, 6, 17544.24, 67843660, 245
3456, 43, 96, 183, 0, 0, 5.66%, 0, 0, 6, 22934.40, 67956458, 245
3461, 43, 96, 183, 0, 0, 5.66%, 0, 0, 6, 15344.71, 68030645, 245
3466, 43, 45, 183, 0, 0, 5.66%, 0, 0, 6, 15572.02, 68116103, 245
3471, 43, 0, 183, 0, 0, 5.66%, 0, 0, 6, 15756.21, 68189785, 245
3476, 43, 173, 183, 0, 0, 5.66%, 0, 0, 6, 13520.81, 68260977, 245
3481, 43, 171, 183, 0, 0, 5.66%, 0, 0, 6, 10852.05, 68315122, 245
3486, 43, 158, 183, 0, 0, 5.66%, 0, 0, 6, 13585.20, 68388612, 245
3491, 43, 174, 183, 0, 0, 5.66%, 0, 0, 6, 9673.20, 68433043, 245
3496, 43, 150, 183, 0, 0, 5.66%, 0, 0, 6, 14367.44, 68507089, 245
3501, 43, 77, 183, 0, 0, 5.66%, 0, 0, 6, 14864.47, 68582771, 245
3507, 43, 0, 183, 0, 0, 5.66%, 0, 0, 6, 18209.10, 68672922, 245
3512, 43, 150, 183, 0, 0, 5.66%, 0, 0, 6, 15530.34, 68750771, 245
3517, 43, 0, 183, 0, 0, 5.66%, 0, 0, 6, 19384.11, 68856668, 245
3522, 44, 96, 183, 0, 0, 5.66%, 0, 0, 6, 17272.05, 68933081, 245
3527, 44, 67, 183, 0, 0, 5.66%, 0, 0, 6, 19658.40, 69035021, 245
3532, 44, 31, 183, 0, 0, 5.66%, 0, 0, 6, 17303.27, 69109694, 245
3537, 44, 0, 183, 0, 0, 5.66%, 0, 0, 6, 21279.14, 69221620, 245
3542, 44, 151, 183, 0, 0, 5.66%, 0, 0, 6, 18289.64, 69302864, 245
3548, 44, 148, 183, 0, 0, 5.66%, 0, 0, 6, 18718.46, 69406416, 245
3553, 44, 22, 183, 0, 0, 5.66%, 0, 0, 6, 15532.34, 69478344, 245
3558, 44, 0, 183, 0, 0, 5.66%, 0, 0, 6, 14529.44, 69547205, 245
3563, 44, 167, 183, 0, 0, 5.66%, 0, 0, 6, 14778.18, 69626423, 245
3568, 44, 0, 183, 0, 0, 5.66%, 0, 0, 6, 15899.21, 69697693, 245
3573, 44, 110, 183, 0, 0, 5.66%, 0, 0, 6, 18437.75, 69777891, 245
3578, 44, 96, 183, 0, 0, 5.66%, 0, 0, 6, 16186.39, 69869683, 245
3583, 44, 31, 183, 0, 0, 5.66%, 0, 0, 6, 15905.93, 69942798, 245
3588, 44, 0, 183, 0, 0, 5.66%, 0, 0, 6, 16801.42, 70034350, 245
3593, 44, 91, 183, 0, 0, 5.66%, 0, 0, 6, 17747.88, 70125442, 245
3599, 45, 96, 183, 0, 0, 5.66%, 0, 0, 6, 14828.85, 70199771, 245
3600, 45, 96, 183, 0, 0, 5.66%, 0, 0, 6, 15373.66, 70216339, 245
