# relative_time, cycles_done, cur_item, corpus_count, pending_total, pending_favs, map_size, saved_crashes, saved_hangs, max_depth, execs_per_sec, total_execs, edges_found
60, 1, 0, 72, 40, 0, 4.81%, 0, 0, 4, 21480.68, 1290322, 205
65, 1, 0, 72, 37, 0, 4.81%, 0, 0, 4, 21587.06, 1406237, 205
71, 1, 0, 72, 32, 0, 4.81%, 0, 0, 4, 20051.47, 1503004, 205
76, 1, 21, 90, 48, 0, 4.81%, 0, 0, 4, 19649.52, 1610140, 205
81, 2, 0, 96, 51, 0, 4.81%, 0, 0, 4, 18989.84, 1704230, 205
86, 2, 0, 97, 49, 0, 4.81%, 0, 0, 4, 19821.20, 1811089, 205
91, 2, 0, 98, 47, 0, 4.81%, 0, 0, 4, 17642.14, 1903802, 205
96, 2, 0, 98, 45, 0, 4.81%, 0, 0, 4, 19454.86, 2005671, 205
101, 2, 81, 99, 43, 0, 4.81%, 0, 0, 4, 14974.52, 2082151, 205
106, 2, 0, 99, 39, 0, 4.81%, 0, 0, 4, 16683.36, 2173290, 205
111, 2, 0, 99, 38, 0, 4.81%, 0, 0, 4, 22290.38, 2289792, 205
116, 2, 0, 99, 34, 0, 4.81%, 0, 0, 4, 19147.90, 2384734, 205
121, 2, 0, 99, 31, 0, 4.81%, 0, 0, 4, 16833.67, 2475685, 205
126, 2, 0, 99, 30, 0, 4.81%, 0, 0, 4, 18164.34, 2573571, 205
132, 2, 0, 99, 28, 0, 4.81%, 0, 0, 4, 23402.48, 2700579, 205
137, 2, 0, 100, 26, 0, 4.81%, 0, 0, 4, 21581.62, 2815178, 205
142, 3, 102, 108, 33, 0, 4.81%, 0, 0, 4, 13401.60, 2880217, 205
147, 3, 102, 108, 33, 0, 4.81%, 0, 0, 4, 9023.31, 2921984, 205
152, 3, 102, 109, 34, 0, 4.81%, 0, 0, 4, 8682.89, 2964613, 205
157, 3, 102, 109, 34, 0, 4.81%, 0, 0, 4, 7934.84, 3005033, 205
162, 3, 102, 109, 34, 0, 4.81%, 0, 0, 4, 8498.28, 3048732, 205
167, 3, 102, 109, 34, 0, 4.81%, 0, 0, 4, 7645.16, 3087350, 205
172, 3, 102, 109, 34, 0, 4.81%, 0, 0, 4, 8434.29, 3130697, 205
177, 3, 102, 110, 35, 0, 4.81%, 0, 0, 4, 8201.34, 3171491, 205
182, 3, 0, 110, 33, 0, 4.81%, 0, 0, 4, 20194.29, 3276537, 205
187, 3, 105, 110, 33, 0, 4.81%, 0, 0, 4, 22085.75, 3403145, 205
192, 3, 29, 110, 31, 0, 4.81%, 0, 0, 4, 17562.10, 3482186, 205
197, 3, 0, 110, 29, 0, 4.81%, 0, 0, 4, 23010.05, 3606674, 205
203, 3, 29, 110, 28, 0, 4.81%, 0, 0, 4, 28810.68, 3761452, 205
208, 3, 0, 110, 28, 0, 4.81%, 0, 0, 4, 29633.14, 3918854, 205
213, 3, 0, 110, 26, 0, 4.81%, 0, 0, 4, 23150.05, 4017827, 205
218, 3, 26, 110, 25, 0, 4.81%, 0, 0, 4, 29770.89, 4173740, 205
223, 3, 106, 110, 23, 0, 4.81%, 0, 0, 4, 20765.18, 4262542, 205
228, 3, 0, 110, 21, 0, 4.81%, 0, 0, 4, 19472.54, 4345977, 205
233, 3, 0, 110, 20, 0, 4.81%, 0, 0, 4, 23674.39, 4470422, 205
238, 3, 0, 110, 20, 0, 4.81%, 0, 0, 4, 27040.53, 4603873, 205
243, 3, 0, 110, 18, 0, 4.81%, 0, 0, 4, 25771.21, 4730695, 205
248, 4, 0, 112, 20, 0, 4.81%, 0, 0, 4, 28394.06, 4873170, 205
253, 4, 110, 114, 21, 0, 4.81%, 0, 0, 4, 14412.50, 4931786, 205
258, 4, 21, 114, 17, 0, 4.81%, 0, 0, 4, 15718.41, 5000533, 205
263, 4, 2, 114, 16, 0, 4.81%, 0, 0, 4, 22898.64, 5108242, 205
269, 4, 39, 114, 16, 0, 4.81%, 0, 0, 4, 26884.85, 5247995, 205
274, 4, 26, 114, 15, 0, 4.81%, 0, 0, 4, 27597.47, 5388196, 205
279, 4, 111, 114, 14, 0, 4.81%, 0, 0, 4, 13325.53, 5438400, 205
284, 4, 107, 114, 14, 0, 4.81%, 0, 0, 4, 16025.55, 5546435, 205
289, 4, 2, 114, 13, 0, 4.81%, 0, 0, 4, 21929.00, 5651214, 205
294, 4, 2, 114, 12, 0, 4.81%, 0, 0, 4, 17625.99, 5747394, 205
300, 4, 93, 114, 11, 0, 4.81%, 0, 0, 4, 24510.16, 5873514, 205
305, 5, 104, 115, 11, 0, 4.81%, 0, 0, 4, 19460.43, 5974938, 205
310, 5, 39, 115, 9, 0, 4.81%, 0, 0, 4, 20609.33, 6069925, 205
315, 5, 2, 115, 8, 0, 4.81%, 0, 0, 4, 19659.99, 6168565, 205
320, 5, 26, 115, 7, 0, 4.81%, 0, 0, 4, 24047.65, 6294728, 205
325, 5, 100, 115, 6, 0, 4.81%, 0, 0, 4, 14380.12, 6365770, 205
330, 5, 2, 115, 5, 0, 4.81%, 0, 0, 4, 17977.60, 6465844, 205
335, 5, 85, 115, 5, 0, 4.81%, 0, 0, 4, 14108.12, 6531507, 205
340, 5, 29, 115, 4, 0, 4.81%, 0, 0, 4, 17240.93, 6615915, 205
345, 5, 2, 115, 3, 0, 4.81%, 0, 0, 4, 15489.78, 6687965, 205
350, 5, 70, 115, 3, 0, 4.81%, 0, 0, 4, 15736.99, 6766171, 205
355, 5, 26, 115, 3, 0, 4.81%, 0, 0, 4, 15410.13, 6845199, 205
360, 5, 2, 115, 3, 0, 4.81%, 0, 0, 4, 14997.86, 6919242, 205
366, 6, 2, 115, 3, 0, 4.81%, 0, 0, 4, 15934.06, 7001873, 205
371, 6, 106, 115, 3, 0, 4.81%, 0, 0, 4, 13902.93, 7062631, 205
376, 6, 2, 115, 3, 0, 4.81%, 0, 0, 4, 13411.46, 7129025, 205
381, 6, 2, 115, 3, 0, 4.81%, 0, 0, 4, 21168.06, 7235000, 205
386, 6, 0, 115, 3, 0, 4.81%, 0, 0, 4, 24569.57, 7372428, 205
391, 6, 2, 115, 2, 0, 4.81%, 0, 0, 4, 23346.98, 7481251, 205
396, 6, 107, 115, 2, 0, 4.81%, 0, 0, 4, 17021.32, 7567082, 205
401, 6, 2, 115, 2, 0, 4.81%, 0, 0, 4, 19801.45, 7655641, 205
406, 6, 2, 115, 2, 0, 4.81%, 0, 0, 4, 15610.17, 7732360, 205
412, 6, 2, 115, 2, 0, 4.81%, 0, 0, 4, 19789.57, 7839575, 205
417, 6, 21, 115, 2, 0, 4.81%, 0, 0, 4, 19697.97, 7945091, 205
422, 6, 2, 115, 2, 0, 4.81%, 0, 0, 4, 23376.27, 8058141, 205
427, 6, 2, 115, 2, 0, 4.81%, 0, 0, 4, 18503.71, 8156828, 205
432, 6, 2, 115, 2, 0, 4.81%, 0, 0, 4, 21778.16, 8273871, 205
437, 7, 2, 115, 2, 0, 4.81%, 0, 0, 4, 18270.73, 8355239, 205
442, 7, 2, 115, 2, 0, 4.81%, 0, 0, 4, 19113.26, 8450294, 205
447, 7, 2, 115, 2, 0, 4.81%, 0, 0, 4, 17498.68, 8523861, 205
452, 7, 2, 115, 2, 0, 4.81%, 0, 0, 4, 23725.10, 8656749, 205
458, 7, 83, 115, 2, 0, 4.81%, 0, 0, 4, 17228.42, 8748148, 205
463, 7, 24, 115, 1, 0, 4.81%, 0, 0, 4, 16985.88, 8828918, 205
468, 7, 112, 115, 1, 0, 4.81%, 0, 0, 4, 19194.62, 8928292, 205
473, 7, 2, 115, 1, 0, 4.81%, 0, 0, 4, 20547.67, 9027615, 205
478, 7, 26, 115, 1, 0, 4.81%, 0, 0, 4, 21532.63, 9134324, 205
483, 7, 29, 115, 1, 0, 4.81%, 0, 0, 4, 21839.85, 9248527, 205
488, 8, 101, 115, 1, 0, 4.81%, 0, 0, 4, 15952.15, 9335550, 205
493, 8, 2, 115, 0, 0, 4.81%, 0, 0, 4, 24968.95, 9454847, 205
498, 8, 29, 115, 0, 0, 4.81%, 0, 0, 4, 21104.47, 9552513, 205
503, 8, 29, 115, 0, 0, 4.81%, 0, 0, 4, 18710.47, 9658825, 205
508, 8, 2, 115, 0, 0, 4.81%, 0, 0, 4, 18728.28, 9747463, 205
513, 8, 2, 115, 0, 0, 4.81%, 0, 0, 4, 21440.93, 9858239, 205
518, 8, 2, 115, 0, 0, 4.81%, 0, 0, 4, 20378.54, 9957337, 205
523, 9, 2, 115, 0, 0, 4.81%, 0, 0, 4, 18145.87, 10049354, 205
529, 9, 2, 115, 0, 0, 4.81%, 0, 0, 4, 15409.41, 10124557, 205
534, 9, 78, 115, 0, 0, 4.81%, 0, 0, 4, 21157.99, 10242948, 205
539, 9, 85, 115, 0, 0, 4.81%, 0, 0, 4, 13677.35, 10308534, 205
544, 9, 31, 115, 0, 0, 4.81%, 0, 0, 4, 16492.83, 10386584, 205
549, 9, 2, 115, 0, 0, 4.81%, 0, 0, 4, 12781.50, 10437887, 205
554, 9, 2, 115, 0, 0, 4.81%, 0, 0, 4, 13461.87, 10512000, 205
559, 9, 2, 115, 0, 0, 4.81%, 0, 0, 4, 20107.79, 10609604, 205
564, 9, 2, 115, 0, 0, 4.81%, 0, 0, 4, 25198.08, 10745609, 205
569, 9, 2, 115, 0, 0, 4.81%, 0, 0, 4, 20863.27, 10844945, 205
574, 10, 2, 115, 0, 0, 4.81%, 0, 0, 4, 22123.65, 10947575, 205
579, 10, 8, 115, 0, 0, 4.81%, 0, 0, 4, 22297.37, 11059451, 205
584, 10, 0, 115, 0, 0, 4.81%, 0, 0, 4, 20630.35, 11160143, 205
589, 10, 2, 115, 0, 0, 4.81%, 0, 0, 4, 22569.39, 11271618, 205
595, 10, 2, 115, 0, 0, 4.81%, 0, 0, 4, 23927.19, 11402328, 205
600, 10, 29, 115, 0, 0, 4.81%, 0, 0, 4, 27525.13, 11542176, 205
605, 10, 2, 115, 0, 0, 4.81%, 0, 0, 4, 19991.90, 11634846, 205
610, 11, 2, 115, 0, 0, 4.81%, 0, 0, 4, 13215.60, 11697764, 205
615, 11, 16, 115, 0, 0, 4.81%, 0, 0, 4, 15164.85, 11781532, 205
620, 11, 2, 115, 0, 0, 4.81%, 0, 0, 4, 16787.29, 11863598, 205
625, 11, 2, 115, 0, 0, 4.81%, 0, 0, 4, 21339.72, 11976343, 205
631, 11, 108, 115, 0, 0, 4.81%, 0, 0, 4, 11719.09, 12030775, 205
636, 11, 2, 115, 0, 0, 4.81%, 0, 0, 4, 20839.50, 12146010, 205
641, 11, 2, 115, 0, 0, 4.81%, 0, 0, 4, 24465.83, 12279661, 205
646, 11, 29, 115, 0, 0, 4.81%, 0, 0, 4, 18635.61, 12377133, 205
651, 11, 29, 115, 0, 0, 4.81%, 0, 0, 4, 19294.38, 12464335, 205
656, 12, 22, 118, 3, 0, 4.81%, 0, 0, 4, 15116.37, 12533624, 205
661, 12, 2, 118, 2, 0, 4.81%, 0, 0, 4, 21599.26, 12651997, 205
666, 12, 2, 118, 1, 0, 4.81%, 0, 0, 4, 16966.74, 12742650, 205
671, 12, 2, 118, 1, 0, 4.81%, 0, 0, 4, 20744.52, 12849336, 205
676, 12, 102, 118, 1, 0, 4.81%, 0, 0, 4, 15465.98, 12937462, 205
681, 12, 2, 118, 1, 0, 4.81%, 0, 0, 4, 25130.14, 13082680, 205
687, 12, 2, 118, 1, 0, 4.81%, 0, 0, 4, 24176.79, 13213008, 205
692, 12, 105, 118, 1, 0, 4.81%, 0, 0, 4, 18762.74, 13303681, 205
697, 13, 29, 118, 0, 0, 4.81%, 0, 0, 4, 20727.30, 13401360, 205
702, 13, 2, 118, 0, 0, 4.81%, 0, 0, 4, 20561.57, 13515710, 205
707, 13, 2, 118, 0, 0, 4.81%, 0, 0, 4, 19106.46, 13611000, 205
712, 13, 2, 118, 0, 0, 4.81%, 0, 0, 4, 24184.82, 13737474, 205
717, 13, 2, 118, 0, 0, 4.81%, 0, 0, 4, 21348.71, 13840893, 205
722, 13, 2, 118, 0, 0, 4.81%, 0, 0, 4, 17394.30, 13933939, 205
727, 13, 31, 118, 0, 0, 4.81%, 0, 0, 4, 14953.88, 14018874, 205
733, 14, 2, 118, 0, 0, 4.81%, 0, 0, 4, 25509.98, 14166551, 205
738, 14, 2, 118, 0, 0, 4.81%, 0, 0, 4, 19773.70, 14268150, 205
743, 14, 57, 118, 0, 0, 4.81%, 0, 0, 4, 22712.66, 14369743, 205
748, 14, 26, 118, 0, 0, 4.81%, 0, 0, 4, 21380.30, 14470637, 205
753, 14, 98, 118, 0, 0, 4.81%, 0, 0, 4, 21307.63, 14588432, 205
758, 14, 2, 118, 0, 0, 4.81%, 0, 0, 4, 18091.33, 14665550, 205
763, 14, 2, 118, 0, 0, 4.81%, 0, 0, 4, 22808.79, 14792567, 205
768, 15, 2, 118, 0, 0, 4.81%, 0, 0, 4, 19187.57, 14882664, 205
774, 15, 2, 118, 0, 0, 4.81%, 0, 0, 4, 24913.56, 15022246, 205
779, 15, 45, 118, 0, 0, 4.81%, 0, 0, 4, 21500.68, 15126219, 205
784, 15, 2, 118, 0, 0, 4.81%, 0, 0, 4, 27983.12, 15268621, 205
789, 15, 2, 118, 0, 0, 4.81%, 0, 0, 4, 22061.42, 15367884, 205
794, 15, 2, 118, 0, 0, 4.81%, 0, 0, 4, 21777.47, 15479141, 205
799, 15, 107, 118, 0, 0, 4.81%, 0, 0, 4, 24496.29, 15599383, 205
804, 15, 2, 118, 0, 0, 4.81%, 0, 0, 4, 19162.36, 15673360, 205
809, 15, 117, 118, 0, 0, 4.81%, 0, 0, 4, 15997.11, 15751528, 205
814, 16, 2, 118, 0, 0, 4.81%, 0, 0, 4, 20936.65, 15855562, 205
820, 16, 2, 118, 0, 0, 4.81%, 0, 0, 4, 17246.65, 15939438, 205
825, 16, 29, 118, 0, 0, 4.81%, 0, 0, 4, 18832.66, 16055612, 205
830, 16, 95, 118, 0, 0, 4.81%, 0, 0, 4, 12956.35, 16117895, 205
835, 16, 2, 118, 0, 0, 4.81%, 0, 0, 4, 13543.22, 16189614, 205
840, 16, 97, 118, 0, 0, 4.81%, 0, 0, 4, 20069.84, 16305931, 205
845, 16, 100, 118, 0, 0, 4.81%, 0, 0, 4, 21404.33, 16415572, 205
850, 16, 2, 118, 0, 0, 4.81%, 0, 0, 4, 22636.17, 16514351, 205
855, 17, 2, 118, 0, 0, 4.81%, 0, 0, 4, 22954.40, 16639902, 205
860, 17, 0, 118, 0, 0, 4.81%, 0, 0, 4, 25767.66, 16768248, 205
865, 17, 2, 118, 0, 0, 4.81%, 0, 0, 4, 24033.89, 16895864, 205
870, 17, 2, 118, 0, 0, 4.81%, 0, 0, 4, 20693.74, 16999925, 205
876, 17, 39, 118, 0, 0, 4.81%, 0, 0, 4, 20509.64, 17115351, 205
881, 17, 98, 118, 0, 0, 4.81%, 0, 0, 4, 20345.45, 17216705, 205
886, 17, 39, 118, 0, 0, 4.81%, 0, 0, 4, 14383.88, 17281148, 205
891, 18, 25, 118, 0, 0, 4.81%, 0, 0, 4, 18805.06, 17368732, 205
896, 18, 2, 118, 0, 0, 4.81%, 0, 0, 4, 20718.56, 17479219, 205
901, 18, 4, 118, 0, 0, 4.81%, 0, 0, 4, 25659.58, 17606003, 205
906, 18, 35, 118, 0, 0, 4.81%, 0, 0, 4, 19663.47, 17694830, 205
911, 18, 2, 118, 0, 0, 4.81%, 0, 0, 4, 24269.62, 17818164, 205
916, 18, 117, 118, 0, 0, 4.81%, 0, 0, 4, 21821.60, 17936231, 205
921, 18, 29, 118, 0, 0, 4.81%, 0, 0, 4, 22733.13, 18038112, 205
926, 19, 29, 118, 0, 0, 4.81%, 0, 0, 4, 20985.07, 18146939, 205
931, 19, 2, 118, 0, 0, 4.81%, 0, 0, 4, 23656.77, 18268246, 205
937, 19, 102, 118, 0, 0, 4.81%, 0, 0, 4, 19329.07, 18379801, 205
942, 19, 2, 118, 0, 0, 4.81%, 0, 0, 4, 23462.51, 18501185, 205
947, 19, 2, 118, 0, 0, 4.81%, 0, 0, 4, 18691.61, 18598677, 205
952, 19, 2, 118, 0, 0, 4.81%, 0, 0, 4, 23859.41, 18718370, 205
957, 19, 25, 118, 0, 0, 4.81%, 0, 0, 4, 22514.99, 18830060, 205
962, 20, 2, 118, 0, 0, 4.81%, 0, 0, 4, 25304.00, 18964304, 205
967, 20, 2, 118, 0, 0, 4.81%, 0, 0, 4, 24538.92, 19086502, 205
972, 20, 106, 118, 0, 0, 4.81%, 0, 0, 4, 21879.80, 19204138, 205
977, 20, 2, 118, 0, 0, 4.81%, 0, 0, 4, 22515.97, 19301980, 205
982, 20, 102, 118, 0, 0, 4.81%, 0, 0, 4, 22055.10, 19409476, 205
988, 20, 2, 118, 0, 0, 4.81%, 0, 0, 4, 18327.25, 19491474, 205
993, 20, 2, 118, 0, 0, 4.81%, 0, 0, 4, 19317.08, 19598008, 205
998, 20, 2, 118, 0, 0, 4.81%, 0, 0, 4, 21334.47, 19703072, 205
1003, 21, 2, 118, 0, 0, 4.81%, 0, 0, 4, 23904.98, 19837319, 205
1008, 21, 2, 118, 0, 0, 4.81%, 0, 0, 4, 21257.73, 19935581, 205
1013, 21, 102, 118, 0, 0, 4.81%, 0, 0, 4, 23486.52, 20068677, 205
1018, 21, 111, 118, 0, 0, 4.81%, 0, 0, 4, 16431.95, 20148318, 205
1023, 21, 83, 118, 0, 0, 4.81%, 0, 0, 4, 19397.83, 20244334, 205
1028, 21, 2, 118, 0, 0, 4.81%, 0, 0, 4, 17803.38, 20318007, 205
1034, 21, 2, 118, 0, 0, 4.81%, 0, 0, 4, 23683.25, 20441389, 205
1039, 22, 110, 118, 0, 0, 4.81%, 0, 0, 4, 21471.38, 20551227, 205
1044, 22, 2, 118, 0, 0, 4.81%, 0, 0, 4, 23571.21, 20670671, 205
1049, 22, 26, 118, 0, 0, 4.81%, 0, 0, 4, 23118.46, 20772850, 205
1054, 22, 25, 118, 0, 0, 4.81%, 0, 0, 4, 25311.83, 20901896, 205
1059, 22, 45, 118, 0, 0, 4.81%, 0, 0, 4, 23350.07, 21011301, 205
1064, 22, 2, 118, 0, 0, 4.81%, 0, 0, 4, 21318.72, 21115234, 205
1069, 22, 2, 118, 0, 0, 4.81%, 0, 0, 4, 23730.43, 21228855, 205
1074, 23, 2, 118, 0, 0, 4.81%, 0, 0, 4, 25640.02, 21365955, 205
1079, 23, 2, 118, 0, 0, 4.81%, 0, 0, 4, 21414.09, 21462598, 205
1085, 23, 101, 118, 0, 0, 4.81%, 0, 0, 4, 21262.88, 21575499, 205
1090, 23, 29, 118, 0, 0, 4.81%, 0, 0, 4, 23716.22, 21681853, 205
1095, 23, 0, 118, 0, 0, 4.81%, 0, 0, 4, 26219.98, 21815148, 205
1100, 23, 2, 118, 0, 0, 4.81%, 0, 0, 4, 21647.02, 21912956, 205
1105, 23, 92, 118, 0, 0, 4.81%, 0, 0, 4, 20042.89, 22012815, 205
1110, 24, 2, 118, 0, 0, 4.81%, 0, 0, 4, 22648.30, 22125883, 205
1115, 24, 39, 118, 0, 0, 4.81%, 0, 0, 4, 19301.19, 22233322, 205
1120, 24, 115, 118, 0, 0, 4.81%, 0, 0, 4, 19442.31, 22333366, 205
1125, 24, 2, 118, 0, 0, 4.81%, 0, 0, 4, 19808.40, 22440973, 205
1130, 24, 2, 118, 0, 0, 4.81%, 0, 0, 4, 25835.10, 22556319, 205
1136, 24, 2, 118, 0, 0, 4.81%, 0, 0, 4, 25873.83, 22693447, 205
1141, 24, 2, 118, 0, 0, 4.81%, 0, 0, 4, 26376.38, 22824454, 205
1146, 25, 2, 118, 0, 0, 4.81%, 0, 0, 4, 25224.64, 22949074, 205
1151, 25, 2, 118, 0, 0, 4.81%, 0, 0, 4, 24343.21, 23060215, 205
1156, 25, 2, 118, 0, 0, 4.81%, 0, 0, 4, 20774.82, 23172136, 205
1161, 25, 47, 118, 0, 0, 4.81%, 0, 0, 4, 21326.26, 23271469, 205
1166, 25, 108, 118, 0, 0, 4.81%, 0, 0, 4, 21041.37, 23385267, 205
1171, 25, 85, 118, 0, 0, 4.81%, 0, 0, 4, 22745.52, 23490754, 205
1176, 25, 2, 118, 0, 0, 4.81%, 0, 0, 4, 23411.59, 23603257, 205
1181, 26, 25, 118, 0, 0, 4.81%, 0, 0, 4, 23928.47, 23717447, 205
1187, 26, 102, 118, 0, 0, 4.81%, 0, 0, 4, 15775.25, 23803468, 205
1192, 26, 2, 118, 0, 0, 4.81%, 0, 0, 4, 13808.67, 23868197, 205
1197, 26, 98, 118, 0, 0, 4.81%, 0, 0, 4, 17169.16, 23975899, 205
1202, 26, 2, 118, 0, 0, 4.81%, 0, 0, 4, 22002.27, 24084583, 205
1207, 26, 2, 118, 0, 0, 4.81%, 0, 0, 4, 21951.22, 24203984, 205
1212, 26, 2, 118, 0, 0, 4.81%, 0, 0, 4, 29040.23, 24359064, 205
1217, 27, 2, 118, 0, 0, 4.81%, 0, 0, 4, 23401.14, 24460631, 205
1222, 27, 2, 118, 0, 0, 4.81%, 0, 0, 4, 25982.06, 24587800, 205
1227, 27, 2, 118, 0, 0, 4.81%, 0, 0, 4, 21630.40, 24687042, 205
1233, 27, 2, 118, 0, 0, 4.81%, 0, 0, 4, 16774.32, 24772487, 205
1238, 27, 83, 118, 0, 0, 4.81%, 0, 0, 4, 17843.15, 24875115, 205
1243, 27, 31, 118, 0, 0, 4.81%, 0, 0, 4, 24888.64, 25010633, 205
1248, 27, 2, 118, 0, 0, 4.81%, 0, 0, 4, 20929.39, 25107662, 205
1253, 28, 2, 118, 0, 0, 4.81%, 0, 0, 4, 24810.28, 25236983, 205
1258, 28, 103, 118, 0, 0, 4.81%, 0, 0, 4, 18186.37, 25315215, 205
1263, 28, 70, 118, 0, 0, 4.81%, 0, 0, 4, 22627.70, 25439004, 205
1268, 28, 36, 118, 0, 0, 4.81%, 0, 0, 4, 24829.37, 25561720, 205
1273, 28, 2, 118, 0, 0, 4.81%, 0, 0, 4, 21523.16, 25658820, 205
1278, 28, 30, 118, 0, 0, 4.81%, 0, 0, 4, 20174.39, 25754893, 205
1283, 28, 2, 118, 0, 0, 4.81%, 0, 0, 4, 19060.85, 25840063, 205
1289, 29, 110, 118, 0, 0, 4.81%, 0, 0, 4, 19089.16, 25944161, 205
1294, 29, 83, 118, 0, 0, 4.81%, 0, 0, 4, 20751.34, 26066586, 205
1299, 29, 29, 118, 0, 0, 4.81%, 0, 0, 4, 24029.22, 26182962, 205
1304, 29, 98, 118, 0, 0, 4.81%, 0, 0, 4, 17413.39, 26269597, 205
1309, 29, 2, 118, 0, 0, 4.81%, 0, 0, 4, 21591.29, 26358166, 205
1314, 29, 109, 118, 0, 0, 4.81%, 0, 0, 4, 22191.37, 26480196, 205
1319, 29, 2, 118, 0, 0, 4.81%, 0, 0, 4, 24026.48, 26588190, 205
1324, 30, 2, 118, 0, 0, 4.81%, 0, 0, 4, 23779.72, 26707704, 205
1329, 30, 29, 118, 0, 0, 4.81%, 0, 0, 4, 20530.73, 26811134, 205
1334, 30, 2, 118, 0, 0, 4.81%, 0, 0, 4, 20463.03, 26911146, 205
1339, 30, 101, 118, 0, 0, 4.81%, 0, 0, 4, 17831.51, 27005051, 205
1344, 30, 102, 118, 0, 0, 4.81%, 0, 0, 4, 26328.81, 27153454, 205
1349, 30, 115, 118, 0, 0, 4.81%, 0, 0, 4, 19795.20, 27239318, 205
1355, 30, 24, 118, 0, 0, 4.81%, 0, 0, 4, 25790.83, 27387145, 205
1360, 31, 2, 118, 0, 0, 4.81%, 0, 0, 4, 26280.90, 27513456, 205
1365, 31, 104, 118, 0, 0, 4.81%, 0, 0, 4, 21995.59, 27628581, 205
1370, 31, 2, 118, 0, 0, 4.81%, 0, 0, 4, 19088.12, 27717130, 205
1375, 31, 52, 118, 0, 0, 4.81%, 0, 0, 4, 24048.63, 27847854, 205
1380, 31, 83, 118, 0, 0, 4.81%, 0, 0, 4, 26052.22, 27975889, 205
1385, 31, 25, 118, 0, 0, 4.81%, 0, 0, 4, 25758.65, 28104831, 205
1390, 31, 111, 118, 0, 0, 4.81%, 0, 0, 4, 19795.55, 28192433, 205
1395, 32, 35, 118, 0, 0, 4.81%, 0, 0, 4, 21037.27, 28290493, 205
1400, 32, 22, 118, 0, 0, 4.81%, 0, 0, 4, 26576.51, 28419607, 205
1405, 32, 114, 118, 0, 0, 4.81%, 0, 0, 4, 21942.82, 28520014, 205
1410, 32, 2, 118, 0, 0, 4.81%, 0, 0, 4, 21320.26, 28629998, 205
1415, 32, 22, 119, 1, 0, 4.81%, 0, 0, 4, 21785.41, 28751839, 205
1421, 32, 29, 119, 0, 0, 4.81%, 0, 0, 4, 23706.39, 28871641, 205
1426, 32, 43, 119, 0, 0, 4.81%, 0, 0, 4, 21320.58, 28983573, 205
1431, 33, 2, 119, 0, 0, 4.81%, 0, 0, 4, 23480.32, 29103245, 205
1436, 33, 2, 119, 0, 0, 4.81%, 0, 0, 4, 21879.28, 29214291, 205
1441, 33, 2, 119, 0, 0, 4.81%, 0, 0, 4, 23428.33, 29333756, 205
1446, 33, 45, 119, 0, 0, 4.81%, 0, 0, 4, 18075.73, 29428670, 205
1451, 33, 2, 119, 0, 0, 4.81%, 0, 0, 4, 25261.58, 29559547, 205
1456, 33, 2, 119, 0, 0, 4.81%, 0, 0, 4, 22137.21, 29678705, 205
1461, 33, 2, 119, 0, 0, 4.81%, 0, 0, 4, 21261.85, 29780839, 205
1466, 34, 2, 119, 0, 0, 4.81%, 0, 0, 4, 18294.24, 29882387, 205
1471, 34, 4, 119, 0, 0, 4.81%, 0, 0, 4, 24649.44, 30008329, 205
1476, 34, 2, 119, 0, 0, 4.81%, 0, 0, 4, 21933.18, 30114050, 205
1481, 34, 2, 119, 0, 0, 4.81%, 0, 0, 4, 24830.15, 30241315, 205
1487, 34, 2, 119, 0, 0, 4.81%, 0, 0, 4, 21177.22, 30349631, 205
1492, 34, 102, 119, 0, 0, 4.81%, 0, 0, 4, 21201.08, 30468129, 205
1497, 34, 2, 119, 0, 0, 4.81%, 0, 0, 4, 20538.67, 30567527, 205
1502, 34, 79, 119, 0, 0, 4.81%, 0, 0, 4, 17909.51, 30650459, 205
1507, 35, 106, 119, 0, 0, 4.81%, 0, 0, 4, 13488.73, 30726504, 205
1512, 35, 2, 119, 0, 0, 4.81%, 0, 0, 4, 23605.87, 30847251, 205
1517, 35, 106, 119, 0, 0, 4.81%, 0, 0, 4, 19723.54, 30951778, 205
1522, 35, 118, 120, 1, 0, 4.81%, 0, 0, 4, 21349.31, 31057842, 205
1527, 35, 2, 120, 1, 0, 4.81%, 0, 0, 4, 23797.31, 31179834, 205
1532, 35, 21, 121, 1, 0, 4.81%, 0, 0, 4, 22313.93, 31278546, 205
1538, 35, 61, 121, 0, 0, 4.81%, 0, 0, 4, 19055.82, 31367065, 205
1543, 35, 2, 121, 0, 0, 4.81%, 0, 0, 4, 26907.23, 31514137, 205
1548, 36, 2, 121, 0, 0, 4.81%, 0, 0, 4, 23228.63, 31622480, 205
1553, 36, 112, 121, 0, 0, 4.81%, 0, 0, 4, 24206.98, 31751024, 205
1558, 36, 119, 121, 0, 0, 4.81%, 0, 0, 4, 22843.97, 31872994, 205
1563, 36, 112, 121, 0, 0, 4.81%, 0, 0, 4, 22594.92, 32000023, 205
1568, 36, 2, 121, 0, 0, 4.81%, 0, 0, 4, 18912.78, 32078539, 205
1573, 36, 2, 121, 0, 0, 4.81%, 0, 0, 4, 22648.99, 32203322, 205
1579, 36, 2, 121, 0, 0, 4.81%, 0, 0, 4, 19729.47, 32295667, 205
1584, 36, 111, 121, 0, 0, 4.81%, 0, 0, 4, 24493.14, 32424030, 205
1589, 37, 15, 121, 0, 0, 4.81%, 0, 0, 4, 22730.76, 32520917, 205
1594, 37, 2, 121, 0, 0, 4.81%, 0, 0, 4, 25919.79, 32656309, 205
1599, 37, 105, 121, 0, 0, 4.81%, 0, 0, 4, 17907.56, 32745574, 205
1604, 37, 2, 121, 0, 0, 4.81%, 0, 0, 4, 14079.60, 32810072, 205
1609, 37, 63, 121, 0, 0, 4.81%, 0, 0, 4, 21533.56, 32922935, 205
1614, 37, 118, 121, 0, 0, 4.81%, 0, 0, 4, 19020.40, 33017526, 205
1620, 37, 2, 121, 0, 0, 4.81%, 0, 0, 4, 28083.39, 33175146, 205
1625, 37, 89, 121, 0, 0, 4.81%, 0, 0, 4, 19754.71, 33280751, 205
1630, 38, 101, 121, 0, 0, 4.81%, 0, 0, 4, 20790.62, 33391355, 205
1635, 38, 2, 121, 0, 0, 4.81%, 0, 0, 4, 21152.47, 33488669, 205
1640, 38, 2, 121, 0, 0, 4.81%, 0, 0, 4, 20226.50, 33582219, 205
1645, 38, 0, 121, 0, 0, 4.81%, 0, 0, 4, 22218.59, 33688696, 205
1650, 38, 2, 121, 0, 0, 4.81%, 0, 0, 4, 22053.73, 33792752, 205
1655, 38, 29, 121, 0, 0, 4.81%, 0, 0, 4, 21488.52, 33905192, 205
1660, 38, 2, 121, 0, 0, 4.81%, 0, 0, 4, 26177.72, 34038271, 205
1666, 38, 83, 121, 0, 0, 4.81%, 0, 0, 4, 19781.50, 34136162, 205
1671, 39, 2, 121, 0, 0, 4.81%, 0, 0, 4, 19858.97, 34233224, 205
1676, 39, 120, 121, 0, 0, 4.81%, 0, 0, 4, 21865.45, 34364168, 205
1681, 39, 86, 121, 0, 0, 4.81%, 0, 0, 4, 25357.15, 34497390, 205
1686, 39, 77, 121, 0, 0, 4.81%, 0, 0, 4, 18016.33, 34573554, 205
1691, 39, 22, 121, 0, 0, 4.81%, 0, 0, 4, 20378.94, 34688195, 205
1696, 39, 2, 121, 0, 0, 4.81%, 0, 0, 4, 24274.17, 34822212, 205
1701, 39, 2, 121, 0, 0, 4.81%, 0, 0, 4, 27932.92, 34961830, 205
1706, 40, 2, 121, 0, 0, 4.81%, 0, 0, 4, 24388.20, 35070542, 205
1711, 40, 2, 121, 0, 0, 4.81%, 0, 0, 4, 24165.66, 35197956, 205
1717, 40, 105, 121, 0, 0, 4.81%, 0, 0, 4, 16956.51, 35285618, 205
1722, 40, 2, 121, 0, 0, 4.81%, 0, 0, 4, 19402.57, 35379045, 205
1727, 40, 2, 121, 0, 0, 4.81%, 0, 0, 4, 19392.27, 35473599, 205
1732, 40, 45, 121, 0, 0, 4.81%, 0, 0, 4, 19215.75, 35569066, 205
1737, 40, 119, 121, 0, 0, 4.81%, 0, 0, 4, 14973.08, 35646018, 205
1742, 40, 2, 121, 0, 0, 4.81%, 0, 0, 4, 25891.99, 35791794, 205
1747, 41, 88, 121, 0, 0, 4.81%, 0, 0, 4, 17676.58, 35877796, 205
1752, 41, 29, 121, 0, 0, 4.81%, 0, 0, 4, 23871.30, 36005121, 205
1758, 41, 120, 121, 0, 0, 4.81%, 0, 0, 4, 16456.13, 36079932, 205
1763, 41, 2, 121, 0, 0, 4.81%, 0, 0, 4, 26967.97, 36231549, 205
1768, 41, 119, 121, 0, 0, 4.81%, 0, 0, 4, 20032.82, 36327026, 205
1773, 41, 111, 121, 0, 0, 4.81%, 0, 0, 4, 19278.39, 36418861, 205
1778, 41, 118, 121, 0, 0, 4.81%, 0, 0, 4, 22948.33, 36518214, 205
1783, 41, 29, 121, 0, 0, 4.81%, 0, 0, 4, 20583.10, 36622380, 205
1788, 41, 105, 121, 0, 0, 4.81%, 0, 0, 4, 13414.02, 36681338, 205
1794, 42, 2, 121, 0, 0, 4.81%, 0, 0, 4, 20708.44, 36791223, 205
1799, 42, 104, 121, 0, 0, 4.81%, 0, 0, 4, 21791.49, 36904499, 205
1804, 42, 96, 121, 0, 0, 4.81%, 0, 0, 4, 24089.65, 37033407, 205
1809, 42, 105, 121, 0, 0, 4.81%, 0, 0, 4, 19758.87, 37130335, 205
1814, 42, 39, 121, 0, 0, 4.81%, 0, 0, 4, 18638.23, 37215799, 205
1819, 42, 0, 121, 0, 0, 4.81%, 0, 0, 4, 24012.84, 37338729, 205
1824, 42, 120, 121, 0, 0, 4.81%, 0, 0, 4, 22931.19, 37445008, 205
1829, 43, 120, 121, 0, 0, 4.81%, 0, 0, 4, 18539.12, 37535513, 205
1835, 43, 2, 121, 0, 0, 4.81%, 0, 0, 4, 19753.36, 37639468, 205
1840, 43, 2, 121, 0, 0, 4.81%, 0, 0, 4, 25384.25, 37778545, 205
1845, 43, 2, 121, 0, 0, 4.81%, 0, 0, 4, 21443.23, 37889718, 205
1850, 43, 32, 121, 0, 0, 4.81%, 0, 0, 4, 20479.02, 37978387, 205
1855, 43, 0, 121, 0, 0, 4.81%, 0, 0, 4, 16041.00, 38063141, 205
1860, 43, 2, 121, 0, 0, 4.81%, 0, 0, 4, 21927.03, 38158870, 205
1865, 43, 2, 121, 0, 0, 4.81%, 0, 0, 4, 25085.41, 38298371, 205
1871, 44, 120, 121, 0, 0, 4.81%, 0, 0, 4, 20142.40, 38388514, 205
1876, 44, 2, 121, 0, 0, 4.81%, 0, 0, 4, 19379.40, 38484364, 205
1881, 44, 2, 121, 0, 0, 4.81%, 0, 0, 4, 26040.92, 38629850, 205
1886, 44, 85, 121, 0, 0, 4.81%, 0, 0, 4, 17562.56, 38714870, 205
1891, 44, 2, 121, 0, 0, 4.81%, 0, 0, 4, 26675.60, 38848729, 205
1896, 44, 2, 121, 0, 0, 4.81%, 0, 0, 4, 23400.56, 38973372, 205
1901, 44, 24, 121, 0, 0, 4.81%, 0, 0, 4, 21834.02, 39064946, 205
1906, 44, 29, 121, 0, 0, 4.81%, 0, 0, 4, 19720.64, 39170583, 205
1912, 45, 119, 121, 0, 0, 4.81%, 0, 0, 4, 20981.69, 39291531, 205
1917, 45, 108, 121, 0, 0, 4.81%, 0, 0, 4, 17758.33, 39390084, 205
1922, 45, 2, 121, 0, 0, 4.81%, 0, 0, 4, 22518.98, 39503906, 205
1927, 45, 119, 121, 0, 0, 4.81%, 0, 0, 4, 18918.43, 39602553, 205
1932, 45, 2, 121, 0, 0, 4.81%, 0, 0, 4, 25952.23, 39744654, 205
1937, 45, 105, 121, 0, 0, 4.81%, 0, 0, 4, 21441.51, 39855336, 205
1942, 45, 2, 121, 0, 0, 4.81%, 0, 0, 4, 23337.86, 39964317, 205
1947, 46, 2, 121, 0, 0, 4.81%, 0, 0, 4, 20659.72, 40063929, 205
1952, 46, 90, 121, 0, 0, 4.81%, 0, 0, 4, 21715.07, 40168413, 205
1957, 46, 108, 121, 0, 0, 4.81%, 0, 0, 4, 19790.35, 40275096, 205
1962, 46, 120, 121, 0, 0, 4.81%, 0, 0, 4, 20957.33, 40382225, 205
1967, 46, 2, 121, 0, 0, 4.81%, 0, 0, 4, 19477.05, 40472053, 205
1972, 46, 2, 121, 0, 0, 4.81%, 0, 0, 4, 25410.84, 40608031, 205
1978, 46, 2, 121, 0, 0, 4.81%, 0, 0, 4, 23906.05, 40716637, 205
1983, 46, 109, 121, 0, 0, 4.81%, 0, 0, 4, 18283.63, 40800362, 205
1988, 46, 119, 121, 0, 0, 4.81%, 0, 0, 4, 17715.80, 40896032, 205
1993, 47, 2, 121, 0, 0, 4.81%, 0, 0, 4, 23875.67, 41022699, 205
1998, 47, 53, 121, 0, 0, 4.81%, 0, 0, 4, 22879.56, 41138854, 205
2003, 47, 2, 121, 0, 0, 4.81%, 0, 0, 4, 24179.82, 41260990, 205
2008, 47, 2, 121, 0, 0, 4.81%, 0, 0, 4, 19686.18, 41349803, 205
2013, 47, 120, 121, 0, 0, 4.81%, 0, 0, 4, 20184.05, 41457155, 205
2018, 47, 111, 121, 0, 0, 4.81%, 0, 0, 4, 20526.82, 41550444, 205
2023, 47, 2, 121, 0, 0, 4.81%, 0, 0, 4, 20667.25, 41639533, 205
2028, 48, 119, 121, 0, 0, 4.81%, 0, 0, 4, 16461.25, 41717291, 205
2033, 48, 2, 121, 0, 0, 4.81%, 0, 0, 4, 19191.71, 41822838, 205
2038, 48, 21, 121, 0, 0, 4.81%, 0, 0, 4, 22712.19, 41927807, 205
2044, 48, 120, 121, 0, 0, 4.81%, 0, 0, 4, 18252.82, 42017438, 205
2049, 48, 2, 121, 0, 0, 4.81%, 0, 0, 4, 25020.38, 42138891, 205
2054, 48, 2, 121, 0, 0, 4.81%, 0, 0, 4, 21060.34, 42235126, 205
2059, 48, 0, 121, 0, 0, 4.81%, 0, 0, 4, 25304.25, 42348772, 205
2064, 48, 89, 121, 0, 0, 4.81%, 0, 0, 4, 22566.58, 42455993, 205
2069, 48, 2, 121, 0, 0, 4.81%, 0, 0, 4, 26224.43, 42574480, 205
2074, 49, 119, 121, 0, 0, 4.81%, 0, 0, 4, 23837.48, 42702381, 205
2079, 49, 2, 121, 0, 0, 4.81%, 0, 0, 4, 21014.96, 42793995, 205
2085, 49, 2, 121, 0, 0, 4.81%, 0, 0, 4, 15677.84, 42881057, 205
2090, 49, 2, 121, 0, 0, 4.81%, 0, 0, 4, 22661.16, 42993844, 205
2095, 49, 118, 121, 0, 0, 4.81%, 0, 0, 4, 22929.39, 43117863, 205
2100, 49, 2, 121, 0, 0, 4.81%, 0, 0, 4, 22463.53, 43227153, 205
2105, 49, 120, 121, 0, 0, 4.81%, 0, 0, 4, 20154.05, 43339164, 205
2110, 49, 111, 121, 0, 0, 4.81%, 0, 0, 4, 16421.01, 43427063, 205
2115, 49, 120, 121, 0, 0, 4.81%, 0, 0, 4, 13342.71, 43492839, 205
2121, 50, 2, 121, 0, 0, 4.81%, 0, 0, 4, 21898.18, 43614195, 205
2126, 50, 120, 121, 0, 0, 4.81%, 0, 0, 4, 17884.30, 43715866, 205
2131, 50, 2, 121, 0, 0, 4.81%, 0, 0, 4, 23872.16, 43824233, 205
2136, 50, 2, 121, 0, 0, 4.81%, 0, 0, 4, 24080.62, 43950834, 205
2141, 50, 2, 121, 0, 0, 4.81%, 0, 0, 4, 23380.77, 44067024, 205
2146, 50, 104, 121, 0, 0, 4.81%, 0, 0, 4, 17642.06, 44168649, 205
2151, 50, 2, 121, 0, 0, 4.81%, 0, 0, 4, 17914.49, 44247488, 205
2156, 50, 120, 121, 0, 0, 4.81%, 0, 0, 4, 14339.23, 44324398, 205
2161, 51, 36, 121, 0, 0, 4.81%, 0, 0, 4, 25947.01, 44466687, 205
2167, 51, 120, 121, 0, 0, 4.81%, 0, 0, 4, 19671.30, 44575554, 205
2172, 51, 2, 121, 0, 0, 4.81%, 0, 0, 4, 19700.72, 44678275, 205
2177, 51, 2, 121, 0, 0, 4.81%, 0, 0, 4, 19753.97, 44778418, 205
2182, 51, 29, 121, 0, 0, 4.81%, 0, 0, 4, 25826.04, 44913662, 205
2187, 51, 118, 121, 0, 0, 4.81%, 0, 0, 4, 20222.52, 45017618, 205
2192, 51, 118, 121, 0, 0, 4.81%, 0, 0, 4, 20839.51, 45135355, 205
2197, 52, 2, 121, 0, 0, 4.81%, 0, 0, 4, 21870.63, 45234019, 205
2202, 52, 2, 121, 0, 0, 4.81%, 0, 0, 4, 25132.20, 45364377, 205
2207, 52, 2, 121, 0, 0, 4.81%, 0, 0, 4, 19691.50, 45451437, 205
2213, 52, 120, 121, 0, 0, 4.81%, 0, 0, 4, 18359.48, 45548214, 205
2218, 52, 0, 121, 0, 0, 4.81%, 0, 0, 4, 16590.60, 45642988, 205
2223, 52, 2, 121, 0, 0, 4.81%, 0, 0, 4, 14513.55, 45719166, 205
2228, 52, 94, 121, 0, 0, 4.81%, 0, 0, 4, 19705.07, 45834421, 205
2233, 52, 120, 121, 0, 0, 4.81%, 0, 0, 4, 20701.92, 45939417, 205
2238, 53, 2, 121, 0, 0, 4.81%, 0, 0, 4, 22708.07, 46037294, 205
2243, 53, 29, 121, 0, 0, 4.81%, 0, 0, 4, 20881.64, 46137581, 205
2248, 53, 2, 121, 0, 0, 4.81%, 0, 0, 4, 22177.54, 46244092, 205
2253, 53, 2, 121, 0, 0, 4.81%, 0, 0, 4, 24198.03, 46371493, 205
2258, 53, 88, 121, 0, 0, 4.81%, 0, 0, 4, 15208.42, 46448534, 205
2263, 53, 120, 121, 0, 0, 4.81%, 0, 0, 4, 19974.30, 46559304, 205
2269, 53, 29, 121, 0, 0, 4.81%, 0, 0, 4, 20652.75, 46646758, 205
2274, 54, 120, 121, 0, 0, 4.81%, 0, 0, 4, 18787.31, 46749296, 205
2279, 54, 86, 121, 0, 0, 4.81%, 0, 0, 4, 18942.26, 46842221, 205
2284, 54, 2, 121, 0, 0, 4.81%, 0, 0, 4, 21077.27, 46956547, 205
2289, 54, 2, 121, 0, 0, 4.81%, 0, 0, 4, 22681.62, 47074256, 205
2294, 54, 120, 121, 0, 0, 4.81%, 0, 0, 4, 19735.19, 47180293, 205
2299, 54, 120, 121, 0, 0, 4.81%, 0, 0, 4, 18206.12, 47289827, 205
2304, 54, 31, 121, 0, 0, 4.81%, 0, 0, 4, 25022.17, 47416930, 205
2309, 55, 2, 121, 0, 0, 4.81%, 0, 0, 4, 21758.31, 47514725, 205
2314, 55, 2, 121, 0, 0, 4.81%, 0, 0, 4, 24333.97, 47636865, 205
2319, 55, 100, 121, 0, 0, 4.81%, 0, 0, 4, 18796.97, 47727708, 205
2325, 55, 2, 121, 0, 0, 4.81%, 0, 0, 4, 14450.11, 47796887, 205
2330, 55, 2, 121, 0, 0, 4.81%, 0, 0, 4, 21042.41, 47907267, 205
2335, 55, 2, 121, 0, 0, 4.81%, 0, 0, 4, 24774.44, 48038227, 205
2340, 55, 81, 121, 0, 0, 4.81%, 0, 0, 4, 23879.45, 48158453, 205
2345, 56, 2, 121, 0, 0, 4.81%, 0, 0, 4, 23858.13, 48288924, 205
2350, 56, 2, 121, 0, 0, 4.81%, 0, 0, 4, 24704.26, 48404247, 205
2355, 56, 100, 121, 0, 0, 4.81%, 0, 0, 4, 21275.79, 48519401, 205
2360, 56, 2, 121, 0, 0, 4.81%, 0, 0, 4, 22940.18, 48617256, 205
2365, 56, 46, 121, 0, 0, 4.81%, 0, 0, 4, 19565.65, 48719518, 205
2370, 56, 2, 121, 0, 0, 4.81%, 0, 0, 4, 22713.55, 48826841, 205
2376, 56, 111, 121, 0, 0, 4.81%, 0, 0, 4, 21542.35, 48951053, 205
2381, 56, 119, 121, 0, 0, 4.81%, 0, 0, 4, 18183.37, 49031533, 205
2386, 56, 2, 121, 0, 0, 4.81%, 0, 0, 4, 19640.42, 49140483, 205
2391, 57, 30, 121, 0, 0, 4.81%, 0, 0, 4, 22800.32, 49257321, 205
2396, 57, 2, 121, 0, 0, 4.81%, 0, 0, 4, 22781.25, 49367459, 205
2401, 57, 83, 121, 0, 0, 4.81%, 0, 0, 4, 22432.90, 49483110, 205
2406, 57, 2, 121, 0, 0, 4.81%, 0, 0, 4, 18501.81, 49568929, 205
2411, 57, 120, 121, 0, 0, 4.81%, 0, 0, 4, 19381.18, 49683423, 205
2416, 57, 120, 121, 0, 0, 4.81%, 0, 0, 4, 14450.90, 49761357, 205
2421, 57, 81, 121, 0, 0, 4.81%, 0, 0, 4, 23451.92, 49894425, 205
2426, 58, 111, 121, 0, 0, 4.81%, 0, 0, 4, 13671.93, 49959328, 205
2432, 58, 120, 121, 0, 0, 4.81%, 0, 0, 4, 15336.50, 50039540, 205
2437, 58, 119, 121, 0, 0, 4.81%, 0, 0, 4, 16388.85, 50130480, 205
2442, 58, 120, 121, 0, 0, 4.81%, 0, 0, 4, 19577.82, 50248079, 205
2447, 58, 101, 121, 0, 0, 4.81%, 0, 0, 4, 16161.61, 50338360, 205
2452, 58, 107, 121, 0, 0, 4.81%, 0, 0, 4, 23594.54, 50479462, 205
2457, 58, 2, 121, 0, 0, 4.81%, 0, 0, 4, 20111.00, 50570229, 205
2462, 58, 95, 121, 0, 0, 4.81%, 0, 0, 4, 19793.85, 50678964, 205
2467, 58, 109, 121, 0, 0, 4.81%, 0, 0, 4, 14306.16, 50750476, 205
2472, 59, 2, 121, 0, 0, 4.81%, 0, 0, 4, 22706.49, 50869105, 205
2477, 59, 105, 121, 0, 0, 4.81%, 0, 0, 4, 17098.01, 50955415, 205
2482, 59, 2, 121, 0, 0, 4.81%, 0, 0, 4, 22146.84, 51058674, 205
2487, 59, 100, 121, 0, 0, 4.81%, 0, 0, 4, 15758.55, 51130463, 205
2492, 59, 120, 121, 0, 0, 4.81%, 0, 0, 4, 21871.49, 51241858, 205
2498, 59, 103, 121, 0, 0, 4.81%, 0, 0, 4, 21511.71, 51355614, 205
2503, 59, 111, 121, 0, 0, 4.81%, 0, 0, 4, 17820.55, 51440015, 205
2508, 59, 2, 121, 0, 0, 4.81%, 0, 0, 4, 19002.25, 51519159, 205
2513, 59, 29, 121, 0, 0, 4.81%, 0, 0, 4, 18746.41, 51610356, 205
2518, 60, 2, 121, 0, 0, 4.81%, 0, 0, 4, 25207.41, 51665253, 205
2523, 60, 2, 121, 0, 0, 4.81%, 0, 0, 4, 17119.26, 51738649, 205
2528, 60, 2, 121, 0, 0, 4.81%, 0, 0, 4, 16391.88, 51817945, 205
2534, 60, 2, 121, 0, 0, 4.81%, 0, 0, 4, 21786.37, 51939597, 205
2539, 60, 105, 121, 0, 0, 4.81%, 0, 0, 4, 17150.49, 52022676, 205
2544, 60, 30, 121, 0, 0, 4.81%, 0, 0, 4, 20262.42, 52132064, 205
2549, 60, 45, 121, 0, 0, 4.81%, 0, 0, 4, 18309.84, 52213071, 205
2554, 60, 115, 121, 0, 0, 4.81%, 0, 0, 4, 20427.66, 52317887, 205
2559, 60, 95, 121, 0, 0, 4.81%, 0, 0, 4, 18531.05, 52408634, 205
2564, 61, 16, 121, 0, 0, 4.81%, 0, 0, 4, 20816.11, 52516566, 205
2569, 61, 2, 121, 0, 0, 4.81%, 0, 0, 4, 17955.70, 52595038, 205
2574, 61, 2, 121, 0, 0, 4.81%, 0, 0, 4, 19661.77, 52694863, 205
2579, 61, 2, 121, 0, 0, 4.81%, 0, 0, 4, 20041.80, 52787982, 205
2585, 61, 31, 121, 0, 0, 4.81%, 0, 0, 4, 18856.54, 52876492, 205
2590, 61, 29, 121, 0, 0, 4.81%, 0, 0, 4, 20400.18, 52974503, 205
2595, 61, 18, 121, 0, 0, 4.81%, 0, 0, 4, 18748.82, 53057479, 205
2600, 61, 21, 121, 0, 0, 4.81%, 0, 0, 4, 18677.02, 53154442, 205
2605, 62, 82, 121, 0, 0, 4.81%, 0, 0, 4, 15653.26, 53230574, 205
2610, 62, 25, 121, 0, 0, 4.81%, 0, 0, 4, 16693.61, 53314241, 205
2615, 62, 2, 121, 0, 0, 4.81%, 0, 0, 4, 15007.09, 53380971, 205
2620, 62, 111, 121, 0, 0, 4.81%, 0, 0, 4, 14946.24, 53462137, 205
2625, 62, 2, 121, 0, 0, 4.81%, 0, 0, 4, 16833.02, 53560710, 205
2630, 62, 2, 121, 0, 0, 4.81%, 0, 0, 4, 21924.69, 53667707, 205
2636, 62, 2, 121, 0, 0, 4.81%, 0, 0, 4, 22960.52, 53794152, 205
2641, 62, 2, 121, 0, 0, 4.81%, 0, 0, 4, 23528.96, 53910195, 205
2646, 63, 112, 121, 0, 0, 4.81%, 0, 0, 4, 18137.72, 54003617, 205
2651, 63, 2, 121, 0, 0, 4.81%, 0, 0, 4, 19660.49, 54090020, 205
2656, 63, 29, 121, 0, 0, 4.81%, 0, 0, 4, 16827.63, 54170767, 205
2661, 63, 2, 121, 0, 0, 4.81%, 0, 0, 4, 20668.63, 54270534, 205
2666, 63, 2, 121, 0, 0, 4.81%, 0, 0, 4, 18913.76, 54371470, 205
2671, 63, 118, 121, 0, 0, 4.81%, 0, 0, 4, 24494.30, 54500237, 205
2676, 63, 2, 121, 0, 0, 4.81%, 0, 0, 4, 18641.90, 54582062, 205
2681, 63, 2, 121, 0, 0, 4.81%, 0, 0, 4, 19048.07, 54674591, 205
2686, 63, 2, 121, 0, 0, 4.81%, 0, 0, 4, 17368.70, 54761423, 205
2692, 64, 2, 121, 0, 0, 4.81%, 0, 0, 4, 21865.49, 54883919, 205
2697, 64, 120, 121, 0, 0, 4.81%, 0, 0, 4, 13544.18, 54948155, 205
2702, 64, 106, 121, 0, 0, 4.81%, 0, 0, 4, 15182.20, 55039464, 205
2707, 64, 108, 121, 0, 0, 4.81%, 0, 0, 4, 16091.20, 55137115, 205
2712, 64, 85, 121, 0, 0, 4.81%, 0, 0, 4, 14765.39, 55206346, 205
2717, 64, 90, 121, 0, 0, 4.81%, 0, 0, 4, 12402.33, 55255736, 205
2722, 64, 120, 121, 0, 0, 4.81%, 0, 0, 4, 13418.16, 55325216, 205
2727, 64, 84, 121, 0, 0, 4.81%, 0, 0, 4, 12801.71, 55395340, 205
2732, 64, 120, 121, 0, 0, 4.81%, 0, 0, 4, 12474.59, 55452045, 205
2737, 64, 2, 121, 0, 0, 4.81%, 0, 0, 4, 16112.59, 55526214, 205
2743, 64, 2, 121, 0, 0, 4.81%, 0, 0, 4, 21049.60, 55634996, 205
2748, 64, 120, 121, 0, 0, 4.81%, 0, 0, 4, 18550.00, 55731490, 205
2753, 65, 2, 121, 0, 0, 4.81%, 0, 0, 4, 21230.78, 55829948, 205
2758, 65, 118, 121, 0, 0, 4.81%, 0, 0, 4, 17677.75, 55923214, 205
2763, 65, 29, 121, 0, 0, 4.81%, 0, 0, 4, 15041.88, 55988857, 205
2768, 65, 120, 121, 0, 0, 4.81%, 0, 0, 4, 13173.70, 56061373, 205
2773, 65, 102, 121, 0, 0, 4.81%, 0, 0, 4, 17750.83, 56168238, 205
2778, 65, 120, 121, 0, 0, 4.81%, 0, 0, 4, 17219.31, 56246721, 205
2783, 65, 2, 121, 0, 0, 4.81%, 0, 0, 4, 19814.64, 56337812, 205
2788, 65, 120, 121, 0, 0, 4.81%, 0, 0, 4, 14923.75, 56413704, 205
2794, 65, 2, 121, 0, 0, 4.81%, 0, 0, 4, 21438.46, 56534175, 205
2799, 65, 2, 121, 0, 0, 4.81%, 0, 0, 4, 26351.51, 56665092, 205
2804, 66, 25, 121, 0, 0, 4.81%, 0, 0, 4, 22702.54, 56778694, 205
2809, 66, 2, 121, 0, 0, 4.81%, 0, 0, 4, 20299.03, 56874920, 205
2814, 66, 2, 121, 0, 0, 4.81%, 0, 0, 4, 23693.51, 56990193, 205
2819, 66, 91, 121, 0, 0, 4.81%, 0, 0, 4, 20394.99, 57077672, 205
2824, 66, 2, 121, 0, 0, 4.81%, 0, 0, 4, 22235.77, 57178646, 205
2829, 66, 2, 121, 0, 0, 4.81%, 0, 0, 4, 25531.33, 57304662, 205
2834, 66, 2, 121, 0, 0, 4.81%, 0, 0, 4, 21606.17, 57406533, 205
2839, 67, 109, 121, 0, 0, 4.81%, 0, 0, 4, 22300.63, 57518371, 205
2844, 67, 119, 121, 0, 0, 4.81%, 0, 0, 4, 20030.73, 57607427, 205
2849, 67, 30, 121, 0, 0, 4.81%, 0, 0, 4, 22948.78, 57717962, 205
2854, 67, 2, 121, 0, 0, 4.81%, 0, 0, 4, 18759.83, 57816366, 205
2860, 67, 29, 121, 0, 0, 4.81%, 0, 0, 4, 21596.46, 57938335, 205
2865, 67, 2, 121, 0, 0, 4.81%, 0, 0, 4, 21911.25, 58061537, 205
2870, 67, 2, 121, 0, 0, 4.81%, 0, 0, 4, 21543.81, 58163776, 205
2875, 67, 89, 121, 0, 0, 4.81%, 0, 0, 4, 22502.07, 58285880, 205
2880, 68, 35, 121, 0, 0, 4.81%, 0, 0, 4, 23453.42, 58399049, 205
2885, 68, 2, 121, 0, 0, 4.81%, 0, 0, 4, 23273.74, 58510831, 205
2890, 68, 2, 121, 0, 0, 4.81%, 0, 0, 4, 23503.83, 58629515, 205
2895, 68, 2, 121, 0, 0, 4.81%, 0, 0, 4, 22364.36, 58734579, 205
2900, 68, 101, 121, 0, 0, 4.81%, 0, 0, 4, 21377.01, 58844788, 205
2905, 68, 29, 121, 0, 0, 4.81%, 0, 0, 4, 19248.13, 58942312, 205
2910, 68, 2, 121, 0, 0, 4.81%, 0, 0, 4, 21732.52, 59052907, 205
2916, 69, 29, 121, 0, 0, 4.81%, 0, 0, 4, 21087.38, 59164499, 205
2921, 69, 2, 121, 0, 0, 4.81%, 0, 0, 4, 23404.72, 59284239, 205
2926, 69, 120, 121, 0, 0, 4.81%, 0, 0, 4, 16171.44, 59367789, 205
2931, 69, 2, 121, 0, 0, 4.81%, 0, 0, 4, 20510.12, 59470750, 205
2936, 69, 30, 121, 0, 0, 4.81%, 0, 0, 4, 21884.21, 59585980, 205
2941, 69, 22, 121, 0, 0, 4.81%, 0, 0, 4, 24030.96, 59708836, 205
2946, 69, 2, 121, 0, 0, 4.81%, 0, 0, 4, 23422.54, 59827567, 205
2951, 70, 120, 121, 0, 0, 4.81%, 0, 0, 4, 23090.75, 59934107, 205
2956, 70, 2, 121, 0, 0, 4.81%, 0, 0, 4, 19675.24, 60025459, 205
2961, 70, 29, 121, 0, 0, 4.81%, 0, 0, 4, 22093.02, 60145812, 205
2967, 70, 100, 121, 0, 0, 4.81%, 0, 0, 4, 16358.33, 60223619, 205
2972, 70, 2, 121, 0, 0, 4.81%, 0, 0, 4, 19350.56, 60320825, 205
2977, 70, 120, 121, 0, 0, 4.81%, 0, 0, 4, 19082.12, 60423253, 205
2982, 70, 2, 121, 0, 0, 4.81%, 0, 0, 4, 19413.95, 60507808, 205
2987, 70, 2, 121, 0, 0, 4.81%, 0, 0, 4, 17888.79, 60597702, 205
2992, 70, 2, 121, 0, 0, 4.81%, 0, 0, 4, 17070.03, 60677030, 205
2997, 70, 2, 121, 0, 0, 4.81%, 0, 0, 4, 19066.73, 60768796, 205
3002, 71, 29, 121, 0, 0, 4.81%, 0, 0, 4, 19849.83, 60870014, 205
3007, 71, 2, 121, 0, 0, 4.81%, 0, 0, 4, 20459.77, 60980034, 205
3012, 71, 29, 121, 0, 0, 4.81%, 0, 0, 4, 22990.24, 61093374, 205
3017, 71, 2, 121, 0, 0, 4.81%, 0, 0, 4, 21106.07, 61200635, 205
3022, 71, 94, 121, 0, 0, 4.81%, 0, 0, 4, 4140.53, 61288381, 205
3028, 71, 2, 121, 0, 0, 4.81%, 0, 0, 4, 17192.23, 61379759, 205
3033, 71, 2, 121, 0, 0, 4.81%, 0, 0, 4, 19588.22, 61480805, 205
3038, 72, 110, 121, 0, 0, 4.81%, 0, 0, 4, 18807.78, 61570519, 205
3043, 72, 2, 121, 0, 0, 4.81%, 0, 0, 4, 19715.13, 61666251, 205
3048, 72, 2, 121, 0, 0, 4.81%, 0, 0, 4, 17129.63, 61747752, 205
3053, 72, 29, 121, 0, 0, 4.81%, 0, 0, 4, 21795.19, 61858322, 205
3058, 72, 119, 121, 0, 0, 4.81%, 0, 0, 4, 15998.75, 61940351, 205
3063, 72, 2, 121, 0, 0, 4.81%, 0, 0, 4, 20608.30, 62050788, 205
3068, 72, 112, 121, 0, 0, 4.81%, 0, 0, 4, 15295.88, 62130029, 205
3073, 72, 35, 121, 0, 0, 4.81%, 0, 0, 4, 23198.58, 62243595, 205
3078, 72, 2, 121, 0, 0, 4.81%, 0, 0, 4, 17971.67, 62319444, 205
3083, 73, 2, 121, 0, 0, 4.81%, 0, 0, 4, 21430.61, 62431166, 205
3088, 73, 102, 121, 0, 0, 4.81%, 0, 0, 4, 15051.37, 62504190, 205
3093, 73, 2, 121, 0, 0, 4.81%, 0, 0, 4, 24083.81, 62628705, 205
3098, 73, 2, 121, 0, 0, 4.81%, 0, 0, 4, 22329.84, 62737745, 205
3103, 73, 2, 121, 0, 0, 4.81%, 0, 0, 4, 22014.05, 62847176, 205
3108, 73, 2, 121, 0, 0, 4.81%, 0, 0, 4, 22148.11, 62953225, 205
3114, 73, 2, 121, 0, 0, 4.81%, 0, 0, 4, 25029.60, 63088479, 205
3119, 74, 100, 121, 0, 0, 4.81%, 0, 0, 4, 18927.80, 63177954, 205
3124, 74, 120, 121, 0, 0, 4.81%, 0, 0, 4, 13071.12, 63240840, 205
3129, 74, 120, 121, 0, 0, 4.81%, 0, 0, 4, 19160.19, 63337192, 205
3134, 74, 39, 121, 0, 0, 4.81%, 0, 0, 4, 16562.84, 63413301, 205
3139, 74, 120, 121, 0, 0, 4.81%, 0, 0, 4, 14710.98, 63490233, 205
3144, 74, 85, 121, 0, 0, 4.81%, 0, 0, 4, 19884.21, 63592451, 205
3150, 74, 120, 121, 0, 0, 4.81%, 0, 0, 4, 14255.56, 63660816, 205
3155, 74, 2, 121, 0, 0, 4.81%, 0, 0, 4, 19788.47, 63761492, 205
3160, 74, 2, 121, 0, 0, 4.81%, 0, 0, 4, 22163.97, 63864593, 205
3165, 74, 29, 121, 0, 0, 4.81%, 0, 0, 4, 17103.43, 63947739, 205
3170, 75, 2, 121, 0, 0, 4.81%, 0, 0, 4, 19840.11, 64048800, 205
3175, 75, 120, 121, 0, 0, 4.81%, 0, 0, 4, 13250.58, 64117497, 205
3180, 75, 2, 121, 0, 0, 4.81%, 0, 0, 4, 16940.02, 64211023, 205
3185, 75, 119, 121, 0, 0, 4.81%, 0, 0, 4, 16942.66, 64303717, 205
3190, 75, 108, 121, 0, 0, 4.81%, 0, 0, 4, 19291.06, 64408455, 205
3196, 75, 34, 121, 0, 0, 4.81%, 0, 0, 4, 19130.70, 64503740, 205
3201, 75, 119, 121, 0, 0, 4.81%, 0, 0, 4, 18240.04, 64594244, 205
3206, 75, 2, 121, 0, 0, 4.81%, 0, 0, 4, 21827.65, 64720872, 205
3211, 75, 109, 121, 0, 0, 4.81%, 0, 0, 4, 17840.41, 64804968, 205
3216, 76, 29, 121, 0, 0, 4.81%, 0, 0, 4, 18899.23, 64894337, 205
3221, 76, 2, 121, 0, 0, 4.81%, 0, 0, 4, 17101.90, 64987635, 205
3226, 76, 2, 121, 0, 0, 4.81%, 0, 0, 4, 15110.03, 65063602, 205
3231, 76, 2, 121, 0, 0, 4.81%, 0, 0, 4, 21136.51, 65175817, 205
3236, 76, 2, 121, 0, 0, 4.81%, 0, 0, 4, 20969.62, 65289295, 205
3241, 76, 118, 121, 0, 0, 4.81%, 0, 0, 4, 21573.48, 65396653, 205
3246, 76, 120, 121, 0, 0, 4.81%, 0, 0, 4, 16434.19, 65485301, 205
3252, 76, 120, 121, 0, 0, 4.81%, 0, 0, 4, 16796.80, 65580334, 205
3257, 76, 2, 121, 0, 0, 4.81%, 0, 0, 4, 16638.22, 65656293, 205
3262, 77, 2, 121, 0, 0, 4.81%, 0, 0, 4, 21969.10, 65777618, 205
3267, 77, 119, 121, 0, 0, 4.81%, 0, 0, 4, 17719.88, 65864847, 205
3272, 77, 119, 121, 0, 0, 4.81%, 0, 0, 4, 16734.28, 65964559, 205
3277, 77, 0, 121, 0, 0, 4.81%, 0, 0, 4, 22264.50, 66083924, 205
3282, 77, 120, 121, 0, 0, 4.81%, 0, 0, 4, 20406.15, 66193814, 205
3287, 77, 2, 121, 0, 0, 4.81%, 0, 0, 4, 16217.30, 66264185, 205
3292, 77, 2, 121, 0, 0, 4.81%, 0, 0, 4, 24407.79, 66402539, 205
3298, 78, 2, 121, 0, 0, 4.81%, 0, 0, 4, 22512.31, 66515904, 205
3303, 78, 98, 121, 0, 0, 4.81%, 0, 0, 4, 18736.02, 66615624, 205
3308, 78, 2, 121, 0, 0, 4.81%, 0, 0, 4, 18598.51, 66703829, 205
3313, 78, 89, 121, 0, 0, 4.81%, 0, 0, 4, 19667.14, 66815083, 205
3318, 78, 2, 121, 0, 0, 4.81%, 0, 0, 4, 15587.09, 66889525, 205
3323, 78, 2, 121, 0, 0, 4.81%, 0, 0, 4, 18557.23, 66993694, 205
3328, 78, 2, 121, 0, 0, 4.81%, 0, 0, 4, 15760.05, 67073109, 205
3333, 78, 97, 121, 0, 0, 4.81%, 0, 0, 4, 18426.82, 67177981, 205
3338, 79, 2, 121, 0, 0, 4.81%, 0, 0, 4, 22228.41, 67285510, 205
3343, 79, 2, 121, 0, 0, 4.81%, 0, 0, 4, 21326.48, 67374334, 205
3348, 79, 120, 121, 0, 0, 4.81%, 0, 0, 4, 17277.41, 67467560, 205
3353, 79, 105, 121, 0, 0, 4.81%, 0, 0, 4, 20684.28, 67574601, 205
3358, 79, 2, 121, 0, 0, 4.81%, 0, 0, 4, 20218.60, 67649746, 205
3364, 79, 2, 121, 0, 0, 4.81%, 0, 0, 4, 25483.55, 67779847, 205
3369, 79, 2, 121, 0, 0, 4.81%, 0, 0, 4, 22650.90, 67880865, 205
3374, 79, 2, 121, 0, 0, 4.81%, 0, 0, 4, 23946.94, 68009216, 205
3379, 79, 120, 121, 0, 0, 4.81%, 0, 0, 4, 14607.32, 68074759, 205
3384, 80, 120, 121, 0, 0, 4.81%, 0, 0, 4, 18474.70, 68187069, 205
3389, 80, 2, 121, 0, 0, 4.81%, 0, 0, 4, 27836.48, 68324610, 205
3394, 80, 2, 121, 0, 0, 4.81%, 0, 0, 4, 24775.25, 68442555, 205
3399, 80, 2, 121, 0, 0, 4.81%, 0, 0, 4, 25668.00, 68571872, 205
3404, 80, 22, 121, 0, 0, 4.81%, 0, 0, 4, 16234.01, 68652427, 205
3410, 80, 120, 121, 0, 0, 4.81%, 0, 0, 4, 18417.37, 68747627, 205
3415, 80, 112, 121, 0, 0, 4.81%, 0, 0, 4, 11433.62, 68796602, 205
3420, 80, 24, 121, 0, 0, 4.81%, 0, 0, 4, 17536.10, 68883374, 205
3425, 80, 106, 121, 0, 0, 4.81%, 0, 0, 4, 16545.82, 68966680, 205
3430, 80, 26, 121, 0, 0, 4.81%, 0, 0, 4, 16993.17, 69044194, 205
3435, 81, 2, 121, 0, 0, 4.81%, 0, 0, 4, 18467.61, 69141917, 205
3440, 81, 119, 121, 0, 0, 4.81%, 0, 0, 4, 16484.38, 69230226, 205
3445, 81, 2, 121, 0, 0, 4.81%, 0, 0, 4, 17677.65, 69322893, 205
3450, 81, 29, 121, 0, 0, 4.81%, 0, 0, 4, 20492.16, 69430724, 205
3455, 81, 29, 121, 0, 0, 4.81%, 0, 0, 4, 21732.96, 69544584, 205
3460, 81, 29, 121, 0, 0, 4.81%, 0, 0, 4, 20247.28, 69641315, 205
3465, 81, 29, 121, 0, 0, 4.81%, 0, 0, 4, 17075.51, 69725950, 205
3470, 81, 2, 121, 0, 0, 4.81%, 0, 0, 4, 17318.29, 69803507, 205
3476, 81, 118, 121, 0, 0, 4.81%, 0, 0, 4, 17798.17, 69898316, 205
3481, 82, 110, 121, 0, 0, 4.81%, 0, 0, 4, 16090.54, 69981812, 205
3486, 82, 29, 121, 0, 0, 4.81%, 0, 0, 4, 18487.58, 70085308, 205
3491, 82, 120, 121, 0, 0, 4.81%, 0, 0, 4, 14990.08, 70162176, 205
3496, 82, 39, 121, 0, 0, 4.81%, 0, 0, 4, 17052.00, 70248477, 205
3501, 82, 76, 121, 0, 0, 4.81%, 0, 0, 4, 16449.53, 70325350, 205
3506, 82, 120, 121, 0, 0, 4.81%, 0, 0, 4, 14364.18, 70404571, 205
3511, 82, 120, 121, 0, 0, 4.81%, 0, 0, 4, 15821.19, 70485493, 205
3516, 82, 2, 121, 0, 0, 4.81%, 0, 0, 4, 17894.44, 70580328, 205
3521, 82, 2, 121, 0, 0, 4.81%, 0, 0, 4, 20121.53, 70670994, 205
3526, 83, 2, 121, 0, 0, 4.81%, 0, 0, 4, 16063.63, 70748630, 205
3531, 83, 2, 121, 0, 0, 4.81%, 0, 0, 4, 24529.54, 70873004, 205
3536, 83, 2, 121, 0, 0, 4.81%, 0, 0, 4, 16640.50, 70954112, 205
3542, 83, 2, 121, 0, 0, 4.81%, 0, 0, 4, 14861.29, 71027291, 205
3547, 83, 39, 121, 0, 0, 4.81%, 0, 0, 4, 19594.43, 71137022, 205
3552, 83, 106, 121, 0, 0, 4.81%, 0, 0, 4, 14361.96, 71205955, 205
3557, 83, 0, 121, 0, 0, 4.81%, 0, 0, 4, 17724.49, 71294389, 205
3562, 83, 2, 121, 0, 0, 4.81%, 0, 0, 4, 19153.51, 71390130, 205
3567, 84, 2, 121, 0, 0, 4.81%, 0, 0, 4, 21116.33, 71498664, 205
3572, 84, 89, 121, 0, 0, 4.81%, 0, 0, 4, 4217.25, 71597809, 205
3577, 84, 29, 121, 0, 0, 4.81%, 0, 0, 4, 24396.11, 71709106, 205
3582, 84, 2, 121, 0, 0, 4.81%, 0, 0, 4, 23993.42, 71831164, 205
3587, 84, 29, 121, 0, 0, 4.81%, 0, 0, 4, 16620.26, 71902549, 205
3592, 84, 2, 121, 0, 0, 4.81%, 0, 0, 4, 24580.15, 72029393, 205
3597, 84, 115, 121, 0, 0, 4.81%, 0, 0, 4, 20579.63, 72114639, 205
