# relative_time, cycles_done, cur_item, corpus_count, pending_total, pending_favs, map_size, saved_crashes, saved_hangs, max_depth, execs_per_sec, total_execs, edges_found
61, 2, 42, 139, 108, 0, 5.66%, 0, 0, 2, 25788.18, 1269877, 245
67, 2, 20, 139, 108, 0, 5.66%, 0, 0, 2, 20321.09, 1365297, 245
72, 2, 20, 139, 107, 0, 5.66%, 0, 0, 2, 20731.39, 1471250, 245
77, 2, 20, 139, 106, 0, 5.66%, 0, 0, 2, 21125.05, 1573072, 245
82, 2, 20, 139, 106, 0, 5.66%, 0, 0, 2, 21704.11, 1693742, 245
87, 3, 20, 139, 105, 0, 5.66%, 0, 0, 2, 20046.05, 1789424, 245
92, 3, 20, 139, 104, 0, 5.66%, 0, 0, 2, 19256.68, 1888616, 245
97, 3, 20, 139, 102, 0, 5.66%, 0, 0, 2, 20260.02, 1993353, 245
103, 3, 20, 139, 100, 0, 5.66%, 0, 0, 2, 20572.78, 2100432, 245
108, 3, 20, 139, 100, 0, 5.66%, 0, 0, 2, 20302.33, 2203538, 245
113, 4, 42, 139, 100, 0, 5.66%, 0, 0, 2, 21441.26, 2318049, 245
118, 4, 34, 139, 100, 0, 5.66%, 0, 0, 2, 21660.24, 2423294, 245
123, 4, 20, 139, 100, 0, 5.66%, 0, 0, 2, 18964.54, 2523814, 245
128, 4, 20, 139, 99, 0, 5.66%, 0, 0, 2, 17759.72, 2613077, 245
133, 5, 20, 140, 99, 0, 5.66%, 0, 0, 2, 17563.13, 2706012, 245
138, 5, 8, 140, 99, 0, 5.66%, 0, 0, 2, 19087.77, 2803462, 245
144, 5, 20, 140, 99, 0, 5.66%, 0, 0, 2, 18315.96, 2899519, 245
149, 5, 20, 140, 97, 0, 5.66%, 0, 0, 2, 20203.42, 3007627, 245
154, 6, 87, 140, 95, 0, 5.66%, 0, 0, 2, 16541.58, 3092988, 245
159, 6, 59, 140, 94, 0, 5.66%, 0, 0, 2, 19075.53, 3193926, 245
164, 6, 20, 140, 94, 0, 5.66%, 0, 0, 2, 18519.24, 3295814, 245
169, 6, 102, 140, 93, 0, 5.66%, 0, 0, 2, 19424.64, 3399400, 245
174, 6, 42, 140, 91, 0, 5.66%, 0, 0, 2, 18356.76, 3487386, 245
179, 7, 20, 140, 89, 0, 5.66%, 0, 0, 2, 20383.89, 3595520, 245
185, 7, 17, 140, 88, 0, 5.66%, 0, 0, 2, 18825.07, 3694203, 245
190, 7, 20, 140, 86, 0, 5.66%, 0, 0, 2, 20198.82, 3795711, 245
195, 7, 20, 140, 84, 0, 5.66%, 0, 0, 2, 18994.59, 3894130, 245
200, 8, 20, 140, 84, 0, 5.66%, 0, 0, 2, 21614.75, 4003144, 245
205, 8, 20, 140, 84, 0, 5.66%, 0, 0, 2, 18997.87, 4100261, 245
210, 8, 59, 140, 84, 0, 5.66%, 0, 0, 2, 21569.01, 4214442, 245
215, 9, 20, 140, 83, 0, 5.66%, 0, 0, 2, 21948.63, 4324358, 245
220, 9, 20, 140, 82, 0, 5.66%, 0, 0, 2, 19892.02, 4414935, 245
226, 9, 8, 140, 80, 0, 5.66%, 0, 0, 2, 19530.13, 4513454, 245
231, 9, 20, 140, 80, 0, 5.66%, 0, 0, 2, 22888.88, 4636172, 245
236, 10, 46, 140, 80, 0, 5.66%, 0, 0, 2, 19997.03, 4735040, 245
241, 10, 20, 140, 80, 0, 5.66%, 0, 0, 2, 20942.98, 4848413, 245
246, 10, 20, 140, 80, 0, 5.66%, 0, 0, 2, 21845.08, 4952483, 245
251, 10, 42, 140, 80, 0, 5.66%, 0, 0, 2, 20344.24, 5051203, 245
256, 11, 20, 140, 80, 0, 5.66%, 0, 0, 2, 20738.94, 5154155, 245
262, 11, 20, 140, 79, 0, 5.66%, 0, 0, 2, 22845.60, 5271996, 245
267, 11, 20, 140, 79, 0, 5.66%, 0, 0, 2, 20847.02, 5372649, 245
272, 11, 20, 140, 77, 0, 5.66%, 0, 0, 2, 19310.60, 5465469, 245
277, 12, 20, 140, 75, 0, 5.66%, 0, 0, 2, 20081.22, 5564615, 245
282, 12, 20, 140, 74, 0, 5.66%, 0, 0, 2, 20634.34, 5673655, 245
287, 12, 20, 140, 73, 0, 5.66%, 0, 0, 2, 20618.11, 5777906, 245
292, 12, 20, 140, 71, 0, 5.66%, 0, 0, 2, 20874.61, 5888671, 245
297, 13, 20, 166, 97, 0, 5.66%, 0, 0, 2, 19843.70, 5985006, 245
303, 13, 20, 166, 97, 0, 5.66%, 0, 0, 2, 20555.40, 6096827, 245
308, 13, 20, 166, 97, 0, 5.66%, 0, 0, 2, 19027.92, 6195744, 245
313, 13, 20, 166, 97, 0, 5.66%, 0, 0, 2, 18790.38, 6298647, 245
318, 13, 20, 166, 96, 0, 5.66%, 0, 0, 2, 21921.76, 6410889, 245
323, 13, 20, 166, 96, 0, 5.66%, 0, 0, 2, 20926.30, 6522099, 245
329, 14, 20, 166, 95, 0, 5.66%, 0, 0, 2, 22823.51, 6636949, 245
334, 14, 42, 166, 95, 0, 5.66%, 0, 0, 2, 20469.82, 6742602, 245
339, 14, 20, 166, 94, 0, 5.66%, 0, 0, 2, 23491.08, 6861233, 245
344, 14, 20, 166, 94, 0, 5.66%, 0, 0, 2, 21771.59, 6983368, 245
349, 14, 20, 166, 94, 0, 5.66%, 0, 0, 2, 23647.87, 7104906, 245
354, 14, 20, 166, 94, 0, 5.66%, 0, 0, 2, 20796.04, 7212726, 245
359, 15, 20, 166, 93, 0, 5.66%, 0, 0, 2, 22497.94, 7328590, 245
365, 15, 20, 166, 93, 0, 5.66%, 0, 0, 2, 21713.62, 7446001, 245
370, 15, 138, 166, 93, 0, 5.66%, 0, 0, 2, 20589.36, 7552408, 245
375, 15, 20, 166, 92, 0, 5.66%, 0, 0, 2, 20168.21, 7655797, 245
380, 15, 20, 166, 91, 0, 5.66%, 0, 0, 2, 19818.56, 7756131, 245
385, 15, 42, 166, 91, 0, 5.66%, 0, 0, 2, 17855.28, 7853850, 245
390, 16, 20, 167, 92, 0, 5.66%, 0, 0, 2, 23919.06, 7987574, 245
395, 16, 42, 167, 92, 0, 5.66%, 0, 0, 2, 21612.76, 8094348, 245
400, 16, 20, 167, 92, 0, 5.66%, 0, 0, 2, 23135.70, 8213090, 245
406, 16, 20, 167, 91, 0, 5.66%, 0, 0, 2, 19947.15, 8312807, 245
411, 16, 20, 167, 90, 0, 5.66%, 0, 0, 2, 21852.59, 8425827, 245
416, 16, 20, 167, 90, 0, 5.66%, 0, 0, 2, 19903.87, 8522997, 245
421, 17, 42, 167, 89, 0, 5.66%, 0, 0, 2, 23316.32, 8642861, 245
426, 17, 20, 167, 89, 0, 5.66%, 0, 0, 2, 21894.91, 8748612, 245
431, 17, 20, 167, 89, 0, 5.66%, 0, 0, 2, 21350.47, 8857102, 245
436, 17, 20, 167, 89, 0, 5.66%, 0, 0, 2, 21410.38, 8958784, 245
441, 17, 20, 167, 88, 0, 5.66%, 0, 0, 2, 22884.07, 9080597, 245
446, 17, 20, 167, 88, 0, 5.66%, 0, 0, 2, 20940.42, 9184829, 245
452, 18, 20, 167, 87, 0, 5.66%, 0, 0, 2, 23057.65, 9308272, 245
457, 18, 20, 167, 87, 0, 5.66%, 0, 0, 2, 21178.02, 9414754, 245
462, 18, 19, 167, 87, 0, 5.66%, 0, 0, 2, 22574.51, 9537933, 245
467, 18, 20, 167, 87, 0, 5.66%, 0, 0, 2, 21735.10, 9639380, 245
472, 18, 20, 167, 87, 0, 5.66%, 0, 0, 2, 21857.95, 9756111, 245
477, 18, 8, 167, 87, 0, 5.66%, 0, 0, 2, 20116.71, 9850189, 245
482, 19, 20, 167, 87, 0, 5.66%, 0, 0, 2, 21876.89, 9974424, 245
488, 19, 20, 167, 87, 0, 5.66%, 0, 0, 2, 19512.16, 10074078, 245
493, 19, 20, 167, 87, 0, 5.66%, 0, 0, 2, 20732.28, 10183750, 245
498, 19, 20, 167, 87, 0, 5.66%, 0, 0, 2, 22421.71, 10301260, 245
503, 19, 20, 167, 87, 0, 5.66%, 0, 0, 2, 20551.02, 10409288, 245
508, 19, 20, 167, 87, 0, 5.66%, 0, 0, 2, 21582.78, 10519491, 245
513, 20, 26, 167, 87, 0, 5.66%, 0, 0, 2, 19372.47, 10624506, 245
518, 20, 20, 167, 86, 0, 5.66%, 0, 0, 2, 22983.99, 10737671, 245
524, 20, 20, 167, 86, 0, 5.66%, 0, 0, 2, 21463.92, 10850391, 245
529, 20, 8, 167, 86, 0, 5.66%, 0, 0, 2, 23674.08, 10971024, 245
534, 20, 20, 167, 86, 0, 5.66%, 0, 0, 2, 20099.86, 11070017, 245
539, 20, 20, 167, 86, 0, 5.66%, 0, 0, 2, 23703.05, 11191295, 245
544, 21, 42, 167, 86, 0, 5.66%, 0, 0, 2, 19349.03, 11289729, 245
549, 21, 20, 167, 86, 0, 5.66%, 0, 0, 2, 19600.09, 11390076, 245
554, 21, 20, 167, 86, 0, 5.66%, 0, 0, 2, 19890.03, 11494795, 245
560, 21, 20, 167, 85, 0, 5.66%, 0, 0, 2, 20549.35, 11598136, 245
565, 21, 20, 167, 85, 0, 5.66%, 0, 0, 2, 20613.07, 11701662, 245
570, 21, 42, 167, 85, 0, 5.66%, 0, 0, 2, 21933.52, 11813348, 245
575, 22, 20, 167, 85, 0, 5.66%, 0, 0, 2, 18946.48, 11907365, 245
580, 22, 20, 167, 84, 0, 5.66%, 0, 0, 2, 20812.78, 12018330, 245
585, 22, 20, 167, 84, 0, 5.66%, 0, 0, 2, 19904.93, 12124087, 245
590, 22, 20, 167, 84, 0, 5.66%, 0, 0, 2, 22970.36, 12248093, 245
595, 22, 46, 167, 84, 0, 5.66%, 0, 0, 2, 19586.93, 12350231, 245
601, 22, 42, 167, 83, 0, 5.66%, 0, 0, 2, 22818.56, 12469803, 245
606, 23, 20, 167, 83, 0, 5.66%, 0, 0, 2, 19791.51, 12561806, 245
611, 23, 42, 167, 83, 0, 5.66%, 0, 0, 2, 21775.30, 12668201, 245
616, 23, 20, 167, 83, 0, 5.66%, 0, 0, 2, 18940.11, 12759471, 245
621, 23, 20, 167, 83, 0, 5.66%, 0, 0, 2, 20302.77, 12865627, 245
626, 23, 20, 167, 83, 0, 5.66%, 0, 0, 2, 19371.80, 12966964, 245
631, 23, 20, 167, 83, 0, 5.66%, 0, 0, 2, 22970.38, 13086807, 245
636, 23, 20, 167, 83, 0, 5.66%, 0, 0, 2, 20837.92, 13181157, 245
641, 24, 81, 167, 83, 0, 5.66%, 0, 0, 2, 20233.66, 13286267, 245
646, 24, 20, 167, 82, 0, 5.66%, 0, 0, 2, 20050.42, 13380947, 245
652, 24, 46, 167, 82, 0, 5.66%, 0, 0, 2, 22657.48, 13499835, 245
657, 24, 42, 167, 82, 0, 5.66%, 0, 0, 2, 20249.70, 13597927, 245
662, 24, 20, 167, 81, 0, 5.66%, 0, 0, 2, 20452.74, 13702205, 245
667, 24, 20, 167, 81, 0, 5.66%, 0, 0, 2, 18941.72, 13796247, 245
672, 25, 20, 167, 81, 0, 5.66%, 0, 0, 2, 18744.32, 13891053, 245
677, 25, 20, 167, 80, 0, 5.66%, 0, 0, 2, 19621.57, 13987269, 245
682, 25, 20, 167, 79, 0, 5.66%, 0, 0, 2, 20923.54, 14098628, 245
688, 25, 20, 167, 79, 0, 5.66%, 0, 0, 2, 20080.14, 14197940, 245
693, 25, 20, 167, 79, 0, 5.66%, 0, 0, 2, 22945.24, 14324278, 245
698, 25, 20, 167, 79, 0, 5.66%, 0, 0, 2, 20368.06, 14424989, 245
703, 26, 20, 167, 79, 0, 5.66%, 0, 0, 2, 19397.18, 14529432, 245
708, 26, 20, 167, 79, 0, 5.66%, 0, 0, 2, 22619.97, 14645683, 245
713, 26, 20, 167, 79, 0, 5.66%, 0, 0, 2, 20237.50, 14754589, 245
719, 26, 20, 167, 78, 0, 5.66%, 0, 0, 2, 20288.92, 14855399, 245
724, 26, 20, 167, 78, 0, 5.66%, 0, 0, 2, 18739.77, 14951892, 245
729, 26, 20, 167, 76, 0, 5.66%, 0, 0, 2, 17256.89, 15041660, 245
734, 26, 52, 167, 75, 0, 5.66%, 0, 0, 2, 14572.09, 15119799, 245
739, 27, 20, 167, 75, 0, 5.66%, 0, 0, 2, 19859.96, 15227761, 245
744, 27, 106, 167, 73, 0, 5.66%, 0, 0, 2, 19165.16, 15328848, 245
749, 27, 20, 167, 72, 0, 5.66%, 0, 0, 2, 21681.49, 15441167, 245
754, 27, 20, 167, 72, 0, 5.66%, 0, 0, 2, 18330.13, 15536114, 245
760, 27, 42, 167, 72, 0, 5.66%, 0, 0, 2, 20683.75, 15645059, 245
765, 27, 20, 167, 71, 0, 5.66%, 0, 0, 2, 19288.02, 15745873, 245
770, 28, 20, 170, 74, 0, 5.66%, 0, 0, 2, 20952.34, 15857297, 245
775, 28, 20, 170, 74, 0, 5.66%, 0, 0, 2, 18001.58, 15949944, 245
780, 28, 46, 170, 73, 0, 5.66%, 0, 0, 2, 21124.67, 16064720, 245
785, 28, 20, 170, 72, 0, 5.66%, 0, 0, 2, 18725.82, 16159831, 245
791, 28, 20, 170, 72, 0, 5.66%, 0, 0, 2, 19958.29, 16259498, 245
796, 28, 19, 170, 72, 0, 5.66%, 0, 0, 2, 21343.82, 16370876, 245
801, 28, 20, 170, 72, 0, 5.66%, 0, 0, 2, 22635.77, 16485694, 245
806, 29, 37, 170, 72, 0, 5.66%, 0, 0, 2, 18291.24, 16572526, 245
811, 29, 20, 170, 72, 0, 5.66%, 0, 0, 2, 20249.88, 16680588, 245
816, 29, 20, 170, 72, 0, 5.66%, 0, 0, 2, 18613.78, 16768279, 245
821, 29, 20, 170, 72, 0, 5.66%, 0, 0, 2, 22980.83, 16890119, 245
827, 29, 52, 170, 72, 0, 5.66%, 0, 0, 2, 23843.21, 17005516, 245
832, 29, 20, 170, 72, 0, 5.66%, 0, 0, 2, 21465.90, 17112668, 245
837, 30, 20, 170, 72, 0, 5.66%, 0, 0, 2, 19838.39, 17206677, 245
842, 30, 20, 170, 72, 0, 5.66%, 0, 0, 2, 21958.67, 17324058, 245
847, 30, 20, 170, 72, 0, 5.66%, 0, 0, 2, 19940.63, 17421991, 245
852, 30, 20, 170, 71, 0, 5.66%, 0, 0, 2, 19178.33, 17516155, 245
857, 30, 20, 170, 71, 0, 5.66%, 0, 0, 2, 20977.26, 17619435, 245
862, 30, 20, 170, 71, 0, 5.66%, 0, 0, 2, 21301.46, 17731445, 245
867, 30, 20, 170, 71, 0, 5.66%, 0, 0, 2, 21065.69, 17836149, 245
873, 31, 42, 170, 71, 0, 5.66%, 0, 0, 2, 20953.84, 17948949, 245
878, 31, 20, 170, 71, 0, 5.66%, 0, 0, 2, 21001.66, 18054416, 245
883, 31, 42, 170, 71, 0, 5.66%, 0, 0, 2, 20210.21, 18160443, 245
888, 31, 20, 170, 71, 0, 5.66%, 0, 0, 2, 21775.37, 18274795, 245
893, 31, 20, 170, 70, 0, 5.66%, 0, 0, 2, 19784.10, 18381976, 245
898, 31, 34, 170, 70, 0, 5.66%, 0, 0, 2, 22547.44, 18496420, 245
904, 32, 20, 170, 70, 0, 5.66%, 0, 0, 2, 19138.43, 18596643, 245
909, 32, 20, 170, 70, 0, 5.66%, 0, 0, 2, 17635.89, 18687105, 245
914, 32, 20, 170, 70, 0, 5.66%, 0, 0, 2, 20584.02, 18795275, 245
919, 32, 20, 170, 70, 0, 5.66%, 0, 0, 2, 22290.58, 18909858, 245
924, 32, 42, 170, 70, 0, 5.66%, 0, 0, 2, 19081.15, 19011951, 245
929, 32, 154, 170, 70, 0, 5.66%, 0, 0, 2, 5789.43, 19088383, 245
934, 32, 42, 170, 69, 0, 5.66%, 0, 0, 2, 17189.95, 19188762, 245
939, 33, 20, 170, 69, 0, 5.66%, 0, 0, 2, 20780.15, 19302043, 245
945, 33, 19, 170, 69, 0, 5.66%, 0, 0, 2, 20287.76, 19410632, 245
950, 33, 19, 170, 69, 0, 5.66%, 0, 0, 2, 19768.12, 19514721, 245
955, 33, 20, 170, 69, 0, 5.66%, 0, 0, 2, 20660.15, 19622635, 245
960, 33, 20, 170, 69, 0, 5.66%, 0, 0, 2, 23018.77, 19742817, 245
965, 33, 20, 170, 68, 0, 5.66%, 0, 0, 2, 20727.56, 19845837, 245
970, 33, 37, 170, 68, 0, 5.66%, 0, 0, 2, 20491.21, 19951235, 245
976, 34, 151, 170, 68, 0, 5.66%, 0, 0, 2, 17728.13, 20041902, 245
981, 34, 20, 170, 67, 0, 5.66%, 0, 0, 2, 21019.03, 20150919, 245
986, 34, 8, 170, 67, 0, 5.66%, 0, 0, 2, 19188.13, 20247788, 245
991, 34, 20, 170, 67, 0, 5.66%, 0, 0, 2, 22718.83, 20368873, 245
996, 34, 20, 170, 67, 0, 5.66%, 0, 0, 2, 20910.66, 20467713, 245
1001, 34, 20, 170, 67, 0, 5.66%, 0, 0, 2, 20878.79, 20578107, 245
1006, 35, 52, 170, 67, 0, 5.66%, 0, 0, 2, 20336.96, 20682889, 245
1012, 35, 158, 170, 67, 0, 5.66%, 0, 0, 2, 12685.69, 20757328, 245
1017, 35, 20, 170, 65, 0, 5.66%, 0, 0, 2, 17256.82, 20846018, 245
1022, 35, 20, 170, 65, 0, 5.66%, 0, 0, 2, 22025.92, 20959862, 245
1027, 35, 42, 170, 65, 0, 5.66%, 0, 0, 2, 18508.44, 21048964, 245
1032, 35, 20, 170, 64, 0, 5.66%, 0, 0, 2, 18271.67, 21142143, 245
1037, 35, 20, 170, 64, 0, 5.66%, 0, 0, 2, 19800.74, 21238112, 245
1042, 36, 20, 170, 63, 0, 5.66%, 0, 0, 2, 19973.66, 21345210, 245
1048, 36, 20, 170, 63, 0, 5.66%, 0, 0, 2, 21724.69, 21455366, 245
1053, 36, 20, 170, 63, 0, 5.66%, 0, 0, 2, 20729.36, 21564554, 245
1058, 36, 20, 170, 63, 0, 5.66%, 0, 0, 2, 20572.03, 21665032, 245
1063, 36, 20, 170, 62, 0, 5.66%, 0, 0, 2, 19120.25, 21767744, 245
1068, 36, 20, 170, 62, 0, 5.66%, 0, 0, 2, 19925.09, 21866827, 245
1073, 36, 20, 170, 62, 0, 5.66%, 0, 0, 2, 18006.17, 21964229, 245
1079, 37, 52, 170, 62, 0, 5.66%, 0, 0, 2, 21860.68, 22076072, 245
1084, 37, 50, 170, 61, 0, 5.66%, 0, 0, 2, 22312.27, 22193099, 245
1089, 37, 8, 170, 61, 0, 5.66%, 0, 0, 2, 19345.27, 22291929, 245
1094, 37, 42, 170, 60, 0, 5.66%, 0, 0, 2, 19025.09, 22393711, 245
1099, 37, 20, 170, 60, 0, 5.66%, 0, 0, 2, 22899.85, 22512911, 245
1104, 37, 20, 170, 60, 0, 5.66%, 0, 0, 2, 19231.94, 22608872, 245
1109, 38, 20, 170, 60, 0, 5.66%, 0, 0, 2, 22316.36, 22727328, 245
1115, 38, 20, 170, 60, 0, 5.66%, 0, 0, 2, 19264.77, 22826696, 245
1120, 38, 20, 170, 60, 0, 5.66%, 0, 0, 2, 21406.12, 22936873, 245
1125, 38, 20, 170, 60, 0, 5.66%, 0, 0, 2, 20298.95, 23045663, 245
1130, 38, 42, 170, 60, 0, 5.66%, 0, 0, 2, 21686.71, 23159851, 245
1135, 38, 19, 170, 59, 0, 5.66%, 0, 0, 2, 19429.88, 23256057, 245
1140, 38, 20, 170, 59, 0, 5.66%, 0, 0, 2, 22485.15, 23377334, 245
1146, 39, 20, 170, 58, 0, 5.66%, 0, 0, 2, 20687.47, 23478727, 245
1151, 39, 42, 170, 58, 0, 5.66%, 0, 0, 2, 19533.40, 23577089, 245
1156, 39, 20, 170, 58, 0, 5.66%, 0, 0, 2, 18475.52, 23670670, 245
1161, 39, 20, 170, 58, 0, 5.66%, 0, 0, 2, 22084.30, 23791136, 245
1166, 39, 52, 170, 58, 0, 5.66%, 0, 0, 2, 20846.19, 23896777, 245
1171, 39, 20, 170, 58, 0, 5.66%, 0, 0, 2, 21590.87, 24009514, 245
1176, 40, 20, 170, 58, 0, 5.66%, 0, 0, 2, 20490.13, 24109036, 245
1182, 40, 20, 170, 58, 0, 5.66%, 0, 0, 2, 21794.60, 24224241, 245
1187, 40, 20, 170, 58, 0, 5.66%, 0, 0, 2, 20843.15, 24323962, 245
1192, 40, 20, 170, 57, 0, 5.66%, 0, 0, 2, 19514.75, 24419978, 245
1197, 40, 20, 170, 57, 0, 5.66%, 0, 0, 2, 20198.70, 24517688, 245
1202, 40, 94, 170, 57, 0, 5.66%, 0, 0, 2, 20446.99, 24630637, 245
1207, 40, 20, 170, 56, 0, 5.66%, 0, 0, 2, 20522.36, 24738036, 245
1212, 41, 20, 170, 56, 0, 5.66%, 0, 0, 2, 19999.32, 24842274, 245
1218, 41, 42, 170, 56, 0, 5.66%, 0, 0, 2, 21358.54, 24944520, 245
1223, 41, 52, 170, 56, 0, 5.66%, 0, 0, 2, 20369.28, 25052394, 245
1228, 41, 20, 170, 56, 0, 5.66%, 0, 0, 2, 20720.88, 25156588, 245
1233, 41, 20, 170, 56, 0, 5.66%, 0, 0, 2, 20050.47, 25265098, 245
1238, 41, 20, 170, 55, 0, 5.66%, 0, 0, 2, 21260.22, 25372122, 245
1243, 42, 8, 170, 55, 0, 5.66%, 0, 0, 2, 20022.42, 25474840, 245
1248, 42, 20, 170, 55, 0, 5.66%, 0, 0, 2, 23537.85, 25591038, 245
1253, 42, 50, 170, 55, 0, 5.66%, 0, 0, 2, 21328.20, 25698501, 245
1259, 42, 74, 170, 55, 0, 5.66%, 0, 0, 2, 20395.31, 25801986, 245
1264, 42, 20, 170, 55, 0, 5.66%, 0, 0, 2, 18336.16, 25897974, 245
1269, 42, 20, 170, 55, 0, 5.66%, 0, 0, 2, 19084.30, 26000068, 245
1274, 42, 20, 170, 54, 0, 5.66%, 0, 0, 2, 15102.65, 26078929, 245
1279, 43, 20, 170, 54, 0, 5.66%, 0, 0, 2, 19611.05, 26179727, 245
1284, 43, 20, 170, 54, 0, 5.66%, 0, 0, 2, 19624.26, 26288710, 245
1289, 43, 20, 170, 54, 0, 5.66%, 0, 0, 2, 20910.01, 26397439, 245
1295, 43, 20, 170, 54, 0, 5.66%, 0, 0, 2, 20642.27, 26509889, 245
1300, 43, 20, 170, 53, 0, 5.66%, 0, 0, 2, 22651.05, 26624788, 245
1305, 43, 20, 170, 53, 0, 5.66%, 0, 0, 2, 19295.85, 26722739, 245
1310, 44, 20, 170, 53, 0, 5.66%, 0, 0, 2, 20491.79, 26831481, 245
1315, 44, 42, 170, 53, 0, 5.66%, 0, 0, 2, 19830.89, 26936166, 245
1320, 44, 20, 170, 53, 0, 5.66%, 0, 0, 2, 19332.73, 27034038, 245
1325, 44, 20, 170, 53, 0, 5.66%, 0, 0, 2, 19518.02, 27130259, 245
1330, 44, 34, 170, 53, 0, 5.66%, 0, 0, 2, 18978.78, 27224853, 245
1336, 44, 20, 170, 53, 0, 5.66%, 0, 0, 2, 22477.14, 27340412, 245
1341, 44, 42, 170, 53, 0, 5.66%, 0, 0, 2, 21609.87, 27449345, 245
1346, 45, 20, 170, 53, 0, 5.66%, 0, 0, 2, 19333.59, 27549367, 245
1351, 45, 20, 170, 53, 0, 5.66%, 0, 0, 2, 22187.29, 27670299, 245
1356, 45, 20, 170, 53, 0, 5.66%, 0, 0, 2, 19208.33, 27757934, 245
1361, 45, 106, 170, 53, 0, 5.66%, 0, 0, 2, 19645.13, 27863050, 245
1366, 45, 42, 170, 53, 0, 5.66%, 0, 0, 2, 19324.47, 27960900, 245
1371, 45, 8, 170, 53, 0, 5.66%, 0, 0, 2, 21335.89, 28070689, 245
1377, 46, 8, 170, 53, 0, 5.66%, 0, 0, 2, 19502.96, 28166111, 245
1382, 46, 20, 170, 53, 0, 5.66%, 0, 0, 2, 21849.12, 28279713, 245
1387, 46, 20, 170, 53, 0, 5.66%, 0, 0, 2, 18752.27, 28370039, 245
1392, 46, 20, 170, 52, 0, 5.66%, 0, 0, 2, 18347.59, 28462919, 245
1397, 46, 20, 170, 52, 0, 5.66%, 0, 0, 2, 19524.23, 28556437, 245
1403, 46, 20, 170, 52, 0, 5.66%, 0, 0, 2, 19941.20, 28662213, 245
1408, 46, 20, 170, 51, 0, 5.66%, 0, 0, 2, 23284.67, 28780280, 245
1413, 47, 19, 170, 51, 0, 5.66%, 0, 0, 2, 20241.56, 28885167, 245
1418, 47, 20, 170, 51, 0, 5.66%, 0, 0, 2, 19488.81, 28982906, 245
1423, 47, 20, 170, 51, 0, 5.66%, 0, 0, 2, 18638.85, 29082224, 245
1428, 47, 20, 170, 51, 0, 5.66%, 0, 0, 2, 22904.64, 29196057, 245
1433, 47, 42, 170, 51, 0, 5.66%, 0, 0, 2, 18792.82, 29290610, 245
1438, 47, 20, 170, 51, 0, 5.66%, 0, 0, 2, 20577.62, 29397345, 245
1444, 48, 20, 170, 51, 0, 5.66%, 0, 0, 2, 18619.64, 29495602, 245
1449, 48, 20, 170, 51, 0, 5.66%, 0, 0, 2, 19289.32, 29599474, 245
1454, 48, 20, 170, 51, 0, 5.66%, 0, 0, 2, 16893.36, 29686283, 245
1459, 48, 20, 170, 50, 0, 5.66%, 0, 0, 2, 18153.69, 29772890, 245
1464, 48, 20, 170, 50, 0, 5.66%, 0, 0, 2, 18327.05, 29869657, 245
1469, 48, 20, 170, 50, 0, 5.66%, 0, 0, 2, 20105.69, 29972424, 245
1475, 48, 20, 170, 50, 0, 5.66%, 0, 0, 2, 20349.23, 30078765, 245
1480, 49, 20, 170, 50, 0, 5.66%, 0, 0, 2, 20691.51, 30184492, 245
1485, 49, 42, 170, 50, 0, 5.66%, 0, 0, 2, 19642.87, 30290435, 245
1490, 49, 20, 170, 49, 0, 5.66%, 0, 0, 2, 20342.92, 30396490, 245
1495, 49, 52, 170, 49, 0, 5.66%, 0, 0, 2, 21907.53, 30504907, 245
1500, 49, 20, 170, 49, 0, 5.66%, 0, 0, 2, 22546.66, 30622538, 245
1506, 49, 104, 170, 49, 0, 5.66%, 0, 0, 2, 20615.04, 30728813, 245
1511, 49, 20, 170, 48, 0, 5.66%, 0, 0, 2, 20048.52, 30823518, 245
1516, 50, 20, 170, 48, 0, 5.66%, 0, 0, 2, 19338.75, 30918329, 245
1521, 50, 8, 170, 48, 0, 5.66%, 0, 0, 2, 22697.39, 31037535, 245
1526, 50, 42, 170, 48, 0, 5.66%, 0, 0, 2, 21986.03, 31149103, 245
1531, 50, 20, 170, 48, 0, 5.66%, 0, 0, 2, 21249.52, 31259330, 245
1536, 50, 20, 170, 48, 0, 5.66%, 0, 0, 2, 20604.24, 31363311, 245
1542, 50, 20, 170, 48, 0, 5.66%, 0, 0, 2, 20112.12, 31468337, 245
1547, 51, 20, 170, 47, 0, 5.66%, 0, 0, 2, 19719.18, 31565214, 245
1552, 51, 20, 170, 47, 0, 5.66%, 0, 0, 2, 22598.52, 31685679, 245
1557, 51, 20, 170, 47, 0, 5.66%, 0, 0, 2, 21526.84, 31786146, 245
1562, 51, 42, 170, 47, 0, 5.66%, 0, 0, 2, 20039.36, 31888586, 245
1567, 51, 20, 170, 47, 0, 5.66%, 0, 0, 2, 19985.81, 31987735, 245
1572, 51, 20, 170, 47, 0, 5.66%, 0, 0, 2, 21050.65, 32095860, 245
1577, 51, 20, 170, 46, 0, 5.66%, 0, 0, 2, 21622.29, 32202018, 245
1583, 52, 20, 170, 46, 0, 5.66%, 0, 0, 2, 20884.35, 32310342, 245
1588, 52, 42, 170, 46, 0, 5.66%, 0, 0, 2, 20886.69, 32415123, 245
1593, 52, 20, 170, 46, 0, 5.66%, 0, 0, 2, 19785.56, 32516889, 245
1598, 52, 20, 170, 45, 0, 5.66%, 0, 0, 2, 20815.68, 32618877, 245
1603, 52, 20, 170, 44, 0, 5.66%, 0, 0, 2, 19806.75, 32719837, 245
1608, 52, 20, 170, 44, 0, 5.66%, 0, 0, 2, 20401.14, 32818261, 245
1613, 53, 20, 170, 44, 0, 5.66%, 0, 0, 2, 20779.26, 32931319, 245
1618, 53, 20, 170, 43, 0, 5.66%, 0, 0, 2, 18813.93, 33022316, 245
1623, 53, 42, 170, 43, 0, 5.66%, 0, 0, 2, 20685.20, 33139179, 245
1628, 53, 20, 170, 43, 0, 5.66%, 0, 0, 2, 18020.93, 33235617, 245
1634, 53, 20, 170, 43, 0, 5.66%, 0, 0, 2, 18227.07, 33333526, 245
1639, 53, 19, 170, 43, 0, 5.66%, 0, 0, 2, 20321.28, 33436969, 245
1644, 53, 20, 170, 43, 0, 5.66%, 0, 0, 2, 19140.59, 33541935, 245
1649, 54, 20, 170, 43, 0, 5.66%, 0, 0, 2, 21722.96, 33652939, 245
1654, 54, 20, 170, 43, 0, 5.66%, 0, 0, 2, 19293.28, 33753439, 245
1659, 54, 20, 170, 43, 0, 5.66%, 0, 0, 2, 21283.96, 33864201, 245
1665, 54, 20, 170, 43, 0, 5.66%, 0, 0, 2, 20950.99, 33971767, 245
1670, 54, 20, 170, 42, 0, 5.66%, 0, 0, 2, 21820.97, 34083508, 245
1675, 54, 20, 170, 42, 0, 5.66%, 0, 0, 2, 18817.49, 34175792, 245
1680, 55, 20, 170, 42, 0, 5.66%, 0, 0, 2, 19808.01, 34272843, 245
1685, 55, 20, 170, 42, 0, 5.66%, 0, 0, 2, 18522.92, 34370101, 245
1690, 55, 8, 170, 42, 0, 5.66%, 0, 0, 2, 20236.49, 34472446, 245
1695, 55, 20, 170, 42, 0, 5.66%, 0, 0, 2, 19049.19, 34573554, 245
1701, 55, 20, 170, 42, 0, 5.66%, 0, 0, 2, 21353.16, 34684817, 245
1706, 55, 20, 170, 42, 0, 5.66%, 0, 0, 2, 20080.03, 34783903, 245
1711, 55, 20, 170, 41, 0, 5.66%, 0, 0, 2, 20180.01, 34888577, 245
1716, 56, 20, 170, 41, 0, 5.66%, 0, 0, 2, 19645.35, 34988493, 245
1721, 56, 20, 170, 41, 0, 5.66%, 0, 0, 2, 22469.71, 35104668, 245
1726, 56, 20, 170, 41, 0, 5.66%, 0, 0, 2, 22270.79, 35218025, 245
1732, 56, 20, 170, 41, 0, 5.66%, 0, 0, 2, 21937.25, 35334237, 245
1737, 56, 20, 170, 41, 0, 5.66%, 0, 0, 2, 19633.64, 35426045, 245
1742, 56, 20, 170, 41, 0, 5.66%, 0, 0, 2, 21455.88, 35541766, 245
1747, 57, 20, 170, 41, 0, 5.66%, 0, 0, 2, 18487.95, 35629714, 245
1752, 57, 34, 170, 41, 0, 5.66%, 0, 0, 2, 19608.72, 35726365, 245
1757, 57, 20, 170, 41, 0, 5.66%, 0, 0, 2, 20241.44, 35821711, 245
1762, 57, 104, 170, 41, 0, 5.66%, 0, 0, 2, 20976.26, 35926602, 245
1767, 57, 20, 170, 41, 0, 5.66%, 0, 0, 2, 18704.84, 36013071, 245
1772, 57, 20, 170, 40, 0, 5.66%, 0, 0, 2, 18302.68, 36098795, 245
1778, 57, 20, 170, 40, 0, 5.66%, 0, 0, 2, 19654.34, 36200132, 245
1783, 58, 20, 170, 40, 0, 5.66%, 0, 0, 2, 21364.47, 36313818, 245
1788, 58, 20, 170, 40, 0, 5.66%, 0, 0, 2, 20867.58, 36418086, 245
1793, 58, 20, 170, 40, 0, 5.66%, 0, 0, 2, 20392.19, 36526347, 245
1798, 58, 20, 170, 40, 0, 5.66%, 0, 0, 2, 21207.22, 36631641, 245
1803, 58, 52, 170, 40, 0, 5.66%, 0, 0, 2, 19458.87, 36733302, 245
1808, 58, 20, 170, 39, 0, 5.66%, 0, 0, 2, 18463.85, 36823746, 245
1813, 58, 20, 170, 39, 0, 5.66%, 0, 0, 2, 19719.57, 36933928, 245
1819, 59, 20, 170, 39, 0, 5.66%, 0, 0, 2, 19687.30, 37035746, 245
1824, 59, 42, 170, 39, 0, 5.66%, 0, 0, 2, 20020.85, 37144796, 245
1829, 59, 42, 170, 39, 0, 5.66%, 0, 0, 2, 21575.69, 37254698, 245
1834, 59, 105, 170, 39, 0, 5.66%, 0, 0, 2, 19608.02, 37358338, 245
1839, 59, 20, 170, 39, 0, 5.66%, 0, 0, 2, 21193.85, 37467776, 245
1844, 59, 20, 170, 39, 0, 5.66%, 0, 0, 2, 18853.87, 37565020, 245
1849, 60, 90, 170, 39, 0, 5.66%, 0, 0, 2, 20153.98, 37677614, 245
1855, 60, 20, 170, 38, 0, 5.66%, 0, 0, 2, 18300.72, 37771790, 245
1860, 60, 20, 170, 38, 0, 5.66%, 0, 0, 2, 21510.80, 37888011, 245
1865, 60, 20, 170, 38, 0, 5.66%, 0, 0, 2, 18139.43, 37980445, 245
1870, 60, 20, 170, 38, 0, 5.66%, 0, 0, 2, 19215.51, 38075524, 245
1875, 60, 20, 170, 38, 0, 5.66%, 0, 0, 2, 19272.22, 38176259, 245
1880, 60, 20, 170, 38, 0, 5.66%, 0, 0, 2, 21109.17, 38289127, 245
1885, 61, 20, 170, 37, 0, 5.66%, 0, 0, 2, 17447.93, 38371828, 245
1890, 61, 20, 170, 37, 0, 5.66%, 0, 0, 2, 20326.89, 38479750, 245
1896, 61, 20, 170, 37, 0, 5.66%, 0, 0, 2, 18976.09, 38578803, 245
1901, 61, 20, 170, 37, 0, 5.66%, 0, 0, 2, 21681.72, 38693811, 245
1906, 61, 37, 170, 37, 0, 5.66%, 0, 0, 2, 20256.88, 38793006, 245
1911, 61, 20, 170, 37, 0, 5.66%, 0, 0, 2, 22656.07, 38912230, 245
1916, 61, 20, 170, 37, 0, 5.66%, 0, 0, 2, 20095.60, 39003086, 245
1921, 62, 42, 170, 37, 0, 5.66%, 0, 0, 2, 22502.38, 39121466, 245
1926, 62, 20, 170, 37, 0, 5.66%, 0, 0, 2, 20138.84, 39218022, 245
1931, 62, 20, 170, 37, 0, 5.66%, 0, 0, 2, 18913.61, 39306321, 245
1936, 62, 20, 170, 36, 0, 5.66%, 0, 0, 2, 19589.42, 39405599, 245
1942, 62, 42, 170, 36, 0, 5.66%, 0, 0, 2, 23486.10, 39523039, 245
1947, 62, 20, 170, 36, 0, 5.66%, 0, 0, 2, 19899.84, 39613711, 245
1952, 63, 52, 170, 36, 0, 5.66%, 0, 0, 2, 21414.34, 39723413, 245
1957, 63, 20, 170, 36, 0, 5.66%, 0, 0, 2, 19883.57, 39821925, 245
1962, 63, 20, 170, 36, 0, 5.66%, 0, 0, 2, 20530.32, 39930112, 245
1967, 63, 50, 170, 36, 0, 5.66%, 0, 0, 2, 20862.77, 40033619, 245
1972, 63, 95, 170, 36, 0, 5.66%, 0, 0, 2, 16398.57, 40125094, 245
1978, 63, 20, 170, 35, 0, 5.66%, 0, 0, 2, 18438.71, 40216446, 245
1983, 63, 20, 170, 35, 0, 5.66%, 0, 0, 2, 19840.55, 40326146, 245
1988, 64, 20, 170, 35, 0, 5.66%, 0, 0, 2, 17604.75, 40417957, 245
1993, 64, 20, 170, 35, 0, 5.66%, 0, 0, 2, 19752.57, 40528728, 245
1998, 64, 20, 170, 35, 0, 5.66%, 0, 0, 2, 19693.04, 40627089, 245
2003, 64, 152, 170, 35, 0, 5.66%, 0, 0, 2, 18382.75, 40725068, 245
2009, 64, 20, 170, 34, 0, 5.66%, 0, 0, 2, 21942.89, 40831299, 245
2014, 64, 20, 170, 34, 0, 5.66%, 0, 0, 2, 19017.76, 40927720, 245
2019, 64, 20, 170, 34, 0, 5.66%, 0, 0, 2, 20466.02, 41031295, 245
2024, 65, 20, 170, 34, 0, 5.66%, 0, 0, 2, 18863.09, 41133404, 245
2029, 65, 20, 170, 33, 0, 5.66%, 0, 0, 2, 22736.02, 41248308, 245
2034, 65, 34, 170, 33, 0, 5.66%, 0, 0, 2, 19896.53, 41351140, 245
2039, 65, 52, 170, 33, 0, 5.66%, 0, 0, 2, 21546.38, 41463398, 245
2045, 65, 20, 170, 33, 0, 5.66%, 0, 0, 2, 18568.35, 41560223, 245
2050, 65, 20, 170, 33, 0, 5.66%, 0, 0, 2, 18980.38, 41660871, 245
2055, 66, 20, 170, 33, 0, 5.66%, 0, 0, 2, 18296.08, 41759487, 245
2060, 66, 20, 170, 33, 0, 5.66%, 0, 0, 2, 21492.92, 41876108, 245
2065, 66, 20, 170, 33, 0, 5.66%, 0, 0, 2, 19021.38, 41976215, 245
2070, 66, 20, 170, 33, 0, 5.66%, 0, 0, 2, 21458.18, 42090618, 245
2076, 66, 103, 170, 32, 0, 5.66%, 0, 0, 2, 17446.04, 42175764, 245
2081, 66, 20, 170, 31, 0, 5.66%, 0, 0, 2, 22627.01, 42296173, 245
2086, 66, 37, 170, 31, 0, 5.66%, 0, 0, 2, 22067.01, 42404061, 245
2091, 67, 20, 170, 31, 0, 5.66%, 0, 0, 2, 21088.85, 42508134, 245
2096, 67, 106, 170, 31, 0, 5.66%, 0, 0, 2, 20116.28, 42607809, 245
2101, 67, 20, 170, 31, 0, 5.66%, 0, 0, 2, 22743.11, 42728563, 245
2106, 67, 153, 170, 31, 0, 5.66%, 0, 0, 2, 3228.67, 42814189, 245
2112, 67, 20, 170, 29, 0, 5.66%, 0, 0, 2, 16502.90, 42899874, 245
2117, 67, 20, 170, 29, 0, 5.66%, 0, 0, 2, 18188.46, 42991462, 245
2122, 67, 20, 170, 29, 0, 5.66%, 0, 0, 2, 20375.74, 43102432, 245
2127, 68, 20, 170, 29, 0, 5.66%, 0, 0, 2, 20042.38, 43202759, 245
2132, 68, 20, 170, 29, 0, 5.66%, 0, 0, 2, 19782.77, 43309384, 245
2138, 68, 20, 170, 29, 0, 5.66%, 0, 0, 2, 18324.73, 43399784, 245
2143, 68, 42, 170, 29, 0, 5.66%, 0, 0, 2, 19506.01, 43507299, 245
2148, 68, 20, 170, 29, 0, 5.66%, 0, 0, 2, 20370.33, 43606699, 245
2153, 68, 20, 170, 29, 0, 5.66%, 0, 0, 2, 19238.93, 43706809, 245
2158, 69, 37, 170, 29, 0, 5.66%, 0, 0, 2, 19278.05, 43804540, 245
2163, 69, 20, 170, 29, 0, 5.66%, 0, 0, 2, 20304.55, 43913389, 245
2168, 69, 20, 170, 29, 0, 5.66%, 0, 0, 2, 18392.78, 44002762, 245
2174, 69, 20, 170, 29, 0, 5.66%, 0, 0, 2, 19663.12, 44110460, 245
2179, 69, 20, 170, 29, 0, 5.66%, 0, 0, 2, 19949.52, 44211061, 245
2184, 69, 20, 170, 29, 0, 5.66%, 0, 0, 2, 18686.46, 44312897, 245
2189, 69, 20, 170, 29, 0, 5.66%, 0, 0, 2, 21362.46, 44425603, 245
2194, 70, 20, 170, 29, 0, 5.66%, 0, 0, 2, 18937.99, 44527516, 245
2199, 70, 20, 170, 29, 0, 5.66%, 0, 0, 2, 20402.26, 44631421, 245
2204, 70, 20, 170, 29, 0, 5.66%, 0, 0, 2, 18688.21, 44731175, 245
2210, 70, 8, 170, 29, 0, 5.66%, 0, 0, 2, 20748.71, 44839912, 245
2215, 70, 8, 170, 29, 0, 5.66%, 0, 0, 2, 21004.65, 44948080, 245
2220, 70, 52, 170, 29, 0, 5.66%, 0, 0, 2, 23110.21, 45062687, 245
2225, 71, 20, 170, 29, 0, 5.66%, 0, 0, 2, 19619.68, 45160065, 245
2230, 71, 20, 170, 29, 0, 5.66%, 0, 0, 2, 18744.49, 45248679, 245
2235, 71, 105, 170, 29, 0, 5.66%, 0, 0, 2, 17846.81, 45342374, 245
2240, 71, 97, 170, 29, 0, 5.66%, 0, 0, 2, 19507.66, 45449977, 245
2246, 71, 104, 170, 29, 0, 5.66%, 0, 0, 2, 18653.32, 45538948, 245
2251, 71, 20, 170, 29, 0, 5.66%, 0, 0, 2, 20910.61, 45646219, 245
2256, 71, 19, 170, 29, 0, 5.66%, 0, 0, 2, 21606.30, 45747113, 245
2261, 72, 20, 170, 29, 0, 5.66%, 0, 0, 2, 22225.11, 45861247, 245
2266, 72, 20, 170, 29, 0, 5.66%, 0, 0, 2, 19853.39, 45952972, 245
2271, 72, 20, 170, 29, 0, 5.66%, 0, 0, 2, 21010.97, 46065748, 245
2276, 72, 20, 170, 28, 0, 5.66%, 0, 0, 2, 18509.36, 46154602, 245
2281, 72, 42, 170, 28, 0, 5.66%, 0, 0, 2, 21042.13, 46269407, 245
2287, 72, 37, 170, 28, 0, 5.66%, 0, 0, 2, 18980.79, 46356919, 245
2292, 73, 20, 170, 28, 0, 5.66%, 0, 0, 2, 20213.57, 46458878, 245
2297, 73, 20, 170, 28, 0, 5.66%, 0, 0, 2, 18577.04, 46544227, 245
2302, 73, 20, 170, 28, 0, 5.66%, 0, 0, 2, 21949.24, 46653806, 245
2307, 73, 20, 170, 28, 0, 5.66%, 0, 0, 2, 21462.28, 46752811, 245
2312, 73, 42, 170, 28, 0, 5.66%, 0, 0, 2, 21044.02, 46863646, 245
2317, 73, 20, 170, 28, 0, 5.66%, 0, 0, 2, 21151.84, 46966969, 245
2322, 73, 42, 170, 28, 0, 5.66%, 0, 0, 2, 20449.64, 47071734, 245
2327, 74, 20, 170, 28, 0, 5.66%, 0, 0, 2, 19604.97, 47165416, 245
2332, 74, 20, 170, 28, 0, 5.66%, 0, 0, 2, 21165.53, 47274593, 245
2338, 74, 20, 170, 28, 0, 5.66%, 0, 0, 2, 20149.16, 47373562, 245
2343, 74, 52, 170, 28, 0, 5.66%, 0, 0, 2, 19951.63, 47479052, 245
2348, 74, 20, 170, 28, 0, 5.66%, 0, 0, 2, 18124.76, 47573400, 245
2353, 74, 37, 170, 28, 0, 5.66%, 0, 0, 2, 18053.61, 47671785, 245
2358, 75, 50, 170, 28, 0, 5.66%, 0, 0, 2, 20521.86, 47775460, 245
2363, 75, 20, 170, 28, 0, 5.66%, 0, 0, 2, 19172.04, 47878249, 245
2369, 75, 20, 170, 28, 0, 5.66%, 0, 0, 2, 20529.35, 47982178, 245
2374, 75, 20, 170, 28, 0, 5.66%, 0, 0, 2, 18675.25, 48086087, 245
2379, 75, 42, 170, 28, 0, 5.66%, 0, 0, 2, 19796.71, 48185403, 245
2384, 75, 42, 170, 28, 0, 5.66%, 0, 0, 2, 19590.13, 48295008, 245
2389, 75, 20, 170, 28, 0, 5.66%, 0, 0, 2, 19519.03, 48398273, 245
2394, 76, 8, 170, 28, 0, 5.66%, 0, 0, 2, 17912.78, 48496032, 245
2399, 76, 20, 170, 28, 0, 5.66%, 0, 0, 2, 19503.10, 48598655, 245
2405, 76, 37, 170, 28, 0, 5.66%, 0, 0, 2, 18478.88, 48696927, 245
2410, 76, 20, 170, 28, 0, 5.66%, 0, 0, 2, 19174.57, 48795122, 245
2415, 76, 20, 170, 28, 0, 5.66%, 0, 0, 2, 18187.86, 48889269, 245
2420, 76, 20, 170, 28, 0, 5.66%, 0, 0, 2, 21014.43, 49000571, 245
2425, 77, 20, 170, 28, 0, 5.66%, 0, 0, 2, 20622.23, 49107853, 245
2430, 77, 20, 170, 27, 0, 5.66%, 0, 0, 2, 19293.53, 49208017, 245
2435, 77, 20, 170, 27, 0, 5.66%, 0, 0, 2, 19388.21, 49307054, 245
2440, 77, 20, 170, 27, 0, 5.66%, 0, 0, 2, 21061.69, 49421343, 245
2446, 77, 20, 170, 27, 0, 5.66%, 0, 0, 2, 20563.58, 49523980, 245
2451, 77, 20, 170, 27, 0, 5.66%, 0, 0, 2, 22275.37, 49640704, 245
2456, 77, 42, 170, 27, 0, 5.66%, 0, 0, 2, 20005.14, 49738770, 245
2461, 78, 20, 170, 27, 0, 5.66%, 0, 0, 2, 21911.28, 49850542, 245
2466, 78, 20, 170, 27, 0, 5.66%, 0, 0, 2, 19172.38, 49946209, 245
2471, 78, 6, 170, 27, 0, 5.66%, 0, 0, 2, 20417.27, 50047934, 245
2476, 78, 19, 170, 27, 0, 5.66%, 0, 0, 2, 18940.08, 50142830, 245
2482, 78, 20, 170, 26, 0, 5.66%, 0, 0, 2, 19619.84, 50247777, 245
2487, 78, 20, 170, 26, 0, 5.66%, 0, 0, 2, 20030.96, 50349590, 245
2492, 79, 20, 170, 26, 0, 5.66%, 0, 0, 2, 20427.28, 50451250, 245
2497, 79, 20, 170, 26, 0, 5.66%, 0, 0, 2, 18937.69, 50544711, 245
2502, 79, 52, 170, 26, 0, 5.66%, 0, 0, 2, 20897.35, 50656415, 245
2507, 79, 59, 170, 26, 0, 5.66%, 0, 0, 2, 19059.83, 50749195, 245
2512, 79, 20, 170, 26, 0, 5.66%, 0, 0, 2, 21063.14, 50861873, 245
2518, 79, 50, 170, 26, 0, 5.66%, 0, 0, 2, 19846.91, 50957717, 245
2523, 79, 20, 170, 26, 0, 5.66%, 0, 0, 2, 19248.51, 51063177, 245
2528, 80, 20, 170, 26, 0, 5.66%, 0, 0, 2, 17616.23, 51157055, 245
2533, 80, 20, 170, 26, 0, 5.66%, 0, 0, 2, 19304.39, 51262319, 245
2538, 80, 20, 170, 26, 0, 5.66%, 0, 0, 2, 22346.59, 51376739, 245
2543, 80, 20, 170, 26, 0, 5.66%, 0, 0, 2, 20008.74, 51477193, 245
2548, 80, 20, 170, 26, 0, 5.66%, 0, 0, 2, 19811.03, 51574353, 245
2553, 80, 20, 170, 26, 0, 5.66%, 0, 0, 2, 19542.98, 51679853, 245
2559, 81, 20, 170, 26, 0, 5.66%, 0, 0, 2, 19233.58, 51780013, 245
2564, 81, 20, 170, 26, 0, 5.66%, 0, 0, 2, 16968.47, 51863867, 245
2569, 81, 6, 170, 26, 0, 5.66%, 0, 0, 2, 19919.54, 51968136, 245
2574, 81, 20, 170, 26, 0, 5.66%, 0, 0, 2, 18689.06, 52062826, 245
2579, 81, 20, 170, 26, 0, 5.66%, 0, 0, 2, 21414.64, 52170456, 245
2584, 81, 20, 170, 26, 0, 5.66%, 0, 0, 2, 18864.40, 52266971, 245
2589, 81, 6, 170, 26, 0, 5.66%, 0, 0, 2, 20382.65, 52372512, 245
2594, 82, 20, 170, 26, 0, 5.66%, 0, 0, 2, 19158.76, 52475763, 245
2600, 82, 20, 170, 26, 0, 5.66%, 0, 0, 2, 21361.88, 52587800, 245
2605, 82, 42, 170, 26, 0, 5.66%, 0, 0, 2, 19740.30, 52690204, 245
2610, 82, 20, 170, 26, 0, 5.66%, 0, 0, 2, 21598.83, 52805293, 245
2615, 82, 8, 170, 26, 0, 5.66%, 0, 0, 2, 19301.92, 52905491, 245
2620, 82, 52, 170, 26, 0, 5.66%, 0, 0, 2, 20351.88, 53010386, 245
2625, 82, 117, 170, 26, 0, 5.66%, 0, 0, 2, 18237.92, 53108136, 245
2631, 83, 37, 170, 25, 0, 5.66%, 0, 0, 2, 20924.26, 53219651, 245
2636, 83, 20, 170, 25, 0, 5.66%, 0, 0, 2, 19582.26, 53319327, 245
2641, 83, 50, 170, 25, 0, 5.66%, 0, 0, 2, 21924.29, 53435104, 245
2646, 83, 46, 170, 25, 0, 5.66%, 0, 0, 2, 21203.46, 53540833, 245
2651, 83, 20, 170, 25, 0, 5.66%, 0, 0, 2, 19639.82, 53635961, 245
2657, 83, 20, 170, 25, 0, 5.66%, 0, 0, 2, 20525.56, 53737600, 245
2662, 84, 20, 170, 25, 0, 5.66%, 0, 0, 2, 21368.55, 53847634, 245
2667, 84, 20, 170, 25, 0, 5.66%, 0, 0, 2, 20765.74, 53952825, 245
2672, 84, 20, 170, 25, 0, 5.66%, 0, 0, 2, 22901.52, 54075657, 245
2677, 84, 20, 170, 25, 0, 5.66%, 0, 0, 2, 21170.04, 54182653, 245
2682, 84, 52, 170, 25, 0, 5.66%, 0, 0, 2, 21074.21, 54295399, 245
2688, 84, 20, 170, 25, 0, 5.66%, 0, 0, 2, 21734.29, 54403491, 245
2693, 85, 8, 170, 25, 0, 5.66%, 0, 0, 2, 20957.96, 54517399, 245
2698, 85, 20, 170, 25, 0, 5.66%, 0, 0, 2, 21453.40, 54622842, 245
2703, 85, 20, 170, 25, 0, 5.66%, 0, 0, 2, 21658.34, 54740141, 245
2708, 85, 20, 170, 25, 0, 5.66%, 0, 0, 2, 21162.03, 54843843, 245
2713, 85, 20, 170, 25, 0, 5.66%, 0, 0, 2, 19766.06, 54948139, 245
2718, 85, 20, 170, 25, 0, 5.66%, 0, 0, 2, 21077.58, 55058058, 245
2724, 86, 46, 170, 25, 0, 5.66%, 0, 0, 2, 19645.15, 55162901, 245
2729, 86, 20, 170, 25, 0, 5.66%, 0, 0, 2, 20923.60, 55268701, 245
2734, 86, 20, 170, 25, 0, 5.66%, 0, 0, 2, 20227.97, 55379120, 245
2739, 86, 20, 170, 25, 0, 5.66%, 0, 0, 2, 22988.79, 55493864, 245
2744, 86, 20, 170, 25, 0, 5.66%, 0, 0, 2, 19929.83, 55596944, 245
2749, 86, 20, 170, 25, 0, 5.66%, 0, 0, 2, 20418.21, 55701629, 245
2755, 87, 20, 170, 25, 0, 5.66%, 0, 0, 2, 19586.62, 55803499, 245
2760, 87, 20, 170, 25, 0, 5.66%, 0, 0, 2, 21228.22, 55916006, 245
2765, 87, 8, 170, 25, 0, 5.66%, 0, 0, 2, 18592.60, 56009698, 245
2770, 87, 42, 170, 25, 0, 5.66%, 0, 0, 2, 19502.95, 56110993, 245
2775, 87, 52, 170, 25, 0, 5.66%, 0, 0, 2, 18349.40, 56204581, 245
2780, 87, 20, 170, 25, 0, 5.66%, 0, 0, 2, 20872.88, 56317425, 245
2785, 87, 20, 170, 25, 0, 5.66%, 0, 0, 2, 18336.36, 56408823, 245
2791, 88, 20, 170, 25, 0, 5.66%, 0, 0, 2, 20721.09, 56523015, 245
2796, 88, 20, 170, 25, 0, 5.66%, 0, 0, 2, 17146.22, 56608949, 245
2801, 88, 20, 170, 25, 0, 5.66%, 0, 0, 2, 14542.07, 56683239, 245
2806, 88, 20, 170, 25, 0, 5.66%, 0, 0, 2, 11079.82, 56735633, 245
2811, 88, 91, 170, 25, 0, 5.66%, 0, 0, 2, 13028.77, 56810322, 245
2816, 88, 20, 170, 25, 0, 5.66%, 0, 0, 2, 16047.21, 56884832, 245
2821, 88, 20, 170, 25, 0, 5.66%, 0, 0, 2, 19962.09, 56988339, 245
2826, 88, 20, 170, 24, 0, 5.66%, 0, 0, 2, 17697.26, 57069436, 245
2831, 89, 20, 170, 24, 0, 5.66%, 0, 0, 2, 17968.53, 57154692, 245
2836, 89, 20, 170, 24, 0, 5.66%, 0, 0, 2, 16586.80, 57234460, 245
2842, 89, 131, 170, 24, 0, 5.66%, 0, 0, 2, 17652.71, 57328395, 245
2847, 89, 19, 170, 24, 0, 5.66%, 0, 0, 2, 18423.34, 57410860, 245
2852, 89, 42, 170, 24, 0, 5.66%, 0, 0, 2, 17545.36, 57499608, 245
2857, 89, 52, 170, 24, 0, 5.66%, 0, 0, 2, 17957.43, 57587270, 245
2862, 89, 20, 170, 24, 0, 5.66%, 0, 0, 2, 19223.12, 57684882, 245
2867, 89, 20, 170, 24, 0, 5.66%, 0, 0, 2, 20926.07, 57786865, 245
2872, 90, 20, 170, 24, 0, 5.66%, 0, 0, 2, 17161.17, 57875070, 245
2877, 90, 20, 170, 24, 0, 5.66%, 0, 0, 2, 14703.35, 57937930, 245
2883, 90, 20, 170, 24, 0, 5.66%, 0, 0, 2, 19038.68, 58040671, 245
2888, 90, 20, 170, 24, 0, 5.66%, 0, 0, 2, 18085.31, 58130737, 245
2893, 90, 20, 170, 24, 0, 5.66%, 0, 0, 2, 17331.28, 58217298, 245
2898, 90, 20, 170, 24, 0, 5.66%, 0, 0, 2, 13105.29, 58276276, 245
2903, 90, 20, 170, 24, 0, 5.66%, 0, 0, 2, 12715.62, 58344996, 245
2908, 90, 20, 170, 24, 0, 5.66%, 0, 0, 2, 14293.54, 58419070, 245
2913, 91, 20, 170, 24, 0, 5.66%, 0, 0, 2, 12836.49, 58484998, 245
2918, 91, 20, 170, 24, 0, 5.66%, 0, 0, 2, 14230.63, 58556932, 245
2923, 91, 20, 170, 24, 0, 5.66%, 0, 0, 2, 14419.97, 58632798, 245
2928, 91, 42, 170, 24, 0, 5.66%, 0, 0, 2, 11551.32, 58686414, 245
2934, 91, 20, 170, 24, 0, 5.66%, 0, 0, 2, 12875.21, 58759139, 245
2939, 91, 20, 170, 24, 0, 5.66%, 0, 0, 2, 14446.05, 58833785, 245
2944, 91, 20, 170, 24, 0, 5.66%, 0, 0, 2, 15502.64, 58918123, 245
2949, 91, 20, 170, 24, 0, 5.66%, 0, 0, 2, 13870.95, 58985402, 245
2954, 91, 20, 170, 24, 0, 5.66%, 0, 0, 2, 14519.68, 59060845, 245
2959, 92, 8, 170, 24, 0, 5.66%, 0, 0, 2, 14827.49, 59140121, 245
2964, 92, 20, 170, 24, 0, 5.66%, 0, 0, 2, 14421.72, 59213597, 245
2969, 92, 20, 170, 24, 0, 5.66%, 0, 0, 2, 16935.84, 59299586, 245
2974, 92, 20, 170, 24, 0, 5.66%, 0, 0, 2, 14531.01, 59373575, 245
2979, 92, 20, 170, 24, 0, 5.66%, 0, 0, 2, 15005.37, 59447967, 245
2984, 92, 20, 170, 24, 0, 5.66%, 0, 0, 2, 14427.40, 59528971, 245
2989, 92, 20, 170, 23, 0, 5.66%, 0, 0, 2, 17290.52, 59607152, 245
2995, 92, 42, 170, 23, 0, 5.66%, 0, 0, 2, 14902.15, 59684517, 245
3000, 92, 20, 170, 23, 0, 5.66%, 0, 0, 2, 16865.94, 59771850, 245
3005, 93, 20, 170, 23, 0, 5.66%, 0, 0, 2, 14479.57, 59847661, 245
3010, 93, 20, 170, 23, 0, 5.66%, 0, 0, 2, 15134.99, 59929704, 245
3015, 93, 20, 170, 23, 0, 5.66%, 0, 0, 2, 14454.83, 60005964, 245
3020, 93, 20, 170, 23, 0, 5.66%, 0, 0, 2, 17430.17, 60098438, 245
3025, 93, 20, 170, 23, 0, 5.66%, 0, 0, 2, 15371.04, 60170688, 245
3031, 93, 8, 170, 23, 0, 5.66%, 0, 0, 2, 18200.30, 60264337, 245
3036, 93, 20, 170, 23, 0, 5.66%, 0, 0, 2, 13929.71, 60333266, 245
3041, 93, 20, 170, 23, 0, 5.66%, 0, 0, 2, 17471.93, 60427994, 245
3046, 94, 20, 170, 23, 0, 5.66%, 0, 0, 2, 17197.68, 60519565, 245
3051, 94, 8, 170, 23, 0, 5.66%, 0, 0, 2, 14687.76, 60589040, 245
3056, 94, 20, 170, 23, 0, 5.66%, 0, 0, 2, 16393.34, 60679440, 245
3061, 94, 106, 170, 23, 0, 5.66%, 0, 0, 2, 14637.81, 60754869, 245
3066, 94, 20, 170, 23, 0, 5.66%, 0, 0, 2, 15349.76, 60827939, 245
3071, 94, 20, 170, 23, 0, 5.66%, 0, 0, 2, 18920.42, 60918747, 245
3076, 94, 20, 170, 23, 0, 5.66%, 0, 0, 2, 14420.33, 60987415, 245
3081, 94, 42, 170, 23, 0, 5.66%, 0, 0, 2, 17013.50, 61081619, 245
3087, 95, 20, 170, 23, 0, 5.66%, 0, 0, 2, 14199.14, 61153857, 245
3092, 95, 20, 170, 23, 0, 5.66%, 0, 0, 2, 15492.58, 61234219, 245
3097, 95, 37, 170, 23, 0, 5.66%, 0, 0, 2, 14902.19, 61306686, 245
3102, 95, 20, 170, 23, 0, 5.66%, 0, 0, 2, 16593.04, 61396671, 245
3107, 95, 20, 170, 23, 0, 5.66%, 0, 0, 2, 14097.73, 61460006, 245
3112, 95, 20, 170, 23, 0, 5.66%, 0, 0, 2, 14000.88, 61534589, 245
3117, 95, 20, 170, 23, 0, 5.66%, 0, 0, 2, 15364.39, 61608226, 245
3122, 95, 20, 170, 23, 0, 5.66%, 0, 0, 2, 18707.72, 61703235, 245
3127, 95, 20, 170, 23, 0, 5.66%, 0, 0, 2, 13133.65, 61761184, 245
3133, 96, 42, 170, 23, 0, 5.66%, 0, 0, 2, 14765.01, 61840007, 245
3138, 96, 20, 170, 23, 0, 5.66%, 0, 0, 2, 14680.81, 61909171, 245
3143, 96, 20, 170, 23, 0, 5.66%, 0, 0, 2, 17278.49, 62001748, 245
3148, 96, 20, 170, 23, 0, 5.66%, 0, 0, 2, 15365.28, 62078425, 245
3153, 96, 52, 170, 23, 0, 5.66%, 0, 0, 2, 14165.52, 62157754, 245
3158, 96, 20, 170, 23, 0, 5.66%, 0, 0, 2, 15985.92, 62240859, 245
3163, 96, 20, 170, 23, 0, 5.66%, 0, 0, 2, 13457.25, 62311619, 245
3169, 96, 20, 170, 23, 0, 5.66%, 0, 0, 2, 18712.05, 62408234, 245
3174, 97, 52, 170, 23, 0, 5.66%, 0, 0, 2, 15217.18, 62487785, 245
3179, 97, 20, 170, 23, 0, 5.66%, 0, 0, 2, 15336.47, 62566063, 245
3184, 97, 20, 170, 23, 0, 5.66%, 0, 0, 2, 14137.79, 62641904, 245
3189, 97, 42, 170, 23, 0, 5.66%, 0, 0, 2, 12519.11, 62702603, 245
3194, 97, 20, 170, 23, 0, 5.66%, 0, 0, 2, 13491.28, 62777098, 245
3199, 97, 20, 170, 23, 0, 5.66%, 0, 0, 2, 16947.86, 62865775, 245
3204, 97, 20, 170, 23, 0, 5.66%, 0, 0, 2, 15321.59, 62945401, 245
3210, 97, 20, 170, 23, 0, 5.66%, 0, 0, 2, 15436.19, 63028576, 245
3215, 97, 20, 170, 23, 0, 5.66%, 0, 0, 2, 13267.59, 63094187, 245
3220, 98, 20, 170, 23, 0, 5.66%, 0, 0, 2, 15551.27, 63179581, 245
3225, 98, 20, 170, 23, 0, 5.66%, 0, 0, 2, 14494.72, 63253608, 245
3230, 98, 106, 170, 23, 0, 5.66%, 0, 0, 2, 16753.68, 63340617, 245
3235, 98, 20, 170, 23, 0, 5.66%, 0, 0, 2, 13646.67, 63409457, 245
3240, 98, 20, 170, 23, 0, 5.66%, 0, 0, 2, 16471.20, 63494240, 245
3245, 98, 42, 170, 23, 0, 5.66%, 0, 0, 2, 14711.33, 63570895, 245
3250, 98, 20, 170, 23, 0, 5.66%, 0, 0, 2, 15520.27, 63647066, 245
3255, 98, 20, 170, 23, 0, 5.66%, 0, 0, 2, 14686.38, 63720555, 245
3260, 99, 20, 170, 23, 0, 5.66%, 0, 0, 2, 15358.78, 63804072, 245
3265, 99, 46, 170, 23, 0, 5.66%, 0, 0, 2, 15565.02, 63886270, 245
3271, 99, 106, 170, 23, 0, 5.66%, 0, 0, 2, 18624.52, 63980761, 245
3276, 99, 61, 170, 23, 0, 5.66%, 0, 0, 2, 14760.92, 64054901, 245
3281, 99, 20, 170, 22, 0, 5.66%, 0, 0, 2, 15878.65, 64139311, 245
3286, 99, 20, 170, 22, 0, 5.66%, 0, 0, 2, 13028.56, 64202783, 245
3291, 99, 20, 170, 22, 0, 5.66%, 0, 0, 2, 17793.45, 64300658, 245
3296, 99, 20, 170, 22, 0, 5.66%, 0, 0, 2, 14256.91, 64368987, 245
3301, 100, 8, 170, 22, 0, 5.66%, 0, 0, 2, 15221.59, 64448285, 245
3306, 100, 20, 170, 22, 0, 5.66%, 0, 0, 2, 13444.23, 64517292, 245
3311, 100, 20, 170, 22, 0, 5.66%, 0, 0, 2, 14645.48, 64587214, 245
3317, 100, 121, 170, 22, 0, 5.66%, 0, 0, 2, 12866.91, 64651555, 245
3322, 100, 20, 170, 21, 0, 5.66%, 0, 0, 2, 17094.89, 64727759, 245
3327, 100, 20, 170, 21, 0, 5.66%, 0, 0, 2, 14210.27, 64797379, 245
3332, 100, 20, 170, 21, 0, 5.66%, 0, 0, 2, 16956.63, 64887676, 245
3337, 100, 20, 170, 21, 0, 5.66%, 0, 0, 2, 16802.05, 64970188, 245
3342, 100, 20, 170, 21, 0, 5.66%, 0, 0, 2, 16636.26, 65051546, 245
3347, 100, 20, 170, 21, 0, 5.66%, 0, 0, 2, 14759.38, 65117896, 245
3352, 101, 8, 170, 21, 0, 5.66%, 0, 0, 2, 16113.47, 65206877, 245
3358, 101, 37, 170, 21, 0, 5.66%, 0, 0, 2, 15873.47, 65280718, 245
3363, 101, 42, 170, 21, 0, 5.66%, 0, 0, 2, 15186.26, 65361710, 245
3368, 101, 20, 170, 21, 0, 5.66%, 0, 0, 2, 12955.85, 65421153, 245
3373, 101, 20, 170, 21, 0, 5.66%, 0, 0, 2, 13971.03, 65496910, 245
3378, 101, 20, 170, 21, 0, 5.66%, 0, 0, 2, 14840.25, 65571222, 245
3383, 101, 20, 170, 20, 0, 5.66%, 0, 0, 2, 15025.00, 65649003, 245
3388, 101, 20, 170, 20, 0, 5.66%, 0, 0, 2, 15096.88, 65720614, 245
3393, 101, 20, 170, 20, 0, 5.66%, 0, 0, 2, 14614.52, 65800031, 245
3398, 102, 20, 170, 20, 0, 5.66%, 0, 0, 2, 14988.93, 65876986, 245
3404, 102, 20, 170, 20, 0, 5.66%, 0, 0, 2, 16044.00, 65965593, 245
3409, 102, 20, 170, 20, 0, 5.66%, 0, 0, 2, 16719.68, 66046035, 245
3414, 102, 20, 170, 20, 0, 5.66%, 0, 0, 2, 13347.12, 66114511, 245
3419, 102, 20, 170, 20, 0, 5.66%, 0, 0, 2, 17338.85, 66210579, 245
3424, 102, 42, 170, 20, 0, 5.66%, 0, 0, 2, 14567.77, 66281859, 245
3429, 102, 20, 170, 20, 0, 5.66%, 0, 0, 2, 12577.15, 66347617, 245
3434, 102, 20, 170, 20, 0, 5.66%, 0, 0, 2, 12701.52, 66415158, 245
3439, 103, 20, 170, 20, 0, 5.66%, 0, 0, 2, 14047.59, 66488720, 245
3444, 103, 20, 170, 20, 0, 5.66%, 0, 0, 2, 13632.57, 66563529, 245
3449, 103, 20, 170, 20, 0, 5.66%, 0, 0, 2, 17564.68, 66650806, 245
3455, 103, 20, 170, 20, 0, 5.66%, 0, 0, 2, 13998.22, 66724469, 245
3460, 103, 159, 170, 20, 0, 5.66%, 0, 0, 2, 7252.08, 66769679, 245
3465, 103, 8, 170, 19, 0, 5.66%, 0, 0, 2, 13660.37, 66852999, 245
3470, 103, 20, 170, 19, 0, 5.66%, 0, 0, 2, 16889.16, 66938934, 245
3475, 103, 20, 170, 19, 0, 5.66%, 0, 0, 2, 14445.92, 67010701, 245
3480, 103, 20, 170, 19, 0, 5.66%, 0, 0, 2, 15992.14, 67094865, 245
3485, 104, 20, 170, 19, 0, 5.66%, 0, 0, 2, 13878.20, 67167884, 245
3490, 104, 8, 170, 19, 0, 5.66%, 0, 0, 2, 15351.38, 67248298, 245
3495, 104, 20, 170, 19, 0, 5.66%, 0, 0, 2, 13416.21, 67317451, 245
3501, 104, 20, 170, 19, 0, 5.66%, 0, 0, 2, 15707.81, 67402440, 245
3506, 104, 20, 170, 19, 0, 5.66%, 0, 0, 2, 15420.66, 67483096, 245
3511, 104, 52, 170, 19, 0, 5.66%, 0, 0, 2, 15091.85, 67558514, 245
3516, 104, 20, 170, 19, 0, 5.66%, 0, 0, 2, 14954.21, 67631673, 245
3521, 104, 20, 170, 19, 0, 5.66%, 0, 0, 2, 16051.34, 67716643, 245
3526, 104, 20, 170, 19, 0, 5.66%, 0, 0, 2, 15009.45, 67788330, 245
3531, 105, 52, 170, 19, 0, 5.66%, 0, 0, 2, 18297.35, 67887657, 245
3536, 105, 20, 170, 19, 0, 5.66%, 0, 0, 2, 15826.76, 67968951, 245
3541, 105, 52, 170, 19, 0, 5.66%, 0, 0, 2, 16766.85, 68053055, 245
3546, 105, 20, 170, 19, 0, 5.66%, 0, 0, 2, 15479.69, 68125553, 245
3552, 105, 20, 170, 19, 0, 5.66%, 0, 0, 2, 15543.58, 68202312, 245
3557, 105, 20, 170, 19, 0, 5.66%, 0, 0, 2, 14187.62, 68272811, 245
3562, 105, 19, 170, 19, 0, 5.66%, 0, 0, 2, 14148.30, 68339337, 245
3567, 105, 20, 170, 19, 0, 5.66%, 0, 0, 2, 14362.43, 68404140, 245
3572, 106, 20, 170, 19, 0, 5.66%, 0, 0, 2, 15465.56, 68488832, 245
3577, 106, 19, 170, 19, 0, 5.66%, 0, 0, 2, 15549.02, 68564615, 245
3582, 106, 20, 170, 19, 0, 5.66%, 0, 0, 2, 16007.28, 68646215, 245
3588, 106, 20, 170, 19, 0, 5.66%, 0, 0, 2, 15659.58, 68722589, 245
3593, 106, 20, 170, 19, 0, 5.66%, 0, 0, 2, 14226.63, 68797936, 245
3595, 106, 20, 170, 19, 0, 5.66%, 0, 0, 2, 15440.91, 68830333, 245
