# relative_time, cycles_done, cur_item, corpus_count, pending_total, pending_favs, map_size, saved_crashes, saved_hangs, max_depth, execs_per_sec, total_execs, edges_found
61, 0, 100, 287, 279, 141, 11.30%, 0, 0, 4, 12225.11, 705416, 1769
66, 0, 100, 292, 284, 141, 11.53%, 0, 0, 4, 12181.15, 767753, 1805
71, 0, 100, 305, 297, 141, 11.65%, 0, 0, 4, 12201.33, 831921, 1823
76, 0, 111, 329, 319, 166, 12.97%, 0, 0, 4, 14101.89, 905384, 2029
81, 0, 225, 367, 355, 175, 13.75%, 0, 0, 4, 13612.02, 977083, 2152
86, 0, 225, 370, 358, 175, 13.76%, 0, 0, 4, 13141.55, 1042357, 2154
92, 0, 225, 376, 364, 175, 13.85%, 0, 0, 4, 13716.42, 1111426, 2167
97, 0, 64, 427, 414, 192, 17.32%, 0, 0, 4, 13820.06, 1184033, 2710
102, 0, 325, 450, 435, 218, 18.22%, 0, 0, 4, 13550.01, 1255496, 2851
107, 0, 325, 452, 437, 218, 18.22%, 0, 0, 4, 12846.77, 1319112, 2851
112, 0, 66, 478, 460, 222, 18.39%, 0, 0, 5, 13581.47, 1391692, 2878
117, 0, 66, 483, 465, 222, 18.57%, 0, 0, 5, 14287.65, 1462586, 2906
122, 0, 393, 503, 484, 227, 18.68%, 0, 0, 5, 13853.39, 1533332, 2923
127, 0, 431, 542, 519, 233, 20.09%, 0, 0, 5, 13662.45, 1602956, 3144
132, 0, 431, 562, 539, 233, 20.42%, 0, 0, 5, 14116.63, 1674096, 3196
137, 0, 407, 573, 549, 244, 20.45%, 0, 0, 5, 13308.47, 1745114, 3201
142, 0, 407, 576, 552, 244, 20.47%, 0, 0, 5, 13128.35, 1809944, 3203
147, 0, 555, 602, 574, 250, 20.56%, 0, 0, 5, 12384.40, 1872726, 3217
152, 0, 555, 603, 575, 250, 20.56%, 0, 0, 5, 12174.27, 1933245, 3217
157, 0, 427, 622, 590, 254, 20.61%, 0, 0, 5, 11754.97, 1987411, 3226
162, 0, 427, 638, 606, 254, 20.63%, 0, 0, 5, 12873.20, 2053128, 3229
167, 0, 522, 653, 620, 256, 20.67%, 0, 0, 5, 12691.29, 2116926, 3234
173, 0, 522, 660, 627, 256, 20.72%, 0, 0, 5, 7333.83, 2149481, 3243
178, 0, 552, 665, 627, 253, 20.72%, 0, 0, 5, 11584.42, 2211648, 3243
183, 0, 552, 668, 630, 253, 20.88%, 0, 0, 5, 8098.60, 2248420, 3267
188, 0, 432, 677, 637, 256, 21.03%, 0, 0, 5, 12305.15, 2314898, 3291
193, 0, 629, 685, 644, 260, 21.08%, 0, 0, 5, 13775.30, 2388638, 3299
198, 0, 629, 690, 649, 260, 21.08%, 0, 0, 5, 10892.63, 2437791, 3299
203, 0, 513, 699, 657, 256, 21.08%, 0, 0, 5, 12096.27, 2501128, 3299
209, 0, 513, 701, 659, 256, 21.08%, 0, 0, 5, 13411.46, 2569473, 3299
214, 0, 433, 720, 674, 257, 22.00%, 0, 0, 5, 13638.54, 2641906, 3442
219, 0, 433, 731, 685, 257, 22.21%, 0, 0, 5, 13609.56, 2709365, 3476
224, 0, 561, 738, 690, 267, 22.21%, 0, 0, 5, 11678.91, 2777345, 3476
229, 0, 665, 747, 697, 266, 22.34%, 0, 0, 6, 13285.03, 2847270, 3496
234, 0, 676, 749, 698, 268, 22.34%, 0, 0, 6, 14816.71, 2921857, 3496
239, 0, 702, 754, 700, 266, 22.37%, 0, 0, 6, 13735.54, 2988828, 3500
244, 0, 626, 758, 703, 267, 22.56%, 0, 0, 6, 14872.68, 3065193, 3531
249, 0, 626, 760, 705, 267, 22.56%, 0, 0, 6, 12661.75, 3125125, 3531
254, 0, 554, 769, 712, 269, 24.03%, 0, 0, 6, 14758.16, 3190162, 3760
259, 0, 701, 780, 722, 268, 24.07%, 0, 0, 6, 13182.10, 3254373, 3766
265, 0, 79, 792, 732, 271, 24.15%, 0, 0, 6, 13827.73, 3327309, 3780
270, 0, 713, 800, 739, 276, 24.19%, 0, 0, 6, 13104.58, 3389949, 3785
273, 0, 713, 819, 758, 276, 24.42%, 0, 0, 6, 14929.82, 3439028, 3821
