# relative_time, cycles_done, cur_item, corpus_count, pending_total, pending_favs, map_size, saved_crashes, saved_hangs, max_depth, execs_per_sec, total_execs, edges_found
61, 0, 66, 147, 119, 0, 7.75%, 0, 0, 3, 15446.05, 1105664, 377
66, 1, 119, 147, 119, 0, 7.75%, 0, 0, 3, 17637.43, 1199307, 377
71, 1, 119, 148, 120, 0, 7.75%, 0, 0, 3, 16506.61, 1280937, 377
76, 1, 43, 148, 120, 0, 7.75%, 0, 0, 3, 17922.25, 1374806, 377
81, 1, 43, 148, 120, 0, 7.75%, 0, 0, 3, 16320.08, 1459154, 377
86, 1, 56, 148, 120, 0, 7.75%, 0, 0, 3, 19509.79, 1563283, 377
91, 1, 43, 148, 120, 0, 7.75%, 0, 0, 3, 16776.12, 1643312, 377
96, 2, 56, 209, 181, 0, 7.75%, 0, 0, 3, 16201.19, 1724248, 377
102, 2, 43, 209, 181, 0, 7.75%, 0, 0, 3, 15994.22, 1805763, 377
107, 2, 54, 209, 180, 0, 7.75%, 0, 0, 3, 18795.05, 1903031, 377
112, 2, 56, 209, 180, 0, 7.75%, 0, 0, 3, 17361.21, 1984834, 377
117, 2, 53, 209, 179, 0, 7.75%, 0, 0, 3, 18993.50, 2071226, 377
122, 2, 66, 209, 178, 0, 7.75%, 0, 0, 3, 17210.33, 2156242, 377
127, 2, 56, 209, 177, 0, 7.75%, 0, 0, 3, 19290.31, 2252761, 377
132, 2, 43, 209, 177, 0, 7.75%, 0, 0, 3, 19699.22, 2350370, 377
137, 2, 41, 209, 177, 0, 7.75%, 0, 0, 3, 20163.75, 2451483, 377
142, 2, 41, 209, 176, 0, 7.75%, 0, 0, 3, 13655.61, 2509580, 377
147, 2, 119, 209, 176, 0, 7.75%, 0, 0, 3, 19061.19, 2611812, 377
152, 2, 119, 209, 176, 0, 7.75%, 0, 0, 3, 19610.26, 2710418, 377
157, 3, 43, 229, 196, 0, 7.75%, 0, 0, 3, 20514.60, 2811013, 377
162, 3, 41, 229, 196, 0, 7.75%, 0, 0, 3, 21683.06, 2923107, 377
167, 3, 8, 229, 196, 0, 7.75%, 0, 0, 3, 21412.32, 3030863, 377
172, 3, 56, 229, 196, 0, 7.75%, 0, 0, 3, 20859.35, 3125154, 377
177, 3, 43, 229, 195, 0, 7.75%, 0, 0, 3, 21726.37, 3232991, 377
182, 3, 43, 229, 195, 0, 7.75%, 0, 0, 3, 25318.01, 3357281, 377
187, 3, 45, 229, 195, 0, 7.75%, 0, 0, 3, 24325.63, 3475345, 377
192, 3, 43, 229, 195, 0, 7.75%, 0, 0, 3, 22740.53, 3584898, 377
198, 3, 43, 229, 195, 0, 7.75%, 0, 0, 3, 24643.36, 3714211, 377
203, 3, 43, 229, 195, 0, 7.75%, 0, 0, 3, 23396.19, 3830549, 377
208, 3, 51, 229, 195, 0, 7.75%, 0, 0, 3, 21839.09, 3939687, 377
213, 3, 43, 229, 195, 0, 7.75%, 0, 0, 3, 19960.20, 4041294, 377
218, 3, 41, 229, 195, 0, 7.75%, 0, 0, 3, 17680.17, 4131643, 377
223, 4, 119, 245, 211, 0, 7.75%, 0, 0, 3, 18514.60, 4224130, 377
228, 4, 41, 245, 211, 0, 7.75%, 0, 0, 3, 22027.15, 4336174, 377
233, 4, 65, 245, 211, 0, 7.75%, 0, 0, 3, 20122.17, 4428580, 377
238, 4, 66, 245, 211, 0, 7.75%, 0, 0, 3, 20982.18, 4522010, 377
243, 4, 43, 245, 211, 0, 7.75%, 0, 0, 3, 22194.41, 4632849, 377
248, 4, 52, 245, 211, 0, 7.75%, 0, 0, 3, 24126.35, 4749456, 377
253, 4, 43, 245, 211, 0, 7.75%, 0, 0, 3, 24544.56, 4871330, 377
258, 4, 63, 245, 211, 0, 7.75%, 0, 0, 3, 25258.30, 5001156, 377
263, 4, 43, 245, 210, 0, 7.75%, 0, 0, 3, 23183.71, 5109679, 377
269, 4, 5, 245, 210, 0, 7.75%, 0, 0, 3, 21051.25, 5210975, 377
274, 4, 43, 245, 210, 0, 7.75%, 0, 0, 3, 24123.04, 5329749, 377
279, 4, 53, 245, 210, 0, 7.75%, 0, 0, 3, 20635.80, 5432639, 377
284, 4, 116, 245, 210, 0, 7.75%, 0, 0, 3, 21427.75, 5533762, 377
289, 4, 43, 245, 210, 0, 7.75%, 0, 0, 3, 18949.21, 5634397, 377
294, 4, 119, 245, 210, 0, 7.75%, 0, 0, 3, 20921.45, 5740988, 377
299, 4, 43, 245, 210, 0, 7.75%, 0, 0, 3, 20643.34, 5841959, 377
304, 4, 66, 245, 210, 0, 7.75%, 0, 0, 3, 21030.14, 5947506, 377
309, 5, 43, 254, 218, 0, 7.75%, 0, 0, 3, 20400.55, 6051127, 377
314, 5, 66, 254, 218, 0, 7.75%, 0, 0, 3, 20240.87, 6150578, 377
319, 5, 56, 254, 217, 0, 7.75%, 0, 0, 3, 21077.60, 6262107, 377
324, 5, 43, 254, 217, 0, 7.75%, 0, 0, 3, 21312.98, 6367460, 377
329, 5, 66, 254, 217, 0, 7.75%, 0, 0, 3, 23939.45, 6499428, 377
334, 5, 43, 254, 217, 0, 7.75%, 0, 0, 3, 23885.92, 6621333, 377
339, 5, 66, 254, 217, 0, 7.75%, 0, 0, 3, 23149.21, 6744646, 377
344, 5, 43, 254, 217, 0, 7.75%, 0, 0, 3, 24450.37, 6866739, 377
350, 5, 43, 254, 217, 0, 7.75%, 0, 0, 3, 22532.93, 6986109, 377
355, 5, 49, 254, 217, 0, 7.75%, 0, 0, 3, 19746.12, 7094211, 377
360, 5, 66, 254, 217, 0, 7.75%, 0, 0, 3, 19981.36, 7196309, 377
365, 5, 43, 254, 217, 0, 7.75%, 0, 0, 3, 22012.20, 7315198, 377
370, 5, 41, 254, 217, 0, 7.75%, 0, 0, 3, 21103.22, 7428922, 377
375, 5, 56, 254, 217, 0, 7.75%, 0, 0, 3, 23020.00, 7545593, 377
380, 5, 66, 254, 216, 0, 7.75%, 0, 0, 3, 21883.05, 7656033, 377
385, 5, 43, 254, 216, 0, 7.75%, 0, 0, 3, 25729.72, 7788825, 377
390, 6, 56, 256, 218, 0, 7.75%, 0, 0, 3, 20662.56, 7891753, 377
395, 6, 43, 256, 218, 0, 7.75%, 0, 0, 3, 24183.24, 8015727, 377
400, 6, 46, 256, 217, 0, 7.75%, 0, 0, 3, 19587.02, 8111838, 377
406, 6, 52, 256, 217, 0, 7.75%, 0, 0, 3, 22943.59, 8233177, 377
411, 6, 56, 256, 217, 0, 7.75%, 0, 0, 3, 19189.54, 8328695, 377
416, 6, 53, 256, 217, 0, 7.75%, 0, 0, 3, 16972.69, 8421613, 377
421, 6, 43, 256, 217, 0, 7.75%, 0, 0, 3, 21576.72, 8527997, 377
426, 6, 66, 256, 217, 0, 7.75%, 0, 0, 3, 24745.12, 8659332, 377
431, 6, 56, 256, 217, 0, 7.75%, 0, 0, 3, 21539.85, 8766377, 377
436, 6, 66, 256, 217, 0, 7.75%, 0, 0, 3, 25502.21, 8903337, 377
441, 6, 41, 256, 217, 0, 7.75%, 0, 0, 3, 23806.27, 9023538, 377
446, 6, 66, 256, 217, 0, 7.75%, 0, 0, 3, 23969.33, 9147989, 377
451, 6, 41, 256, 217, 0, 7.75%, 0, 0, 3, 21302.70, 9250583, 377
457, 6, 43, 256, 217, 0, 7.75%, 0, 0, 3, 20465.31, 9351239, 377
462, 6, 66, 256, 217, 0, 7.75%, 0, 0, 3, 22890.38, 9471302, 377
467, 6, 43, 256, 216, 0, 7.75%, 0, 0, 3, 25267.12, 9593972, 377
472, 6, 43, 256, 216, 0, 7.75%, 0, 0, 3, 24454.56, 9714490, 377
477, 7, 44, 262, 221, 0, 7.75%, 0, 0, 3, 18836.02, 9804642, 377
482, 7, 46, 262, 220, 0, 7.75%, 0, 0, 3, 19268.59, 9882440, 377
487, 7, 119, 262, 220, 0, 7.75%, 0, 0, 3, 22562.58, 9993643, 377
492, 7, 119, 262, 220, 0, 7.75%, 0, 0, 3, 22885.34, 10116519, 377
497, 7, 53, 262, 220, 0, 7.75%, 0, 0, 3, 30518.64, 10283105, 377
502, 7, 68, 262, 220, 0, 7.75%, 0, 0, 3, 26685.93, 10409806, 377
507, 7, 43, 262, 220, 0, 7.75%, 0, 0, 3, 28626.95, 10557944, 377
512, 7, 51, 262, 220, 0, 7.75%, 0, 0, 3, 27650.32, 10681059, 377
518, 7, 43, 262, 220, 0, 7.75%, 0, 0, 3, 32635.36, 10853229, 377
523, 7, 41, 262, 220, 0, 7.75%, 0, 0, 3, 27897.44, 10983649, 377
528, 7, 43, 262, 220, 0, 7.75%, 0, 0, 3, 30390.37, 11137825, 377
533, 7, 66, 262, 220, 0, 7.75%, 0, 0, 3, 26366.93, 11267292, 377
538, 7, 43, 262, 220, 0, 7.75%, 0, 0, 3, 23480.26, 11374426, 377
543, 7, 41, 262, 220, 0, 7.75%, 0, 0, 3, 25094.50, 11496965, 377
548, 7, 66, 262, 220, 0, 7.75%, 0, 0, 3, 25418.28, 11624986, 377
553, 8, 119, 272, 230, 0, 7.75%, 0, 0, 3, 24133.75, 11745027, 377
558, 8, 65, 272, 230, 0, 7.75%, 0, 0, 3, 27329.84, 11894188, 377
564, 8, 119, 272, 229, 0, 7.75%, 0, 0, 3, 22633.43, 12007333, 377
569, 8, 66, 272, 229, 0, 7.75%, 0, 0, 3, 27680.20, 12144983, 377
574, 8, 43, 272, 229, 0, 7.75%, 0, 0, 3, 27516.76, 12283798, 377
579, 8, 51, 272, 228, 0, 7.75%, 0, 0, 3, 25888.84, 12417525, 377
584, 8, 49, 272, 226, 0, 7.75%, 0, 0, 3, 24024.86, 12531046, 377
589, 8, 43, 272, 226, 0, 7.75%, 0, 0, 3, 25395.49, 12666402, 377
594, 8, 66, 272, 226, 0, 7.75%, 0, 0, 3, 23204.81, 12794209, 377
599, 8, 41, 272, 226, 0, 7.75%, 0, 0, 3, 24211.19, 12923969, 377
604, 8, 65, 272, 226, 0, 7.75%, 0, 0, 3, 27781.91, 13060091, 377
609, 8, 43, 272, 226, 0, 7.75%, 0, 0, 3, 25139.78, 13180815, 377
615, 8, 41, 272, 226, 0, 7.75%, 0, 0, 3, 27379.23, 13322810, 377
620, 8, 56, 272, 226, 0, 7.75%, 0, 0, 3, 22289.18, 13420333, 377
625, 8, 43, 272, 226, 0, 7.75%, 0, 0, 3, 23391.66, 13538826, 377
630, 9, 119, 273, 226, 0, 7.75%, 0, 0, 3, 20330.18, 13638270, 377
635, 9, 66, 273, 226, 0, 7.75%, 0, 0, 3, 16166.56, 13716082, 377
640, 9, 119, 273, 226, 0, 7.75%, 0, 0, 3, 17567.73, 13807216, 377
645, 9, 119, 273, 226, 0, 7.75%, 0, 0, 3, 17551.42, 13892422, 377
650, 9, 56, 273, 226, 0, 7.75%, 0, 0, 3, 19401.05, 14000591, 377
655, 9, 45, 273, 226, 0, 7.75%, 0, 0, 3, 24501.39, 14135256, 377
660, 9, 66, 273, 226, 0, 7.75%, 0, 0, 3, 24719.98, 14262170, 377
665, 9, 49, 273, 226, 0, 7.75%, 0, 0, 3, 24543.91, 14386420, 377
671, 9, 66, 273, 225, 0, 7.75%, 0, 0, 3, 22567.57, 14505327, 377
676, 9, 43, 273, 225, 0, 7.75%, 0, 0, 3, 23933.10, 14618167, 377
681, 9, 46, 273, 225, 0, 7.75%, 0, 0, 3, 23221.51, 14739991, 377
686, 9, 119, 273, 224, 0, 7.75%, 0, 0, 3, 24248.89, 14860744, 377
691, 9, 66, 273, 224, 0, 7.75%, 0, 0, 3, 22713.20, 14981186, 377
696, 9, 43, 273, 224, 0, 7.75%, 0, 0, 3, 22683.23, 15101086, 377
701, 9, 43, 273, 224, 0, 7.75%, 0, 0, 3, 21204.96, 15206007, 377
706, 10, 51, 273, 224, 0, 7.75%, 0, 0, 3, 22710.86, 15330691, 377
711, 10, 68, 273, 224, 0, 7.75%, 0, 0, 3, 23443.60, 15450504, 377
716, 10, 43, 273, 224, 0, 7.75%, 0, 0, 3, 21931.48, 15560584, 377
721, 10, 58, 273, 224, 0, 7.75%, 0, 0, 3, 23695.23, 15682122, 377
727, 10, 66, 273, 224, 0, 7.75%, 0, 0, 3, 23669.96, 15805434, 377
732, 10, 119, 273, 224, 0, 7.75%, 0, 0, 3, 25422.89, 15927678, 377
737, 10, 41, 273, 224, 0, 7.75%, 0, 0, 3, 24345.58, 16051573, 377
742, 10, 51, 273, 223, 0, 7.75%, 0, 0, 3, 24331.20, 16170065, 377
747, 10, 43, 273, 223, 0, 7.75%, 0, 0, 3, 22331.59, 16283705, 377
752, 10, 49, 273, 222, 0, 7.75%, 0, 0, 3, 22702.05, 16394144, 377
757, 10, 43, 273, 221, 0, 7.75%, 0, 0, 3, 21846.29, 16507101, 377
762, 10, 115, 273, 220, 0, 7.75%, 0, 0, 3, 21517.22, 16610303, 377
767, 11, 41, 273, 220, 0, 7.75%, 0, 0, 3, 24759.34, 16737699, 377
772, 11, 66, 273, 220, 0, 7.75%, 0, 0, 3, 23206.41, 16851513, 377
777, 11, 41, 273, 220, 0, 7.75%, 0, 0, 3, 22643.16, 16961896, 377
782, 11, 41, 273, 220, 0, 7.75%, 0, 0, 3, 22745.87, 17071991, 377
787, 11, 5, 273, 220, 0, 7.75%, 0, 0, 3, 27662.65, 17215867, 377
792, 11, 41, 273, 220, 0, 7.75%, 0, 0, 3, 23587.62, 17326362, 377
797, 11, 66, 273, 219, 0, 7.75%, 0, 0, 3, 24622.50, 17452943, 377
803, 11, 56, 273, 219, 0, 7.75%, 0, 0, 3, 22814.72, 17562864, 377
808, 11, 66, 273, 219, 0, 7.75%, 0, 0, 3, 24432.70, 17685304, 377
813, 11, 68, 273, 219, 0, 7.75%, 0, 0, 3, 24907.88, 17816895, 377
818, 11, 68, 273, 219, 0, 7.75%, 0, 0, 3, 25220.14, 17950202, 377
823, 11, 43, 273, 218, 0, 7.75%, 0, 0, 3, 20681.67, 18053096, 377
828, 12, 41, 275, 220, 0, 7.75%, 0, 0, 3, 23506.57, 18171130, 377
833, 12, 41, 275, 220, 0, 7.75%, 0, 0, 3, 24229.27, 18291603, 377
838, 12, 43, 275, 219, 0, 7.75%, 0, 0, 3, 19598.82, 18382974, 377
843, 12, 53, 275, 219, 0, 7.75%, 0, 0, 3, 22452.27, 18502119, 377
849, 12, 51, 275, 219, 0, 7.75%, 0, 0, 3, 23022.66, 18622554, 377
854, 12, 43, 275, 218, 0, 7.75%, 0, 0, 3, 22501.06, 18740034, 377
859, 12, 66, 275, 217, 0, 7.75%, 0, 0, 3, 22504.52, 18855750, 377
864, 12, 119, 275, 217, 0, 7.75%, 0, 0, 3, 23901.44, 18977027, 377
869, 12, 53, 275, 217, 0, 7.75%, 0, 0, 3, 24757.85, 19105650, 377
874, 12, 43, 275, 216, 0, 7.75%, 0, 0, 3, 24908.76, 19224613, 377
879, 12, 119, 275, 216, 0, 7.75%, 0, 0, 3, 27223.63, 19361120, 377
884, 12, 43, 275, 216, 0, 7.75%, 0, 0, 3, 22565.81, 19473453, 377
889, 12, 43, 275, 216, 0, 7.75%, 0, 0, 3, 25247.49, 19609412, 377
895, 13, 46, 275, 216, 0, 7.75%, 0, 0, 3, 20550.32, 19712692, 377
900, 13, 66, 275, 215, 0, 7.75%, 0, 0, 3, 22157.18, 19833942, 377
905, 13, 56, 275, 215, 0, 7.75%, 0, 0, 3, 22905.35, 19955547, 377
910, 13, 66, 275, 215, 0, 7.75%, 0, 0, 3, 21843.91, 20077984, 377
915, 13, 43, 275, 214, 0, 7.75%, 0, 0, 3, 24380.13, 20203142, 377
920, 13, 66, 275, 214, 0, 7.75%, 0, 0, 3, 20423.95, 20304486, 377
926, 13, 51, 275, 214, 0, 7.75%, 0, 0, 3, 25056.27, 20443257, 377
931, 13, 66, 275, 214, 0, 7.75%, 0, 0, 3, 24962.09, 20573921, 377
936, 13, 49, 275, 213, 0, 7.75%, 0, 0, 3, 24625.82, 20697415, 377
941, 13, 56, 275, 213, 0, 7.75%, 0, 0, 3, 21846.69, 20808262, 377
946, 13, 116, 275, 213, 0, 7.75%, 0, 0, 3, 25883.84, 20949563, 377
951, 14, 53, 275, 213, 0, 7.75%, 0, 0, 3, 24986.02, 21071084, 377
957, 14, 53, 275, 213, 0, 7.75%, 0, 0, 3, 25859.96, 21192836, 377
962, 14, 116, 275, 213, 0, 7.75%, 0, 0, 3, 23163.38, 21307472, 377
967, 14, 53, 275, 213, 0, 7.75%, 0, 0, 3, 23987.05, 21427503, 377
972, 14, 119, 275, 213, 0, 7.75%, 0, 0, 3, 25584.85, 21561580, 377
977, 14, 56, 275, 212, 0, 7.75%, 0, 0, 3, 23072.65, 21676177, 377
982, 14, 66, 275, 212, 0, 7.75%, 0, 0, 3, 26088.96, 21804244, 377
987, 14, 119, 275, 212, 0, 7.75%, 0, 0, 3, 23772.59, 21921313, 377
992, 14, 56, 275, 212, 0, 7.75%, 0, 0, 3, 23756.52, 22038529, 377
997, 14, 66, 275, 212, 0, 7.75%, 0, 0, 3, 21961.97, 22146956, 377
1002, 14, 53, 275, 212, 0, 7.75%, 0, 0, 3, 18980.59, 22240679, 377
1008, 14, 41, 275, 211, 0, 7.75%, 0, 0, 3, 20712.75, 22351703, 377
1013, 14, 43, 275, 211, 0, 7.75%, 0, 0, 3, 22269.32, 22460307, 377
1018, 15, 43, 275, 211, 0, 7.75%, 0, 0, 3, 25209.08, 22580613, 377
1023, 15, 121, 275, 211, 0, 7.75%, 0, 0, 3, 26091.39, 22707914, 377
1028, 15, 43, 275, 211, 0, 7.75%, 0, 0, 3, 25115.61, 22834983, 377
1033, 15, 66, 275, 211, 0, 7.75%, 0, 0, 3, 22434.27, 22941684, 377
1038, 15, 66, 275, 211, 0, 7.75%, 0, 0, 3, 27342.60, 23087034, 377
1043, 15, 50, 275, 211, 0, 7.75%, 0, 0, 3, 24092.97, 23203603, 377
1048, 15, 56, 275, 211, 0, 7.75%, 0, 0, 3, 23008.95, 23325392, 377
1054, 15, 51, 275, 210, 0, 7.75%, 0, 0, 3, 22956.95, 23440399, 377
1059, 15, 119, 275, 210, 0, 7.75%, 0, 0, 3, 23253.16, 23562128, 377
1064, 15, 58, 275, 208, 0, 7.75%, 0, 0, 3, 20601.24, 23650277, 377
1069, 15, 43, 275, 207, 0, 7.75%, 0, 0, 3, 24124.67, 23782106, 377
1074, 15, 50, 275, 207, 0, 7.75%, 0, 0, 3, 24226.90, 23908064, 377
1079, 16, 66, 275, 206, 0, 7.75%, 0, 0, 3, 27326.86, 24045155, 377
1084, 16, 44, 275, 206, 0, 7.75%, 0, 0, 3, 26070.16, 24172450, 377
1089, 16, 43, 275, 206, 0, 7.75%, 0, 0, 3, 27370.57, 24315655, 377
1094, 16, 43, 275, 205, 0, 7.75%, 0, 0, 3, 24878.36, 24436773, 377
1099, 16, 66, 275, 205, 0, 7.75%, 0, 0, 3, 24222.42, 24562625, 377
1104, 16, 119, 275, 205, 0, 7.75%, 0, 0, 3, 25031.89, 24688248, 377
1110, 16, 119, 275, 205, 0, 7.75%, 0, 0, 3, 26080.39, 24824748, 377
1115, 16, 66, 275, 204, 0, 7.75%, 0, 0, 3, 23895.02, 24945798, 377
1120, 16, 41, 275, 204, 0, 7.75%, 0, 0, 3, 26018.21, 25088214, 377
1125, 16, 8, 275, 203, 0, 7.75%, 0, 0, 3, 26420.44, 25222674, 377
1130, 17, 66, 275, 203, 0, 7.75%, 0, 0, 3, 27138.35, 25363190, 377
1135, 17, 66, 275, 203, 0, 7.75%, 0, 0, 3, 24273.62, 25487346, 377
1140, 17, 58, 275, 203, 0, 7.75%, 0, 0, 3, 22630.06, 25604428, 377
1145, 17, 49, 275, 203, 0, 7.75%, 0, 0, 3, 26766.01, 25743265, 377
1150, 17, 43, 275, 203, 0, 7.75%, 0, 0, 3, 22845.41, 25862283, 377
1155, 17, 119, 275, 203, 0, 7.75%, 0, 0, 3, 26407.66, 26001741, 377
1160, 17, 66, 275, 203, 0, 7.75%, 0, 0, 3, 24135.05, 26128753, 377
1165, 17, 49, 275, 203, 0, 7.75%, 0, 0, 3, 24055.41, 26250293, 377
1170, 17, 56, 275, 203, 0, 7.75%, 0, 0, 3, 22229.99, 26362214, 377
1176, 17, 43, 275, 203, 0, 7.75%, 0, 0, 3, 23941.57, 26492844, 377
1181, 17, 119, 275, 202, 0, 7.75%, 0, 0, 3, 23172.50, 26613850, 377
1186, 17, 66, 275, 202, 0, 7.75%, 0, 0, 3, 28001.12, 26759566, 377
1191, 18, 51, 275, 202, 0, 7.75%, 0, 0, 3, 26955.30, 26902754, 377
1196, 18, 66, 275, 202, 0, 7.75%, 0, 0, 3, 27335.55, 27042139, 377
1201, 18, 52, 275, 202, 0, 7.75%, 0, 0, 3, 25673.75, 27173816, 377
1207, 18, 65, 275, 202, 0, 7.75%, 0, 0, 3, 28351.63, 27314327, 377
1212, 18, 43, 275, 202, 0, 7.75%, 0, 0, 3, 27494.61, 27448612, 377
1217, 18, 41, 275, 202, 0, 7.75%, 0, 0, 3, 26606.81, 27584290, 377
1222, 18, 53, 275, 202, 0, 7.75%, 0, 0, 3, 24834.57, 27706576, 377
1227, 18, 119, 275, 202, 0, 7.75%, 0, 0, 3, 26009.67, 27834750, 377
1232, 18, 41, 275, 201, 0, 7.75%, 0, 0, 3, 26071.31, 27966669, 377
1237, 18, 41, 275, 201, 0, 7.75%, 0, 0, 3, 25334.34, 28096518, 377
1242, 19, 66, 276, 202, 0, 7.75%, 0, 0, 3, 24981.18, 28226002, 377
1247, 19, 119, 276, 202, 0, 7.75%, 0, 0, 3, 25989.34, 28357726, 377
1253, 19, 35, 276, 202, 0, 7.75%, 0, 0, 3, 25047.39, 28487404, 377
1258, 19, 51, 276, 202, 0, 7.75%, 0, 0, 3, 23353.76, 28598789, 377
1263, 19, 43, 276, 202, 0, 7.75%, 0, 0, 3, 23931.48, 28717479, 377
1268, 19, 49, 276, 202, 0, 7.75%, 0, 0, 3, 25701.54, 28855605, 377
1273, 19, 100, 276, 202, 0, 7.75%, 0, 0, 3, 25081.79, 28983041, 377
1278, 19, 43, 276, 202, 0, 7.75%, 0, 0, 3, 27659.49, 29125571, 377
1283, 19, 43, 276, 201, 0, 7.75%, 0, 0, 3, 25228.74, 29253550, 377
1289, 19, 52, 276, 201, 0, 7.75%, 0, 0, 3, 27840.72, 29391810, 377
1294, 19, 56, 276, 201, 0, 7.75%, 0, 0, 3, 26780.96, 29521123, 377
1299, 20, 43, 276, 201, 0, 7.75%, 0, 0, 3, 25814.37, 29647086, 377
1304, 20, 66, 276, 200, 0, 7.75%, 0, 0, 3, 27286.84, 29778773, 377
1309, 20, 53, 276, 200, 0, 7.75%, 0, 0, 3, 25720.29, 29906463, 377
1314, 20, 41, 276, 200, 0, 7.75%, 0, 0, 3, 26376.64, 30041819, 377
1319, 20, 66, 276, 199, 0, 7.75%, 0, 0, 3, 23112.95, 30157473, 377
1324, 20, 66, 276, 199, 0, 7.75%, 0, 0, 3, 24588.80, 30283786, 377
1330, 20, 49, 276, 199, 0, 7.75%, 0, 0, 3, 25341.75, 30420710, 377
1335, 20, 41, 276, 199, 0, 7.75%, 0, 0, 3, 25012.53, 30555232, 377
1340, 20, 51, 276, 199, 0, 7.75%, 0, 0, 3, 23903.30, 30679137, 377
1345, 20, 119, 276, 199, 0, 7.75%, 0, 0, 3, 24784.78, 30806426, 377
1350, 20, 253, 276, 199, 0, 7.75%, 0, 0, 3, 3026.65, 30918059, 377
1355, 21, 49, 276, 198, 0, 7.75%, 0, 0, 3, 32576.86, 31033760, 377
1361, 21, 116, 276, 198, 0, 7.75%, 0, 0, 3, 28334.37, 31167928, 377
1366, 21, 41, 276, 198, 0, 7.75%, 0, 0, 3, 26101.55, 31298154, 377
1371, 21, 52, 276, 198, 0, 7.75%, 0, 0, 3, 25095.07, 31425626, 377
1376, 21, 66, 276, 198, 0, 7.75%, 0, 0, 3, 24115.59, 31554239, 377
1381, 21, 119, 276, 198, 0, 7.75%, 0, 0, 3, 23764.32, 31680769, 377
1386, 21, 66, 276, 198, 0, 7.75%, 0, 0, 3, 26366.42, 31818391, 377
1391, 21, 41, 276, 198, 0, 7.75%, 0, 0, 3, 21967.36, 31927026, 377
1396, 21, 51, 276, 198, 0, 7.75%, 0, 0, 3, 25709.47, 32059336, 377
1401, 21, 40, 276, 198, 0, 7.75%, 0, 0, 3, 25009.34, 32187329, 377
1407, 21, 41, 276, 197, 0, 7.75%, 0, 0, 3, 24217.88, 32311752, 377
1412, 22, 56, 276, 197, 0, 7.75%, 0, 0, 3, 20514.79, 32402163, 377
1417, 22, 46, 276, 197, 0, 7.75%, 0, 0, 3, 18379.18, 32487983, 377
1422, 22, 43, 276, 197, 0, 7.75%, 0, 0, 3, 22326.21, 32606606, 377
1427, 22, 46, 276, 197, 0, 7.75%, 0, 0, 3, 26759.44, 32748687, 377
1432, 22, 43, 276, 197, 0, 7.75%, 0, 0, 3, 25838.59, 32880376, 377
1438, 22, 68, 276, 197, 0, 7.75%, 0, 0, 3, 24279.10, 32997652, 377
1443, 22, 56, 276, 196, 0, 7.75%, 0, 0, 3, 21837.57, 33105227, 377
1448, 22, 50, 276, 196, 0, 7.75%, 0, 0, 3, 24285.10, 33230030, 377
1453, 22, 41, 276, 195, 0, 7.75%, 0, 0, 3, 23950.44, 33345879, 377
1458, 22, 66, 276, 195, 0, 7.75%, 0, 0, 3, 26090.55, 33478998, 377
1463, 22, 51, 276, 195, 0, 7.75%, 0, 0, 3, 25517.84, 33601799, 377
1468, 22, 56, 276, 195, 0, 7.75%, 0, 0, 3, 24624.46, 33728825, 377
1473, 23, 51, 276, 195, 0, 7.75%, 0, 0, 3, 21720.80, 33832995, 377
1478, 23, 56, 276, 195, 0, 7.75%, 0, 0, 3, 23888.18, 33960078, 377
1483, 23, 66, 276, 195, 0, 7.75%, 0, 0, 3, 24987.03, 34087402, 377
1489, 23, 43, 276, 195, 0, 7.75%, 0, 0, 3, 25249.43, 34217548, 377
1494, 23, 116, 276, 195, 0, 7.75%, 0, 0, 3, 22077.92, 34323944, 377
1499, 23, 66, 276, 195, 0, 7.75%, 0, 0, 3, 26188.38, 34459682, 377
1504, 23, 41, 276, 195, 0, 7.75%, 0, 0, 3, 26383.74, 34593904, 377
1509, 23, 41, 276, 195, 0, 7.75%, 0, 0, 3, 26607.81, 34732743, 377
1514, 23, 56, 276, 194, 0, 7.75%, 0, 0, 3, 25361.44, 34858020, 377
1519, 23, 66, 276, 194, 0, 7.75%, 0, 0, 3, 25858.68, 34990110, 377
1524, 23, 56, 276, 194, 0, 7.75%, 0, 0, 3, 27624.19, 35132383, 377
1529, 24, 41, 276, 194, 0, 7.75%, 0, 0, 3, 25637.02, 35261479, 377
1535, 24, 53, 276, 192, 0, 7.75%, 0, 0, 3, 25548.99, 35388693, 377
1540, 24, 55, 276, 192, 0, 7.75%, 0, 0, 3, 26161.49, 35520507, 377
1545, 24, 43, 276, 191, 0, 7.75%, 0, 0, 3, 25768.14, 35647666, 377
1550, 24, 66, 276, 190, 0, 7.75%, 0, 0, 3, 24858.45, 35781288, 377
1555, 24, 119, 276, 190, 0, 7.75%, 0, 0, 3, 23673.17, 35901496, 377
1560, 24, 51, 276, 190, 0, 7.75%, 0, 0, 3, 22394.13, 36018762, 377
1565, 24, 41, 276, 190, 0, 7.75%, 0, 0, 3, 25062.82, 36153913, 377
1570, 24, 43, 276, 190, 0, 7.75%, 0, 0, 3, 24538.17, 36282073, 377
1576, 24, 51, 276, 189, 0, 7.75%, 0, 0, 3, 25720.46, 36417761, 377
1581, 24, 55, 276, 189, 0, 7.75%, 0, 0, 3, 25206.36, 36551481, 377
1586, 25, 43, 276, 188, 0, 7.75%, 0, 0, 3, 25500.81, 36679477, 377
1591, 25, 119, 276, 188, 0, 7.75%, 0, 0, 3, 23002.64, 36794836, 377
1596, 25, 43, 276, 187, 0, 7.75%, 0, 0, 3, 26487.60, 36934816, 377
1601, 25, 66, 276, 187, 0, 7.75%, 0, 0, 3, 25766.85, 37071136, 377
1606, 25, 43, 276, 187, 0, 7.75%, 0, 0, 3, 25966.85, 37198449, 377
1612, 25, 119, 276, 187, 0, 7.75%, 0, 0, 3, 25339.38, 37328932, 377
1617, 25, 119, 276, 187, 0, 7.75%, 0, 0, 3, 26839.03, 37462362, 377
1622, 25, 56, 276, 187, 0, 7.75%, 0, 0, 3, 27368.59, 37598244, 377
1627, 25, 52, 276, 187, 0, 7.75%, 0, 0, 3, 28983.11, 37746390, 377
1632, 25, 50, 276, 187, 0, 7.75%, 0, 0, 3, 26330.37, 37881126, 377
1637, 26, 57, 276, 187, 0, 7.75%, 0, 0, 3, 26367.88, 38020495, 377
1642, 26, 43, 276, 187, 0, 7.75%, 0, 0, 3, 24422.15, 38137185, 377
1647, 26, 46, 276, 186, 0, 7.75%, 0, 0, 3, 25827.53, 38270475, 377
1652, 26, 68, 276, 186, 0, 7.75%, 0, 0, 3, 25793.26, 38396773, 377
1657, 26, 66, 276, 186, 0, 7.75%, 0, 0, 3, 27380.60, 38532836, 377
1663, 26, 44, 276, 186, 0, 7.75%, 0, 0, 3, 25717.68, 38660081, 377
1668, 26, 66, 276, 186, 0, 7.75%, 0, 0, 3, 22089.25, 38771191, 377
1673, 26, 66, 276, 186, 0, 7.75%, 0, 0, 3, 20659.78, 38867213, 377
1678, 26, 119, 276, 186, 0, 7.75%, 0, 0, 3, 24055.87, 38988074, 377
1683, 26, 119, 276, 186, 0, 7.75%, 0, 0, 3, 20539.36, 39089244, 377
1688, 26, 51, 276, 186, 0, 7.75%, 0, 0, 3, 23406.42, 39224534, 377
1693, 26, 41, 276, 185, 0, 7.75%, 0, 0, 3, 20177.09, 39320110, 377
1698, 27, 119, 276, 185, 0, 7.75%, 0, 0, 3, 21072.19, 39423708, 377
1703, 27, 41, 276, 185, 0, 7.75%, 0, 0, 3, 21529.18, 39525339, 377
1709, 27, 8, 276, 185, 0, 7.75%, 0, 0, 3, 18751.71, 39625584, 377
1714, 27, 66, 276, 185, 0, 7.75%, 0, 0, 3, 20129.07, 39732816, 377
1719, 27, 43, 276, 185, 0, 7.75%, 0, 0, 3, 18675.50, 39825620, 377
1724, 27, 66, 276, 185, 0, 7.75%, 0, 0, 3, 20479.56, 39925540, 377
1729, 27, 66, 276, 185, 0, 7.75%, 0, 0, 3, 20735.82, 40031787, 377
1734, 27, 43, 276, 185, 0, 7.75%, 0, 0, 3, 17792.04, 40119803, 377
1739, 27, 51, 276, 185, 0, 7.75%, 0, 0, 3, 19048.03, 40219688, 377
1744, 27, 66, 276, 185, 0, 7.75%, 0, 0, 3, 25643.96, 40351598, 377
1749, 27, 103, 276, 185, 0, 7.75%, 0, 0, 3, 23203.43, 40463863, 377
1754, 27, 116, 276, 184, 0, 7.75%, 0, 0, 3, 24257.35, 40592476, 377
1759, 27, 119, 276, 184, 0, 7.75%, 0, 0, 3, 24670.70, 40721911, 377
1764, 28, 119, 276, 184, 0, 7.75%, 0, 0, 3, 25112.38, 40850676, 377
1770, 28, 66, 276, 184, 0, 7.75%, 0, 0, 3, 23132.56, 40975012, 377
1775, 28, 119, 276, 184, 0, 7.75%, 0, 0, 3, 27574.70, 41114007, 377
1780, 28, 66, 276, 184, 0, 7.75%, 0, 0, 3, 27110.04, 41248162, 377
1785, 28, 43, 276, 184, 0, 7.75%, 0, 0, 3, 25461.80, 41373769, 377
1790, 28, 56, 276, 184, 0, 7.75%, 0, 0, 3, 24223.75, 41494188, 377
1795, 28, 55, 276, 184, 0, 7.75%, 0, 0, 3, 23269.94, 41615469, 377
1800, 28, 56, 276, 184, 0, 7.75%, 0, 0, 3, 22314.97, 41736129, 377
1805, 28, 43, 276, 184, 0, 7.75%, 0, 0, 3, 25199.28, 41866790, 377
1810, 28, 43, 276, 183, 0, 7.75%, 0, 0, 3, 21579.19, 41985481, 377
1816, 28, 43, 276, 183, 0, 7.75%, 0, 0, 3, 24008.69, 42115723, 377
1821, 29, 154, 276, 181, 0, 7.75%, 0, 0, 3, 19227.85, 42207774, 377
1826, 29, 8, 276, 180, 0, 7.75%, 0, 0, 3, 22490.01, 42326429, 377
1831, 29, 119, 276, 180, 0, 7.75%, 0, 0, 3, 23699.81, 42446899, 377
1836, 29, 66, 276, 180, 0, 7.75%, 0, 0, 3, 25753.61, 42580274, 377
1841, 29, 66, 276, 180, 0, 7.75%, 0, 0, 3, 23571.12, 42700247, 377
1846, 29, 43, 276, 180, 0, 7.75%, 0, 0, 3, 27024.14, 42841455, 377
1851, 29, 119, 276, 180, 0, 7.75%, 0, 0, 3, 24304.35, 42961063, 377
1856, 29, 43, 276, 180, 0, 7.75%, 0, 0, 3, 23650.60, 43086257, 377
1861, 29, 55, 276, 180, 0, 7.75%, 0, 0, 3, 24954.73, 43219077, 377
1867, 29, 43, 276, 180, 0, 7.75%, 0, 0, 3, 24078.32, 43350845, 377
1872, 29, 43, 276, 180, 0, 7.75%, 0, 0, 3, 23009.06, 43466085, 377
1877, 30, 66, 276, 179, 0, 7.75%, 0, 0, 3, 27016.84, 43610687, 377
1882, 30, 43, 276, 179, 0, 7.75%, 0, 0, 3, 25958.85, 43744032, 377
1887, 30, 66, 276, 179, 0, 7.75%, 0, 0, 3, 25966.70, 43875727, 377
1892, 30, 66, 276, 179, 0, 7.75%, 0, 0, 3, 24453.94, 43995759, 377
1897, 30, 66, 276, 179, 0, 7.75%, 0, 0, 3, 25499.81, 44132949, 377
1902, 30, 51, 276, 179, 0, 7.75%, 0, 0, 3, 26374.79, 44261216, 377
1908, 30, 41, 276, 179, 0, 7.75%, 0, 0, 3, 22184.58, 44361903, 377
1913, 30, 66, 276, 179, 0, 7.75%, 0, 0, 3, 23929.84, 44487043, 377
1918, 30, 43, 276, 179, 0, 7.75%, 0, 0, 3, 24100.68, 44605230, 377
1923, 30, 66, 276, 179, 0, 7.75%, 0, 0, 3, 25134.31, 44733921, 377
1928, 30, 43, 276, 179, 0, 7.75%, 0, 0, 3, 25481.08, 44869673, 377
1933, 30, 41, 276, 178, 0, 7.75%, 0, 0, 3, 24486.77, 44994553, 377
1938, 31, 119, 276, 178, 0, 7.75%, 0, 0, 3, 23482.78, 45112636, 377
1943, 31, 49, 276, 178, 0, 7.75%, 0, 0, 3, 25694.96, 45243558, 377
1948, 31, 52, 276, 178, 0, 7.75%, 0, 0, 3, 25358.58, 45373067, 377
1954, 31, 121, 276, 176, 0, 7.75%, 0, 0, 3, 23479.57, 45488554, 377
1959, 31, 66, 276, 176, 0, 7.75%, 0, 0, 3, 26096.37, 45628881, 377
1964, 31, 49, 276, 175, 0, 7.75%, 0, 0, 3, 25857.60, 45761142, 377
1969, 31, 43, 276, 175, 0, 7.75%, 0, 0, 3, 25434.90, 45890842, 377
1974, 31, 46, 276, 175, 0, 7.75%, 0, 0, 3, 24310.53, 46015485, 377
1980, 31, 55, 276, 175, 0, 7.75%, 0, 0, 3, 22439.68, 46135574, 377
1985, 31, 66, 276, 174, 0, 7.75%, 0, 0, 3, 24438.13, 46262853, 377
1990, 31, 66, 276, 174, 0, 7.75%, 0, 0, 3, 27393.70, 46404081, 377
1995, 32, 43, 276, 174, 0, 7.75%, 0, 0, 3, 28240.40, 46540476, 377
2000, 32, 43, 276, 174, 0, 7.75%, 0, 0, 3, 26980.45, 46676619, 377
2005, 32, 43, 276, 173, 0, 7.75%, 0, 0, 3, 25156.94, 46797374, 377
2010, 32, 49, 276, 173, 0, 7.75%, 0, 0, 3, 23586.08, 46921518, 377
2015, 32, 50, 276, 173, 0, 7.75%, 0, 0, 3, 25723.94, 47050656, 377
2021, 32, 43, 276, 173, 0, 7.75%, 0, 0, 3, 24153.17, 47181168, 377
2026, 32, 49, 276, 173, 0, 7.75%, 0, 0, 3, 27711.61, 47330466, 377
2031, 32, 119, 276, 173, 0, 7.75%, 0, 0, 3, 25524.66, 47459282, 377
2036, 32, 43, 276, 173, 0, 7.75%, 0, 0, 3, 25113.06, 47586030, 377
2041, 32, 41, 276, 173, 0, 7.75%, 0, 0, 3, 25358.21, 47720949, 377
2046, 33, 43, 276, 173, 0, 7.75%, 0, 0, 3, 25182.60, 47852848, 377
2052, 33, 43, 276, 173, 0, 7.75%, 0, 0, 3, 22426.72, 47966529, 377
2057, 33, 41, 276, 173, 0, 7.75%, 0, 0, 3, 23498.85, 48091427, 377
2062, 33, 56, 276, 173, 0, 7.75%, 0, 0, 3, 25058.40, 48216193, 377
2067, 33, 41, 276, 173, 0, 7.75%, 0, 0, 3, 24879.30, 48343730, 377
2072, 33, 66, 276, 173, 0, 7.75%, 0, 0, 3, 26125.62, 48473019, 377
2077, 33, 51, 276, 173, 0, 7.75%, 0, 0, 3, 27491.57, 48614524, 377
2082, 33, 119, 276, 173, 0, 7.75%, 0, 0, 3, 26700.42, 48744186, 377
2087, 33, 41, 276, 173, 0, 7.75%, 0, 0, 3, 24905.70, 48868504, 377
2092, 33, 41, 276, 173, 0, 7.75%, 0, 0, 3, 24450.15, 48996969, 377
2097, 33, 43, 276, 173, 0, 7.75%, 0, 0, 3, 20168.08, 49087303, 377
2103, 34, 41, 276, 173, 0, 7.75%, 0, 0, 3, 23412.41, 49212295, 377
2108, 34, 55, 276, 173, 0, 7.75%, 0, 0, 3, 26911.08, 49351845, 377
2113, 34, 66, 276, 172, 0, 7.75%, 0, 0, 3, 23504.65, 49466891, 377
2118, 34, 8, 276, 172, 0, 7.75%, 0, 0, 3, 21761.93, 49586158, 377
2123, 34, 43, 276, 171, 0, 7.75%, 0, 0, 3, 17378.80, 49664488, 377
2128, 34, 51, 276, 171, 0, 7.75%, 0, 0, 3, 21762.41, 49767145, 377
2133, 34, 66, 276, 171, 0, 7.75%, 0, 0, 3, 22353.74, 49876622, 377
2138, 34, 66, 276, 171, 0, 7.75%, 0, 0, 3, 21868.64, 49990048, 377
2143, 34, 41, 276, 171, 0, 7.75%, 0, 0, 3, 19605.92, 50084664, 377
2148, 34, 45, 276, 171, 0, 7.75%, 0, 0, 3, 21025.76, 50192850, 377
2153, 34, 43, 276, 171, 0, 7.75%, 0, 0, 3, 19512.16, 50284160, 377
2158, 34, 43, 276, 171, 0, 7.75%, 0, 0, 3, 16961.23, 50360750, 377
2164, 34, 56, 276, 171, 0, 7.75%, 0, 0, 3, 21952.15, 50470601, 377
2169, 35, 119, 276, 171, 0, 7.75%, 0, 0, 3, 23176.05, 50593082, 377
2174, 35, 45, 276, 171, 0, 7.75%, 0, 0, 3, 24096.06, 50721838, 377
2179, 35, 43, 276, 171, 0, 7.75%, 0, 0, 3, 25318.94, 50853842, 377
2184, 35, 3, 276, 171, 0, 7.75%, 0, 0, 3, 22998.37, 50967900, 377
2189, 35, 53, 276, 171, 0, 7.75%, 0, 0, 3, 23444.67, 51089009, 377
2194, 35, 43, 276, 171, 0, 7.75%, 0, 0, 3, 23256.49, 51204469, 377
2199, 35, 66, 276, 170, 0, 7.75%, 0, 0, 3, 23116.80, 51322322, 377
2204, 35, 50, 276, 170, 0, 7.75%, 0, 0, 3, 24220.56, 51441370, 377
2209, 35, 43, 276, 170, 0, 7.75%, 0, 0, 3, 25694.04, 51575171, 377
2215, 35, 41, 276, 170, 0, 7.75%, 0, 0, 3, 21963.95, 51683580, 377
2220, 35, 119, 276, 170, 0, 7.75%, 0, 0, 3, 26925.48, 51831515, 377
2225, 36, 43, 276, 170, 0, 7.75%, 0, 0, 3, 23616.20, 51946132, 377
2230, 36, 57, 276, 170, 0, 7.75%, 0, 0, 3, 23582.93, 52069545, 377
2235, 36, 55, 276, 170, 0, 7.75%, 0, 0, 3, 25596.26, 52201669, 377
2240, 36, 56, 276, 170, 0, 7.75%, 0, 0, 3, 25107.68, 52331824, 377
2245, 36, 55, 276, 170, 0, 7.75%, 0, 0, 3, 23448.57, 52450590, 377
2250, 36, 119, 276, 170, 0, 7.75%, 0, 0, 3, 23057.21, 52577497, 377
2256, 36, 56, 276, 170, 0, 7.75%, 0, 0, 3, 24471.02, 52708349, 377
2261, 36, 44, 276, 170, 0, 7.75%, 0, 0, 3, 23258.19, 52828645, 377
2266, 36, 55, 276, 170, 0, 7.75%, 0, 0, 3, 20796.45, 52933058, 377
2271, 36, 43, 276, 170, 0, 7.75%, 0, 0, 3, 23833.88, 53064003, 377
2276, 36, 43, 276, 170, 0, 7.75%, 0, 0, 3, 23497.21, 53180525, 377
2281, 36, 46, 276, 170, 0, 7.75%, 0, 0, 3, 22926.94, 53300348, 377
2286, 37, 52, 276, 170, 0, 7.75%, 0, 0, 3, 24385.39, 53424652, 377
2291, 37, 53, 276, 170, 0, 7.75%, 0, 0, 3, 25371.77, 53555763, 377
2296, 37, 43, 276, 170, 0, 7.75%, 0, 0, 3, 26179.20, 53691603, 377
2301, 37, 43, 276, 170, 0, 7.75%, 0, 0, 3, 23132.23, 53804558, 377
2306, 37, 119, 276, 170, 0, 7.75%, 0, 0, 3, 23919.49, 53921863, 377
2312, 37, 66, 276, 170, 0, 7.75%, 0, 0, 3, 22815.34, 54040798, 377
2317, 37, 66, 276, 170, 0, 7.75%, 0, 0, 3, 25609.57, 54173062, 377
2322, 37, 55, 276, 170, 0, 7.75%, 0, 0, 3, 26024.20, 54305761, 377
2327, 37, 56, 276, 170, 0, 7.75%, 0, 0, 3, 28547.03, 54452806, 377
2332, 37, 51, 276, 169, 0, 7.75%, 0, 0, 3, 24480.11, 54579144, 377
2337, 37, 66, 276, 168, 0, 7.75%, 0, 0, 3, 22498.70, 54685052, 377
2342, 38, 41, 276, 168, 0, 7.75%, 0, 0, 3, 22553.14, 54800794, 377
2348, 38, 43, 276, 167, 0, 7.75%, 0, 0, 3, 21231.79, 54910017, 377
2353, 38, 52, 276, 167, 0, 7.75%, 0, 0, 3, 26208.46, 55041472, 377
2358, 38, 66, 276, 167, 0, 7.75%, 0, 0, 3, 24815.24, 55167271, 377
2363, 38, 41, 276, 167, 0, 7.75%, 0, 0, 3, 25967.87, 55295145, 377
2368, 38, 41, 276, 167, 0, 7.75%, 0, 0, 3, 24447.09, 55412052, 377
2373, 38, 66, 276, 166, 0, 7.75%, 0, 0, 3, 23275.61, 55529487, 377
2378, 38, 43, 276, 166, 0, 7.75%, 0, 0, 3, 24337.41, 55657754, 377
2383, 38, 119, 276, 166, 0, 7.75%, 0, 0, 3, 20908.03, 55760305, 377
2388, 38, 66, 276, 166, 0, 7.75%, 0, 0, 3, 24771.79, 55880171, 377
2393, 38, 119, 276, 166, 0, 7.75%, 0, 0, 3, 23289.63, 55996860, 377
2399, 38, 119, 276, 166, 0, 7.75%, 0, 0, 3, 23511.82, 56113682, 377
2404, 39, 45, 276, 166, 0, 7.75%, 0, 0, 3, 24842.78, 56237619, 377
2409, 39, 41, 276, 166, 0, 7.75%, 0, 0, 3, 18654.75, 56331787, 377
2414, 39, 66, 276, 165, 0, 7.75%, 0, 0, 3, 21317.13, 56442538, 377
2419, 39, 91, 276, 165, 0, 7.75%, 0, 0, 3, 23448.82, 56571066, 377
2424, 39, 41, 276, 164, 0, 7.75%, 0, 0, 3, 22998.06, 56692680, 377
2429, 39, 41, 276, 164, 0, 7.75%, 0, 0, 3, 21927.09, 56803916, 377
2435, 39, 41, 276, 164, 0, 7.75%, 0, 0, 3, 25364.74, 56935987, 377
2440, 39, 43, 276, 164, 0, 7.75%, 0, 0, 3, 26051.78, 57071845, 377
2445, 39, 41, 276, 164, 0, 7.75%, 0, 0, 3, 24837.97, 57197423, 377
2450, 39, 41, 276, 164, 0, 7.75%, 0, 0, 3, 22269.30, 57315261, 377
2455, 39, 41, 276, 164, 0, 7.75%, 0, 0, 3, 21441.92, 57428302, 377
2460, 40, 119, 276, 164, 0, 7.75%, 0, 0, 3, 20452.87, 57536165, 377
2465, 40, 46, 276, 164, 0, 7.75%, 0, 0, 3, 25828.96, 57674886, 377
2471, 40, 51, 276, 164, 0, 7.75%, 0, 0, 3, 22636.96, 57791907, 377
2476, 40, 53, 276, 164, 0, 7.75%, 0, 0, 3, 26559.03, 57929453, 377
2481, 40, 66, 276, 164, 0, 7.75%, 0, 0, 3, 21518.88, 58035189, 377
2486, 40, 119, 276, 164, 0, 7.75%, 0, 0, 3, 22227.24, 58154170, 377
2491, 40, 43, 276, 163, 0, 7.75%, 0, 0, 3, 23975.86, 58272651, 377
2496, 40, 43, 276, 162, 0, 7.75%, 0, 0, 3, 22427.30, 58384775, 377
2501, 40, 66, 276, 162, 0, 7.75%, 0, 0, 3, 23937.75, 58516989, 377
2506, 40, 43, 276, 162, 0, 7.75%, 0, 0, 3, 25270.04, 58650266, 377
2511, 40, 43, 276, 160, 0, 7.75%, 0, 0, 3, 22016.33, 58761625, 377
2516, 41, 50, 276, 160, 0, 7.75%, 0, 0, 3, 24042.85, 58885392, 377
2521, 41, 119, 276, 160, 0, 7.75%, 0, 0, 3, 26473.26, 59020625, 377
2526, 41, 56, 276, 160, 0, 7.75%, 0, 0, 3, 26445.88, 59152837, 377
2532, 41, 43, 276, 159, 0, 7.75%, 0, 0, 3, 23081.19, 59268831, 377
2537, 41, 119, 276, 159, 0, 7.75%, 0, 0, 3, 27265.39, 59414349, 377
2542, 41, 43, 276, 159, 0, 7.75%, 0, 0, 3, 22276.73, 59521926, 377
2547, 41, 56, 276, 159, 0, 7.75%, 0, 0, 3, 24348.89, 59652233, 377
2552, 41, 44, 276, 159, 0, 7.75%, 0, 0, 3, 23963.46, 59772123, 377
2557, 41, 119, 276, 159, 0, 7.75%, 0, 0, 3, 25926.74, 59915561, 377
2562, 41, 56, 276, 159, 0, 7.75%, 0, 0, 3, 26214.09, 60049621, 377
2567, 41, 43, 276, 159, 0, 7.75%, 0, 0, 3, 25994.13, 60182622, 377
2573, 42, 119, 278, 161, 0, 7.75%, 0, 0, 3, 21013.94, 60275951, 377
2578, 42, 66, 278, 161, 0, 7.75%, 0, 0, 3, 22555.43, 60389622, 377
2583, 42, 43, 278, 161, 0, 7.75%, 0, 0, 3, 26464.46, 60530182, 377
2588, 42, 43, 278, 161, 0, 7.75%, 0, 0, 3, 21458.56, 60640102, 377
2593, 42, 55, 278, 161, 0, 7.75%, 0, 0, 3, 22508.28, 60750975, 377
2598, 42, 43, 278, 161, 0, 7.75%, 0, 0, 3, 20456.72, 60847407, 377
2603, 42, 43, 278, 161, 0, 7.75%, 0, 0, 3, 22829.25, 60969899, 377
2608, 42, 66, 278, 161, 0, 7.75%, 0, 0, 3, 24083.77, 61090498, 377
2613, 42, 65, 278, 161, 0, 7.75%, 0, 0, 3, 23156.53, 61205391, 377
2618, 42, 43, 278, 161, 0, 7.75%, 0, 0, 3, 23251.52, 61324898, 377
2624, 42, 66, 278, 161, 0, 7.75%, 0, 0, 3, 25530.40, 61451986, 377
2629, 42, 119, 278, 161, 0, 7.75%, 0, 0, 3, 24514.05, 61575934, 377
2634, 43, 43, 278, 161, 0, 7.75%, 0, 0, 3, 22390.08, 61690674, 377
2639, 43, 43, 278, 160, 0, 7.75%, 0, 0, 3, 21236.43, 61795928, 377
2644, 43, 45, 278, 160, 0, 7.75%, 0, 0, 3, 24035.01, 61922742, 377
2649, 43, 41, 278, 160, 0, 7.75%, 0, 0, 3, 23022.08, 62043699, 377
2654, 43, 43, 278, 160, 0, 7.75%, 0, 0, 3, 24425.32, 62164485, 377
2660, 43, 119, 278, 159, 0, 7.75%, 0, 0, 3, 25333.04, 62297797, 377
2665, 43, 56, 278, 159, 0, 7.75%, 0, 0, 3, 25748.06, 62427360, 377
2670, 43, 68, 278, 159, 0, 7.75%, 0, 0, 3, 23388.37, 62546338, 377
2675, 43, 41, 278, 159, 0, 7.75%, 0, 0, 3, 23317.29, 62666072, 377
2680, 43, 50, 278, 159, 0, 7.75%, 0, 0, 3, 24123.85, 62790766, 377
2685, 43, 56, 278, 158, 0, 7.75%, 0, 0, 3, 25192.87, 62921171, 377
2691, 44, 41, 278, 158, 0, 7.75%, 0, 0, 3, 21867.41, 63031457, 377
2696, 44, 55, 278, 158, 0, 7.75%, 0, 0, 3, 22697.82, 63145875, 377
2701, 44, 66, 278, 158, 0, 7.75%, 0, 0, 3, 23396.61, 63272613, 377
2706, 44, 56, 278, 158, 0, 7.75%, 0, 0, 3, 22647.57, 63382141, 377
2711, 44, 119, 278, 158, 0, 7.75%, 0, 0, 3, 18007.54, 63476665, 377
2716, 44, 66, 278, 158, 0, 7.75%, 0, 0, 3, 23568.14, 63605961, 377
2721, 44, 43, 278, 158, 0, 7.75%, 0, 0, 3, 22626.58, 63727439, 377
2726, 44, 99, 278, 158, 0, 7.75%, 0, 0, 3, 23655.22, 63854246, 377
2731, 44, 43, 278, 158, 0, 7.75%, 0, 0, 3, 22865.52, 63968440, 377
2736, 44, 66, 278, 158, 0, 7.75%, 0, 0, 3, 23659.31, 64093630, 377
2742, 44, 55, 278, 158, 0, 7.75%, 0, 0, 3, 24386.49, 64224020, 377
2747, 45, 52, 278, 158, 0, 7.75%, 0, 0, 3, 24047.16, 64348779, 377
2752, 45, 66, 278, 158, 0, 7.75%, 0, 0, 3, 23205.60, 64467117, 377
2757, 45, 66, 278, 158, 0, 7.75%, 0, 0, 3, 22572.89, 64569103, 377
2762, 45, 45, 278, 158, 0, 7.75%, 0, 0, 3, 25753.63, 64700323, 377
2767, 45, 43, 278, 158, 0, 7.75%, 0, 0, 3, 26684.43, 64834539, 377
2772, 45, 119, 278, 158, 0, 7.75%, 0, 0, 3, 23922.52, 64955794, 377
2777, 45, 43, 278, 158, 0, 7.75%, 0, 0, 3, 25927.22, 65094501, 377
2783, 45, 52, 278, 158, 0, 7.75%, 0, 0, 3, 24684.59, 65212632, 377
2788, 45, 41, 278, 158, 0, 7.75%, 0, 0, 3, 26193.18, 65346729, 377
2793, 45, 43, 278, 158, 0, 7.75%, 0, 0, 3, 26498.01, 65472882, 377
2798, 45, 41, 278, 158, 0, 7.75%, 0, 0, 3, 26341.27, 65605616, 377
2803, 46, 66, 278, 157, 0, 7.75%, 0, 0, 3, 22975.90, 65718890, 377
2808, 46, 119, 278, 157, 0, 7.75%, 0, 0, 3, 25670.74, 65856087, 377
2813, 46, 119, 278, 157, 0, 7.75%, 0, 0, 3, 24505.49, 65974468, 377
2819, 46, 41, 278, 157, 0, 7.75%, 0, 0, 3, 26518.11, 66102693, 377
2824, 46, 68, 278, 156, 0, 7.75%, 0, 0, 3, 24004.49, 66215892, 377
2829, 46, 43, 278, 156, 0, 7.75%, 0, 0, 3, 24418.33, 66345447, 377
2834, 46, 56, 278, 156, 0, 7.75%, 0, 0, 3, 25069.87, 66469709, 377
2839, 46, 41, 278, 156, 0, 7.75%, 0, 0, 3, 25787.46, 66606282, 377
2844, 46, 43, 278, 156, 0, 7.75%, 0, 0, 3, 23668.51, 66722487, 377
2850, 46, 43, 278, 156, 0, 7.75%, 0, 0, 3, 24582.82, 66859245, 377
2855, 46, 68, 278, 155, 0, 7.75%, 0, 0, 3, 22931.39, 66973486, 377
2860, 47, 57, 278, 155, 0, 7.75%, 0, 0, 3, 26416.96, 67117165, 377
2865, 47, 41, 278, 155, 0, 7.75%, 0, 0, 3, 25745.82, 67244045, 377
2870, 47, 43, 278, 155, 0, 7.75%, 0, 0, 3, 24942.23, 67375288, 377
2875, 47, 43, 278, 155, 0, 7.75%, 0, 0, 3, 23460.43, 67492908, 377
2880, 47, 41, 278, 155, 0, 7.75%, 0, 0, 3, 24030.67, 67614484, 377
2885, 47, 55, 278, 155, 0, 7.75%, 0, 0, 3, 24379.01, 67740565, 377
2891, 47, 66, 278, 155, 0, 7.75%, 0, 0, 3, 23097.02, 67865753, 377
2896, 47, 43, 278, 155, 0, 7.75%, 0, 0, 3, 23314.14, 67984692, 377
2901, 47, 53, 278, 155, 0, 7.75%, 0, 0, 3, 21520.69, 68099470, 377
2906, 47, 43, 278, 155, 0, 7.75%, 0, 0, 3, 25081.68, 68233231, 377
2911, 48, 41, 278, 155, 0, 7.75%, 0, 0, 3, 26278.38, 68373938, 377
2916, 48, 66, 278, 155, 0, 7.75%, 0, 0, 3, 26620.62, 68509566, 377
2921, 48, 119, 278, 155, 0, 7.75%, 0, 0, 3, 24707.81, 68635737, 377
2927, 48, 43, 278, 155, 0, 7.75%, 0, 0, 3, 27022.81, 68780403, 377
2932, 48, 53, 278, 155, 0, 7.75%, 0, 0, 3, 25208.70, 68903067, 377
2937, 48, 50, 278, 155, 0, 7.75%, 0, 0, 3, 21363.19, 69006454, 377
2942, 48, 55, 278, 155, 0, 7.75%, 0, 0, 3, 21679.43, 69119532, 377
2947, 48, 43, 278, 155, 0, 7.75%, 0, 0, 3, 26859.52, 69265216, 377
2952, 48, 8, 278, 155, 0, 7.75%, 0, 0, 3, 23606.66, 69386383, 377
2957, 48, 43, 278, 154, 0, 7.75%, 0, 0, 3, 26298.25, 69522235, 377
2963, 48, 41, 278, 154, 0, 7.75%, 0, 0, 3, 27337.53, 69654562, 377
2968, 49, 66, 278, 154, 0, 7.75%, 0, 0, 3, 25237.63, 69782614, 377
2973, 49, 119, 278, 154, 0, 7.75%, 0, 0, 3, 24789.73, 69910786, 377
2978, 49, 50, 278, 154, 0, 7.75%, 0, 0, 3, 28228.43, 70050326, 377
2983, 49, 274, 278, 154, 0, 7.75%, 0, 0, 3, 24831.55, 70175583, 377
2988, 49, 43, 278, 153, 0, 7.75%, 0, 0, 3, 8489.85, 70219779, 377
2994, 49, 66, 278, 153, 0, 7.75%, 0, 0, 3, 20295.38, 70341029, 377
2999, 49, 119, 278, 153, 0, 7.75%, 0, 0, 3, 24173.41, 70470523, 377
3004, 49, 119, 278, 153, 0, 7.75%, 0, 0, 3, 25197.03, 70592565, 377
3009, 49, 66, 278, 153, 0, 7.75%, 0, 0, 3, 24620.58, 70723690, 377
3014, 49, 119, 278, 153, 0, 7.75%, 0, 0, 3, 26455.03, 70857256, 377
3019, 49, 68, 278, 153, 0, 7.75%, 0, 0, 3, 24688.05, 70982209, 377
3024, 49, 43, 278, 153, 0, 7.75%, 0, 0, 3, 25623.64, 71115491, 377
3029, 50, 45, 278, 153, 0, 7.75%, 0, 0, 3, 25022.52, 71241553, 377
3035, 50, 66, 278, 153, 0, 7.75%, 0, 0, 3, 23416.65, 71359479, 377
3040, 50, 43, 278, 153, 0, 7.75%, 0, 0, 3, 26088.00, 71498771, 377
3045, 50, 43, 278, 153, 0, 7.75%, 0, 0, 3, 26629.96, 71632472, 377
3050, 50, 41, 278, 153, 0, 7.75%, 0, 0, 3, 23426.80, 71748325, 377
3055, 50, 119, 278, 153, 0, 7.75%, 0, 0, 3, 21201.36, 71854300, 377
3060, 50, 51, 278, 152, 0, 7.75%, 0, 0, 3, 22950.86, 71975301, 377
3065, 50, 119, 278, 152, 0, 7.75%, 0, 0, 3, 25667.24, 72102624, 377
3070, 50, 51, 278, 152, 0, 7.75%, 0, 0, 3, 23768.18, 72226924, 377
3075, 50, 119, 278, 152, 0, 7.75%, 0, 0, 3, 25933.54, 72370009, 377
3081, 51, 41, 278, 152, 0, 7.75%, 0, 0, 3, 22787.92, 72490584, 377
3086, 51, 51, 278, 152, 0, 7.75%, 0, 0, 3, 21964.21, 72613587, 377
3091, 51, 119, 278, 152, 0, 7.75%, 0, 0, 3, 22502.05, 72731556, 377
3096, 51, 43, 278, 152, 0, 7.75%, 0, 0, 3, 25909.68, 72872854, 377
3101, 51, 116, 278, 152, 0, 7.75%, 0, 0, 3, 24211.56, 72994104, 377
3106, 51, 119, 278, 152, 0, 7.75%, 0, 0, 3, 25790.34, 73130143, 377
3111, 51, 43, 278, 152, 0, 7.75%, 0, 0, 3, 23277.38, 73245108, 377
3117, 51, 66, 278, 152, 0, 7.75%, 0, 0, 3, 22853.90, 73362823, 377
3122, 51, 43, 278, 152, 0, 7.75%, 0, 0, 3, 22152.33, 73474609, 377
3127, 51, 99, 278, 152, 0, 7.75%, 0, 0, 3, 24502.07, 73602928, 377
3132, 51, 43, 278, 152, 0, 7.75%, 0, 0, 3, 25525.24, 73737924, 377
3137, 52, 43, 278, 152, 0, 7.75%, 0, 0, 3, 24845.20, 73864292, 377
3142, 52, 41, 278, 152, 0, 7.75%, 0, 0, 3, 24991.32, 73994337, 377
3147, 52, 43, 278, 152, 0, 7.75%, 0, 0, 3, 25361.64, 74127781, 377
3152, 52, 43, 278, 152, 0, 7.75%, 0, 0, 3, 22895.42, 74237954, 377
3158, 52, 44, 278, 152, 0, 7.75%, 0, 0, 3, 23764.16, 74364435, 377
3163, 52, 66, 278, 152, 0, 7.75%, 0, 0, 3, 24437.71, 74487403, 377
3168, 52, 119, 278, 152, 0, 7.75%, 0, 0, 3, 27490.75, 74623289, 377
3173, 52, 43, 278, 152, 0, 7.75%, 0, 0, 3, 23390.63, 74741358, 377
3178, 52, 43, 278, 152, 0, 7.75%, 0, 0, 3, 19908.85, 74838360, 377
3183, 52, 43, 278, 152, 0, 7.75%, 0, 0, 3, 18714.85, 74928677, 377
3188, 52, 66, 278, 152, 0, 7.75%, 0, 0, 3, 23210.63, 75042534, 377
3193, 53, 119, 278, 152, 0, 7.75%, 0, 0, 3, 22153.75, 75154201, 377
3198, 53, 66, 278, 151, 0, 7.75%, 0, 0, 3, 24685.69, 75278787, 377
3204, 53, 41, 278, 151, 0, 7.75%, 0, 0, 3, 22541.44, 75382216, 377
3209, 53, 43, 278, 150, 0, 7.75%, 0, 0, 3, 22455.33, 75493137, 377
3214, 53, 66, 278, 150, 0, 7.75%, 0, 0, 3, 23071.53, 75609318, 377
3219, 53, 68, 278, 149, 0, 7.75%, 0, 0, 3, 23263.81, 75729736, 377
3224, 53, 53, 278, 149, 0, 7.75%, 0, 0, 3, 22477.76, 75840537, 377
3229, 53, 41, 278, 149, 0, 7.75%, 0, 0, 3, 24355.36, 75967728, 377
3235, 53, 54, 278, 149, 0, 7.75%, 0, 0, 3, 19840.94, 76065748, 377
3240, 53, 43, 278, 149, 0, 7.75%, 0, 0, 3, 20707.18, 76177908, 377
3245, 53, 41, 278, 149, 0, 7.75%, 0, 0, 3, 23207.78, 76305851, 377
3250, 53, 119, 278, 149, 0, 7.75%, 0, 0, 3, 22859.80, 76422019, 377
3255, 54, 56, 278, 149, 0, 7.75%, 0, 0, 3, 23186.31, 76539012, 377
3260, 54, 49, 278, 149, 0, 7.75%, 0, 0, 3, 20064.79, 76644508, 377
3265, 54, 43, 278, 148, 0, 7.75%, 0, 0, 3, 24987.30, 76778262, 377
3271, 54, 51, 278, 148, 0, 7.75%, 0, 0, 3, 21166.53, 76881480, 377
3276, 54, 66, 278, 147, 0, 7.75%, 0, 0, 3, 22095.95, 77008197, 377
3281, 54, 56, 278, 146, 0, 7.75%, 0, 0, 3, 20421.52, 77119933, 377
3286, 54, 53, 278, 146, 0, 7.75%, 0, 0, 3, 21690.74, 77231616, 377
3291, 54, 46, 278, 146, 0, 7.75%, 0, 0, 3, 21971.42, 77348163, 377
3296, 54, 43, 278, 146, 0, 7.75%, 0, 0, 3, 21661.28, 77461212, 377
3302, 54, 43, 278, 146, 0, 7.75%, 0, 0, 3, 21167.98, 77564839, 377
3307, 54, 43, 278, 146, 0, 7.75%, 0, 0, 3, 23677.78, 77688578, 377
3312, 55, 116, 278, 146, 0, 7.75%, 0, 0, 3, 24522.44, 77824040, 377
3317, 55, 8, 278, 146, 0, 7.75%, 0, 0, 3, 22620.48, 77942565, 377
3322, 55, 50, 278, 146, 0, 7.75%, 0, 0, 3, 24263.30, 78062421, 377
3327, 55, 66, 278, 146, 0, 7.75%, 0, 0, 3, 24511.98, 78188346, 377
3332, 55, 41, 278, 146, 0, 7.75%, 0, 0, 3, 23929.49, 78311758, 377
3338, 55, 51, 278, 146, 0, 7.75%, 0, 0, 3, 23207.70, 78429781, 377
3343, 55, 43, 278, 146, 0, 7.75%, 0, 0, 3, 21794.09, 78539639, 377
3348, 55, 43, 278, 146, 0, 7.75%, 0, 0, 3, 23901.27, 78658190, 377
3353, 55, 66, 278, 146, 0, 7.75%, 0, 0, 3, 23550.00, 78774271, 377
3358, 55, 41, 278, 146, 0, 7.75%, 0, 0, 3, 23459.85, 78893806, 377
3363, 55, 119, 278, 146, 0, 7.75%, 0, 0, 3, 23087.69, 79010343, 377
3369, 56, 41, 278, 146, 0, 7.75%, 0, 0, 3, 22255.68, 79121071, 377
3374, 56, 119, 278, 146, 0, 7.75%, 0, 0, 3, 20779.67, 79224321, 377
3379, 56, 43, 278, 146, 0, 7.75%, 0, 0, 3, 20986.47, 79338895, 377
3384, 56, 119, 278, 146, 0, 7.75%, 0, 0, 3, 21609.91, 79447259, 377
3389, 56, 43, 278, 145, 0, 7.75%, 0, 0, 3, 24537.49, 79574675, 377
3394, 56, 119, 278, 145, 0, 7.75%, 0, 0, 3, 25890.16, 79702830, 377
3399, 56, 65, 278, 145, 0, 7.75%, 0, 0, 3, 23943.30, 79825899, 377
3404, 56, 49, 278, 145, 0, 7.75%, 0, 0, 3, 24267.64, 79942170, 377
3410, 56, 56, 278, 145, 0, 7.75%, 0, 0, 3, 21979.42, 80055964, 377
3415, 56, 41, 278, 145, 0, 7.75%, 0, 0, 3, 21142.85, 80168815, 377
3420, 56, 119, 278, 145, 0, 7.75%, 0, 0, 3, 25672.41, 80299331, 377
3425, 57, 119, 278, 145, 0, 7.75%, 0, 0, 3, 23586.70, 80418784, 377
3430, 57, 66, 278, 145, 0, 7.75%, 0, 0, 3, 22179.80, 80536258, 377
3435, 57, 55, 278, 145, 0, 7.75%, 0, 0, 3, 25484.06, 80667501, 377
3440, 57, 119, 278, 145, 0, 7.75%, 0, 0, 3, 23341.64, 80785761, 377
3446, 57, 41, 278, 145, 0, 7.75%, 0, 0, 3, 26135.37, 80920231, 377
3451, 57, 56, 278, 145, 0, 7.75%, 0, 0, 3, 23382.86, 81035996, 377
3456, 57, 65, 278, 144, 0, 7.75%, 0, 0, 3, 25215.63, 81167570, 377
3461, 57, 41, 278, 144, 0, 7.75%, 0, 0, 3, 22962.93, 81282461, 377
3466, 57, 56, 278, 144, 0, 7.75%, 0, 0, 3, 23786.41, 81403753, 377
3471, 57, 43, 278, 143, 0, 7.75%, 0, 0, 3, 25579.32, 81535835, 377
3476, 57, 43, 278, 142, 0, 7.75%, 0, 0, 3, 22753.84, 81648336, 377
3482, 58, 51, 278, 142, 0, 7.75%, 0, 0, 3, 23782.61, 81770492, 377
3487, 58, 66, 278, 142, 0, 7.75%, 0, 0, 3, 22713.81, 81884164, 377
3492, 58, 119, 278, 142, 0, 7.75%, 0, 0, 3, 22337.36, 82004568, 377
3497, 58, 43, 278, 142, 0, 7.75%, 0, 0, 3, 24242.35, 82133882, 377
3502, 58, 41, 278, 142, 0, 7.75%, 0, 0, 3, 21407.64, 82244429, 377
3507, 58, 116, 278, 142, 0, 7.75%, 0, 0, 3, 23730.40, 82371308, 377
3512, 58, 41, 278, 142, 0, 7.75%, 0, 0, 3, 22333.09, 82483046, 377
3518, 58, 41, 278, 142, 0, 7.75%, 0, 0, 3, 25436.19, 82615489, 377
3523, 58, 119, 278, 142, 0, 7.75%, 0, 0, 3, 24863.25, 82748878, 377
3528, 58, 41, 278, 142, 0, 7.75%, 0, 0, 3, 22369.76, 82856717, 377
3533, 58, 43, 278, 142, 0, 7.75%, 0, 0, 3, 22408.47, 82958994, 377
3538, 59, 46, 278, 142, 0, 7.75%, 0, 0, 3, 19590.34, 83051134, 377
3543, 59, 55, 278, 142, 0, 7.75%, 0, 0, 3, 23146.74, 83174995, 377
3548, 59, 66, 278, 142, 0, 7.75%, 0, 0, 3, 22415.97, 83290884, 377
3553, 59, 51, 278, 142, 0, 7.75%, 0, 0, 3, 24074.77, 83418519, 377
3558, 59, 46, 278, 142, 0, 7.75%, 0, 0, 3, 22774.30, 83526352, 377
3564, 59, 106, 278, 142, 0, 7.75%, 0, 0, 3, 17015.32, 83610902, 377
3569, 59, 43, 278, 140, 0, 7.75%, 0, 0, 3, 12081.99, 83672992, 377
