# relative_time, cycles_done, cur_item, corpus_count, pending_total, pending_favs, map_size, saved_crashes, saved_hangs, max_depth, execs_per_sec, total_execs, edges_found
61, 1, 33, 126, 105, 0, 5.66%, 0, 0, 4, 20733.64, 1283834, 245
66, 1, 33, 126, 105, 0, 5.66%, 0, 0, 4, 24330.39, 1412774, 245
71, 2, 10, 136, 114, 0, 5.66%, 0, 0, 4, 21118.64, 1521820, 245
76, 2, 2, 136, 114, 0, 5.66%, 0, 0, 4, 20229.20, 1619064, 245
81, 2, 33, 136, 114, 0, 5.66%, 0, 0, 4, 19294.52, 1724021, 245
86, 2, 10, 136, 112, 0, 5.66%, 0, 0, 4, 22702.73, 1842793, 245
92, 2, 33, 137, 112, 0, 5.66%, 0, 0, 4, 14834.00, 1908503, 245
97, 2, 2, 137, 111, 0, 5.66%, 0, 0, 4, 18726.84, 2008892, 245
102, 3, 75, 137, 110, 0, 5.66%, 0, 0, 4, 19374.04, 2111991, 245
107, 3, 43, 137, 110, 0, 5.66%, 0, 0, 4, 24990.62, 2239328, 245
112, 3, 10, 137, 110, 0, 5.66%, 0, 0, 4, 22609.00, 2351871, 245
117, 3, 6, 137, 109, 0, 5.66%, 0, 0, 4, 22828.31, 2466378, 245
122, 3, 33, 137, 108, 0, 5.66%, 0, 0, 4, 19075.82, 2564192, 245
128, 3, 33, 137, 108, 0, 5.66%, 0, 0, 4, 22718.89, 2683562, 245
133, 4, 33, 137, 108, 0, 5.66%, 0, 0, 4, 20776.44, 2787277, 245
138, 4, 10, 137, 107, 0, 5.66%, 0, 0, 4, 20115.32, 2878254, 245
143, 4, 10, 137, 106, 0, 5.66%, 0, 0, 4, 19478.05, 2971760, 245
148, 4, 43, 137, 106, 0, 5.66%, 0, 0, 4, 22621.25, 3086566, 245
153, 4, 6, 137, 105, 0, 5.66%, 0, 0, 4, 20528.20, 3184263, 245
158, 4, 6, 137, 104, 0, 5.66%, 0, 0, 4, 21772.03, 3291646, 245
163, 5, 48, 137, 104, 0, 5.66%, 0, 0, 4, 20152.70, 3386763, 245
168, 5, 10, 137, 103, 0, 5.66%, 0, 0, 4, 22806.48, 3502262, 245
173, 5, 10, 137, 101, 0, 5.66%, 0, 0, 4, 19999.83, 3598018, 245
178, 5, 6, 137, 100, 0, 5.66%, 0, 0, 4, 23497.08, 3718486, 245
183, 5, 43, 137, 100, 0, 5.66%, 0, 0, 4, 20933.32, 3819770, 245
189, 6, 33, 137, 100, 0, 5.66%, 0, 0, 4, 21441.55, 3932251, 245
194, 6, 2, 137, 100, 0, 5.66%, 0, 0, 4, 19481.81, 4025414, 245
199, 6, 12, 137, 99, 0, 5.66%, 0, 0, 4, 21364.20, 4132291, 245
204, 6, 10, 137, 97, 0, 5.66%, 0, 0, 4, 20129.89, 4230455, 245
209, 6, 7, 137, 97, 0, 5.66%, 0, 0, 4, 21447.09, 4347271, 245
214, 7, 33, 137, 97, 0, 5.66%, 0, 0, 4, 22541.38, 4457897, 245
219, 7, 78, 137, 97, 0, 5.66%, 0, 0, 4, 20789.11, 4564691, 245
225, 7, 101, 137, 97, 0, 5.66%, 0, 0, 4, 21484.52, 4673516, 245
230, 7, 115, 137, 95, 0, 5.66%, 0, 0, 4, 16807.04, 4765164, 245
235, 8, 87, 137, 93, 0, 5.66%, 0, 0, 4, 22514.52, 4881493, 245
240, 8, 2, 137, 92, 0, 5.66%, 0, 0, 4, 20832.01, 4989030, 245
245, 8, 10, 137, 92, 0, 5.66%, 0, 0, 4, 20978.26, 5094031, 245
250, 8, 80, 137, 92, 0, 5.66%, 0, 0, 4, 19731.27, 5197524, 245
255, 8, 32, 137, 92, 0, 5.66%, 0, 0, 4, 20045.99, 5304300, 245
260, 9, 33, 137, 92, 0, 5.66%, 0, 0, 4, 19754.21, 5406309, 245
266, 9, 2, 137, 92, 0, 5.66%, 0, 0, 4, 21769.33, 5520687, 245
271, 9, 7, 137, 91, 0, 5.66%, 0, 0, 4, 20035.34, 5629738, 245
276, 9, 6, 137, 90, 0, 5.66%, 0, 0, 4, 20474.60, 5736689, 245
281, 10, 10, 137, 89, 0, 5.66%, 0, 0, 4, 19361.06, 5837454, 245
286, 10, 76, 137, 87, 0, 5.66%, 0, 0, 4, 22778.66, 5956848, 245
291, 10, 6, 137, 87, 0, 5.66%, 0, 0, 4, 20744.14, 6060634, 245
297, 10, 2, 137, 87, 0, 5.66%, 0, 0, 4, 21872.95, 6175597, 245
302, 11, 76, 166, 115, 0, 5.66%, 0, 0, 4, 19067.22, 6275846, 245
307, 11, 33, 166, 115, 0, 5.66%, 0, 0, 4, 22225.17, 6390851, 245
312, 11, 10, 166, 115, 0, 5.66%, 0, 0, 4, 20908.02, 6494854, 245
317, 11, 33, 166, 113, 0, 5.66%, 0, 0, 4, 20641.54, 6600549, 245
322, 11, 33, 166, 113, 0, 5.66%, 0, 0, 4, 22039.75, 6710906, 245
327, 11, 6, 166, 113, 0, 5.66%, 0, 0, 4, 21974.91, 6823857, 245
333, 11, 7, 166, 112, 0, 5.66%, 0, 0, 4, 21200.45, 6932536, 245
338, 12, 7, 166, 112, 0, 5.66%, 0, 0, 4, 24669.56, 7057306, 245
343, 12, 10, 166, 110, 0, 5.66%, 0, 0, 4, 22817.07, 7176661, 245
348, 12, 2, 166, 110, 0, 5.66%, 0, 0, 4, 25698.81, 7315033, 245
353, 12, 6, 166, 110, 0, 5.66%, 0, 0, 4, 22597.85, 7425007, 245
358, 12, 10, 166, 109, 0, 5.66%, 0, 0, 4, 24284.58, 7549537, 245
363, 12, 10, 166, 109, 0, 5.66%, 0, 0, 4, 20595.66, 7646165, 245
368, 13, 79, 166, 108, 0, 5.66%, 0, 0, 4, 24276.90, 7777193, 245
373, 13, 10, 166, 107, 0, 5.66%, 0, 0, 4, 22820.92, 7891113, 245
379, 13, 2, 166, 106, 0, 5.66%, 0, 0, 4, 21112.38, 7991256, 245
384, 13, 10, 166, 106, 0, 5.66%, 0, 0, 4, 20643.43, 8094050, 245
389, 13, 10, 166, 106, 0, 5.66%, 0, 0, 4, 23390.73, 8221179, 245
394, 13, 2, 166, 106, 0, 5.66%, 0, 0, 4, 23493.81, 8329605, 245
399, 14, 33, 167, 106, 0, 5.66%, 0, 0, 4, 23686.58, 8454009, 245
404, 14, 7, 167, 106, 0, 5.66%, 0, 0, 4, 21483.07, 8557701, 245
409, 14, 10, 167, 106, 0, 5.66%, 0, 0, 4, 21600.94, 8668666, 245
414, 14, 33, 167, 106, 0, 5.66%, 0, 0, 4, 21077.03, 8771875, 245
419, 14, 10, 167, 106, 0, 5.66%, 0, 0, 4, 21842.25, 8890480, 245
425, 14, 33, 167, 105, 0, 5.66%, 0, 0, 4, 21500.44, 8998786, 245
430, 15, 33, 167, 105, 0, 5.66%, 0, 0, 4, 21958.68, 9116539, 245
435, 15, 2, 167, 104, 0, 5.66%, 0, 0, 4, 19218.73, 9211973, 245
440, 15, 6, 167, 104, 0, 5.66%, 0, 0, 4, 20722.90, 9324988, 245
445, 15, 33, 167, 104, 0, 5.66%, 0, 0, 4, 21151.81, 9431453, 245
450, 15, 86, 167, 104, 0, 5.66%, 0, 0, 4, 20823.85, 9540011, 245
455, 15, 33, 167, 103, 0, 5.66%, 0, 0, 4, 22526.84, 9657565, 245
460, 16, 43, 167, 103, 0, 5.66%, 0, 0, 4, 22622.91, 9778946, 245
466, 16, 33, 167, 103, 0, 5.66%, 0, 0, 4, 22099.73, 9890251, 245
471, 16, 33, 167, 102, 0, 5.66%, 0, 0, 4, 19241.32, 9991209, 245
476, 16, 152, 167, 102, 0, 5.66%, 0, 0, 4, 15691.31, 10074231, 245
481, 16, 78, 167, 101, 0, 5.66%, 0, 0, 4, 18449.46, 10186846, 245
486, 16, 10, 167, 101, 0, 5.66%, 0, 0, 4, 23061.67, 10304554, 245
491, 17, 33, 167, 101, 0, 5.66%, 0, 0, 4, 21412.01, 10412027, 245
496, 17, 33, 167, 101, 0, 5.66%, 0, 0, 4, 22470.85, 10523469, 245
502, 17, 33, 167, 100, 0, 5.66%, 0, 0, 4, 20973.31, 10631594, 245
507, 17, 33, 167, 99, 0, 5.66%, 0, 0, 4, 23200.96, 10754707, 245
512, 17, 75, 167, 99, 0, 5.66%, 0, 0, 4, 19938.00, 10855640, 245
517, 17, 37, 167, 98, 0, 5.66%, 0, 0, 4, 21766.66, 10971348, 245
522, 18, 17, 167, 97, 0, 5.66%, 0, 0, 4, 19704.21, 11070664, 245
527, 18, 2, 167, 96, 0, 5.66%, 0, 0, 4, 22999.56, 11195719, 245
532, 18, 10, 167, 96, 0, 5.66%, 0, 0, 4, 22317.97, 11307560, 245
538, 18, 10, 167, 96, 0, 5.66%, 0, 0, 4, 24050.97, 11434993, 245
543, 18, 33, 167, 95, 0, 5.66%, 0, 0, 4, 21344.96, 11534480, 245
548, 18, 10, 167, 95, 0, 5.66%, 0, 0, 4, 23469.64, 11666793, 245
553, 19, 33, 167, 95, 0, 5.66%, 0, 0, 4, 19884.34, 11761365, 245
558, 19, 10, 167, 95, 0, 5.66%, 0, 0, 4, 20873.61, 11866918, 245
563, 19, 43, 167, 95, 0, 5.66%, 0, 0, 4, 19602.35, 11965087, 245
568, 19, 10, 167, 95, 0, 5.66%, 0, 0, 4, 22534.54, 12081258, 245
573, 19, 6, 167, 95, 0, 5.66%, 0, 0, 4, 21393.15, 12191593, 245
579, 19, 33, 167, 95, 0, 5.66%, 0, 0, 4, 23622.01, 12315949, 245
584, 20, 6, 167, 95, 0, 5.66%, 0, 0, 4, 23971.91, 12430129, 245
589, 20, 6, 167, 95, 0, 5.66%, 0, 0, 4, 22102.78, 12545675, 245
594, 20, 33, 167, 95, 0, 5.66%, 0, 0, 4, 21277.19, 12646009, 245
599, 20, 33, 167, 95, 0, 5.66%, 0, 0, 4, 21713.32, 12757058, 245
604, 20, 2, 167, 95, 0, 5.66%, 0, 0, 4, 20436.24, 12852469, 245
609, 20, 10, 167, 95, 0, 5.66%, 0, 0, 4, 19786.27, 12961397, 245
614, 20, 2, 167, 95, 0, 5.66%, 0, 0, 4, 18594.09, 13052316, 245
620, 21, 33, 167, 95, 0, 5.66%, 0, 0, 4, 20715.79, 13163955, 245
625, 21, 2, 167, 95, 0, 5.66%, 0, 0, 4, 20653.98, 13266832, 245
630, 21, 33, 167, 95, 0, 5.66%, 0, 0, 4, 20838.11, 13375841, 245
635, 21, 10, 167, 93, 0, 5.66%, 0, 0, 4, 20815.09, 13475799, 245
640, 21, 33, 168, 94, 0, 5.66%, 0, 0, 4, 22171.58, 13593759, 245
645, 21, 33, 168, 94, 0, 5.66%, 0, 0, 4, 21892.17, 13703960, 245
650, 22, 6, 168, 94, 0, 5.66%, 0, 0, 4, 19115.70, 13804846, 245
655, 22, 75, 168, 94, 0, 5.66%, 0, 0, 4, 20935.41, 13909282, 245
661, 22, 32, 168, 94, 0, 5.66%, 0, 0, 4, 21765.73, 14030522, 245
666, 22, 2, 168, 94, 0, 5.66%, 0, 0, 4, 21408.83, 14143387, 245
671, 22, 33, 168, 94, 0, 5.66%, 0, 0, 4, 21470.59, 14252257, 245
676, 23, 43, 168, 93, 0, 5.66%, 0, 0, 4, 18686.72, 14347733, 245
681, 23, 33, 168, 93, 0, 5.66%, 0, 0, 4, 18987.07, 14450918, 245
686, 23, 2, 168, 93, 0, 5.66%, 0, 0, 4, 21272.08, 14563444, 245
691, 23, 7, 168, 93, 0, 5.66%, 0, 0, 4, 19019.04, 14661600, 245
696, 23, 33, 170, 95, 0, 5.66%, 0, 0, 4, 22456.44, 14778885, 245
701, 23, 33, 170, 94, 0, 5.66%, 0, 0, 4, 19286.87, 14880344, 245
706, 23, 2, 170, 94, 0, 5.66%, 0, 0, 4, 21535.80, 14991759, 245
711, 24, 33, 170, 93, 0, 5.66%, 0, 0, 4, 21727.25, 15103674, 245
717, 24, 2, 170, 93, 0, 5.66%, 0, 0, 4, 22840.77, 15218441, 245
722, 24, 10, 170, 93, 0, 5.66%, 0, 0, 4, 19522.07, 15320399, 245
727, 24, 33, 170, 93, 0, 5.66%, 0, 0, 4, 22377.41, 15436440, 245
732, 24, 2, 170, 93, 0, 5.66%, 0, 0, 4, 18733.97, 15531609, 245
737, 24, 75, 170, 93, 0, 5.66%, 0, 0, 4, 18667.59, 15625188, 245
742, 25, 33, 170, 93, 0, 5.66%, 0, 0, 4, 19104.52, 15729825, 245
747, 25, 33, 170, 93, 0, 5.66%, 0, 0, 4, 21314.53, 15843380, 245
753, 25, 6, 170, 93, 0, 5.66%, 0, 0, 4, 19900.97, 15949320, 245
758, 25, 6, 170, 93, 0, 5.66%, 0, 0, 4, 21563.31, 16063489, 245
763, 25, 10, 170, 93, 0, 5.66%, 0, 0, 4, 21932.82, 16169429, 245
768, 25, 6, 170, 93, 0, 5.66%, 0, 0, 4, 22494.28, 16282506, 245
773, 26, 33, 170, 93, 0, 5.66%, 0, 0, 4, 20003.78, 16376481, 245
778, 26, 2, 170, 92, 0, 5.66%, 0, 0, 4, 21710.97, 16488004, 245
783, 26, 33, 170, 92, 0, 5.66%, 0, 0, 4, 19924.14, 16584212, 245
789, 26, 33, 170, 92, 0, 5.66%, 0, 0, 4, 21958.19, 16698738, 245
794, 26, 10, 170, 92, 0, 5.66%, 0, 0, 4, 18887.85, 16791505, 245
799, 26, 79, 170, 92, 0, 5.66%, 0, 0, 4, 21180.74, 16897155, 245
804, 27, 33, 170, 92, 0, 5.66%, 0, 0, 4, 21238.71, 16998195, 245
809, 27, 33, 170, 92, 0, 5.66%, 0, 0, 4, 22836.83, 17112604, 245
814, 27, 10, 170, 92, 0, 5.66%, 0, 0, 4, 22840.12, 17224604, 245
819, 27, 10, 170, 92, 0, 5.66%, 0, 0, 4, 23813.93, 17346461, 245
825, 27, 10, 170, 92, 0, 5.66%, 0, 0, 4, 21378.68, 17449272, 245
830, 27, 6, 170, 92, 0, 5.66%, 0, 0, 4, 20849.52, 17558512, 245
835, 28, 21, 170, 92, 0, 5.66%, 0, 0, 4, 22039.66, 17669678, 245
840, 28, 17, 170, 92, 0, 5.66%, 0, 0, 4, 19596.53, 17774378, 245
845, 28, 6, 170, 92, 0, 5.66%, 0, 0, 4, 21099.39, 17879035, 245
850, 28, 33, 170, 92, 0, 5.66%, 0, 0, 4, 19276.48, 17982475, 245
855, 28, 33, 170, 92, 0, 5.66%, 0, 0, 4, 18266.41, 18075861, 245
861, 28, 32, 170, 92, 0, 5.66%, 0, 0, 4, 19259.31, 18177649, 245
866, 28, 32, 170, 92, 0, 5.66%, 0, 0, 4, 21165.68, 18285145, 245
871, 29, 27, 170, 91, 0, 5.66%, 0, 0, 4, 18490.57, 18380736, 245
876, 29, 169, 170, 91, 0, 5.66%, 0, 0, 4, 12115.86, 18438457, 245
881, 29, 33, 170, 90, 0, 5.66%, 0, 0, 4, 17157.29, 18542816, 245
886, 29, 80, 170, 90, 0, 5.66%, 0, 0, 4, 19834.56, 18646152, 245
891, 29, 10, 170, 90, 0, 5.66%, 0, 0, 4, 18138.70, 18746934, 245
896, 29, 33, 170, 90, 0, 5.66%, 0, 0, 4, 21797.45, 18864012, 245
902, 29, 21, 170, 90, 0, 5.66%, 0, 0, 4, 19495.72, 18965210, 245
907, 30, 33, 170, 90, 0, 5.66%, 0, 0, 4, 23495.92, 19091599, 245
912, 30, 33, 170, 90, 0, 5.66%, 0, 0, 4, 19792.55, 19187982, 245
917, 30, 2, 170, 88, 0, 5.66%, 0, 0, 4, 18813.04, 19278273, 245
922, 30, 6, 170, 88, 0, 5.66%, 0, 0, 4, 20412.71, 19384326, 245
927, 30, 2, 170, 88, 0, 5.66%, 0, 0, 4, 22436.50, 19499233, 245
932, 30, 2, 170, 88, 0, 5.66%, 0, 0, 4, 21822.42, 19617547, 245
938, 31, 2, 170, 88, 0, 5.66%, 0, 0, 4, 23005.64, 19739897, 245
943, 31, 2, 170, 88, 0, 5.66%, 0, 0, 4, 19170.11, 19836905, 245
948, 31, 10, 170, 88, 0, 5.66%, 0, 0, 4, 21856.64, 19946830, 245
953, 31, 33, 170, 88, 0, 5.66%, 0, 0, 4, 21301.62, 20053518, 245
958, 31, 10, 170, 88, 0, 5.66%, 0, 0, 4, 21782.74, 20166208, 245
963, 31, 2, 170, 88, 0, 5.66%, 0, 0, 4, 21571.76, 20276228, 245
968, 32, 33, 170, 88, 0, 5.66%, 0, 0, 4, 21389.66, 20388393, 245
973, 32, 21, 170, 88, 0, 5.66%, 0, 0, 4, 21386.08, 20489574, 245
979, 32, 33, 170, 88, 0, 5.66%, 0, 0, 4, 21447.92, 20599457, 245
984, 32, 10, 170, 88, 0, 5.66%, 0, 0, 4, 19777.65, 20692042, 245
989, 32, 2, 170, 88, 0, 5.66%, 0, 0, 4, 22293.71, 20803727, 245
994, 32, 2, 170, 87, 0, 5.66%, 0, 0, 4, 20059.14, 20893748, 245
999, 33, 2, 170, 87, 0, 5.66%, 0, 0, 4, 21933.04, 21014386, 245
1004, 33, 7, 170, 87, 0, 5.66%, 0, 0, 4, 20284.38, 21115129, 245
1009, 33, 33, 170, 87, 0, 5.66%, 0, 0, 4, 22126.75, 21226279, 245
1014, 33, 33, 170, 87, 0, 5.66%, 0, 0, 4, 21110.11, 21325411, 245
1019, 33, 6, 170, 86, 0, 5.66%, 0, 0, 4, 22441.58, 21436839, 245
1024, 33, 2, 170, 86, 0, 5.66%, 0, 0, 4, 21347.53, 21541234, 245
1030, 34, 10, 170, 86, 0, 5.66%, 0, 0, 4, 20447.31, 21649239, 245
1035, 34, 33, 170, 86, 0, 5.66%, 0, 0, 4, 19088.27, 21747897, 245
1040, 34, 10, 170, 86, 0, 5.66%, 0, 0, 4, 18855.06, 21847172, 245
1045, 34, 10, 170, 86, 0, 5.66%, 0, 0, 4, 19499.24, 21947335, 245
1050, 34, 2, 170, 86, 0, 5.66%, 0, 0, 4, 19737.79, 22053175, 245
1055, 34, 17, 170, 86, 0, 5.66%, 0, 0, 4, 23140.30, 22167956, 245
1060, 35, 33, 170, 86, 0, 5.66%, 0, 0, 4, 21973.56, 22286039, 245
1066, 35, 10, 170, 86, 0, 5.66%, 0, 0, 4, 20529.07, 22387257, 245
1071, 35, 10, 170, 85, 0, 5.66%, 0, 0, 4, 19245.88, 22490431, 245
1076, 35, 37, 170, 85, 0, 5.66%, 0, 0, 4, 21077.18, 22598121, 245
1081, 35, 33, 170, 85, 0, 5.66%, 0, 0, 4, 19590.10, 22702087, 245
1086, 35, 33, 170, 85, 0, 5.66%, 0, 0, 4, 23868.07, 22821887, 245
1091, 36, 2, 170, 85, 0, 5.66%, 0, 0, 4, 21498.41, 22929876, 245
1096, 36, 10, 170, 84, 0, 5.66%, 0, 0, 4, 17293.86, 23013302, 245
1101, 36, 10, 170, 84, 0, 5.66%, 0, 0, 4, 19012.45, 23119928, 245
1106, 36, 33, 170, 83, 0, 5.66%, 0, 0, 4, 21299.16, 23225999, 245
1112, 36, 10, 170, 83, 0, 5.66%, 0, 0, 4, 18386.60, 23317566, 245
1117, 36, 119, 170, 83, 0, 5.66%, 0, 0, 4, 18872.76, 23419322, 245
1122, 36, 10, 170, 80, 0, 5.66%, 0, 0, 4, 17605.44, 23513241, 245
1127, 37, 7, 170, 80, 0, 5.66%, 0, 0, 4, 23057.06, 23632506, 245
1132, 37, 78, 170, 80, 0, 5.66%, 0, 0, 4, 20151.94, 23737278, 245
1137, 37, 33, 170, 80, 0, 5.66%, 0, 0, 4, 22839.32, 23859513, 245
1143, 37, 33, 170, 80, 0, 5.66%, 0, 0, 4, 19990.32, 23958218, 245
1148, 37, 6, 170, 80, 0, 5.66%, 0, 0, 4, 22848.35, 24080708, 245
1153, 37, 33, 170, 80, 0, 5.66%, 0, 0, 4, 20901.90, 24179816, 245
1158, 38, 33, 170, 80, 0, 5.66%, 0, 0, 4, 20338.54, 24288288, 245
1163, 38, 33, 170, 80, 0, 5.66%, 0, 0, 4, 19419.29, 24384412, 245
1168, 38, 10, 170, 80, 0, 5.66%, 0, 0, 4, 22945.98, 24508417, 245
1173, 38, 10, 170, 79, 0, 5.66%, 0, 0, 4, 20109.63, 24603587, 245
1178, 38, 2, 170, 78, 0, 5.66%, 0, 0, 4, 21441.75, 24714980, 245
1183, 38, 78, 170, 78, 0, 5.66%, 0, 0, 4, 19890.51, 24811490, 245
1189, 39, 10, 170, 78, 0, 5.66%, 0, 0, 4, 20688.00, 24921801, 245
1194, 39, 21, 170, 78, 0, 5.66%, 0, 0, 4, 20760.52, 25022180, 245
1199, 39, 10, 170, 78, 0, 5.66%, 0, 0, 4, 23823.05, 25145996, 245
1204, 39, 21, 170, 78, 0, 5.66%, 0, 0, 4, 22139.10, 25250780, 245
1209, 39, 10, 170, 78, 0, 5.66%, 0, 0, 4, 21304.51, 25363975, 245
1214, 39, 33, 170, 77, 0, 5.66%, 0, 0, 4, 18874.12, 25457783, 245
1219, 40, 2, 170, 77, 0, 5.66%, 0, 0, 4, 19798.87, 25561112, 245
1224, 40, 10, 170, 77, 0, 5.66%, 0, 0, 4, 20888.58, 25660236, 245
1230, 40, 2, 170, 77, 0, 5.66%, 0, 0, 4, 19947.44, 25768238, 245
1235, 40, 10, 170, 77, 0, 5.66%, 0, 0, 4, 19691.37, 25865967, 245
1240, 40, 2, 170, 77, 0, 5.66%, 0, 0, 4, 20030.72, 25970959, 245
1245, 40, 6, 170, 76, 0, 5.66%, 0, 0, 4, 19789.66, 26068223, 245
1250, 40, 33, 170, 76, 0, 5.66%, 0, 0, 4, 19740.99, 26172763, 245
1255, 41, 10, 170, 76, 0, 5.66%, 0, 0, 4, 21387.61, 26277221, 245
1260, 41, 62, 170, 76, 0, 5.66%, 0, 0, 4, 20238.97, 26387572, 245
1265, 41, 10, 170, 75, 0, 5.66%, 0, 0, 4, 21617.89, 26493784, 245
1270, 41, 33, 170, 75, 0, 5.66%, 0, 0, 4, 20272.03, 26602720, 245
1276, 41, 2, 170, 75, 0, 5.66%, 0, 0, 4, 20459.85, 26706980, 245
1281, 41, 79, 170, 75, 0, 5.66%, 0, 0, 4, 19440.19, 26813093, 245
1286, 42, 79, 170, 75, 0, 5.66%, 0, 0, 4, 21944.40, 26923712, 245
1291, 42, 7, 170, 75, 0, 5.66%, 0, 0, 4, 19714.18, 27026058, 245
1296, 42, 33, 170, 75, 0, 5.66%, 0, 0, 4, 23514.20, 27145303, 245
1301, 42, 2, 170, 75, 0, 5.66%, 0, 0, 4, 20268.74, 27248770, 245
1306, 42, 37, 170, 75, 0, 5.66%, 0, 0, 4, 20103.30, 27348550, 245
1312, 42, 10, 170, 75, 0, 5.66%, 0, 0, 4, 19338.53, 27451796, 245
1317, 43, 33, 170, 74, 0, 5.66%, 0, 0, 4, 22206.05, 27562890, 245
1322, 43, 10, 170, 74, 0, 5.66%, 0, 0, 4, 21046.75, 27669326, 245
1327, 43, 37, 170, 74, 0, 5.66%, 0, 0, 4, 21314.50, 27780527, 245
1332, 43, 33, 170, 74, 0, 5.66%, 0, 0, 4, 19693.48, 27882881, 245
1337, 43, 78, 170, 74, 0, 5.66%, 0, 0, 4, 19940.06, 27983469, 245
1342, 43, 32, 170, 74, 0, 5.66%, 0, 0, 4, 19499.37, 28082193, 245
1347, 44, 7, 170, 74, 0, 5.66%, 0, 0, 4, 22728.79, 28202473, 245
1353, 44, 37, 170, 74, 0, 5.66%, 0, 0, 4, 18914.87, 28296889, 245
1358, 44, 2, 170, 74, 0, 5.66%, 0, 0, 4, 22217.43, 28416617, 245
1363, 44, 2, 170, 74, 0, 5.66%, 0, 0, 4, 20577.72, 28515329, 245
1368, 44, 10, 170, 74, 0, 5.66%, 0, 0, 4, 22188.73, 28636266, 245
1373, 44, 10, 170, 74, 0, 5.66%, 0, 0, 4, 20924.42, 28737889, 245
1378, 45, 43, 170, 74, 0, 5.66%, 0, 0, 4, 22441.47, 28851957, 245
1383, 45, 10, 170, 73, 0, 5.66%, 0, 0, 4, 18647.92, 28941158, 245
1389, 45, 6, 170, 73, 0, 5.66%, 0, 0, 4, 20904.76, 29053402, 245
1394, 45, 2, 170, 73, 0, 5.66%, 0, 0, 4, 18746.37, 29143858, 245
1399, 45, 33, 170, 73, 0, 5.66%, 0, 0, 4, 21372.39, 29253123, 245
1404, 45, 10, 170, 72, 0, 5.66%, 0, 0, 4, 19446.54, 29345072, 245
1409, 46, 80, 170, 72, 0, 5.66%, 0, 0, 4, 21003.41, 29457228, 245
1414, 46, 33, 170, 72, 0, 5.66%, 0, 0, 4, 21418.80, 29569447, 245
1420, 46, 10, 170, 72, 0, 5.66%, 0, 0, 4, 21316.12, 29681333, 245
1425, 46, 33, 170, 71, 0, 5.66%, 0, 0, 4, 21298.15, 29788441, 245
1430, 46, 33, 170, 71, 0, 5.66%, 0, 0, 4, 20288.97, 29892701, 245
1435, 46, 2, 170, 70, 0, 5.66%, 0, 0, 4, 20677.61, 29995245, 245
1440, 47, 10, 170, 70, 0, 5.66%, 0, 0, 4, 18562.91, 30093053, 245
1445, 47, 7, 170, 70, 0, 5.66%, 0, 0, 4, 20580.06, 30200611, 245
1450, 47, 6, 170, 70, 0, 5.66%, 0, 0, 4, 19099.18, 30303277, 245
1455, 47, 27, 170, 70, 0, 5.66%, 0, 0, 4, 18524.49, 30402164, 245
1461, 47, 10, 170, 70, 0, 5.66%, 0, 0, 4, 16998.81, 30491585, 245
1466, 47, 33, 170, 70, 0, 5.66%, 0, 0, 4, 18793.73, 30588811, 245
1471, 47, 7, 170, 70, 0, 5.66%, 0, 0, 4, 19968.42, 30699961, 245
1476, 48, 10, 170, 70, 0, 5.66%, 0, 0, 4, 23157.35, 30816868, 245
1481, 48, 33, 170, 69, 0, 5.66%, 0, 0, 4, 18976.17, 30916120, 245
1486, 48, 10, 170, 69, 0, 5.66%, 0, 0, 4, 20954.89, 31023986, 245
1491, 48, 33, 170, 69, 0, 5.66%, 0, 0, 4, 18989.67, 31122009, 245
1497, 48, 2, 170, 69, 0, 5.66%, 0, 0, 4, 19371.44, 31222147, 245
1502, 48, 10, 170, 69, 0, 5.66%, 0, 0, 4, 19638.24, 31330321, 245
1507, 49, 33, 170, 69, 0, 5.66%, 0, 0, 4, 20485.25, 31436979, 245
1512, 49, 2, 170, 69, 0, 5.66%, 0, 0, 4, 22121.74, 31549790, 245
1517, 49, 33, 170, 69, 0, 5.66%, 0, 0, 4, 19232.10, 31645845, 245
1522, 49, 33, 170, 69, 0, 5.66%, 0, 0, 4, 20475.28, 31752922, 245
1527, 49, 33, 170, 69, 0, 5.66%, 0, 0, 4, 22319.94, 31871401, 245
1533, 50, 2, 170, 69, 0, 5.66%, 0, 0, 4, 20468.69, 31976598, 245
1538, 50, 2, 170, 69, 0, 5.66%, 0, 0, 4, 20755.60, 32086448, 245
1543, 50, 95, 170, 69, 0, 5.66%, 0, 0, 4, 16585.83, 32173531, 245
1548, 50, 10, 170, 68, 0, 5.66%, 0, 0, 4, 21580.23, 32291156, 245
1553, 50, 33, 170, 68, 0, 5.66%, 0, 0, 4, 20950.55, 32395449, 245
1558, 50, 33, 170, 68, 0, 5.66%, 0, 0, 4, 23948.01, 32518522, 245
1564, 50, 33, 170, 68, 0, 5.66%, 0, 0, 4, 21774.47, 32618522, 245
1569, 51, 2, 170, 68, 0, 5.66%, 0, 0, 4, 22350.72, 32738807, 245
1574, 51, 37, 170, 68, 0, 5.66%, 0, 0, 4, 20095.93, 32843632, 245
1579, 51, 33, 170, 68, 0, 5.66%, 0, 0, 4, 20639.65, 32950950, 245
1584, 51, 6, 170, 68, 0, 5.66%, 0, 0, 4, 20538.81, 33054547, 245
1589, 51, 33, 170, 68, 0, 5.66%, 0, 0, 4, 21278.72, 33167670, 245
1595, 51, 10, 170, 68, 0, 5.66%, 0, 0, 4, 20414.52, 33269246, 245
1600, 52, 10, 170, 68, 0, 5.66%, 0, 0, 4, 22017.02, 33387284, 245
1605, 52, 2, 170, 67, 0, 5.66%, 0, 0, 4, 20091.82, 33487704, 245
1610, 52, 10, 170, 67, 0, 5.66%, 0, 0, 4, 20838.85, 33601910, 245
1615, 52, 33, 170, 66, 0, 5.66%, 0, 0, 4, 21744.23, 33712593, 245
1620, 52, 10, 170, 66, 0, 5.66%, 0, 0, 4, 19541.76, 33815338, 245
1625, 52, 6, 170, 66, 0, 5.66%, 0, 0, 4, 23529.91, 33932860, 245
1631, 53, 10, 170, 66, 0, 5.66%, 0, 0, 4, 21478.60, 34047637, 245
1636, 53, 2, 170, 66, 0, 5.66%, 0, 0, 4, 18209.40, 34141836, 245
1641, 53, 76, 170, 66, 0, 5.66%, 0, 0, 4, 18524.83, 34243919, 245
1646, 53, 33, 170, 65, 0, 5.66%, 0, 0, 4, 19463.27, 34343795, 245
1651, 53, 2, 170, 65, 0, 5.66%, 0, 0, 4, 19425.97, 34450918, 245
1656, 53, 33, 170, 65, 0, 5.66%, 0, 0, 4, 20597.58, 34558406, 245
1662, 54, 2, 170, 65, 0, 5.66%, 0, 0, 4, 20605.12, 34671714, 245
1667, 54, 33, 170, 65, 0, 5.66%, 0, 0, 4, 21840.73, 34784316, 245
1672, 54, 6, 170, 65, 0, 5.66%, 0, 0, 4, 21617.48, 34891876, 245
1677, 54, 6, 170, 65, 0, 5.66%, 0, 0, 4, 23633.52, 35011669, 245
1682, 54, 21, 170, 65, 0, 5.66%, 0, 0, 4, 20160.34, 35111592, 245
1687, 54, 6, 170, 65, 0, 5.66%, 0, 0, 4, 21499.92, 35228550, 245
1692, 55, 33, 170, 64, 0, 5.66%, 0, 0, 4, 18818.17, 35323244, 245
1698, 55, 21, 170, 63, 0, 5.66%, 0, 0, 4, 20605.38, 35429820, 245
1703, 55, 33, 170, 62, 0, 5.66%, 0, 0, 4, 19579.14, 35527101, 245
1708, 55, 21, 170, 61, 0, 5.66%, 0, 0, 4, 22671.26, 35640460, 245
1713, 55, 10, 170, 61, 0, 5.66%, 0, 0, 4, 18705.58, 35729933, 245
1718, 55, 6, 170, 60, 0, 5.66%, 0, 0, 4, 20163.81, 35832083, 245
1723, 56, 33, 170, 60, 0, 5.66%, 0, 0, 4, 20202.68, 35932081, 245
1728, 56, 33, 170, 60, 0, 5.66%, 0, 0, 4, 22846.59, 36046963, 245
1733, 56, 33, 170, 60, 0, 5.66%, 0, 0, 4, 20441.55, 36148834, 245
1739, 56, 33, 170, 60, 0, 5.66%, 0, 0, 4, 21141.13, 36260939, 245
1744, 56, 27, 170, 60, 0, 5.66%, 0, 0, 4, 20169.72, 36360003, 245
1749, 56, 10, 170, 60, 0, 5.66%, 0, 0, 4, 20975.72, 36469826, 245
1754, 57, 33, 170, 60, 0, 5.66%, 0, 0, 4, 18091.49, 36559735, 245
1759, 57, 2, 170, 60, 0, 5.66%, 0, 0, 4, 18653.57, 36654643, 245
1764, 57, 33, 170, 60, 0, 5.66%, 0, 0, 4, 20953.83, 36755031, 245
1769, 57, 33, 170, 60, 0, 5.66%, 0, 0, 4, 21185.35, 36864118, 245
1775, 57, 2, 170, 60, 0, 5.66%, 0, 0, 4, 21521.76, 36964055, 245
1780, 57, 33, 170, 60, 0, 5.66%, 0, 0, 4, 20333.49, 37072413, 245
1785, 57, 32, 170, 60, 0, 5.66%, 0, 0, 4, 22188.27, 37187703, 245
1790, 58, 33, 170, 60, 0, 5.66%, 0, 0, 4, 20189.92, 37297562, 245
1795, 58, 10, 170, 59, 0, 5.66%, 0, 0, 4, 19722.73, 37391840, 245
1800, 58, 43, 170, 59, 0, 5.66%, 0, 0, 4, 20493.28, 37504667, 245
1805, 58, 33, 170, 59, 0, 5.66%, 0, 0, 4, 20436.69, 37606453, 245
1810, 58, 2, 170, 59, 0, 5.66%, 0, 0, 4, 20349.32, 37708458, 245
1816, 58, 33, 170, 59, 0, 5.66%, 0, 0, 4, 19260.28, 37806966, 245
1821, 59, 6, 170, 59, 0, 5.66%, 0, 0, 4, 18736.85, 37909640, 245
1826, 59, 10, 170, 59, 0, 5.66%, 0, 0, 4, 21266.21, 38019420, 245
1831, 59, 33, 170, 59, 0, 5.66%, 0, 0, 4, 22789.95, 38140996, 245
1836, 59, 10, 170, 58, 0, 5.66%, 0, 0, 4, 21532.82, 38247717, 245
1841, 59, 79, 170, 58, 0, 5.66%, 0, 0, 4, 20938.54, 38358344, 245
1846, 59, 7, 170, 58, 0, 5.66%, 0, 0, 4, 22563.47, 38473089, 245
1852, 60, 33, 170, 58, 0, 5.66%, 0, 0, 4, 19134.29, 38573025, 245
1857, 60, 10, 170, 57, 0, 5.66%, 0, 0, 4, 21209.42, 38683789, 245
1862, 60, 10, 170, 57, 0, 5.66%, 0, 0, 4, 17812.23, 38774359, 245
1867, 60, 10, 170, 57, 0, 5.66%, 0, 0, 4, 21868.96, 38891621, 245
1872, 60, 6, 170, 57, 0, 5.66%, 0, 0, 4, 19324.93, 38987806, 245
1877, 60, 6, 170, 57, 0, 5.66%, 0, 0, 4, 19387.33, 39084730, 245
1882, 61, 102, 170, 57, 0, 5.66%, 0, 0, 4, 17692.10, 39175708, 245
1887, 61, 33, 170, 56, 0, 5.66%, 0, 0, 4, 23329.01, 39301053, 245
1893, 61, 2, 170, 56, 0, 5.66%, 0, 0, 4, 20259.56, 39406326, 245
1898, 61, 10, 170, 56, 0, 5.66%, 0, 0, 4, 21517.20, 39523413, 245
1903, 61, 6, 170, 55, 0, 5.66%, 0, 0, 4, 18265.96, 39609027, 245
1908, 61, 2, 170, 55, 0, 5.66%, 0, 0, 4, 23455.59, 39731123, 245
1913, 62, 37, 170, 55, 0, 5.66%, 0, 0, 4, 19802.12, 39827229, 245
1918, 62, 6, 170, 55, 0, 5.66%, 0, 0, 4, 22337.99, 39950252, 245
1924, 62, 33, 170, 54, 0, 5.66%, 0, 0, 4, 20251.53, 40049990, 245
1929, 62, 6, 170, 53, 0, 5.66%, 0, 0, 4, 21934.21, 40154735, 245
1934, 62, 33, 170, 53, 0, 5.66%, 0, 0, 4, 19226.44, 40250419, 245
1939, 62, 2, 170, 53, 0, 5.66%, 0, 0, 4, 20238.01, 40349947, 245
1944, 63, 10, 170, 53, 0, 5.66%, 0, 0, 4, 19952.18, 40443428, 245
1949, 63, 33, 170, 52, 0, 5.66%, 0, 0, 4, 23714.44, 40569172, 245
1954, 63, 33, 170, 51, 0, 5.66%, 0, 0, 4, 19586.44, 40659453, 245
1959, 63, 10, 170, 51, 0, 5.66%, 0, 0, 4, 20186.19, 40765205, 245
1965, 63, 10, 170, 51, 0, 5.66%, 0, 0, 4, 20977.26, 40867709, 245
1970, 63, 33, 170, 51, 0, 5.66%, 0, 0, 4, 19840.29, 40971746, 245
1975, 64, 76, 170, 51, 0, 5.66%, 0, 0, 4, 20055.83, 41074993, 245
1980, 64, 33, 170, 51, 0, 5.66%, 0, 0, 4, 19126.54, 41180888, 245
1985, 64, 76, 170, 51, 0, 5.66%, 0, 0, 4, 19818.81, 41283552, 245
1990, 64, 10, 170, 51, 0, 5.66%, 0, 0, 4, 19096.44, 41382540, 245
1995, 64, 33, 170, 51, 0, 5.66%, 0, 0, 4, 17563.40, 41477947, 245
2001, 64, 10, 170, 51, 0, 5.66%, 0, 0, 4, 18378.23, 41581644, 245
2006, 65, 33, 170, 50, 0, 5.66%, 0, 0, 4, 19998.59, 41682203, 245
2011, 65, 33, 170, 50, 0, 5.66%, 0, 0, 4, 18873.39, 41782335, 245
2016, 65, 6, 170, 50, 0, 5.66%, 0, 0, 4, 22954.83, 41906696, 245
2021, 65, 2, 170, 50, 0, 5.66%, 0, 0, 4, 18848.86, 42001693, 245
2026, 65, 10, 170, 50, 0, 5.66%, 0, 0, 4, 20195.71, 42100770, 245
2031, 65, 10, 170, 50, 0, 5.66%, 0, 0, 4, 18429.98, 42196641, 245
2037, 65, 33, 170, 50, 0, 5.66%, 0, 0, 4, 22302.82, 42311858, 245
2042, 66, 33, 170, 50, 0, 5.66%, 0, 0, 4, 18348.73, 42401963, 245
2047, 66, 33, 170, 50, 0, 5.66%, 0, 0, 4, 21657.63, 42512214, 245
2052, 66, 21, 170, 50, 0, 5.66%, 0, 0, 4, 17509.45, 42601975, 245
2057, 66, 33, 170, 49, 0, 5.66%, 0, 0, 4, 18191.11, 42698426, 245
2062, 66, 7, 170, 49, 0, 5.66%, 0, 0, 4, 18284.82, 42796007, 245
2067, 66, 33, 170, 49, 0, 5.66%, 0, 0, 4, 23036.22, 42920204, 245
2072, 67, 33, 170, 49, 0, 5.66%, 0, 0, 4, 19495.52, 43023829, 245
2077, 67, 80, 170, 49, 0, 5.66%, 0, 0, 4, 25405.05, 43155997, 245
2083, 67, 33, 170, 49, 0, 5.66%, 0, 0, 4, 19988.63, 43250321, 245
2088, 67, 2, 170, 49, 0, 5.66%, 0, 0, 4, 23196.14, 43366393, 245
2093, 67, 33, 170, 49, 0, 5.66%, 0, 0, 4, 21913.48, 43474502, 245
2098, 68, 21, 170, 49, 0, 5.66%, 0, 0, 4, 21407.64, 43579618, 245
2103, 68, 82, 170, 49, 0, 5.66%, 0, 0, 4, 19473.62, 43674139, 245
2108, 68, 2, 170, 48, 0, 5.66%, 0, 0, 4, 21288.24, 43787111, 245
2113, 68, 10, 170, 48, 0, 5.66%, 0, 0, 4, 19661.46, 43881646, 245
2118, 68, 2, 170, 48, 0, 5.66%, 0, 0, 4, 21394.71, 43984409, 245
2124, 68, 79, 170, 48, 0, 5.66%, 0, 0, 4, 19665.82, 44081784, 245
2129, 69, 33, 170, 47, 0, 5.66%, 0, 0, 4, 21084.21, 44189908, 245
2134, 69, 2, 170, 47, 0, 5.66%, 0, 0, 4, 21337.07, 44298614, 245
2139, 69, 6, 170, 47, 0, 5.66%, 0, 0, 4, 21663.71, 44412277, 245
2144, 69, 33, 170, 47, 0, 5.66%, 0, 0, 4, 19704.85, 44511856, 245
2149, 69, 2, 170, 47, 0, 5.66%, 0, 0, 4, 19821.36, 44619633, 245
2155, 69, 10, 170, 47, 0, 5.66%, 0, 0, 4, 20184.00, 44718747, 245
2160, 70, 2, 170, 46, 0, 5.66%, 0, 0, 4, 21625.25, 44826544, 245
2165, 70, 2, 170, 46, 0, 5.66%, 0, 0, 4, 19944.08, 44926033, 245
2170, 70, 6, 170, 46, 0, 5.66%, 0, 0, 4, 25341.41, 45054541, 245
2175, 70, 21, 170, 46, 0, 5.66%, 0, 0, 4, 20163.47, 45148632, 245
2180, 70, 2, 170, 46, 0, 5.66%, 0, 0, 4, 21389.40, 45268342, 245
2185, 70, 2, 170, 46, 0, 5.66%, 0, 0, 4, 19962.83, 45367205, 245
2191, 71, 33, 170, 46, 0, 5.66%, 0, 0, 4, 18336.81, 45464135, 245
2196, 71, 33, 170, 46, 0, 5.66%, 0, 0, 4, 20308.25, 45569030, 245
2201, 71, 33, 170, 46, 0, 5.66%, 0, 0, 4, 20150.68, 45681169, 245
2206, 71, 10, 170, 46, 0, 5.66%, 0, 0, 4, 20710.79, 45784148, 245
2211, 71, 2, 170, 46, 0, 5.66%, 0, 0, 4, 18745.76, 45885775, 245
2216, 71, 2, 170, 46, 0, 5.66%, 0, 0, 4, 21950.91, 46000808, 245
2221, 72, 10, 170, 46, 0, 5.66%, 0, 0, 4, 19112.13, 46098354, 245
2227, 72, 10, 170, 45, 0, 5.66%, 0, 0, 4, 22947.64, 46220274, 245
2232, 72, 33, 170, 45, 0, 5.66%, 0, 0, 4, 18144.79, 46310496, 245
2237, 72, 10, 170, 45, 0, 5.66%, 0, 0, 4, 17394.28, 46396368, 245
2242, 72, 7, 170, 45, 0, 5.66%, 0, 0, 4, 16538.85, 46485473, 245
2247, 72, 6, 170, 45, 0, 5.66%, 0, 0, 4, 22720.89, 46610995, 245
2252, 73, 2, 170, 45, 0, 5.66%, 0, 0, 4, 19112.95, 46706792, 245
2257, 73, 10, 170, 45, 0, 5.66%, 0, 0, 4, 20705.10, 46816408, 245
2262, 73, 33, 170, 45, 0, 5.66%, 0, 0, 4, 20628.11, 46916730, 245
2268, 73, 21, 170, 45, 0, 5.66%, 0, 0, 4, 22151.77, 47037273, 245
2273, 73, 33, 170, 45, 0, 5.66%, 0, 0, 4, 19447.59, 47128326, 245
2278, 73, 37, 170, 45, 0, 5.66%, 0, 0, 4, 23016.18, 47249883, 245
2283, 74, 6, 170, 45, 0, 5.66%, 0, 0, 4, 19268.82, 47343689, 245
2288, 74, 33, 170, 45, 0, 5.66%, 0, 0, 4, 21798.86, 47463900, 245
2293, 74, 43, 170, 45, 0, 5.66%, 0, 0, 4, 19168.93, 47554066, 245
2298, 74, 6, 170, 45, 0, 5.66%, 0, 0, 4, 20617.61, 47655764, 245
2303, 74, 6, 170, 45, 0, 5.66%, 0, 0, 4, 18991.29, 47743632, 245
2309, 74, 10, 170, 45, 0, 5.66%, 0, 0, 4, 21243.84, 47856922, 245
2314, 75, 6, 170, 45, 0, 5.66%, 0, 0, 4, 21589.58, 47961108, 245
2319, 75, 33, 170, 45, 0, 5.66%, 0, 0, 4, 23094.06, 48084292, 245
2324, 75, 33, 170, 45, 0, 5.66%, 0, 0, 4, 21180.27, 48188883, 245
2329, 75, 37, 170, 45, 0, 5.66%, 0, 0, 4, 20143.00, 48291350, 245
2334, 75, 2, 170, 45, 0, 5.66%, 0, 0, 4, 21846.46, 48399166, 245
2339, 75, 33, 170, 45, 0, 5.66%, 0, 0, 4, 22502.98, 48511939, 245
2345, 76, 2, 170, 45, 0, 5.66%, 0, 0, 4, 22571.37, 48621174, 245
2350, 76, 2, 170, 45, 0, 5.66%, 0, 0, 4, 20287.25, 48726231, 245
2355, 76, 10, 170, 45, 0, 5.66%, 0, 0, 4, 17826.63, 48821269, 245
2360, 76, 21, 170, 45, 0, 5.66%, 0, 0, 4, 18753.65, 48922268, 245
2365, 76, 33, 170, 45, 0, 5.66%, 0, 0, 4, 20001.52, 49024788, 245
2370, 76, 10, 170, 45, 0, 5.66%, 0, 0, 4, 19206.78, 49125482, 245
2376, 76, 2, 170, 45, 0, 5.66%, 0, 0, 4, 20725.67, 49228260, 245
2381, 77, 10, 170, 45, 0, 5.66%, 0, 0, 4, 19668.78, 49328929, 245
2386, 77, 33, 170, 45, 0, 5.66%, 0, 0, 4, 19392.84, 49428928, 245
2391, 77, 10, 170, 45, 0, 5.66%, 0, 0, 4, 19341.41, 49534131, 245
2396, 77, 10, 170, 45, 0, 5.66%, 0, 0, 4, 21413.19, 49649764, 245
2401, 77, 161, 170, 45, 0, 5.66%, 0, 0, 4, 6904.17, 49695108, 245
2406, 77, 6, 170, 44, 0, 5.66%, 0, 0, 4, 19088.91, 49806544, 245
2412, 77, 33, 170, 44, 0, 5.66%, 0, 0, 4, 18866.60, 49904841, 245
2417, 78, 33, 170, 44, 0, 5.66%, 0, 0, 4, 20164.19, 50012729, 245
2422, 78, 33, 170, 44, 0, 5.66%, 0, 0, 4, 18595.33, 50109307, 245
2427, 78, 2, 170, 43, 0, 5.66%, 0, 0, 4, 20594.10, 50221577, 245
2432, 78, 2, 170, 43, 0, 5.66%, 0, 0, 4, 18982.22, 50315324, 245
2437, 78, 33, 170, 43, 0, 5.66%, 0, 0, 4, 22150.69, 50428295, 245
2442, 78, 32, 170, 42, 0, 5.66%, 0, 0, 4, 20867.53, 50528911, 245
2448, 79, 2, 170, 42, 0, 5.66%, 0, 0, 4, 23053.11, 50648679, 245
2453, 79, 10, 170, 42, 0, 5.66%, 0, 0, 4, 20104.52, 50747486, 245
2458, 79, 75, 170, 42, 0, 5.66%, 0, 0, 4, 21409.75, 50856543, 245
2463, 79, 33, 170, 42, 0, 5.66%, 0, 0, 4, 19917.51, 50956875, 245
2468, 79, 10, 170, 42, 0, 5.66%, 0, 0, 4, 21843.87, 51070165, 245
2473, 79, 2, 170, 42, 0, 5.66%, 0, 0, 4, 20482.85, 51169696, 245
2478, 80, 2, 170, 42, 0, 5.66%, 0, 0, 4, 19027.34, 51265398, 245
2483, 80, 10, 170, 42, 0, 5.66%, 0, 0, 4, 18133.46, 51358027, 245
2489, 80, 33, 170, 42, 0, 5.66%, 0, 0, 4, 19663.03, 51461763, 245
2494, 80, 33, 170, 42, 0, 5.66%, 0, 0, 4, 19313.56, 51558961, 245
2499, 80, 10, 170, 42, 0, 5.66%, 0, 0, 4, 20738.72, 51666414, 245
2504, 80, 33, 170, 42, 0, 5.66%, 0, 0, 4, 19042.61, 51759696, 245
2509, 81, 2, 170, 42, 0, 5.66%, 0, 0, 4, 21522.02, 51875447, 245
2514, 81, 10, 170, 42, 0, 5.66%, 0, 0, 4, 19360.15, 51964495, 245
2519, 81, 10, 170, 42, 0, 5.66%, 0, 0, 4, 20608.18, 52074052, 245
2524, 81, 33, 170, 42, 0, 5.66%, 0, 0, 4, 19738.60, 52167138, 245
2529, 81, 33, 170, 42, 0, 5.66%, 0, 0, 4, 18875.15, 52268794, 245
2535, 81, 10, 170, 42, 0, 5.66%, 0, 0, 4, 17707.90, 52362283, 245
2540, 82, 33, 170, 42, 0, 5.66%, 0, 0, 4, 20161.39, 52463941, 245
2545, 82, 33, 170, 42, 0, 5.66%, 0, 0, 4, 21789.79, 52568893, 245
2550, 82, 21, 170, 42, 0, 5.66%, 0, 0, 4, 20943.26, 52676719, 245
2555, 82, 33, 170, 42, 0, 5.66%, 0, 0, 4, 22026.80, 52786515, 245
2560, 82, 6, 170, 42, 0, 5.66%, 0, 0, 4, 21748.92, 52901948, 245
2565, 82, 2, 170, 42, 0, 5.66%, 0, 0, 4, 20633.92, 53001669, 245
2570, 83, 2, 170, 42, 0, 5.66%, 0, 0, 4, 16583.91, 53085674, 245
2575, 83, 21, 170, 42, 0, 5.66%, 0, 0, 4, 21476.29, 53199948, 245
2581, 83, 43, 170, 42, 0, 5.66%, 0, 0, 4, 20534.14, 53310184, 245
2586, 83, 33, 170, 42, 0, 5.66%, 0, 0, 4, 23675.48, 53427768, 245
2591, 83, 152, 170, 42, 0, 5.66%, 0, 0, 4, 18575.68, 53522650, 245
2596, 83, 33, 170, 42, 0, 5.66%, 0, 0, 4, 18599.11, 53613623, 245
2601, 83, 43, 170, 42, 0, 5.66%, 0, 0, 4, 17976.39, 53712146, 245
2606, 84, 33, 170, 42, 0, 5.66%, 0, 0, 4, 19885.86, 53811338, 245
2611, 84, 33, 170, 42, 0, 5.66%, 0, 0, 4, 18969.98, 53908041, 245
2616, 84, 33, 170, 42, 0, 5.66%, 0, 0, 4, 19789.42, 54008585, 245
2622, 84, 43, 170, 42, 0, 5.66%, 0, 0, 4, 19135.06, 54113135, 245
2627, 84, 114, 170, 42, 0, 5.66%, 0, 0, 4, 16130.37, 54195596, 245
2632, 84, 33, 170, 41, 0, 5.66%, 0, 0, 4, 17520.18, 54290196, 245
2637, 85, 33, 170, 41, 0, 5.66%, 0, 0, 4, 20939.22, 54406925, 245
2642, 85, 33, 170, 41, 0, 5.66%, 0, 0, 4, 20124.35, 54510478, 245
2647, 85, 33, 170, 41, 0, 5.66%, 0, 0, 4, 24039.87, 54633596, 245
2652, 85, 21, 170, 41, 0, 5.66%, 0, 0, 4, 20871.41, 54735117, 245
2658, 85, 10, 170, 41, 0, 5.66%, 0, 0, 4, 20458.25, 54833948, 245
2663, 85, 6, 170, 41, 0, 5.66%, 0, 0, 4, 20507.17, 54936714, 245
2668, 86, 7, 170, 41, 0, 5.66%, 0, 0, 4, 21430.49, 55046530, 245
2673, 86, 10, 170, 41, 0, 5.66%, 0, 0, 4, 19967.63, 55146923, 245
2678, 86, 43, 170, 41, 0, 5.66%, 0, 0, 4, 22407.49, 55261093, 245
2683, 86, 60, 170, 41, 0, 5.66%, 0, 0, 4, 19987.15, 55360278, 245
2689, 86, 33, 170, 40, 0, 5.66%, 0, 0, 4, 22839.05, 55477876, 245
2694, 86, 10, 170, 40, 0, 5.66%, 0, 0, 4, 20785.22, 55584911, 245
2699, 87, 21, 170, 40, 0, 5.66%, 0, 0, 4, 22525.09, 55699510, 245
2704, 87, 10, 170, 40, 0, 5.66%, 0, 0, 4, 19854.28, 55791639, 245
2709, 87, 33, 170, 40, 0, 5.66%, 0, 0, 4, 23511.23, 55920728, 245
2714, 87, 10, 170, 40, 0, 5.66%, 0, 0, 4, 20375.76, 56018679, 245
2719, 87, 33, 170, 40, 0, 5.66%, 0, 0, 4, 20488.43, 56125941, 245
2724, 88, 33, 170, 40, 0, 5.66%, 0, 0, 4, 23184.61, 56236319, 245
2729, 88, 7, 170, 40, 0, 5.66%, 0, 0, 4, 22092.00, 56347814, 245
2735, 88, 33, 170, 40, 0, 5.66%, 0, 0, 4, 20686.61, 56447544, 245
2740, 88, 33, 170, 40, 0, 5.66%, 0, 0, 4, 19597.70, 56548379, 245
2745, 88, 33, 170, 40, 0, 5.66%, 0, 0, 4, 20882.46, 56653321, 245
2750, 88, 7, 170, 40, 0, 5.66%, 0, 0, 4, 19404.50, 56756625, 245
2755, 89, 79, 170, 40, 0, 5.66%, 0, 0, 4, 20514.15, 56861066, 245
2760, 89, 2, 170, 40, 0, 5.66%, 0, 0, 4, 19618.36, 56966018, 245
2766, 89, 17, 170, 40, 0, 5.66%, 0, 0, 4, 21863.24, 57079542, 245
2771, 89, 10, 170, 40, 0, 5.66%, 0, 0, 4, 19339.30, 57180344, 245
2776, 89, 2, 170, 40, 0, 5.66%, 0, 0, 4, 19482.65, 57279423, 245
2781, 89, 10, 170, 40, 0, 5.66%, 0, 0, 4, 19249.65, 57382628, 245
2786, 90, 17, 170, 40, 0, 5.66%, 0, 0, 4, 20490.66, 57489446, 245
2791, 90, 10, 170, 40, 0, 5.66%, 0, 0, 4, 18088.97, 57584270, 245
2797, 90, 33, 170, 40, 0, 5.66%, 0, 0, 4, 20718.84, 57697830, 245
2802, 90, 10, 170, 40, 0, 5.66%, 0, 0, 4, 17685.76, 57787362, 245
2807, 90, 2, 170, 40, 0, 5.66%, 0, 0, 4, 17213.69, 57875731, 245
2812, 90, 33, 170, 40, 0, 5.66%, 0, 0, 4, 11952.89, 57933050, 245
2817, 90, 10, 170, 40, 0, 5.66%, 0, 0, 4, 14247.91, 58005748, 245
2822, 90, 33, 170, 40, 0, 5.66%, 0, 0, 4, 15361.98, 58081679, 245
2827, 91, 10, 170, 40, 0, 5.66%, 0, 0, 4, 17633.69, 58169365, 245
2833, 91, 2, 170, 40, 0, 5.66%, 0, 0, 4, 19243.37, 58270864, 245
2838, 91, 10, 170, 40, 0, 5.66%, 0, 0, 4, 18143.02, 58360423, 245
2843, 91, 10, 170, 40, 0, 5.66%, 0, 0, 4, 17736.28, 58447550, 245
2848, 91, 6, 170, 40, 0, 5.66%, 0, 0, 4, 19570.32, 58548919, 245
2853, 91, 10, 170, 40, 0, 5.66%, 0, 0, 4, 19277.87, 58640044, 245
2858, 92, 78, 170, 40, 0, 5.66%, 0, 0, 4, 17414.53, 58728964, 245
2863, 92, 33, 170, 40, 0, 5.66%, 0, 0, 4, 18440.60, 58824948, 245
2868, 92, 6, 170, 39, 0, 5.66%, 0, 0, 4, 17936.96, 58908512, 245
2874, 92, 2, 170, 39, 0, 5.66%, 0, 0, 4, 19044.95, 59007196, 245
2879, 92, 10, 170, 39, 0, 5.66%, 0, 0, 4, 18560.46, 59107417, 245
2884, 92, 6, 170, 39, 0, 5.66%, 0, 0, 4, 14452.52, 59173801, 245
2889, 92, 6, 170, 39, 0, 5.66%, 0, 0, 4, 18461.19, 59278642, 245
2894, 93, 33, 170, 39, 0, 5.66%, 0, 0, 4, 17448.91, 59370054, 245
2899, 93, 10, 170, 39, 0, 5.66%, 0, 0, 4, 17169.80, 59454235, 245
2904, 93, 33, 170, 39, 0, 5.66%, 0, 0, 4, 14857.49, 59524180, 245
2909, 93, 7, 170, 39, 0, 5.66%, 0, 0, 4, 14314.92, 59598190, 245
2915, 93, 7, 170, 39, 0, 5.66%, 0, 0, 4, 10872.07, 59650309, 245
2920, 93, 89, 170, 39, 0, 5.66%, 0, 0, 4, 11831.14, 59713291, 245
2925, 93, 6, 170, 38, 0, 5.66%, 0, 0, 4, 12798.14, 59774894, 245
2930, 93, 10, 170, 38, 0, 5.66%, 0, 0, 4, 13018.65, 59848888, 245
2935, 93, 33, 170, 38, 0, 5.66%, 0, 0, 4, 13392.83, 59916115, 245
2940, 94, 33, 170, 38, 0, 5.66%, 0, 0, 4, 14111.00, 59998361, 245
2945, 94, 33, 170, 38, 0, 5.66%, 0, 0, 4, 15196.62, 60079003, 245
2951, 94, 10, 170, 38, 0, 5.66%, 0, 0, 4, 16274.72, 60166480, 245
2956, 94, 33, 170, 38, 0, 5.66%, 0, 0, 4, 14752.16, 60241443, 245
2961, 94, 10, 170, 38, 0, 5.66%, 0, 0, 4, 15937.19, 60325514, 245
2966, 94, 10, 170, 38, 0, 5.66%, 0, 0, 4, 16008.53, 60408428, 245
2971, 94, 27, 170, 38, 0, 5.66%, 0, 0, 4, 15022.17, 60486958, 245
2976, 95, 6, 170, 38, 0, 5.66%, 0, 0, 4, 14564.60, 60557971, 245
2981, 95, 10, 170, 38, 0, 5.66%, 0, 0, 4, 15377.79, 60642237, 245
2987, 95, 10, 170, 38, 0, 5.66%, 0, 0, 4, 16020.66, 60724753, 245
2992, 95, 2, 170, 38, 0, 5.66%, 0, 0, 4, 14312.03, 60803515, 245
2997, 95, 21, 170, 38, 0, 5.66%, 0, 0, 4, 17911.13, 60893498, 245
3002, 95, 7, 170, 38, 0, 5.66%, 0, 0, 4, 14886.61, 60965374, 245
3007, 95, 33, 170, 38, 0, 5.66%, 0, 0, 4, 15894.22, 61049349, 245
3012, 95, 21, 170, 38, 0, 5.66%, 0, 0, 4, 14069.59, 61125432, 245
3017, 96, 33, 170, 38, 0, 5.66%, 0, 0, 4, 14755.55, 61201253, 245
3022, 96, 33, 170, 38, 0, 5.66%, 0, 0, 4, 13516.99, 61272929, 245
3027, 96, 33, 170, 38, 0, 5.66%, 0, 0, 4, 18037.51, 61365343, 245
3032, 96, 10, 170, 38, 0, 5.66%, 0, 0, 4, 15600.83, 61441707, 245
3037, 96, 10, 170, 38, 0, 5.66%, 0, 0, 4, 16300.36, 61527402, 245
3043, 96, 78, 170, 38, 0, 5.66%, 0, 0, 4, 13137.06, 61596363, 245
3048, 96, 2, 170, 38, 0, 5.66%, 0, 0, 4, 17372.18, 61688692, 245
3053, 97, 7, 170, 38, 0, 5.66%, 0, 0, 4, 15928.19, 61773550, 245
3058, 97, 33, 170, 38, 0, 5.66%, 0, 0, 4, 16538.87, 61853772, 245
3063, 97, 10, 170, 38, 0, 5.66%, 0, 0, 4, 17015.50, 61939234, 245
3068, 97, 33, 170, 38, 0, 5.66%, 0, 0, 4, 15507.00, 62015776, 245
3073, 97, 33, 170, 38, 0, 5.66%, 0, 0, 4, 15676.12, 62085718, 245
3078, 97, 33, 170, 38, 0, 5.66%, 0, 0, 4, 18956.28, 62177240, 245
3083, 97, 33, 170, 38, 0, 5.66%, 0, 0, 4, 14455.66, 62245640, 245
3089, 97, 33, 170, 38, 0, 5.66%, 0, 0, 4, 15391.28, 62329481, 245
3094, 98, 2, 170, 38, 0, 5.66%, 0, 0, 4, 13324.59, 62398848, 245
3099, 98, 43, 170, 38, 0, 5.66%, 0, 0, 4, 16856.86, 62492656, 245
3104, 98, 33, 170, 38, 0, 5.66%, 0, 0, 4, 15779.82, 62569436, 245
3109, 98, 10, 170, 38, 0, 5.66%, 0, 0, 4, 16873.47, 62658366, 245
3114, 98, 10, 170, 38, 0, 5.66%, 0, 0, 4, 14389.50, 62723555, 245
3119, 98, 33, 170, 38, 0, 5.66%, 0, 0, 4, 13817.34, 62797702, 245
3124, 98, 33, 170, 38, 0, 5.66%, 0, 0, 4, 15772.77, 62876606, 245
3130, 98, 33, 170, 38, 0, 5.66%, 0, 0, 4, 19754.46, 62977796, 245
3135, 99, 10, 170, 38, 0, 5.66%, 0, 0, 4, 14424.59, 63042929, 245
3140, 99, 33, 170, 37, 0, 5.66%, 0, 0, 4, 14672.42, 63117311, 245
3145, 99, 10, 170, 37, 0, 5.66%, 0, 0, 4, 13909.78, 63184193, 245
3150, 99, 10, 170, 37, 0, 5.66%, 0, 0, 4, 15563.95, 63269564, 245
3155, 99, 33, 170, 37, 0, 5.66%, 0, 0, 4, 14877.94, 63342996, 245
3160, 99, 33, 170, 37, 0, 5.66%, 0, 0, 4, 14659.64, 63421991, 245
3165, 99, 21, 170, 37, 0, 5.66%, 0, 0, 4, 14935.03, 63495989, 245
3170, 99, 33, 170, 37, 0, 5.66%, 0, 0, 4, 14233.80, 63575702, 245
3176, 100, 33, 170, 37, 0, 5.66%, 0, 0, 4, 16205.62, 63656610, 245
3181, 100, 6, 170, 37, 0, 5.66%, 0, 0, 4, 15930.09, 63745187, 245
3186, 100, 10, 170, 37, 0, 5.66%, 0, 0, 4, 18285.98, 63836172, 245
3191, 100, 10, 170, 37, 0, 5.66%, 0, 0, 4, 14566.56, 63906891, 245
3196, 100, 33, 170, 37, 0, 5.66%, 0, 0, 4, 13025.36, 63970361, 245
3201, 100, 2, 170, 37, 0, 5.66%, 0, 0, 4, 14382.65, 64052155, 245
3206, 100, 33, 170, 37, 0, 5.66%, 0, 0, 4, 15277.35, 64135469, 245
3211, 101, 33, 170, 37, 0, 5.66%, 0, 0, 4, 15301.37, 64219164, 245
3216, 101, 79, 170, 35, 0, 5.66%, 0, 0, 4, 13902.42, 64286556, 245
3221, 101, 33, 170, 35, 0, 5.66%, 0, 0, 4, 12591.23, 64349004, 245
3227, 101, 33, 170, 35, 0, 5.66%, 0, 0, 4, 14802.25, 64425213, 245
3232, 101, 10, 170, 35, 0, 5.66%, 0, 0, 4, 14514.16, 64502134, 245
3237, 101, 2, 170, 35, 0, 5.66%, 0, 0, 4, 16728.01, 64590568, 245
3242, 101, 2, 170, 35, 0, 5.66%, 0, 0, 4, 13887.07, 64664582, 245
3247, 101, 6, 170, 35, 0, 5.66%, 0, 0, 4, 16273.00, 64747656, 245
3252, 101, 33, 170, 35, 0, 5.66%, 0, 0, 4, 15027.92, 64828502, 245
3258, 102, 33, 170, 35, 0, 5.66%, 0, 0, 4, 14977.73, 64900137, 245
3263, 102, 2, 170, 35, 0, 5.66%, 0, 0, 4, 15531.22, 64979252, 245
3268, 102, 7, 170, 35, 0, 5.66%, 0, 0, 4, 16842.24, 65066392, 245
3273, 102, 33, 170, 35, 0, 5.66%, 0, 0, 4, 13373.19, 65136443, 245
3278, 102, 2, 170, 35, 0, 5.66%, 0, 0, 4, 17415.68, 65227052, 245
3283, 102, 2, 170, 35, 0, 5.66%, 0, 0, 4, 16382.01, 65310343, 245
3288, 102, 6, 170, 35, 0, 5.66%, 0, 0, 4, 16427.76, 65396910, 245
3293, 102, 33, 170, 35, 0, 5.66%, 0, 0, 4, 13909.73, 65463657, 245
3298, 103, 6, 170, 35, 0, 5.66%, 0, 0, 4, 15341.34, 65543708, 245
3303, 103, 7, 170, 35, 0, 5.66%, 0, 0, 4, 14579.58, 65614982, 245
3309, 103, 76, 170, 35, 0, 5.66%, 0, 0, 4, 16127.75, 65698987, 245
3314, 103, 10, 170, 35, 0, 5.66%, 0, 0, 4, 14002.12, 65768973, 245
3319, 103, 10, 170, 35, 0, 5.66%, 0, 0, 4, 13885.25, 65834107, 245
3324, 103, 33, 170, 35, 0, 5.66%, 0, 0, 4, 12196.70, 65894906, 245
3329, 103, 6, 170, 35, 0, 5.66%, 0, 0, 4, 18726.88, 65987356, 245
3334, 104, 33, 170, 35, 0, 5.66%, 0, 0, 4, 18181.62, 66071223, 245
3339, 104, 33, 170, 35, 0, 5.66%, 0, 0, 4, 16374.03, 66152511, 245
3344, 104, 10, 170, 35, 0, 5.66%, 0, 0, 4, 15793.74, 66226437, 245
3349, 104, 33, 170, 35, 0, 5.66%, 0, 0, 4, 16427.89, 66307463, 245
3354, 104, 2, 170, 35, 0, 5.66%, 0, 0, 4, 17443.60, 66391696, 245
3359, 104, 33, 170, 35, 0, 5.66%, 0, 0, 4, 17216.16, 66482840, 245
3364, 104, 33, 170, 35, 0, 5.66%, 0, 0, 4, 17519.59, 66563256, 245
3370, 104, 10, 170, 35, 0, 5.66%, 0, 0, 4, 16715.96, 66645454, 245
3375, 105, 10, 170, 35, 0, 5.66%, 0, 0, 4, 12763.88, 66702923, 245
3380, 105, 10, 170, 35, 0, 5.66%, 0, 0, 4, 14788.12, 66782330, 245
3385, 105, 33, 170, 35, 0, 5.66%, 0, 0, 4, 14834.71, 66855959, 245
3390, 105, 10, 170, 35, 0, 5.66%, 0, 0, 4, 17849.42, 66950452, 245
3395, 105, 43, 170, 35, 0, 5.66%, 0, 0, 4, 14692.11, 67018734, 245
3400, 105, 32, 170, 35, 0, 5.66%, 0, 0, 4, 14879.29, 67095113, 245
3405, 105, 75, 170, 35, 0, 5.66%, 0, 0, 4, 16803.53, 67177285, 245
3410, 105, 2, 170, 35, 0, 5.66%, 0, 0, 4, 15269.46, 67256213, 245
3416, 106, 33, 170, 35, 0, 5.66%, 0, 0, 4, 16848.26, 67338840, 245
3421, 106, 79, 170, 35, 0, 5.66%, 0, 0, 4, 13188.74, 67406691, 245
3426, 106, 10, 170, 35, 0, 5.66%, 0, 0, 4, 14334.12, 67482292, 245
3431, 106, 10, 170, 35, 0, 5.66%, 0, 0, 4, 14328.13, 67561402, 245
3436, 106, 37, 170, 35, 0, 5.66%, 0, 0, 4, 12259.70, 67628925, 245
3441, 106, 10, 170, 35, 0, 5.66%, 0, 0, 4, 14610.19, 67711216, 245
3447, 106, 6, 170, 35, 0, 5.66%, 0, 0, 4, 16575.33, 67794084, 245
3452, 106, 10, 170, 35, 0, 5.66%, 0, 0, 4, 14527.73, 67869645, 245
3457, 107, 33, 170, 35, 0, 5.66%, 0, 0, 4, 16416.29, 67951372, 245
3462, 107, 33, 170, 35, 0, 5.66%, 0, 0, 4, 14320.65, 68027781, 245
3467, 107, 33, 170, 35, 0, 5.66%, 0, 0, 4, 17616.75, 68114965, 245
3472, 107, 32, 170, 35, 0, 5.66%, 0, 0, 4, 14147.26, 68188096, 245
3477, 107, 10, 170, 35, 0, 5.66%, 0, 0, 4, 15741.28, 68271652, 245
3482, 107, 10, 170, 35, 0, 5.66%, 0, 0, 4, 14782.58, 68344150, 245
3487, 107, 76, 170, 35, 0, 5.66%, 0, 0, 4, 16454.52, 68431941, 245
3493, 108, 10, 170, 35, 0, 5.66%, 0, 0, 4, 14630.11, 68508791, 245
3498, 108, 21, 170, 35, 0, 5.66%, 0, 0, 4, 15240.90, 68583141, 245
3503, 108, 33, 170, 35, 0, 5.66%, 0, 0, 4, 14222.35, 68653093, 245
3508, 108, 33, 170, 35, 0, 5.66%, 0, 0, 4, 17478.35, 68748630, 245
3513, 108, 6, 170, 35, 0, 5.66%, 0, 0, 4, 15166.55, 68823271, 245
3518, 108, 10, 170, 35, 0, 5.66%, 0, 0, 4, 15614.74, 68911239, 245
3523, 108, 6, 170, 35, 0, 5.66%, 0, 0, 4, 14858.68, 68982653, 245
3528, 108, 33, 170, 35, 0, 5.66%, 0, 0, 4, 16303.70, 69070533, 245
3534, 109, 10, 170, 35, 0, 5.66%, 0, 0, 4, 16459.22, 69148195, 245
3539, 109, 33, 170, 35, 0, 5.66%, 0, 0, 4, 17702.75, 69239558, 245
3544, 109, 43, 170, 35, 0, 5.66%, 0, 0, 4, 15740.13, 69318394, 245
3549, 109, 10, 170, 35, 0, 5.66%, 0, 0, 4, 18022.61, 69412850, 245
3554, 109, 33, 170, 35, 0, 5.66%, 0, 0, 4, 13661.93, 69474651, 245
3559, 109, 33, 170, 35, 0, 5.66%, 0, 0, 4, 15686.82, 69552728, 245
3564, 109, 33, 170, 35, 0, 5.66%, 0, 0, 4, 14468.83, 69620074, 245
3569, 110, 10, 170, 35, 0, 5.66%, 0, 0, 4, 14669.18, 69693629, 245
3574, 110, 43, 170, 35, 0, 5.66%, 0, 0, 4, 14563.54, 69758355, 245
3580, 110, 10, 170, 35, 0, 5.66%, 0, 0, 4, 16349.26, 69849652, 245
3585, 110, 33, 170, 35, 0, 5.66%, 0, 0, 4, 14728.73, 69920312, 245
3590, 110, 10, 170, 35, 0, 5.66%, 0, 0, 4, 15196.34, 69997400, 245
3595, 110, 75, 170, 35, 0, 5.66%, 0, 0, 4, 14996.50, 70070142, 245
3600, 110, 10, 170, 35, 0, 5.66%, 0, 0, 4, 15674.77, 70150342, 245
