# relative_time, cycles_done, cur_item, corpus_count, pending_total, pending_favs, map_size, saved_crashes, saved_hangs, max_depth, execs_per_sec, total_execs, edges_found
60, 0, 218, 230, 186, 0, 9.46%, 38, 0, 4, 15033.52, 1023729, 455
65, 0, 2, 233, 188, 0, 9.46%, 38, 0, 4, 17323.97, 1115352, 455
70, 0, 103, 233, 186, 0, 9.46%, 38, 0, 4, 14539.30, 1190490, 455
76, 0, 200, 233, 186, 0, 9.46%, 39, 0, 4, 16253.05, 1278667, 455
81, 0, 197, 239, 191, 0, 9.46%, 40, 0, 4, 14058.11, 1350338, 455
86, 0, 197, 241, 193, 0, 9.46%, 41, 0, 4, 13012.54, 1414208, 455
91, 0, 130, 241, 192, 0, 9.46%, 41, 0, 4, 16817.46, 1500455, 455
96, 0, 151, 242, 191, 0, 9.46%, 41, 0, 4, 17628.15, 1590784, 455
101, 0, 164, 242, 190, 0, 9.46%, 41, 0, 4, 14968.60, 1666966, 455
106, 0, 42, 243, 191, 0, 9.46%, 42, 0, 4, 16575.67, 1750576, 455
111, 0, 2, 244, 189, 0, 9.46%, 43, 0, 4, 14827.29, 1824128, 455
116, 0, 130, 245, 188, 0, 9.46%, 43, 0, 4, 16450.84, 1906839, 455
121, 0, 141, 245, 188, 0, 9.46%, 43, 0, 4, 15510.51, 1987414, 455
126, 0, 68, 245, 187, 0, 9.46%, 43, 0, 4, 16523.57, 2077011, 455
131, 0, 2, 246, 186, 0, 9.46%, 43, 0, 4, 17276.21, 2163171, 455
136, 0, 242, 249, 189, 0, 9.46%, 43, 0, 4, 15411.00, 2242848, 455
142, 0, 242, 251, 191, 0, 9.46%, 43, 0, 4, 11774.22, 2299486, 455
147, 0, 242, 251, 191, 0, 9.46%, 43, 0, 4, 11182.22, 2354758, 455
152, 0, 242, 251, 191, 0, 9.46%, 43, 0, 4, 10648.85, 2410214, 455
157, 0, 130, 252, 190, 0, 9.46%, 43, 0, 4, 15882.71, 2497694, 455
162, 0, 236, 253, 190, 0, 9.46%, 43, 0, 5, 15403.41, 2573189, 455
167, 0, 151, 253, 188, 0, 9.46%, 43, 0, 5, 16217.40, 2653707, 455
172, 0, 130, 253, 188, 0, 9.46%, 44, 0, 5, 17326.14, 2744482, 455
178, 0, 217, 254, 187, 0, 9.46%, 44, 0, 5, 17409.26, 2835474, 455
183, 0, 252, 261, 193, 0, 9.46%, 44, 0, 6, 11180.54, 2886601, 455
188, 0, 68, 261, 191, 0, 9.46%, 44, 0, 6, 12984.29, 2951073, 455
193, 0, 184, 261, 190, 0, 9.46%, 44, 0, 6, 14089.56, 3018969, 455
198, 0, 151, 261, 189, 0, 9.46%, 44, 0, 6, 15882.22, 3096281, 455
203, 1, 151, 261, 185, 0, 9.46%, 44, 0, 6, 16737.41, 3181198, 455
208, 1, 80, 261, 184, 0, 9.46%, 44, 0, 6, 16322.58, 3264264, 455
213, 1, 261, 264, 186, 0, 9.46%, 44, 0, 6, 14295.66, 3333787, 455
218, 1, 205, 266, 183, 0, 9.48%, 45, 0, 6, 15027.42, 3412275, 456
223, 1, 193, 266, 178, 0, 9.48%, 45, 0, 6, 16049.64, 3497772, 456
228, 1, 59, 267, 176, 0, 9.48%, 45, 0, 6, 17177.96, 3584902, 456
233, 1, 145, 268, 174, 0, 9.48%, 45, 0, 6, 14742.24, 3662495, 456
238, 1, 254, 271, 173, 0, 9.48%, 45, 0, 7, 12279.56, 3721972, 456
243, 1, 11, 272, 172, 0, 9.48%, 45, 0, 7, 12986.58, 3780959, 456
248, 1, 271, 274, 174, 0, 9.48%, 45, 0, 8, 8863.12, 3821339, 456
253, 1, 256, 274, 171, 0, 9.48%, 46, 0, 8, 12157.97, 3887460, 456
258, 1, 200, 275, 169, 0, 9.48%, 46, 0, 8, 13525.07, 3954497, 456
264, 1, 272, 278, 171, 0, 9.48%, 46, 0, 9, 10172.47, 4011504, 456
269, 1, 272, 278, 171, 0, 9.48%, 46, 0, 9, 8433.59, 4050290, 456
274, 1, 278, 282, 174, 0, 9.48%, 46, 0, 10, 10499.55, 4107634, 456
279, 1, 151, 283, 174, 0, 9.48%, 46, 0, 10, 14481.90, 4181619, 456
284, 1, 130, 283, 170, 0, 9.48%, 46, 0, 10, 15016.45, 4257889, 456
289, 1, 214, 283, 163, 0, 9.48%, 46, 0, 10, 15604.55, 4339487, 456
294, 1, 282, 284, 161, 0, 9.48%, 46, 0, 11, 13185.31, 4404017, 456
299, 1, 5, 285, 154, 0, 9.48%, 46, 0, 11, 14420.79, 4476586, 456
304, 1, 130, 285, 151, 0, 9.48%, 47, 0, 11, 14297.41, 4545913, 456
309, 1, 280, 286, 149, 0, 9.48%, 47, 0, 11, 13482.70, 4613037, 456
315, 1, 68, 288, 148, 0, 9.48%, 47, 0, 11, 13726.89, 4679833, 456
320, 1, 283, 291, 151, 0, 9.48%, 47, 0, 12, 12266.92, 4741135, 456
325, 1, 283, 294, 154, 0, 9.48%, 47, 0, 12, 10442.92, 4791848, 456
330, 1, 291, 296, 155, 0, 9.48%, 48, 0, 13, 10878.74, 4850938, 456
335, 1, 291, 297, 156, 0, 9.48%, 48, 0, 13, 9996.37, 4898311, 456
340, 1, 293, 297, 153, 0, 9.48%, 48, 0, 13, 11009.84, 4957539, 456
345, 1, 132, 297, 151, 0, 9.48%, 48, 0, 13, 12194.66, 5015794, 456
350, 1, 130, 297, 149, 0, 9.48%, 48, 0, 13, 15163.55, 5094020, 456
355, 1, 277, 298, 149, 0, 9.48%, 48, 0, 13, 10843.89, 5142574, 456
360, 1, 294, 299, 148, 0, 9.48%, 48, 0, 13, 10210.51, 5186502, 456
365, 1, 167, 299, 146, 0, 9.48%, 48, 0, 13, 11695.06, 5247818, 456
370, 1, 59, 299, 143, 0, 9.48%, 48, 0, 13, 13224.39, 5305058, 456
375, 1, 151, 300, 143, 0, 9.48%, 48, 0, 14, 14813.25, 5376055, 456
380, 1, 104, 300, 142, 0, 9.48%, 48, 0, 14, 16150.45, 5456909, 456
385, 1, 0, 300, 141, 0, 9.48%, 48, 0, 14, 15285.22, 5527848, 456
390, 1, 280, 300, 138, 0, 9.48%, 48, 0, 14, 13855.87, 5595792, 456
395, 1, 250, 301, 138, 0, 9.48%, 48, 0, 14, 11046.87, 5648420, 456
400, 1, 0, 301, 135, 0, 9.48%, 48, 0, 14, 14314.45, 5722385, 456
405, 1, 200, 301, 130, 0, 9.48%, 48, 0, 14, 15504.44, 5802104, 456
411, 2, 322, 327, 155, 0, 9.48%, 48, 0, 14, 2523.58, 5873112, 456
416, 2, 139, 327, 153, 0, 9.48%, 48, 0, 14, 6899.22, 5911376, 456
421, 2, 61, 327, 150, 0, 9.48%, 49, 0, 14, 11515.53, 5967443, 456
426, 2, 103, 327, 148, 0, 9.48%, 49, 0, 14, 15563.23, 6049311, 456
431, 2, 298, 328, 147, 0, 9.48%, 49, 0, 14, 16112.69, 6135576, 456
436, 2, 320, 328, 146, 0, 9.48%, 49, 0, 14, 10826.80, 6178733, 456
441, 2, 120, 328, 142, 0, 9.48%, 49, 0, 14, 13608.21, 6245749, 456
446, 2, 264, 328, 139, 0, 9.48%, 49, 0, 14, 13629.96, 6316434, 456
451, 2, 292, 328, 137, 0, 9.48%, 49, 0, 14, 10567.92, 6372973, 456
457, 2, 164, 330, 135, 0, 9.48%, 49, 0, 14, 14112.62, 6443841, 456
462, 2, 40, 330, 132, 0, 9.48%, 49, 0, 14, 14429.11, 6512453, 456
467, 2, 42, 330, 131, 0, 9.48%, 50, 0, 14, 13444.78, 6579087, 456
472, 2, 272, 330, 128, 0, 9.48%, 50, 0, 14, 10345.15, 6634137, 456
477, 2, 42, 330, 127, 0, 9.48%, 50, 0, 14, 13960.07, 6702070, 456
482, 2, 230, 330, 126, 0, 9.48%, 50, 0, 14, 12241.79, 6763851, 456
487, 2, 151, 330, 124, 0, 9.48%, 50, 0, 14, 9624.75, 6805480, 456
492, 2, 130, 330, 121, 0, 9.48%, 50, 0, 14, 11551.63, 6867804, 456
497, 2, 0, 330, 119, 0, 9.48%, 50, 0, 14, 12037.34, 6924448, 456
503, 2, 164, 330, 117, 0, 9.48%, 50, 0, 14, 13543.35, 6997232, 456
508, 2, 67, 330, 115, 0, 9.48%, 50, 0, 14, 12870.64, 7056088, 456
513, 2, 0, 330, 114, 0, 9.48%, 50, 0, 14, 9564.27, 7103013, 456
518, 2, 314, 330, 114, 0, 9.48%, 50, 0, 14, 10864.63, 7167935, 456
523, 2, 276, 330, 111, 0, 9.48%, 50, 0, 14, 7605.00, 7223061, 456
528, 2, 151, 330, 108, 0, 9.48%, 50, 0, 14, 14915.32, 7306297, 456
533, 2, 75, 330, 105, 0, 9.48%, 50, 0, 14, 15012.46, 7384543, 456
538, 2, 130, 330, 102, 0, 9.48%, 50, 0, 14, 15433.56, 7463293, 456
543, 2, 80, 330, 101, 0, 9.48%, 50, 0, 14, 16647.86, 7552580, 456
549, 2, 0, 330, 101, 0, 9.48%, 50, 0, 14, 14498.45, 7615491, 456
554, 2, 77, 330, 100, 0, 9.48%, 50, 0, 14, 15209.82, 7691562, 456
559, 2, 132, 330, 99, 0, 9.48%, 50, 0, 14, 15410.81, 7767139, 456
564, 2, 273, 330, 99, 0, 9.48%, 50, 0, 14, 10710.22, 7821145, 456
569, 2, 130, 330, 98, 0, 9.48%, 50, 0, 14, 12187.47, 7888819, 456
574, 2, 286, 330, 96, 0, 9.48%, 50, 0, 14, 14590.29, 7968671, 456
579, 2, 330, 331, 97, 0, 9.48%, 50, 0, 14, 9526.87, 8012914, 456
584, 2, 0, 332, 97, 0, 9.48%, 50, 0, 14, 12057.88, 8066367, 456
589, 2, 132, 332, 94, 0, 9.48%, 50, 0, 14, 12867.95, 8136451, 456
595, 2, 130, 332, 92, 0, 9.48%, 50, 0, 14, 15160.67, 8217192, 456
600, 2, 75, 332, 89, 0, 9.48%, 50, 0, 14, 14847.57, 8282232, 456
605, 2, 162, 333, 88, 0, 9.48%, 50, 0, 14, 13398.35, 8347206, 456
610, 2, 256, 333, 87, 0, 9.48%, 50, 0, 14, 12551.28, 8408045, 456
615, 2, 200, 333, 87, 0, 9.48%, 50, 0, 14, 13286.18, 8473305, 456
620, 2, 317, 333, 83, 0, 9.48%, 50, 0, 14, 16579.93, 8563637, 456
625, 2, 332, 333, 82, 0, 9.48%, 50, 0, 14, 15779.72, 8638647, 456
630, 3, 169, 338, 85, 0, 9.48%, 50, 0, 14, 15615.93, 8711019, 456
635, 3, 40, 338, 84, 0, 9.48%, 50, 0, 14, 15936.04, 8793153, 456
640, 3, 138, 338, 83, 0, 9.48%, 50, 0, 14, 15346.72, 8868433, 456
645, 3, 130, 338, 82, 0, 9.48%, 50, 0, 14, 15273.23, 8947669, 456
651, 3, 130, 338, 77, 0, 9.48%, 50, 0, 14, 16365.06, 9030978, 456
656, 3, 264, 338, 77, 0, 9.48%, 50, 0, 14, 13978.49, 9098650, 456
661, 3, 100, 338, 76, 0, 9.48%, 50, 0, 14, 14103.67, 9172080, 456
666, 3, 40, 338, 74, 0, 9.48%, 50, 0, 14, 14852.78, 9243775, 456
671, 3, 0, 338, 74, 0, 9.48%, 50, 0, 14, 15597.76, 9318665, 456
676, 3, 277, 338, 73, 0, 9.48%, 50, 0, 14, 13417.23, 9385514, 456
681, 3, 0, 338, 71, 0, 9.48%, 50, 0, 14, 13462.49, 9447273, 456
686, 3, 0, 338, 70, 0, 9.48%, 50, 0, 14, 16692.22, 9538094, 456
691, 3, 0, 338, 70, 0, 9.48%, 50, 0, 14, 16881.82, 9624000, 456
696, 3, 130, 338, 69, 0, 9.48%, 50, 0, 14, 16767.41, 9706010, 456
702, 3, 332, 338, 68, 0, 9.48%, 50, 0, 14, 14810.65, 9783379, 456
707, 3, 130, 338, 67, 0, 9.48%, 50, 0, 14, 14028.84, 9846100, 456
712, 3, 331, 338, 66, 0, 9.48%, 50, 0, 14, 12888.23, 9917900, 456
717, 3, 243, 338, 64, 0, 9.48%, 50, 0, 14, 15667.40, 9999425, 456
722, 3, 151, 338, 63, 0, 9.48%, 50, 0, 14, 15743.20, 10077197, 456
727, 3, 278, 338, 63, 0, 9.48%, 50, 0, 14, 15769.40, 10157594, 456
732, 3, 334, 338, 63, 0, 9.48%, 50, 0, 14, 14662.90, 10232616, 456
737, 3, 151, 338, 61, 0, 9.48%, 50, 0, 14, 12318.35, 10284403, 456
743, 3, 305, 338, 60, 0, 9.48%, 50, 0, 14, 13089.18, 10352418, 456
748, 3, 209, 338, 58, 0, 9.48%, 50, 0, 14, 13664.93, 10417104, 456
753, 3, 151, 338, 55, 0, 9.48%, 50, 0, 14, 15007.73, 10491587, 456
758, 3, 40, 338, 55, 0, 9.48%, 50, 0, 14, 16254.83, 10576976, 456
763, 3, 0, 338, 53, 0, 9.48%, 50, 0, 14, 16488.98, 10659012, 456
768, 3, 130, 338, 53, 0, 9.48%, 50, 0, 14, 16800.73, 10744295, 456
773, 3, 80, 339, 54, 0, 9.48%, 50, 0, 14, 15681.93, 10819699, 456
778, 3, 60, 340, 54, 0, 9.48%, 50, 0, 14, 15030.10, 10895852, 456
783, 3, 272, 341, 54, 0, 9.48%, 50, 0, 14, 15119.45, 10973768, 456
789, 3, 332, 341, 54, 0, 9.48%, 50, 0, 14, 10108.24, 11017212, 456
794, 3, 245, 341, 54, 0, 9.48%, 50, 0, 14, 9464.16, 11067743, 456
799, 3, 181, 341, 53, 0, 9.48%, 50, 0, 14, 11782.84, 11136991, 456
804, 3, 164, 341, 51, 0, 9.48%, 50, 0, 14, 14836.85, 11212392, 456
809, 3, 151, 341, 49, 0, 9.48%, 50, 0, 14, 13658.38, 11278069, 456
814, 3, 40, 341, 48, 0, 9.48%, 50, 0, 14, 14223.73, 11347297, 456
819, 3, 269, 341, 48, 0, 9.48%, 50, 0, 14, 13068.88, 11417881, 456
824, 3, 40, 341, 47, 0, 9.48%, 50, 0, 14, 12016.94, 11476153, 456
829, 4, 273, 345, 50, 0, 9.48%, 50, 0, 14, 10798.71, 11537669, 456
834, 4, 10, 345, 50, 0, 9.48%, 50, 0, 14, 15110.86, 11617660, 456
839, 4, 82, 345, 49, 0, 9.48%, 50, 0, 14, 15900.53, 11701271, 456
844, 4, 319, 345, 48, 0, 9.48%, 50, 0, 14, 12569.88, 11766192, 456
849, 4, 75, 345, 48, 0, 9.48%, 50, 0, 14, 14415.44, 11843498, 456
854, 4, 286, 346, 48, 0, 9.48%, 50, 0, 14, 9875.22, 11892822, 456
859, 4, 331, 347, 49, 0, 9.48%, 50, 0, 14, 11888.09, 11954333, 456
865, 4, 61, 347, 49, 0, 9.48%, 50, 0, 14, 12171.20, 12012039, 456
870, 4, 103, 347, 48, 0, 9.48%, 50, 0, 14, 15644.42, 12095554, 456
875, 4, 288, 347, 46, 0, 9.48%, 50, 0, 14, 13348.95, 12163009, 456
880, 4, 151, 347, 46, 0, 9.48%, 50, 0, 14, 15546.59, 12244308, 456
885, 4, 130, 348, 46, 0, 9.48%, 50, 0, 14, 14710.16, 12314373, 456
891, 4, 216, 348, 45, 0, 9.48%, 50, 0, 14, 14398.06, 12386329, 456
896, 4, 279, 348, 43, 0, 9.48%, 50, 0, 14, 11626.44, 12444363, 456
901, 4, 151, 348, 43, 0, 9.48%, 50, 0, 14, 15825.14, 12530059, 456
906, 4, 0, 348, 42, 0, 9.48%, 50, 0, 14, 15838.59, 12608080, 456
911, 4, 127, 348, 41, 0, 9.48%, 50, 0, 14, 13282.60, 12671580, 456
916, 4, 130, 348, 40, 0, 9.48%, 50, 0, 14, 12734.05, 12728671, 456
921, 4, 200, 348, 40, 0, 9.48%, 50, 0, 14, 15844.62, 12815022, 456
926, 4, 0, 348, 39, 0, 9.48%, 50, 0, 14, 14654.09, 12888398, 456
931, 4, 300, 348, 39, 0, 9.48%, 50, 0, 14, 15004.48, 12970309, 456
937, 4, 0, 348, 39, 0, 9.48%, 50, 0, 14, 15450.52, 13049646, 456
942, 4, 333, 348, 38, 0, 9.48%, 50, 0, 14, 2304.72, 13110994, 456
947, 4, 120, 348, 37, 0, 9.48%, 50, 0, 14, 11116.62, 13169419, 456
952, 4, 130, 348, 37, 0, 9.48%, 50, 0, 14, 14010.85, 13240281, 456
957, 4, 68, 348, 36, 0, 9.48%, 50, 0, 14, 11707.84, 13294889, 456
962, 4, 134, 348, 35, 0, 9.48%, 50, 0, 14, 10291.24, 13346974, 456
967, 4, 204, 348, 34, 0, 9.48%, 50, 0, 14, 11541.40, 13414017, 456
972, 4, 40, 348, 33, 0, 9.48%, 50, 0, 14, 15048.12, 13493032, 456
977, 4, 273, 348, 32, 0, 9.48%, 50, 0, 14, 11106.91, 13550438, 456
982, 4, 209, 348, 31, 0, 9.48%, 50, 0, 14, 13133.46, 13616430, 456
988, 4, 59, 348, 31, 0, 9.48%, 50, 0, 14, 16460.85, 13703693, 456
993, 4, 151, 348, 31, 0, 9.48%, 50, 0, 14, 16717.30, 13789241, 456
998, 4, 331, 348, 30, 0, 9.48%, 50, 0, 14, 12535.55, 13851996, 456
1003, 4, 75, 348, 28, 0, 9.48%, 50, 0, 14, 15387.56, 13934207, 456
1008, 4, 40, 348, 28, 0, 9.48%, 50, 0, 14, 11708.01, 13993724, 456
1013, 4, 151, 348, 28, 0, 9.48%, 50, 0, 14, 15556.23, 14079138, 456
1019, 4, 331, 348, 28, 0, 9.48%, 50, 0, 14, 11195.27, 14136564, 456
1024, 4, 249, 348, 28, 0, 9.48%, 50, 0, 14, 13168.25, 14203887, 456
1029, 4, 340, 348, 26, 0, 9.48%, 50, 0, 14, 11971.74, 14263489, 456
1034, 4, 169, 350, 27, 0, 9.48%, 50, 0, 14, 12957.45, 14322807, 456
1039, 4, 41, 350, 26, 0, 9.48%, 50, 0, 14, 11618.86, 14371421, 456
1044, 4, 60, 350, 26, 0, 9.48%, 50, 0, 14, 12673.61, 14437778, 456
1049, 4, 279, 350, 24, 0, 9.48%, 50, 0, 14, 15378.53, 14519563, 456
1054, 5, 203, 351, 25, 0, 9.48%, 50, 0, 14, 13105.56, 14583443, 456
1059, 5, 68, 351, 23, 0, 9.48%, 50, 0, 14, 14443.30, 14658663, 456
1064, 5, 151, 351, 23, 0, 9.48%, 50, 0, 14, 12048.11, 14718477, 456
1070, 5, 329, 351, 23, 0, 9.48%, 50, 0, 14, 15366.74, 14803297, 456
1075, 5, 336, 351, 23, 0, 9.48%, 50, 0, 14, 13702.45, 14870189, 456
1080, 5, 259, 351, 23, 0, 9.48%, 50, 0, 14, 13350.16, 14938545, 456
1085, 5, 33, 351, 23, 0, 9.48%, 50, 0, 14, 15112.05, 15017411, 456
1090, 5, 57, 351, 22, 0, 9.48%, 50, 0, 14, 13395.79, 15087858, 456
1095, 5, 240, 351, 22, 0, 9.48%, 50, 0, 14, 14512.42, 15165416, 456
1100, 5, 298, 351, 22, 0, 9.48%, 50, 0, 14, 11257.92, 15223453, 456
1105, 5, 349, 351, 20, 0, 9.48%, 50, 0, 14, 15324.95, 15303781, 456
1110, 5, 200, 351, 19, 0, 9.48%, 50, 0, 14, 15406.21, 15375199, 456
1115, 5, 75, 351, 19, 0, 9.48%, 50, 0, 14, 16207.59, 15457387, 456
1120, 5, 0, 351, 19, 0, 9.48%, 50, 0, 14, 14353.27, 15528026, 456
1125, 5, 285, 351, 18, 0, 9.48%, 50, 0, 14, 14973.96, 15605419, 456
1131, 5, 200, 351, 17, 0, 9.48%, 50, 0, 14, 12672.68, 15666920, 456
1136, 5, 96, 351, 17, 0, 9.48%, 50, 0, 14, 14366.75, 15738165, 456
1141, 5, 169, 351, 17, 0, 9.48%, 50, 0, 14, 11611.36, 15794170, 456
1146, 5, 40, 351, 16, 0, 9.48%, 50, 0, 14, 14940.35, 15873937, 456
1151, 5, 290, 351, 16, 0, 9.48%, 50, 0, 14, 11394.34, 15935602, 456
1156, 5, 277, 351, 16, 0, 9.48%, 50, 0, 14, 12584.74, 16001572, 456
1161, 5, 286, 351, 15, 0, 9.48%, 50, 0, 14, 12640.35, 16060848, 456
1166, 5, 151, 351, 15, 0, 9.48%, 50, 0, 14, 15454.24, 16139171, 456
1171, 5, 59, 351, 15, 0, 9.48%, 50, 0, 14, 16289.52, 16222626, 456
1177, 5, 145, 351, 15, 0, 9.48%, 50, 0, 14, 13067.89, 16289925, 456
1182, 5, 120, 351, 15, 0, 9.48%, 50, 0, 14, 15184.57, 16374119, 456
1187, 5, 151, 351, 14, 0, 9.48%, 50, 0, 14, 12433.80, 16435599, 456
1192, 5, 0, 351, 13, 0, 9.48%, 50, 0, 14, 15135.11, 16518389, 456
1197, 5, 281, 351, 13, 0, 9.48%, 50, 0, 14, 13918.62, 16588517, 456
1202, 5, 73, 351, 13, 0, 9.48%, 50, 0, 14, 15723.00, 16669890, 456
1207, 5, 42, 351, 13, 0, 9.48%, 50, 0, 14, 11911.27, 16724223, 456
1212, 5, 132, 351, 13, 0, 9.48%, 50, 0, 14, 14572.65, 16797532, 456
1217, 5, 130, 351, 13, 0, 9.48%, 50, 0, 14, 15320.72, 16873277, 456
1222, 5, 130, 351, 13, 0, 9.48%, 50, 0, 14, 15198.53, 16949649, 456
1228, 5, 325, 351, 13, 0, 9.48%, 50, 0, 14, 5916.01, 17009034, 456
1233, 5, 130, 351, 12, 0, 9.48%, 50, 0, 14, 13503.20, 17081416, 456
1238, 5, 320, 351, 12, 0, 9.48%, 50, 0, 14, 12691.04, 17150232, 456
1243, 5, 130, 351, 12, 0, 9.48%, 50, 0, 14, 15135.80, 17232919, 456
1248, 5, 200, 351, 12, 0, 9.48%, 50, 0, 14, 15914.20, 17310715, 456
1253, 5, 268, 351, 11, 0, 9.48%, 50, 0, 14, 14599.93, 17382801, 456
1258, 5, 200, 351, 11, 0, 9.48%, 50, 0, 14, 13220.93, 17447548, 456
1263, 6, 294, 351, 11, 0, 9.48%, 50, 0, 14, 12930.32, 17514656, 456
1268, 6, 166, 351, 11, 0, 9.48%, 50, 0, 14, 15507.36, 17592520, 456
1273, 6, 167, 351, 10, 0, 9.48%, 50, 0, 14, 16122.79, 17675664, 456
1278, 6, 130, 351, 10, 0, 9.48%, 50, 0, 14, 15017.43, 17751168, 456
1283, 6, 0, 351, 10, 0, 9.48%, 50, 0, 14, 13591.42, 17809898, 456
1289, 6, 151, 351, 10, 0, 9.48%, 50, 0, 14, 16488.81, 17898174, 456
1294, 6, 200, 351, 9, 0, 9.48%, 50, 0, 14, 16161.75, 17980950, 456
1299, 6, 130, 351, 9, 0, 9.48%, 50, 0, 14, 15498.32, 18056753, 456
1304, 6, 40, 351, 9, 0, 9.48%, 50, 0, 14, 12448.44, 18120748, 456
1309, 6, 223, 351, 9, 0, 9.48%, 50, 0, 14, 12732.66, 18184822, 456
1314, 6, 130, 351, 9, 0, 9.48%, 50, 0, 14, 13618.26, 18249923, 456
1319, 6, 200, 351, 9, 0, 9.48%, 50, 0, 14, 16007.39, 18335160, 456
1324, 6, 151, 351, 9, 0, 9.48%, 50, 0, 14, 12815.28, 18399388, 456
1329, 6, 40, 351, 9, 0, 9.48%, 50, 0, 14, 15375.83, 18481666, 456
1334, 6, 280, 351, 9, 0, 9.48%, 50, 0, 14, 15081.14, 18562114, 456
1339, 6, 0, 351, 9, 0, 9.48%, 50, 0, 14, 15876.59, 18643903, 456
1345, 6, 277, 351, 9, 0, 9.48%, 50, 0, 14, 11898.19, 18707913, 456
1350, 6, 132, 351, 9, 0, 9.48%, 50, 0, 14, 16065.40, 18797511, 456
1355, 6, 40, 351, 8, 0, 9.48%, 50, 0, 14, 16553.19, 18879355, 456
1360, 6, 40, 351, 8, 0, 9.48%, 50, 0, 14, 15903.72, 18956073, 456
1365, 6, 151, 351, 7, 0, 9.48%, 50, 0, 14, 15823.59, 19033471, 456
1370, 6, 169, 351, 7, 0, 9.48%, 50, 0, 14, 15247.11, 19105894, 456
1375, 6, 80, 351, 7, 0, 9.48%, 50, 0, 14, 14386.55, 19180677, 456
1380, 6, 185, 351, 7, 0, 9.48%, 50, 0, 14, 14248.72, 19259217, 456
1385, 6, 151, 351, 6, 0, 9.48%, 50, 0, 14, 15927.97, 19335906, 456
1390, 6, 40, 351, 6, 0, 9.48%, 50, 0, 14, 15134.70, 19414137, 456
1396, 6, 332, 351, 6, 0, 9.48%, 50, 0, 14, 14834.99, 19489098, 456
1401, 6, 0, 351, 6, 0, 9.48%, 50, 0, 14, 13064.85, 19551777, 456
1406, 6, 277, 351, 6, 0, 9.48%, 50, 0, 14, 10893.83, 19610917, 456
1411, 6, 132, 351, 6, 0, 9.48%, 50, 0, 14, 15541.27, 19695959, 456
1416, 6, 297, 351, 5, 0, 9.48%, 50, 0, 14, 14690.39, 19774969, 456
1421, 6, 130, 351, 5, 0, 9.48%, 50, 0, 14, 13509.02, 19840324, 456
1426, 6, 169, 351, 5, 0, 9.48%, 50, 0, 14, 16292.14, 19927680, 456
1431, 6, 41, 351, 5, 0, 9.48%, 50, 0, 14, 15271.11, 19999350, 456
1437, 6, 0, 351, 5, 0, 9.48%, 50, 0, 14, 16879.60, 20087388, 456
1442, 6, 98, 351, 4, 0, 9.48%, 50, 0, 14, 15157.01, 20160909, 456
1447, 6, 40, 351, 4, 0, 9.48%, 50, 0, 14, 16307.07, 20244751, 456
1452, 6, 42, 351, 4, 0, 9.48%, 50, 0, 14, 14292.88, 20319932, 456
1457, 6, 130, 351, 4, 0, 9.48%, 50, 0, 14, 15123.07, 20399380, 456
1462, 7, 151, 361, 12, 0, 9.48%, 50, 0, 14, 14201.29, 20473588, 456
1467, 7, 353, 361, 12, 0, 9.48%, 50, 0, 14, 6380.55, 20524934, 456
1473, 7, 293, 361, 11, 0, 9.48%, 50, 0, 14, 11398.42, 20590198, 456
1478, 7, 354, 361, 11, 0, 9.48%, 50, 0, 14, 9889.97, 20640517, 456
1483, 7, 260, 361, 10, 0, 9.48%, 50, 0, 14, 13647.78, 20712626, 456
1488, 7, 242, 361, 10, 0, 9.48%, 50, 0, 14, 11973.90, 20768579, 456
1493, 7, 73, 361, 10, 0, 9.48%, 50, 0, 14, 14072.31, 20837670, 456
1498, 7, 356, 361, 10, 0, 9.48%, 50, 0, 14, 10828.00, 20888816, 456
1503, 7, 75, 361, 9, 0, 9.48%, 50, 0, 14, 12923.39, 20950258, 456
1508, 7, 0, 361, 9, 0, 9.48%, 50, 0, 14, 13729.00, 21021618, 456
1514, 7, 256, 361, 9, 0, 9.48%, 50, 0, 14, 11404.32, 21083419, 456
1519, 7, 75, 361, 9, 0, 9.48%, 50, 0, 14, 11635.75, 21144851, 456
1524, 7, 40, 361, 9, 0, 9.48%, 50, 0, 14, 13170.56, 21213740, 456
1529, 7, 254, 361, 7, 0, 9.48%, 50, 0, 14, 14699.75, 21293627, 456
1534, 7, 200, 361, 7, 0, 9.48%, 50, 0, 14, 14583.17, 21363162, 456
1539, 7, 355, 361, 7, 0, 9.48%, 50, 0, 14, 7094.19, 21407078, 456
1544, 7, 40, 361, 6, 0, 9.48%, 50, 0, 14, 13565.41, 21482974, 456
1549, 7, 151, 361, 6, 0, 9.48%, 50, 0, 14, 13115.66, 21544836, 456
1554, 7, 130, 361, 6, 0, 9.48%, 50, 0, 14, 15413.36, 21629049, 456
1559, 7, 130, 361, 6, 0, 9.48%, 50, 0, 14, 15546.67, 21707596, 456
1564, 7, 273, 361, 6, 0, 9.48%, 50, 0, 14, 13724.45, 21779199, 456
1570, 7, 75, 361, 5, 0, 9.48%, 50, 0, 14, 14136.11, 21846233, 456
1575, 7, 41, 361, 5, 0, 9.48%, 50, 0, 14, 15452.82, 21925080, 456
1580, 7, 80, 361, 5, 0, 9.48%, 50, 0, 14, 15883.35, 22008175, 456
1585, 7, 325, 361, 5, 0, 9.48%, 51, 0, 14, 10470.42, 22056755, 456
1590, 7, 75, 361, 5, 0, 9.48%, 51, 0, 14, 11440.54, 22115125, 456
1595, 7, 330, 361, 5, 0, 9.48%, 51, 0, 14, 11030.58, 22175803, 456
1600, 7, 151, 361, 4, 0, 9.48%, 51, 0, 14, 14463.01, 22253324, 456
1605, 7, 132, 361, 4, 0, 9.48%, 51, 0, 14, 13330.01, 22317940, 456
1610, 7, 151, 361, 4, 0, 9.48%, 51, 0, 14, 15343.08, 22392610, 456
1615, 7, 82, 361, 4, 0, 9.48%, 51, 0, 14, 16439.70, 22475974, 456
1621, 7, 0, 361, 4, 0, 9.48%, 51, 0, 14, 13031.93, 22532674, 456
1626, 7, 290, 361, 4, 0, 9.48%, 51, 0, 14, 10632.02, 22583134, 456
1631, 7, 224, 361, 4, 0, 9.48%, 51, 0, 14, 14180.28, 22657686, 456
1636, 7, 151, 361, 4, 0, 9.48%, 51, 0, 14, 15937.32, 22742769, 456
1641, 7, 331, 361, 4, 0, 9.48%, 51, 0, 14, 12345.33, 22802680, 456
1646, 7, 0, 361, 4, 0, 9.48%, 51, 0, 14, 14399.55, 22878666, 456
1651, 7, 281, 361, 4, 0, 9.48%, 51, 0, 14, 14580.90, 22952838, 456
1657, 7, 41, 361, 4, 0, 9.48%, 51, 0, 14, 13495.14, 23023107, 456
1662, 7, 67, 361, 4, 0, 9.48%, 51, 0, 14, 12564.02, 23082601, 456
1667, 7, 167, 361, 4, 0, 9.48%, 51, 0, 14, 13498.33, 23147043, 456
1672, 8, 295, 363, 6, 0, 9.48%, 51, 0, 14, 12107.57, 23206850, 456
1677, 8, 361, 363, 6, 0, 9.48%, 51, 0, 14, 5513.43, 23260913, 456
1682, 8, 130, 363, 5, 0, 9.48%, 51, 0, 14, 11375.17, 23321796, 456
1687, 8, 200, 363, 4, 0, 9.48%, 51, 0, 14, 8324.16, 23370848, 456
1692, 8, 273, 363, 4, 0, 9.48%, 51, 0, 14, 14264.94, 23452405, 456
1697, 8, 300, 363, 4, 0, 9.48%, 51, 0, 14, 12073.79, 23507794, 456
1702, 8, 151, 363, 4, 0, 9.48%, 51, 0, 14, 12910.12, 23572780, 456
1707, 8, 288, 363, 3, 0, 9.48%, 51, 0, 14, 8035.87, 23618121, 456
1712, 8, 132, 363, 3, 0, 9.48%, 51, 0, 14, 14277.44, 23695698, 456
1717, 8, 151, 363, 3, 0, 9.48%, 51, 0, 14, 15767.89, 23777139, 456
1723, 8, 82, 363, 3, 0, 9.48%, 51, 0, 14, 16546.84, 23862360, 456
1728, 8, 200, 363, 3, 0, 9.48%, 51, 0, 14, 15404.40, 23939597, 456
1733, 8, 182, 363, 3, 0, 9.48%, 51, 0, 14, 14152.68, 24012704, 456
1738, 8, 40, 363, 3, 0, 9.48%, 51, 0, 14, 12714.81, 24077353, 456
1743, 8, 130, 363, 3, 0, 9.48%, 51, 0, 14, 11771.29, 24139513, 456
1748, 8, 298, 363, 3, 0, 9.48%, 51, 0, 14, 13059.35, 24209980, 456
1753, 8, 282, 363, 3, 0, 9.48%, 51, 0, 14, 13105.44, 24274040, 456
1758, 8, 0, 363, 3, 0, 9.48%, 51, 0, 14, 15683.63, 24357746, 456
1763, 8, 80, 363, 3, 0, 9.48%, 51, 0, 14, 14498.92, 24428964, 456
1768, 8, 167, 363, 3, 0, 9.48%, 51, 0, 14, 12502.13, 24494578, 456
1773, 8, 40, 363, 3, 0, 9.48%, 51, 0, 14, 12700.54, 24563212, 456
1778, 8, 40, 363, 3, 0, 9.48%, 51, 0, 14, 10991.06, 24618465, 456
1784, 8, 200, 363, 3, 0, 9.48%, 51, 0, 14, 14700.32, 24698924, 456
1789, 8, 0, 363, 3, 0, 9.48%, 51, 0, 14, 14593.05, 24772759, 456
1794, 8, 151, 363, 3, 0, 9.48%, 51, 0, 14, 16004.17, 24857151, 456
1799, 8, 300, 363, 3, 0, 9.48%, 51, 0, 14, 12991.21, 24924775, 456
1804, 8, 59, 363, 3, 0, 9.48%, 51, 0, 14, 14581.04, 24999666, 456
1809, 8, 151, 363, 3, 0, 9.48%, 51, 0, 14, 14008.14, 25060598, 456
1814, 8, 60, 363, 2, 0, 9.48%, 51, 0, 14, 13963.36, 25133065, 456
1819, 8, 75, 363, 2, 0, 9.48%, 51, 0, 14, 14769.36, 25206169, 456
1824, 8, 325, 363, 2, 0, 9.48%, 51, 0, 14, 12831.38, 25269489, 456
1830, 8, 75, 363, 2, 0, 9.48%, 51, 0, 14, 13408.87, 25329575, 456
1835, 8, 357, 363, 2, 0, 9.48%, 51, 0, 14, 13798.43, 25399758, 456
1840, 8, 221, 363, 2, 0, 9.48%, 51, 0, 14, 12914.38, 25457898, 456
1845, 8, 193, 363, 2, 0, 9.48%, 51, 0, 14, 15187.21, 25536996, 456
1850, 8, 357, 363, 2, 0, 9.48%, 51, 0, 14, 15193.57, 25615348, 456
1855, 8, 243, 363, 2, 0, 9.48%, 51, 0, 14, 13500.84, 25680392, 456
1860, 8, 282, 363, 2, 0, 9.48%, 51, 0, 14, 14793.33, 25758829, 456
1865, 8, 41, 363, 1, 0, 9.48%, 51, 0, 14, 14088.91, 25825326, 456
1870, 8, 247, 363, 1, 0, 9.48%, 51, 0, 14, 11331.86, 25883642, 456
1875, 9, 264, 363, 1, 0, 9.48%, 51, 0, 14, 14478.08, 25960980, 456
1880, 9, 348, 363, 1, 0, 9.48%, 51, 0, 14, 13544.49, 26029749, 456
1886, 9, 169, 363, 1, 0, 9.48%, 51, 0, 14, 13446.60, 26094150, 456
1891, 9, 125, 363, 1, 0, 9.48%, 51, 0, 14, 15486.23, 26178729, 456
1896, 9, 40, 363, 1, 0, 9.48%, 51, 0, 14, 13363.06, 26245220, 456
1901, 9, 258, 363, 1, 0, 9.48%, 51, 0, 14, 14601.04, 26323193, 456
1906, 9, 80, 363, 1, 0, 9.48%, 51, 0, 14, 15644.55, 26400803, 456
1911, 9, 297, 363, 1, 0, 9.48%, 51, 0, 14, 11678.45, 26462530, 456
1916, 9, 0, 363, 1, 0, 9.48%, 51, 0, 14, 14620.00, 26540079, 456
1921, 9, 264, 363, 1, 0, 9.48%, 51, 0, 14, 14398.81, 26609933, 456
1926, 9, 265, 363, 1, 0, 9.48%, 51, 0, 14, 14323.57, 26683906, 456
1931, 9, 276, 363, 1, 0, 9.48%, 51, 0, 14, 12622.32, 26752258, 456
1937, 9, 61, 363, 1, 0, 9.48%, 51, 0, 14, 13181.20, 26822406, 456
1942, 9, 151, 363, 1, 0, 9.48%, 51, 0, 14, 15821.25, 26909743, 456
1947, 9, 130, 363, 1, 0, 9.48%, 51, 0, 14, 15202.31, 26984866, 456
1952, 9, 294, 363, 1, 0, 9.48%, 51, 0, 14, 14789.51, 27055843, 456
1957, 9, 75, 363, 1, 0, 9.48%, 51, 0, 14, 15390.53, 27129911, 456
1962, 9, 205, 363, 1, 0, 9.48%, 51, 0, 14, 14259.82, 27202144, 456
1967, 9, 169, 363, 1, 0, 9.48%, 51, 0, 14, 11380.37, 27257515, 456
1972, 9, 75, 363, 1, 0, 9.48%, 51, 0, 14, 14185.69, 27328132, 456
1977, 9, 169, 363, 1, 0, 9.48%, 51, 0, 14, 14484.64, 27399943, 456
1982, 9, 229, 363, 1, 0, 9.48%, 51, 0, 14, 13207.96, 27462989, 456
1987, 9, 68, 363, 1, 0, 9.48%, 51, 0, 14, 13910.24, 27534910, 456
1992, 9, 361, 364, 2, 0, 9.48%, 51, 0, 14, 9595.57, 27579761, 456
1997, 9, 355, 364, 2, 0, 9.48%, 51, 0, 14, 9779.20, 27629474, 456
2002, 9, 130, 364, 2, 0, 9.48%, 51, 0, 14, 12948.27, 27691624, 456
2007, 9, 363, 365, 3, 0, 9.48%, 51, 0, 14, 3733.76, 27737831, 456
2012, 9, 363, 365, 3, 0, 9.48%, 51, 0, 14, 6991.22, 27778381, 456
2017, 9, 363, 365, 3, 0, 9.48%, 51, 0, 14, 6175.77, 27811415, 456
2023, 9, 133, 365, 2, 0, 9.48%, 51, 0, 14, 12030.47, 27884453, 456
2028, 9, 363, 365, 2, 0, 9.48%, 51, 0, 14, 8658.05, 27924740, 456
2033, 9, 354, 365, 2, 0, 9.48%, 51, 0, 14, 8193.96, 27964686, 456
2038, 9, 166, 365, 2, 0, 9.48%, 51, 0, 14, 12872.42, 28033966, 456
2043, 9, 40, 365, 2, 0, 9.48%, 51, 0, 14, 13500.76, 28099294, 456
2048, 9, 0, 365, 2, 0, 9.48%, 51, 0, 14, 15408.68, 28180750, 456
2053, 9, 40, 365, 2, 0, 9.48%, 51, 0, 14, 14891.05, 28255369, 456
2058, 9, 140, 365, 2, 0, 9.48%, 51, 0, 14, 14757.21, 28330610, 456
2064, 9, 68, 365, 2, 0, 9.48%, 51, 0, 14, 13180.69, 28395028, 456
2069, 9, 151, 365, 2, 0, 9.48%, 51, 0, 14, 13849.41, 28466428, 456
2074, 9, 100, 365, 2, 0, 9.48%, 51, 0, 14, 14660.39, 28544587, 456
2079, 9, 42, 365, 2, 0, 9.48%, 51, 0, 14, 13429.90, 28611986, 456
2084, 9, 88, 365, 2, 0, 9.48%, 51, 0, 14, 13977.82, 28679728, 456
2089, 9, 364, 365, 2, 0, 9.48%, 51, 0, 14, 1663.33, 28707706, 456
2094, 9, 364, 366, 3, 0, 9.48%, 51, 0, 14, 8855.39, 28726595, 456
2099, 9, 364, 366, 3, 0, 9.48%, 51, 0, 14, 8282.79, 28767743, 456
2104, 9, 151, 366, 2, 0, 9.48%, 51, 0, 14, 8815.60, 28809270, 456
2110, 10, 366, 370, 6, 0, 9.48%, 51, 0, 14, 4690.66, 28855555, 456
2115, 10, 292, 370, 5, 0, 9.48%, 51, 0, 14, 9632.82, 28906541, 456
2120, 10, 365, 370, 5, 0, 9.48%, 51, 0, 14, 5986.48, 28943385, 456
2125, 10, 365, 370, 5, 0, 9.48%, 51, 0, 14, 6865.54, 28979098, 456
2130, 10, 151, 370, 4, 0, 9.48%, 51, 0, 14, 9639.53, 29023251, 456
2135, 10, 0, 370, 4, 0, 9.48%, 51, 0, 14, 12388.83, 29086300, 456
2140, 10, 0, 370, 4, 0, 9.48%, 51, 0, 14, 12632.91, 29151860, 456
2145, 10, 367, 370, 4, 0, 9.48%, 51, 0, 14, 1292.50, 29194381, 456
2150, 10, 367, 370, 4, 0, 9.48%, 51, 0, 14, 7091.52, 29229377, 456
2155, 10, 151, 370, 3, 0, 9.48%, 51, 0, 14, 13337.51, 29301521, 456
2160, 10, 353, 370, 3, 0, 9.48%, 51, 0, 14, 10358.52, 29353609, 456
2165, 10, 42, 370, 3, 0, 9.48%, 51, 0, 14, 14236.57, 29430060, 456
2171, 10, 75, 370, 3, 0, 9.48%, 51, 0, 14, 15012.93, 29506975, 456
2176, 10, 0, 370, 3, 0, 9.48%, 51, 0, 14, 12482.12, 29567934, 456
2181, 10, 0, 370, 3, 0, 9.48%, 51, 0, 14, 15771.98, 29651486, 456
2186, 10, 365, 370, 3, 0, 9.48%, 51, 0, 14, 10236.42, 29700284, 456
2191, 10, 42, 370, 3, 0, 9.48%, 51, 0, 14, 8689.75, 29739490, 456
2196, 10, 130, 370, 3, 0, 9.48%, 51, 0, 14, 14270.78, 29818518, 456
2201, 10, 322, 370, 3, 0, 9.48%, 51, 0, 14, 10547.94, 29872199, 456
2206, 10, 169, 370, 3, 0, 9.48%, 51, 0, 14, 13481.48, 29936858, 456
2211, 10, 0, 370, 3, 0, 9.48%, 51, 0, 14, 15787.15, 30019985, 456
2216, 10, 42, 370, 3, 0, 9.48%, 51, 0, 14, 15268.32, 30098042, 456
2221, 10, 254, 370, 3, 0, 9.48%, 51, 0, 14, 14364.61, 30164586, 456
2227, 10, 60, 370, 3, 0, 9.48%, 51, 0, 14, 13786.37, 30229588, 456
2232, 10, 40, 370, 3, 0, 9.48%, 51, 0, 14, 12514.71, 30289330, 456
2237, 10, 80, 370, 3, 0, 9.48%, 51, 0, 14, 14789.72, 30365442, 456
2242, 10, 368, 370, 3, 0, 9.48%, 51, 0, 14, 1286.21, 30415500, 456
2247, 10, 368, 370, 3, 0, 9.48%, 51, 0, 14, 5898.77, 30451429, 456
2252, 10, 276, 370, 2, 0, 9.48%, 51, 0, 14, 9957.58, 30511935, 456
2257, 10, 80, 370, 2, 0, 9.48%, 51, 0, 14, 12808.64, 30574650, 456
2262, 10, 169, 370, 2, 0, 9.48%, 51, 0, 14, 14750.84, 30651306, 456
2268, 10, 130, 370, 2, 0, 9.48%, 51, 0, 14, 14322.32, 30725564, 456
2273, 10, 289, 370, 2, 0, 9.48%, 51, 0, 14, 13452.39, 30795129, 456
2278, 10, 59, 370, 2, 0, 9.48%, 51, 0, 14, 14762.09, 30871548, 456
2283, 10, 80, 370, 2, 0, 9.48%, 51, 0, 14, 12412.26, 30929347, 456
2288, 10, 359, 370, 2, 0, 9.48%, 51, 0, 14, 11328.01, 30991171, 456
2293, 10, 364, 370, 2, 0, 9.48%, 51, 0, 14, 9791.14, 31040848, 456
2298, 10, 331, 370, 2, 0, 9.48%, 51, 0, 14, 9703.36, 31088686, 456
2303, 10, 238, 370, 2, 0, 9.48%, 51, 0, 14, 12321.02, 31156750, 456
2308, 10, 0, 370, 2, 0, 9.48%, 51, 0, 14, 14313.23, 31232372, 456
2313, 10, 169, 370, 2, 0, 9.48%, 51, 0, 14, 15713.45, 31311937, 456
2318, 10, 88, 370, 2, 0, 9.48%, 51, 0, 14, 15735.76, 31390631, 456
2323, 10, 166, 370, 2, 0, 9.48%, 51, 0, 14, 14985.63, 31460692, 456
2328, 10, 345, 370, 2, 0, 9.48%, 51, 0, 14, 10284.27, 31512964, 456
2333, 10, 368, 370, 2, 0, 9.48%, 51, 0, 14, 9045.12, 31562570, 456
2339, 10, 330, 370, 2, 0, 9.48%, 51, 0, 14, 8914.48, 31606795, 456
2344, 10, 75, 370, 2, 0, 9.48%, 51, 0, 14, 14239.15, 31687596, 456
2349, 11, 365, 371, 3, 0, 9.48%, 51, 0, 14, 9150.22, 31730078, 456
2354, 11, 294, 371, 3, 0, 9.48%, 51, 0, 14, 7833.64, 31767132, 456
2359, 11, 368, 371, 3, 0, 9.48%, 51, 0, 14, 7989.88, 31811279, 456
2364, 11, 269, 371, 3, 0, 9.48%, 51, 0, 14, 10113.04, 31867029, 456
2369, 11, 300, 371, 3, 0, 9.48%, 51, 0, 14, 10418.08, 31921467, 456
2374, 11, 332, 371, 3, 0, 9.48%, 51, 0, 14, 11234.36, 31982289, 456
2379, 11, 325, 371, 3, 0, 9.48%, 51, 0, 14, 10394.47, 32037455, 456
2384, 11, 282, 371, 3, 0, 9.48%, 51, 0, 14, 12432.53, 32103685, 456
2389, 11, 151, 372, 4, 0, 9.48%, 51, 0, 14, 12720.80, 32160014, 456
2395, 11, 41, 372, 4, 0, 9.48%, 51, 0, 14, 14869.69, 32239684, 456
2400, 11, 41, 372, 4, 0, 9.48%, 51, 0, 14, 12431.83, 32299266, 456
2405, 11, 370, 372, 4, 0, 9.48%, 51, 0, 14, 11168.21, 32360255, 456
2410, 11, 40, 372, 3, 0, 9.48%, 51, 0, 14, 12790.17, 32421061, 456
2415, 11, 264, 372, 3, 0, 9.48%, 51, 0, 14, 14808.20, 32499626, 456
2420, 11, 0, 372, 3, 0, 9.48%, 51, 0, 14, 14133.30, 32567354, 456
2425, 11, 270, 372, 3, 0, 9.48%, 51, 0, 14, 9342.22, 32609918, 456
2430, 11, 323, 372, 3, 0, 9.48%, 51, 0, 14, 13036.91, 32678693, 456
2435, 11, 297, 372, 3, 0, 9.48%, 51, 0, 14, 13024.78, 32749795, 456
2440, 11, 338, 372, 3, 0, 9.48%, 51, 0, 14, 12183.98, 32805809, 456
2445, 11, 314, 373, 4, 0, 9.48%, 51, 0, 14, 10378.35, 32859481, 456
2451, 11, 264, 373, 3, 0, 9.48%, 51, 0, 14, 10015.88, 32908071, 456
2456, 11, 371, 373, 3, 0, 9.48%, 51, 0, 14, 14360.56, 32985160, 456
2461, 11, 127, 373, 2, 0, 9.48%, 51, 0, 14, 10960.89, 33038347, 456
2466, 11, 42, 373, 2, 0, 9.48%, 51, 0, 14, 11078.66, 33092598, 456
2471, 11, 42, 373, 2, 0, 9.48%, 51, 0, 14, 9125.26, 33139543, 456
2476, 11, 371, 373, 2, 0, 9.48%, 51, 0, 14, 11398.07, 33202212, 456
2481, 11, 261, 373, 2, 0, 9.48%, 51, 0, 14, 11305.89, 33257839, 456
2486, 11, 299, 373, 2, 0, 9.48%, 51, 0, 14, 13705.43, 33332469, 456
2491, 11, 33, 373, 2, 0, 9.48%, 51, 0, 14, 12982.02, 33390214, 456
2497, 11, 40, 373, 2, 0, 9.48%, 51, 0, 14, 14608.97, 33469164, 456
2502, 11, 292, 373, 2, 0, 9.48%, 51, 0, 14, 11652.19, 33529060, 456
2507, 11, 366, 373, 2, 0, 9.48%, 51, 0, 14, 9084.73, 33576271, 456
2512, 11, 282, 373, 2, 0, 9.48%, 51, 0, 14, 12545.64, 33648608, 456
2517, 11, 180, 373, 2, 0, 9.48%, 51, 0, 14, 12731.86, 33714136, 456
2522, 11, 370, 373, 2, 0, 9.48%, 51, 0, 14, 11409.26, 33776842, 456
2527, 11, 357, 373, 2, 0, 9.48%, 51, 0, 14, 11300.31, 33833304, 456
2532, 11, 282, 373, 2, 0, 9.48%, 51, 0, 14, 12510.38, 33895172, 456
2537, 11, 164, 373, 2, 0, 9.48%, 51, 0, 14, 13130.26, 33961878, 456
2543, 11, 355, 373, 2, 0, 9.48%, 51, 0, 14, 10951.58, 34020580, 456
2548, 11, 286, 373, 2, 0, 9.48%, 51, 0, 14, 11648.91, 34079417, 456
2553, 11, 167, 373, 2, 0, 9.48%, 51, 0, 14, 13618.83, 34151144, 456
2558, 11, 27, 373, 2, 0, 9.48%, 51, 0, 14, 13989.41, 34214649, 456
2563, 11, 365, 373, 2, 0, 9.48%, 51, 0, 14, 10623.99, 34271541, 456
2568, 11, 365, 373, 2, 0, 9.48%, 51, 0, 14, 7794.48, 34307385, 456
2573, 11, 353, 373, 2, 0, 9.48%, 51, 0, 14, 8712.87, 34352578, 456
2578, 11, 31, 373, 2, 0, 9.48%, 51, 0, 14, 13921.68, 34427607, 456
2583, 12, 75, 373, 2, 0, 9.48%, 51, 0, 14, 15269.23, 34507132, 456
2588, 12, 277, 373, 2, 0, 9.48%, 51, 0, 14, 12603.24, 34574323, 456
2594, 12, 132, 373, 2, 0, 9.48%, 51, 0, 14, 12488.95, 34634795, 456
2599, 12, 0, 373, 2, 0, 9.48%, 51, 0, 14, 13968.50, 34710004, 456
2604, 12, 369, 373, 2, 0, 9.48%, 51, 0, 14, 2338.40, 34783920, 456
2609, 12, 369, 373, 2, 0, 9.48%, 51, 0, 14, 5606.13, 34814310, 456
2614, 12, 280, 373, 0, 0, 9.48%, 51, 0, 14, 11006.09, 34875362, 456
2619, 12, 23, 373, 0, 0, 9.48%, 51, 0, 14, 12118.81, 34932509, 456
2624, 12, 200, 373, 0, 0, 9.48%, 51, 0, 14, 13367.34, 35001601, 456
2629, 12, 365, 373, 0, 0, 9.48%, 51, 0, 14, 9724.76, 35052168, 456
2634, 12, 0, 373, 0, 0, 9.48%, 51, 0, 14, 7538.05, 35087187, 456
2640, 12, 0, 373, 0, 0, 9.48%, 51, 0, 14, 12821.50, 35158845, 456
2645, 12, 88, 373, 0, 0, 9.48%, 51, 0, 14, 13160.03, 35226647, 456
2650, 12, 273, 373, 0, 0, 9.48%, 51, 0, 14, 9021.59, 35270042, 456
2655, 12, 40, 373, 0, 0, 9.48%, 51, 0, 14, 13460.27, 35347926, 456
2660, 12, 355, 373, 0, 0, 9.48%, 51, 0, 14, 11750.28, 35407602, 456
2665, 12, 281, 373, 0, 0, 9.48%, 51, 0, 14, 12668.90, 35465464, 456
2670, 12, 42, 373, 0, 0, 9.48%, 51, 0, 14, 13361.28, 35530944, 456
2675, 12, 40, 373, 0, 0, 9.48%, 51, 0, 14, 14880.27, 35608674, 456
2680, 12, 330, 373, 0, 0, 9.48%, 51, 0, 14, 12282.06, 35673874, 456
2685, 12, 354, 373, 0, 0, 9.48%, 51, 0, 14, 11762.34, 35737844, 456
2690, 12, 359, 373, 0, 0, 9.48%, 51, 0, 14, 12039.82, 35795084, 456
2696, 12, 73, 373, 0, 0, 9.48%, 51, 0, 14, 10460.37, 35843064, 456
2701, 12, 299, 373, 0, 0, 9.48%, 51, 0, 14, 11849.68, 35907695, 456
2706, 12, 42, 373, 0, 0, 9.48%, 51, 0, 14, 13303.35, 35976257, 456
2711, 12, 292, 373, 0, 0, 9.48%, 51, 0, 14, 12963.60, 36044148, 456
2716, 12, 269, 373, 0, 0, 9.48%, 51, 0, 14, 14391.92, 36121362, 456
2721, 12, 130, 373, 0, 0, 9.48%, 51, 0, 14, 12262.27, 36176955, 456
2726, 12, 299, 373, 0, 0, 9.48%, 51, 0, 14, 12750.82, 36239421, 456
2731, 12, 169, 373, 0, 0, 9.48%, 51, 0, 14, 13430.59, 36309603, 456
2736, 12, 151, 373, 0, 0, 9.48%, 51, 0, 14, 10853.84, 36363465, 456
2741, 12, 322, 373, 0, 0, 9.48%, 51, 0, 14, 13425.04, 36441233, 456
2746, 12, 0, 373, 0, 0, 9.48%, 51, 0, 14, 13305.59, 36497999, 456
2752, 12, 151, 373, 0, 0, 9.48%, 51, 0, 14, 14144.38, 36570190, 456
2757, 12, 182, 373, 0, 0, 9.48%, 51, 0, 14, 13438.90, 36638853, 456
2762, 12, 351, 373, 0, 0, 9.48%, 51, 0, 14, 15793.01, 36724620, 456
2767, 12, 130, 373, 0, 0, 9.48%, 51, 0, 14, 14518.22, 36794734, 456
2772, 12, 0, 373, 0, 0, 9.48%, 51, 0, 14, 15320.44, 36875319, 456
2777, 12, 279, 373, 0, 0, 9.48%, 51, 0, 14, 14180.49, 36947946, 456
2782, 12, 40, 373, 0, 0, 9.48%, 51, 0, 14, 11350.43, 37000566, 456
2787, 12, 264, 373, 0, 0, 9.48%, 51, 0, 14, 13668.83, 37074845, 456
2792, 13, 42, 373, 0, 0, 9.48%, 51, 0, 14, 12105.11, 37134922, 456
2797, 13, 75, 373, 0, 0, 9.48%, 51, 0, 14, 13490.75, 37199160, 456
2802, 13, 40, 373, 0, 0, 9.48%, 51, 0, 14, 12163.80, 37258349, 456
2807, 13, 40, 373, 0, 0, 9.48%, 51, 0, 14, 14225.56, 37334054, 456
2813, 13, 68, 373, 0, 0, 9.48%, 51, 0, 14, 13293.35, 37395459, 456
2818, 13, 151, 373, 0, 0, 9.48%, 51, 0, 14, 14535.02, 37468185, 456
2823, 13, 41, 373, 0, 0, 9.48%, 51, 0, 14, 15541.28, 37547687, 456
2828, 13, 75, 373, 0, 0, 9.48%, 51, 0, 14, 14271.33, 37619480, 456
2833, 13, 368, 373, 0, 0, 9.48%, 51, 0, 14, 10668.28, 37674061, 456
2838, 13, 80, 373, 0, 0, 9.48%, 51, 0, 14, 8772.81, 37713161, 456
2843, 13, 0, 373, 0, 0, 9.48%, 51, 0, 14, 11372.76, 37767453, 456
2848, 13, 276, 373, 0, 0, 9.48%, 51, 0, 14, 11002.77, 37829402, 456
2853, 13, 368, 373, 0, 0, 9.48%, 51, 0, 14, 8639.90, 37873894, 456
2858, 13, 163, 373, 0, 0, 9.48%, 51, 0, 14, 11606.67, 37933001, 456
2863, 13, 264, 373, 0, 0, 9.48%, 51, 0, 14, 14304.66, 38010723, 456
2868, 13, 164, 373, 0, 0, 9.48%, 51, 0, 14, 15337.33, 38090697, 456
2873, 13, 169, 373, 0, 0, 9.48%, 51, 0, 14, 14628.72, 38157618, 456
2878, 13, 363, 373, 0, 0, 9.48%, 51, 0, 14, 10473.33, 38209689, 456
2884, 13, 346, 373, 0, 0, 9.48%, 51, 0, 14, 11763.05, 38270333, 456
2889, 13, 286, 373, 0, 0, 9.48%, 51, 0, 14, 13062.38, 38335667, 456
2894, 13, 41, 373, 0, 0, 9.48%, 51, 0, 14, 14305.00, 38408927, 456
2899, 13, 151, 373, 0, 0, 9.48%, 51, 0, 14, 14848.46, 38486242, 456
2904, 13, 271, 373, 0, 0, 9.48%, 51, 0, 14, 12453.94, 38548870, 456
2909, 13, 238, 373, 0, 0, 9.48%, 51, 0, 14, 9244.48, 38592653, 456
2914, 13, 67, 373, 0, 0, 9.48%, 51, 0, 14, 10611.10, 38647736, 456
2919, 13, 0, 373, 0, 0, 9.48%, 51, 0, 14, 14025.41, 38719727, 456
2924, 13, 40, 373, 0, 0, 9.48%, 51, 0, 14, 13391.64, 38786752, 456
2930, 13, 286, 373, 0, 0, 9.48%, 51, 0, 14, 12961.43, 38855125, 456
2935, 13, 200, 373, 0, 0, 9.48%, 51, 0, 14, 11565.35, 38913902, 456
2940, 13, 40, 373, 0, 0, 9.48%, 51, 0, 14, 13876.21, 38984703, 456
2945, 13, 272, 373, 0, 0, 9.48%, 51, 0, 14, 14832.86, 39059805, 456
2950, 13, 363, 373, 0, 0, 9.48%, 51, 0, 14, 9719.66, 39102212, 456
2955, 13, 40, 373, 0, 0, 9.48%, 51, 0, 14, 11760.00, 39158254, 456
2960, 13, 284, 373, 0, 0, 9.48%, 51, 0, 14, 12694.29, 39217707, 456
2965, 13, 42, 373, 0, 0, 9.48%, 51, 0, 14, 14499.22, 39293317, 456
2970, 13, 130, 373, 0, 0, 9.48%, 51, 0, 14, 15653.05, 39373507, 456
2975, 13, 314, 373, 0, 0, 9.48%, 51, 0, 14, 14999.07, 39450229, 456
2980, 13, 272, 373, 0, 0, 9.48%, 51, 0, 14, 10180.74, 39496187, 456
2985, 13, 68, 373, 0, 0, 9.48%, 51, 0, 14, 13845.31, 39564926, 456
2990, 13, 292, 373, 0, 0, 9.48%, 51, 0, 14, 13585.82, 39635094, 456
2995, 13, 0, 373, 0, 0, 9.48%, 51, 0, 14, 13548.78, 39706055, 456
3000, 14, 151, 373, 0, 0, 9.48%, 51, 0, 14, 14672.79, 39783405, 456
3005, 14, 284, 373, 0, 0, 9.48%, 51, 0, 14, 10927.85, 39835822, 456
3010, 14, 59, 373, 0, 0, 9.48%, 51, 0, 14, 14554.77, 39913457, 456
3015, 14, 323, 373, 0, 0, 9.48%, 51, 0, 14, 15179.00, 39992383, 456
3021, 14, 88, 373, 0, 0, 9.48%, 51, 0, 14, 15573.61, 40071419, 456
3026, 14, 264, 373, 0, 0, 9.48%, 51, 0, 14, 13355.29, 40139763, 456
3031, 14, 332, 373, 0, 0, 9.48%, 51, 0, 14, 11528.39, 40198661, 456
3036, 14, 320, 373, 0, 0, 9.48%, 51, 0, 14, 11217.80, 40259714, 456
3041, 14, 230, 373, 0, 0, 9.48%, 51, 0, 14, 11177.33, 40317990, 456
3046, 14, 298, 373, 0, 0, 9.48%, 51, 0, 14, 12575.99, 40382587, 456
3051, 14, 114, 373, 0, 0, 9.48%, 51, 0, 14, 13321.60, 40442627, 456
3056, 14, 67, 373, 0, 0, 9.48%, 51, 0, 14, 12442.84, 40505243, 456
3061, 14, 272, 373, 0, 0, 9.48%, 51, 0, 14, 9975.31, 40557278, 456
3066, 14, 0, 373, 0, 0, 9.48%, 51, 0, 14, 13116.29, 40621368, 456
3071, 14, 370, 373, 0, 0, 9.48%, 51, 0, 14, 14983.06, 40703556, 456
3077, 14, 345, 373, 0, 0, 9.48%, 51, 0, 14, 10931.89, 40753374, 456
3082, 14, 272, 373, 0, 0, 9.48%, 51, 0, 14, 9169.46, 40803335, 456
3087, 14, 72, 373, 0, 0, 9.48%, 51, 0, 14, 13408.61, 40879869, 456
3092, 14, 325, 373, 0, 0, 9.48%, 51, 0, 14, 10587.08, 40935841, 456
3097, 14, 130, 373, 0, 0, 9.48%, 51, 0, 14, 13836.28, 41006763, 456
3102, 14, 269, 373, 0, 0, 9.48%, 51, 0, 14, 12025.38, 41071950, 456
3107, 14, 185, 373, 0, 0, 9.48%, 51, 0, 14, 12730.80, 41140509, 456
3112, 14, 0, 373, 0, 0, 9.48%, 51, 0, 14, 14125.22, 41208638, 456
3117, 14, 284, 373, 0, 0, 9.48%, 51, 0, 14, 12859.01, 41269682, 456
3122, 14, 317, 373, 0, 0, 9.48%, 51, 0, 14, 13718.64, 41337961, 456
3127, 14, 130, 373, 0, 0, 9.48%, 51, 0, 14, 13370.18, 41395675, 456
3132, 14, 200, 373, 0, 0, 9.48%, 51, 0, 14, 15411.50, 41478588, 456
3137, 14, 205, 373, 0, 0, 9.48%, 51, 0, 14, 16102.47, 41560007, 456
3143, 14, 42, 373, 0, 0, 9.48%, 51, 0, 14, 14687.44, 41629441, 456
3148, 14, 319, 373, 0, 0, 9.48%, 51, 0, 14, 14001.70, 41703470, 456
3153, 14, 38, 373, 0, 0, 9.48%, 51, 0, 14, 13929.68, 41772095, 456
3158, 14, 40, 373, 0, 0, 9.48%, 51, 0, 14, 15315.15, 41849828, 456
3163, 14, 253, 373, 0, 0, 9.48%, 51, 0, 14, 14702.14, 41922945, 456
3168, 14, 67, 373, 0, 0, 9.48%, 51, 0, 14, 12804.00, 41979330, 456
3173, 14, 240, 373, 0, 0, 9.48%, 51, 0, 14, 12821.65, 42046220, 456
3178, 14, 151, 373, 0, 0, 9.48%, 51, 0, 14, 12224.91, 42106640, 456
3183, 14, 290, 373, 0, 0, 9.48%, 51, 0, 14, 13129.55, 42174403, 456
3188, 15, 80, 373, 0, 0, 9.48%, 51, 0, 14, 12872.73, 42238593, 456
3193, 15, 61, 373, 0, 0, 9.48%, 51, 0, 14, 13571.93, 42306293, 456
3198, 15, 354, 373, 0, 0, 9.48%, 51, 0, 14, 12469.38, 42373790, 456
3203, 15, 283, 373, 0, 0, 9.48%, 51, 0, 14, 8689.67, 42413388, 456
3208, 15, 367, 373, 0, 0, 9.48%, 51, 0, 14, 10380.83, 42474567, 456
3213, 15, 258, 373, 0, 0, 9.48%, 51, 0, 14, 10331.40, 42521423, 456
3219, 15, 0, 373, 0, 0, 9.48%, 51, 0, 14, 13473.89, 42589530, 456
3224, 15, 207, 373, 0, 0, 9.48%, 51, 0, 14, 12698.39, 42648011, 456
3229, 15, 300, 373, 0, 0, 9.48%, 51, 0, 14, 15547.78, 42730166, 456
3234, 15, 372, 373, 0, 0, 9.48%, 51, 0, 14, 14348.18, 42798363, 456
3239, 15, 40, 373, 0, 0, 9.48%, 51, 0, 14, 13256.79, 42859948, 456
3244, 15, 68, 373, 0, 0, 9.48%, 51, 0, 14, 11849.63, 42920437, 456
3249, 15, 0, 373, 0, 0, 9.48%, 51, 0, 14, 11470.19, 42979285, 456
3254, 15, 316, 373, 0, 0, 9.48%, 51, 0, 14, 12646.38, 43050633, 456
3259, 15, 226, 373, 0, 0, 9.48%, 51, 0, 14, 13633.30, 43118766, 456
3264, 15, 276, 373, 0, 0, 9.48%, 51, 0, 14, 11350.76, 43180375, 456
3270, 15, 151, 373, 0, 0, 9.48%, 51, 0, 14, 15441.60, 43264052, 456
3275, 15, 41, 373, 0, 0, 9.48%, 51, 0, 14, 14264.66, 43334800, 456
3280, 15, 364, 373, 0, 0, 9.48%, 51, 0, 14, 12622.18, 43397422, 456
3285, 15, 169, 373, 0, 0, 9.48%, 51, 0, 14, 11142.68, 43446542, 456
3290, 15, 59, 373, 0, 0, 9.48%, 51, 0, 14, 13939.95, 43519944, 456
3295, 15, 295, 373, 0, 0, 9.48%, 51, 0, 14, 12187.34, 43586586, 456
3300, 15, 364, 373, 0, 0, 9.48%, 51, 0, 14, 11304.64, 43647877, 456
3305, 15, 169, 373, 0, 0, 9.48%, 51, 0, 14, 11802.99, 43701464, 456
3310, 15, 169, 373, 0, 0, 9.48%, 51, 0, 14, 15276.17, 43786531, 456
3316, 15, 120, 373, 0, 0, 9.48%, 51, 0, 14, 11994.60, 43840293, 456
3321, 15, 200, 373, 0, 0, 9.48%, 51, 0, 14, 15232.73, 43923689, 456
3326, 15, 130, 373, 0, 0, 9.48%, 51, 0, 14, 13670.43, 43988503, 456
3331, 15, 75, 373, 0, 0, 9.48%, 51, 0, 14, 15762.93, 44073263, 456
3336, 15, 132, 373, 0, 0, 9.48%, 51, 0, 14, 14963.20, 44143467, 456
3341, 15, 277, 373, 0, 0, 9.48%, 51, 0, 14, 13685.72, 44212680, 456
3346, 15, 363, 373, 0, 0, 9.48%, 51, 0, 14, 10921.70, 44259017, 456
3351, 15, 132, 373, 0, 0, 9.48%, 51, 0, 14, 10267.87, 44305498, 456
3356, 15, 269, 373, 0, 0, 9.48%, 51, 0, 14, 11510.30, 44370074, 456
3362, 15, 352, 373, 0, 0, 9.48%, 51, 0, 14, 13520.11, 44444273, 456
3367, 15, 237, 373, 0, 0, 9.48%, 51, 0, 14, 14387.27, 44516351, 456
3372, 15, 198, 373, 0, 0, 9.48%, 51, 0, 14, 14453.84, 44590836, 456
3377, 15, 151, 373, 0, 0, 9.48%, 51, 0, 14, 14871.96, 44666891, 456
3382, 16, 353, 373, 0, 0, 9.48%, 51, 0, 14, 11890.15, 44728124, 456
3387, 16, 75, 373, 0, 0, 9.48%, 51, 0, 14, 12473.38, 44784157, 456
3392, 16, 0, 373, 0, 0, 9.48%, 51, 0, 14, 11603.81, 44844155, 456
3397, 16, 40, 373, 0, 0, 9.48%, 51, 0, 14, 14450.33, 44921642, 456
3402, 16, 75, 373, 0, 0, 9.48%, 51, 0, 14, 14121.11, 44989099, 456
3407, 16, 23, 373, 0, 0, 9.48%, 51, 0, 14, 14318.60, 45061864, 456
3412, 16, 354, 373, 0, 0, 9.48%, 51, 0, 14, 11517.88, 45123379, 456
3417, 16, 100, 373, 0, 0, 9.48%, 51, 0, 14, 14030.00, 45191645, 456
3423, 16, 367, 373, 0, 0, 9.48%, 51, 0, 14, 8963.12, 45234673, 456
3428, 16, 249, 373, 0, 0, 9.48%, 51, 0, 14, 11339.33, 45295795, 456
3433, 16, 262, 373, 0, 0, 9.48%, 51, 0, 14, 12027.25, 45356508, 456
3438, 16, 288, 373, 0, 0, 9.48%, 51, 0, 14, 13495.08, 45431981, 456
3443, 16, 42, 373, 0, 0, 9.48%, 51, 0, 14, 13750.21, 45496291, 456
3448, 16, 0, 373, 0, 0, 9.48%, 51, 0, 14, 13135.99, 45564522, 456
3453, 16, 42, 373, 0, 0, 9.48%, 51, 0, 14, 13944.90, 45633296, 456
3458, 16, 0, 373, 0, 0, 9.48%, 51, 0, 14, 15317.18, 45712675, 456
3463, 16, 279, 373, 0, 0, 9.48%, 51, 0, 14, 14137.16, 45785659, 456
3468, 16, 317, 373, 0, 0, 9.48%, 51, 0, 14, 12864.90, 45851560, 456
3473, 16, 285, 373, 0, 0, 9.48%, 51, 0, 14, 14037.37, 45921293, 456
3478, 16, 0, 373, 0, 0, 9.48%, 51, 0, 14, 14561.34, 45990773, 456
3484, 16, 369, 373, 0, 0, 9.48%, 51, 0, 14, 11875.38, 46055152, 456
3489, 16, 164, 373, 0, 0, 9.48%, 51, 0, 14, 8676.25, 46091990, 456
3494, 16, 230, 373, 0, 0, 9.48%, 51, 0, 14, 11607.45, 46160712, 456
3499, 16, 334, 373, 0, 0, 9.48%, 51, 0, 14, 9152.72, 46209419, 456
3504, 16, 151, 373, 0, 0, 9.48%, 51, 0, 14, 11406.56, 46266422, 456
3509, 16, 167, 373, 0, 0, 9.48%, 51, 0, 14, 13506.77, 46339773, 456
3514, 16, 88, 373, 0, 0, 9.48%, 51, 0, 14, 15139.50, 46418765, 456
3519, 16, 132, 373, 0, 0, 9.48%, 51, 0, 14, 14976.36, 46496934, 456
3524, 16, 271, 373, 0, 0, 9.48%, 51, 0, 14, 12064.82, 46551580, 456
3529, 16, 151, 373, 0, 0, 9.48%, 51, 0, 14, 13239.64, 46614127, 456
3535, 16, 369, 373, 0, 0, 9.48%, 51, 0, 14, 10686.44, 46673823, 456
3540, 16, 130, 373, 0, 0, 9.48%, 51, 0, 14, 11402.91, 46723198, 456
3545, 16, 68, 373, 0, 0, 9.48%, 51, 0, 14, 14310.46, 46799010, 456
3550, 16, 67, 373, 0, 0, 9.48%, 51, 0, 14, 12710.55, 46857183, 456
3555, 16, 40, 373, 0, 0, 9.48%, 51, 0, 14, 13991.37, 46924107, 456
3560, 16, 372, 373, 0, 0, 9.48%, 51, 0, 14, 10670.24, 46980040, 456
3565, 16, 132, 373, 0, 0, 9.48%, 51, 0, 14, 13626.46, 47049788, 456
3570, 16, 151, 373, 0, 0, 9.48%, 51, 0, 14, 12806.26, 47116316, 456
3575, 16, 75, 373, 0, 0, 9.48%, 51, 0, 14, 12962.72, 47185828, 456
3580, 16, 75, 373, 0, 0, 9.48%, 51, 0, 14, 12628.43, 47250135, 456
3585, 16, 120, 373, 0, 0, 9.48%, 51, 0, 14, 13462.65, 47318275, 456
3590, 17, 0, 373, 0, 0, 9.48%, 51, 0, 14, 13407.84, 47385063, 456
3595, 17, 189, 373, 0, 0, 9.48%, 51, 0, 14, 15149.62, 47463846, 456
3600, 17, 130, 373, 0, 0, 9.48%, 51, 0, 14, 15428.85, 47542693, 456
3605, 17, 42, 373, 0, 0, 9.48%, 51, 0, 14, 14433.99, 47610279, 456
3610, 17, 333, 373, 0, 0, 9.48%, 51, 0, 14, 10368.34, 47662357, 456
3616, 17, 68, 373, 0, 0, 9.48%, 51, 0, 14, 9898.67, 47709686, 456
3621, 17, 0, 373, 0, 0, 9.48%, 51, 0, 14, 14819.61, 47791434, 456
3626, 17, 130, 373, 0, 0, 9.48%, 51, 0, 14, 11808.49, 47848524, 456
3631, 17, 0, 373, 0, 0, 9.48%, 51, 0, 14, 13338.23, 47918204, 456
3636, 17, 248, 373, 0, 0, 9.48%, 51, 0, 14, 13155.96, 47981564, 456
3641, 17, 273, 373, 0, 0, 9.48%, 51, 0, 14, 11940.53, 48047469, 456
3646, 17, 273, 373, 0, 0, 9.48%, 51, 0, 14, 11387.09, 48101778, 456
3651, 17, 0, 373, 0, 0, 9.48%, 51, 0, 14, 10107.22, 48144633, 456
3656, 17, 276, 373, 0, 0, 9.48%, 51, 0, 14, 13249.59, 48218488, 456
3661, 17, 151, 373, 0, 0, 9.48%, 51, 0, 14, 13955.57, 48285245, 456
3667, 17, 271, 373, 0, 0, 9.48%, 51, 0, 14, 12119.94, 48351989, 456
3672, 17, 283, 373, 0, 0, 9.48%, 51, 0, 14, 11905.47, 48418314, 456
3677, 17, 169, 373, 0, 0, 9.48%, 51, 0, 14, 13119.19, 48486322, 456
3682, 17, 0, 373, 0, 0, 9.48%, 51, 0, 14, 15469.51, 48566000, 456
3687, 17, 66, 373, 0, 0, 9.48%, 51, 0, 14, 16211.08, 48647445, 456
3692, 17, 62, 373, 0, 0, 9.48%, 51, 0, 14, 16015.52, 48727497, 456
3697, 17, 120, 373, 0, 0, 9.48%, 51, 0, 14, 15723.24, 48808619, 456
3702, 17, 42, 373, 0, 0, 9.48%, 51, 0, 14, 15198.99, 48889417, 456
3707, 17, 270, 373, 0, 0, 9.48%, 51, 0, 14, 11512.97, 48949318, 456
3713, 17, 61, 373, 0, 0, 9.48%, 51, 0, 14, 11078.55, 49008852, 456
3718, 17, 334, 373, 0, 0, 9.48%, 51, 0, 14, 10462.26, 49069353, 456
3723, 17, 120, 373, 0, 0, 9.48%, 51, 0, 14, 11303.43, 49120645, 456
3728, 17, 226, 373, 0, 0, 9.48%, 51, 0, 14, 14007.07, 49188997, 456
3733, 17, 299, 373, 0, 0, 9.48%, 51, 0, 14, 13538.66, 49260339, 456
3738, 17, 40, 373, 0, 0, 9.48%, 51, 0, 14, 15041.02, 49339659, 456
3743, 17, 151, 373, 0, 0, 9.48%, 51, 0, 14, 12462.60, 49399904, 456
3748, 17, 294, 373, 0, 0, 9.48%, 51, 0, 14, 12580.40, 49468165, 456
3753, 17, 42, 373, 0, 0, 9.48%, 51, 0, 14, 12736.65, 49527107, 456
3758, 17, 276, 373, 0, 0, 9.48%, 51, 0, 14, 11429.04, 49589217, 456
3763, 17, 294, 373, 0, 0, 9.48%, 51, 0, 14, 9192.76, 49633785, 456
3768, 17, 367, 373, 0, 0, 9.48%, 51, 0, 14, 10103.27, 49682763, 456
3773, 17, 41, 373, 0, 0, 9.48%, 51, 0, 14, 7737.15, 49718536, 456
3778, 17, 0, 373, 0, 0, 9.48%, 51, 0, 14, 11889.28, 49778725, 456
3783, 18, 252, 373, 0, 0, 9.48%, 51, 0, 14, 14261.25, 49853281, 456
3789, 18, 283, 373, 0, 0, 9.48%, 51, 0, 14, 10525.80, 49901845, 456
3794, 18, 297, 373, 0, 0, 9.48%, 51, 0, 14, 10847.35, 49964776, 456
3799, 18, 169, 373, 0, 0, 9.48%, 51, 0, 14, 14648.40, 50042480, 456
3804, 18, 40, 373, 0, 0, 9.48%, 51, 0, 14, 13725.99, 50111747, 456
3809, 18, 0, 373, 0, 0, 9.48%, 51, 0, 14, 16226.41, 50194353, 456
3814, 18, 169, 373, 0, 0, 9.48%, 51, 0, 14, 13947.54, 50261325, 456
3819, 18, 75, 373, 0, 0, 9.48%, 51, 0, 14, 15226.72, 50338739, 456
3824, 18, 148, 373, 0, 0, 9.48%, 51, 0, 14, 13445.39, 50399054, 456
3829, 18, 372, 373, 0, 0, 9.48%, 51, 0, 14, 12581.92, 50457741, 456
3834, 18, 298, 373, 0, 0, 9.48%, 51, 0, 14, 10515.42, 50509750, 456
3839, 18, 200, 373, 0, 0, 9.48%, 51, 0, 14, 13290.17, 50574596, 456
3844, 18, 294, 373, 0, 0, 9.48%, 51, 0, 14, 12123.17, 50639943, 456
3849, 18, 40, 373, 0, 0, 9.48%, 51, 0, 14, 14261.29, 50716404, 456
3854, 18, 294, 373, 0, 0, 9.48%, 51, 0, 14, 11954.94, 50778697, 456
3859, 18, 256, 373, 0, 0, 9.48%, 51, 0, 14, 12709.42, 50847815, 456
3864, 18, 201, 373, 0, 0, 9.48%, 51, 0, 14, 11701.09, 50907970, 456
3870, 18, 0, 373, 0, 0, 9.48%, 51, 0, 14, 12481.62, 50970764, 456
3875, 18, 332, 373, 0, 0, 9.48%, 51, 0, 14, 12051.26, 51029939, 456
3880, 18, 130, 373, 0, 0, 9.48%, 51, 0, 14, 13854.05, 51098144, 456
3885, 18, 0, 373, 0, 0, 9.48%, 51, 0, 14, 14275.35, 51171430, 456
3890, 18, 130, 373, 0, 0, 9.48%, 51, 0, 14, 12779.93, 51233804, 456
3895, 18, 277, 373, 0, 0, 9.48%, 51, 0, 14, 10883.72, 51294482, 456
3900, 18, 166, 373, 0, 0, 9.48%, 51, 0, 14, 13186.21, 51359904, 456
3905, 18, 119, 373, 0, 0, 9.48%, 51, 0, 14, 13728.87, 51429472, 456
3910, 18, 59, 373, 0, 0, 9.48%, 51, 0, 14, 14032.44, 51498319, 456
3915, 18, 366, 373, 0, 0, 9.48%, 51, 0, 14, 9511.38, 51543234, 456
3921, 18, 0, 373, 0, 0, 9.48%, 51, 0, 14, 13997.14, 51616864, 456
3926, 18, 132, 373, 0, 0, 9.48%, 51, 0, 14, 14129.72, 51684584, 456
3931, 18, 0, 373, 0, 0, 9.48%, 51, 0, 14, 15643.20, 51767365, 456
3936, 18, 132, 373, 0, 0, 9.48%, 51, 0, 14, 13942.14, 51832535, 456
3941, 18, 291, 373, 0, 0, 9.48%, 51, 0, 14, 10178.35, 51880877, 456
3946, 18, 258, 373, 0, 0, 9.48%, 51, 0, 14, 12586.66, 51953689, 456
3951, 18, 283, 373, 0, 0, 9.48%, 51, 0, 14, 13329.32, 52022800, 456
3956, 18, 256, 373, 0, 0, 9.48%, 51, 0, 14, 12310.93, 52085027, 456
3962, 18, 200, 373, 0, 0, 9.48%, 51, 0, 14, 15041.28, 52162359, 456
3967, 18, 0, 373, 0, 0, 9.48%, 51, 0, 14, 12973.64, 52224016, 456
3972, 18, 365, 373, 0, 0, 9.48%, 51, 0, 14, 8975.21, 52267940, 456
3977, 18, 280, 373, 0, 0, 9.48%, 51, 0, 14, 7689.02, 52304210, 456
3982, 18, 366, 373, 0, 0, 9.48%, 51, 0, 14, 8035.61, 52349465, 456
3987, 19, 130, 373, 0, 0, 9.48%, 51, 0, 14, 11996.12, 52415202, 456
3992, 19, 369, 373, 0, 0, 9.48%, 51, 0, 14, 9361.16, 52466046, 456
3997, 19, 294, 373, 0, 0, 9.48%, 52, 0, 14, 10204.66, 52515608, 456
4002, 19, 68, 373, 0, 0, 9.48%, 52, 0, 14, 12067.95, 52576227, 456
4007, 19, 34, 373, 0, 0, 9.48%, 52, 0, 14, 13124.95, 52638725, 456
4012, 19, 258, 373, 0, 0, 9.48%, 52, 0, 14, 10983.58, 52696370, 456
4018, 19, 169, 373, 0, 0, 9.48%, 52, 0, 14, 13013.15, 52767278, 456
4023, 19, 130, 373, 0, 0, 9.48%, 52, 0, 14, 15197.89, 52848761, 456
4028, 19, 61, 373, 0, 0, 9.48%, 52, 0, 14, 13663.36, 52913044, 456
4033, 19, 169, 373, 0, 0, 9.48%, 52, 0, 14, 12117.00, 52969363, 456
4038, 19, 303, 373, 0, 0, 9.48%, 52, 0, 14, 10304.99, 53024691, 456
4043, 19, 130, 373, 0, 0, 9.48%, 52, 0, 14, 14249.55, 53102474, 456
4048, 19, 0, 373, 0, 0, 9.48%, 52, 0, 14, 15606.22, 53182442, 456
4053, 19, 130, 373, 0, 0, 9.48%, 52, 0, 14, 15367.44, 53259188, 456
4058, 19, 151, 373, 0, 0, 9.48%, 52, 0, 14, 10717.86, 53310523, 456
4063, 19, 289, 373, 0, 0, 9.48%, 52, 0, 14, 11583.05, 53369464, 456
4068, 19, 365, 373, 0, 0, 9.48%, 52, 0, 14, 8997.87, 53416415, 456
4074, 19, 63, 373, 0, 0, 9.48%, 52, 0, 14, 7425.70, 53451840, 456
4079, 19, 0, 373, 0, 0, 9.48%, 52, 0, 14, 13151.42, 53527918, 456
4084, 19, 0, 373, 0, 0, 9.48%, 52, 0, 14, 15019.70, 53609138, 456
4089, 19, 226, 373, 0, 0, 9.48%, 52, 0, 14, 14399.42, 53681192, 456
4094, 19, 252, 373, 0, 0, 9.48%, 52, 0, 14, 12226.18, 53744633, 456
4099, 19, 290, 373, 0, 0, 9.48%, 52, 0, 14, 13527.12, 53812353, 456
4104, 19, 359, 373, 0, 0, 9.48%, 52, 0, 14, 10134.38, 53861539, 456
4110, 19, 277, 373, 0, 0, 9.48%, 52, 0, 14, 12532.83, 53925866, 456
4115, 19, 285, 373, 0, 0, 9.48%, 52, 0, 14, 11665.48, 53978812, 456
4120, 19, 367, 373, 0, 0, 9.48%, 52, 0, 14, 9490.64, 54030099, 456
4125, 19, 262, 373, 0, 0, 9.48%, 52, 0, 14, 11219.65, 54082115, 456
4130, 19, 300, 373, 0, 0, 9.48%, 52, 0, 14, 12407.84, 54150581, 456
4135, 19, 130, 373, 0, 0, 9.48%, 52, 0, 14, 14118.28, 54223270, 456
4140, 19, 73, 373, 0, 0, 9.48%, 52, 0, 14, 14159.67, 54292282, 456
4145, 19, 33, 373, 0, 0, 9.48%, 52, 0, 14, 11933.28, 54349740, 456
4150, 19, 169, 373, 0, 0, 9.48%, 52, 0, 14, 13019.54, 54416714, 456
4155, 19, 277, 373, 0, 0, 9.48%, 52, 0, 14, 12695.13, 54486942, 456
4160, 19, 278, 373, 0, 0, 9.48%, 52, 0, 14, 12550.95, 54543632, 456
4165, 19, 205, 373, 0, 0, 9.48%, 52, 0, 14, 11348.39, 54600138, 456
4170, 19, 151, 373, 0, 0, 9.48%, 52, 0, 14, 13652.33, 54669097, 456
4176, 19, 200, 373, 0, 0, 9.48%, 52, 0, 14, 13785.13, 54735877, 456
4181, 19, 169, 373, 0, 0, 9.48%, 52, 0, 14, 12536.63, 54795471, 456
4186, 19, 0, 373, 0, 0, 9.48%, 52, 0, 14, 14052.52, 54868661, 456
4191, 19, 130, 373, 0, 0, 9.48%, 52, 0, 14, 13116.96, 54932017, 456
4196, 20, 0, 374, 1, 0, 9.48%, 52, 0, 14, 14714.83, 55010663, 456
4201, 20, 236, 374, 1, 0, 9.48%, 52, 0, 14, 13431.84, 55076063, 456
4206, 20, 272, 374, 1, 0, 9.48%, 52, 0, 14, 12968.16, 55145121, 456
4211, 20, 336, 374, 1, 0, 9.48%, 52, 0, 14, 13628.51, 55209840, 456
4216, 20, 201, 374, 1, 0, 9.48%, 52, 0, 14, 11455.63, 55263502, 456
4221, 20, 317, 374, 1, 0, 9.48%, 52, 0, 14, 11897.93, 55330835, 456
4227, 20, 294, 374, 1, 0, 9.48%, 52, 0, 14, 11896.14, 55392245, 456
4232, 20, 373, 374, 1, 0, 9.48%, 52, 0, 14, 12220.30, 55458338, 456
4237, 20, 331, 374, 0, 0, 9.48%, 52, 0, 14, 10780.45, 55514789, 456
4242, 20, 317, 374, 0, 0, 9.48%, 52, 0, 14, 11533.69, 55579847, 456
4247, 20, 0, 374, 0, 0, 9.48%, 52, 0, 14, 13464.75, 55646966, 456
4252, 20, 41, 374, 0, 0, 9.48%, 52, 0, 14, 14238.69, 55721195, 456
4257, 20, 40, 374, 0, 0, 9.48%, 52, 0, 14, 15581.67, 55799686, 456
4262, 20, 276, 374, 0, 0, 9.48%, 52, 0, 14, 13626.70, 55875026, 456
4267, 20, 286, 374, 0, 0, 9.48%, 52, 0, 14, 11977.63, 55931106, 456
4272, 20, 100, 374, 0, 0, 9.48%, 52, 0, 14, 11849.60, 55989210, 456
4277, 20, 290, 374, 0, 0, 9.48%, 52, 0, 14, 12207.08, 56057961, 456
4283, 20, 298, 374, 0, 0, 9.48%, 52, 0, 14, 9979.76, 56112487, 456
4288, 20, 203, 374, 0, 0, 9.48%, 52, 0, 14, 14012.21, 56187520, 456
4293, 20, 80, 374, 0, 0, 9.48%, 52, 0, 14, 11721.59, 56243543, 456
4298, 20, 40, 374, 0, 0, 9.48%, 52, 0, 14, 13993.54, 56311800, 456
4303, 20, 182, 374, 0, 0, 9.48%, 52, 0, 14, 13353.37, 56376716, 456
4308, 20, 0, 374, 0, 0, 9.48%, 52, 0, 14, 13029.62, 56443557, 456
4313, 20, 333, 374, 0, 0, 9.48%, 52, 0, 14, 12103.60, 56509141, 456
4318, 20, 322, 374, 0, 0, 9.48%, 52, 0, 14, 8334.64, 56547001, 456
4323, 20, 277, 374, 0, 0, 9.48%, 52, 0, 14, 8764.89, 56597295, 456
4328, 20, 0, 374, 0, 0, 9.48%, 52, 0, 14, 13322.88, 56669670, 456
4333, 20, 132, 374, 0, 0, 9.48%, 52, 0, 14, 13993.86, 56741758, 456
4338, 20, 320, 374, 0, 0, 9.48%, 52, 0, 14, 12657.36, 56809825, 456
4343, 20, 293, 374, 0, 0, 9.48%, 52, 0, 14, 9148.58, 56854305, 456
4349, 20, 75, 374, 0, 0, 9.48%, 52, 0, 14, 14198.06, 56932858, 456
4354, 20, 272, 374, 0, 0, 9.48%, 52, 0, 14, 11447.99, 56993470, 456
4359, 20, 0, 374, 0, 0, 9.48%, 52, 0, 14, 14581.02, 57070910, 456
4364, 20, 0, 374, 0, 0, 9.48%, 52, 0, 14, 15724.64, 57151937, 456
4369, 20, 294, 374, 0, 0, 9.48%, 52, 0, 14, 12947.49, 57218343, 456
4374, 20, 0, 374, 0, 0, 9.48%, 52, 0, 14, 12283.39, 57282339, 456
4379, 20, 373, 374, 0, 0, 9.48%, 52, 0, 14, 13732.47, 57356608, 456
4384, 20, 42, 374, 0, 0, 9.48%, 52, 0, 14, 13037.68, 57421487, 456
4389, 21, 66, 374, 0, 0, 9.48%, 52, 0, 14, 11857.73, 57478504, 456
4394, 21, 290, 374, 0, 0, 9.48%, 52, 0, 14, 11248.56, 57531603, 456
4399, 21, 133, 374, 0, 0, 9.48%, 52, 0, 14, 10228.94, 57584374, 456
4405, 21, 151, 374, 0, 0, 9.48%, 52, 0, 14, 13413.86, 57658544, 456
4410, 21, 363, 374, 0, 0, 9.48%, 52, 0, 14, 9582.32, 57706490, 456
4415, 21, 332, 374, 0, 0, 9.48%, 52, 0, 14, 13213.12, 57782030, 456
4420, 21, 200, 374, 0, 0, 9.48%, 52, 0, 14, 13168.81, 57847553, 456
4425, 21, 169, 374, 0, 0, 9.48%, 52, 0, 14, 10558.05, 57899306, 456
4430, 21, 66, 374, 0, 0, 9.48%, 52, 0, 14, 13528.49, 57974452, 456
4435, 21, 185, 374, 0, 0, 9.48%, 52, 0, 14, 13400.97, 58044262, 456
4440, 21, 120, 374, 0, 0, 9.48%, 52, 0, 14, 11720.33, 58098629, 456
4445, 21, 132, 374, 0, 0, 9.48%, 52, 0, 14, 11068.84, 58159243, 456
4450, 21, 0, 374, 0, 0, 9.48%, 52, 0, 14, 11871.83, 58218195, 456
4455, 21, 180, 374, 0, 0, 9.48%, 52, 0, 14, 10662.05, 58267587, 456
4461, 21, 205, 374, 0, 0, 9.48%, 52, 0, 14, 14039.29, 58344004, 456
4466, 21, 264, 374, 0, 0, 9.48%, 52, 0, 14, 13445.61, 58414191, 456
4471, 21, 0, 374, 0, 0, 9.48%, 52, 0, 14, 12940.81, 58479939, 456
4476, 21, 60, 374, 0, 0, 9.48%, 52, 0, 14, 14374.18, 58554324, 456
4481, 21, 0, 374, 0, 0, 9.48%, 52, 0, 14, 12574.44, 58610893, 456
4486, 21, 169, 374, 0, 0, 9.48%, 52, 0, 14, 13328.54, 58682121, 456
4491, 21, 169, 374, 0, 0, 9.48%, 52, 0, 14, 12924.63, 58746327, 456
4496, 21, 349, 374, 0, 0, 9.48%, 52, 0, 14, 11543.54, 58806339, 456
4501, 21, 367, 374, 0, 0, 9.48%, 52, 0, 14, 13625.89, 58880122, 456
4507, 21, 0, 374, 0, 0, 9.48%, 52, 0, 14, 9163.84, 58918383, 456
4512, 21, 365, 374, 0, 0, 9.48%, 52, 0, 14, 11014.80, 58983591, 456
4517, 21, 365, 374, 0, 0, 9.48%, 52, 0, 14, 7888.81, 59018898, 456
4522, 21, 61, 374, 0, 0, 9.48%, 52, 0, 14, 12461.27, 59080667, 456
4527, 21, 353, 374, 0, 0, 9.48%, 52, 0, 14, 10241.46, 59133323, 456
4532, 21, 40, 374, 0, 0, 9.48%, 52, 0, 14, 13561.93, 59205568, 456
4537, 21, 0, 374, 0, 0, 9.48%, 52, 0, 14, 14844.29, 59283219, 456
4542, 21, 282, 374, 0, 0, 9.48%, 52, 0, 14, 13643.31, 59358149, 456
4547, 21, 0, 374, 0, 0, 9.48%, 52, 0, 14, 14999.87, 59433908, 456
4552, 21, 59, 374, 0, 0, 9.48%, 52, 0, 14, 15444.52, 59512852, 456
4557, 21, 372, 374, 0, 0, 9.48%, 52, 0, 14, 15004.07, 59589032, 456
4563, 21, 273, 374, 0, 0, 9.48%, 52, 0, 14, 10969.50, 59642505, 456
4568, 21, 169, 374, 0, 0, 9.48%, 52, 0, 14, 12410.24, 59703690, 456
4573, 21, 130, 374, 0, 0, 9.48%, 52, 0, 14, 14537.07, 59782559, 456
4578, 21, 66, 374, 0, 0, 9.48%, 52, 0, 14, 14569.87, 59856480, 456
4583, 21, 311, 374, 0, 0, 9.48%, 52, 0, 14, 13450.65, 59925084, 456
4588, 22, 300, 374, 0, 0, 9.48%, 52, 0, 14, 13153.94, 59994986, 456
4593, 22, 236, 374, 0, 0, 9.48%, 52, 0, 14, 12757.17, 60059887, 456
4598, 22, 293, 374, 0, 0, 9.48%, 52, 0, 14, 13013.38, 60123945, 456
4603, 22, 331, 374, 0, 0, 9.48%, 52, 0, 14, 12965.42, 60185058, 456
4608, 22, 276, 374, 0, 0, 9.48%, 52, 0, 14, 10785.25, 60237912, 456
4613, 22, 151, 374, 0, 0, 9.48%, 52, 0, 14, 9358.78, 60283636, 456
4618, 22, 320, 374, 0, 0, 9.48%, 52, 0, 14, 13956.86, 60360763, 456
4623, 22, 130, 374, 0, 0, 9.48%, 52, 0, 14, 13206.09, 60421373, 456
4628, 22, 67, 374, 0, 0, 9.48%, 52, 0, 14, 14892.51, 60497875, 456
4634, 22, 0, 374, 0, 0, 9.48%, 52, 0, 14, 15233.78, 60575802, 456
4639, 22, 130, 374, 0, 0, 9.48%, 52, 0, 14, 12394.15, 60633299, 456
4644, 22, 283, 374, 0, 0, 9.48%, 52, 0, 14, 11956.64, 60693435, 456
4649, 22, 167, 374, 0, 0, 9.48%, 52, 0, 14, 14803.58, 60774423, 456
4654, 22, 40, 374, 0, 0, 9.48%, 52, 0, 14, 12045.30, 60830255, 456
4659, 22, 59, 374, 0, 0, 9.48%, 52, 0, 14, 13309.10, 60902763, 456
4664, 22, 0, 374, 0, 0, 9.48%, 52, 0, 14, 14953.23, 60983002, 456
4669, 22, 88, 374, 0, 0, 9.48%, 52, 0, 14, 15939.46, 61064308, 456
4674, 22, 103, 374, 0, 0, 9.48%, 52, 0, 14, 13260.69, 61132394, 456
4680, 22, 355, 374, 0, 0, 9.48%, 52, 0, 14, 9604.74, 61177405, 456
4685, 22, 0, 374, 0, 0, 9.48%, 52, 0, 14, 12240.89, 61239044, 456
4690, 22, 82, 374, 0, 0, 9.48%, 52, 0, 14, 11145.25, 61298136, 456
4695, 22, 151, 374, 0, 0, 9.48%, 52, 0, 14, 11662.60, 61353721, 456
4700, 22, 33, 374, 0, 0, 9.48%, 52, 0, 14, 14302.77, 61431581, 456
4705, 22, 151, 374, 0, 0, 9.48%, 52, 0, 14, 10993.05, 61482363, 456
4710, 22, 285, 374, 0, 0, 9.48%, 52, 0, 14, 13292.31, 61555313, 456
4715, 22, 61, 374, 0, 0, 9.48%, 52, 0, 14, 11791.10, 61616087, 456
4720, 22, 0, 374, 0, 0, 9.48%, 52, 0, 14, 14922.24, 61696704, 456
4726, 22, 130, 374, 0, 0, 9.48%, 52, 0, 14, 14005.73, 61765699, 456
4731, 22, 205, 374, 0, 0, 9.48%, 52, 0, 14, 14736.80, 61837268, 456
4736, 22, 42, 374, 0, 0, 9.48%, 52, 0, 14, 10124.21, 61880733, 456
4741, 22, 40, 374, 0, 0, 9.48%, 52, 0, 14, 13975.45, 61954891, 456
4746, 22, 373, 374, 0, 0, 9.48%, 52, 0, 14, 12657.66, 62021551, 456
4751, 22, 100, 374, 0, 0, 9.48%, 52, 0, 14, 13360.93, 62089952, 456
4756, 22, 75, 374, 0, 0, 9.48%, 52, 0, 14, 13993.15, 62156214, 456
4761, 22, 230, 374, 0, 0, 9.48%, 52, 0, 14, 13837.04, 62222203, 456
4766, 22, 151, 374, 0, 0, 9.48%, 52, 0, 14, 12278.34, 62279523, 456
4771, 22, 130, 374, 0, 0, 9.48%, 52, 0, 14, 13074.68, 62347500, 456
4777, 22, 68, 374, 0, 0, 9.48%, 52, 0, 14, 13485.40, 62421654, 456
4782, 23, 169, 374, 0, 0, 9.48%, 52, 0, 14, 13485.00, 62489989, 456
4787, 23, 0, 374, 0, 0, 9.48%, 52, 0, 14, 13848.21, 62555661, 456
4792, 23, 366, 374, 0, 0, 9.48%, 52, 0, 14, 10132.02, 62605826, 456
4797, 23, 283, 374, 0, 0, 9.48%, 52, 0, 14, 11235.86, 62657716, 456
4802, 23, 282, 374, 0, 0, 9.48%, 52, 0, 14, 12703.03, 62724162, 456
4807, 23, 291, 374, 0, 0, 9.48%, 52, 0, 14, 9874.14, 62770089, 456
4812, 23, 367, 374, 0, 0, 9.48%, 52, 0, 14, 9844.24, 62822505, 456
4817, 23, 363, 374, 0, 0, 9.48%, 52, 0, 14, 8159.02, 62860141, 456
4822, 23, 40, 374, 0, 0, 9.48%, 52, 0, 14, 9676.44, 62905977, 456
4827, 23, 271, 374, 0, 0, 9.48%, 52, 0, 14, 11164.52, 62967602, 456
4833, 23, 277, 374, 0, 0, 9.48%, 52, 0, 14, 10707.28, 63025792, 456
4838, 23, 200, 374, 0, 0, 9.48%, 52, 0, 14, 12309.93, 63083853, 456
4843, 23, 0, 374, 0, 0, 9.48%, 52, 0, 14, 13260.98, 63151024, 456
4848, 23, 132, 374, 0, 0, 9.48%, 52, 0, 14, 15248.72, 63231076, 456
4853, 23, 325, 374, 0, 0, 9.48%, 52, 0, 14, 13098.95, 63301715, 456
4858, 23, 169, 374, 0, 0, 9.48%, 52, 0, 14, 11697.88, 63352576, 456
4863, 23, 130, 374, 0, 0, 9.48%, 52, 0, 14, 12746.25, 63419887, 456
4868, 23, 277, 374, 0, 0, 9.48%, 52, 0, 14, 9929.93, 63470875, 456
4873, 23, 322, 374, 0, 0, 9.48%, 52, 0, 14, 11192.57, 63534246, 456
4878, 23, 369, 374, 0, 0, 9.48%, 52, 0, 14, 9262.38, 63576243, 456
4883, 23, 369, 374, 0, 0, 9.48%, 52, 0, 14, 7198.12, 63609767, 456
4889, 23, 0, 374, 0, 0, 9.48%, 52, 0, 14, 11939.25, 63675583, 456
4894, 23, 272, 374, 0, 0, 9.48%, 52, 0, 14, 10171.76, 63731678, 456
4899, 23, 66, 374, 0, 0, 9.48%, 52, 0, 14, 12485.69, 63792766, 456
4904, 23, 278, 374, 0, 0, 9.48%, 52, 0, 14, 13893.32, 63865064, 456
4909, 23, 23, 374, 0, 0, 9.48%, 52, 0, 14, 12216.27, 63923459, 456
4914, 23, 300, 374, 0, 0, 9.48%, 52, 0, 14, 11468.57, 63982764, 456
4919, 23, 0, 374, 0, 0, 9.48%, 52, 0, 14, 14328.84, 64056640, 456
4924, 23, 120, 374, 0, 0, 9.48%, 52, 0, 14, 13548.01, 64121005, 456
4929, 23, 362, 374, 0, 0, 9.48%, 52, 0, 14, 13196.02, 64192483, 456
4934, 23, 169, 374, 0, 0, 9.48%, 52, 0, 14, 13617.93, 64256404, 456
4939, 23, 42, 374, 0, 0, 9.48%, 52, 0, 14, 10973.98, 64310030, 456
4944, 23, 297, 374, 0, 0, 9.48%, 52, 0, 14, 12203.14, 64378058, 456
4949, 23, 40, 374, 0, 0, 9.48%, 52, 0, 14, 12621.59, 64438412, 456
4954, 23, 80, 374, 0, 0, 9.48%, 52, 0, 14, 14651.61, 64513272, 456
4959, 23, 363, 374, 0, 0, 9.48%, 52, 0, 14, 9929.00, 64561881, 456
4965, 23, 75, 374, 0, 0, 9.48%, 52, 0, 14, 13165.81, 64627636, 456
4970, 23, 0, 374, 0, 0, 9.48%, 52, 0, 14, 15633.95, 64712008, 456
4975, 23, 40, 374, 0, 0, 9.48%, 52, 0, 14, 14419.06, 64784925, 456
4980, 23, 169, 374, 0, 0, 9.48%, 52, 0, 14, 12673.62, 64843486, 456
4985, 23, 60, 374, 0, 0, 9.48%, 52, 0, 14, 10636.29, 64890375, 456
4990, 23, 73, 374, 0, 0, 9.48%, 52, 0, 14, 14209.69, 64969010, 456
4995, 23, 289, 374, 0, 0, 9.48%, 52, 0, 14, 10268.08, 65019279, 456
5001, 23, 272, 374, 0, 0, 9.48%, 52, 0, 14, 9427.02, 65070412, 456
5006, 24, 205, 374, 0, 0, 9.48%, 52, 0, 14, 14046.06, 65147672, 456
5011, 24, 297, 374, 0, 0, 9.48%, 52, 0, 14, 9759.28, 65195031, 456
5016, 24, 300, 374, 0, 0, 9.48%, 52, 0, 14, 12383.70, 65266680, 456
5021, 24, 60, 374, 0, 0, 9.48%, 52, 0, 14, 11941.34, 65325195, 456
5026, 24, 205, 374, 0, 0, 9.48%, 52, 0, 14, 12831.90, 65395140, 456
5031, 24, 264, 374, 0, 0, 9.48%, 52, 0, 14, 10675.39, 65451743, 456
5036, 24, 361, 374, 0, 0, 9.48%, 52, 0, 14, 11508.73, 65516884, 456
5042, 24, 333, 374, 0, 0, 9.48%, 52, 0, 14, 8343.05, 65555947, 456
5047, 24, 151, 374, 0, 0, 9.48%, 52, 0, 14, 12204.78, 65615533, 456
5052, 24, 293, 374, 0, 0, 9.48%, 52, 0, 14, 11669.79, 65676768, 456
5057, 24, 82, 374, 0, 0, 9.48%, 52, 0, 14, 14161.04, 65748371, 456
5062, 24, 366, 374, 0, 0, 9.48%, 52, 0, 14, 9237.61, 65793469, 456
5067, 24, 0, 374, 0, 0, 9.48%, 52, 0, 14, 12797.12, 65864333, 456
5072, 24, 130, 374, 0, 0, 9.48%, 52, 0, 14, 13555.46, 65932266, 456
5077, 24, 355, 374, 0, 0, 9.48%, 52, 0, 14, 10397.98, 65986223, 456
5082, 24, 151, 374, 0, 0, 9.48%, 52, 0, 14, 13557.41, 66054634, 456
5087, 24, 41, 374, 0, 0, 9.48%, 52, 0, 14, 12298.75, 66118595, 456
5092, 24, 151, 374, 0, 0, 9.48%, 52, 0, 14, 11818.13, 66180298, 456
5097, 24, 355, 374, 0, 0, 9.48%, 52, 0, 14, 10165.04, 66234139, 456
5102, 24, 169, 374, 0, 0, 9.48%, 52, 0, 14, 13170.83, 66300047, 456
5108, 24, 61, 374, 0, 0, 9.48%, 52, 0, 14, 10485.78, 66346330, 456
5113, 24, 350, 374, 0, 0, 9.48%, 52, 0, 14, 12846.03, 66416184, 456
5118, 24, 273, 374, 0, 0, 9.48%, 52, 0, 14, 10451.01, 66475230, 456
5123, 24, 319, 374, 0, 0, 9.48%, 52, 0, 14, 12126.12, 66540310, 456
5128, 24, 341, 374, 0, 0, 9.48%, 52, 0, 14, 11582.08, 66597600, 456
5133, 24, 169, 374, 0, 0, 9.48%, 52, 0, 14, 12051.25, 66658578, 456
5138, 24, 0, 374, 0, 0, 9.48%, 52, 0, 14, 13128.22, 66722019, 456
5143, 24, 288, 374, 0, 0, 9.48%, 52, 0, 14, 11950.66, 66785900, 456
5148, 24, 333, 374, 0, 0, 9.48%, 52, 0, 14, 12601.90, 66853714, 456
5153, 24, 364, 374, 0, 0, 9.48%, 52, 0, 14, 8709.18, 66892887, 456
5158, 24, 221, 374, 0, 0, 9.48%, 52, 0, 14, 12886.68, 66956980, 456
5164, 24, 151, 374, 0, 0, 9.48%, 52, 0, 14, 11165.35, 67017177, 456
5169, 24, 272, 374, 0, 0, 9.48%, 52, 0, 14, 12282.15, 67081652, 456
5174, 24, 130, 374, 0, 0, 9.48%, 52, 0, 14, 13909.58, 67145031, 456
5179, 24, 298, 374, 0, 0, 9.48%, 52, 0, 14, 9690.82, 67197262, 456
5184, 24, 0, 374, 0, 0, 9.48%, 52, 0, 14, 13803.13, 67268619, 456
5189, 24, 372, 374, 0, 0, 9.48%, 52, 0, 14, 13199.00, 67343155, 456
5195, 24, 260, 374, 0, 0, 9.48%, 52, 0, 14, 12985.70, 67410874, 456
5200, 24, 68, 374, 0, 0, 9.48%, 52, 0, 14, 12799.70, 67467083, 456
5205, 24, 359, 374, 0, 0, 9.48%, 52, 0, 14, 11997.61, 67530388, 456
5210, 24, 100, 374, 0, 0, 9.48%, 52, 0, 14, 13178.61, 67594445, 456
5215, 24, 368, 374, 0, 0, 9.48%, 52, 0, 14, 8302.70, 67630671, 456
5220, 24, 245, 374, 0, 0, 9.48%, 52, 0, 14, 13444.34, 67704874, 456
5225, 24, 40, 374, 0, 0, 9.48%, 52, 0, 14, 15185.28, 67786171, 456
5230, 25, 298, 374, 0, 0, 9.48%, 52, 0, 14, 9848.83, 67832205, 456
5235, 25, 264, 374, 0, 0, 9.48%, 52, 0, 14, 11533.98, 67886733, 456
5241, 25, 80, 374, 0, 0, 9.48%, 52, 0, 14, 14296.99, 67964594, 456
5246, 25, 0, 374, 0, 0, 9.48%, 52, 0, 14, 13286.40, 68029284, 456
5251, 25, 151, 374, 0, 0, 9.48%, 52, 0, 14, 14054.92, 68099419, 456
5256, 25, 366, 374, 0, 0, 9.48%, 52, 0, 14, 9654.89, 68147721, 456
5261, 25, 151, 374, 0, 0, 9.48%, 52, 0, 14, 12228.51, 68204856, 456
5266, 25, 361, 374, 0, 0, 9.48%, 52, 0, 14, 12883.29, 68269036, 456
5271, 25, 254, 374, 0, 0, 9.48%, 52, 0, 14, 11641.15, 68324388, 456
5276, 25, 363, 374, 0, 0, 9.48%, 52, 0, 14, 11041.84, 68382025, 456
5281, 25, 41, 374, 0, 0, 9.48%, 52, 0, 14, 10715.59, 68429531, 456
5286, 25, 0, 374, 0, 0, 9.48%, 52, 0, 14, 14707.55, 68508010, 456
5291, 25, 151, 374, 0, 0, 9.48%, 52, 0, 14, 13498.09, 68570634, 456
5296, 25, 297, 374, 0, 0, 9.48%, 52, 0, 14, 10419.53, 68625541, 456
5301, 25, 283, 374, 0, 0, 9.48%, 52, 0, 14, 9948.74, 68675522, 456
5307, 25, 40, 374, 0, 0, 9.48%, 52, 0, 14, 14136.18, 68752571, 456
5312, 25, 169, 374, 0, 0, 9.48%, 52, 0, 14, 15072.55, 68832526, 456
5317, 25, 88, 374, 0, 0, 9.48%, 52, 0, 14, 13259.66, 68900732, 456
5322, 25, 0, 374, 0, 0, 9.48%, 52, 0, 14, 13757.78, 68967039, 456
5327, 25, 361, 374, 0, 0, 9.48%, 52, 0, 14, 12032.57, 69030958, 456
5332, 25, 82, 374, 0, 0, 9.48%, 52, 0, 14, 12010.07, 69088746, 456
5337, 25, 0, 374, 0, 0, 9.48%, 52, 0, 14, 12158.29, 69147029, 456
5342, 25, 0, 374, 0, 0, 9.48%, 52, 0, 14, 13563.20, 69214122, 456
5347, 25, 277, 374, 0, 0, 9.48%, 52, 0, 14, 9388.37, 69263917, 456
5352, 25, 75, 374, 0, 0, 9.48%, 52, 0, 14, 13905.00, 69338105, 456
5357, 25, 202, 374, 0, 0, 9.48%, 52, 0, 14, 13776.79, 69409771, 456
5362, 25, 269, 374, 0, 0, 9.48%, 52, 0, 14, 11238.56, 69463813, 456
5367, 25, 130, 374, 0, 0, 9.48%, 52, 0, 14, 14350.53, 69539836, 456
5373, 25, 42, 374, 0, 0, 9.48%, 52, 0, 14, 15328.01, 69622432, 456
5378, 25, 359, 374, 0, 0, 9.48%, 52, 0, 14, 11454.39, 69682119, 456
5383, 25, 0, 374, 0, 0, 9.48%, 52, 0, 14, 13875.74, 69753178, 456
5388, 25, 285, 374, 0, 0, 9.48%, 52, 0, 14, 11572.05, 69811029, 456
5393, 25, 276, 374, 0, 0, 9.48%, 52, 0, 14, 11171.49, 69871523, 456
5398, 25, 200, 374, 0, 0, 9.48%, 52, 0, 14, 13406.23, 69938082, 456
5403, 25, 334, 374, 0, 0, 9.48%, 52, 0, 14, 11104.37, 69993837, 456
5408, 25, 0, 374, 0, 0, 9.48%, 52, 0, 14, 12889.69, 70051938, 456
5413, 25, 120, 374, 0, 0, 9.48%, 52, 0, 14, 13465.71, 70120967, 456
5418, 25, 317, 374, 0, 0, 9.48%, 52, 0, 14, 10163.55, 70169150, 456
5423, 25, 80, 374, 0, 0, 9.48%, 52, 0, 14, 10277.34, 70221503, 456
5428, 25, 344, 374, 0, 0, 9.48%, 52, 0, 14, 11351.45, 70287368, 456
5434, 25, 61, 374, 0, 0, 9.48%, 52, 0, 14, 14417.83, 70364704, 456
5439, 26, 40, 374, 0, 0, 9.48%, 52, 0, 14, 14188.67, 70436333, 456
5444, 26, 68, 374, 0, 0, 9.48%, 52, 0, 14, 12320.42, 70499297, 456
5449, 26, 33, 374, 0, 0, 9.48%, 52, 0, 14, 14825.08, 70577934, 456
5454, 26, 42, 374, 0, 0, 9.48%, 52, 0, 14, 13970.09, 70646748, 456
5459, 26, 151, 374, 0, 0, 9.48%, 52, 0, 14, 11902.49, 70697599, 456
5464, 26, 300, 374, 0, 0, 9.48%, 52, 0, 14, 10562.56, 70753394, 456
5469, 26, 344, 374, 0, 0, 9.48%, 52, 0, 14, 9796.17, 70809096, 456
5474, 26, 363, 374, 0, 0, 9.48%, 52, 0, 14, 8352.79, 70851079, 456
5479, 26, 298, 374, 0, 0, 9.48%, 52, 0, 14, 9699.11, 70907545, 456
5484, 26, 200, 374, 0, 0, 9.48%, 52, 0, 14, 13322.96, 70976431, 456
5490, 26, 297, 374, 0, 0, 9.48%, 52, 0, 14, 12705.48, 71043119, 456
5495, 26, 293, 374, 0, 0, 9.48%, 52, 0, 14, 9903.72, 71087998, 456
5500, 26, 169, 374, 0, 0, 9.48%, 52, 0, 14, 14174.62, 71166727, 456
5505, 26, 0, 374, 0, 0, 9.48%, 52, 0, 14, 14153.58, 71233477, 456
5510, 26, 277, 374, 0, 0, 9.48%, 52, 0, 14, 12529.72, 71295434, 456
5515, 26, 296, 374, 0, 0, 9.48%, 52, 0, 14, 10704.98, 71347636, 456
5520, 26, 283, 374, 0, 0, 9.48%, 52, 0, 14, 11926.65, 71409093, 456
5525, 26, 364, 374, 0, 0, 9.48%, 52, 0, 14, 10146.01, 71462507, 456
5530, 26, 277, 374, 0, 0, 9.48%, 52, 0, 14, 9300.26, 71508981, 456
5536, 26, 0, 374, 0, 0, 9.48%, 52, 0, 14, 13056.03, 71575739, 456
5541, 26, 288, 374, 0, 0, 9.48%, 52, 0, 14, 13777.09, 71648533, 456
5546, 26, 0, 374, 0, 0, 9.48%, 52, 0, 14, 12125.28, 71710065, 456
5551, 26, 41, 374, 0, 0, 9.48%, 52, 0, 14, 12555.19, 71769718, 456
5556, 26, 42, 374, 0, 0, 9.48%, 52, 0, 14, 13614.69, 71841112, 456
5561, 26, 258, 374, 0, 0, 9.48%, 52, 0, 14, 13241.72, 71913922, 456
5566, 26, 0, 374, 0, 0, 9.48%, 52, 0, 14, 12271.40, 71971082, 456
5571, 26, 130, 374, 0, 0, 9.48%, 52, 0, 14, 14056.51, 72042254, 456
5576, 26, 0, 374, 0, 0, 9.48%, 52, 0, 14, 14746.23, 72118587, 456
5582, 26, 367, 374, 0, 0, 9.48%, 52, 0, 14, 12068.02, 72180405, 456
5587, 26, 290, 374, 0, 0, 9.48%, 52, 0, 14, 9443.68, 72220264, 456
5592, 26, 313, 374, 0, 0, 9.48%, 52, 0, 14, 11825.19, 72280082, 456
5597, 26, 200, 374, 0, 0, 9.48%, 52, 0, 14, 10601.42, 72330208, 456
5602, 26, 200, 374, 0, 0, 9.48%, 52, 0, 14, 12906.46, 72394640, 456
5607, 26, 361, 374, 0, 0, 9.48%, 52, 0, 14, 10852.61, 72453134, 456
5612, 26, 0, 374, 0, 0, 9.48%, 52, 0, 14, 13761.20, 72523932, 456
5617, 26, 0, 374, 0, 0, 9.48%, 52, 0, 14, 14071.77, 72594473, 456
5622, 26, 320, 374, 0, 0, 9.48%, 52, 0, 14, 11445.58, 72652425, 456
5627, 26, 364, 374, 0, 0, 9.48%, 52, 0, 14, 8726.57, 72694075, 456
5632, 26, 320, 374, 0, 0, 9.48%, 52, 0, 14, 10306.89, 72746443, 456
5637, 26, 40, 374, 0, 0, 9.48%, 52, 0, 14, 13282.49, 72813036, 456
5643, 26, 132, 374, 0, 0, 9.48%, 52, 0, 14, 14501.85, 72891659, 456
5648, 27, 151, 374, 0, 0, 9.48%, 52, 0, 14, 14882.24, 72962569, 456
5653, 27, 370, 374, 0, 0, 9.48%, 52, 0, 14, 12064.94, 73026226, 456
5658, 27, 330, 374, 0, 0, 9.48%, 52, 0, 14, 13008.23, 73092974, 456
5663, 27, 40, 374, 0, 0, 9.48%, 52, 0, 14, 14274.11, 73166412, 456
5668, 27, 277, 374, 0, 0, 9.48%, 52, 0, 14, 12910.03, 73230527, 456
5673, 27, 291, 374, 0, 0, 9.48%, 52, 0, 14, 8817.23, 73268426, 456
5678, 27, 366, 374, 0, 0, 9.48%, 52, 0, 14, 9361.47, 73319477, 456
5683, 27, 277, 374, 0, 0, 9.48%, 52, 0, 14, 8406.14, 73363567, 456
5689, 27, 174, 374, 0, 0, 9.48%, 52, 0, 14, 12935.32, 73434062, 456
5694, 27, 73, 374, 0, 0, 9.48%, 52, 0, 14, 12541.54, 73488746, 456
5699, 27, 75, 374, 0, 0, 9.48%, 52, 0, 14, 12469.27, 73550365, 456
5704, 27, 132, 374, 0, 0, 9.48%, 52, 0, 14, 13920.38, 73625628, 456
5709, 27, 132, 374, 0, 0, 9.48%, 52, 0, 14, 14278.90, 73699262, 456
5714, 27, 361, 374, 0, 0, 9.48%, 52, 0, 14, 10697.97, 73755941, 456
5719, 27, 256, 374, 0, 0, 9.48%, 52, 0, 14, 12387.83, 73822845, 456
5724, 27, 40, 374, 0, 0, 9.48%, 52, 0, 14, 14640.69, 73901079, 456
5729, 27, 42, 374, 0, 0, 9.48%, 52, 0, 14, 14587.05, 73973180, 456
5734, 27, 286, 374, 0, 0, 9.48%, 52, 0, 14, 12738.28, 74039974, 456
5739, 27, 169, 374, 0, 0, 9.48%, 52, 0, 14, 12089.89, 74097214, 456
5745, 27, 42, 374, 0, 0, 9.48%, 52, 0, 14, 9918.91, 74143468, 456
5750, 27, 125, 374, 0, 0, 9.48%, 52, 0, 14, 11992.46, 74210377, 456
5755, 27, 151, 374, 0, 0, 9.48%, 52, 0, 14, 12524.61, 74269464, 456
5760, 27, 0, 374, 0, 0, 9.48%, 52, 0, 14, 13484.05, 74334195, 456
5765, 27, 130, 374, 0, 0, 9.48%, 52, 0, 14, 14121.09, 74403123, 456
5770, 27, 80, 374, 0, 0, 9.48%, 52, 0, 14, 14034.32, 74473468, 456
5775, 27, 299, 374, 0, 0, 9.48%, 52, 0, 14, 13362.56, 74544523, 456
5780, 27, 280, 374, 0, 0, 9.48%, 52, 0, 14, 14115.36, 74615582, 456
5785, 27, 175, 374, 0, 0, 9.48%, 52, 0, 14, 13775.72, 74679233, 456
5790, 27, 41, 374, 0, 0, 9.48%, 52, 0, 14, 14388.39, 74751587, 456
5795, 27, 238, 374, 0, 0, 9.48%, 52, 0, 14, 14450.52, 74827494, 456
5800, 27, 166, 374, 0, 0, 9.48%, 52, 0, 14, 10339.96, 74880295, 456
5805, 27, 130, 374, 0, 0, 9.48%, 52, 0, 14, 11605.25, 74937844, 456
5810, 27, 0, 374, 0, 0, 9.48%, 52, 0, 14, 14520.45, 75012619, 456
5815, 27, 321, 374, 0, 0, 9.48%, 52, 0, 14, 10551.89, 75067656, 456
5820, 27, 333, 374, 0, 0, 9.48%, 52, 0, 14, 9916.75, 75122797, 456
5825, 27, 298, 374, 0, 0, 9.48%, 52, 0, 14, 8045.21, 75162285, 456
5830, 27, 331, 374, 0, 0, 9.48%, 52, 0, 14, 9991.53, 75218279, 456
5836, 27, 318, 374, 0, 0, 9.48%, 52, 0, 14, 8853.85, 75265219, 456
5841, 27, 0, 374, 0, 0, 9.48%, 52, 0, 14, 12593.64, 75331825, 456
5846, 27, 355, 374, 0, 0, 9.48%, 52, 0, 14, 10347.89, 75386396, 456
5851, 27, 0, 374, 0, 0, 9.48%, 52, 0, 14, 9575.91, 75431732, 456
5856, 27, 369, 374, 0, 0, 9.48%, 52, 0, 14, 7602.37, 75470144, 456
5861, 27, 130, 374, 0, 0, 9.48%, 52, 0, 14, 12291.89, 75530751, 456
5866, 28, 169, 374, 0, 0, 9.48%, 52, 0, 14, 13365.11, 75596051, 456
5871, 28, 169, 374, 0, 0, 9.48%, 52, 0, 14, 12853.24, 75660312, 456
5876, 28, 200, 374, 0, 0, 9.48%, 52, 0, 14, 12107.07, 75719880, 456
5881, 28, 0, 374, 0, 0, 9.48%, 52, 0, 14, 12371.07, 75780571, 456
5887, 28, 0, 374, 0, 0, 9.48%, 52, 0, 14, 15242.97, 75861620, 456
5892, 28, 210, 374, 0, 0, 9.48%, 52, 0, 14, 14047.19, 75930366, 456
5897, 28, 280, 374, 0, 0, 9.48%, 52, 0, 14, 13178.23, 76000020, 456
5902, 28, 175, 374, 0, 0, 9.48%, 52, 0, 14, 12131.39, 76062137, 456
5907, 28, 299, 374, 0, 0, 9.48%, 52, 0, 14, 12500.42, 76129710, 456
5912, 28, 151, 374, 0, 0, 9.48%, 52, 0, 14, 12606.99, 76195827, 456
5917, 28, 200, 374, 0, 0, 9.48%, 52, 0, 14, 12026.34, 76248502, 456
5922, 28, 68, 374, 0, 0, 9.48%, 52, 0, 14, 12723.36, 76319116, 456
5927, 28, 196, 374, 0, 0, 9.48%, 52, 0, 14, 13915.07, 76392632, 456
5932, 28, 365, 374, 0, 0, 9.48%, 52, 0, 14, 9648.65, 76440505, 456
5937, 28, 180, 374, 0, 0, 9.48%, 52, 0, 14, 7593.37, 76476058, 456
5942, 28, 356, 374, 0, 0, 9.48%, 52, 0, 14, 9805.50, 76535222, 456
5947, 28, 130, 374, 0, 0, 9.48%, 52, 0, 14, 10379.54, 76583990, 456
5953, 28, 280, 374, 0, 0, 9.48%, 52, 0, 14, 8475.58, 76624392, 456
5958, 28, 75, 374, 0, 0, 9.48%, 52, 0, 14, 14054.13, 76703244, 456
5963, 28, 0, 374, 0, 0, 9.48%, 52, 0, 14, 11810.90, 76762857, 456
5968, 28, 130, 374, 0, 0, 9.48%, 52, 0, 14, 12567.32, 76829425, 456
5973, 28, 0, 374, 0, 0, 9.48%, 52, 0, 14, 14847.74, 76910071, 456
5978, 28, 366, 374, 0, 0, 9.48%, 52, 0, 14, 10891.85, 76967536, 456
5983, 28, 331, 374, 0, 0, 9.48%, 52, 0, 14, 11525.69, 77023824, 456
5989, 28, 258, 374, 0, 0, 9.48%, 52, 0, 14, 12366.41, 77089887, 456
5994, 28, 0, 374, 0, 0, 9.48%, 52, 0, 14, 13629.28, 77157902, 456
5999, 28, 33, 374, 0, 0, 9.48%, 52, 0, 14, 13824.58, 77225638, 456
6004, 28, 234, 374, 0, 0, 9.48%, 52, 0, 14, 14404.20, 77302664, 456
6009, 28, 318, 374, 0, 0, 9.48%, 52, 0, 14, 11702.69, 77360661, 456
6014, 28, 366, 374, 0, 0, 9.48%, 52, 0, 14, 8233.94, 77397593, 456
6019, 28, 75, 374, 0, 0, 9.48%, 52, 0, 14, 12060.77, 77458421, 456
6025, 28, 0, 374, 0, 0, 9.48%, 52, 0, 14, 13305.06, 77530072, 456
6030, 28, 286, 374, 0, 0, 9.48%, 52, 0, 14, 13527.17, 77602557, 456
6035, 28, 298, 374, 0, 0, 9.48%, 52, 0, 14, 9289.34, 77646440, 456
6040, 28, 130, 374, 0, 0, 9.48%, 52, 0, 14, 14718.38, 77729156, 456
6045, 28, 273, 374, 0, 0, 9.48%, 52, 0, 14, 13791.04, 77800266, 456
6050, 28, 75, 374, 0, 0, 9.48%, 52, 0, 14, 11191.21, 77849766, 456
6055, 28, 0, 374, 0, 0, 9.48%, 52, 0, 14, 13821.87, 77922070, 456
6060, 28, 0, 374, 0, 0, 9.48%, 52, 0, 14, 13335.33, 77989092, 456
6065, 29, 0, 374, 0, 0, 9.48%, 52, 0, 14, 15036.08, 78068839, 456
6070, 29, 200, 374, 0, 0, 9.48%, 52, 0, 14, 13479.74, 78137378, 456
6075, 29, 293, 374, 0, 0, 9.48%, 52, 0, 14, 13495.66, 78209246, 456
6081, 29, 200, 374, 0, 0, 9.48%, 52, 0, 14, 14528.54, 78283812, 456
6086, 29, 336, 374, 0, 0, 9.48%, 52, 0, 14, 13053.99, 78345365, 456
6091, 29, 216, 374, 0, 0, 9.48%, 52, 0, 14, 13629.58, 78409822, 456
6096, 29, 333, 374, 0, 0, 9.48%, 52, 0, 14, 11357.16, 78469935, 456
6101, 29, 182, 374, 0, 0, 9.48%, 52, 0, 14, 12953.60, 78531898, 456
6106, 29, 151, 374, 0, 0, 9.48%, 52, 0, 14, 14223.80, 78608389, 456
6111, 29, 297, 374, 0, 0, 9.48%, 52, 0, 14, 12017.99, 78667605, 456
6116, 29, 332, 374, 0, 0, 9.48%, 52, 0, 14, 12679.48, 78729046, 456
6121, 29, 42, 374, 0, 0, 9.48%, 52, 0, 14, 14687.22, 78804085, 456
6127, 29, 106, 374, 0, 0, 9.48%, 52, 0, 14, 11443.54, 78856303, 456
6132, 29, 67, 374, 0, 0, 9.48%, 52, 0, 14, 14814.34, 78936582, 456
6137, 29, 151, 374, 0, 0, 9.48%, 52, 0, 14, 13372.47, 78999823, 456
6142, 29, 295, 374, 0, 0, 9.48%, 52, 0, 14, 12502.09, 79065204, 456
6147, 29, 40, 374, 0, 0, 9.48%, 52, 0, 14, 13495.79, 79133755, 456
6152, 29, 272, 374, 0, 0, 9.48%, 52, 0, 14, 11905.51, 79198605, 456
6157, 29, 0, 374, 0, 0, 9.48%, 52, 0, 14, 13930.49, 79266858, 456
6162, 29, 321, 374, 0, 0, 9.48%, 52, 0, 14, 10726.39, 79323969, 456
6167, 29, 42, 374, 0, 0, 9.48%, 52, 0, 14, 12920.15, 79391175, 456
6172, 29, 373, 374, 0, 0, 9.48%, 52, 0, 14, 12072.45, 79454085, 456
6177, 29, 34, 374, 0, 0, 9.48%, 52, 0, 14, 14824.05, 79529681, 456
6183, 29, 130, 374, 0, 0, 9.48%, 52, 0, 14, 13185.52, 79593410, 456
6188, 29, 277, 374, 0, 0, 9.48%, 52, 0, 14, 12167.01, 79659438, 456
6193, 29, 365, 374, 0, 0, 9.48%, 52, 0, 14, 8535.05, 79699106, 456
6198, 29, 365, 374, 0, 0, 9.48%, 52, 0, 14, 7328.73, 79734220, 456
6203, 29, 130, 374, 0, 0, 9.48%, 52, 0, 14, 12700.29, 79801583, 456
6208, 29, 0, 374, 0, 0, 9.48%, 52, 0, 14, 13648.19, 79867705, 456
6213, 29, 365, 374, 0, 0, 9.48%, 52, 0, 14, 9555.95, 79914927, 456
6218, 29, 40, 374, 0, 0, 9.48%, 52, 0, 14, 7933.99, 79951762, 456
6223, 29, 0, 374, 0, 0, 9.48%, 52, 0, 14, 11034.55, 80008045, 456
6228, 29, 353, 374, 0, 0, 9.48%, 52, 0, 14, 10650.57, 80067675, 456
6233, 29, 169, 374, 0, 0, 9.48%, 52, 0, 14, 13127.92, 80133023, 456
6238, 29, 0, 374, 0, 0, 9.48%, 52, 0, 14, 11498.15, 80186390, 456
6244, 29, 80, 374, 0, 0, 9.48%, 52, 0, 14, 14119.30, 80264184, 456
6249, 29, 169, 374, 0, 0, 9.48%, 52, 0, 14, 11763.90, 80323793, 456
6254, 29, 372, 374, 0, 0, 9.48%, 52, 0, 14, 12339.23, 80391124, 456
6259, 29, 68, 374, 0, 0, 9.48%, 52, 0, 14, 9985.13, 80443240, 456
6264, 29, 205, 374, 0, 0, 9.48%, 52, 0, 14, 13710.92, 80516549, 456
6269, 30, 0, 374, 0, 0, 9.48%, 52, 0, 14, 14701.02, 80590802, 456
6274, 30, 0, 374, 0, 0, 9.48%, 52, 0, 14, 15062.93, 80666719, 456
6279, 30, 144, 374, 0, 0, 9.48%, 52, 0, 14, 12528.04, 80728161, 456
6284, 30, 132, 374, 0, 0, 9.48%, 52, 0, 14, 12770.44, 80790000, 456
6289, 30, 82, 374, 0, 0, 9.48%, 52, 0, 14, 12916.46, 80854601, 456
6294, 30, 130, 374, 0, 0, 9.48%, 52, 0, 14, 14568.25, 80929604, 456
6299, 30, 40, 374, 0, 0, 9.48%, 52, 0, 14, 13441.79, 80997991, 456
6305, 30, 151, 374, 0, 0, 9.48%, 52, 0, 14, 12078.66, 81054784, 456
6310, 30, 325, 374, 0, 0, 9.48%, 52, 0, 14, 9608.25, 81103449, 456
6315, 30, 0, 374, 0, 0, 9.48%, 52, 0, 14, 13649.35, 81177625, 456
6320, 30, 256, 374, 0, 0, 9.48%, 52, 0, 14, 11529.44, 81238088, 456
6325, 30, 130, 374, 0, 0, 9.48%, 52, 0, 14, 13504.79, 81303746, 456
6330, 30, 333, 374, 0, 0, 9.48%, 52, 0, 14, 9901.69, 81351954, 456
6335, 30, 0, 374, 0, 0, 9.48%, 52, 0, 14, 13554.92, 81423697, 456
6340, 30, 354, 374, 0, 0, 9.48%, 52, 0, 14, 11151.35, 81481206, 456
6345, 30, 0, 374, 0, 0, 9.48%, 52, 0, 14, 13182.50, 81546196, 456
6350, 30, 75, 374, 0, 0, 9.48%, 52, 0, 14, 14627.02, 81622291, 456
6356, 30, 322, 374, 0, 0, 9.48%, 52, 0, 14, 12014.15, 81686854, 456
6361, 30, 240, 374, 0, 0, 9.48%, 52, 0, 14, 9095.52, 81730089, 456
6366, 30, 283, 374, 0, 0, 9.48%, 52, 0, 14, 10754.44, 81783290, 456
6371, 30, 289, 374, 0, 0, 9.48%, 52, 0, 14, 13173.27, 81852172, 456
6376, 30, 151, 374, 0, 0, 9.48%, 52, 0, 14, 14354.36, 81922419, 456
6381, 30, 167, 374, 0, 0, 9.48%, 52, 0, 14, 11279.04, 81976828, 456
6386, 30, 276, 374, 0, 0, 9.48%, 52, 0, 14, 11300.87, 82039864, 456
6391, 30, 151, 374, 0, 0, 9.48%, 52, 0, 14, 10600.47, 82094195, 456
6396, 30, 0, 374, 0, 0, 9.48%, 52, 0, 14, 14533.03, 82172601, 456
6401, 30, 373, 374, 0, 0, 9.48%, 52, 0, 14, 9813.25, 82217423, 456
6407, 30, 0, 374, 0, 0, 9.48%, 52, 0, 14, 14511.45, 82297461, 456
6412, 30, 0, 374, 0, 0, 9.48%, 52, 0, 14, 13688.58, 82370634, 456
6417, 30, 125, 374, 0, 0, 9.48%, 52, 0, 14, 13613.77, 82444013, 456
6422, 30, 0, 374, 0, 0, 9.48%, 52, 0, 14, 13471.74, 82511293, 456
6427, 30, 370, 374, 0, 0, 9.48%, 52, 0, 14, 11984.44, 82572155, 456
6432, 30, 364, 374, 0, 0, 9.48%, 52, 0, 14, 10858.80, 82626096, 456
6437, 30, 130, 374, 0, 0, 9.48%, 52, 0, 14, 9937.01, 82670406, 456
6442, 30, 68, 374, 0, 0, 9.48%, 52, 0, 14, 13654.30, 82748857, 456
6447, 30, 14, 374, 0, 0, 9.48%, 52, 0, 14, 14958.56, 82824484, 456
6453, 30, 130, 374, 0, 0, 9.48%, 52, 0, 14, 12395.79, 82876874, 456
6458, 30, 130, 374, 0, 0, 9.48%, 52, 0, 14, 12204.01, 82938062, 456
6463, 31, 258, 374, 0, 0, 9.48%, 52, 0, 14, 12006.10, 83003452, 456
6468, 31, 40, 374, 0, 0, 9.48%, 52, 0, 14, 13330.74, 83066861, 456
6473, 31, 40, 374, 0, 0, 9.48%, 52, 0, 14, 13047.92, 83129391, 456
6478, 31, 0, 374, 0, 0, 9.48%, 52, 0, 14, 13076.14, 83196636, 456
6483, 31, 59, 374, 0, 0, 9.48%, 52, 0, 14, 13345.11, 83262340, 456
6488, 31, 42, 374, 0, 0, 9.48%, 52, 0, 14, 14828.04, 83341935, 456
6493, 31, 0, 374, 0, 0, 9.48%, 52, 0, 14, 12055.67, 83400664, 456
6498, 31, 75, 374, 0, 0, 9.48%, 52, 0, 14, 12670.79, 83460333, 456
6503, 31, 288, 374, 0, 0, 9.48%, 52, 0, 14, 13308.67, 83531424, 456
6509, 31, 295, 374, 0, 0, 9.48%, 52, 0, 14, 9455.49, 83577054, 456
6514, 31, 42, 374, 0, 0, 9.48%, 52, 0, 14, 12932.72, 83644197, 456
6519, 31, 169, 374, 0, 0, 9.48%, 52, 0, 14, 13645.90, 83712059, 456
6524, 31, 167, 374, 0, 0, 9.48%, 52, 0, 14, 14553.39, 83787364, 456
6529, 31, 297, 374, 0, 0, 9.48%, 52, 0, 14, 9448.66, 83829996, 456
6534, 31, 0, 374, 0, 0, 9.48%, 52, 0, 14, 12258.46, 83894492, 456
6539, 31, 260, 374, 0, 0, 9.48%, 52, 0, 14, 14216.68, 83967861, 456
6544, 31, 0, 374, 0, 0, 9.48%, 52, 0, 14, 14758.84, 84039059, 456
6550, 31, 299, 374, 0, 0, 9.48%, 52, 0, 14, 12653.59, 84100822, 456
6555, 31, 317, 374, 0, 0, 9.48%, 52, 0, 14, 12213.37, 84165621, 456
6560, 31, 75, 374, 0, 0, 9.48%, 52, 0, 14, 10894.68, 84216375, 456
6565, 31, 75, 374, 0, 0, 9.48%, 52, 0, 14, 14066.57, 84292026, 456
6570, 31, 293, 374, 0, 0, 9.48%, 52, 0, 14, 13556.29, 84363684, 456
6575, 31, 130, 374, 0, 0, 9.48%, 52, 0, 14, 13981.03, 84433601, 456
6580, 31, 363, 374, 0, 0, 9.48%, 52, 0, 14, 10978.27, 84491931, 456
6585, 31, 75, 374, 0, 0, 9.48%, 52, 0, 14, 11797.25, 84547544, 456
6590, 31, 257, 374, 0, 0, 9.48%, 52, 0, 14, 13088.83, 84617048, 456
6595, 31, 40, 374, 0, 0, 9.48%, 52, 0, 14, 12314.55, 84680797, 456
6600, 31, 68, 374, 0, 0, 9.48%, 52, 0, 14, 13385.79, 84747644, 456
6606, 31, 169, 374, 0, 0, 9.48%, 52, 0, 14, 14210.30, 84821962, 456
6611, 31, 40, 374, 0, 0, 9.48%, 52, 0, 14, 15090.94, 84899133, 456
6616, 31, 365, 374, 0, 0, 9.48%, 52, 0, 14, 9858.49, 84949017, 456
6621, 31, 200, 374, 0, 0, 9.48%, 52, 0, 14, 7434.38, 84983331, 456
6626, 31, 0, 374, 0, 0, 9.48%, 52, 0, 14, 9057.81, 85035287, 456
6631, 31, 355, 374, 0, 0, 9.48%, 52, 0, 14, 9646.31, 85089853, 456
6636, 31, 68, 374, 0, 0, 9.48%, 52, 0, 14, 13237.28, 85155627, 456
6641, 31, 40, 374, 0, 0, 9.48%, 52, 0, 14, 14004.24, 85229122, 456
6646, 31, 80, 374, 0, 0, 9.48%, 52, 0, 14, 14386.73, 85303113, 456
6651, 31, 268, 374, 0, 0, 9.48%, 52, 0, 14, 14107.60, 85368381, 456
6656, 31, 169, 374, 0, 0, 9.48%, 52, 0, 14, 12793.90, 85430977, 456
6661, 32, 295, 374, 0, 0, 9.48%, 52, 0, 14, 13291.31, 85497643, 456
6666, 32, 130, 374, 0, 0, 9.48%, 52, 0, 14, 11967.89, 85553158, 456
6671, 32, 357, 374, 0, 0, 9.48%, 52, 0, 14, 13504.77, 85627444, 456
6677, 32, 200, 374, 0, 0, 9.48%, 52, 0, 14, 12247.80, 85687934, 456
6682, 32, 82, 374, 0, 0, 9.48%, 52, 0, 14, 13928.35, 85761456, 456
6687, 32, 31, 374, 0, 0, 9.48%, 52, 0, 14, 14561.29, 85837389, 456
6692, 32, 322, 374, 0, 0, 9.48%, 52, 0, 14, 13610.23, 85903656, 456
6697, 32, 269, 374, 0, 0, 9.48%, 52, 0, 14, 11433.71, 85952760, 456
6702, 32, 151, 374, 0, 0, 9.48%, 52, 0, 14, 12817.52, 86016010, 456
6707, 32, 0, 374, 0, 0, 9.48%, 52, 0, 14, 14089.05, 86086747, 456
6713, 32, 365, 374, 0, 0, 9.48%, 52, 0, 14, 10760.90, 86145664, 456
6718, 32, 365, 374, 0, 0, 9.48%, 52, 0, 14, 7689.70, 86180480, 456
6723, 32, 33, 374, 0, 0, 9.48%, 52, 0, 14, 12883.53, 86248596, 456
6728, 32, 130, 374, 0, 0, 9.48%, 52, 0, 14, 10203.77, 86295774, 456
6733, 32, 151, 374, 0, 0, 9.48%, 52, 0, 14, 13778.03, 86368121, 456
6738, 32, 255, 374, 0, 0, 9.48%, 52, 0, 14, 13647.71, 86439113, 456
6743, 32, 151, 374, 0, 0, 9.48%, 52, 0, 14, 14175.16, 86514280, 456
6748, 32, 130, 374, 0, 0, 9.48%, 52, 0, 14, 14409.48, 86585146, 456
6753, 32, 273, 374, 0, 0, 9.48%, 52, 0, 14, 12400.97, 86650685, 456
6758, 32, 290, 374, 0, 0, 9.48%, 52, 0, 14, 11132.89, 86701377, 456
6763, 32, 75, 374, 0, 0, 9.48%, 52, 0, 14, 14356.46, 86779982, 456
6769, 32, 42, 374, 0, 0, 9.48%, 52, 0, 14, 14410.67, 86854854, 456
6774, 32, 160, 374, 0, 0, 9.48%, 52, 0, 14, 12991.41, 86915214, 456
6779, 32, 348, 374, 0, 0, 9.48%, 52, 0, 14, 13265.80, 86988173, 456
6784, 32, 297, 374, 0, 0, 9.48%, 52, 0, 14, 11941.85, 87046264, 456
6789, 32, 230, 374, 0, 0, 9.48%, 52, 0, 14, 10575.25, 87096554, 456
6794, 32, 297, 374, 0, 0, 9.48%, 52, 0, 14, 13320.15, 87165427, 456
6799, 32, 363, 374, 0, 0, 9.48%, 52, 0, 14, 10964.31, 87215430, 456
6804, 32, 130, 374, 0, 0, 9.48%, 52, 0, 14, 9279.69, 87257472, 456
6809, 32, 234, 374, 0, 0, 9.48%, 52, 0, 14, 12013.11, 87318938, 456
6814, 32, 130, 374, 0, 0, 9.48%, 52, 0, 14, 13199.37, 87382618, 456
6819, 32, 282, 374, 0, 0, 9.48%, 52, 0, 14, 11502.53, 87443668, 456
6824, 32, 254, 374, 0, 0, 9.48%, 52, 0, 14, 12546.08, 87511158, 456
6829, 32, 0, 374, 0, 0, 9.48%, 52, 0, 14, 13006.27, 87574407, 456
6835, 32, 366, 374, 0, 0, 9.48%, 52, 0, 14, 8512.23, 87615169, 456
6840, 32, 29, 374, 0, 0, 9.48%, 52, 0, 14, 11613.94, 87672538, 456
6845, 32, 272, 374, 0, 0, 9.48%, 52, 0, 14, 8797.90, 87713739, 456
6850, 32, 372, 374, 0, 0, 9.48%, 52, 0, 14, 10110.16, 87766166, 456
6855, 32, 277, 374, 0, 0, 9.48%, 52, 0, 14, 10966.25, 87829051, 456
6860, 32, 87, 374, 0, 0, 9.48%, 52, 0, 14, 13453.53, 87893072, 456
6865, 33, 273, 374, 0, 0, 9.48%, 52, 0, 14, 9796.52, 87944224, 456
6870, 33, 75, 374, 0, 0, 9.48%, 52, 0, 14, 13453.54, 88014432, 456
6875, 33, 373, 374, 0, 0, 9.48%, 52, 0, 14, 10665.21, 88063167, 456
6880, 33, 276, 374, 0, 0, 9.48%, 52, 0, 14, 11295.85, 88126074, 456
6886, 33, 364, 374, 0, 0, 9.48%, 52, 0, 14, 9427.64, 88174347, 456
6891, 33, 344, 374, 0, 0, 9.48%, 52, 0, 14, 9616.10, 88224927, 456
6896, 33, 24, 374, 0, 0, 9.48%, 52, 0, 14, 13891.86, 88301601, 456
6901, 33, 277, 374, 0, 0, 9.48%, 52, 0, 14, 10623.45, 88359993, 456
6906, 33, 41, 374, 0, 0, 9.48%, 52, 0, 14, 14828.32, 88441655, 456
6911, 33, 279, 374, 0, 0, 9.48%, 52, 0, 14, 14359.60, 88519387, 456
6916, 33, 280, 374, 0, 0, 9.48%, 52, 0, 14, 11819.61, 88570467, 456
6921, 33, 0, 374, 0, 0, 9.48%, 52, 0, 14, 12065.92, 88629595, 456
6927, 33, 229, 374, 0, 0, 9.48%, 52, 0, 14, 13747.61, 88704585, 456
6932, 33, 88, 374, 0, 0, 9.48%, 52, 0, 14, 14691.14, 88780736, 456
6937, 33, 169, 374, 0, 0, 9.48%, 52, 0, 14, 12698.32, 88844963, 456
6942, 33, 0, 374, 0, 0, 9.48%, 52, 0, 14, 13830.27, 88915591, 456
6947, 33, 293, 374, 0, 0, 9.48%, 52, 0, 14, 11483.95, 88974929, 456
6952, 33, 40, 374, 0, 0, 9.48%, 52, 0, 14, 12983.91, 89039307, 456
6957, 33, 204, 374, 0, 0, 9.48%, 52, 0, 14, 11621.10, 89098890, 456
6962, 33, 33, 374, 0, 0, 9.48%, 52, 0, 14, 12416.81, 89159872, 456
6967, 33, 167, 374, 0, 0, 9.48%, 52, 0, 14, 13923.64, 89228247, 456
6972, 33, 0, 374, 0, 0, 9.48%, 52, 0, 14, 13685.90, 89299801, 456
6977, 33, 0, 374, 0, 0, 9.48%, 52, 0, 14, 14960.41, 89378438, 456
6983, 33, 0, 374, 0, 0, 9.48%, 52, 0, 14, 15504.45, 89458072, 456
6988, 33, 282, 374, 0, 0, 9.48%, 52, 0, 14, 12182.98, 89515780, 456
6993, 33, 368, 374, 0, 0, 9.48%, 52, 0, 14, 13535.33, 89586445, 456
6998, 33, 0, 374, 0, 0, 9.48%, 52, 0, 14, 8982.39, 89624226, 456
7003, 33, 277, 374, 0, 0, 9.48%, 52, 0, 14, 8291.64, 89668645, 456
7008, 33, 68, 374, 0, 0, 9.48%, 52, 0, 14, 10689.80, 89725272, 456
7013, 33, 130, 374, 0, 0, 9.48%, 52, 0, 14, 13846.34, 89800538, 456
7018, 33, 132, 374, 0, 0, 9.48%, 52, 0, 14, 14193.71, 89872301, 456
7023, 33, 288, 374, 0, 0, 9.48%, 52, 0, 14, 13757.77, 89944363, 456
7029, 33, 0, 374, 0, 0, 9.48%, 52, 0, 14, 14034.81, 90014085, 456
7034, 33, 169, 374, 0, 0, 9.48%, 52, 0, 14, 11615.95, 90068048, 456
7039, 33, 130, 374, 0, 0, 9.48%, 52, 0, 14, 12732.81, 90128536, 456
7044, 33, 130, 374, 0, 0, 9.48%, 52, 0, 14, 12794.63, 90187353, 456
7049, 33, 0, 374, 0, 0, 9.48%, 52, 0, 14, 14429.40, 90263304, 456
7054, 33, 0, 374, 0, 0, 9.48%, 52, 0, 14, 14681.58, 90340715, 456
7059, 33, 151, 374, 0, 0, 9.48%, 52, 0, 14, 11354.24, 90392468, 456
7064, 33, 151, 374, 0, 0, 9.48%, 52, 0, 14, 11669.08, 90449498, 456
7069, 34, 374, 376, 2, 0, 9.48%, 52, 0, 14, 1546.77, 90517287, 456
7074, 34, 374, 376, 2, 0, 9.48%, 52, 0, 14, 2993.42, 90532502, 456
7079, 34, 374, 376, 2, 0, 9.48%, 52, 0, 14, 3674.78, 90551752, 456
7085, 34, 374, 376, 2, 0, 9.48%, 52, 0, 14, 3675.04, 90570148, 456
7090, 34, 68, 376, 1, 0, 9.48%, 52, 0, 14, 10037.24, 90619731, 456
7095, 34, 0, 376, 0, 0, 9.48%, 52, 0, 14, 12320.87, 90679071, 456
7100, 34, 80, 376, 0, 0, 9.48%, 52, 0, 14, 13080.83, 90744546, 456
7105, 34, 169, 376, 0, 0, 9.48%, 52, 0, 14, 11559.00, 90796045, 456
7110, 34, 277, 376, 0, 0, 9.48%, 52, 0, 14, 11368.54, 90857851, 456
7115, 34, 233, 376, 0, 0, 9.48%, 52, 0, 14, 10169.46, 90907248, 456
7120, 34, 368, 376, 0, 0, 9.48%, 52, 0, 14, 11931.71, 90974901, 456
7125, 34, 0, 376, 0, 0, 9.48%, 52, 0, 14, 9629.46, 91015609, 456
7131, 34, 151, 376, 0, 0, 9.48%, 52, 0, 14, 12172.97, 91085347, 456
7136, 34, 145, 376, 0, 0, 9.48%, 52, 0, 14, 12098.14, 91149672, 456
7141, 34, 348, 376, 0, 0, 9.48%, 52, 0, 14, 11840.85, 91216406, 456
7146, 34, 42, 376, 0, 0, 9.48%, 52, 0, 14, 13276.41, 91287228, 456
7151, 34, 222, 376, 0, 0, 9.48%, 52, 0, 14, 13765.68, 91360598, 456
7156, 34, 169, 376, 0, 0, 9.48%, 52, 0, 14, 11685.59, 91415656, 456
7161, 34, 31, 376, 0, 0, 9.48%, 52, 0, 14, 13451.64, 91482016, 456
7166, 34, 42, 376, 0, 0, 9.48%, 52, 0, 14, 10244.51, 91532344, 456
7171, 34, 356, 376, 0, 0, 9.48%, 52, 0, 14, 11647.10, 91597021, 456
7177, 34, 287, 376, 0, 0, 9.48%, 52, 0, 14, 9046.44, 91637789, 456
7182, 34, 75, 376, 0, 0, 9.48%, 52, 0, 14, 9129.14, 91685053, 456
7187, 34, 0, 376, 0, 0, 9.48%, 52, 0, 14, 9990.16, 91739165, 456
7192, 34, 75, 376, 0, 0, 9.48%, 52, 0, 14, 13529.99, 91814332, 456
7197, 34, 132, 376, 0, 0, 9.48%, 52, 0, 14, 14113.93, 91887012, 456
7200, 34, 338, 376, 0, 0, 9.48%, 52, 0, 14, 15567.29, 91928773, 456
