# relative_time, cycles_done, cur_item, corpus_count, pending_total, pending_favs, map_size, saved_crashes, saved_hangs, max_depth, execs_per_sec, total_execs, edges_found
60, 1, 63, 69, 42, 0, 4.81%, 0, 0, 6, 15669.90, 1268060, 205
65, 1, 63, 70, 43, 0, 4.81%, 0, 0, 6, 15136.91, 1343618, 205
70, 1, 68, 74, 46, 0, 4.81%, 0, 0, 7, 13826.76, 1417534, 205
75, 1, 68, 74, 46, 0, 4.81%, 0, 0, 7, 11861.62, 1474636, 205
80, 1, 68, 75, 47, 0, 4.81%, 0, 0, 7, 10839.98, 1528395, 205
85, 1, 74, 83, 54, 0, 4.81%, 0, 0, 8, 10662.97, 1590246, 205
90, 1, 74, 84, 55, 0, 4.81%, 0, 0, 8, 8473.38, 1629922, 205
95, 1, 74, 84, 55, 0, 4.81%, 0, 0, 8, 8153.37, 1670443, 205
101, 1, 74, 84, 55, 0, 4.81%, 0, 0, 8, 7678.36, 1708649, 205
106, 1, 74, 84, 55, 0, 4.81%, 0, 0, 8, 7852.96, 1748126, 205
111, 1, 84, 87, 56, 0, 4.81%, 0, 0, 8, 14519.39, 1828400, 205
116, 1, 80, 88, 53, 0, 4.81%, 0, 0, 8, 19700.50, 1936206, 205
121, 1, 79, 88, 49, 0, 4.81%, 0, 0, 8, 11386.33, 1980982, 205
126, 1, 79, 89, 48, 0, 4.81%, 0, 0, 9, 17407.01, 2080081, 205
131, 1, 0, 90, 48, 0, 4.81%, 0, 0, 9, 21176.55, 2185462, 205
136, 1, 0, 90, 44, 0, 4.81%, 0, 0, 9, 19051.75, 2293313, 205
141, 1, 0, 91, 42, 0, 4.81%, 0, 0, 9, 18044.03, 2379088, 205
146, 1, 0, 92, 39, 0, 4.81%, 0, 0, 9, 21825.36, 2492641, 205
152, 1, 78, 92, 38, 0, 4.81%, 0, 0, 9, 18039.68, 2587322, 205
157, 1, 24, 94, 37, 0, 4.81%, 0, 0, 9, 19332.02, 2676031, 205
162, 2, 75, 110, 50, 0, 4.81%, 0, 0, 9, 14326.10, 2739184, 205
167, 2, 93, 111, 49, 0, 4.81%, 0, 0, 10, 14169.23, 2824339, 205
172, 2, 105, 114, 48, 0, 4.81%, 0, 0, 10, 12385.84, 2883024, 205
177, 2, 105, 114, 48, 0, 4.81%, 0, 0, 10, 9148.24, 2926328, 205
182, 2, 105, 114, 48, 0, 4.81%, 0, 0, 10, 8117.16, 2964904, 205
187, 2, 74, 115, 48, 0, 4.81%, 0, 0, 10, 9076.97, 3011493, 205
192, 2, 70, 115, 45, 0, 4.81%, 0, 0, 10, 15801.27, 3085292, 205
198, 2, 49, 115, 43, 0, 4.81%, 0, 0, 10, 26995.89, 3240449, 205
203, 2, 0, 115, 39, 0, 4.81%, 0, 0, 10, 19096.91, 3326935, 205
208, 2, 0, 116, 39, 0, 4.81%, 0, 0, 10, 24264.41, 3466707, 205
213, 2, 106, 116, 38, 0, 4.81%, 0, 0, 10, 15228.03, 3534640, 205
218, 2, 73, 117, 37, 0, 4.81%, 0, 0, 10, 10438.14, 3579753, 205
223, 2, 12, 117, 33, 0, 4.81%, 0, 0, 10, 22664.31, 3712282, 205
228, 2, 24, 117, 29, 0, 4.81%, 0, 0, 10, 21666.48, 3826673, 205
233, 2, 7, 117, 28, 0, 4.81%, 0, 0, 10, 20745.58, 3922239, 205
239, 2, 110, 117, 27, 0, 4.81%, 0, 0, 10, 14691.50, 4005967, 205
244, 2, 66, 117, 26, 0, 4.81%, 0, 0, 10, 20859.96, 4113443, 205
249, 2, 115, 119, 27, 0, 4.81%, 0, 0, 10, 15471.18, 4196909, 205
254, 2, 0, 119, 26, 0, 4.81%, 0, 0, 10, 20922.40, 4288198, 205
259, 3, 0, 119, 26, 0, 4.81%, 0, 0, 10, 23541.57, 4427192, 205
264, 3, 82, 119, 25, 0, 4.81%, 0, 0, 10, 21764.52, 4545987, 205
269, 3, 0, 119, 24, 0, 4.81%, 0, 0, 10, 25556.91, 4677869, 205
274, 3, 0, 119, 23, 0, 4.81%, 0, 0, 10, 20511.34, 4763555, 205
279, 3, 26, 119, 22, 0, 4.81%, 0, 0, 10, 15244.83, 4838480, 205
284, 3, 0, 119, 22, 0, 4.81%, 0, 0, 10, 22973.71, 4960700, 205
290, 3, 0, 119, 22, 0, 4.81%, 0, 0, 10, 17656.87, 5051408, 205
295, 3, 26, 119, 20, 0, 4.81%, 0, 0, 10, 18929.74, 5143465, 205
300, 3, 22, 119, 20, 0, 4.81%, 0, 0, 10, 18585.40, 5235118, 205
305, 3, 0, 119, 19, 0, 4.81%, 0, 0, 10, 26452.27, 5387112, 205
310, 3, 103, 119, 18, 0, 4.81%, 0, 0, 10, 16260.95, 5453811, 205
315, 3, 0, 119, 17, 0, 4.81%, 0, 0, 10, 21216.05, 5560836, 205
320, 3, 0, 119, 17, 0, 4.81%, 0, 0, 10, 18654.27, 5659906, 205
325, 3, 0, 119, 15, 0, 4.81%, 0, 0, 10, 24391.48, 5797352, 205
330, 3, 0, 119, 14, 0, 4.81%, 0, 0, 10, 19031.53, 5889918, 205
335, 4, 0, 120, 13, 0, 4.81%, 0, 0, 10, 16539.51, 5980791, 205
341, 4, 0, 120, 13, 0, 4.81%, 0, 0, 10, 21135.16, 6089308, 205
346, 4, 106, 120, 13, 0, 4.81%, 0, 0, 10, 17944.52, 6188869, 205
351, 4, 0, 120, 12, 0, 4.81%, 0, 0, 10, 12027.08, 6236200, 205
356, 4, 0, 120, 11, 0, 4.81%, 0, 0, 10, 14756.50, 6314440, 205
361, 4, 0, 120, 11, 0, 4.81%, 0, 0, 10, 10461.54, 6362219, 205
366, 4, 24, 120, 11, 0, 4.81%, 0, 0, 10, 14971.19, 6443731, 205
371, 4, 82, 120, 11, 0, 4.81%, 0, 0, 10, 11455.66, 6505668, 205
376, 4, 24, 120, 10, 0, 4.81%, 0, 0, 10, 20383.29, 6608216, 205
381, 4, 24, 120, 10, 0, 4.81%, 0, 0, 10, 18094.54, 6697782, 205
386, 4, 65, 120, 10, 0, 4.81%, 0, 0, 10, 24779.42, 6833458, 205
391, 4, 0, 120, 10, 0, 4.81%, 0, 0, 10, 13977.36, 6882624, 205
397, 4, 47, 120, 9, 0, 4.81%, 0, 0, 10, 20618.70, 7003395, 205
402, 4, 104, 120, 9, 0, 4.81%, 0, 0, 10, 14605.64, 7078943, 205
407, 4, 26, 120, 8, 0, 4.81%, 0, 0, 10, 11569.24, 7135291, 205
412, 4, 24, 120, 7, 0, 4.81%, 0, 0, 10, 16399.66, 7207862, 205
417, 4, 104, 120, 5, 0, 4.81%, 0, 0, 10, 12918.10, 7273761, 205
422, 5, 0, 120, 5, 0, 4.81%, 0, 0, 10, 25255.83, 7398974, 205
428, 5, 26, 120, 5, 0, 4.81%, 0, 0, 10, 28206.77, 7552566, 205
433, 5, 0, 120, 5, 0, 4.81%, 0, 0, 10, 18099.25, 7639774, 205
438, 5, 0, 120, 5, 0, 4.81%, 0, 0, 10, 19423.54, 7735297, 205
443, 5, 0, 120, 4, 0, 4.81%, 0, 0, 10, 19738.36, 7833571, 205
448, 5, 84, 120, 4, 0, 4.81%, 0, 0, 10, 15987.83, 7908573, 205
453, 5, 0, 120, 4, 0, 4.81%, 0, 0, 10, 22569.59, 8023034, 205
458, 5, 0, 120, 4, 0, 4.81%, 0, 0, 10, 17090.92, 8108195, 205
463, 5, 0, 120, 3, 0, 4.81%, 0, 0, 10, 19111.06, 8200556, 205
468, 5, 23, 120, 3, 0, 4.81%, 0, 0, 10, 18865.01, 8297003, 205
474, 5, 0, 120, 3, 0, 4.81%, 0, 0, 10, 14146.98, 8360428, 205
479, 5, 0, 120, 3, 0, 4.81%, 0, 0, 10, 18872.26, 8461452, 205
484, 6, 0, 120, 2, 0, 4.81%, 0, 0, 10, 19863.21, 8556898, 205
489, 6, 83, 120, 2, 0, 4.81%, 0, 0, 10, 17104.25, 8645407, 205
494, 6, 74, 120, 1, 0, 4.81%, 0, 0, 10, 19866.95, 8753744, 205
499, 6, 0, 120, 1, 0, 4.81%, 0, 0, 10, 21180.97, 8863267, 205
504, 6, 110, 120, 1, 0, 4.81%, 0, 0, 10, 22055.06, 8977017, 205
509, 6, 0, 120, 1, 0, 4.81%, 0, 0, 10, 15514.63, 9038738, 205
514, 6, 0, 120, 1, 0, 4.81%, 0, 0, 10, 15868.80, 9124106, 205
519, 6, 65, 121, 1, 0, 4.81%, 0, 0, 10, 15682.02, 9211830, 205
525, 6, 88, 121, 1, 0, 4.81%, 0, 0, 10, 13406.83, 9289206, 205
530, 6, 0, 121, 1, 0, 4.81%, 0, 0, 10, 15775.62, 9372842, 205
535, 6, 79, 121, 1, 0, 4.81%, 0, 0, 10, 19766.06, 9477368, 205
540, 6, 0, 121, 1, 0, 4.81%, 0, 0, 10, 18834.72, 9570055, 205
545, 6, 0, 121, 1, 0, 4.81%, 0, 0, 10, 19939.56, 9671969, 205
550, 6, 0, 121, 1, 0, 4.81%, 0, 0, 10, 12139.38, 9729152, 205
555, 6, 0, 121, 1, 0, 4.81%, 0, 0, 10, 15437.50, 9808920, 205
560, 7, 116, 121, 1, 0, 4.81%, 0, 0, 10, 16482.68, 9883705, 205
565, 7, 27, 121, 1, 0, 4.81%, 0, 0, 10, 19713.97, 9979215, 205
571, 7, 26, 121, 1, 0, 4.81%, 0, 0, 10, 18423.74, 10061909, 205
576, 7, 104, 121, 1, 0, 4.81%, 0, 0, 10, 20701.58, 10169719, 205
581, 7, 24, 121, 0, 0, 4.81%, 0, 0, 10, 20400.94, 10263069, 205
586, 7, 107, 121, 0, 0, 4.81%, 0, 0, 10, 24351.62, 10386619, 205
591, 7, 0, 121, 0, 0, 4.81%, 0, 0, 10, 22880.05, 10484246, 205
596, 7, 24, 121, 0, 0, 4.81%, 0, 0, 10, 27621.81, 10626549, 205
601, 7, 0, 121, 0, 0, 4.81%, 0, 0, 10, 29325.71, 10762502, 205
606, 7, 0, 121, 0, 0, 4.81%, 0, 0, 10, 25516.02, 10903543, 205
611, 7, 0, 121, 0, 0, 4.81%, 0, 0, 10, 17827.74, 10972914, 205
616, 8, 77, 121, 0, 0, 4.81%, 0, 0, 10, 14265.88, 11043267, 205
621, 8, 0, 121, 0, 0, 4.81%, 0, 0, 10, 14179.39, 11113961, 205
627, 8, 75, 121, 0, 0, 4.81%, 0, 0, 10, 17117.57, 11208771, 205
632, 8, 106, 121, 0, 0, 4.81%, 0, 0, 10, 11490.66, 11266179, 205
637, 8, 27, 121, 0, 0, 4.81%, 0, 0, 10, 22320.87, 11380593, 205
642, 8, 114, 121, 0, 0, 4.81%, 0, 0, 10, 19880.94, 11482212, 205
647, 8, 93, 121, 0, 0, 4.81%, 0, 0, 10, 23152.70, 11600892, 205
652, 8, 77, 121, 0, 0, 4.81%, 0, 0, 10, 18753.59, 11679483, 205
657, 8, 24, 121, 0, 0, 4.81%, 0, 0, 10, 18625.64, 11760008, 205
662, 8, 81, 121, 0, 0, 4.81%, 0, 0, 10, 18074.51, 11856951, 205
667, 8, 74, 121, 0, 0, 4.81%, 0, 0, 10, 24245.56, 11995673, 205
672, 8, 4, 121, 0, 0, 4.81%, 0, 0, 10, 21653.22, 12083235, 205
677, 8, 99, 121, 0, 0, 4.81%, 0, 0, 10, 16214.05, 12165694, 205
682, 8, 83, 121, 0, 0, 4.81%, 0, 0, 10, 21864.25, 12288737, 205
688, 9, 4, 123, 2, 0, 4.81%, 0, 0, 10, 17511.99, 12371414, 205
693, 9, 106, 123, 2, 0, 4.81%, 0, 0, 10, 22567.74, 12493108, 205
698, 9, 26, 123, 1, 0, 4.81%, 0, 0, 10, 21403.90, 12593956, 205
703, 9, 0, 123, 1, 0, 4.81%, 0, 0, 10, 22951.99, 12705281, 205
708, 9, 24, 123, 1, 0, 4.81%, 0, 0, 10, 23052.40, 12828128, 205
713, 9, 66, 123, 1, 0, 4.81%, 0, 0, 10, 18637.19, 12917445, 205
718, 9, 110, 123, 1, 0, 4.81%, 0, 0, 10, 19740.75, 13028780, 205
723, 9, 69, 123, 1, 0, 4.81%, 0, 0, 10, 20768.34, 13123818, 205
728, 9, 0, 123, 1, 0, 4.81%, 0, 0, 10, 23323.05, 13236195, 205
734, 9, 26, 123, 1, 0, 4.81%, 0, 0, 10, 25599.82, 13356938, 205
739, 10, 40, 123, 1, 0, 4.81%, 0, 0, 10, 26130.56, 13505071, 205
744, 10, 0, 123, 1, 0, 4.81%, 0, 0, 10, 28220.54, 13649109, 205
749, 10, 103, 123, 1, 0, 4.81%, 0, 0, 10, 21465.68, 13757204, 205
754, 10, 46, 123, 1, 0, 4.81%, 0, 0, 10, 20311.16, 13850159, 205
759, 10, 0, 123, 1, 0, 4.81%, 0, 0, 10, 23000.51, 13986848, 205
764, 10, 110, 123, 1, 0, 4.81%, 0, 0, 10, 19808.62, 14104682, 205
770, 10, 0, 123, 0, 0, 4.81%, 0, 0, 10, 15748.95, 14169447, 205
775, 10, 0, 123, 0, 0, 4.81%, 0, 0, 10, 22012.18, 14289374, 205
780, 10, 113, 123, 0, 0, 4.81%, 0, 0, 10, 18139.62, 14374453, 205
785, 10, 84, 123, 0, 0, 4.81%, 0, 0, 10, 19436.21, 14467675, 205
790, 10, 0, 123, 0, 0, 4.81%, 0, 0, 10, 21828.61, 14578471, 205
795, 11, 0, 123, 0, 0, 4.81%, 0, 0, 10, 25864.06, 14707820, 205
800, 11, 24, 123, 0, 0, 4.81%, 0, 0, 10, 21787.46, 14819749, 205
805, 11, 66, 123, 0, 0, 4.81%, 0, 0, 10, 24619.50, 14947642, 205
810, 11, 0, 123, 0, 0, 4.81%, 0, 0, 10, 24064.97, 15070135, 205
815, 11, 76, 123, 0, 0, 4.81%, 0, 0, 10, 20711.17, 15180778, 205
820, 11, 0, 123, 0, 0, 4.81%, 0, 0, 10, 22512.68, 15301048, 205
825, 11, 66, 123, 0, 0, 4.81%, 0, 0, 10, 20738.12, 15413026, 205
830, 11, 24, 123, 0, 0, 4.81%, 0, 0, 10, 16352.03, 15490624, 205
836, 11, 26, 123, 0, 0, 4.81%, 0, 0, 10, 16954.36, 15570718, 205
841, 11, 0, 123, 0, 0, 4.81%, 0, 0, 10, 17838.76, 15659681, 205
846, 12, 0, 123, 0, 0, 4.81%, 0, 0, 10, 23803.22, 15786355, 205
851, 12, 26, 123, 0, 0, 4.81%, 0, 0, 10, 19569.06, 15883506, 205
856, 12, 24, 123, 0, 0, 4.81%, 0, 0, 10, 23912.63, 16009870, 205
861, 12, 63, 123, 0, 0, 4.81%, 0, 0, 10, 19985.43, 16099766, 205
866, 12, 93, 123, 0, 0, 4.81%, 0, 0, 10, 20127.44, 16221685, 205
871, 12, 79, 123, 0, 0, 4.81%, 0, 0, 10, 28075.70, 16363428, 205
877, 12, 27, 123, 0, 0, 4.81%, 0, 0, 10, 20643.13, 16457516, 205
882, 12, 0, 123, 0, 0, 4.81%, 0, 0, 10, 20970.31, 16559632, 205
887, 12, 109, 123, 0, 0, 4.81%, 0, 0, 10, 22918.85, 16686114, 205
892, 12, 0, 123, 0, 0, 4.81%, 0, 0, 10, 19182.58, 16774653, 205
897, 12, 0, 123, 0, 0, 4.81%, 0, 0, 10, 19974.95, 16879458, 205
902, 13, 26, 123, 0, 0, 4.81%, 0, 0, 10, 20634.24, 16989635, 205
907, 13, 0, 123, 0, 0, 4.81%, 0, 0, 10, 25043.07, 17111610, 205
912, 13, 8, 123, 0, 0, 4.81%, 0, 0, 10, 27094.30, 17240565, 205
917, 13, 0, 123, 0, 0, 4.81%, 0, 0, 10, 24123.25, 17374681, 205
922, 13, 0, 123, 0, 0, 4.81%, 0, 0, 10, 22033.60, 17487395, 205
928, 13, 26, 123, 0, 0, 4.81%, 0, 0, 10, 19501.16, 17580230, 205
933, 13, 0, 123, 0, 0, 4.81%, 0, 0, 10, 24725.92, 17698836, 205
938, 13, 27, 123, 0, 0, 4.81%, 0, 0, 10, 23249.52, 17817008, 205
943, 13, 93, 123, 0, 0, 4.81%, 0, 0, 10, 19391.66, 17919471, 205
948, 13, 81, 123, 0, 0, 4.81%, 0, 0, 10, 25472.83, 18060816, 205
953, 14, 0, 123, 0, 0, 4.81%, 0, 0, 10, 25968.48, 18176759, 205
958, 14, 0, 123, 0, 0, 4.81%, 0, 0, 10, 29072.70, 18333751, 205
963, 14, 0, 123, 0, 0, 4.81%, 0, 0, 10, 19339.80, 18416025, 205
968, 14, 0, 123, 0, 0, 4.81%, 0, 0, 10, 25148.20, 18569731, 205
973, 14, 0, 123, 0, 0, 4.81%, 0, 0, 10, 19113.26, 18654967, 205
978, 14, 26, 123, 0, 0, 4.81%, 0, 0, 10, 20555.05, 18772732, 205
984, 14, 114, 123, 0, 0, 4.81%, 0, 0, 10, 13756.90, 18842853, 205
989, 14, 26, 123, 0, 0, 4.81%, 0, 0, 10, 17677.78, 18936459, 205
994, 14, 105, 123, 0, 0, 4.81%, 0, 0, 10, 15902.56, 19024445, 205
999, 14, 110, 123, 0, 0, 4.81%, 0, 0, 10, 13802.06, 19103719, 205
1004, 14, 120, 123, 0, 0, 4.81%, 0, 0, 10, 20195.43, 19195843, 205
1009, 15, 79, 123, 0, 0, 4.81%, 0, 0, 10, 19913.01, 19304212, 205
1014, 15, 27, 123, 0, 0, 4.81%, 0, 0, 10, 24662.71, 19416345, 205
1019, 15, 26, 123, 0, 0, 4.81%, 0, 0, 10, 22081.46, 19535170, 205
1024, 15, 0, 123, 0, 0, 4.81%, 0, 0, 10, 22698.97, 19656290, 205
1029, 15, 0, 123, 0, 0, 4.81%, 0, 0, 10, 21761.65, 19775887, 205
1034, 15, 26, 123, 0, 0, 4.81%, 0, 0, 10, 20337.75, 19879505, 205
1039, 15, 36, 123, 0, 0, 4.81%, 0, 0, 10, 24437.37, 20016590, 205
1045, 15, 81, 123, 0, 0, 4.81%, 0, 0, 10, 22481.03, 20117309, 205
1050, 15, 24, 123, 0, 0, 4.81%, 0, 0, 10, 24436.12, 20229380, 205
1055, 16, 0, 123, 0, 0, 4.81%, 0, 0, 10, 28046.37, 20384578, 205
1060, 16, 0, 123, 0, 0, 4.81%, 0, 0, 10, 25867.25, 20519479, 205
1065, 16, 81, 123, 0, 0, 4.81%, 0, 0, 10, 20486.86, 20605801, 205
1070, 16, 0, 123, 0, 0, 4.81%, 0, 0, 10, 21364.89, 20709569, 205
1075, 16, 82, 123, 0, 0, 4.81%, 0, 0, 10, 20009.71, 20825616, 205
1080, 16, 0, 123, 0, 0, 4.81%, 0, 0, 10, 19679.40, 20915200, 205
1085, 16, 0, 123, 0, 0, 4.81%, 0, 0, 10, 27895.74, 21066858, 205
1090, 16, 0, 123, 0, 0, 4.81%, 0, 0, 10, 22556.87, 21183387, 205
1095, 16, 0, 123, 0, 0, 4.81%, 0, 0, 10, 28069.40, 21334485, 205
1100, 16, 26, 123, 0, 0, 4.81%, 0, 0, 10, 25114.23, 21457944, 205
1106, 17, 0, 123, 0, 0, 4.81%, 0, 0, 10, 26423.04, 21594837, 205
1111, 17, 76, 123, 0, 0, 4.81%, 0, 0, 10, 21833.56, 21716762, 205
1116, 17, 88, 123, 0, 0, 4.81%, 0, 0, 10, 27359.03, 21852616, 205
1121, 17, 0, 123, 0, 0, 4.81%, 0, 0, 10, 22467.16, 21945513, 205
1126, 17, 24, 123, 0, 0, 4.81%, 0, 0, 10, 20268.88, 22040255, 205
1131, 17, 112, 123, 0, 0, 4.81%, 0, 0, 10, 21208.19, 22142911, 205
1136, 17, 0, 123, 0, 0, 4.81%, 0, 0, 10, 27610.37, 22275283, 205
1141, 17, 114, 123, 0, 0, 4.81%, 0, 0, 10, 16693.25, 22353414, 205
1146, 17, 118, 123, 0, 0, 4.81%, 0, 0, 10, 20836.66, 22454987, 205
1151, 17, 0, 123, 0, 0, 4.81%, 0, 0, 10, 26047.36, 22590438, 205
1156, 18, 0, 123, 0, 0, 4.81%, 0, 0, 10, 27425.00, 22736997, 205
1161, 18, 79, 123, 0, 0, 4.81%, 0, 0, 10, 19788.50, 22840455, 205
1166, 18, 105, 123, 0, 0, 4.81%, 0, 0, 10, 18388.16, 22950584, 205
1171, 18, 118, 123, 0, 0, 4.81%, 0, 0, 10, 18522.89, 23048867, 205
1177, 18, 0, 123, 0, 0, 4.81%, 0, 0, 10, 19453.39, 23142352, 205
1182, 18, 0, 123, 0, 0, 4.81%, 0, 0, 10, 25637.30, 23277683, 205
1187, 18, 0, 123, 0, 0, 4.81%, 0, 0, 10, 21922.76, 23384222, 205
1192, 18, 83, 123, 0, 0, 4.81%, 0, 0, 10, 18114.37, 23470898, 205
1197, 18, 0, 123, 0, 0, 4.81%, 0, 0, 10, 25048.71, 23605962, 205
1202, 18, 0, 123, 0, 0, 4.81%, 0, 0, 10, 24111.94, 23716537, 205
1207, 18, 93, 123, 0, 0, 4.81%, 0, 0, 10, 17654.40, 23800937, 205
1212, 19, 72, 123, 0, 0, 4.81%, 0, 0, 10, 15219.57, 23874562, 205
1217, 19, 0, 123, 0, 0, 4.81%, 0, 0, 10, 22571.65, 23987217, 205
1222, 19, 114, 123, 0, 0, 4.81%, 0, 0, 10, 17024.59, 24064002, 205
1227, 19, 0, 123, 0, 0, 4.81%, 0, 0, 10, 17699.39, 24154765, 205
1233, 19, 0, 123, 0, 0, 4.81%, 0, 0, 10, 25024.98, 24285564, 205
1238, 19, 0, 123, 0, 0, 4.81%, 0, 0, 10, 29385.91, 24439941, 205
1243, 19, 0, 123, 0, 0, 4.81%, 0, 0, 10, 28569.51, 24569421, 205
1248, 19, 0, 123, 0, 0, 4.81%, 0, 0, 10, 25134.50, 24706798, 205
1253, 19, 0, 123, 0, 0, 4.81%, 0, 0, 10, 28879.28, 24850107, 205
1258, 19, 24, 123, 0, 0, 4.81%, 0, 0, 10, 23530.25, 24968270, 205
1263, 20, 0, 123, 0, 0, 4.81%, 0, 0, 10, 22897.54, 25068831, 205
1268, 20, 0, 123, 0, 0, 4.81%, 0, 0, 10, 17716.69, 25156727, 205
1274, 20, 26, 123, 0, 0, 4.81%, 0, 0, 10, 27314.87, 25299333, 205
1279, 20, 114, 123, 0, 0, 4.81%, 0, 0, 10, 19970.35, 25405901, 205
1284, 20, 0, 123, 0, 0, 4.81%, 0, 0, 10, 25305.76, 25526344, 205
1289, 20, 82, 123, 0, 0, 4.81%, 0, 0, 10, 21325.55, 25643826, 205
1294, 20, 24, 123, 0, 0, 4.81%, 0, 0, 10, 20294.88, 25733347, 205
1299, 20, 114, 123, 0, 0, 4.81%, 0, 0, 10, 19572.52, 25852466, 205
1304, 20, 0, 123, 0, 0, 4.81%, 0, 0, 10, 26498.03, 25987789, 205
1310, 20, 82, 123, 0, 0, 4.81%, 0, 0, 10, 16069.28, 26062640, 205
1315, 21, 0, 123, 0, 0, 4.81%, 0, 0, 10, 26553.61, 26208491, 205
1320, 21, 69, 123, 0, 0, 4.81%, 0, 0, 10, 18143.97, 26298790, 205
1325, 21, 36, 123, 0, 0, 4.81%, 0, 0, 10, 15503.58, 26385923, 205
1330, 21, 24, 123, 0, 0, 4.81%, 0, 0, 10, 18748.57, 26478744, 205
1335, 21, 76, 123, 0, 0, 4.81%, 0, 0, 10, 17128.52, 26584844, 205
1340, 21, 0, 123, 0, 0, 4.81%, 0, 0, 10, 22690.39, 26716545, 205
1346, 21, 76, 123, 0, 0, 4.81%, 0, 0, 10, 19058.28, 26812967, 205
1351, 21, 0, 123, 0, 0, 4.81%, 0, 0, 10, 22759.58, 26919506, 205
1356, 21, 110, 123, 0, 0, 4.81%, 0, 0, 10, 15088.81, 26991122, 205
1361, 21, 0, 123, 0, 0, 4.81%, 0, 0, 10, 26891.44, 27133536, 205
1366, 21, 0, 123, 0, 0, 4.81%, 0, 0, 10, 28901.21, 27286844, 205
1371, 22, 0, 123, 0, 0, 4.81%, 0, 0, 10, 23780.97, 27391416, 205
1376, 22, 110, 123, 0, 0, 4.81%, 0, 0, 10, 21846.92, 27514703, 205
1381, 22, 0, 123, 0, 0, 4.81%, 0, 0, 10, 21884.76, 27611387, 205
1386, 22, 0, 123, 0, 0, 4.81%, 0, 0, 10, 24594.31, 27730751, 205
1391, 22, 0, 123, 0, 0, 4.81%, 0, 0, 10, 24525.80, 27845711, 205
1396, 22, 75, 123, 0, 0, 4.81%, 0, 0, 10, 26782.64, 27975159, 205
1402, 22, 74, 123, 0, 0, 4.81%, 0, 0, 10, 19688.39, 28062793, 205
1407, 22, 20, 123, 0, 0, 4.81%, 0, 0, 10, 26510.56, 28204416, 205
1412, 22, 0, 123, 0, 0, 4.81%, 0, 0, 10, 28762.04, 28339281, 205
1417, 23, 0, 123, 0, 0, 4.81%, 0, 0, 10, 26441.32, 28458668, 205
1422, 23, 113, 123, 0, 0, 4.81%, 0, 0, 10, 25150.95, 28584804, 205
1427, 23, 0, 123, 0, 0, 4.81%, 0, 0, 10, 17609.53, 28659374, 205
1432, 23, 0, 123, 0, 0, 4.81%, 0, 0, 10, 24604.18, 28783951, 205
1437, 23, 79, 123, 0, 0, 4.81%, 0, 0, 10, 23122.94, 28890808, 205
1442, 23, 28, 123, 0, 0, 4.81%, 0, 0, 10, 21247.51, 28988210, 205
1447, 23, 26, 123, 0, 0, 4.81%, 0, 0, 10, 25924.48, 29121920, 205
1452, 23, 0, 123, 0, 0, 4.81%, 0, 0, 10, 25926.53, 29246220, 205
1458, 23, 115, 123, 0, 0, 4.81%, 0, 0, 10, 29064.59, 29410909, 205
1463, 23, 70, 123, 0, 0, 4.81%, 0, 0, 10, 26564.67, 29533929, 205
1468, 24, 26, 123, 0, 0, 4.81%, 0, 0, 10, 21585.95, 29629037, 205
1473, 24, 102, 123, 0, 0, 4.81%, 0, 0, 10, 27967.55, 29770651, 205
1478, 24, 73, 123, 0, 0, 4.81%, 0, 0, 10, 18038.62, 29853737, 205
1483, 24, 0, 123, 0, 0, 4.81%, 0, 0, 10, 25906.74, 29982086, 205
1488, 24, 0, 123, 0, 0, 4.81%, 0, 0, 10, 26982.40, 30127765, 205
1493, 24, 0, 123, 0, 0, 4.81%, 0, 0, 10, 28877.07, 30269373, 205
1498, 24, 0, 123, 0, 0, 4.81%, 0, 0, 10, 28579.53, 30416260, 205
1503, 24, 82, 123, 0, 0, 4.81%, 0, 0, 10, 22927.54, 30534953, 205
1508, 24, 110, 123, 0, 0, 4.81%, 0, 0, 10, 12530.75, 30585846, 205
1513, 24, 57, 123, 0, 0, 4.81%, 0, 0, 10, 24035.94, 30726908, 205
1519, 25, 24, 124, 1, 0, 4.81%, 0, 0, 10, 17473.60, 30808235, 205
1524, 25, 115, 124, 1, 0, 4.81%, 0, 0, 10, 27033.75, 30955650, 205
1529, 25, 0, 124, 0, 0, 4.81%, 0, 0, 10, 24943.75, 31075107, 205
1534, 25, 123, 124, 0, 0, 4.81%, 0, 0, 10, 22538.34, 31200195, 205
1539, 25, 103, 125, 1, 0, 4.81%, 0, 0, 10, 17099.53, 31294592, 205
1544, 25, 27, 125, 1, 0, 4.81%, 0, 0, 10, 30229.36, 31466652, 205
1550, 25, 0, 125, 1, 0, 4.81%, 0, 0, 10, 23213.25, 31580110, 205
1555, 25, 0, 125, 1, 0, 4.81%, 0, 0, 10, 28666.95, 31735690, 205
1560, 25, 82, 126, 1, 0, 4.81%, 0, 0, 10, 17398.09, 31815203, 205
1565, 25, 20, 126, 1, 0, 4.81%, 0, 0, 10, 26624.17, 31954963, 205
1570, 26, 0, 126, 1, 0, 4.81%, 0, 0, 10, 22854.37, 32076537, 205
1575, 26, 0, 126, 1, 0, 4.81%, 0, 0, 10, 25980.28, 32209780, 205
1580, 26, 0, 126, 1, 0, 4.81%, 0, 0, 10, 21526.71, 32318971, 205
1585, 26, 0, 126, 1, 0, 4.81%, 0, 0, 10, 18852.66, 32405346, 205
1590, 26, 125, 126, 1, 0, 4.81%, 0, 0, 10, 23156.80, 32540890, 205
1595, 26, 0, 126, 0, 0, 4.81%, 0, 0, 10, 27049.54, 32670857, 205
1600, 26, 0, 126, 0, 0, 4.81%, 0, 0, 10, 26401.06, 32802601, 205
1606, 26, 103, 126, 0, 0, 4.81%, 0, 0, 10, 27446.43, 32941287, 205
1611, 26, 80, 126, 0, 0, 4.81%, 0, 0, 10, 15115.93, 32998403, 205
1616, 26, 0, 126, 0, 0, 4.81%, 0, 0, 10, 24220.52, 33125626, 205
1621, 26, 81, 126, 0, 0, 4.81%, 0, 0, 10, 30665.06, 33295366, 205
1626, 27, 0, 126, 0, 0, 4.81%, 0, 0, 10, 24067.04, 33401401, 205
1631, 27, 124, 126, 0, 0, 4.81%, 0, 0, 10, 20188.04, 33506081, 205
1636, 27, 27, 126, 0, 0, 4.81%, 0, 0, 10, 26315.98, 33641193, 205
1642, 27, 0, 126, 0, 0, 4.81%, 0, 0, 10, 22371.46, 33741990, 205
1647, 27, 105, 126, 0, 0, 4.81%, 0, 0, 10, 19204.36, 33840373, 205
1652, 27, 80, 126, 0, 0, 4.81%, 0, 0, 10, 20324.77, 33935192, 205
1657, 27, 0, 126, 0, 0, 4.81%, 0, 0, 10, 21729.17, 34036981, 205
1662, 27, 82, 126, 0, 0, 4.81%, 0, 0, 10, 20233.65, 34134623, 205
1667, 27, 0, 126, 0, 0, 4.81%, 0, 0, 10, 21862.56, 34238078, 205
1672, 27, 0, 126, 0, 0, 4.81%, 0, 0, 10, 22081.22, 34338301, 205
1677, 27, 0, 126, 0, 0, 4.81%, 0, 0, 10, 29286.03, 34483432, 205
1682, 28, 88, 126, 0, 0, 4.81%, 0, 0, 10, 20581.20, 34580361, 205
1688, 28, 0, 126, 0, 0, 4.81%, 0, 0, 10, 25728.02, 34701484, 205
1693, 28, 0, 126, 0, 0, 4.81%, 0, 0, 10, 28604.52, 34849030, 205
1698, 28, 88, 126, 0, 0, 4.81%, 0, 0, 10, 26134.91, 34988229, 205
1703, 28, 24, 126, 0, 0, 4.81%, 0, 0, 10, 25141.36, 35101295, 205
1708, 28, 0, 126, 0, 0, 4.81%, 0, 0, 10, 25801.89, 35224935, 205
1713, 28, 0, 126, 0, 0, 4.81%, 0, 0, 10, 24741.45, 35348713, 205
1718, 28, 24, 126, 0, 0, 4.81%, 0, 0, 10, 26760.38, 35479709, 205
1723, 28, 124, 126, 0, 0, 4.81%, 0, 0, 10, 26719.74, 35609045, 205
1728, 28, 24, 126, 0, 0, 4.81%, 0, 0, 10, 22951.56, 35726832, 205
1733, 29, 0, 126, 0, 0, 4.81%, 0, 0, 10, 23192.28, 35836271, 205
1738, 29, 35, 126, 0, 0, 4.81%, 0, 0, 10, 23641.20, 35955170, 205
1743, 29, 26, 126, 0, 0, 4.81%, 0, 0, 10, 25182.76, 36080603, 205
1748, 29, 67, 126, 0, 0, 4.81%, 0, 0, 10, 17304.11, 36156152, 205
1754, 29, 0, 126, 0, 0, 4.81%, 0, 0, 10, 26317.97, 36295095, 205
1759, 29, 23, 126, 0, 0, 4.81%, 0, 0, 10, 24464.87, 36412688, 205
1764, 29, 0, 126, 0, 0, 4.81%, 0, 0, 10, 23008.16, 36525839, 205
1769, 29, 70, 126, 0, 0, 4.81%, 0, 0, 10, 19085.49, 36622640, 205
1774, 29, 24, 126, 0, 0, 4.81%, 0, 0, 10, 16118.94, 36708006, 205
1779, 30, 0, 126, 0, 0, 4.81%, 0, 0, 10, 18747.74, 36807078, 205
1784, 30, 0, 126, 0, 0, 4.81%, 0, 0, 10, 28677.40, 36962121, 205
1789, 30, 24, 126, 0, 0, 4.81%, 0, 0, 10, 19532.28, 37051042, 205
1795, 30, 24, 126, 0, 0, 4.81%, 0, 0, 10, 26880.05, 37192869, 205
1800, 30, 80, 126, 0, 0, 4.81%, 0, 0, 10, 21413.60, 37307471, 205
1805, 30, 0, 126, 0, 0, 4.81%, 0, 0, 10, 21799.17, 37416323, 205
1810, 30, 118, 126, 0, 0, 4.81%, 0, 0, 10, 25084.35, 37563754, 205
1815, 30, 40, 126, 0, 0, 4.81%, 0, 0, 10, 26886.66, 37687696, 205
1820, 30, 0, 126, 0, 0, 4.81%, 0, 0, 10, 18631.42, 37772749, 205
1825, 30, 75, 126, 0, 0, 4.81%, 0, 0, 10, 23168.44, 37912523, 205
1830, 31, 125, 126, 0, 0, 4.81%, 0, 0, 10, 15952.03, 37987537, 205
1835, 31, 0, 126, 0, 0, 4.81%, 0, 0, 10, 22918.92, 38094992, 205
1841, 31, 80, 126, 0, 0, 4.81%, 0, 0, 10, 21274.12, 38199915, 205
1846, 31, 0, 126, 0, 0, 4.81%, 0, 0, 10, 19765.47, 38285351, 205
1851, 31, 0, 126, 0, 0, 4.81%, 0, 0, 10, 21482.54, 38387565, 205
1856, 31, 114, 126, 0, 0, 4.81%, 0, 0, 10, 17284.95, 38482531, 205
1861, 31, 115, 126, 0, 0, 4.81%, 0, 0, 10, 22268.81, 38592413, 205
1866, 31, 0, 126, 0, 0, 4.81%, 0, 0, 10, 27381.18, 38729261, 205
1871, 31, 0, 126, 0, 0, 4.81%, 0, 0, 10, 24532.56, 38853175, 205
1876, 31, 0, 126, 0, 0, 4.81%, 0, 0, 10, 29127.65, 39010477, 205
1881, 31, 26, 126, 0, 0, 4.81%, 0, 0, 10, 27226.17, 39135356, 205
1886, 32, 27, 126, 0, 0, 4.81%, 0, 0, 10, 26637.84, 39250503, 205
1891, 32, 26, 126, 0, 0, 4.81%, 0, 0, 10, 21330.42, 39342618, 205
1897, 32, 0, 126, 0, 0, 4.81%, 0, 0, 10, 31327.30, 39516990, 205
1902, 32, 76, 126, 0, 0, 4.81%, 0, 0, 10, 23499.52, 39613705, 205
1907, 32, 0, 126, 0, 0, 4.81%, 0, 0, 10, 25626.41, 39740132, 205
1912, 32, 77, 126, 0, 0, 4.81%, 0, 0, 10, 25068.73, 39853317, 205
1917, 32, 0, 126, 0, 0, 4.81%, 0, 0, 10, 28287.76, 39987162, 205
1922, 32, 24, 126, 0, 0, 4.81%, 0, 0, 10, 22584.93, 40081307, 205
1927, 32, 27, 126, 0, 0, 4.81%, 0, 0, 10, 22032.98, 40201962, 205
1932, 33, 77, 126, 0, 0, 4.81%, 0, 0, 10, 14826.94, 40274320, 205
1937, 33, 105, 126, 0, 0, 4.81%, 0, 0, 10, 21527.77, 40398252, 205
1942, 33, 0, 126, 0, 0, 4.81%, 0, 0, 10, 22363.40, 40497939, 205
1947, 33, 0, 126, 0, 0, 4.81%, 0, 0, 10, 16992.02, 40572595, 205
1953, 33, 26, 126, 0, 0, 4.81%, 0, 0, 10, 20075.62, 40670534, 205
1958, 33, 93, 126, 0, 0, 4.81%, 0, 0, 10, 19997.69, 40790499, 205
1963, 33, 111, 126, 0, 0, 4.81%, 0, 0, 10, 17361.08, 40872756, 205
1968, 33, 0, 126, 0, 0, 4.81%, 0, 0, 10, 18942.70, 40967044, 205
1973, 33, 57, 126, 0, 0, 4.81%, 0, 0, 10, 25333.66, 41091141, 205
1978, 33, 0, 126, 0, 0, 4.81%, 0, 0, 10, 20463.73, 41195084, 205
1983, 34, 125, 126, 0, 0, 4.81%, 0, 0, 10, 21232.48, 41301854, 205
1988, 34, 0, 126, 0, 0, 4.81%, 0, 0, 10, 26482.46, 41438818, 205
1993, 34, 48, 126, 0, 0, 4.81%, 0, 0, 10, 28291.25, 41578520, 205
1998, 34, 24, 126, 0, 0, 4.81%, 0, 0, 10, 26449.79, 41717085, 205
2003, 34, 0, 126, 0, 0, 4.81%, 0, 0, 10, 23884.17, 41829619, 205
2009, 34, 88, 126, 0, 0, 4.81%, 0, 0, 10, 23910.20, 41966048, 205
2014, 34, 63, 126, 0, 0, 4.81%, 0, 0, 10, 23104.68, 42065697, 205
2019, 34, 0, 126, 0, 0, 4.81%, 0, 0, 10, 21085.09, 42175028, 205
2024, 34, 0, 126, 0, 0, 4.81%, 0, 0, 10, 23616.50, 42292395, 205
2029, 35, 24, 126, 0, 0, 4.81%, 0, 0, 10, 19575.78, 42389115, 205
2034, 35, 24, 126, 0, 0, 4.81%, 0, 0, 10, 17777.45, 42472984, 205
2039, 35, 115, 126, 0, 0, 4.81%, 0, 0, 10, 19160.94, 42595247, 205
2044, 35, 82, 126, 0, 0, 4.81%, 0, 0, 10, 22079.28, 42705756, 205
2049, 35, 68, 126, 0, 0, 4.81%, 0, 0, 10, 22124.05, 42814714, 205
2055, 35, 26, 126, 0, 0, 4.81%, 0, 0, 10, 24113.34, 42926696, 205
2060, 35, 0, 126, 0, 0, 4.81%, 0, 0, 10, 24330.05, 43054775, 205
2065, 35, 27, 126, 0, 0, 4.81%, 0, 0, 10, 20737.59, 43158005, 205
2070, 35, 40, 126, 0, 0, 4.81%, 0, 0, 10, 22576.38, 43280441, 205
2075, 35, 0, 126, 0, 0, 4.81%, 0, 0, 10, 21935.70, 43397970, 205
2080, 35, 69, 126, 0, 0, 4.81%, 0, 0, 10, 22623.23, 43518098, 205
2085, 36, 84, 126, 0, 0, 4.81%, 0, 0, 10, 25511.25, 43644662, 205
2090, 36, 78, 126, 0, 0, 4.81%, 0, 0, 10, 13770.86, 43701351, 205
2095, 36, 113, 126, 0, 0, 4.81%, 0, 0, 10, 16261.89, 43778352, 205
2100, 36, 103, 126, 0, 0, 4.81%, 0, 0, 10, 16074.55, 43867282, 205
2106, 36, 0, 126, 0, 0, 4.81%, 0, 0, 10, 26294.55, 44000285, 205
2111, 36, 35, 126, 0, 0, 4.81%, 0, 0, 10, 20141.09, 44100011, 205
2116, 36, 0, 126, 0, 0, 4.81%, 0, 0, 10, 25545.28, 44226737, 205
2121, 36, 0, 126, 0, 0, 4.81%, 0, 0, 10, 24358.52, 44341878, 205
2126, 36, 24, 126, 0, 0, 4.81%, 0, 0, 10, 21921.04, 44453507, 205
2131, 36, 0, 126, 0, 0, 4.81%, 0, 0, 10, 21020.94, 44563635, 205
2136, 36, 23, 126, 0, 0, 4.81%, 0, 0, 10, 21597.64, 44688714, 205
2141, 37, 0, 126, 0, 0, 4.81%, 0, 0, 10, 19783.06, 44791470, 205
2147, 37, 79, 126, 0, 0, 4.81%, 0, 0, 10, 19296.85, 44908490, 205
2152, 37, 77, 126, 0, 0, 4.81%, 0, 0, 10, 18800.63, 45003206, 205
2157, 37, 0, 126, 0, 0, 4.81%, 0, 0, 10, 22915.05, 45120443, 205
2162, 37, 24, 126, 0, 0, 4.81%, 0, 0, 10, 19132.27, 45220961, 205
2167, 37, 0, 126, 0, 0, 4.81%, 0, 0, 10, 23245.27, 45342268, 205
2172, 37, 0, 126, 0, 0, 4.81%, 0, 0, 10, 21535.06, 45451026, 205
2177, 37, 0, 126, 0, 0, 4.81%, 0, 0, 10, 25513.38, 45576841, 205
2182, 37, 26, 126, 0, 0, 4.81%, 0, 0, 10, 23128.89, 45689115, 205
2187, 38, 0, 126, 0, 0, 4.81%, 0, 0, 10, 24891.12, 45816525, 205
2192, 38, 88, 126, 0, 0, 4.81%, 0, 0, 10, 21413.84, 45916390, 205
2198, 38, 75, 126, 0, 0, 4.81%, 0, 0, 10, 15325.11, 45991957, 205
2203, 38, 107, 126, 0, 0, 4.81%, 0, 0, 10, 21664.90, 46104149, 205
2208, 38, 82, 126, 0, 0, 4.81%, 0, 0, 10, 17075.36, 46184447, 205
2213, 38, 114, 126, 0, 0, 4.81%, 0, 0, 10, 14794.20, 46252839, 205
2218, 38, 106, 126, 0, 0, 4.81%, 0, 0, 10, 12968.06, 46320939, 205
2223, 38, 40, 126, 0, 0, 4.81%, 0, 0, 10, 21951.08, 46426740, 205
2228, 38, 82, 126, 0, 0, 4.81%, 0, 0, 10, 20786.80, 46548365, 205
2233, 38, 0, 126, 0, 0, 4.81%, 0, 0, 10, 22041.17, 46650813, 205
2238, 38, 0, 126, 0, 0, 4.81%, 0, 0, 10, 27854.22, 46807079, 205
2243, 38, 0, 126, 0, 0, 4.81%, 0, 0, 10, 26937.85, 46942333, 205
2248, 39, 62, 126, 0, 0, 4.81%, 0, 0, 10, 19103.23, 47032348, 205
2254, 39, 0, 126, 0, 0, 4.81%, 0, 0, 10, 20676.07, 47142907, 205
2259, 39, 61, 126, 0, 0, 4.81%, 0, 0, 10, 20423.41, 47243232, 205
2264, 39, 0, 126, 0, 0, 4.81%, 0, 0, 10, 24837.40, 47369099, 205
2269, 39, 93, 126, 0, 0, 4.81%, 0, 0, 10, 17400.42, 47449088, 205
2274, 39, 114, 126, 0, 0, 4.81%, 0, 0, 10, 19762.55, 47563336, 205
2279, 39, 0, 126, 0, 0, 4.81%, 0, 0, 10, 20484.18, 47672491, 205
2284, 39, 88, 126, 0, 0, 4.81%, 0, 0, 10, 17969.66, 47773585, 205
2289, 39, 28, 126, 0, 0, 4.81%, 0, 0, 10, 19355.58, 47871360, 205
2294, 39, 0, 126, 0, 0, 4.81%, 0, 0, 10, 26494.16, 47996227, 205
2299, 39, 0, 126, 0, 0, 4.81%, 0, 0, 10, 33346.21, 48179089, 205
2305, 40, 124, 126, 0, 0, 4.81%, 0, 0, 10, 26776.58, 48304721, 205
2310, 40, 0, 126, 0, 0, 4.81%, 0, 0, 10, 19183.88, 48391709, 205
2315, 40, 0, 126, 0, 0, 4.81%, 0, 0, 10, 24067.83, 48517002, 205
2320, 40, 82, 126, 0, 0, 4.81%, 0, 0, 10, 20584.68, 48622108, 205
2325, 40, 0, 126, 0, 0, 4.81%, 0, 0, 10, 23608.90, 48729893, 205
2330, 40, 93, 126, 0, 0, 4.81%, 0, 0, 10, 20698.34, 48837506, 205
2335, 40, 0, 126, 0, 0, 4.81%, 0, 0, 10, 23577.24, 48939160, 205
2340, 40, 79, 126, 0, 0, 4.81%, 0, 0, 10, 25510.68, 49088319, 205
2345, 40, 0, 126, 0, 0, 4.81%, 0, 0, 10, 22778.94, 49184699, 205
2350, 40, 104, 126, 0, 0, 4.81%, 0, 0, 10, 19582.54, 49278548, 205
2356, 41, 123, 126, 0, 0, 4.81%, 0, 0, 10, 21770.28, 49374771, 205
2361, 41, 0, 126, 0, 0, 4.81%, 0, 0, 10, 23077.72, 49490283, 205
2366, 41, 118, 126, 0, 0, 4.81%, 0, 0, 10, 21375.75, 49603535, 205
2371, 41, 0, 126, 0, 0, 4.81%, 0, 0, 10, 24890.37, 49728026, 205
2376, 41, 93, 126, 0, 0, 4.81%, 0, 0, 10, 22184.57, 49847391, 205
2381, 41, 80, 126, 0, 0, 4.81%, 0, 0, 10, 16167.79, 49930000, 205
2386, 41, 0, 126, 0, 0, 4.81%, 0, 0, 10, 19765.46, 50026973, 205
2391, 41, 0, 126, 0, 0, 4.81%, 0, 0, 10, 18164.86, 50110989, 205
2396, 41, 0, 126, 0, 0, 4.81%, 0, 0, 10, 23701.03, 50240096, 205
2402, 41, 110, 126, 0, 0, 4.81%, 0, 0, 10, 15915.65, 50327006, 205
2407, 41, 0, 126, 0, 0, 4.81%, 0, 0, 10, 16088.86, 50395540, 205
2412, 42, 79, 126, 0, 0, 4.81%, 0, 0, 10, 21694.46, 50523260, 205
2417, 42, 0, 126, 0, 0, 4.81%, 0, 0, 10, 23460.09, 50628803, 205
2422, 42, 0, 126, 0, 0, 4.81%, 0, 0, 10, 18681.95, 50720199, 205
2427, 42, 93, 126, 0, 0, 4.81%, 0, 0, 10, 20018.48, 50841655, 205
2432, 42, 120, 126, 0, 0, 4.81%, 0, 0, 10, 15864.03, 50905625, 205
2437, 42, 26, 126, 0, 0, 4.81%, 0, 0, 10, 16772.93, 50977579, 205
2442, 42, 77, 126, 0, 0, 4.81%, 0, 0, 10, 22716.27, 51098408, 205
2448, 42, 112, 126, 0, 0, 4.81%, 0, 0, 10, 19140.83, 51200384, 205
2453, 42, 0, 126, 0, 0, 4.81%, 0, 0, 10, 28800.41, 51343159, 205
2458, 42, 0, 126, 0, 0, 4.81%, 0, 0, 10, 22063.32, 51449775, 205
2463, 42, 0, 126, 0, 0, 4.81%, 0, 0, 10, 23361.13, 51561758, 205
2468, 42, 121, 126, 0, 0, 4.81%, 0, 0, 10, 17041.96, 51636541, 205
2473, 43, 0, 126, 0, 0, 4.81%, 0, 0, 10, 23588.30, 51755571, 205
2478, 43, 0, 126, 0, 0, 4.81%, 0, 0, 10, 21486.13, 51856442, 205
2483, 43, 77, 126, 0, 0, 4.81%, 0, 0, 10, 21093.27, 51968146, 205
2488, 43, 0, 126, 0, 0, 4.81%, 0, 0, 10, 21252.54, 52079113, 205
2493, 43, 75, 126, 0, 0, 4.81%, 0, 0, 10, 21950.41, 52187328, 205
2499, 43, 0, 126, 0, 0, 4.81%, 0, 0, 10, 23586.27, 52302642, 205
2504, 43, 0, 126, 0, 0, 4.81%, 0, 0, 10, 25864.37, 52420788, 205
2509, 43, 0, 126, 0, 0, 4.81%, 0, 0, 10, 22668.60, 52540616, 205
2514, 43, 24, 126, 0, 0, 4.81%, 0, 0, 10, 22348.72, 52649180, 205
2519, 43, 27, 126, 0, 0, 4.81%, 0, 0, 10, 3765.36, 52735103, 205
2524, 44, 88, 126, 0, 0, 4.81%, 0, 0, 10, 17048.14, 52797123, 205
2530, 44, 80, 126, 0, 0, 4.81%, 0, 0, 10, 13001.23, 52860249, 205
2535, 44, 114, 126, 0, 0, 4.81%, 0, 0, 10, 18902.08, 52968771, 205
2540, 44, 84, 126, 0, 0, 4.81%, 0, 0, 10, 20539.58, 53074609, 205
2545, 44, 77, 126, 0, 0, 4.81%, 0, 0, 10, 15655.28, 53149411, 205
2550, 44, 26, 126, 0, 0, 4.81%, 0, 0, 10, 13890.16, 53218388, 205
2555, 44, 114, 126, 0, 0, 4.81%, 0, 0, 10, 18751.36, 53330547, 205
2560, 44, 0, 126, 0, 0, 4.81%, 0, 0, 10, 18905.56, 53416614, 205
2565, 44, 114, 126, 0, 0, 4.81%, 0, 0, 10, 18343.01, 53525631, 205
2570, 44, 0, 126, 0, 0, 4.81%, 0, 0, 10, 15712.96, 53592905, 205
2575, 44, 0, 126, 0, 0, 4.81%, 0, 0, 10, 18277.96, 53689493, 205
2580, 44, 0, 126, 0, 0, 4.81%, 0, 0, 10, 15919.47, 53761163, 205
2585, 44, 24, 126, 0, 0, 4.81%, 0, 0, 10, 15971.31, 53838223, 205
2590, 45, 82, 126, 0, 0, 4.81%, 0, 0, 10, 15094.12, 53922930, 205
2596, 45, 24, 126, 0, 0, 4.81%, 0, 0, 10, 18957.83, 54016047, 205
2601, 45, 0, 126, 0, 0, 4.81%, 0, 0, 10, 22988.97, 54137555, 205
2606, 45, 0, 126, 0, 0, 4.81%, 0, 0, 10, 16079.62, 54212234, 205
2611, 45, 0, 126, 0, 0, 4.81%, 0, 0, 10, 16762.36, 54289322, 205
2616, 45, 0, 126, 0, 0, 4.81%, 0, 0, 10, 17633.88, 54378945, 205
2621, 45, 0, 126, 0, 0, 4.81%, 0, 0, 10, 22911.44, 54497681, 205
2626, 45, 0, 126, 0, 0, 4.81%, 0, 0, 10, 24133.10, 54611115, 205
2632, 45, 65, 126, 0, 0, 4.81%, 0, 0, 10, 23144.89, 54721527, 205
2637, 45, 27, 126, 0, 0, 4.81%, 0, 0, 10, 22836.84, 54822790, 205
2642, 45, 0, 126, 0, 0, 4.81%, 0, 0, 10, 23118.78, 54935320, 205
2647, 45, 18, 126, 0, 0, 4.81%, 0, 0, 10, 22394.47, 55052319, 205
2652, 45, 111, 126, 0, 0, 4.81%, 0, 0, 10, 15100.80, 55123212, 205
2657, 46, 0, 126, 0, 0, 4.81%, 0, 0, 10, 15007.27, 55202153, 205
2662, 46, 0, 126, 0, 0, 4.81%, 0, 0, 10, 15426.36, 55280447, 205
2667, 46, 107, 126, 0, 0, 4.81%, 0, 0, 10, 17913.72, 55378203, 205
2672, 46, 106, 126, 0, 0, 4.81%, 0, 0, 10, 16529.17, 55466920, 205
2677, 46, 0, 126, 0, 0, 4.81%, 0, 0, 10, 24795.57, 55590537, 205
2683, 46, 0, 126, 0, 0, 4.81%, 0, 0, 10, 22101.83, 55699776, 205
2688, 46, 40, 126, 0, 0, 4.81%, 0, 0, 10, 21114.02, 55820529, 205
2693, 46, 74, 126, 0, 0, 4.81%, 0, 0, 10, 17566.31, 55906637, 205
2698, 46, 0, 126, 0, 0, 4.81%, 0, 0, 10, 18362.53, 55998580, 205
2703, 46, 70, 126, 0, 0, 4.81%, 0, 0, 10, 21697.22, 56110457, 205
2708, 46, 59, 126, 0, 0, 4.81%, 0, 0, 10, 23768.96, 56225475, 205
2713, 47, 0, 126, 0, 0, 4.81%, 0, 0, 10, 16329.18, 56303448, 205
2718, 47, 0, 126, 0, 0, 4.81%, 0, 0, 10, 14231.09, 56377416, 205
2723, 47, 125, 126, 0, 0, 4.81%, 0, 0, 10, 15503.73, 56467463, 205
2729, 47, 0, 126, 0, 0, 4.81%, 0, 0, 10, 16777.02, 56547578, 205
2734, 47, 0, 126, 0, 0, 4.81%, 0, 0, 10, 18460.52, 56645150, 205
2739, 47, 0, 126, 0, 0, 4.81%, 0, 0, 10, 21628.98, 56755410, 205
2744, 47, 0, 126, 0, 0, 4.81%, 0, 0, 10, 27525.28, 56905079, 205
2749, 47, 0, 126, 0, 0, 4.81%, 0, 0, 10, 17799.74, 56983218, 205
2754, 47, 0, 126, 0, 0, 4.81%, 0, 0, 10, 19706.43, 57092542, 205
2759, 47, 110, 126, 0, 0, 4.81%, 0, 0, 10, 15358.62, 57182737, 205
2765, 47, 24, 126, 0, 0, 4.81%, 0, 0, 10, 19387.90, 57275751, 205
2770, 47, 0, 126, 0, 0, 4.81%, 0, 0, 10, 17990.53, 57374954, 205
2775, 48, 0, 126, 0, 0, 4.81%, 0, 0, 10, 21090.74, 57475823, 205
2780, 48, 93, 126, 0, 0, 4.81%, 0, 0, 10, 13715.74, 57546611, 205
2785, 48, 103, 126, 0, 0, 4.81%, 0, 0, 10, 14482.04, 57634435, 205
2790, 48, 0, 126, 0, 0, 4.81%, 0, 0, 10, 19087.32, 57735735, 205
2795, 48, 26, 126, 0, 0, 4.81%, 0, 0, 10, 17567.16, 57832547, 205
2800, 48, 0, 126, 0, 0, 4.81%, 0, 0, 10, 20803.74, 57941923, 205
2805, 48, 79, 126, 0, 0, 4.81%, 0, 0, 10, 22062.75, 58064902, 205
2810, 48, 104, 126, 0, 0, 4.81%, 0, 0, 10, 16018.61, 58128513, 205
2816, 48, 24, 126, 0, 0, 4.81%, 0, 0, 10, 18594.20, 58205557, 205
2821, 48, 0, 126, 0, 0, 4.81%, 0, 0, 10, 25886.59, 58345728, 205
2826, 48, 124, 126, 0, 0, 4.81%, 0, 0, 10, 21411.56, 58455836, 205
2831, 49, 114, 126, 0, 0, 4.81%, 0, 0, 10, 18171.74, 58559682, 205
2836, 49, 0, 126, 0, 0, 4.81%, 0, 0, 10, 21982.91, 58672376, 205
2841, 49, 27, 126, 0, 0, 4.81%, 0, 0, 10, 24162.07, 58784415, 205
2846, 49, 0, 126, 0, 0, 4.81%, 0, 0, 10, 18154.66, 58862912, 205
2851, 49, 78, 126, 0, 0, 4.81%, 0, 0, 10, 13448.04, 58934440, 205
2856, 49, 79, 126, 0, 0, 4.81%, 0, 0, 10, 18974.92, 59024994, 205
2862, 49, 93, 126, 0, 0, 4.81%, 0, 0, 10, 21754.85, 59128353, 205
2867, 49, 0, 126, 0, 0, 4.81%, 0, 0, 10, 23244.57, 59240665, 205
2872, 49, 20, 126, 0, 0, 4.81%, 0, 0, 10, 14074.74, 59298978, 205
2877, 49, 103, 126, 0, 0, 4.81%, 0, 0, 10, 17411.50, 59404502, 205
2882, 49, 82, 126, 0, 0, 4.81%, 0, 0, 10, 15166.56, 59483393, 205
2887, 49, 0, 126, 0, 0, 4.81%, 0, 0, 10, 27118.17, 59625244, 205
2892, 50, 71, 126, 0, 0, 4.81%, 0, 0, 10, 16814.63, 59702217, 205
2897, 50, 123, 126, 0, 0, 4.81%, 0, 0, 10, 19878.89, 59803223, 205
2902, 50, 114, 126, 0, 0, 4.81%, 0, 0, 10, 21092.68, 59918367, 205
2907, 50, 24, 126, 0, 0, 4.81%, 0, 0, 10, 26333.07, 60040252, 205
2912, 50, 4, 126, 0, 0, 4.81%, 0, 0, 10, 23654.61, 60157195, 205
2917, 50, 107, 126, 0, 0, 4.81%, 0, 0, 10, 22791.28, 60272405, 205
2922, 50, 0, 126, 0, 0, 4.81%, 0, 0, 10, 24881.11, 60389375, 205
2927, 50, 0, 126, 0, 0, 4.81%, 0, 0, 10, 18322.20, 60484144, 205
2933, 50, 78, 126, 0, 0, 4.81%, 0, 0, 10, 16382.40, 60561466, 205
2938, 50, 24, 126, 0, 0, 4.81%, 0, 0, 10, 27623.23, 60713090, 205
2943, 50, 93, 126, 0, 0, 4.81%, 0, 0, 10, 21051.91, 60818850, 205
2948, 51, 82, 126, 0, 0, 4.81%, 0, 0, 10, 23040.76, 60934689, 205
2953, 51, 27, 126, 0, 0, 4.81%, 0, 0, 10, 26377.29, 61057833, 205
2958, 51, 0, 126, 0, 0, 4.81%, 0, 0, 10, 23607.23, 61177834, 205
2963, 51, 0, 126, 0, 0, 4.81%, 0, 0, 10, 26188.45, 61307166, 205
2968, 51, 115, 126, 0, 0, 4.81%, 0, 0, 10, 20718.33, 61413824, 205
2973, 51, 0, 126, 0, 0, 4.81%, 0, 0, 10, 25343.33, 61540566, 205
2979, 51, 0, 126, 0, 0, 4.81%, 0, 0, 10, 26458.53, 61688502, 205
2984, 51, 79, 126, 0, 0, 4.81%, 0, 0, 10, 20127.85, 61783005, 205
2989, 51, 0, 126, 0, 0, 4.81%, 0, 0, 10, 16562.35, 61863533, 205
2994, 51, 114, 126, 0, 0, 4.81%, 0, 0, 10, 16281.95, 61949235, 205
2999, 52, 0, 126, 0, 0, 4.81%, 0, 0, 10, 22602.10, 62078534, 205
3004, 52, 111, 126, 0, 0, 4.81%, 0, 0, 10, 22697.04, 62201259, 205
3009, 52, 0, 126, 0, 0, 4.81%, 0, 0, 10, 23713.11, 62320282, 205
3015, 52, 75, 126, 0, 0, 4.81%, 0, 0, 10, 22282.66, 62446004, 205
3020, 52, 0, 126, 0, 0, 4.81%, 0, 0, 10, 23197.73, 62576102, 205
3025, 52, 105, 126, 0, 0, 4.81%, 0, 0, 10, 21156.84, 62691987, 205
3030, 52, 26, 126, 0, 0, 4.81%, 0, 0, 10, 19139.67, 62740848, 205
3035, 52, 26, 126, 0, 0, 4.81%, 0, 0, 10, 17431.67, 62840847, 205
3040, 52, 0, 126, 0, 0, 4.81%, 0, 0, 10, 21399.68, 62956399, 205
3045, 52, 104, 126, 0, 0, 4.81%, 0, 0, 10, 13762.79, 63018619, 205
3050, 52, 0, 126, 0, 0, 4.81%, 0, 0, 10, 12388.01, 63078565, 205
3055, 52, 79, 126, 0, 0, 4.81%, 0, 0, 10, 12665.17, 63156339, 205
3060, 53, 28, 126, 0, 0, 4.81%, 0, 0, 10, 18790.71, 63267132, 205
3065, 53, 0, 126, 0, 0, 4.81%, 0, 0, 10, 19527.13, 63368787, 205
3070, 53, 46, 126, 0, 0, 4.81%, 0, 0, 10, 20399.02, 63477969, 205
3076, 53, 26, 126, 0, 0, 4.81%, 0, 0, 10, 14932.85, 63554021, 205
3081, 53, 0, 126, 0, 0, 4.81%, 0, 0, 10, 12493.25, 63619335, 205
3086, 53, 2, 126, 0, 0, 4.81%, 0, 0, 10, 15925.99, 63703589, 205
3091, 53, 70, 126, 0, 0, 4.81%, 0, 0, 10, 17822.59, 63778212, 205
3096, 53, 40, 126, 0, 0, 4.81%, 0, 0, 10, 14839.36, 63843039, 205
3101, 53, 0, 126, 0, 0, 4.81%, 0, 0, 10, 23650.20, 63964695, 205
3106, 53, 0, 126, 0, 0, 4.81%, 0, 0, 10, 23604.87, 64086997, 205
3111, 54, 0, 126, 0, 0, 4.81%, 0, 0, 10, 21973.75, 64189380, 205
3116, 54, 0, 126, 0, 0, 4.81%, 0, 0, 10, 23842.39, 64314694, 205
3121, 54, 0, 126, 0, 0, 4.81%, 0, 0, 10, 18040.33, 64383795, 205
3127, 54, 83, 126, 0, 0, 4.81%, 0, 0, 10, 16953.08, 64468939, 205
3132, 54, 0, 126, 0, 0, 4.81%, 0, 0, 10, 21959.76, 64558885, 205
3137, 54, 0, 126, 0, 0, 4.81%, 0, 0, 10, 31602.40, 64731562, 205
3142, 54, 88, 126, 0, 0, 4.81%, 0, 0, 10, 20127.06, 64825914, 205
3147, 54, 0, 126, 0, 0, 4.81%, 0, 0, 10, 23927.20, 64941892, 205
3152, 54, 0, 126, 0, 0, 4.81%, 0, 0, 10, 23191.76, 65056644, 205
3157, 54, 76, 126, 0, 0, 4.81%, 0, 0, 10, 4583.63, 65167770, 205
3162, 55, 26, 126, 0, 0, 4.81%, 0, 0, 10, 18227.60, 65260990, 205
3168, 55, 0, 126, 0, 0, 4.81%, 0, 0, 10, 16447.89, 65348063, 205
3173, 55, 0, 126, 0, 0, 4.81%, 0, 0, 10, 20328.16, 65452139, 205
3178, 55, 0, 126, 0, 0, 4.81%, 0, 0, 10, 16220.48, 65537572, 205
3183, 55, 77, 126, 0, 0, 4.81%, 0, 0, 10, 17690.25, 65636485, 205
3188, 55, 82, 126, 0, 0, 4.81%, 0, 0, 10, 25366.74, 65771515, 205
3193, 55, 0, 126, 0, 0, 4.81%, 0, 0, 10, 24394.90, 65882272, 205
3198, 55, 78, 126, 0, 0, 4.81%, 0, 0, 10, 19871.76, 65983167, 205
3203, 55, 0, 126, 0, 0, 4.81%, 0, 0, 10, 15165.90, 66052442, 205
3208, 55, 0, 126, 0, 0, 4.81%, 0, 0, 10, 18537.69, 66159263, 205
3213, 55, 103, 126, 0, 0, 4.81%, 0, 0, 10, 13855.20, 66230197, 205
3218, 56, 0, 126, 0, 0, 4.81%, 0, 0, 10, 13768.24, 66303306, 205
3223, 56, 0, 126, 0, 0, 4.81%, 0, 0, 10, 19453.15, 66416296, 205
3229, 56, 0, 126, 0, 0, 4.81%, 0, 0, 10, 14833.80, 66492194, 205
3234, 56, 110, 126, 0, 0, 4.81%, 0, 0, 10, 12019.69, 66555804, 205
3239, 56, 88, 126, 0, 0, 4.81%, 0, 0, 10, 19622.85, 66663897, 205
3244, 56, 0, 126, 0, 0, 4.81%, 0, 0, 10, 14844.62, 66730954, 205
3249, 56, 24, 126, 0, 0, 4.81%, 0, 0, 10, 18519.22, 66822111, 205
3254, 56, 0, 126, 0, 0, 4.81%, 0, 0, 10, 21928.72, 66935188, 205
3259, 56, 0, 126, 0, 0, 4.81%, 0, 0, 10, 19414.45, 67025537, 205
3264, 56, 0, 126, 0, 0, 4.81%, 0, 0, 10, 25874.41, 67163388, 205
3269, 56, 110, 126, 0, 0, 4.81%, 0, 0, 10, 17917.03, 67263632, 205
3275, 57, 69, 126, 0, 0, 4.81%, 0, 0, 10, 28307.35, 67417495, 205
3280, 57, 120, 126, 0, 0, 4.81%, 0, 0, 10, 21444.29, 67512376, 205
3285, 57, 0, 126, 0, 0, 4.81%, 0, 0, 10, 27746.44, 67666202, 205
3290, 57, 88, 126, 0, 0, 4.81%, 0, 0, 10, 17755.80, 67753032, 205
3295, 57, 0, 126, 0, 0, 4.81%, 0, 0, 10, 24802.71, 67877501, 205
3300, 57, 75, 126, 0, 0, 4.81%, 0, 0, 10, 20926.01, 67993281, 205
3305, 57, 73, 126, 0, 0, 4.81%, 0, 0, 10, 24381.62, 68116269, 205
3310, 57, 81, 126, 0, 0, 4.81%, 0, 0, 10, 15700.62, 68188396, 205
3316, 57, 93, 126, 0, 0, 4.81%, 0, 0, 10, 18520.00, 68289307, 205
3321, 57, 26, 126, 0, 0, 4.81%, 0, 0, 10, 17462.13, 68378983, 205
3326, 57, 26, 126, 0, 0, 4.81%, 0, 0, 10, 19404.54, 68467317, 205
3331, 57, 63, 126, 0, 0, 4.81%, 0, 0, 10, 19379.55, 68574194, 205
3336, 58, 0, 126, 0, 0, 4.81%, 0, 0, 10, 26584.21, 68719505, 205
3341, 58, 83, 126, 0, 0, 4.81%, 0, 0, 10, 22654.67, 68835223, 205
3347, 58, 0, 126, 0, 0, 4.81%, 0, 0, 10, 18457.59, 68922037, 205
3352, 58, 27, 126, 0, 0, 4.81%, 0, 0, 10, 20922.70, 69021003, 205
3357, 58, 115, 126, 0, 0, 4.81%, 0, 0, 10, 18462.88, 69112594, 205
3362, 58, 24, 126, 0, 0, 4.81%, 0, 0, 10, 23807.15, 69224220, 205
3367, 58, 0, 126, 0, 0, 4.81%, 0, 0, 10, 19091.85, 69311749, 205
3372, 58, 58, 126, 0, 0, 4.81%, 0, 0, 10, 14818.53, 69385341, 205
3377, 58, 0, 126, 0, 0, 4.81%, 0, 0, 10, 26155.13, 69534352, 205
3383, 58, 24, 126, 0, 0, 4.81%, 0, 0, 10, 18347.63, 69615766, 205
3388, 59, 83, 126, 0, 0, 4.81%, 0, 0, 10, 27632.31, 69769484, 205
3393, 59, 0, 126, 0, 0, 4.81%, 0, 0, 10, 29246.16, 69904268, 205
3398, 59, 7, 126, 0, 0, 4.81%, 0, 0, 10, 27626.27, 70026365, 205
3403, 59, 0, 126, 0, 0, 4.81%, 0, 0, 10, 29181.09, 70167294, 205
3408, 59, 0, 126, 0, 0, 4.81%, 0, 0, 10, 17336.07, 70250308, 205
3413, 59, 123, 126, 0, 0, 4.81%, 0, 0, 10, 15229.99, 70322334, 205
3418, 59, 0, 126, 0, 0, 4.81%, 0, 0, 10, 20843.06, 70435076, 205
3423, 59, 0, 126, 0, 0, 4.81%, 0, 0, 10, 21630.74, 70535371, 205
3428, 59, 0, 126, 0, 0, 4.81%, 0, 0, 10, 18673.56, 70621773, 205
3433, 59, 75, 126, 0, 0, 4.81%, 0, 0, 10, 15531.86, 70704982, 205
3439, 59, 123, 126, 0, 0, 4.81%, 0, 0, 10, 12777.20, 70766716, 205
3444, 59, 0, 126, 0, 0, 4.81%, 0, 0, 10, 21403.47, 70877237, 205
3449, 60, 0, 126, 0, 0, 4.81%, 0, 0, 10, 21634.20, 70981469, 205
3454, 60, 124, 126, 0, 0, 4.81%, 0, 0, 10, 25657.07, 71120663, 205
3459, 60, 125, 126, 0, 0, 4.81%, 0, 0, 10, 19968.57, 71221472, 205
3464, 60, 105, 126, 0, 0, 4.81%, 0, 0, 10, 19891.70, 71334365, 205
3469, 60, 0, 126, 0, 0, 4.81%, 0, 0, 10, 13769.03, 71395556, 205
3474, 60, 93, 126, 0, 0, 4.81%, 0, 0, 10, 15458.37, 71478913, 205
3479, 60, 83, 126, 0, 0, 4.81%, 0, 0, 10, 16217.65, 71577160, 205
3485, 60, 93, 126, 0, 0, 4.81%, 0, 0, 10, 14567.68, 71654461, 205
3490, 60, 0, 126, 0, 0, 4.81%, 0, 0, 10, 17191.04, 71748139, 205
3495, 60, 0, 126, 0, 0, 4.81%, 0, 0, 10, 22804.99, 71860505, 205
3500, 60, 81, 126, 0, 0, 4.81%, 0, 0, 10, 17469.15, 71950859, 205
3505, 61, 76, 126, 0, 0, 4.81%, 0, 0, 10, 12657.72, 72012054, 205
3510, 61, 76, 126, 0, 0, 4.81%, 0, 0, 10, 14025.63, 72087777, 205
3515, 61, 0, 126, 0, 0, 4.81%, 0, 0, 10, 19066.21, 72183449, 205
3520, 61, 36, 126, 0, 0, 4.81%, 0, 0, 10, 18943.77, 72282679, 205
3525, 61, 123, 126, 0, 0, 4.81%, 0, 0, 10, 20025.05, 72385409, 205
3530, 61, 123, 126, 0, 0, 4.81%, 0, 0, 10, 18825.62, 72477853, 205
3535, 61, 84, 126, 0, 0, 4.81%, 0, 0, 10, 16043.99, 72566582, 205
3540, 61, 36, 126, 0, 0, 4.81%, 0, 0, 10, 14841.39, 72636424, 205
3545, 61, 124, 126, 0, 0, 4.81%, 0, 0, 10, 20638.72, 72737781, 205
3550, 61, 0, 126, 0, 0, 4.81%, 0, 0, 10, 23783.70, 72847430, 205
3556, 61, 68, 126, 0, 0, 4.81%, 0, 0, 10, 22839.28, 72961260, 205
3561, 61, 0, 126, 0, 0, 4.81%, 0, 0, 10, 17059.40, 73040045, 205
3566, 62, 73, 126, 0, 0, 4.81%, 0, 0, 10, 18877.39, 73143236, 205
3571, 62, 93, 126, 0, 0, 4.81%, 0, 0, 10, 18194.02, 73235331, 205
3576, 62, 0, 126, 0, 0, 4.81%, 0, 0, 10, 17087.31, 73316926, 205
3581, 62, 0, 126, 0, 0, 4.81%, 0, 0, 10, 25444.16, 73463313, 205
3586, 62, 0, 126, 0, 0, 4.81%, 0, 0, 10, 24424.78, 73587055, 205
3591, 62, 0, 126, 0, 0, 4.81%, 0, 0, 10, 18712.25, 73661717, 205
3597, 62, 0, 126, 0, 0, 4.81%, 0, 0, 10, 21021.35, 73767230, 205
3600, 62, 26, 126, 0, 0, 4.81%, 0, 0, 10, 20105.38, 73827219, 205
