# relative_time, cycles_done, cur_item, corpus_count, pending_total, pending_favs, map_size, saved_crashes, saved_hangs, max_depth, execs_per_sec, total_execs, edges_found
61, 0, 9, 100, 93, 29, 8.80%, 0, 0, 2, 6939.94, 386816, 507
66, 0, 9, 100, 93, 29, 8.80%, 0, 0, 2, 6383.44, 419020, 507
71, 0, 9, 100, 93, 29, 8.80%, 0, 0, 2, 6240.19, 450888, 507
76, 0, 10, 106, 98, 28, 9.23%, 0, 0, 2, 6691.17, 468898, 532
81, 0, 12, 106, 97, 27, 9.23%, 0, 0, 2, 6121.37, 499660, 532
86, 0, 13, 122, 112, 35, 9.89%, 0, 0, 2, 6215.98, 530917, 570
91, 0, 15, 124, 113, 34, 9.89%, 0, 0, 2, 7030.90, 567504, 570
96, 0, 17, 128, 116, 34, 10.48%, 0, 0, 2, 14675.62, 639614, 604
101, 0, 19, 130, 117, 33, 10.48%, 0, 0, 2, 7962.74, 670640, 604
106, 0, 19, 130, 117, 33, 10.48%, 0, 0, 2, 7226.82, 706791, 604
111, 0, 25, 131, 117, 32, 10.48%, 0, 0, 2, 6603.17, 727161, 604
116, 0, 25, 131, 117, 32, 10.48%, 0, 0, 2, 6337.53, 758831, 604
122, 0, 30, 163, 147, 41, 11.84%, 0, 0, 2, 11115.06, 817824, 682
127, 0, 30, 163, 147, 41, 11.84%, 0, 0, 2, 7298.02, 849033, 682
132, 0, 33, 176, 159, 46, 12.08%, 0, 0, 2, 6557.93, 880718, 696
137, 0, 33, 176, 159, 46, 12.08%, 0, 0, 2, 6681.32, 913564, 696
144, 0, 33, 176, 159, 46, 12.08%, 0, 0, 2, 360.77, 947131, 696
149, 0, 34, 183, 165, 47, 12.67%, 0, 0, 2, 6466.09, 980583, 730
154, 0, 34, 183, 165, 47, 12.67%, 0, 0, 2, 6871.69, 1015517, 730
159, 0, 37, 187, 168, 48, 12.72%, 0, 0, 2, 6264.26, 1046888, 733
164, 0, 37, 187, 168, 48, 12.72%, 0, 0, 2, 6157.44, 1077066, 733
169, 0, 37, 187, 168, 48, 12.72%, 0, 0, 2, 6889.75, 1113933, 733
174, 0, 42, 202, 181, 57, 13.82%, 0, 0, 2, 7408.59, 1152676, 796
175, 0, 43, 202, 181, 57, 13.82%, 0, 0, 2, 7223.13, 1157908, 796
