# relative_time, cycles_done, cur_item, corpus_count, pending_total, pending_favs, map_size, saved_crashes, saved_hangs, max_depth, execs_per_sec, total_execs, edges_found
61, 0, 175, 195, 190, 28, 9.40%, 24, 0, 3, 16084.05, 1052756, 452
66, 0, 142, 196, 190, 27, 9.44%, 25, 0, 4, 14863.84, 1127203, 454
71, 0, 142, 196, 190, 27, 9.44%, 25, 0, 4, 14814.06, 1201141, 454
76, 0, 195, 196, 189, 26, 9.44%, 25, 0, 4, 15655.38, 1282729, 454
81, 0, 195, 196, 189, 26, 9.44%, 25, 0, 4, 14908.31, 1359346, 454
86, 0, 195, 196, 189, 26, 9.44%, 25, 0, 4, 14162.65, 1428707, 454
91, 0, 195, 202, 195, 26, 9.44%, 26, 0, 5, 14612.89, 1502205, 454
96, 0, 195, 207, 200, 26, 9.46%, 26, 0, 5, 15622.75, 1581034, 455
101, 0, 160, 209, 201, 26, 9.46%, 26, 0, 5, 15746.70, 1663372, 455
107, 0, 160, 209, 201, 26, 9.46%, 26, 0, 5, 15529.86, 1742819, 455
112, 0, 160, 209, 201, 26, 9.46%, 26, 0, 5, 14722.54, 1818122, 455
117, 0, 160, 209, 201, 26, 9.46%, 26, 0, 5, 14183.51, 1889232, 455
122, 0, 94, 209, 200, 25, 9.46%, 26, 0, 5, 16208.22, 1974019, 455
127, 0, 94, 209, 200, 25, 9.46%, 26, 0, 5, 16136.09, 2057685, 455
132, 0, 136, 209, 199, 24, 9.46%, 26, 0, 5, 16955.14, 2144575, 455
137, 0, 5, 209, 198, 23, 9.46%, 26, 0, 5, 17328.38, 2231788, 455
142, 0, 179, 209, 197, 22, 9.46%, 26, 0, 5, 18306.67, 2331699, 455
148, 0, 179, 209, 197, 22, 9.46%, 26, 0, 5, 16605.78, 2414602, 455
153, 0, 135, 209, 196, 21, 9.46%, 26, 0, 5, 17101.79, 2501923, 455
158, 0, 121, 209, 195, 20, 9.46%, 26, 0, 5, 17103.17, 2588259, 455
163, 0, 121, 209, 195, 20, 9.46%, 26, 0, 5, 18192.46, 2682069, 455
168, 0, 121, 214, 200, 20, 9.46%, 27, 0, 5, 17165.46, 2767178, 455
173, 0, 81, 214, 199, 19, 9.46%, 27, 0, 5, 19003.96, 2864352, 455
178, 0, 47, 214, 198, 18, 9.46%, 27, 0, 5, 17943.60, 2956613, 455
183, 0, 47, 214, 198, 18, 9.46%, 27, 0, 5, 16559.85, 3042018, 455
189, 0, 15, 214, 197, 17, 9.46%, 28, 0, 5, 16367.27, 3121486, 455
194, 0, 15, 214, 197, 17, 9.46%, 28, 0, 5, 18668.84, 3221769, 455
199, 0, 77, 215, 196, 16, 9.46%, 29, 0, 5, 18413.12, 3313362, 455
204, 0, 143, 215, 195, 15, 9.46%, 29, 0, 5, 17166.22, 3403218, 455
209, 0, 143, 215, 195, 15, 9.46%, 29, 0, 5, 16570.15, 3486234, 455
214, 0, 63, 215, 194, 14, 9.46%, 29, 0, 5, 15646.84, 3563285, 455
219, 0, 63, 215, 194, 14, 9.46%, 29, 0, 5, 15986.92, 3644362, 455
224, 0, 205, 217, 195, 13, 9.46%, 29, 0, 5, 14774.76, 3716186, 455
229, 0, 205, 217, 195, 13, 9.46%, 29, 0, 5, 14315.32, 3787625, 455
234, 0, 205, 217, 195, 13, 9.46%, 29, 0, 5, 14672.20, 3862474, 455
239, 0, 60, 218, 195, 12, 9.46%, 29, 0, 6, 14591.80, 3936198, 455
245, 0, 60, 218, 195, 12, 9.46%, 29, 0, 6, 16067.43, 4026552, 455
250, 0, 60, 218, 195, 12, 9.46%, 29, 0, 6, 15705.47, 4106834, 455
255, 0, 129, 221, 197, 11, 9.46%, 29, 0, 6, 13997.65, 4178024, 455
260, 0, 122, 221, 196, 11, 9.46%, 29, 0, 6, 16240.01, 4265868, 455
265, 0, 122, 221, 196, 11, 9.46%, 29, 0, 6, 16152.30, 4350920, 455
270, 0, 133, 221, 195, 10, 9.46%, 29, 0, 6, 16332.11, 4431835, 455
276, 0, 159, 221, 194, 9, 9.46%, 29, 0, 6, 16181.51, 4517041, 455
281, 0, 159, 221, 194, 9, 9.46%, 29, 0, 6, 15295.00, 4592904, 455
286, 0, 159, 221, 194, 9, 9.46%, 29, 0, 6, 14996.29, 4668609, 455
291, 0, 159, 221, 194, 9, 9.46%, 29, 0, 6, 15607.78, 4748133, 455
296, 0, 159, 221, 194, 9, 9.46%, 29, 0, 6, 15199.13, 4827648, 455
301, 0, 159, 221, 194, 9, 9.46%, 29, 0, 6, 14894.32, 4903437, 455
306, 0, 159, 221, 194, 9, 9.46%, 29, 0, 6, 14181.78, 4975422, 455
312, 0, 159, 221, 194, 9, 9.46%, 29, 0, 6, 15124.88, 5054927, 455
317, 0, 159, 221, 194, 9, 9.46%, 29, 0, 6, 14797.97, 5130691, 455
322, 0, 159, 221, 194, 9, 9.46%, 29, 0, 6, 15552.80, 5210213, 455
327, 0, 159, 221, 194, 9, 9.46%, 29, 0, 6, 14566.46, 5282146, 455
332, 0, 159, 221, 194, 9, 9.46%, 29, 0, 6, 15105.52, 5361622, 455
337, 0, 159, 221, 194, 9, 9.46%, 29, 0, 6, 14270.26, 5433590, 455
342, 0, 159, 221, 194, 9, 9.46%, 29, 0, 6, 14346.63, 5505557, 455
347, 0, 159, 221, 194, 9, 9.46%, 29, 0, 6, 14773.90, 5581314, 455
353, 0, 159, 221, 194, 9, 9.46%, 29, 0, 6, 15692.18, 5664590, 455
358, 0, 159, 221, 194, 9, 9.46%, 29, 0, 6, 14634.19, 5736575, 455
363, 0, 159, 221, 194, 9, 9.46%, 29, 0, 6, 14671.63, 5812384, 455
368, 0, 159, 221, 194, 9, 9.46%, 29, 0, 6, 14812.28, 5888148, 455
373, 0, 159, 221, 194, 9, 9.46%, 29, 0, 6, 15545.46, 5967719, 455
378, 0, 159, 221, 194, 9, 9.46%, 29, 0, 6, 14964.35, 6043491, 455
383, 0, 159, 221, 194, 9, 9.46%, 29, 0, 6, 15492.68, 6123004, 455
389, 0, 159, 221, 194, 9, 9.46%, 29, 0, 6, 14672.56, 6194979, 455
394, 0, 159, 221, 194, 9, 9.46%, 29, 0, 6, 14586.29, 6270750, 455
399, 0, 146, 221, 193, 8, 9.46%, 30, 0, 6, 16042.07, 6352309, 455
404, 0, 170, 224, 195, 7, 9.46%, 31, 0, 6, 17614.37, 6445633, 455
409, 0, 102, 224, 194, 6, 9.46%, 31, 0, 6, 17730.90, 6539897, 455
414, 0, 10, 224, 193, 6, 9.46%, 31, 0, 6, 17547.11, 6629382, 455
419, 0, 66, 224, 192, 5, 9.46%, 31, 0, 6, 15503.03, 6706289, 455
425, 0, 66, 224, 192, 5, 9.46%, 31, 0, 6, 14281.90, 6776014, 455
430, 0, 66, 224, 192, 5, 9.46%, 31, 0, 6, 15016.63, 6852450, 455
435, 0, 66, 224, 192, 5, 9.46%, 31, 0, 6, 15000.80, 6930933, 455
440, 0, 82, 225, 191, 3, 9.46%, 32, 0, 6, 17092.22, 7020472, 455
445, 0, 194, 226, 191, 2, 9.46%, 32, 0, 6, 17192.55, 7109931, 455
450, 0, 194, 226, 191, 2, 9.46%, 32, 0, 6, 17061.12, 7197125, 455
455, 0, 70, 228, 191, 1, 9.46%, 32, 0, 6, 16418.47, 7280912, 455
460, 0, 70, 228, 191, 1, 9.46%, 32, 0, 6, 18247.53, 7378457, 455
466, 0, 54, 228, 190, 0, 9.46%, 32, 0, 6, 17783.96, 7467962, 455
471, 0, 54, 228, 190, 0, 9.46%, 32, 0, 6, 15948.68, 7547390, 455
476, 0, 195, 228, 189, 0, 9.46%, 33, 0, 6, 15182.91, 7622868, 455
481, 0, 33, 229, 188, 0, 9.46%, 34, 0, 6, 15364.98, 7700731, 455
486, 0, 2, 229, 187, 0, 9.46%, 35, 0, 6, 14725.97, 7779101, 455
491, 0, 195, 229, 187, 0, 9.46%, 35, 0, 6, 14848.02, 7853356, 455
496, 0, 12, 229, 187, 0, 9.46%, 35, 0, 6, 14068.29, 7922404, 455
501, 0, 12, 229, 187, 0, 9.46%, 35, 0, 6, 13466.79, 7990265, 455
506, 0, 133, 230, 185, 0, 9.46%, 35, 0, 6, 13777.01, 8061346, 455
512, 0, 10, 231, 186, 0, 9.46%, 35, 0, 6, 14625.46, 8137559, 455
517, 0, 135, 235, 188, 0, 9.46%, 36, 0, 6, 14338.60, 8207579, 455
522, 0, 133, 235, 187, 0, 9.46%, 37, 0, 6, 16313.01, 8293041, 455
527, 0, 205, 235, 186, 0, 9.46%, 37, 0, 6, 16505.21, 8377825, 455
532, 0, 2, 235, 184, 0, 9.46%, 37, 0, 6, 17251.10, 8468040, 455
537, 0, 175, 236, 183, 0, 9.46%, 37, 0, 6, 16643.55, 8554870, 455
542, 0, 47, 236, 182, 0, 9.46%, 39, 0, 6, 16434.34, 8639429, 455
547, 0, 198, 236, 182, 0, 9.46%, 40, 0, 6, 16109.16, 8722040, 455
552, 0, 198, 236, 182, 0, 9.46%, 40, 0, 6, 14881.04, 8796231, 455
558, 0, 198, 236, 182, 0, 9.46%, 40, 0, 6, 15394.72, 8876113, 455
563, 0, 198, 236, 179, 0, 9.46%, 40, 0, 6, 13093.22, 8942311, 455
568, 0, 133, 236, 178, 0, 9.46%, 40, 0, 6, 16238.76, 9029463, 455
573, 0, 2, 236, 177, 0, 9.46%, 40, 0, 6, 16888.12, 9118045, 455
578, 0, 5, 236, 176, 0, 9.46%, 40, 0, 6, 16042.03, 9194160, 455
583, 0, 61, 236, 176, 0, 9.46%, 40, 0, 6, 17566.54, 9288300, 455
589, 0, 61, 236, 176, 0, 9.46%, 40, 0, 6, 17843.45, 9380438, 455
594, 0, 67, 236, 175, 2, 9.46%, 40, 0, 6, 17864.49, 9470594, 455
599, 0, 3, 238, 172, 1, 9.46%, 40, 0, 6, 15436.09, 9545447, 455
604, 0, 2, 239, 171, 0, 9.46%, 40, 0, 6, 17404.29, 9641924, 455
609, 0, 175, 239, 171, 0, 9.46%, 40, 0, 6, 16892.07, 9727687, 455
614, 0, 62, 239, 171, 0, 9.46%, 40, 0, 6, 16341.77, 9812477, 455
620, 0, 62, 239, 171, 0, 9.46%, 40, 0, 6, 14804.43, 9887389, 455
625, 0, 71, 239, 170, 1, 9.46%, 40, 0, 6, 16342.32, 9969567, 455
630, 0, 71, 239, 170, 1, 9.46%, 40, 0, 6, 17151.96, 10059860, 455
635, 0, 218, 242, 172, 0, 9.46%, 40, 0, 6, 14224.47, 10134097, 455
640, 0, 47, 243, 171, 0, 9.46%, 41, 0, 6, 13564.31, 10205079, 455
645, 0, 146, 243, 170, 0, 9.46%, 41, 0, 6, 16881.49, 10295004, 455
650, 0, 64, 243, 170, 0, 9.46%, 41, 0, 6, 15817.95, 10375754, 455
655, 0, 64, 243, 170, 0, 9.46%, 41, 0, 6, 14270.54, 10443954, 455
661, 0, 64, 243, 170, 0, 9.46%, 41, 0, 6, 14133.42, 10516010, 455
666, 0, 64, 243, 170, 0, 9.46%, 41, 0, 6, 13188.15, 10580523, 455
671, 1, 81, 243, 167, 0, 9.46%, 41, 0, 6, 15567.17, 10660583, 455
676, 1, 232, 248, 171, 0, 9.46%, 41, 0, 6, 13118.92, 10730468, 455
681, 1, 183, 248, 169, 0, 9.46%, 42, 0, 6, 11407.09, 10785959, 455
686, 1, 160, 250, 165, 0, 9.46%, 42, 0, 6, 13443.41, 10854970, 455
691, 1, 133, 251, 162, 0, 9.46%, 42, 0, 6, 14228.79, 10925695, 455
696, 1, 220, 251, 161, 0, 9.46%, 42, 0, 6, 15255.31, 11010746, 455
701, 1, 158, 252, 159, 0, 9.46%, 42, 0, 6, 16567.36, 11099171, 455
706, 1, 9, 255, 160, 0, 9.46%, 42, 0, 6, 15545.07, 11173427, 455
712, 1, 9, 255, 160, 0, 9.46%, 42, 0, 6, 17464.28, 11268012, 455
717, 1, 47, 255, 155, 0, 9.46%, 42, 0, 6, 16328.00, 11349067, 455
722, 1, 246, 255, 153, 0, 9.46%, 42, 0, 6, 15023.25, 11422680, 455
727, 1, 235, 257, 149, 0, 9.46%, 42, 0, 6, 13139.03, 11492069, 455
732, 1, 133, 259, 149, 0, 9.46%, 42, 0, 6, 16601.48, 11579642, 455
737, 1, 10, 259, 148, 0, 9.46%, 42, 0, 6, 17122.24, 11666949, 455
742, 1, 40, 259, 148, 0, 9.46%, 42, 0, 6, 17022.27, 11757059, 455
747, 1, 38, 260, 147, 0, 9.46%, 42, 0, 6, 15857.14, 11835228, 455
752, 1, 243, 260, 147, 0, 9.46%, 42, 0, 6, 14615.36, 11908631, 455
758, 1, 243, 260, 147, 0, 9.46%, 42, 0, 6, 13965.90, 11979077, 455
763, 1, 0, 260, 146, 1, 9.46%, 42, 0, 6, 16835.33, 12067094, 455
768, 1, 182, 261, 144, 0, 9.46%, 42, 0, 6, 13916.01, 12146134, 455
773, 1, 0, 262, 141, 0, 9.46%, 42, 0, 6, 15243.73, 12219976, 455
778, 1, 198, 262, 137, 0, 9.46%, 42, 0, 6, 15732.45, 12303556, 455
783, 1, 261, 264, 138, 0, 9.46%, 42, 0, 6, 11999.04, 12364131, 455
788, 1, 263, 267, 140, 0, 9.46%, 42, 0, 7, 8117.96, 12399332, 455
793, 1, 263, 268, 141, 0, 9.46%, 42, 0, 7, 7775.28, 12437981, 455
798, 1, 60, 268, 140, 0, 9.46%, 42, 0, 7, 10306.04, 12487658, 455
803, 1, 266, 268, 136, 0, 9.46%, 42, 0, 7, 10623.58, 12542950, 455
809, 1, 266, 272, 140, 0, 9.46%, 42, 0, 8, 7198.16, 12574064, 455
814, 1, 266, 272, 140, 0, 9.46%, 42, 0, 8, 6600.80, 12606647, 455
819, 1, 266, 272, 140, 0, 9.46%, 42, 0, 8, 6508.96, 12638809, 455
824, 1, 266, 272, 140, 0, 9.46%, 42, 0, 8, 6391.61, 12670471, 455
829, 1, 266, 272, 140, 0, 9.46%, 42, 0, 8, 6413.38, 12702719, 455
834, 1, 266, 272, 140, 0, 9.46%, 42, 0, 8, 7257.60, 12738702, 455
839, 1, 136, 273, 137, 0, 9.46%, 42, 0, 8, 14557.17, 12817741, 455
844, 1, 0, 274, 137, 0, 9.46%, 42, 0, 8, 15820.58, 12901678, 455
849, 1, 0, 275, 135, 0, 9.46%, 42, 0, 8, 10514.35, 12943359, 455
854, 1, 168, 275, 135, 0, 9.46%, 42, 0, 8, 16243.87, 13037857, 455
859, 1, 68, 275, 132, 0, 9.46%, 43, 0, 8, 15023.62, 13117563, 455
865, 1, 68, 275, 132, 0, 9.46%, 43, 0, 8, 16668.66, 13208761, 455
870, 1, 274, 275, 130, 0, 9.46%, 43, 0, 8, 15654.16, 13291115, 455
875, 1, 274, 278, 133, 0, 9.46%, 43, 0, 9, 8207.28, 13320695, 455
880, 1, 274, 279, 134, 0, 9.46%, 43, 0, 9, 6721.36, 13352851, 455
885, 1, 274, 280, 135, 0, 9.46%, 44, 0, 9, 6283.41, 13384040, 455
890, 1, 0, 280, 133, 0, 9.46%, 44, 0, 9, 13665.71, 13453638, 455
895, 1, 278, 284, 137, 0, 9.46%, 44, 0, 10, 8079.53, 13492903, 455
900, 1, 278, 286, 139, 0, 9.46%, 44, 0, 10, 6235.28, 13521999, 455
905, 1, 278, 286, 139, 0, 9.46%, 44, 0, 10, 5922.69, 13551219, 455
910, 1, 278, 287, 140, 0, 9.46%, 44, 0, 10, 7057.57, 13585388, 455
916, 1, 228, 290, 139, 0, 9.46%, 44, 0, 10, 12455.86, 13651492, 455
921, 1, 40, 290, 136, 0, 9.46%, 44, 0, 10, 10193.98, 13706268, 455
926, 1, 57, 290, 135, 0, 9.46%, 44, 0, 10, 16975.36, 13805969, 455
931, 1, 133, 290, 132, 0, 9.46%, 44, 0, 10, 16832.22, 13891710, 455
936, 1, 283, 290, 130, 0, 9.46%, 44, 0, 10, 13704.39, 13966135, 455
941, 1, 284, 291, 130, 0, 9.46%, 44, 0, 11, 7816.99, 13996625, 455
946, 1, 49, 291, 128, 0, 9.46%, 44, 0, 11, 12739.33, 14057227, 455
952, 1, 281, 293, 130, 0, 9.46%, 44, 0, 11, 7057.41, 14085483, 455
957, 1, 281, 295, 132, 0, 9.46%, 44, 0, 11, 5960.32, 14114216, 455
962, 1, 281, 295, 132, 0, 9.46%, 44, 0, 11, 5666.61, 14142228, 455
967, 1, 281, 295, 132, 0, 9.46%, 44, 0, 11, 7130.89, 14177459, 455
972, 1, 229, 296, 127, 0, 9.46%, 44, 0, 11, 10343.24, 14226425, 455
977, 1, 295, 299, 128, 0, 9.46%, 44, 0, 12, 8502.22, 14266606, 455
982, 1, 292, 300, 128, 0, 9.46%, 44, 0, 12, 7341.54, 14307125, 455
987, 1, 270, 300, 127, 0, 9.46%, 44, 0, 12, 7169.16, 14341564, 455
992, 1, 17, 300, 126, 0, 9.46%, 44, 0, 12, 14816.59, 14434658, 455
997, 1, 17, 300, 126, 0, 9.46%, 44, 0, 12, 16262.26, 14521437, 455
1002, 1, 104, 300, 124, 0, 9.46%, 44, 0, 12, 16432.74, 14604293, 455
1007, 1, 291, 300, 121, 0, 9.46%, 44, 0, 12, 13088.51, 14671328, 455
1012, 1, 21, 301, 121, 0, 9.46%, 44, 0, 12, 9636.54, 14710536, 455
1018, 1, 21, 301, 121, 0, 9.46%, 44, 0, 12, 13823.52, 14793726, 455
1023, 1, 269, 301, 119, 0, 9.46%, 44, 0, 12, 9114.96, 14837497, 455
1028, 1, 255, 301, 117, 0, 9.46%, 44, 0, 12, 11990.15, 14893819, 455
1033, 1, 226, 302, 115, 0, 9.46%, 44, 0, 12, 13761.09, 14959741, 455
1038, 1, 0, 302, 111, 0, 9.46%, 44, 0, 12, 15290.51, 15042766, 455
1043, 1, 146, 302, 111, 0, 9.46%, 44, 0, 12, 16416.42, 15127951, 455
1048, 1, 285, 302, 110, 0, 9.46%, 44, 0, 12, 10152.94, 15169321, 455
1053, 2, 294, 347, 153, 1, 9.48%, 44, 0, 12, 7713.05, 15204057, 456
1058, 2, 293, 348, 153, 1, 9.50%, 44, 0, 12, 6632.55, 15237710, 457
1063, 2, 264, 348, 151, 1, 9.50%, 44, 0, 12, 9226.28, 15285549, 457
1069, 2, 306, 348, 150, 1, 9.50%, 44, 0, 12, 12969.79, 15356679, 457
1074, 2, 306, 348, 150, 1, 9.50%, 44, 0, 12, 14282.23, 15432263, 457
1079, 2, 306, 348, 150, 1, 9.50%, 44, 0, 12, 14777.11, 15505716, 457
1084, 2, 306, 348, 150, 1, 9.50%, 44, 0, 12, 15348.39, 15582632, 457
1089, 2, 306, 348, 150, 1, 9.50%, 44, 0, 12, 14885.78, 15656758, 457
1094, 2, 306, 348, 150, 1, 9.50%, 44, 0, 12, 14668.54, 15730195, 457
1099, 2, 306, 348, 150, 1, 9.50%, 44, 0, 12, 15198.26, 15807554, 457
1104, 2, 323, 348, 149, 0, 9.50%, 44, 0, 12, 14282.91, 15884614, 457
1109, 2, 18, 348, 148, 0, 9.50%, 44, 0, 12, 15561.51, 15965770, 457
1114, 2, 18, 348, 148, 0, 9.50%, 44, 0, 12, 15403.09, 16043375, 457
1119, 2, 18, 348, 148, 0, 9.50%, 44, 0, 12, 15517.06, 16121027, 457
1124, 2, 44, 348, 143, 0, 9.50%, 44, 0, 12, 13030.12, 16186057, 457
1130, 2, 133, 349, 141, 0, 9.50%, 44, 0, 12, 14882.84, 16265591, 457
1135, 2, 16, 349, 141, 0, 9.50%, 44, 0, 12, 12579.27, 16322615, 457
1140, 2, 0, 349, 140, 0, 9.50%, 44, 0, 12, 15319.14, 16408475, 457
1145, 2, 341, 349, 139, 0, 9.50%, 44, 0, 12, 8758.10, 16446546, 457
1150, 2, 47, 349, 135, 0, 9.50%, 44, 0, 12, 14131.84, 16519334, 457
1155, 2, 300, 349, 135, 0, 9.50%, 45, 0, 12, 11307.46, 16573727, 457
1160, 2, 274, 349, 134, 0, 9.50%, 45, 0, 12, 9930.96, 16625679, 457
1165, 2, 136, 349, 131, 0, 9.50%, 45, 0, 12, 12461.70, 16693930, 457
1170, 2, 241, 349, 130, 0, 9.50%, 45, 0, 12, 11392.13, 16745352, 457
1175, 2, 140, 349, 127, 0, 9.50%, 45, 0, 12, 14405.52, 16820377, 457
1180, 2, 52, 349, 126, 0, 9.50%, 45, 0, 12, 17235.30, 16912063, 457
1185, 2, 280, 349, 125, 0, 9.50%, 45, 0, 12, 12208.48, 16979595, 457
1191, 2, 6, 349, 124, 0, 9.50%, 45, 0, 12, 16278.25, 17069595, 457
1196, 2, 103, 349, 121, 0, 9.50%, 45, 0, 12, 14985.32, 17147615, 457
1201, 2, 326, 349, 120, 0, 9.50%, 45, 0, 12, 13305.01, 17216133, 457
1206, 2, 299, 349, 119, 0, 9.50%, 45, 0, 12, 6305.28, 17252838, 457
1211, 2, 81, 349, 118, 0, 9.50%, 45, 0, 12, 8427.36, 17293080, 457
1216, 2, 335, 349, 117, 0, 9.50%, 45, 0, 12, 11647.02, 17366100, 457
1221, 2, 345, 349, 115, 0, 9.50%, 45, 0, 12, 12575.27, 17437412, 457
1226, 2, 290, 349, 113, 0, 9.50%, 45, 0, 12, 4494.43, 17493944, 457
1232, 2, 318, 349, 111, 0, 9.50%, 45, 0, 12, 10710.37, 17553754, 457
1237, 2, 63, 349, 110, 0, 9.50%, 45, 0, 12, 13771.17, 17619972, 457
1242, 2, 0, 349, 109, 0, 9.50%, 45, 0, 12, 11993.71, 17676305, 457
1247, 2, 56, 349, 109, 0, 9.50%, 45, 0, 12, 16819.69, 17773240, 457
1252, 2, 266, 349, 107, 0, 9.50%, 45, 0, 12, 15966.94, 17857096, 457
1258, 2, 175, 349, 107, 0, 9.50%, 45, 0, 12, 15581.42, 17926315, 457
1263, 2, 141, 349, 104, 0, 9.50%, 45, 0, 12, 12583.96, 17987397, 457
1268, 2, 320, 349, 101, 0, 9.50%, 46, 0, 12, 10358.59, 18041942, 457
1273, 2, 239, 349, 100, 0, 9.50%, 46, 0, 12, 15041.63, 18125279, 457
1278, 2, 275, 349, 95, 0, 9.50%, 46, 0, 12, 9658.30, 18174357, 457
1283, 2, 275, 349, 94, 0, 9.50%, 46, 0, 12, 7623.04, 18212233, 457
1288, 2, 47, 349, 92, 0, 9.50%, 46, 0, 12, 10294.90, 18268440, 457
1293, 2, 18, 349, 90, 0, 9.50%, 46, 0, 12, 14462.86, 18340770, 457
1298, 2, 0, 349, 88, 0, 9.50%, 46, 0, 12, 15589.70, 18420089, 457
1304, 2, 175, 349, 84, 0, 9.50%, 46, 0, 12, 16409.96, 18505986, 457
1309, 2, 282, 349, 83, 0, 9.50%, 46, 0, 12, 15048.47, 18582673, 457
1314, 2, 313, 349, 79, 0, 9.50%, 46, 0, 12, 11361.27, 18628961, 457
1319, 2, 324, 349, 78, 0, 9.50%, 46, 0, 12, 9701.13, 18678505, 457
1324, 2, 275, 349, 77, 0, 9.50%, 46, 0, 12, 9515.62, 18734566, 457
1329, 2, 269, 349, 76, 0, 9.50%, 46, 0, 12, 9499.91, 18792189, 457
1334, 2, 338, 349, 76, 0, 9.50%, 46, 0, 12, 9690.70, 18846973, 457
1339, 2, 0, 349, 74, 0, 9.50%, 46, 0, 12, 14814.50, 18924823, 457
1344, 2, 47, 349, 73, 0, 9.50%, 46, 0, 12, 13103.62, 18984022, 457
1350, 2, 279, 349, 70, 0, 9.50%, 46, 0, 12, 10022.29, 19033919, 457
1355, 2, 120, 349, 68, 0, 9.50%, 46, 0, 12, 14141.09, 19115397, 457
1360, 2, 120, 349, 68, 0, 9.50%, 46, 0, 12, 14197.22, 19186315, 457
1365, 2, 176, 349, 67, 0, 9.50%, 46, 0, 12, 15746.09, 19268408, 457
1370, 2, 176, 349, 67, 0, 9.50%, 46, 0, 12, 15834.12, 19352863, 457
1375, 2, 192, 349, 65, 0, 9.50%, 46, 0, 12, 14906.03, 19430574, 457
1380, 2, 0, 349, 65, 0, 9.50%, 46, 0, 12, 12133.53, 19488627, 457
1385, 2, 169, 349, 65, 0, 9.50%, 46, 0, 12, 16080.51, 19578348, 457
1391, 3, 280, 356, 71, 0, 9.50%, 46, 0, 12, 14590.31, 19655748, 457
1396, 3, 0, 356, 69, 0, 9.50%, 46, 0, 12, 13421.02, 19714113, 457
1401, 3, 133, 356, 67, 0, 9.50%, 46, 0, 12, 13238.73, 19780977, 457
1406, 3, 300, 356, 67, 0, 9.50%, 46, 0, 12, 11716.60, 19844892, 457
1411, 3, 82, 356, 67, 0, 9.50%, 46, 0, 12, 10085.03, 19888051, 457
1416, 3, 47, 356, 66, 0, 9.50%, 46, 0, 12, 15436.83, 19977015, 457
1421, 3, 0, 356, 66, 0, 9.50%, 46, 0, 12, 15887.13, 20054157, 457
1426, 3, 284, 357, 65, 0, 9.50%, 46, 0, 12, 10340.47, 20108517, 457
1431, 3, 133, 357, 64, 0, 9.50%, 46, 0, 12, 14069.42, 20174338, 457
1437, 3, 40, 357, 63, 0, 9.50%, 46, 0, 12, 15476.42, 20253236, 457
1442, 3, 133, 357, 63, 0, 9.50%, 46, 0, 12, 16617.47, 20338630, 457
1447, 3, 54, 357, 62, 0, 9.50%, 46, 0, 12, 15863.27, 20417581, 457
1452, 3, 47, 357, 59, 0, 9.50%, 46, 0, 12, 16206.34, 20499919, 457
1457, 3, 350, 357, 57, 0, 9.50%, 46, 0, 12, 3627.77, 20559045, 457
1462, 3, 188, 357, 55, 0, 9.50%, 46, 0, 12, 8504.52, 20607618, 457
1467, 3, 324, 357, 55, 0, 9.50%, 46, 0, 12, 9706.62, 20662676, 457
1472, 3, 0, 357, 55, 0, 9.50%, 46, 0, 12, 10847.25, 20718845, 457
1477, 3, 277, 357, 54, 0, 9.50%, 46, 0, 12, 9218.34, 20768938, 457
1482, 3, 0, 357, 54, 0, 9.50%, 46, 0, 12, 15808.24, 20855934, 457
1487, 3, 0, 357, 54, 0, 9.50%, 46, 0, 12, 12902.95, 20914245, 457
1493, 3, 275, 357, 52, 0, 9.50%, 46, 0, 12, 10498.84, 20971957, 457
1498, 3, 356, 359, 53, 0, 9.50%, 46, 0, 12, 4917.03, 21011372, 457
1503, 3, 356, 359, 53, 0, 9.50%, 46, 0, 12, 8006.66, 21056816, 457
1508, 3, 356, 359, 53, 0, 9.50%, 46, 0, 12, 8467.74, 21100115, 457
1513, 3, 175, 359, 52, 0, 9.50%, 46, 0, 12, 12151.35, 21154862, 457
1518, 3, 0, 359, 51, 0, 9.50%, 46, 0, 12, 12183.09, 21213552, 457
1523, 3, 358, 359, 50, 0, 9.50%, 46, 0, 12, 5444.77, 21263981, 457
1528, 3, 63, 359, 49, 0, 9.50%, 46, 0, 12, 14236.15, 21338622, 457
1533, 3, 357, 359, 48, 0, 9.50%, 46, 0, 12, 3820.35, 21406823, 457
1538, 3, 188, 359, 47, 0, 9.50%, 46, 0, 12, 9700.79, 21461952, 457
1543, 3, 205, 359, 47, 0, 9.50%, 46, 0, 12, 14081.55, 21536847, 457
1549, 3, 237, 359, 46, 0, 9.50%, 46, 0, 12, 14392.80, 21612988, 457
1554, 3, 351, 359, 46, 0, 9.50%, 46, 0, 12, 6473.32, 21663656, 457
1559, 3, 28, 359, 44, 0, 9.50%, 46, 0, 12, 12560.38, 21730389, 457
1564, 3, 353, 359, 42, 0, 9.50%, 46, 0, 12, 9326.60, 21776235, 457
1569, 3, 133, 359, 41, 0, 9.50%, 46, 0, 12, 12750.59, 21837482, 457
1574, 3, 292, 359, 41, 0, 9.50%, 46, 0, 12, 9253.08, 21888526, 457
1579, 3, 281, 359, 41, 0, 9.50%, 46, 0, 12, 9465.51, 21942223, 457
1584, 3, 146, 359, 41, 0, 9.50%, 46, 0, 12, 13980.80, 22010830, 457
1589, 3, 0, 359, 41, 0, 9.50%, 46, 0, 12, 15539.42, 22092376, 457
1595, 3, 281, 359, 41, 0, 9.50%, 47, 0, 12, 13305.66, 22164855, 457
1600, 3, 133, 359, 41, 0, 9.50%, 47, 0, 12, 10691.74, 22209330, 457
1605, 3, 187, 359, 40, 0, 9.50%, 47, 0, 12, 13455.69, 22286225, 457
1610, 3, 205, 359, 38, 0, 9.50%, 47, 0, 12, 15356.03, 22361163, 457
1615, 3, 317, 359, 37, 0, 9.50%, 47, 0, 12, 12385.26, 22428324, 457
1620, 3, 297, 359, 36, 0, 9.50%, 47, 0, 12, 13505.30, 22493012, 457
1625, 3, 279, 359, 35, 0, 9.50%, 47, 0, 12, 8818.12, 22532944, 457
1630, 3, 109, 359, 35, 0, 9.50%, 47, 0, 12, 14588.14, 22618281, 457
1636, 3, 176, 359, 33, 0, 9.50%, 47, 0, 12, 14363.00, 22688435, 457
1641, 3, 0, 359, 33, 0, 9.50%, 47, 0, 12, 16064.07, 22771653, 457
1646, 3, 203, 359, 33, 0, 9.50%, 47, 0, 12, 15381.94, 22853438, 457
1651, 4, 136, 360, 33, 0, 9.50%, 47, 0, 12, 16075.74, 22939647, 457
1656, 4, 151, 360, 32, 0, 9.50%, 47, 0, 12, 15210.90, 23019467, 457
1661, 4, 160, 360, 32, 0, 9.50%, 47, 0, 12, 10781.04, 23066210, 457
1666, 4, 160, 360, 31, 0, 9.50%, 47, 0, 12, 12231.24, 23131936, 457
1671, 4, 291, 360, 31, 0, 9.50%, 47, 0, 12, 13360.63, 23205597, 457
1676, 4, 0, 360, 29, 0, 9.50%, 47, 0, 12, 12059.09, 23259241, 457
1682, 4, 239, 360, 29, 0, 9.50%, 47, 0, 12, 15612.58, 23343748, 457
1687, 4, 352, 360, 29, 0, 9.50%, 47, 0, 12, 7048.98, 23385944, 457
1692, 4, 281, 360, 27, 0, 9.50%, 47, 0, 12, 13312.89, 23463896, 457
1697, 4, 0, 360, 26, 0, 9.50%, 47, 0, 12, 12707.30, 23517918, 457
1702, 4, 133, 360, 25, 0, 9.50%, 47, 0, 12, 14399.35, 23592808, 457
1707, 4, 175, 360, 24, 0, 9.50%, 47, 0, 12, 13692.05, 23665067, 457
1712, 4, 198, 360, 24, 0, 9.50%, 47, 0, 12, 15872.20, 23751574, 457
1717, 4, 60, 360, 22, 0, 9.50%, 47, 0, 12, 16400.40, 23836805, 457
1723, 4, 271, 360, 22, 0, 9.50%, 47, 0, 12, 11398.01, 23894782, 457
1728, 4, 135, 360, 22, 0, 9.50%, 47, 0, 12, 15561.04, 23978061, 457
1733, 4, 8, 360, 22, 0, 9.50%, 47, 0, 12, 16192.54, 24061387, 457
1738, 4, 274, 360, 20, 0, 9.50%, 47, 0, 12, 14910.97, 24136227, 457
1743, 4, 196, 360, 20, 0, 9.50%, 47, 0, 12, 14021.91, 24197200, 457
1748, 4, 337, 360, 20, 0, 9.50%, 47, 0, 12, 11280.04, 24253813, 457
1753, 4, 133, 360, 19, 0, 9.50%, 47, 0, 12, 15420.49, 24337875, 457
1758, 4, 133, 360, 19, 0, 9.50%, 47, 0, 12, 15161.49, 24418027, 457
1763, 4, 175, 360, 19, 0, 9.50%, 47, 0, 12, 16198.55, 24502291, 457
1769, 4, 286, 360, 19, 0, 9.50%, 47, 0, 12, 12170.98, 24568418, 457
1774, 4, 291, 360, 19, 0, 9.50%, 47, 0, 12, 10954.99, 24617144, 457
1779, 4, 264, 360, 18, 0, 9.50%, 47, 0, 12, 7896.57, 24653554, 457
1784, 4, 181, 360, 18, 0, 9.50%, 47, 0, 12, 9705.99, 24704379, 457
1789, 4, 220, 360, 18, 0, 9.50%, 47, 0, 12, 14459.18, 24779416, 457
1794, 4, 72, 360, 18, 0, 9.50%, 47, 0, 12, 16286.40, 24865134, 457
1799, 4, 72, 360, 18, 0, 9.50%, 47, 0, 12, 17239.72, 24954867, 457
1804, 4, 291, 360, 17, 0, 9.50%, 47, 0, 12, 10204.77, 25001205, 457
1809, 4, 160, 360, 17, 0, 9.50%, 47, 0, 12, 11318.60, 25056043, 457
1814, 4, 263, 360, 17, 0, 9.50%, 47, 0, 12, 11744.77, 25121573, 457
1819, 4, 202, 360, 17, 0, 9.50%, 47, 0, 12, 12249.50, 25181887, 457
1824, 4, 47, 360, 17, 0, 9.50%, 47, 0, 12, 12044.07, 25241745, 457
1830, 4, 292, 360, 17, 0, 9.50%, 47, 0, 12, 9991.03, 25299411, 457
1835, 4, 122, 360, 17, 0, 9.50%, 47, 0, 12, 10567.77, 25359401, 457
1840, 4, 198, 360, 17, 0, 9.50%, 47, 0, 12, 15032.21, 25441610, 457
1845, 4, 284, 360, 17, 0, 9.50%, 47, 0, 12, 10876.33, 25494446, 457
1850, 4, 278, 360, 17, 0, 9.50%, 47, 0, 12, 8617.21, 25535971, 457
1855, 4, 121, 360, 15, 0, 9.50%, 47, 0, 12, 12138.43, 25593106, 457
1860, 4, 279, 360, 15, 0, 9.50%, 47, 0, 12, 10877.43, 25639606, 457
1865, 4, 271, 360, 15, 0, 9.50%, 47, 0, 12, 10586.13, 25692787, 457
1871, 4, 0, 360, 15, 0, 9.50%, 47, 0, 12, 13820.95, 25760823, 457
1876, 4, 47, 360, 15, 0, 9.50%, 47, 0, 12, 11413.97, 25814213, 457
1881, 4, 247, 360, 14, 0, 9.50%, 47, 0, 12, 13182.69, 25886392, 457
1886, 4, 41, 360, 13, 0, 9.50%, 47, 0, 12, 14748.95, 25966304, 457
1891, 4, 347, 360, 13, 0, 9.50%, 47, 0, 12, 12063.71, 26031639, 457
1896, 4, 357, 360, 13, 0, 9.50%, 47, 0, 12, 14418.27, 26106053, 457
1901, 4, 189, 360, 13, 0, 9.50%, 47, 0, 12, 10383.21, 26152283, 457
1906, 4, 0, 360, 13, 0, 9.50%, 47, 0, 12, 15196.53, 26234543, 457
1911, 5, 60, 360, 12, 0, 9.50%, 47, 0, 12, 16134.83, 26316138, 457
1916, 5, 175, 360, 12, 0, 9.50%, 47, 0, 12, 15040.54, 26389042, 457
1921, 5, 198, 360, 12, 0, 9.50%, 47, 0, 12, 15976.63, 26469906, 457
1927, 5, 0, 360, 12, 0, 9.50%, 47, 0, 12, 15340.75, 26545530, 457
1932, 5, 198, 360, 12, 0, 9.50%, 47, 0, 12, 12032.53, 26603994, 457
1937, 5, 143, 360, 12, 0, 9.50%, 47, 0, 12, 16180.46, 26693468, 457
1942, 5, 238, 360, 12, 0, 9.50%, 47, 0, 12, 14338.13, 26763906, 457
1947, 5, 271, 360, 12, 0, 9.50%, 47, 0, 12, 10719.70, 26812362, 457
1952, 5, 47, 360, 12, 0, 9.50%, 47, 0, 12, 10853.60, 26864506, 457
1957, 5, 152, 360, 12, 0, 9.50%, 47, 0, 12, 13910.74, 26941692, 457
1962, 5, 152, 360, 12, 0, 9.50%, 47, 0, 12, 13691.99, 27012165, 457
1968, 5, 152, 360, 12, 0, 9.50%, 47, 0, 12, 14153.84, 27086119, 457
1973, 5, 152, 360, 12, 0, 9.50%, 47, 0, 12, 13980.34, 27160101, 457
1978, 5, 152, 360, 12, 0, 9.50%, 47, 0, 12, 14544.92, 27234152, 457
1983, 5, 152, 360, 12, 0, 9.50%, 47, 0, 12, 14786.15, 27310567, 457
1988, 5, 267, 360, 12, 0, 9.50%, 47, 0, 12, 8365.71, 27354341, 457
1993, 5, 267, 360, 12, 0, 9.50%, 47, 0, 12, 5384.44, 27377879, 457
1999, 5, 267, 360, 12, 0, 9.50%, 47, 0, 12, 4641.10, 27400550, 457
2004, 5, 267, 360, 12, 0, 9.50%, 47, 0, 12, 4469.34, 27423289, 457
2009, 5, 267, 360, 12, 0, 9.50%, 47, 0, 12, 4392.29, 27445973, 457
2014, 5, 267, 360, 12, 0, 9.50%, 47, 0, 12, 4429.39, 27469200, 457
2019, 5, 267, 360, 12, 0, 9.50%, 47, 0, 12, 4392.88, 27491769, 457
2024, 5, 267, 360, 12, 0, 9.50%, 47, 0, 12, 4468.08, 27514327, 457
2029, 5, 267, 360, 12, 0, 9.50%, 47, 0, 12, 4465.72, 27536962, 457
2035, 5, 267, 360, 12, 0, 9.50%, 47, 0, 12, 4413.25, 27559661, 457
2040, 5, 267, 360, 12, 0, 9.50%, 47, 0, 12, 4449.54, 27582415, 457
2045, 5, 267, 360, 12, 0, 9.50%, 47, 0, 12, 4420.60, 27605101, 457
2050, 5, 267, 360, 12, 0, 9.50%, 47, 0, 12, 4463.71, 27627756, 457
2055, 5, 267, 360, 12, 0, 9.50%, 47, 0, 12, 4454.78, 27650804, 457
2060, 5, 267, 360, 12, 0, 9.50%, 47, 0, 12, 4421.11, 27672928, 457
2065, 5, 267, 360, 12, 0, 9.50%, 47, 0, 12, 4405.50, 27695247, 457
2070, 5, 267, 360, 12, 0, 9.50%, 47, 0, 12, 4407.81, 27717516, 457
2075, 5, 267, 360, 12, 0, 9.50%, 47, 0, 12, 4454.92, 27740600, 457
2080, 5, 267, 360, 12, 0, 9.50%, 47, 0, 12, 4423.64, 27763382, 457
2086, 5, 267, 360, 12, 0, 9.50%, 47, 0, 12, 4472.30, 27786183, 457
2091, 5, 267, 360, 12, 0, 9.50%, 47, 0, 12, 4396.43, 27808996, 457
2096, 5, 267, 360, 12, 0, 9.50%, 47, 0, 12, 4306.01, 27830745, 457
2101, 5, 267, 360, 12, 0, 9.50%, 47, 0, 12, 4379.47, 27853548, 457
2106, 5, 267, 360, 12, 0, 9.50%, 47, 0, 12, 4361.90, 27876298, 457
2111, 5, 267, 360, 12, 0, 9.50%, 47, 0, 12, 4434.37, 27899405, 457
2117, 5, 267, 360, 12, 0, 9.50%, 47, 0, 12, 4431.23, 27922086, 457
2122, 5, 267, 360, 12, 0, 9.50%, 47, 0, 12, 4438.99, 27944789, 457
2127, 5, 267, 360, 12, 0, 9.50%, 47, 0, 12, 4343.13, 27967014, 457
2132, 5, 267, 360, 12, 0, 9.50%, 47, 0, 12, 4374.50, 27989307, 457
2137, 5, 267, 360, 12, 0, 9.50%, 47, 0, 12, 4396.84, 28011646, 457
2142, 5, 267, 360, 12, 0, 9.50%, 47, 0, 12, 4416.84, 28034058, 457
2147, 5, 267, 360, 12, 0, 9.50%, 47, 0, 12, 4441.78, 28056417, 457
2152, 5, 267, 360, 12, 0, 9.50%, 47, 0, 12, 4466.67, 28079409, 457
2157, 5, 267, 360, 12, 0, 9.50%, 47, 0, 12, 4516.35, 28102652, 457
2162, 5, 267, 360, 12, 0, 9.50%, 47, 0, 12, 4512.71, 28125390, 457
2168, 5, 267, 360, 12, 0, 9.50%, 47, 0, 12, 4473.61, 28148189, 457
2173, 5, 267, 360, 12, 0, 9.50%, 47, 0, 12, 4451.62, 28170483, 457
2178, 5, 267, 360, 12, 0, 9.50%, 47, 0, 12, 4434.07, 28192759, 457
2183, 5, 267, 360, 12, 0, 9.50%, 47, 0, 12, 4475.13, 28215989, 457
2188, 5, 267, 360, 12, 0, 9.50%, 47, 0, 12, 4423.97, 28238261, 457
2193, 5, 267, 360, 12, 0, 9.50%, 47, 0, 12, 4406.13, 28260554, 457
2198, 5, 267, 360, 12, 0, 9.50%, 47, 0, 12, 4470.21, 28283574, 457
2203, 5, 267, 360, 12, 0, 9.50%, 47, 0, 12, 4461.78, 28306291, 457
2208, 5, 267, 360, 12, 0, 9.50%, 47, 0, 12, 4455.30, 28328991, 457
2213, 5, 267, 360, 12, 0, 9.50%, 47, 0, 12, 4477.15, 28351564, 457
2218, 5, 267, 360, 12, 0, 9.50%, 47, 0, 12, 4495.29, 28374140, 457
2223, 5, 267, 360, 12, 0, 9.50%, 47, 0, 12, 4493.43, 28397351, 457
2229, 5, 267, 360, 12, 0, 9.50%, 47, 0, 12, 4469.54, 28420561, 457
2234, 5, 267, 360, 12, 0, 9.50%, 47, 0, 12, 4413.86, 28442679, 457
2239, 5, 267, 360, 12, 0, 9.50%, 47, 0, 12, 4446.39, 28465045, 457
2244, 5, 267, 360, 12, 0, 9.50%, 47, 0, 12, 4433.80, 28488337, 457
2249, 5, 267, 360, 12, 0, 9.50%, 47, 0, 12, 4381.11, 28510386, 457
2254, 5, 267, 360, 12, 0, 9.50%, 47, 0, 12, 4412.57, 28533266, 457
2259, 5, 267, 360, 12, 0, 9.50%, 47, 0, 12, 4462.17, 28555597, 457
2264, 5, 267, 360, 12, 0, 9.50%, 47, 0, 12, 4446.72, 28578488, 457
2270, 5, 267, 360, 12, 0, 9.50%, 47, 0, 12, 4487.36, 28601970, 457
2275, 5, 267, 360, 12, 0, 9.50%, 47, 0, 12, 4456.87, 28625168, 457
2280, 5, 267, 360, 12, 0, 9.50%, 47, 0, 12, 4476.22, 28648621, 457
2285, 5, 267, 360, 12, 0, 9.50%, 47, 0, 12, 4382.58, 28671421, 457
2291, 5, 267, 360, 12, 0, 9.50%, 47, 0, 12, 4437.08, 28694692, 457
2296, 5, 267, 360, 12, 0, 9.50%, 47, 0, 12, 4393.99, 28717063, 457
2301, 5, 267, 360, 12, 0, 9.50%, 47, 0, 12, 4413.74, 28739941, 457
2306, 5, 267, 360, 12, 0, 9.50%, 47, 0, 12, 4390.14, 28762088, 457
2311, 5, 267, 360, 12, 0, 9.50%, 47, 0, 12, 4406.91, 28784382, 457
2316, 5, 267, 360, 12, 0, 9.50%, 47, 0, 12, 4497.65, 28807680, 457
2321, 5, 267, 360, 12, 0, 9.50%, 47, 0, 12, 4484.45, 28830934, 457
2326, 5, 267, 360, 12, 0, 9.50%, 47, 0, 12, 4443.58, 28853228, 457
2331, 5, 267, 360, 12, 0, 9.50%, 47, 0, 12, 4436.54, 28876105, 457
2337, 5, 267, 360, 12, 0, 9.50%, 47, 0, 12, 4358.22, 28898754, 457
2342, 5, 267, 360, 12, 0, 9.50%, 47, 0, 12, 4403.14, 28921423, 457
2347, 5, 267, 360, 12, 0, 9.50%, 47, 0, 12, 4368.45, 28944091, 457
2352, 5, 267, 360, 12, 0, 9.50%, 47, 0, 12, 4469.82, 28966737, 457
2357, 5, 267, 360, 12, 0, 9.50%, 47, 0, 12, 4424.52, 28989506, 457
2362, 5, 267, 360, 12, 0, 9.50%, 47, 0, 12, 4427.77, 29012365, 457
2367, 5, 267, 360, 12, 0, 9.50%, 47, 0, 12, 4420.74, 29035064, 457
2373, 5, 267, 360, 12, 0, 9.50%, 47, 0, 12, 4459.71, 29057888, 457
2378, 5, 267, 360, 12, 0, 9.50%, 47, 0, 12, 4477.28, 29080694, 457
2383, 5, 267, 360, 12, 0, 9.50%, 47, 0, 12, 4481.22, 29103512, 457
2388, 5, 267, 360, 12, 0, 9.50%, 47, 0, 12, 4499.69, 29126323, 457
2393, 5, 267, 360, 12, 0, 9.50%, 47, 0, 12, 4465.91, 29149137, 457
2398, 5, 267, 360, 12, 0, 9.50%, 47, 0, 12, 4453.93, 29171970, 457
2403, 5, 267, 360, 12, 0, 9.50%, 47, 0, 12, 4476.60, 29194812, 457
2408, 5, 267, 360, 12, 0, 9.50%, 47, 0, 12, 4432.37, 29217595, 457
2413, 5, 267, 360, 12, 0, 9.50%, 47, 0, 12, 4476.71, 29240589, 457
2419, 5, 267, 360, 12, 0, 9.50%, 47, 0, 12, 4399.72, 29263059, 457
2424, 5, 267, 360, 12, 0, 9.50%, 47, 0, 12, 4423.81, 29286336, 457
2429, 5, 267, 360, 12, 0, 9.50%, 47, 0, 12, 4426.75, 29309031, 457
2434, 5, 267, 360, 12, 0, 9.50%, 47, 0, 12, 4410.84, 29331759, 457
2439, 5, 267, 360, 12, 0, 9.50%, 47, 0, 12, 4405.78, 29354510, 457
2444, 5, 267, 360, 12, 0, 9.50%, 47, 0, 12, 4411.55, 29377235, 457
2450, 5, 267, 360, 12, 0, 9.50%, 47, 0, 12, 4402.66, 29400109, 457
2455, 5, 267, 360, 12, 0, 9.50%, 47, 0, 12, 4393.44, 29422851, 457
2460, 5, 267, 360, 12, 0, 9.50%, 47, 0, 12, 4427.88, 29446168, 457
2465, 5, 267, 360, 12, 0, 9.50%, 47, 0, 12, 4362.51, 29468462, 457
2470, 5, 267, 360, 12, 0, 9.50%, 47, 0, 12, 4374.81, 29490756, 457
2475, 5, 267, 360, 12, 0, 9.50%, 47, 0, 12, 4390.73, 29512964, 457
2480, 5, 267, 360, 12, 0, 9.50%, 47, 0, 12, 4414.43, 29535168, 457
2485, 5, 267, 360, 12, 0, 9.50%, 47, 0, 12, 4423.18, 29557456, 457
2491, 5, 267, 360, 12, 0, 9.50%, 47, 0, 12, 4405.73, 29580412, 457
2496, 5, 267, 360, 12, 0, 9.50%, 47, 0, 12, 4405.14, 29602980, 457
2501, 5, 267, 360, 12, 0, 9.50%, 47, 0, 12, 4458.38, 29625543, 457
2506, 5, 267, 360, 12, 0, 9.50%, 47, 0, 12, 4447.74, 29648209, 457
2511, 5, 267, 360, 12, 0, 9.50%, 47, 0, 12, 4400.47, 29670948, 457
2516, 5, 267, 360, 12, 0, 9.50%, 47, 0, 12, 4420.74, 29693691, 457
2521, 5, 267, 360, 12, 0, 9.50%, 47, 0, 12, 4432.21, 29716427, 457
2526, 5, 267, 360, 12, 0, 9.50%, 47, 0, 12, 4408.17, 29739376, 457
2532, 5, 267, 360, 12, 0, 9.50%, 47, 0, 12, 4401.57, 29761176, 457
2537, 5, 267, 360, 12, 0, 9.50%, 47, 0, 12, 4415.61, 29783864, 457
2542, 5, 267, 360, 12, 0, 9.50%, 47, 0, 12, 4465.35, 29806565, 457
2547, 5, 267, 360, 12, 0, 9.50%, 47, 0, 12, 4428.37, 29829270, 457
2552, 5, 267, 360, 12, 0, 9.50%, 47, 0, 12, 4414.37, 29851958, 457
2557, 5, 267, 360, 12, 0, 9.50%, 47, 0, 12, 4374.33, 29874644, 457
2562, 5, 267, 360, 12, 0, 9.50%, 47, 0, 12, 4483.69, 29897373, 457
2567, 5, 267, 360, 12, 0, 9.50%, 47, 0, 12, 4422.09, 29920036, 457
2573, 5, 267, 360, 12, 0, 9.50%, 47, 0, 12, 4409.22, 29942692, 457
2578, 5, 267, 360, 12, 0, 9.50%, 47, 0, 12, 4442.14, 29965350, 457
2583, 5, 267, 360, 12, 0, 9.50%, 47, 0, 12, 4476.98, 29988007, 457
2588, 5, 267, 360, 12, 0, 9.50%, 47, 0, 12, 4419.30, 30010515, 457
2593, 5, 267, 360, 12, 0, 9.50%, 47, 0, 12, 4396.21, 30032895, 457
2598, 5, 267, 360, 12, 0, 9.50%, 47, 0, 12, 4400.34, 30055041, 457
2603, 5, 267, 360, 12, 0, 9.50%, 47, 0, 12, 4496.33, 30077897, 457
2608, 5, 267, 360, 12, 0, 9.50%, 47, 0, 12, 4430.72, 30100016, 457
2613, 5, 267, 360, 12, 0, 9.50%, 47, 0, 12, 4422.38, 30122306, 457
2618, 5, 267, 360, 12, 0, 9.50%, 47, 0, 12, 4430.26, 30145208, 457
2623, 5, 267, 360, 12, 0, 9.50%, 47, 0, 12, 4459.73, 30168506, 457
2628, 5, 267, 360, 12, 0, 9.50%, 47, 0, 12, 4437.48, 30190732, 457
2634, 5, 267, 360, 12, 0, 9.50%, 47, 0, 12, 4422.69, 30213602, 457
2639, 5, 267, 360, 12, 0, 9.50%, 47, 0, 12, 4421.55, 30235886, 457
2644, 5, 267, 360, 12, 0, 9.50%, 47, 0, 12, 4417.93, 30258773, 457
2649, 5, 267, 360, 12, 0, 9.50%, 47, 0, 12, 4372.44, 30280517, 457
2654, 5, 267, 360, 12, 0, 9.50%, 47, 0, 12, 4442.11, 30303636, 457
2659, 5, 267, 360, 12, 0, 9.50%, 47, 0, 12, 4465.39, 30326290, 457
2664, 5, 267, 360, 12, 0, 9.50%, 47, 0, 12, 4432.76, 30348928, 457
2669, 5, 267, 360, 12, 0, 9.50%, 47, 0, 12, 4486.32, 30371591, 457
2674, 5, 267, 360, 12, 0, 9.50%, 47, 0, 12, 4447.47, 30394272, 457
2679, 5, 267, 360, 12, 0, 9.50%, 47, 0, 12, 4384.91, 30416460, 457
2685, 5, 267, 360, 12, 0, 9.50%, 47, 0, 12, 4345.46, 30438453, 457
2690, 5, 267, 360, 12, 0, 9.50%, 47, 0, 12, 4429.38, 30461201, 457
2695, 5, 267, 360, 12, 0, 9.50%, 47, 0, 12, 4404.03, 30484062, 457
2700, 5, 267, 360, 12, 0, 9.50%, 47, 0, 12, 4410.47, 30506227, 457
2705, 5, 267, 360, 12, 0, 9.50%, 47, 0, 12, 4457.48, 30529083, 457
2710, 5, 267, 360, 12, 0, 9.50%, 47, 0, 12, 4435.84, 30551950, 457
2715, 5, 267, 360, 12, 0, 9.50%, 47, 0, 12, 4480.90, 30575424, 457
2721, 5, 267, 360, 12, 0, 9.50%, 47, 0, 12, 4455.39, 30598611, 457
2726, 5, 267, 360, 12, 0, 9.50%, 47, 0, 12, 4390.74, 30621033, 457
2731, 5, 267, 360, 12, 0, 9.50%, 47, 0, 12, 4470.00, 30644401, 457
2736, 5, 267, 360, 12, 0, 9.50%, 47, 0, 12, 4435.82, 30666695, 457
2741, 5, 267, 360, 12, 0, 9.50%, 47, 0, 12, 4430.45, 30689829, 457
2746, 5, 267, 360, 12, 0, 9.50%, 47, 0, 12, 4433.75, 30712173, 457
2751, 5, 267, 360, 12, 0, 9.50%, 47, 0, 12, 4528.64, 30735402, 457
2756, 5, 267, 360, 12, 0, 9.50%, 47, 0, 12, 4540.99, 30758255, 457
2761, 5, 267, 360, 12, 0, 9.50%, 47, 0, 12, 4557.61, 30781874, 457
2766, 5, 267, 360, 12, 0, 9.50%, 47, 0, 12, 4462.02, 30804168, 457
2772, 5, 267, 360, 12, 0, 9.50%, 47, 0, 12, 4477.35, 30827401, 457
2777, 5, 267, 360, 12, 0, 9.50%, 47, 0, 12, 4463.04, 30850717, 457
2782, 5, 267, 360, 12, 0, 9.50%, 47, 0, 12, 4456.56, 30874085, 457
2787, 5, 267, 360, 12, 0, 9.50%, 47, 0, 12, 4401.47, 30896378, 457
2792, 5, 267, 360, 12, 0, 9.50%, 47, 0, 12, 4456.92, 30919367, 457
2798, 5, 267, 360, 12, 0, 9.50%, 47, 0, 12, 4437.85, 30942089, 457
2803, 5, 267, 360, 12, 0, 9.50%, 47, 0, 12, 4477.61, 30964829, 457
2808, 5, 267, 360, 12, 0, 9.50%, 47, 0, 12, 4462.69, 30987562, 457
2813, 5, 267, 360, 12, 0, 9.50%, 47, 0, 12, 4463.67, 31010315, 457
2818, 5, 267, 360, 12, 0, 9.50%, 47, 0, 12, 4480.02, 31033052, 457
2823, 5, 267, 360, 12, 0, 9.50%, 47, 0, 12, 4476.98, 31055788, 457
2828, 5, 267, 360, 12, 0, 9.50%, 47, 0, 12, 4408.82, 31077813, 457
2833, 5, 267, 360, 12, 0, 9.50%, 47, 0, 12, 4470.74, 31100434, 457
2838, 5, 267, 360, 12, 0, 9.50%, 47, 0, 12, 4410.75, 31123435, 457
2844, 5, 267, 360, 12, 0, 9.50%, 47, 0, 12, 4444.83, 31146656, 457
2849, 5, 267, 360, 12, 0, 9.50%, 47, 0, 12, 4421.41, 31169023, 457
2854, 5, 267, 360, 12, 0, 9.50%, 47, 0, 12, 4410.37, 31191376, 457
2859, 5, 267, 360, 12, 0, 9.50%, 47, 0, 12, 4417.04, 31213513, 457
2864, 5, 267, 360, 12, 0, 9.50%, 47, 0, 12, 4404.72, 31235807, 457
2869, 5, 267, 360, 12, 0, 9.50%, 47, 0, 12, 4416.16, 31258101, 457
2874, 5, 267, 360, 12, 0, 9.50%, 47, 0, 12, 4419.91, 31280377, 457
2879, 5, 267, 360, 12, 0, 9.50%, 47, 0, 12, 4447.26, 31303589, 457
2884, 5, 267, 360, 12, 0, 9.50%, 47, 0, 12, 4432.21, 31325911, 457
2889, 5, 267, 360, 12, 0, 9.50%, 47, 0, 12, 4434.56, 31348205, 457
2894, 5, 267, 360, 12, 0, 9.50%, 47, 0, 12, 4446.22, 31371162, 457
2899, 5, 267, 360, 12, 0, 9.50%, 47, 0, 12, 4467.28, 31393501, 457
2905, 5, 267, 360, 12, 0, 9.50%, 47, 0, 12, 4447.78, 31416655, 457
2910, 5, 267, 360, 12, 0, 9.50%, 47, 0, 12, 4416.19, 31438805, 457
2915, 5, 267, 360, 12, 0, 9.50%, 47, 0, 12, 4406.45, 31460841, 457
2920, 5, 267, 360, 12, 0, 9.50%, 47, 0, 12, 4449.42, 31483190, 457
2925, 5, 267, 360, 12, 0, 9.50%, 47, 0, 12, 4446.28, 31505562, 457
2930, 5, 267, 360, 12, 0, 9.50%, 47, 0, 12, 4479.16, 31528901, 457
2935, 5, 267, 360, 12, 0, 9.50%, 47, 0, 12, 4458.09, 31552114, 457
2940, 5, 267, 360, 12, 0, 9.50%, 47, 0, 12, 4452.74, 31574408, 457
2945, 5, 267, 360, 12, 0, 9.50%, 47, 0, 12, 4438.25, 31596702, 457
2950, 5, 267, 360, 12, 0, 9.50%, 47, 0, 12, 4406.44, 31618954, 457
2955, 5, 267, 360, 12, 0, 9.50%, 47, 0, 12, 4366.69, 31641795, 457
2960, 5, 267, 360, 12, 0, 9.50%, 47, 0, 12, 4414.01, 31664720, 457
2966, 5, 267, 360, 12, 0, 9.50%, 47, 0, 12, 4489.65, 31688162, 457
2971, 5, 267, 360, 12, 0, 9.50%, 47, 0, 12, 4462.31, 31710456, 457
2976, 5, 267, 360, 12, 0, 9.50%, 47, 0, 12, 4478.72, 31733704, 457
2981, 5, 267, 360, 12, 0, 9.50%, 47, 0, 12, 4396.38, 31756434, 457
2986, 5, 267, 360, 12, 0, 9.50%, 47, 0, 12, 4445.76, 31779176, 457
2991, 5, 267, 360, 12, 0, 9.50%, 47, 0, 12, 4447.69, 31801900, 457
2996, 5, 267, 360, 12, 0, 9.50%, 47, 0, 12, 4476.73, 31824635, 457
3001, 5, 267, 360, 12, 0, 9.50%, 47, 0, 12, 4462.88, 31847347, 457
3007, 5, 267, 360, 12, 0, 9.50%, 47, 0, 12, 4410.22, 31869412, 457
3012, 5, 267, 360, 12, 0, 9.50%, 47, 0, 12, 4431.86, 31891706, 457
3017, 5, 267, 360, 12, 0, 9.50%, 47, 0, 12, 4508.79, 31915045, 457
3022, 5, 267, 360, 12, 0, 9.50%, 47, 0, 12, 4480.41, 31938258, 457
3027, 5, 267, 360, 12, 0, 9.50%, 47, 0, 12, 4465.87, 31961622, 457
3032, 5, 267, 360, 12, 0, 9.50%, 47, 0, 12, 4445.38, 31983916, 457
3037, 5, 267, 360, 12, 0, 9.50%, 47, 0, 12, 4437.56, 32006129, 457
3042, 5, 267, 360, 12, 0, 9.50%, 47, 0, 12, 4446.75, 32028946, 457
3048, 5, 267, 360, 12, 0, 9.50%, 47, 0, 12, 4411.71, 32051808, 457
3053, 5, 267, 360, 12, 0, 9.50%, 47, 0, 12, 4444.97, 32074647, 457
3058, 5, 267, 360, 12, 0, 9.50%, 47, 0, 12, 4484.98, 32097369, 457
3063, 5, 267, 360, 12, 0, 9.50%, 47, 0, 12, 4440.50, 32119590, 457
3068, 5, 267, 360, 12, 0, 9.50%, 47, 0, 12, 4433.31, 32142357, 457
3073, 5, 267, 360, 12, 0, 9.50%, 47, 0, 12, 4500.10, 32165105, 457
3078, 5, 267, 360, 12, 0, 9.50%, 47, 0, 12, 4446.30, 32187845, 457
3083, 5, 267, 360, 12, 0, 9.50%, 47, 0, 12, 4479.73, 32210573, 457
3088, 5, 267, 360, 12, 0, 9.50%, 47, 0, 12, 4487.28, 32233750, 457
3093, 5, 267, 360, 12, 0, 9.50%, 47, 0, 12, 4480.40, 32257102, 457
3099, 5, 267, 360, 12, 0, 9.50%, 47, 0, 12, 4476.32, 32280387, 457
3104, 5, 267, 360, 12, 0, 9.50%, 47, 0, 12, 4453.39, 32302739, 457
3109, 5, 267, 360, 12, 0, 9.50%, 47, 0, 12, 4438.84, 32325727, 457
3114, 5, 267, 360, 12, 0, 9.50%, 47, 0, 12, 4481.37, 32348672, 457
3119, 5, 267, 360, 12, 0, 9.50%, 47, 0, 12, 4482.91, 32372029, 457
3124, 5, 267, 360, 12, 0, 9.50%, 47, 0, 12, 4535.46, 32395433, 457
3129, 5, 267, 360, 12, 0, 9.50%, 47, 0, 12, 4517.60, 32418301, 457
3135, 5, 267, 360, 12, 0, 9.50%, 47, 0, 12, 4538.35, 32441765, 457
3140, 5, 267, 360, 12, 0, 9.50%, 47, 0, 12, 4533.32, 32464787, 457
3145, 5, 267, 360, 12, 0, 9.50%, 47, 0, 12, 4485.45, 32487630, 457
3150, 5, 267, 360, 12, 0, 9.50%, 47, 0, 12, 4522.55, 32510374, 457
3155, 5, 267, 360, 12, 0, 9.50%, 47, 0, 12, 4500.15, 32533499, 457
3160, 5, 267, 360, 12, 0, 9.50%, 47, 0, 12, 4513.23, 32556642, 457
3165, 5, 267, 360, 12, 0, 9.50%, 47, 0, 12, 4471.85, 32579978, 457
3170, 5, 267, 360, 12, 0, 9.50%, 47, 0, 12, 4463.43, 32603150, 457
3176, 5, 267, 360, 12, 0, 9.50%, 47, 0, 12, 4483.33, 32626239, 457
3181, 5, 267, 360, 12, 0, 9.50%, 47, 0, 12, 4503.24, 32649137, 457
3186, 5, 267, 360, 12, 0, 9.50%, 47, 0, 12, 4465.51, 32672037, 457
3191, 5, 267, 360, 12, 0, 9.50%, 47, 0, 12, 4454.05, 32694678, 457
3196, 5, 267, 360, 12, 0, 9.50%, 47, 0, 12, 4461.81, 32717212, 457
3201, 5, 267, 360, 12, 0, 9.50%, 47, 0, 12, 4506.34, 32739977, 457
3206, 5, 267, 360, 12, 0, 9.50%, 47, 0, 12, 4408.96, 32762073, 457
3211, 5, 267, 360, 12, 0, 9.50%, 47, 0, 12, 4470.22, 32784769, 457
3216, 5, 267, 360, 12, 0, 9.50%, 47, 0, 12, 4455.71, 32807470, 457
3221, 5, 267, 360, 12, 0, 9.50%, 47, 0, 12, 4472.19, 32830176, 457
3226, 5, 267, 360, 12, 0, 9.50%, 47, 0, 12, 4475.95, 32852875, 457
3231, 5, 267, 360, 12, 0, 9.50%, 47, 0, 12, 4527.43, 32875647, 457
3236, 5, 267, 360, 12, 0, 9.50%, 47, 0, 12, 4514.28, 32898328, 457
3241, 5, 267, 360, 12, 0, 9.50%, 47, 0, 12, 4492.62, 32921012, 457
3246, 5, 267, 360, 12, 0, 9.50%, 47, 0, 12, 4465.84, 32943573, 457
3251, 5, 267, 360, 12, 0, 9.50%, 47, 0, 12, 4491.78, 32966134, 457
3257, 5, 267, 360, 12, 0, 9.50%, 47, 0, 12, 4496.47, 32988901, 457
3262, 5, 267, 360, 12, 0, 9.50%, 47, 0, 12, 4509.21, 33012393, 457
3267, 5, 267, 360, 12, 0, 9.50%, 47, 0, 12, 4488.12, 33035263, 457
3272, 5, 267, 360, 12, 0, 9.50%, 47, 0, 12, 4531.88, 33058163, 457
3277, 5, 267, 360, 12, 0, 9.50%, 47, 0, 12, 4532.36, 33080869, 457
3282, 5, 267, 360, 12, 0, 9.50%, 47, 0, 12, 4507.69, 33103639, 457
3287, 5, 267, 360, 12, 0, 9.50%, 47, 0, 12, 4490.43, 33126437, 457
3292, 5, 267, 360, 12, 0, 9.50%, 47, 0, 12, 4567.92, 33150253, 457
3297, 5, 267, 360, 12, 0, 9.50%, 47, 0, 12, 4533.07, 33173023, 457
3302, 5, 267, 360, 12, 0, 9.50%, 47, 0, 12, 4532.51, 33195680, 457
3308, 5, 267, 360, 12, 0, 9.50%, 47, 0, 12, 4485.43, 33219007, 457
3313, 5, 267, 360, 12, 0, 9.50%, 47, 0, 12, 4576.20, 33242881, 457
3318, 5, 267, 360, 12, 0, 9.50%, 47, 0, 12, 4494.45, 33266094, 457
3323, 5, 267, 360, 12, 0, 9.50%, 47, 0, 12, 4547.31, 33289458, 457
3328, 5, 267, 360, 12, 0, 9.50%, 47, 0, 12, 4503.65, 33312804, 457
3333, 5, 267, 360, 12, 0, 9.50%, 47, 0, 12, 4536.08, 33336085, 457
3339, 5, 267, 360, 12, 0, 9.50%, 47, 0, 12, 4479.26, 33359247, 457
3344, 5, 267, 360, 12, 0, 9.50%, 47, 0, 12, 4469.86, 33382434, 457
3349, 5, 267, 360, 12, 0, 9.50%, 47, 0, 12, 4420.82, 33404826, 457
3354, 5, 267, 360, 12, 0, 9.50%, 47, 0, 12, 4460.38, 33428176, 457
3359, 5, 267, 360, 12, 0, 9.50%, 47, 0, 12, 4468.15, 33450646, 457
3364, 5, 267, 360, 12, 0, 9.50%, 47, 0, 12, 4470.40, 33473608, 457
3369, 5, 267, 360, 12, 0, 9.50%, 47, 0, 12, 4469.65, 33496804, 457
3374, 5, 267, 360, 12, 0, 9.50%, 47, 0, 12, 4457.43, 33519116, 457
3380, 5, 267, 360, 12, 0, 9.50%, 47, 0, 12, 4453.09, 33541844, 457
3385, 5, 267, 360, 12, 0, 9.50%, 47, 0, 12, 4432.29, 33564618, 457
3390, 5, 267, 360, 12, 0, 9.50%, 47, 0, 12, 4481.21, 33587388, 457
3395, 5, 267, 360, 12, 0, 9.50%, 47, 0, 12, 4431.51, 33610178, 457
3400, 5, 267, 360, 12, 0, 9.50%, 47, 0, 12, 4469.89, 33632966, 457
3405, 5, 267, 360, 12, 0, 9.50%, 47, 0, 12, 4480.75, 33655376, 457
3410, 5, 267, 360, 12, 0, 9.50%, 47, 0, 12, 4468.36, 33678472, 457
3415, 5, 267, 360, 12, 0, 9.50%, 47, 0, 12, 4449.19, 33701637, 457
3421, 5, 267, 360, 12, 0, 9.50%, 47, 0, 12, 4465.72, 33724579, 457
3426, 5, 267, 360, 12, 0, 9.50%, 47, 0, 12, 4449.17, 33747671, 457
3431, 5, 267, 360, 12, 0, 9.50%, 47, 0, 12, 4465.33, 33770908, 457
3436, 5, 267, 360, 12, 0, 9.50%, 47, 0, 12, 4459.30, 33794001, 457
3441, 5, 267, 360, 12, 0, 9.50%, 47, 0, 12, 4463.10, 33816337, 457
3446, 5, 267, 360, 12, 0, 9.50%, 47, 0, 12, 4447.98, 33839305, 457
3451, 5, 267, 360, 12, 0, 9.50%, 47, 0, 12, 4495.22, 33862648, 457
3457, 5, 267, 360, 12, 0, 9.50%, 47, 0, 12, 4480.61, 33885927, 457
3462, 5, 267, 360, 12, 0, 9.50%, 47, 0, 12, 4527.16, 33908848, 457
3467, 5, 267, 360, 12, 0, 9.50%, 47, 0, 12, 4546.19, 33932579, 457
3472, 5, 267, 360, 12, 0, 9.50%, 47, 0, 12, 4533.05, 33956263, 457
3477, 5, 267, 360, 12, 0, 9.50%, 47, 0, 12, 4521.76, 33979951, 457
3483, 5, 267, 360, 12, 0, 9.50%, 47, 0, 12, 4531.35, 34003645, 457
3488, 5, 267, 360, 12, 0, 9.50%, 47, 0, 12, 4473.09, 34026310, 457
3493, 5, 267, 360, 12, 0, 9.50%, 47, 0, 12, 4443.15, 34049020, 457
3498, 5, 267, 360, 12, 0, 9.50%, 47, 0, 12, 4432.19, 34071726, 457
3503, 5, 267, 360, 12, 0, 9.50%, 47, 0, 12, 4461.77, 34094437, 457
3508, 5, 267, 360, 12, 0, 9.50%, 47, 0, 12, 4454.55, 34117192, 457
3513, 5, 267, 360, 12, 0, 9.50%, 47, 0, 12, 4477.43, 34139952, 457
3518, 5, 267, 360, 12, 0, 9.50%, 47, 0, 12, 4455.50, 34162722, 457
3523, 5, 267, 360, 12, 0, 9.50%, 47, 0, 12, 4448.78, 34185448, 457
3529, 5, 267, 360, 12, 0, 9.50%, 47, 0, 12, 4434.11, 34208145, 457
3534, 5, 267, 360, 12, 0, 9.50%, 47, 0, 12, 4431.55, 34231230, 457
3539, 5, 267, 360, 12, 0, 9.50%, 47, 0, 12, 4427.84, 34253588, 457
3544, 5, 267, 360, 12, 0, 9.50%, 47, 0, 12, 4438.15, 34276406, 457
3549, 5, 267, 360, 12, 0, 9.50%, 47, 0, 12, 4453.70, 34299652, 457
3554, 5, 267, 360, 12, 0, 9.50%, 47, 0, 12, 4402.30, 34322002, 457
3560, 5, 267, 360, 12, 0, 9.50%, 47, 0, 12, 4425.41, 34344990, 457
3565, 5, 267, 360, 12, 0, 9.50%, 47, 0, 12, 4387.49, 34367263, 457
3570, 5, 267, 360, 12, 0, 9.50%, 47, 0, 12, 4445.01, 34389555, 457
3575, 5, 267, 360, 12, 0, 9.50%, 47, 0, 12, 4429.12, 34411880, 457
3580, 5, 267, 360, 12, 0, 9.50%, 47, 0, 12, 4430.21, 34434718, 457
3585, 5, 273, 360, 12, 0, 9.50%, 47, 0, 12, 8259.44, 34476611, 457
3590, 5, 273, 360, 12, 0, 9.50%, 47, 0, 12, 8385.82, 34520005, 457
3595, 5, 273, 360, 12, 0, 9.50%, 47, 0, 12, 8292.23, 34561689, 457
3600, 5, 273, 360, 12, 0, 9.50%, 47, 0, 12, 8231.15, 34604249, 457
3605, 5, 273, 360, 12, 0, 9.50%, 47, 0, 12, 8069.69, 34645953, 457
3610, 5, 273, 360, 12, 0, 9.50%, 47, 0, 12, 8040.40, 34685963, 457
3616, 5, 273, 360, 12, 0, 9.50%, 47, 0, 12, 7912.40, 34727644, 457
3621, 5, 273, 360, 12, 0, 9.50%, 47, 0, 12, 8172.71, 34769463, 457
3626, 5, 273, 360, 12, 0, 9.50%, 47, 0, 12, 8134.56, 34812758, 457
3631, 5, 273, 360, 12, 0, 9.50%, 47, 0, 12, 8212.33, 34854590, 457
3636, 5, 273, 360, 12, 0, 9.50%, 47, 0, 12, 8102.10, 34895529, 457
3641, 5, 273, 360, 12, 0, 9.50%, 47, 0, 12, 8227.50, 34938962, 457
3646, 5, 273, 360, 12, 0, 9.50%, 47, 0, 12, 7990.95, 34978970, 457
3652, 5, 273, 360, 12, 0, 9.50%, 47, 0, 12, 8233.21, 35022386, 457
3657, 5, 273, 360, 12, 0, 9.50%, 47, 0, 12, 8103.74, 35062441, 457
3662, 5, 206, 360, 12, 0, 9.50%, 47, 0, 12, 11121.66, 35118900, 457
3667, 5, 206, 360, 12, 0, 9.50%, 47, 0, 12, 13295.28, 35194081, 457
3672, 5, 206, 360, 12, 0, 9.50%, 47, 0, 12, 14287.32, 35269354, 457
3677, 5, 206, 360, 12, 0, 9.50%, 47, 0, 12, 14171.66, 35341117, 457
3682, 5, 206, 360, 12, 0, 9.50%, 47, 0, 12, 15200.68, 35419991, 457
3687, 5, 206, 360, 12, 0, 9.50%, 47, 0, 12, 14146.14, 35491725, 457
3693, 5, 267, 360, 12, 0, 9.50%, 47, 0, 12, 9197.13, 35537939, 457
3698, 5, 175, 360, 12, 0, 9.50%, 47, 0, 12, 14819.02, 35619729, 457
3703, 5, 208, 360, 12, 0, 9.50%, 47, 0, 12, 15380.95, 35700578, 457
3708, 5, 208, 360, 12, 0, 9.50%, 47, 0, 12, 14483.11, 35773624, 457
3713, 5, 208, 360, 12, 0, 9.50%, 47, 0, 12, 15004.67, 35850298, 457
3718, 5, 208, 360, 12, 0, 9.50%, 47, 0, 12, 14277.98, 35919690, 457
3723, 5, 208, 360, 12, 0, 9.50%, 47, 0, 12, 13892.32, 35989094, 457
3728, 5, 208, 360, 12, 0, 9.50%, 47, 0, 12, 13589.88, 36058483, 457
3733, 5, 278, 360, 12, 0, 9.50%, 47, 0, 12, 7280.22, 36091950, 457
3739, 5, 278, 360, 12, 0, 9.50%, 47, 0, 12, 4748.21, 36112877, 457
3744, 5, 278, 360, 12, 0, 9.50%, 47, 0, 12, 4184.05, 36133046, 457
3749, 5, 278, 360, 12, 0, 9.50%, 47, 0, 12, 4093.27, 36154117, 457
3754, 5, 278, 360, 12, 0, 9.50%, 47, 0, 12, 3998.97, 36174126, 457
3759, 5, 278, 360, 12, 0, 9.50%, 47, 0, 12, 4020.79, 36194974, 457
3764, 5, 278, 360, 12, 0, 9.50%, 47, 0, 12, 4002.46, 36215027, 457
3769, 5, 278, 360, 12, 0, 9.50%, 47, 0, 12, 3944.46, 36235134, 457
3774, 5, 278, 360, 12, 0, 9.50%, 47, 0, 12, 3979.57, 36255344, 457
3779, 5, 278, 360, 12, 0, 9.50%, 47, 0, 12, 4005.48, 36275500, 457
3784, 5, 278, 360, 12, 0, 9.50%, 47, 0, 12, 4028.97, 36296623, 457
3790, 5, 278, 360, 12, 0, 9.50%, 47, 0, 12, 3985.44, 36316789, 457
3795, 5, 278, 360, 12, 0, 9.50%, 47, 0, 12, 4017.57, 36336999, 457
3800, 5, 278, 360, 12, 0, 9.50%, 47, 0, 12, 4027.41, 36357992, 457
3805, 5, 278, 360, 12, 0, 9.50%, 47, 0, 12, 4029.16, 36378998, 457
3810, 5, 278, 360, 12, 0, 9.50%, 47, 0, 12, 4023.67, 36399122, 457
3815, 5, 278, 360, 12, 0, 9.50%, 47, 0, 12, 3999.03, 36419306, 457
3820, 5, 278, 360, 12, 0, 9.50%, 47, 0, 12, 3996.86, 36439401, 457
3825, 5, 278, 360, 12, 0, 9.50%, 47, 0, 12, 4031.19, 36460387, 457
3830, 5, 278, 360, 12, 0, 9.50%, 47, 0, 12, 4039.74, 36481391, 457
3835, 5, 278, 360, 12, 0, 9.50%, 47, 0, 12, 4013.22, 36501526, 457
3840, 5, 278, 360, 12, 0, 9.50%, 47, 0, 12, 4044.87, 36521676, 457
3846, 5, 278, 360, 12, 0, 9.50%, 47, 0, 12, 3983.19, 36541728, 457
3851, 5, 278, 360, 12, 0, 9.50%, 47, 0, 12, 4001.35, 36561768, 457
3856, 5, 278, 360, 12, 0, 9.50%, 47, 0, 12, 3996.42, 36582524, 457
3861, 5, 278, 360, 12, 0, 9.50%, 47, 0, 12, 4034.20, 36603595, 457
3866, 5, 278, 360, 12, 0, 9.50%, 47, 0, 12, 4009.80, 36623789, 457
3871, 5, 278, 360, 12, 0, 9.50%, 47, 0, 12, 4016.41, 36644019, 457
3876, 5, 278, 360, 12, 0, 9.50%, 47, 0, 12, 4046.00, 36665060, 457
3881, 5, 278, 360, 12, 0, 9.50%, 47, 0, 12, 4021.38, 36685203, 457
3886, 5, 278, 360, 12, 0, 9.50%, 47, 0, 12, 4031.10, 36705485, 457
3891, 5, 278, 360, 12, 0, 9.50%, 47, 0, 12, 4047.31, 36725709, 457
3896, 5, 278, 360, 12, 0, 9.50%, 47, 0, 12, 4009.71, 36746650, 457
3902, 5, 278, 360, 12, 0, 9.50%, 47, 0, 12, 4010.46, 36766811, 457
3907, 5, 278, 360, 12, 0, 9.50%, 47, 0, 12, 4040.18, 36787811, 457
3912, 5, 278, 360, 12, 0, 9.50%, 47, 0, 12, 4032.53, 36808811, 457
3917, 5, 278, 360, 12, 0, 9.50%, 47, 0, 12, 3997.80, 36828820, 457
3922, 5, 278, 360, 12, 0, 9.50%, 47, 0, 12, 4065.00, 36849662, 457
3927, 5, 278, 360, 12, 0, 9.50%, 47, 0, 12, 4037.15, 36870515, 457
3932, 5, 278, 360, 12, 0, 9.50%, 47, 0, 12, 4080.05, 36891499, 457
3938, 5, 278, 360, 12, 0, 9.50%, 47, 0, 12, 4065.55, 36912437, 457
3943, 5, 278, 360, 12, 0, 9.50%, 47, 0, 12, 4020.49, 36932558, 457
3948, 5, 278, 360, 12, 0, 9.50%, 47, 0, 12, 4030.42, 36952736, 457
3953, 5, 278, 360, 12, 0, 9.50%, 47, 0, 12, 4062.82, 36973696, 457
3958, 5, 278, 360, 12, 0, 9.50%, 47, 0, 12, 4050.50, 36994624, 457
3963, 5, 278, 360, 12, 0, 9.50%, 47, 0, 12, 4090.76, 37015500, 457
3968, 5, 278, 360, 12, 0, 9.50%, 47, 0, 12, 4025.42, 37036376, 457
3973, 5, 278, 360, 12, 0, 9.50%, 47, 0, 12, 4042.73, 37057489, 457
3978, 5, 278, 360, 12, 0, 9.50%, 47, 0, 12, 4002.19, 37077675, 457
3984, 5, 278, 360, 12, 0, 9.50%, 47, 0, 12, 4016.02, 37098659, 457
3989, 5, 278, 360, 12, 0, 9.50%, 47, 0, 12, 4031.53, 37119571, 457
3994, 5, 278, 360, 12, 0, 9.50%, 47, 0, 12, 4008.68, 37140369, 457
3999, 5, 278, 360, 12, 0, 9.50%, 47, 0, 12, 3982.25, 37160307, 457
4004, 5, 278, 360, 12, 0, 9.50%, 47, 0, 12, 4002.90, 37181183, 457
4009, 5, 278, 360, 12, 0, 9.50%, 47, 0, 12, 3989.13, 37201154, 457
4014, 5, 278, 360, 12, 0, 9.50%, 47, 0, 12, 4030.48, 37222098, 457
4019, 5, 278, 360, 12, 0, 9.50%, 47, 0, 12, 4059.83, 37242662, 457
4025, 5, 278, 360, 12, 0, 9.50%, 47, 0, 12, 4019.77, 37263552, 457
4030, 5, 278, 360, 12, 0, 9.50%, 47, 0, 12, 4040.73, 37284456, 457
4035, 5, 278, 360, 12, 0, 9.50%, 47, 0, 12, 3995.75, 37305306, 457
4040, 5, 278, 360, 12, 0, 9.50%, 47, 0, 12, 4003.85, 37326129, 457
4045, 5, 278, 360, 12, 0, 9.50%, 47, 0, 12, 4014.93, 37346278, 457
4050, 5, 278, 360, 12, 0, 9.50%, 47, 0, 12, 4064.68, 37367405, 457
4056, 5, 278, 360, 12, 0, 9.50%, 47, 0, 12, 4097.57, 37388420, 457
4061, 5, 278, 360, 12, 0, 9.50%, 47, 0, 12, 4030.56, 37408605, 457
4066, 5, 278, 360, 12, 0, 9.50%, 47, 0, 12, 4025.23, 37429562, 457
4071, 5, 278, 360, 12, 0, 9.50%, 47, 0, 12, 4024.39, 37450485, 457
4076, 5, 278, 360, 12, 0, 9.50%, 47, 0, 12, 4010.23, 37470492, 457
4081, 5, 278, 360, 12, 0, 9.50%, 47, 0, 12, 4049.37, 37491353, 457
4086, 5, 278, 360, 12, 0, 9.50%, 47, 0, 12, 4021.90, 37511585, 457
4091, 5, 278, 360, 12, 0, 9.50%, 47, 0, 12, 4029.78, 37531820, 457
4096, 5, 278, 360, 12, 0, 9.50%, 47, 0, 12, 4066.68, 37552884, 457
4102, 5, 278, 360, 12, 0, 9.50%, 47, 0, 12, 4065.76, 37573877, 457
4107, 5, 278, 360, 12, 0, 9.50%, 47, 0, 12, 4046.07, 37594925, 457
4112, 5, 278, 360, 12, 0, 9.50%, 47, 0, 12, 4047.05, 37615987, 457
4117, 5, 278, 360, 12, 0, 9.50%, 47, 0, 12, 4036.47, 37636855, 457
4122, 5, 278, 360, 12, 0, 9.50%, 47, 0, 12, 3986.57, 37656874, 457
4127, 5, 278, 360, 12, 0, 9.50%, 47, 0, 12, 3983.34, 37676990, 457
4132, 5, 278, 360, 12, 0, 9.50%, 47, 0, 12, 4018.43, 37697949, 457
4137, 5, 278, 360, 12, 0, 9.50%, 47, 0, 12, 4002.81, 37718001, 457
4143, 5, 278, 360, 12, 0, 9.50%, 47, 0, 12, 4041.95, 37738927, 457
4148, 5, 278, 360, 12, 0, 9.50%, 47, 0, 12, 4001.07, 37758958, 457
4153, 5, 278, 360, 12, 0, 9.50%, 47, 0, 12, 4059.13, 37779903, 457
4158, 5, 278, 360, 12, 0, 9.50%, 47, 0, 12, 4011.65, 37800074, 457
4163, 5, 278, 360, 12, 0, 9.50%, 47, 0, 12, 4042.95, 37820998, 457
4168, 5, 278, 360, 12, 0, 9.50%, 47, 0, 12, 4021.29, 37841950, 457
4173, 5, 278, 360, 12, 0, 9.50%, 47, 0, 12, 4021.45, 37862969, 457
4178, 5, 278, 360, 12, 0, 9.50%, 47, 0, 12, 4036.23, 37883086, 457
4184, 5, 278, 360, 12, 0, 9.50%, 47, 0, 12, 4037.92, 37904086, 457
4189, 5, 278, 360, 12, 0, 9.50%, 47, 0, 12, 4053.24, 37925090, 457
4194, 5, 278, 360, 12, 0, 9.50%, 47, 0, 12, 4029.75, 37945274, 457
4199, 5, 278, 360, 12, 0, 9.50%, 47, 0, 12, 4021.61, 37965456, 457
4204, 5, 278, 360, 12, 0, 9.50%, 47, 0, 12, 4029.51, 37986412, 457
4209, 5, 278, 360, 12, 0, 9.50%, 47, 0, 12, 3996.51, 38006663, 457
4214, 5, 278, 360, 12, 0, 9.50%, 47, 0, 12, 4014.65, 38027715, 457
4220, 5, 278, 360, 12, 0, 9.50%, 47, 0, 12, 4047.56, 38048725, 457
4225, 5, 278, 360, 12, 0, 9.50%, 47, 0, 12, 4046.74, 38069717, 457
4230, 5, 278, 360, 12, 0, 9.50%, 47, 0, 12, 4062.39, 38090706, 457
4235, 5, 278, 360, 12, 0, 9.50%, 47, 0, 12, 4057.99, 38111781, 457
4240, 5, 278, 360, 12, 0, 9.50%, 47, 0, 12, 4059.84, 38132742, 457
4245, 5, 278, 360, 12, 0, 9.50%, 47, 0, 12, 4025.78, 38152917, 457
4250, 5, 278, 360, 12, 0, 9.50%, 47, 0, 12, 4058.00, 38173836, 457
4256, 5, 278, 360, 12, 0, 9.50%, 47, 0, 12, 4026.59, 38194724, 457
4261, 5, 278, 360, 12, 0, 9.50%, 47, 0, 12, 4083.47, 38215539, 457
4266, 5, 278, 360, 12, 0, 9.50%, 47, 0, 12, 3993.18, 38236354, 457
4271, 5, 278, 360, 12, 0, 9.50%, 47, 0, 12, 4025.48, 38257318, 457
4276, 5, 278, 360, 12, 0, 9.50%, 47, 0, 12, 4050.97, 38278330, 457
4282, 5, 278, 360, 12, 0, 9.50%, 47, 0, 12, 4034.99, 38299334, 457
4287, 5, 278, 360, 12, 0, 9.50%, 47, 0, 12, 4007.25, 38319466, 457
4292, 5, 278, 360, 12, 0, 9.50%, 47, 0, 12, 4070.96, 38340363, 457
4297, 5, 278, 360, 12, 0, 9.50%, 47, 0, 12, 4016.98, 38361218, 457
4302, 5, 278, 360, 12, 0, 9.50%, 47, 0, 12, 4023.39, 38382223, 457
4307, 5, 278, 360, 12, 0, 9.50%, 47, 0, 12, 4049.87, 38403177, 457
4312, 5, 278, 360, 12, 0, 9.50%, 47, 0, 12, 4070.03, 38424051, 457
4318, 5, 278, 360, 12, 0, 9.50%, 47, 0, 12, 4024.43, 38444951, 457
4323, 5, 278, 360, 12, 0, 9.50%, 47, 0, 12, 4014.27, 38465072, 457
4328, 5, 278, 360, 12, 0, 9.50%, 47, 0, 12, 4014.97, 38485225, 457
4333, 5, 278, 360, 12, 0, 9.50%, 47, 0, 12, 4062.58, 38506234, 457
4338, 5, 278, 360, 12, 0, 9.50%, 47, 0, 12, 4034.18, 38526405, 457
4343, 5, 278, 360, 12, 0, 9.50%, 47, 0, 12, 3994.99, 38546613, 457
4348, 5, 278, 360, 12, 0, 9.50%, 47, 0, 12, 4008.18, 38566649, 457
4353, 5, 278, 360, 12, 0, 9.50%, 47, 0, 12, 4022.49, 38587609, 457
4358, 5, 278, 360, 12, 0, 9.50%, 47, 0, 12, 4020.07, 38607765, 457
4363, 5, 278, 360, 12, 0, 9.50%, 47, 0, 12, 4022.08, 38627885, 457
4368, 5, 278, 360, 12, 0, 9.50%, 47, 0, 12, 4036.94, 38648809, 457
4374, 5, 278, 360, 12, 0, 9.50%, 47, 0, 12, 4052.57, 38669565, 457
4379, 5, 278, 360, 12, 0, 9.50%, 47, 0, 12, 3975.20, 38689660, 457
4384, 5, 278, 360, 12, 0, 9.50%, 47, 0, 12, 4015.39, 38709833, 457
4389, 5, 278, 360, 12, 0, 9.50%, 47, 0, 12, 3977.24, 38730001, 457
4394, 5, 278, 360, 12, 0, 9.50%, 47, 0, 12, 4003.04, 38750845, 457
4399, 5, 278, 360, 12, 0, 9.50%, 47, 0, 12, 4025.09, 38771688, 457
4404, 5, 278, 360, 12, 0, 9.50%, 47, 0, 12, 4028.03, 38792473, 457
4409, 5, 278, 360, 12, 0, 9.50%, 47, 0, 12, 4035.09, 38813455, 457
4415, 5, 278, 360, 12, 0, 9.50%, 47, 0, 12, 4040.19, 38834468, 457
4420, 5, 278, 360, 12, 0, 9.50%, 47, 0, 12, 4052.06, 38855560, 457
4425, 5, 278, 360, 12, 0, 9.50%, 47, 0, 12, 4033.72, 38875753, 457
4430, 5, 278, 360, 12, 0, 9.50%, 47, 0, 12, 4034.37, 38896655, 457
4435, 5, 278, 360, 12, 0, 9.50%, 47, 0, 12, 4054.28, 38917685, 457
4440, 5, 278, 360, 12, 0, 9.50%, 47, 0, 12, 4064.11, 38938683, 457
4446, 5, 278, 360, 12, 0, 9.50%, 47, 0, 12, 4034.24, 38959687, 457
4451, 5, 278, 360, 12, 0, 9.50%, 47, 0, 12, 3999.89, 38979865, 457
4456, 5, 278, 360, 12, 0, 9.50%, 47, 0, 12, 4004.13, 39000067, 457
4461, 5, 278, 360, 12, 0, 9.50%, 47, 0, 12, 4012.24, 39020196, 457
4466, 5, 278, 360, 12, 0, 9.50%, 47, 0, 12, 4017.75, 39040337, 457
4471, 5, 278, 360, 12, 0, 9.50%, 47, 0, 12, 4032.41, 39061335, 457
4476, 5, 278, 360, 12, 0, 9.50%, 47, 0, 12, 4078.27, 39082309, 457
4481, 5, 278, 360, 12, 0, 9.50%, 47, 0, 12, 4075.83, 39103273, 457
4486, 5, 278, 360, 12, 0, 9.50%, 47, 0, 12, 4051.13, 39124253, 457
4492, 5, 278, 360, 12, 0, 9.50%, 47, 0, 12, 4036.77, 39145315, 457
4497, 5, 278, 360, 12, 0, 9.50%, 47, 0, 12, 4036.03, 39165513, 457
4502, 5, 278, 360, 12, 0, 9.50%, 47, 0, 12, 4042.29, 39185726, 457
4507, 5, 278, 360, 12, 0, 9.50%, 47, 0, 12, 4027.44, 39206744, 457
4512, 5, 278, 360, 12, 0, 9.50%, 47, 0, 12, 4001.28, 39226890, 457
4517, 5, 278, 360, 12, 0, 9.50%, 47, 0, 12, 3999.72, 39247797, 457
4522, 5, 278, 360, 12, 0, 9.50%, 47, 0, 12, 4003.45, 39268673, 457
4528, 5, 278, 360, 12, 0, 9.50%, 47, 0, 12, 4009.32, 39289570, 457
4533, 5, 278, 360, 12, 0, 9.50%, 47, 0, 12, 4024.14, 39310534, 457
4538, 5, 278, 360, 12, 0, 9.50%, 47, 0, 12, 4012.96, 39330604, 457
4543, 5, 278, 360, 12, 0, 9.50%, 47, 0, 12, 4058.35, 39351540, 457
4548, 5, 278, 360, 12, 0, 9.50%, 47, 0, 12, 4040.06, 39372550, 457
4553, 5, 278, 360, 12, 0, 9.50%, 47, 0, 12, 4095.49, 39393556, 457
4558, 5, 278, 360, 12, 0, 9.50%, 47, 0, 12, 4031.49, 39413787, 457
4563, 5, 278, 360, 12, 0, 9.50%, 47, 0, 12, 4045.42, 39434001, 457
4568, 5, 278, 360, 12, 0, 9.50%, 47, 0, 12, 4009.75, 39454096, 457
4573, 5, 278, 360, 12, 0, 9.50%, 47, 0, 12, 4261.14, 39475662, 457
4579, 5, 306, 371, 23, 0, 9.50%, 47, 0, 12, 12208.47, 39541433, 457
4584, 5, 261, 371, 22, 0, 9.50%, 47, 0, 12, 9494.10, 39588733, 457
4589, 5, 368, 371, 22, 0, 9.50%, 47, 0, 12, 13330.05, 39662101, 457
4594, 5, 175, 371, 21, 0, 9.50%, 47, 0, 12, 12117.11, 39714987, 457
4599, 5, 135, 371, 20, 0, 9.50%, 47, 0, 12, 14783.96, 39794545, 457
4604, 5, 136, 371, 20, 0, 9.50%, 47, 0, 12, 12640.91, 39849830, 457
4609, 5, 342, 371, 20, 0, 9.50%, 47, 0, 12, 9660.08, 39891897, 457
4615, 5, 136, 371, 19, 0, 9.50%, 47, 0, 12, 13370.62, 39965448, 457
4620, 5, 133, 371, 19, 0, 9.50%, 47, 0, 12, 15720.43, 40047956, 457
4625, 5, 271, 371, 18, 0, 9.50%, 47, 0, 12, 11477.01, 40106810, 457
4630, 5, 367, 371, 18, 0, 9.50%, 47, 0, 12, 7457.49, 40127845, 457
4635, 5, 367, 371, 18, 0, 9.50%, 47, 0, 12, 7340.34, 40164630, 457
4640, 5, 360, 371, 17, 0, 9.50%, 47, 0, 12, 3126.50, 40212287, 457
4645, 5, 290, 371, 16, 0, 9.50%, 47, 0, 12, 7834.52, 40256933, 457
4650, 5, 62, 371, 16, 0, 9.50%, 47, 0, 12, 7826.38, 40294163, 457
4655, 5, 10, 371, 15, 0, 9.50%, 47, 0, 12, 14269.13, 40376388, 457
4661, 5, 59, 371, 15, 0, 9.50%, 47, 0, 12, 11794.56, 40438978, 457
4666, 5, 133, 371, 14, 0, 9.50%, 47, 0, 12, 14216.79, 40510085, 457
4671, 5, 350, 371, 14, 0, 9.50%, 47, 0, 12, 3007.14, 40578377, 457
4676, 5, 350, 371, 14, 0, 9.50%, 47, 0, 12, 2898.34, 40592867, 457
4681, 5, 350, 371, 14, 0, 9.50%, 47, 0, 12, 2810.77, 40607047, 457
4686, 5, 350, 371, 14, 0, 9.50%, 47, 0, 12, 2780.09, 40620975, 457
4691, 5, 350, 371, 14, 0, 9.50%, 47, 0, 12, 2767.69, 40635374, 457
4696, 5, 350, 371, 14, 0, 9.50%, 47, 0, 12, 2745.89, 40649217, 457
4701, 5, 350, 371, 14, 0, 9.50%, 47, 0, 12, 2774.23, 40663317, 457
4707, 5, 350, 371, 14, 0, 9.50%, 47, 0, 12, 2777.25, 40677962, 457
4712, 5, 350, 371, 14, 0, 9.50%, 47, 0, 12, 2770.85, 40692082, 457
4717, 5, 350, 371, 14, 0, 9.50%, 47, 0, 12, 2790.00, 40706794, 457
4722, 5, 350, 371, 14, 0, 9.50%, 47, 0, 12, 2778.71, 40721096, 457
4727, 5, 350, 371, 14, 0, 9.50%, 47, 0, 12, 2763.57, 40735230, 457
4732, 5, 350, 371, 14, 0, 9.50%, 47, 0, 12, 2771.22, 40749144, 457
4737, 5, 350, 371, 14, 0, 9.50%, 47, 0, 12, 2765.74, 40763011, 457
4742, 5, 350, 371, 14, 0, 9.50%, 47, 0, 12, 2754.29, 40777166, 457
4747, 5, 350, 371, 14, 0, 9.50%, 47, 0, 12, 2770.91, 40791592, 457
4753, 5, 350, 371, 14, 0, 9.50%, 47, 0, 12, 2753.95, 40805772, 457
4758, 5, 350, 371, 14, 0, 9.50%, 47, 0, 12, 2759.35, 40819633, 457
4763, 5, 350, 371, 14, 0, 9.50%, 47, 0, 12, 2742.03, 40833816, 457
4768, 5, 350, 371, 14, 0, 9.50%, 47, 0, 12, 2747.56, 40847939, 457
4773, 5, 350, 371, 14, 0, 9.50%, 47, 0, 12, 2761.72, 40862137, 457
4778, 5, 350, 371, 14, 0, 9.50%, 47, 0, 12, 2760.10, 40876262, 457
4783, 5, 350, 371, 14, 0, 9.50%, 47, 0, 12, 2772.74, 40890601, 457
4788, 5, 350, 371, 14, 0, 9.50%, 47, 0, 12, 2716.47, 40904336, 457
4793, 5, 350, 371, 14, 0, 9.50%, 47, 0, 12, 2752.02, 40918463, 457
4799, 5, 350, 371, 14, 0, 9.50%, 47, 0, 12, 2720.77, 40932626, 457
4804, 5, 350, 371, 14, 0, 9.50%, 47, 0, 12, 2744.51, 40947071, 457
4809, 5, 350, 371, 14, 0, 9.50%, 47, 0, 12, 2726.79, 40960834, 457
4814, 5, 350, 371, 14, 0, 9.50%, 47, 0, 12, 2732.22, 40974720, 457
4819, 5, 350, 371, 14, 0, 9.50%, 47, 0, 12, 2727.30, 40988858, 457
4824, 5, 350, 371, 14, 0, 9.50%, 47, 0, 12, 2751.00, 41002719, 457
4829, 5, 350, 371, 14, 0, 9.50%, 47, 0, 12, 2766.35, 41017138, 457
4835, 5, 350, 371, 14, 0, 9.50%, 47, 0, 12, 2740.66, 41031049, 457
4840, 5, 350, 371, 14, 0, 9.50%, 47, 0, 12, 2752.25, 41045529, 457
4845, 5, 350, 371, 14, 0, 9.50%, 47, 0, 12, 2759.97, 41059736, 457
4850, 5, 350, 371, 14, 0, 9.50%, 47, 0, 12, 2775.99, 41074222, 457
4855, 5, 350, 371, 14, 0, 9.50%, 47, 0, 12, 2782.78, 41088428, 457
4860, 5, 350, 371, 14, 0, 9.50%, 47, 0, 12, 2772.33, 41103024, 457
4866, 5, 350, 371, 14, 0, 9.50%, 47, 0, 12, 2749.94, 41117004, 457
4871, 5, 350, 371, 14, 0, 9.50%, 47, 0, 12, 2715.41, 41131401, 457
4876, 5, 350, 371, 14, 0, 9.50%, 47, 0, 12, 2743.94, 41145251, 457
4881, 5, 350, 371, 14, 0, 9.50%, 47, 0, 12, 2748.61, 41159085, 457
4886, 5, 350, 371, 14, 0, 9.50%, 47, 0, 12, 2741.65, 41173208, 457
4891, 5, 350, 371, 14, 0, 9.50%, 47, 0, 12, 2770.11, 41187595, 457
4896, 5, 350, 371, 14, 0, 9.50%, 47, 0, 12, 2755.74, 41201432, 457
4901, 5, 350, 371, 14, 0, 9.50%, 47, 0, 12, 2757.46, 41215811, 457
4906, 5, 350, 371, 14, 0, 9.50%, 47, 0, 12, 2751.08, 41229621, 457
4912, 5, 350, 371, 14, 0, 9.50%, 47, 0, 12, 2742.65, 41243719, 457
4917, 5, 350, 371, 14, 0, 9.50%, 47, 0, 12, 2737.81, 41257903, 457
4922, 5, 350, 371, 14, 0, 9.50%, 47, 0, 12, 2755.60, 41272029, 457
4927, 5, 350, 371, 14, 0, 9.50%, 47, 0, 12, 2750.52, 41285872, 457
4932, 5, 350, 371, 14, 0, 9.50%, 47, 0, 12, 2760.66, 41299756, 457
4937, 5, 350, 371, 14, 0, 9.50%, 47, 0, 12, 2757.40, 41313674, 457
4942, 5, 350, 371, 14, 0, 9.50%, 47, 0, 12, 2761.76, 41327883, 457
4947, 5, 350, 371, 14, 0, 9.50%, 47, 0, 12, 2747.70, 41342094, 457
4952, 5, 350, 371, 14, 0, 9.50%, 47, 0, 12, 2768.78, 41356022, 457
4957, 5, 350, 371, 14, 0, 9.50%, 47, 0, 12, 2760.21, 41370393, 457
4963, 5, 350, 371, 14, 0, 9.50%, 47, 0, 12, 2744.79, 41384534, 457
4968, 5, 350, 371, 14, 0, 9.50%, 47, 0, 12, 2743.20, 41398388, 457
4973, 5, 350, 371, 14, 0, 9.50%, 47, 0, 12, 2771.65, 41412813, 457
4978, 5, 350, 371, 14, 0, 9.50%, 47, 0, 12, 2765.97, 41426937, 457
4983, 5, 350, 371, 14, 0, 9.50%, 47, 0, 12, 2769.19, 41441218, 457
4988, 5, 350, 371, 14, 0, 9.50%, 47, 0, 12, 2732.65, 41454807, 457
4993, 5, 350, 371, 14, 0, 9.50%, 47, 0, 12, 2732.22, 41468706, 457
4998, 5, 350, 371, 14, 0, 9.50%, 47, 0, 12, 2737.41, 41482570, 457
5003, 5, 350, 371, 14, 0, 9.50%, 47, 0, 12, 2745.84, 41496420, 457
5009, 5, 350, 371, 14, 0, 9.50%, 47, 0, 12, 2764.95, 41510828, 457
5014, 5, 350, 371, 14, 0, 9.50%, 47, 0, 12, 2758.87, 41524666, 457
5019, 5, 350, 371, 14, 0, 9.50%, 47, 0, 12, 2768.19, 41539068, 457
5024, 5, 350, 371, 14, 0, 9.50%, 47, 0, 12, 2754.15, 41553464, 457
5029, 5, 350, 371, 14, 0, 9.50%, 47, 0, 12, 2759.40, 41567596, 457
5034, 5, 350, 371, 14, 0, 9.50%, 47, 0, 12, 2771.02, 41582006, 457
5039, 5, 350, 371, 14, 0, 9.50%, 47, 0, 12, 2756.74, 41596411, 457
5044, 5, 350, 371, 14, 0, 9.50%, 47, 0, 12, 2742.46, 41610234, 457
5050, 5, 350, 371, 14, 0, 9.50%, 47, 0, 12, 2731.98, 41624411, 457
5055, 5, 350, 371, 14, 0, 9.50%, 47, 0, 12, 2758.81, 41638791, 457
5060, 5, 350, 371, 14, 0, 9.50%, 47, 0, 12, 2756.05, 41652623, 457
5065, 5, 350, 371, 14, 0, 9.50%, 47, 0, 12, 2732.99, 41666749, 457
5070, 5, 350, 371, 14, 0, 9.50%, 47, 0, 12, 2754.10, 41680618, 457
5075, 5, 350, 371, 14, 0, 9.50%, 47, 0, 12, 2726.55, 41694482, 457
5080, 5, 350, 371, 14, 0, 9.50%, 47, 0, 12, 2741.90, 41708371, 457
5085, 5, 350, 371, 14, 0, 9.50%, 47, 0, 12, 2740.57, 41722518, 457
5091, 5, 350, 371, 14, 0, 9.50%, 47, 0, 12, 2730.55, 41736939, 457
5096, 5, 350, 371, 14, 0, 9.50%, 47, 0, 12, 2731.60, 41751049, 457
5101, 5, 350, 371, 14, 0, 9.50%, 47, 0, 12, 2726.55, 41765163, 457
5106, 5, 350, 371, 14, 0, 9.50%, 47, 0, 12, 2734.55, 41779302, 457
5111, 5, 350, 371, 14, 0, 9.50%, 47, 0, 12, 2737.44, 41793180, 457
5116, 5, 350, 371, 14, 0, 9.50%, 47, 0, 12, 2749.16, 41807098, 457
5121, 5, 350, 371, 14, 0, 9.50%, 47, 0, 12, 2744.55, 41821304, 457
5126, 5, 350, 371, 14, 0, 9.50%, 47, 0, 12, 2743.45, 41835233, 457
5131, 5, 350, 371, 14, 0, 9.50%, 47, 0, 12, 2735.07, 41849056, 457
5137, 5, 350, 371, 14, 0, 9.50%, 47, 0, 12, 2745.21, 41863479, 457
5142, 5, 350, 371, 14, 0, 9.50%, 47, 0, 12, 2750.61, 41877907, 457
5147, 5, 350, 371, 14, 0, 9.50%, 47, 0, 12, 2735.84, 41891744, 457
5152, 5, 350, 371, 14, 0, 9.50%, 47, 0, 12, 2750.78, 41905629, 457
5157, 5, 350, 371, 14, 0, 9.50%, 47, 0, 12, 2743.33, 41919725, 457
5162, 5, 350, 371, 14, 0, 9.50%, 47, 0, 12, 2765.88, 41933856, 457
5167, 5, 350, 371, 14, 0, 9.50%, 47, 0, 12, 2725.76, 41947745, 457
5172, 5, 350, 371, 14, 0, 9.50%, 47, 0, 12, 2754.38, 41961899, 457
5178, 5, 350, 371, 14, 0, 9.50%, 47, 0, 12, 2770.40, 41976014, 457
5183, 5, 350, 371, 14, 0, 9.50%, 47, 0, 12, 2727.19, 41990148, 457
5188, 5, 350, 371, 14, 0, 9.50%, 47, 0, 12, 2763.01, 42004290, 457
5193, 5, 350, 371, 14, 0, 9.50%, 47, 0, 12, 2769.88, 42018397, 457
5198, 5, 350, 371, 14, 0, 9.50%, 47, 0, 12, 2791.68, 42032548, 457
5203, 5, 350, 371, 14, 0, 9.50%, 47, 0, 12, 2778.41, 42046669, 457
5208, 5, 350, 371, 14, 0, 9.50%, 47, 0, 12, 2763.44, 42060516, 457
5213, 5, 350, 371, 14, 0, 9.50%, 47, 0, 12, 2759.28, 42074650, 457
5218, 5, 350, 371, 14, 0, 9.50%, 47, 0, 12, 2706.54, 42088465, 457
5223, 5, 350, 371, 14, 0, 9.50%, 47, 0, 12, 2742.14, 42102604, 457
5228, 5, 350, 371, 14, 0, 9.50%, 47, 0, 12, 2761.00, 42116445, 457
5233, 5, 350, 371, 14, 0, 9.50%, 47, 0, 12, 2743.74, 42130291, 457
5239, 5, 350, 371, 14, 0, 9.50%, 47, 0, 12, 2760.35, 42144446, 457
5244, 5, 350, 371, 14, 0, 9.50%, 47, 0, 12, 2777.06, 42158594, 457
5249, 5, 350, 371, 14, 0, 9.50%, 47, 0, 12, 2749.64, 42172744, 457
5254, 5, 350, 371, 14, 0, 9.50%, 47, 0, 12, 2779.61, 42187456, 457
5259, 5, 350, 371, 14, 0, 9.50%, 47, 0, 12, 2740.55, 42201349, 457
5264, 5, 350, 371, 14, 0, 9.50%, 47, 0, 12, 2749.81, 42215207, 457
5269, 5, 350, 371, 14, 0, 9.50%, 47, 0, 12, 2747.00, 42229371, 457
5274, 5, 350, 371, 14, 0, 9.50%, 47, 0, 12, 2753.93, 42243226, 457
5279, 5, 350, 371, 14, 0, 9.50%, 47, 0, 12, 2767.58, 42257107, 457
5284, 5, 350, 371, 14, 0, 9.50%, 47, 0, 12, 2744.75, 42270895, 457
5290, 5, 350, 371, 14, 0, 9.50%, 47, 0, 12, 2775.58, 42285319, 457
5295, 5, 350, 371, 14, 0, 9.50%, 47, 0, 12, 2755.43, 42299440, 457
5300, 5, 350, 371, 14, 0, 9.50%, 47, 0, 12, 2749.81, 42313607, 457
5305, 5, 350, 371, 14, 0, 9.50%, 47, 0, 12, 2748.17, 42327448, 457
5310, 5, 350, 371, 14, 0, 9.50%, 47, 0, 12, 2751.53, 42341321, 457
5315, 5, 350, 371, 14, 0, 9.50%, 47, 0, 12, 2735.94, 42355034, 457
5320, 5, 350, 371, 14, 0, 9.50%, 47, 0, 12, 2753.66, 42369122, 457
5325, 5, 350, 371, 14, 0, 9.50%, 47, 0, 12, 2740.99, 42383002, 457
5330, 5, 350, 371, 14, 0, 9.50%, 47, 0, 12, 2746.05, 42397162, 457
5336, 5, 350, 371, 14, 0, 9.50%, 47, 0, 12, 2734.99, 42411599, 457
5341, 5, 350, 371, 14, 0, 9.50%, 47, 0, 12, 2764.65, 42426231, 457
5346, 5, 350, 371, 14, 0, 9.50%, 47, 0, 12, 2756.87, 42440299, 457
5351, 5, 350, 371, 14, 0, 9.50%, 47, 0, 12, 2734.06, 42454452, 457
5356, 5, 350, 371, 14, 0, 9.50%, 47, 0, 12, 2760.88, 42468337, 457
5361, 5, 350, 371, 14, 0, 9.50%, 47, 0, 12, 2758.98, 42482484, 457
5366, 5, 350, 371, 14, 0, 9.50%, 47, 0, 12, 2738.77, 42496338, 457
5371, 5, 350, 371, 14, 0, 9.50%, 47, 0, 12, 2774.90, 42510462, 457
5376, 5, 350, 371, 14, 0, 9.50%, 47, 0, 12, 2768.42, 42524614, 457
5382, 5, 350, 371, 14, 0, 9.50%, 47, 0, 12, 2753.36, 42538742, 457
5387, 5, 350, 371, 14, 0, 9.50%, 47, 0, 12, 2759.92, 42553140, 457
5392, 5, 350, 371, 14, 0, 9.50%, 47, 0, 12, 2763.22, 42567304, 457
5397, 5, 350, 371, 14, 0, 9.50%, 47, 0, 12, 2756.15, 42581632, 457
5402, 5, 350, 371, 14, 0, 9.50%, 47, 0, 12, 2781.25, 42596327, 457
5407, 5, 350, 371, 14, 0, 9.50%, 47, 0, 12, 2754.61, 42610452, 457
5412, 5, 350, 371, 14, 0, 9.50%, 47, 0, 12, 2747.46, 42624321, 457
5418, 5, 350, 371, 14, 0, 9.50%, 47, 0, 12, 2760.74, 42638505, 457
5423, 5, 350, 371, 14, 0, 9.50%, 47, 0, 12, 2721.97, 42652638, 457
5428, 5, 350, 371, 14, 0, 9.50%, 47, 0, 12, 2751.23, 42667011, 457
5433, 5, 350, 371, 14, 0, 9.50%, 47, 0, 12, 2753.14, 42681371, 457
5438, 5, 350, 371, 14, 0, 9.50%, 47, 0, 12, 2755.14, 42695727, 457
5444, 5, 350, 371, 14, 0, 9.50%, 47, 0, 12, 2752.13, 42710043, 457
5449, 5, 350, 371, 14, 0, 9.50%, 47, 0, 12, 2764.64, 42724096, 457
5454, 5, 350, 371, 14, 0, 9.50%, 47, 0, 12, 2779.37, 42738709, 457
5459, 5, 350, 371, 14, 0, 9.50%, 47, 0, 12, 2756.24, 42752529, 457
5464, 5, 350, 371, 14, 0, 9.50%, 47, 0, 12, 2748.70, 42766319, 457
5469, 5, 350, 371, 14, 0, 9.50%, 47, 0, 12, 2742.99, 42780380, 457
5474, 5, 350, 371, 14, 0, 9.50%, 47, 0, 12, 2739.11, 42794461, 457
5479, 5, 350, 371, 14, 0, 9.50%, 47, 0, 12, 2747.52, 42808338, 457
5484, 5, 350, 371, 14, 0, 9.50%, 47, 0, 12, 2757.65, 42822233, 457
5489, 5, 350, 371, 14, 0, 9.50%, 47, 0, 12, 2745.89, 42836085, 457
5494, 5, 350, 371, 14, 0, 9.50%, 47, 0, 12, 2755.29, 42850250, 457
5499, 5, 350, 371, 14, 0, 9.50%, 47, 0, 12, 2772.57, 42864312, 457
5505, 5, 350, 371, 14, 0, 9.50%, 47, 0, 12, 2751.44, 42878343, 457
5510, 5, 350, 371, 14, 0, 9.50%, 47, 0, 12, 2758.27, 42892389, 457
5515, 5, 350, 371, 14, 0, 9.50%, 47, 0, 12, 2747.82, 42906814, 457
5520, 5, 350, 371, 14, 0, 9.50%, 47, 0, 12, 2735.98, 42920689, 457
5525, 5, 350, 371, 14, 0, 9.50%, 47, 0, 12, 2753.13, 42935149, 457
5530, 5, 350, 371, 14, 0, 9.50%, 47, 0, 12, 2731.64, 42948802, 457
5535, 5, 350, 371, 14, 0, 9.50%, 47, 0, 12, 2723.47, 42962454, 457
5540, 5, 350, 371, 14, 0, 9.50%, 47, 0, 12, 2741.96, 42976275, 457
5545, 5, 350, 371, 14, 0, 9.50%, 47, 0, 12, 2745.93, 42990339, 457
5550, 5, 350, 371, 14, 0, 9.50%, 47, 0, 12, 2751.37, 43004217, 457
5555, 5, 350, 371, 14, 0, 9.50%, 47, 0, 12, 2765.31, 43018616, 457
5561, 5, 350, 371, 14, 0, 9.50%, 47, 0, 12, 2759.14, 43032715, 457
5566, 5, 350, 371, 14, 0, 9.50%, 47, 0, 12, 2756.51, 43046823, 457
5571, 5, 350, 371, 14, 0, 9.50%, 47, 0, 12, 2756.23, 43060945, 457
5576, 5, 350, 371, 14, 0, 9.50%, 47, 0, 12, 2735.55, 43075087, 457
5581, 5, 350, 371, 14, 0, 9.50%, 47, 0, 12, 2755.41, 43089225, 457
5586, 5, 350, 371, 14, 0, 9.50%, 47, 0, 12, 2733.40, 43103342, 457
5591, 5, 350, 371, 14, 0, 9.50%, 47, 0, 12, 2732.94, 43117447, 457
5596, 5, 350, 371, 14, 0, 9.50%, 47, 0, 12, 2747.36, 43131287, 457
5601, 5, 350, 371, 14, 0, 9.50%, 47, 0, 12, 2759.41, 43145147, 457
5607, 5, 350, 371, 14, 0, 9.50%, 47, 0, 12, 2761.65, 43159269, 457
5612, 5, 350, 371, 14, 0, 9.50%, 47, 0, 12, 2751.69, 43173424, 457
5617, 5, 350, 371, 14, 0, 9.50%, 47, 0, 12, 2760.09, 43187526, 457
5622, 5, 350, 371, 14, 0, 9.50%, 47, 0, 12, 2768.45, 43201712, 457
5627, 5, 350, 371, 14, 0, 9.50%, 47, 0, 12, 2731.43, 43215601, 457
5632, 5, 350, 371, 14, 0, 9.50%, 47, 0, 12, 2754.63, 43229767, 457
5637, 5, 350, 371, 14, 0, 9.50%, 47, 0, 12, 2751.79, 43243632, 457
5642, 5, 350, 371, 14, 0, 9.50%, 47, 0, 12, 2775.12, 43258325, 457
5647, 5, 350, 371, 14, 0, 9.50%, 47, 0, 12, 2741.57, 43272151, 457
5653, 5, 350, 371, 14, 0, 9.50%, 47, 0, 12, 2765.91, 43286540, 457
5658, 5, 350, 371, 14, 0, 9.50%, 47, 0, 12, 2751.78, 43300940, 457
5663, 5, 350, 371, 14, 0, 9.50%, 47, 0, 12, 2766.63, 43315594, 457
5668, 5, 350, 371, 14, 0, 9.50%, 47, 0, 12, 2753.39, 43329712, 457
5673, 5, 350, 371, 14, 0, 9.50%, 47, 0, 12, 2745.20, 43343552, 457
5679, 5, 350, 371, 14, 0, 9.50%, 47, 0, 12, 2744.42, 43357967, 457
5684, 5, 350, 371, 14, 0, 9.50%, 47, 0, 12, 2769.46, 43371843, 457
5689, 5, 350, 371, 14, 0, 9.50%, 47, 0, 12, 2753.11, 43386045, 457
5694, 5, 350, 371, 14, 0, 9.50%, 47, 0, 12, 2757.73, 43399979, 457
5699, 5, 350, 371, 14, 0, 9.50%, 47, 0, 12, 2771.90, 43414186, 457
5704, 5, 350, 371, 14, 0, 9.50%, 47, 0, 12, 2741.35, 43428675, 457
5709, 5, 350, 371, 14, 0, 9.50%, 47, 0, 12, 2769.61, 43442882, 457
5714, 5, 350, 371, 14, 0, 9.50%, 47, 0, 12, 2742.98, 43457080, 457
5720, 5, 350, 371, 14, 0, 9.50%, 47, 0, 12, 2749.23, 43471257, 457
5725, 5, 350, 371, 14, 0, 9.50%, 47, 0, 12, 2779.58, 43485971, 457
5730, 5, 350, 371, 14, 0, 9.50%, 47, 0, 12, 2780.58, 43500412, 457
5735, 5, 350, 371, 14, 0, 9.50%, 47, 0, 12, 2773.81, 43514845, 457
5740, 5, 350, 371, 14, 0, 9.50%, 47, 0, 12, 2753.09, 43529039, 457
5746, 5, 350, 371, 14, 0, 9.50%, 47, 0, 12, 2755.88, 43543457, 457
5751, 5, 350, 371, 14, 0, 9.50%, 47, 0, 12, 2761.88, 43557596, 457
5756, 5, 350, 371, 14, 0, 9.50%, 47, 0, 12, 2753.37, 43571452, 457
5761, 5, 350, 371, 14, 0, 9.50%, 47, 0, 12, 2777.08, 43586158, 457
5766, 5, 350, 371, 14, 0, 9.50%, 47, 0, 12, 2778.24, 43600355, 457
5771, 5, 350, 371, 14, 0, 9.50%, 47, 0, 12, 2784.64, 43615115, 457
5776, 5, 350, 371, 14, 0, 9.50%, 47, 0, 12, 2794.29, 43629325, 457
5782, 5, 350, 371, 14, 0, 9.50%, 47, 0, 12, 2791.72, 43643534, 457
5787, 5, 350, 371, 14, 0, 9.50%, 47, 0, 12, 2775.58, 43657740, 457
5792, 5, 350, 371, 14, 0, 9.50%, 47, 0, 12, 2750.80, 43671573, 457
5797, 5, 350, 371, 14, 0, 9.50%, 47, 0, 12, 2768.30, 43685984, 457
5802, 5, 350, 371, 14, 0, 9.50%, 47, 0, 12, 2770.58, 43700103, 457
5807, 5, 350, 371, 14, 0, 9.50%, 47, 0, 12, 2771.05, 43714213, 457
5812, 5, 350, 371, 14, 0, 9.50%, 47, 0, 12, 2771.78, 43728329, 457
5817, 5, 350, 371, 14, 0, 9.50%, 47, 0, 12, 2756.46, 43742756, 457
5822, 5, 350, 371, 14, 0, 9.50%, 47, 0, 12, 2758.67, 43757049, 457
5827, 5, 350, 371, 14, 0, 9.50%, 47, 0, 12, 2708.42, 43770640, 457
5833, 5, 350, 371, 14, 0, 9.50%, 47, 0, 12, 2719.69, 43784585, 457
5838, 5, 350, 371, 14, 0, 9.50%, 47, 0, 12, 2738.28, 43798587, 457
5843, 5, 350, 371, 14, 0, 9.50%, 47, 0, 12, 2760.16, 43812709, 457
5848, 5, 350, 371, 14, 0, 9.50%, 47, 0, 12, 2756.27, 43826916, 457
5853, 5, 350, 371, 14, 0, 9.50%, 47, 0, 12, 2751.10, 43841416, 457
5858, 5, 350, 371, 14, 0, 9.50%, 47, 0, 12, 2756.69, 43855603, 457
5863, 5, 350, 371, 14, 0, 9.50%, 47, 0, 12, 2772.02, 43869724, 457
5869, 5, 350, 371, 14, 0, 9.50%, 47, 0, 12, 2767.19, 43883850, 457
5874, 5, 350, 371, 14, 0, 9.50%, 47, 0, 12, 2756.23, 43897702, 457
5879, 5, 350, 371, 14, 0, 9.50%, 47, 0, 12, 2756.97, 43912120, 457
5884, 5, 350, 371, 14, 0, 9.50%, 47, 0, 12, 2717.24, 43926270, 457
5889, 5, 350, 371, 14, 0, 9.50%, 47, 0, 12, 2765.33, 43940687, 457
5894, 5, 350, 371, 14, 0, 9.50%, 47, 0, 12, 2759.06, 43955326, 457
5899, 5, 350, 371, 14, 0, 9.50%, 47, 0, 12, 2761.05, 43969167, 457
5905, 5, 350, 371, 14, 0, 9.50%, 47, 0, 12, 2741.72, 43983032, 457
5910, 5, 350, 371, 14, 0, 9.50%, 47, 0, 12, 2742.01, 43997180, 457
5915, 5, 350, 371, 14, 0, 9.50%, 47, 0, 12, 2742.57, 44011009, 457
5920, 5, 350, 371, 14, 0, 9.50%, 47, 0, 12, 2755.91, 44024877, 457
5925, 5, 350, 371, 14, 0, 9.50%, 47, 0, 12, 2776.02, 44039523, 457
5930, 5, 350, 371, 14, 0, 9.50%, 47, 0, 12, 2766.05, 44053626, 457
5935, 5, 350, 371, 14, 0, 9.50%, 47, 0, 12, 2752.76, 44067880, 457
5940, 5, 350, 371, 14, 0, 9.50%, 47, 0, 12, 2743.42, 44082404, 457
5946, 5, 350, 371, 14, 0, 9.50%, 47, 0, 12, 2765.55, 44096475, 457
5951, 5, 350, 371, 14, 0, 9.50%, 47, 0, 12, 2747.46, 44110237, 457
5956, 5, 350, 371, 14, 0, 9.50%, 47, 0, 12, 2717.76, 44124272, 457
5961, 5, 350, 371, 14, 0, 9.50%, 47, 0, 12, 2740.18, 44138069, 457
5966, 5, 350, 371, 14, 0, 9.50%, 47, 0, 12, 2746.98, 44152184, 457
5971, 5, 350, 371, 14, 0, 9.50%, 47, 0, 12, 2747.82, 44166373, 457
5976, 5, 350, 371, 14, 0, 9.50%, 47, 0, 12, 2758.40, 44180776, 457
5981, 5, 350, 371, 14, 0, 9.50%, 47, 0, 12, 2750.71, 44194928, 457
5986, 5, 350, 371, 14, 0, 9.50%, 47, 0, 12, 2757.67, 44208789, 457
5991, 5, 350, 371, 14, 0, 9.50%, 47, 0, 12, 2763.89, 44222963, 457
5997, 5, 350, 371, 14, 0, 9.50%, 47, 0, 12, 2747.42, 44236857, 457
6002, 5, 350, 371, 14, 0, 9.50%, 47, 0, 12, 2751.08, 44250676, 457
6007, 5, 350, 371, 14, 0, 9.50%, 47, 0, 12, 2760.50, 44264538, 457
6012, 5, 350, 371, 14, 0, 9.50%, 47, 0, 12, 2725.84, 44278336, 457
6017, 5, 350, 371, 14, 0, 9.50%, 47, 0, 12, 2719.71, 44292074, 457
6022, 5, 350, 371, 14, 0, 9.50%, 47, 0, 12, 2745.31, 44306092, 457
6027, 5, 350, 371, 14, 0, 9.50%, 47, 0, 12, 2750.77, 44320116, 457
6032, 5, 350, 371, 14, 0, 9.50%, 47, 0, 12, 2755.56, 44334693, 457
6037, 5, 350, 371, 14, 0, 9.50%, 47, 0, 12, 2724.35, 44348425, 457
6042, 5, 350, 371, 14, 0, 9.50%, 47, 0, 12, 2778.35, 44363099, 457
6048, 5, 350, 371, 14, 0, 9.50%, 47, 0, 12, 2767.90, 44377500, 457
6053, 5, 350, 371, 14, 0, 9.50%, 47, 0, 12, 2766.80, 44391906, 457
6058, 5, 350, 371, 14, 0, 9.50%, 47, 0, 12, 2768.66, 44406571, 457
6063, 5, 350, 371, 14, 0, 9.50%, 47, 0, 12, 2764.34, 44420690, 457
6068, 5, 350, 371, 14, 0, 9.50%, 47, 0, 12, 2758.47, 44434519, 457
6073, 5, 350, 371, 14, 0, 9.50%, 47, 0, 12, 2764.32, 44449194, 457
6079, 5, 350, 371, 14, 0, 9.50%, 47, 0, 12, 2757.70, 44463313, 457
6084, 5, 350, 371, 14, 0, 9.50%, 47, 0, 12, 2752.87, 44477152, 457
6089, 5, 350, 371, 14, 0, 9.50%, 47, 0, 12, 2740.57, 44491282, 457
6094, 5, 350, 371, 14, 0, 9.50%, 47, 0, 12, 2768.80, 44505974, 457
6099, 5, 350, 371, 14, 0, 9.50%, 47, 0, 12, 2754.35, 44520128, 457
6104, 5, 350, 371, 14, 0, 9.50%, 47, 0, 12, 2779.77, 44534304, 457
6109, 5, 350, 371, 14, 0, 9.50%, 47, 0, 12, 2751.57, 44548442, 457
6114, 5, 350, 371, 14, 0, 9.50%, 47, 0, 12, 2745.78, 44562259, 457
6120, 5, 350, 371, 14, 0, 9.50%, 47, 0, 12, 2741.75, 44576162, 457
6125, 5, 350, 371, 14, 0, 9.50%, 47, 0, 12, 2767.08, 44590254, 457
6130, 5, 350, 371, 14, 0, 9.50%, 47, 0, 12, 2747.19, 44604336, 457
6135, 5, 350, 371, 14, 0, 9.50%, 47, 0, 12, 2749.11, 44618215, 457
6140, 5, 350, 371, 14, 0, 9.50%, 47, 0, 12, 2778.94, 44632413, 457
6145, 5, 350, 371, 14, 0, 9.50%, 47, 0, 12, 2743.17, 44646339, 457
6150, 5, 350, 371, 14, 0, 9.50%, 47, 0, 12, 2764.18, 44660265, 457
6155, 5, 350, 371, 14, 0, 9.50%, 47, 0, 12, 2729.09, 44674468, 457
6160, 5, 350, 371, 14, 0, 9.50%, 47, 0, 12, 2754.96, 44688719, 457
6165, 5, 350, 371, 14, 0, 9.50%, 47, 0, 12, 2758.39, 44702652, 457
6171, 5, 350, 371, 14, 0, 9.50%, 47, 0, 12, 2736.09, 44716815, 457
6176, 5, 350, 371, 14, 0, 9.50%, 47, 0, 12, 2688.70, 44730422, 457
6181, 5, 350, 371, 14, 0, 9.50%, 47, 0, 12, 2763.89, 44744844, 457
6186, 5, 350, 371, 14, 0, 9.50%, 47, 0, 12, 2741.15, 44758949, 457
6191, 5, 350, 371, 14, 0, 9.50%, 47, 0, 12, 2760.84, 44773327, 457
6196, 5, 350, 371, 14, 0, 9.50%, 47, 0, 12, 2752.95, 44787738, 457
6201, 5, 350, 371, 14, 0, 9.50%, 47, 0, 12, 2761.96, 44801619, 457
6206, 5, 350, 371, 14, 0, 9.50%, 47, 0, 12, 2783.06, 44816042, 457
6212, 5, 350, 371, 14, 0, 9.50%, 47, 0, 12, 2782.80, 44830491, 457
6217, 5, 350, 371, 14, 0, 9.50%, 47, 0, 12, 2766.21, 44844379, 457
6222, 5, 350, 371, 14, 0, 9.50%, 47, 0, 12, 2760.24, 44858509, 457
6227, 5, 350, 371, 14, 0, 9.50%, 47, 0, 12, 2764.91, 44872644, 457
6232, 5, 350, 371, 14, 0, 9.50%, 47, 0, 12, 2771.82, 44886769, 457
6237, 5, 350, 371, 14, 0, 9.50%, 47, 0, 12, 2766.82, 44901163, 457
6242, 5, 350, 371, 14, 0, 9.50%, 47, 0, 12, 2792.06, 44915871, 457
6248, 5, 350, 371, 14, 0, 9.50%, 47, 0, 12, 2771.84, 44930560, 457
6253, 5, 350, 371, 14, 0, 9.50%, 47, 0, 12, 2752.51, 44944360, 457
6258, 5, 350, 371, 14, 0, 9.50%, 47, 0, 12, 2747.11, 44958480, 457
6263, 5, 350, 371, 14, 0, 9.50%, 47, 0, 12, 2757.34, 44972313, 457
6268, 5, 350, 371, 14, 0, 9.50%, 47, 0, 12, 2764.57, 44987011, 457
6273, 5, 350, 371, 14, 0, 9.50%, 47, 0, 12, 2766.23, 45001135, 457
6278, 5, 350, 371, 14, 0, 9.50%, 47, 0, 12, 2762.91, 45015230, 457
6283, 5, 350, 371, 14, 0, 9.50%, 47, 0, 12, 2751.38, 45029098, 457
6289, 5, 350, 371, 14, 0, 9.50%, 47, 0, 12, 2725.60, 45043008, 457
6294, 5, 350, 371, 14, 0, 9.50%, 47, 0, 12, 2750.83, 45057425, 457
6299, 5, 350, 371, 14, 0, 9.50%, 47, 0, 12, 2773.16, 45071566, 457
6304, 5, 350, 371, 14, 0, 9.50%, 47, 0, 12, 2761.91, 45085696, 457
6309, 5, 350, 371, 14, 0, 9.50%, 47, 0, 12, 2758.84, 45099847, 457
6314, 5, 350, 371, 14, 0, 9.50%, 47, 0, 12, 2752.55, 45113693, 457
6319, 5, 350, 371, 14, 0, 9.50%, 47, 0, 12, 2755.12, 45127548, 457
6324, 5, 350, 371, 14, 0, 9.50%, 47, 0, 12, 2717.08, 45141415, 457
6329, 5, 350, 371, 14, 0, 9.50%, 47, 0, 12, 2739.78, 45155820, 457
6335, 5, 350, 371, 14, 0, 9.50%, 47, 0, 12, 2746.15, 45170224, 457
6340, 5, 350, 371, 14, 0, 9.50%, 47, 0, 12, 2775.21, 45184665, 457
6345, 5, 350, 371, 14, 0, 9.50%, 47, 0, 12, 2762.90, 45198736, 457
6350, 5, 350, 371, 14, 0, 9.50%, 47, 0, 12, 2786.52, 45212899, 457
6355, 5, 350, 371, 14, 0, 9.50%, 47, 0, 12, 2782.93, 45227336, 457
6360, 5, 350, 371, 14, 0, 9.50%, 47, 0, 12, 2765.97, 45241725, 457
6365, 5, 350, 371, 14, 0, 9.50%, 47, 0, 12, 2749.26, 45255591, 457
6371, 5, 350, 371, 14, 0, 9.50%, 47, 0, 12, 2768.23, 45269991, 457
6376, 5, 350, 371, 14, 0, 9.50%, 47, 0, 12, 5674.04, 45297054, 457
6381, 5, 361, 371, 14, 0, 9.50%, 47, 0, 12, 1421.55, 45319066, 457
6386, 5, 361, 371, 14, 0, 9.50%, 47, 0, 12, 1433.09, 45326346, 457
6391, 5, 361, 371, 14, 0, 9.50%, 47, 0, 12, 1432.12, 45333430, 457
6396, 5, 361, 371, 14, 0, 9.50%, 47, 0, 12, 1317.65, 45340026, 457
6401, 5, 361, 371, 14, 0, 9.50%, 47, 0, 12, 1266.13, 45346587, 457
6406, 5, 361, 371, 14, 0, 9.50%, 47, 0, 12, 1252.49, 45353123, 457
6411, 5, 361, 371, 14, 0, 9.50%, 47, 0, 12, 1250.06, 45359558, 457
6417, 5, 361, 371, 14, 0, 9.50%, 47, 0, 12, 1239.13, 45365992, 457
6422, 5, 361, 371, 14, 0, 9.50%, 47, 0, 12, 1243.29, 45372433, 457
6427, 5, 361, 371, 14, 0, 9.50%, 47, 0, 12, 1238.27, 45378778, 457
6432, 5, 361, 371, 14, 0, 9.50%, 47, 0, 12, 1246.76, 45385226, 457
6437, 5, 361, 371, 14, 0, 9.50%, 47, 0, 12, 1240.52, 45391650, 457
6442, 5, 361, 371, 14, 0, 9.50%, 47, 0, 12, 1248.97, 45397909, 457
6448, 5, 361, 371, 14, 0, 9.50%, 47, 0, 12, 1250.65, 45404394, 457
6453, 5, 361, 371, 14, 0, 9.50%, 47, 0, 12, 1253.94, 45410719, 457
6458, 5, 361, 371, 14, 0, 9.50%, 47, 0, 12, 1246.10, 45417133, 457
6463, 5, 361, 371, 14, 0, 9.50%, 47, 0, 12, 1252.88, 45423761, 457
6468, 5, 361, 371, 14, 0, 9.50%, 47, 0, 12, 1234.65, 45429952, 457
6473, 5, 361, 371, 14, 0, 9.50%, 47, 0, 12, 1241.70, 45436275, 457
6478, 5, 361, 371, 14, 0, 9.50%, 47, 0, 12, 1246.89, 45442700, 457
6483, 5, 361, 371, 14, 0, 9.50%, 47, 0, 12, 1247.93, 45449104, 457
6489, 5, 361, 371, 14, 0, 9.50%, 47, 0, 12, 1244.56, 45455514, 457
6494, 5, 361, 371, 14, 0, 9.50%, 47, 0, 12, 1241.28, 45461845, 457
6499, 5, 361, 371, 14, 0, 9.50%, 47, 0, 12, 1239.01, 45468224, 457
6504, 5, 361, 371, 14, 0, 9.50%, 47, 0, 12, 1241.61, 45474710, 457
6509, 5, 361, 371, 14, 0, 9.50%, 47, 0, 12, 1248.38, 45481168, 457
6514, 5, 361, 371, 14, 0, 9.50%, 47, 0, 12, 1247.47, 45487661, 457
6519, 5, 361, 371, 14, 0, 9.50%, 47, 0, 12, 1251.06, 45493959, 457
6524, 5, 361, 371, 14, 0, 9.50%, 47, 0, 12, 1254.76, 45500265, 457
6530, 5, 361, 371, 14, 0, 9.50%, 47, 0, 12, 1251.08, 45506809, 457
6535, 5, 361, 371, 14, 0, 9.50%, 47, 0, 12, 1243.36, 45513072, 457
6540, 5, 361, 371, 14, 0, 9.50%, 47, 0, 12, 1241.59, 45519385, 457
6545, 5, 361, 371, 14, 0, 9.50%, 47, 0, 12, 1242.90, 45525726, 457
6550, 5, 361, 371, 14, 0, 9.50%, 47, 0, 12, 1250.94, 45532159, 457
6555, 5, 361, 371, 14, 0, 9.50%, 47, 0, 12, 1235.87, 45538458, 457
6560, 5, 361, 371, 14, 0, 9.50%, 47, 0, 12, 1246.52, 45545002, 457
6565, 5, 361, 371, 14, 0, 9.50%, 47, 0, 12, 1241.87, 45551392, 457
6570, 5, 361, 371, 14, 0, 9.50%, 47, 0, 12, 1256.03, 45557721, 457
6576, 5, 361, 371, 14, 0, 9.50%, 47, 0, 12, 1246.46, 45564119, 457
6581, 5, 361, 371, 14, 0, 9.50%, 47, 0, 12, 1252.09, 45570637, 457
6586, 5, 361, 371, 14, 0, 9.50%, 47, 0, 12, 1246.69, 45577123, 457
6591, 5, 361, 371, 14, 0, 9.50%, 47, 0, 12, 1257.05, 45583678, 457
6596, 5, 361, 371, 14, 0, 9.50%, 47, 0, 12, 1248.25, 45590093, 457
6601, 5, 361, 371, 14, 0, 9.50%, 47, 0, 12, 1252.68, 45596421, 457
6607, 5, 361, 371, 14, 0, 9.50%, 47, 0, 12, 1254.24, 45602966, 457
6612, 5, 361, 371, 14, 0, 9.50%, 47, 0, 12, 1252.58, 45609410, 457
6617, 5, 361, 371, 14, 0, 9.50%, 47, 0, 12, 1239.95, 45615853, 457
6622, 5, 361, 371, 14, 0, 9.50%, 47, 0, 12, 1246.25, 45622284, 457
6627, 5, 361, 371, 14, 0, 9.50%, 47, 0, 12, 1241.78, 45628486, 457
6632, 5, 361, 371, 14, 0, 9.50%, 47, 0, 12, 1242.48, 45635035, 457
6637, 5, 361, 371, 14, 0, 9.50%, 47, 0, 12, 1238.88, 45641258, 457
6642, 5, 361, 371, 14, 0, 9.50%, 47, 0, 12, 1253.19, 45647604, 457
6648, 5, 361, 371, 14, 0, 9.50%, 47, 0, 12, 1247.87, 45654074, 457
6653, 5, 361, 371, 14, 0, 9.50%, 47, 0, 12, 1247.94, 45660564, 457
6658, 5, 361, 371, 14, 0, 9.50%, 47, 0, 12, 1253.85, 45666854, 457
6663, 5, 361, 371, 14, 0, 9.50%, 47, 0, 12, 1249.74, 45673274, 457
6668, 5, 361, 371, 14, 0, 9.50%, 47, 0, 12, 1249.16, 45679550, 457
6673, 5, 361, 371, 14, 0, 9.50%, 47, 0, 12, 1251.52, 45685930, 457
6678, 5, 361, 371, 14, 0, 9.50%, 47, 0, 12, 1243.53, 45692142, 457
6683, 5, 361, 371, 14, 0, 9.50%, 47, 0, 12, 1242.15, 45698452, 457
6688, 5, 361, 371, 14, 0, 9.50%, 47, 0, 12, 1244.81, 45704746, 457
6693, 5, 361, 371, 14, 0, 9.50%, 47, 0, 12, 1248.58, 45711252, 457
6698, 5, 361, 371, 14, 0, 9.50%, 47, 0, 12, 1233.59, 45717522, 457
6704, 5, 361, 371, 14, 0, 9.50%, 47, 0, 12, 1247.48, 45723824, 457
6709, 5, 361, 371, 14, 0, 9.50%, 47, 0, 12, 1244.50, 45730071, 457
6714, 5, 361, 371, 14, 0, 9.50%, 47, 0, 12, 1248.57, 45736336, 457
6719, 5, 361, 371, 14, 0, 9.50%, 47, 0, 12, 1241.23, 45742677, 457
6724, 5, 361, 371, 14, 0, 9.50%, 47, 0, 12, 1240.62, 45749221, 457
6729, 5, 361, 371, 14, 0, 9.50%, 47, 0, 12, 1242.26, 45755508, 457
6734, 5, 361, 371, 14, 0, 9.50%, 47, 0, 12, 1240.29, 45761807, 457
6739, 5, 361, 371, 14, 0, 9.50%, 47, 0, 12, 1253.55, 45768221, 457
6744, 5, 361, 371, 14, 0, 9.50%, 47, 0, 12, 1245.84, 45774805, 457
6750, 5, 361, 371, 14, 0, 9.50%, 47, 0, 12, 1248.18, 45781134, 457
6755, 5, 361, 371, 14, 0, 9.50%, 47, 0, 12, 1246.12, 45787551, 457
6760, 5, 361, 371, 14, 0, 9.50%, 47, 0, 12, 1242.03, 45793760, 457
6765, 5, 361, 371, 14, 0, 9.50%, 47, 0, 12, 1248.74, 45800077, 457
6770, 5, 361, 371, 14, 0, 9.50%, 47, 0, 12, 1245.87, 45806545, 457
6775, 5, 361, 371, 14, 0, 9.50%, 47, 0, 12, 1240.52, 45812885, 457
6780, 5, 361, 371, 14, 0, 9.50%, 47, 0, 12, 1247.68, 45819311, 457
6785, 5, 361, 371, 14, 0, 9.50%, 47, 0, 12, 1241.62, 45825868, 457
6790, 5, 361, 371, 14, 0, 9.50%, 47, 0, 12, 1250.07, 45832197, 457
6796, 5, 361, 371, 14, 0, 9.50%, 47, 0, 12, 1247.12, 45838680, 457
6801, 5, 361, 371, 14, 0, 9.50%, 47, 0, 12, 1241.61, 45845004, 457
6806, 5, 361, 371, 14, 0, 9.50%, 47, 0, 12, 1229.33, 45851188, 457
6811, 5, 361, 371, 14, 0, 9.50%, 47, 0, 12, 1239.28, 45857516, 457
6816, 5, 361, 371, 14, 0, 9.50%, 47, 0, 12, 1236.61, 45863958, 457
6821, 5, 361, 371, 14, 0, 9.50%, 47, 0, 12, 1243.53, 45870404, 457
6826, 5, 361, 371, 14, 0, 9.50%, 47, 0, 12, 1245.50, 45876686, 457
6832, 5, 361, 371, 14, 0, 9.50%, 47, 0, 12, 1235.69, 45883134, 457
6837, 5, 361, 371, 14, 0, 9.50%, 47, 0, 12, 1229.02, 45889334, 457
6842, 5, 361, 371, 14, 0, 9.50%, 47, 0, 12, 1232.15, 45895636, 457
6847, 5, 361, 371, 14, 0, 9.50%, 47, 0, 12, 1236.77, 45902055, 457
6852, 5, 361, 371, 14, 0, 9.50%, 47, 0, 12, 1234.26, 45908312, 457
6857, 5, 361, 371, 14, 0, 9.50%, 47, 0, 12, 1240.98, 45914748, 457
6862, 5, 361, 371, 14, 0, 9.50%, 47, 0, 12, 1244.29, 45921052, 457
6867, 5, 361, 371, 14, 0, 9.50%, 47, 0, 12, 1243.77, 45927544, 457
6873, 5, 361, 371, 14, 0, 9.50%, 47, 0, 12, 1244.29, 45933944, 457
6878, 5, 361, 371, 14, 0, 9.50%, 47, 0, 12, 1244.96, 45940324, 457
6883, 5, 361, 371, 14, 0, 9.50%, 47, 0, 12, 1247.77, 45946784, 457
6888, 5, 361, 371, 14, 0, 9.50%, 47, 0, 12, 1241.36, 45953173, 457
6893, 5, 361, 371, 14, 0, 9.50%, 47, 0, 12, 1250.73, 45959516, 457
6898, 5, 361, 371, 14, 0, 9.50%, 47, 0, 12, 1252.89, 45965789, 457
6903, 5, 361, 371, 14, 0, 9.50%, 47, 0, 12, 1246.22, 45972219, 457
6908, 5, 361, 371, 14, 0, 9.50%, 47, 0, 12, 1249.98, 45978517, 457
6913, 5, 361, 371, 14, 0, 9.50%, 47, 0, 12, 1249.96, 45984891, 457
6919, 5, 361, 371, 14, 0, 9.50%, 47, 0, 12, 1238.43, 45991178, 457
6924, 5, 361, 371, 14, 0, 9.50%, 47, 0, 12, 1260.67, 45997700, 457
6929, 5, 361, 371, 14, 0, 9.50%, 47, 0, 12, 1251.34, 46004198, 457
6934, 5, 361, 371, 14, 0, 9.50%, 47, 0, 12, 1245.14, 46010446, 457
6939, 5, 361, 371, 14, 0, 9.50%, 47, 0, 12, 1238.50, 46016719, 457
6944, 5, 361, 371, 14, 0, 9.50%, 47, 0, 12, 1235.12, 46023000, 457
6949, 5, 361, 371, 14, 0, 9.50%, 47, 0, 12, 1231.02, 46029423, 457
6954, 5, 361, 371, 14, 0, 9.50%, 47, 0, 12, 1239.39, 46035983, 457
6960, 5, 361, 371, 14, 0, 9.50%, 47, 0, 12, 1243.20, 46042363, 457
6965, 5, 361, 371, 14, 0, 9.50%, 47, 0, 12, 1247.65, 46048987, 457
6970, 5, 361, 371, 14, 0, 9.50%, 47, 0, 12, 1252.36, 46055477, 457
6975, 5, 361, 371, 14, 0, 9.50%, 47, 0, 12, 1236.19, 46061775, 457
6980, 5, 361, 371, 14, 0, 9.50%, 47, 0, 12, 1254.69, 46068355, 457
6986, 5, 361, 371, 14, 0, 9.50%, 47, 0, 12, 1248.01, 46074775, 457
6991, 5, 361, 371, 14, 0, 9.50%, 47, 0, 12, 1240.55, 46081022, 457
6996, 5, 361, 371, 14, 0, 9.50%, 47, 0, 12, 1242.76, 46087427, 457
7001, 5, 361, 371, 14, 0, 9.50%, 47, 0, 12, 1247.14, 46093902, 457
7006, 5, 361, 371, 14, 0, 9.50%, 47, 0, 12, 1235.73, 46100078, 457
7011, 5, 361, 371, 14, 0, 9.50%, 47, 0, 12, 1239.35, 46106371, 457
7016, 5, 361, 371, 14, 0, 9.50%, 47, 0, 12, 1243.29, 46112755, 457
7021, 5, 361, 371, 14, 0, 9.50%, 47, 0, 12, 1245.67, 46119199, 457
7026, 5, 361, 371, 14, 0, 9.50%, 47, 0, 12, 1234.41, 46125548, 457
7032, 5, 361, 371, 14, 0, 9.50%, 47, 0, 12, 1237.13, 46131937, 457
7037, 5, 361, 371, 14, 0, 9.50%, 47, 0, 12, 1231.91, 46138169, 457
7042, 5, 361, 371, 14, 0, 9.50%, 47, 0, 12, 1238.87, 46144589, 457
7047, 5, 361, 371, 14, 0, 9.50%, 47, 0, 12, 1241.64, 46150998, 457
7052, 5, 361, 371, 14, 0, 9.50%, 47, 0, 12, 1242.11, 46157443, 457
7057, 5, 361, 371, 14, 0, 9.50%, 47, 0, 12, 1247.93, 46163786, 457
7062, 5, 361, 371, 14, 0, 9.50%, 47, 0, 12, 1246.28, 46170222, 457
7068, 5, 361, 371, 14, 0, 9.50%, 47, 0, 12, 1243.16, 46176550, 457
7073, 5, 361, 371, 14, 0, 9.50%, 47, 0, 12, 1244.02, 46182943, 457
7078, 5, 361, 371, 14, 0, 9.50%, 47, 0, 12, 1250.82, 46189539, 457
7083, 5, 361, 371, 14, 0, 9.50%, 47, 0, 12, 1232.92, 46195972, 457
7088, 5, 361, 371, 14, 0, 9.50%, 47, 0, 12, 1239.18, 46202383, 457
7094, 5, 361, 371, 14, 0, 9.50%, 47, 0, 12, 1245.72, 46208769, 457
7099, 5, 361, 371, 14, 0, 9.50%, 47, 0, 12, 1242.50, 46215134, 457
7104, 5, 361, 371, 14, 0, 9.50%, 47, 0, 12, 1239.49, 46221543, 457
7109, 5, 361, 371, 14, 0, 9.50%, 47, 0, 12, 1237.33, 46227776, 457
7114, 5, 361, 371, 14, 0, 9.50%, 47, 0, 12, 1237.48, 46234240, 457
7119, 5, 361, 371, 14, 0, 9.50%, 47, 0, 12, 1244.44, 46240623, 457
7124, 5, 361, 371, 14, 0, 9.50%, 47, 0, 12, 1246.00, 46246987, 457
7129, 5, 361, 371, 14, 0, 9.50%, 47, 0, 12, 1236.29, 46253276, 457
7134, 5, 361, 371, 14, 0, 9.50%, 47, 0, 12, 1249.73, 46259558, 457
7140, 5, 361, 371, 14, 0, 9.50%, 47, 0, 12, 1247.25, 46266006, 457
7145, 5, 361, 371, 14, 0, 9.50%, 47, 0, 12, 1234.48, 46272206, 457
7150, 5, 361, 371, 14, 0, 9.50%, 47, 0, 12, 1241.75, 46278530, 457
7155, 5, 361, 371, 14, 0, 9.50%, 47, 0, 12, 1232.66, 46284730, 457
7160, 5, 361, 371, 14, 0, 9.50%, 47, 0, 12, 1235.19, 46291163, 457
7165, 5, 361, 371, 14, 0, 9.50%, 47, 0, 12, 1243.79, 46297574, 457
7170, 5, 361, 371, 14, 0, 9.50%, 47, 0, 12, 1239.98, 46303966, 457
7175, 5, 361, 371, 14, 0, 9.50%, 47, 0, 12, 1233.65, 46310374, 457
7180, 5, 361, 371, 14, 0, 9.50%, 47, 0, 12, 1235.63, 46316584, 457
7186, 5, 361, 371, 14, 0, 9.50%, 47, 0, 12, 1235.33, 46323011, 457
7191, 5, 361, 371, 14, 0, 9.50%, 47, 0, 12, 1235.05, 46329425, 457
7196, 5, 361, 371, 14, 0, 9.50%, 47, 0, 12, 1240.25, 46335688, 457
7200, 5, 361, 371, 14, 0, 9.50%, 47, 0, 12, 1240.94, 46340298, 457
