# relative_time, cycles_done, cur_item, corpus_count, pending_total, pending_favs, map_size, saved_crashes, saved_hangs, max_depth, execs_per_sec, total_execs, edges_found
60, 0, 259, 283, 258, 53, 14.12%, 0, 0, 5, 30921.40, 1269303, 1030
66, 0, 222, 296, 269, 53, 14.16%, 0, 0, 5, 27339.36, 1390132, 1033
71, 0, 284, 307, 277, 53, 14.18%, 0, 0, 6, 34535.84, 1575764, 1035
76, 0, 284, 308, 278, 53, 14.18%, 0, 0, 6, 29858.86, 1700835, 1035
81, 0, 218, 316, 284, 51, 14.18%, 0, 0, 6, 31045.55, 1856997, 1035
86, 0, 231, 325, 288, 46, 14.18%, 0, 0, 6, 22253.75, 1955594, 1035
91, 0, 191, 343, 303, 43, 14.18%, 0, 0, 6, 21337.31, 2059669, 1035
96, 0, 191, 348, 308, 43, 14.21%, 0, 0, 6, 21398.33, 2159887, 1037
101, 0, 82, 364, 319, 40, 14.23%, 0, 0, 6, 23027.49, 2275409, 1038
106, 0, 189, 369, 323, 39, 14.23%, 0, 0, 6, 23955.92, 2399869, 1038
112, 0, 167, 372, 325, 38, 14.23%, 0, 0, 6, 19410.41, 2495744, 1038
117, 0, 348, 390, 341, 36, 14.27%, 0, 0, 6, 24686.72, 2614256, 1041
122, 0, 348, 399, 350, 36, 14.27%, 0, 0, 6, 20641.48, 2724138, 1041
127, 0, 297, 404, 353, 37, 14.27%, 0, 0, 7, 24817.38, 2836324, 1041
132, 0, 407, 414, 359, 35, 14.27%, 0, 0, 7, 23102.05, 2968506, 1041
137, 0, 338, 419, 363, 34, 14.27%, 0, 0, 7, 19706.91, 3060895, 1041
142, 0, 300, 419, 358, 29, 14.27%, 0, 0, 7, 20794.04, 3170787, 1041
147, 0, 382, 425, 357, 23, 14.27%, 0, 0, 7, 19920.86, 3263867, 1041
152, 0, 382, 430, 362, 23, 14.27%, 0, 0, 7, 18419.60, 3361854, 1041
157, 0, 196, 431, 359, 19, 14.27%, 0, 0, 7, 19155.69, 3465120, 1041
162, 0, 332, 436, 362, 18, 14.27%, 0, 0, 7, 15248.43, 3543665, 1041
167, 0, 333, 448, 369, 13, 14.27%, 0, 0, 7, 19858.29, 3648736, 1041
172, 0, 333, 450, 371, 13, 14.27%, 0, 0, 7, 16268.30, 3734165, 1041
177, 0, 333, 450, 371, 13, 14.27%, 0, 0, 7, 20482.05, 3834000, 1041
183, 0, 59, 452, 364, 7, 14.27%, 0, 0, 7, 14987.24, 3910782, 1041
188, 0, 455, 458, 365, 3, 14.27%, 0, 0, 7, 20113.45, 4013922, 1041
193, 0, 426, 466, 372, 3, 14.27%, 0, 0, 7, 14606.49, 4088480, 1041
198, 0, 426, 466, 372, 3, 14.27%, 0, 0, 7, 15771.77, 4169498, 1041
203, 0, 466, 470, 372, 1, 14.27%, 0, 0, 7, 16637.74, 4264592, 1041
208, 0, 221, 472, 373, 0, 14.27%, 0, 0, 7, 24718.45, 4394101, 1041
213, 0, 296, 472, 373, 0, 14.27%, 0, 0, 7, 19599.38, 4492113, 1041
218, 0, 296, 472, 373, 0, 14.27%, 0, 0, 7, 23476.64, 4606304, 1041
223, 0, 296, 472, 373, 0, 14.27%, 0, 0, 7, 23863.67, 4727789, 1041
228, 0, 296, 473, 374, 0, 14.27%, 0, 0, 7, 27012.61, 4867057, 1041
233, 0, 296, 473, 374, 0, 14.27%, 0, 0, 7, 21121.15, 4965059, 1041
238, 0, 288, 473, 374, 0, 14.27%, 0, 0, 7, 25232.60, 5088096, 1041
244, 0, 296, 473, 374, 0, 14.27%, 0, 0, 7, 19923.27, 5191308, 1041
249, 0, 260, 473, 374, 0, 14.27%, 0, 0, 7, 23147.94, 5305260, 1041
254, 0, 232, 473, 374, 0, 14.27%, 0, 0, 7, 21244.72, 5414659, 1041
259, 0, 296, 473, 374, 0, 14.27%, 0, 0, 7, 23487.40, 5538437, 1041
264, 0, 296, 473, 374, 0, 14.27%, 0, 0, 7, 20530.39, 5647517, 1041
269, 0, 232, 474, 375, 0, 14.27%, 0, 0, 7, 23944.43, 5774450, 1041
274, 0, 296, 474, 375, 0, 14.27%, 0, 0, 7, 22500.38, 5882808, 1041
279, 0, 296, 474, 375, 0, 14.27%, 0, 0, 7, 19820.71, 5978765, 1041
284, 0, 296, 474, 375, 0, 14.27%, 0, 0, 7, 19475.68, 6087840, 1041
289, 0, 21, 474, 375, 0, 14.27%, 0, 0, 7, 25458.95, 6225720, 1041
294, 0, 285, 474, 375, 0, 14.27%, 0, 0, 7, 23759.64, 6329451, 1041
299, 0, 2, 474, 375, 0, 14.27%, 0, 0, 7, 25548.78, 6461922, 1041
304, 0, 296, 474, 375, 0, 14.27%, 0, 0, 7, 21975.88, 6561466, 1041
309, 0, 338, 475, 376, 0, 14.27%, 0, 0, 7, 24719.66, 6690477, 1041
314, 0, 296, 475, 376, 0, 14.27%, 0, 0, 7, 22899.60, 6796861, 1041
319, 0, 296, 475, 376, 0, 14.27%, 0, 0, 7, 24730.92, 6917920, 1041
325, 1, 296, 475, 375, 0, 14.27%, 0, 0, 7, 22165.92, 7027940, 1041
330, 1, 46, 475, 374, 0, 14.27%, 0, 0, 7, 23501.75, 7157484, 1041
335, 1, 189, 475, 374, 0, 14.27%, 0, 0, 7, 18168.51, 7248643, 1041
340, 1, 296, 475, 373, 0, 14.27%, 0, 0, 7, 20229.21, 7349597, 1041
345, 1, 296, 475, 373, 0, 14.27%, 0, 0, 7, 18701.64, 7442666, 1041
350, 1, 296, 476, 373, 0, 14.27%, 0, 0, 7, 23634.64, 7563321, 1041
355, 1, 296, 476, 373, 0, 14.27%, 0, 0, 7, 20276.55, 7656883, 1041
360, 1, 219, 476, 372, 0, 14.27%, 0, 0, 7, 21134.19, 7763730, 1041
365, 1, 235, 476, 370, 0, 14.27%, 0, 0, 7, 16234.31, 7836878, 1041
371, 1, 218, 476, 368, 0, 14.27%, 0, 0, 7, 20728.43, 7946536, 1041
376, 1, 296, 476, 368, 0, 14.27%, 0, 0, 7, 21833.18, 8045445, 1041
381, 1, 455, 476, 368, 0, 14.27%, 0, 0, 7, 23608.91, 8162867, 1041
386, 1, 285, 477, 369, 0, 14.27%, 0, 0, 7, 20037.47, 8251491, 1041
391, 1, 285, 478, 370, 0, 14.27%, 0, 0, 7, 25070.04, 8385327, 1041
396, 1, 296, 478, 369, 0, 14.27%, 0, 0, 7, 18064.87, 8475414, 1041
401, 1, 218, 478, 368, 0, 14.27%, 0, 0, 7, 23474.47, 8597810, 1041
406, 1, 455, 478, 368, 0, 14.27%, 0, 0, 7, 21623.32, 8696058, 1041
411, 1, 285, 478, 367, 0, 14.27%, 0, 0, 7, 18455.06, 8793302, 1041
416, 1, 296, 478, 366, 0, 14.27%, 0, 0, 7, 19376.56, 8890640, 1041
421, 1, 160, 478, 366, 0, 14.27%, 0, 0, 7, 16269.65, 8978765, 1041
426, 1, 296, 478, 365, 0, 14.27%, 0, 0, 7, 18374.60, 9068620, 1041
431, 1, 218, 478, 364, 0, 14.27%, 0, 0, 7, 18566.47, 9165209, 1041
436, 1, 218, 478, 364, 0, 14.27%, 0, 0, 7, 17926.84, 9255595, 1041
441, 1, 296, 478, 364, 0, 14.27%, 0, 0, 7, 18161.08, 9355537, 1041
446, 1, 455, 479, 363, 0, 14.27%, 0, 0, 7, 19495.95, 9447373, 1041
452, 1, 219, 479, 362, 0, 14.27%, 0, 0, 7, 18340.78, 9552638, 1041
457, 1, 285, 479, 361, 0, 14.27%, 0, 0, 7, 20554.66, 9657863, 1041
462, 1, 455, 479, 361, 0, 14.27%, 0, 0, 7, 22194.47, 9780298, 1041
467, 1, 272, 481, 362, 0, 14.27%, 0, 0, 7, 23479.56, 9891973, 1041
472, 2, 192, 579, 459, 0, 14.27%, 0, 0, 7, 20181.89, 9992972, 1041
477, 2, 221, 579, 459, 0, 14.27%, 0, 0, 7, 21994.97, 10095441, 1041
482, 2, 296, 579, 459, 0, 14.27%, 0, 0, 7, 17483.41, 10186699, 1041
487, 2, 455, 579, 459, 0, 14.27%, 0, 0, 7, 17585.56, 10273576, 1041
492, 2, 296, 579, 458, 0, 14.27%, 0, 0, 7, 17989.46, 10372932, 1041
497, 2, 544, 579, 457, 0, 14.27%, 0, 0, 7, 22528.82, 10490655, 1041
502, 2, 471, 579, 455, 0, 14.27%, 0, 0, 7, 18509.64, 10585688, 1041
507, 2, 73, 579, 452, 0, 14.27%, 0, 0, 7, 22874.77, 10703001, 1041
513, 2, 285, 579, 451, 0, 14.27%, 0, 0, 7, 16729.32, 10786539, 1041
518, 2, 455, 579, 451, 0, 14.27%, 0, 0, 7, 21954.02, 10900820, 1041
523, 2, 285, 579, 451, 0, 14.27%, 0, 0, 7, 17793.37, 10992372, 1041
528, 2, 379, 579, 451, 0, 14.27%, 0, 0, 7, 22625.06, 11110100, 1041
533, 2, 455, 579, 451, 0, 14.27%, 0, 0, 7, 15814.10, 11193368, 1041
538, 2, 455, 579, 450, 0, 14.27%, 0, 0, 7, 22804.59, 11318488, 1041
543, 2, 73, 579, 450, 0, 14.27%, 0, 0, 7, 17999.44, 11414230, 1041
549, 2, 25, 579, 450, 0, 14.27%, 0, 0, 7, 20692.81, 11514152, 1041
554, 2, 296, 579, 450, 0, 14.27%, 0, 0, 7, 20675.75, 11625673, 1041
559, 2, 285, 579, 450, 0, 14.27%, 0, 0, 7, 21437.81, 11735363, 1041
564, 2, 285, 579, 450, 0, 14.27%, 0, 0, 7, 16519.24, 11812306, 1041
569, 2, 455, 579, 450, 0, 14.27%, 0, 0, 7, 23408.64, 11940305, 1041
574, 2, 516, 579, 450, 0, 14.27%, 0, 0, 7, 18566.54, 12031783, 1041
579, 2, 455, 579, 448, 0, 14.27%, 0, 0, 7, 19914.28, 12133761, 1041
584, 2, 219, 579, 448, 0, 14.27%, 0, 0, 7, 18191.86, 12222512, 1041
589, 2, 455, 579, 448, 0, 14.27%, 0, 0, 7, 22498.52, 12351088, 1041
594, 2, 455, 579, 446, 0, 14.27%, 0, 0, 7, 16108.52, 12426321, 1041
600, 2, 296, 579, 446, 0, 14.27%, 0, 0, 7, 26974.14, 12577851, 1041
605, 2, 285, 580, 447, 0, 14.27%, 0, 0, 7, 21342.37, 12667852, 1041
610, 2, 285, 580, 446, 0, 14.27%, 0, 0, 7, 22731.12, 12782296, 1041
615, 2, 296, 580, 446, 0, 14.27%, 0, 0, 7, 21655.25, 12884741, 1041
620, 2, 296, 580, 446, 0, 14.27%, 0, 0, 7, 22238.91, 12997675, 1041
625, 2, 285, 580, 446, 0, 14.27%, 0, 0, 7, 21313.30, 13097448, 1041
630, 2, 232, 580, 445, 0, 14.27%, 0, 0, 7, 23491.94, 13218370, 1041
635, 2, 296, 580, 445, 0, 14.27%, 0, 0, 7, 20810.91, 13314919, 1041
640, 2, 296, 580, 444, 0, 14.27%, 0, 0, 7, 19662.12, 13409038, 1041
645, 2, 70, 580, 444, 0, 14.27%, 0, 0, 7, 19939.87, 13501109, 1041
650, 2, 16, 580, 442, 0, 14.27%, 0, 0, 7, 19248.82, 13599833, 1041
655, 2, 478, 580, 442, 0, 14.27%, 0, 0, 7, 18122.93, 13684902, 1041
660, 3, 455, 593, 454, 0, 14.27%, 0, 0, 7, 22421.81, 13796202, 1041
665, 3, 285, 593, 453, 0, 14.27%, 0, 0, 7, 22568.48, 13900147, 1041
670, 3, 455, 593, 453, 0, 14.27%, 0, 0, 7, 22844.64, 14022065, 1041
675, 3, 455, 593, 453, 0, 14.27%, 0, 0, 7, 19217.38, 14109992, 1041
681, 3, 285, 593, 451, 0, 14.27%, 0, 0, 7, 20890.72, 14219195, 1041
686, 3, 285, 593, 450, 0, 14.27%, 0, 0, 7, 19760.51, 14310188, 1041
691, 3, 455, 593, 450, 0, 14.27%, 0, 0, 7, 22545.03, 14434613, 1041
696, 3, 285, 593, 450, 0, 14.27%, 0, 0, 7, 16087.15, 14508233, 1041
701, 3, 296, 593, 450, 0, 14.27%, 0, 0, 7, 22712.25, 14633187, 1041
706, 3, 123, 593, 450, 0, 14.27%, 0, 0, 7, 21549.54, 14733071, 1041
711, 3, 455, 593, 450, 0, 14.27%, 0, 0, 7, 19121.02, 14831651, 1041
716, 3, 296, 593, 450, 0, 14.27%, 0, 0, 7, 18279.61, 14917516, 1041
721, 3, 449, 593, 450, 0, 14.27%, 0, 0, 7, 20259.80, 15030376, 1041
726, 3, 218, 593, 448, 0, 14.27%, 0, 0, 7, 19884.12, 15136414, 1041
731, 3, 218, 593, 448, 0, 14.27%, 0, 0, 7, 20294.53, 15240976, 1041
737, 3, 285, 593, 448, 0, 14.27%, 0, 0, 7, 21692.53, 15337188, 1041
742, 3, 2, 593, 447, 0, 14.27%, 0, 0, 7, 18366.19, 15437234, 1041
747, 3, 21, 593, 447, 0, 14.27%, 0, 0, 7, 22088.73, 15545047, 1041
752, 3, 276, 593, 446, 0, 14.27%, 0, 0, 7, 15235.20, 15618839, 1041
757, 3, 455, 593, 446, 0, 14.27%, 0, 0, 7, 19897.03, 15720140, 1041
762, 3, 73, 593, 446, 0, 14.27%, 0, 0, 7, 18133.07, 15817029, 1041
767, 3, 359, 593, 446, 0, 14.27%, 0, 0, 7, 23233.08, 15937808, 1041
772, 3, 296, 593, 446, 0, 14.27%, 0, 0, 7, 21528.57, 16045075, 1041
777, 3, 455, 593, 446, 0, 14.27%, 0, 0, 7, 23145.54, 16163282, 1041
782, 3, 218, 593, 445, 0, 14.27%, 0, 0, 7, 17465.76, 16250619, 1041
788, 3, 218, 593, 445, 0, 14.27%, 0, 0, 7, 24258.20, 16375320, 1041
793, 3, 296, 593, 445, 0, 14.27%, 0, 0, 7, 18849.58, 16469259, 1041
798, 3, 296, 593, 445, 0, 14.27%, 0, 0, 7, 19422.56, 16571274, 1041
803, 3, 296, 593, 445, 0, 14.27%, 0, 0, 7, 15141.56, 16651089, 1041
808, 3, 218, 593, 444, 0, 14.27%, 0, 0, 7, 24805.90, 16777320, 1041
813, 3, 285, 593, 443, 0, 14.27%, 0, 0, 7, 18144.00, 16875044, 1041
818, 3, 221, 593, 442, 0, 14.27%, 0, 0, 7, 21080.20, 16975718, 1041
823, 3, 296, 593, 442, 0, 14.27%, 0, 0, 7, 16362.91, 17054286, 1041
828, 3, 296, 593, 442, 0, 14.27%, 0, 0, 7, 19202.77, 17160596, 1041
833, 3, 296, 593, 442, 0, 14.27%, 0, 0, 7, 15638.49, 17240433, 1041
839, 3, 218, 593, 441, 0, 14.27%, 0, 0, 7, 25590.45, 17379916, 1041
844, 4, 296, 601, 449, 0, 14.27%, 0, 0, 7, 20744.96, 17478275, 1041
849, 4, 232, 601, 448, 0, 14.27%, 0, 0, 7, 22863.99, 17600387, 1041
854, 4, 359, 601, 448, 0, 14.27%, 0, 0, 7, 16353.86, 17676524, 1041
859, 4, 296, 601, 447, 0, 14.27%, 0, 0, 7, 17147.67, 17765265, 1041
864, 4, 296, 601, 447, 0, 14.27%, 0, 0, 7, 17845.90, 17851505, 1041
869, 4, 345, 601, 447, 0, 14.27%, 0, 0, 7, 21128.41, 17965219, 1041
874, 4, 191, 601, 446, 0, 14.27%, 0, 0, 7, 19691.93, 18059514, 1041
879, 4, 130, 601, 446, 0, 14.27%, 0, 0, 7, 18087.90, 18149741, 1041
885, 4, 474, 601, 445, 0, 14.27%, 0, 0, 7, 15130.24, 18221021, 1041
890, 4, 296, 601, 443, 0, 14.27%, 0, 0, 7, 21618.57, 18338168, 1041
895, 4, 296, 601, 442, 0, 14.27%, 0, 0, 7, 20747.09, 18435303, 1041
900, 4, 296, 601, 442, 0, 14.27%, 0, 0, 7, 18866.78, 18540074, 1041
905, 4, 296, 601, 440, 0, 14.27%, 0, 0, 7, 19032.22, 18626238, 1041
910, 4, 455, 601, 439, 0, 14.27%, 0, 0, 7, 20714.69, 18739000, 1041
915, 4, 221, 601, 439, 0, 14.27%, 0, 0, 7, 21726.45, 18842270, 1041
920, 4, 296, 601, 439, 0, 14.27%, 0, 0, 7, 21871.59, 18954378, 1041
925, 4, 455, 601, 439, 0, 14.27%, 0, 0, 7, 22214.73, 19055626, 1041
930, 4, 259, 601, 438, 0, 14.27%, 0, 0, 7, 22958.40, 19172617, 1041
935, 4, 455, 601, 437, 0, 14.27%, 0, 0, 7, 17665.37, 19251261, 1041
940, 4, 455, 601, 436, 0, 14.27%, 0, 0, 7, 17856.12, 19334652, 1041
946, 4, 465, 601, 435, 0, 14.27%, 0, 0, 7, 19609.97, 19432374, 1041
951, 4, 455, 601, 434, 0, 14.27%, 0, 0, 7, 18816.92, 19526570, 1041
956, 4, 285, 601, 434, 0, 14.27%, 0, 0, 7, 19553.35, 19622332, 1041
961, 4, 338, 601, 434, 0, 14.27%, 0, 0, 7, 22045.70, 19747901, 1041
966, 4, 404, 601, 433, 0, 14.27%, 0, 0, 7, 21139.77, 19849297, 1041
971, 4, 296, 601, 432, 0, 14.27%, 0, 0, 7, 21929.95, 19953837, 1041
976, 4, 285, 601, 432, 0, 14.27%, 0, 0, 7, 19849.76, 20046762, 1041
981, 4, 218, 601, 430, 0, 14.27%, 0, 0, 7, 20451.98, 20156104, 1041
986, 4, 455, 601, 430, 0, 14.27%, 0, 0, 7, 19565.43, 20242445, 1041
991, 4, 296, 601, 429, 0, 14.27%, 0, 0, 7, 16431.81, 20332348, 1041
997, 4, 70, 601, 428, 0, 14.27%, 0, 0, 7, 21763.40, 20446246, 1041
1002, 4, 455, 601, 427, 0, 14.27%, 0, 0, 7, 18334.88, 20545403, 1041
1007, 4, 455, 601, 426, 0, 14.27%, 0, 0, 7, 14465.80, 20617884, 1041
1012, 4, 455, 601, 426, 0, 14.27%, 0, 0, 7, 15741.64, 20703472, 1041
1017, 4, 284, 601, 426, 0, 14.27%, 0, 0, 7, 17051.52, 20795197, 1041
1022, 4, 285, 602, 427, 0, 14.27%, 0, 0, 7, 14302.86, 20862987, 1041
1027, 4, 455, 602, 426, 0, 14.27%, 0, 0, 7, 23151.22, 20983023, 1041
1032, 4, 73, 602, 426, 0, 14.27%, 0, 0, 7, 21347.75, 21096316, 1041
1037, 5, 455, 607, 430, 0, 14.27%, 0, 0, 7, 14624.96, 21161266, 1041
1042, 5, 296, 607, 430, 0, 14.27%, 0, 0, 7, 16001.88, 21240778, 1041
1047, 5, 232, 607, 429, 0, 14.27%, 0, 0, 7, 19173.90, 21341100, 1041
1052, 5, 296, 607, 429, 0, 14.27%, 0, 0, 7, 18565.84, 21439398, 1041
1057, 5, 114, 607, 429, 0, 14.27%, 0, 0, 7, 16405.63, 21513202, 1041
1062, 5, 296, 607, 428, 0, 14.27%, 0, 0, 7, 16847.56, 21606859, 1041
1067, 5, 455, 607, 427, 0, 14.27%, 0, 0, 7, 20871.15, 21716707, 1041
1073, 5, 285, 607, 427, 0, 14.27%, 0, 0, 7, 19385.75, 21819055, 1041
1078, 5, 296, 607, 427, 0, 14.27%, 0, 0, 7, 21462.98, 21940218, 1041
1083, 5, 296, 607, 427, 0, 14.27%, 0, 0, 7, 18710.61, 22038175, 1041
1088, 5, 296, 607, 426, 0, 14.27%, 0, 0, 7, 21936.95, 22150641, 1041
1093, 5, 455, 607, 425, 0, 14.27%, 0, 0, 7, 20265.93, 22258060, 1041
1098, 5, 189, 607, 425, 0, 14.27%, 0, 0, 7, 23427.77, 22382712, 1041
1103, 5, 43, 607, 425, 0, 14.27%, 0, 0, 7, 18733.43, 22476798, 1041
1108, 5, 296, 607, 424, 0, 14.27%, 0, 0, 7, 22689.83, 22591164, 1041
1113, 5, 286, 607, 423, 0, 14.27%, 0, 0, 7, 18021.78, 22679658, 1041
1118, 5, 570, 607, 422, 0, 14.27%, 0, 0, 7, 17540.29, 22767263, 1041
1124, 5, 455, 607, 420, 0, 14.27%, 0, 0, 7, 17891.88, 22856274, 1041
1129, 5, 296, 607, 419, 0, 14.27%, 0, 0, 7, 20221.96, 22958469, 1041
1134, 5, 221, 607, 418, 0, 14.27%, 0, 0, 7, 18078.12, 23048740, 1041
1139, 5, 221, 607, 418, 0, 14.27%, 0, 0, 7, 19742.82, 23152744, 1041
1144, 5, 296, 607, 418, 0, 14.27%, 0, 0, 7, 20021.98, 23262669, 1041
1149, 5, 232, 607, 417, 0, 14.27%, 0, 0, 7, 21845.34, 23376700, 1041
1154, 5, 123, 607, 417, 0, 14.27%, 0, 0, 7, 21096.21, 23475884, 1041
1159, 5, 296, 607, 417, 0, 14.27%, 0, 0, 7, 20757.00, 23580913, 1041
1164, 5, 130, 607, 417, 0, 14.27%, 0, 0, 7, 19688.41, 23679320, 1041
1169, 5, 455, 607, 417, 0, 14.27%, 0, 0, 7, 20357.70, 23788640, 1041
1174, 5, 66, 607, 416, 0, 14.27%, 0, 0, 7, 15175.30, 23862813, 1041
1179, 5, 196, 607, 416, 0, 14.27%, 0, 0, 7, 19681.71, 23958600, 1041
1185, 5, 296, 607, 416, 0, 14.27%, 0, 0, 7, 14561.89, 24043697, 1041
1190, 5, 455, 607, 415, 0, 14.27%, 0, 0, 7, 24842.87, 24181337, 1041
1195, 5, 296, 607, 415, 0, 14.27%, 0, 0, 7, 20577.38, 24274093, 1041
1200, 5, 377, 607, 414, 0, 14.27%, 0, 0, 7, 22667.99, 24385702, 1041
1205, 5, 285, 607, 412, 0, 14.27%, 0, 0, 7, 16711.71, 24467614, 1041
1210, 5, 221, 607, 411, 0, 14.27%, 0, 0, 7, 22409.13, 24596748, 1041
1215, 5, 296, 607, 410, 0, 14.27%, 0, 0, 7, 18116.44, 24679263, 1041
1220, 5, 544, 607, 410, 0, 14.27%, 0, 0, 7, 17343.32, 24765592, 1041
1225, 6, 296, 611, 412, 0, 14.27%, 0, 0, 7, 21138.36, 24866055, 1041
1230, 6, 73, 611, 412, 0, 14.27%, 0, 0, 7, 26688.34, 24997584, 1041
1235, 6, 2, 611, 412, 0, 14.27%, 0, 0, 7, 20398.17, 25094238, 1041
1241, 6, 296, 611, 412, 0, 14.27%, 0, 0, 7, 22202.19, 25192545, 1041
1246, 6, 296, 611, 411, 0, 14.27%, 0, 0, 7, 22484.38, 25290903, 1041
1251, 6, 285, 611, 411, 0, 14.27%, 0, 0, 7, 22090.59, 25407683, 1041
1256, 6, 288, 611, 410, 0, 14.27%, 0, 0, 7, 25210.69, 25525423, 1041
1261, 6, 296, 611, 409, 0, 14.27%, 0, 0, 7, 21565.09, 25635607, 1041
1266, 6, 296, 611, 409, 0, 14.27%, 0, 0, 7, 19065.35, 25724936, 1041
1271, 6, 166, 611, 408, 0, 14.27%, 0, 0, 7, 20897.06, 25839489, 1041
1276, 6, 96, 611, 407, 0, 14.27%, 0, 0, 7, 22112.31, 25942033, 1041
1281, 6, 455, 611, 407, 0, 14.27%, 0, 0, 7, 22702.35, 26060899, 1041
1287, 6, 218, 611, 407, 0, 14.27%, 0, 0, 7, 20238.28, 26162084, 1041
1292, 6, 284, 611, 406, 0, 14.27%, 0, 0, 7, 21901.36, 26290421, 1041
1297, 6, 595, 611, 406, 0, 14.27%, 0, 0, 7, 19201.40, 26380851, 1041
1302, 6, 296, 611, 405, 0, 14.27%, 0, 0, 7, 5882.93, 26449409, 1041
1307, 6, 300, 611, 405, 0, 14.27%, 0, 0, 7, 19694.33, 26558115, 1041
1312, 6, 285, 611, 404, 0, 14.27%, 0, 0, 7, 19651.82, 26664906, 1041
1317, 6, 285, 611, 404, 0, 14.27%, 0, 0, 7, 19053.51, 26759154, 1041
1322, 6, 387, 611, 403, 0, 14.27%, 0, 0, 7, 17966.72, 26857631, 1041
1327, 6, 296, 611, 402, 0, 14.27%, 0, 0, 7, 24172.77, 26973981, 1041
1332, 6, 221, 611, 402, 0, 14.27%, 0, 0, 7, 19566.88, 27070814, 1041
1338, 6, 296, 611, 401, 0, 14.27%, 0, 0, 7, 27346.98, 27208857, 1041
1343, 6, 238, 611, 400, 0, 14.27%, 0, 0, 7, 19099.70, 27305378, 1041
1348, 6, 285, 611, 400, 0, 14.27%, 0, 0, 7, 22459.73, 27422906, 1041
1353, 6, 218, 611, 400, 0, 14.27%, 0, 0, 7, 17630.96, 27520371, 1041
1358, 6, 296, 611, 400, 0, 14.27%, 0, 0, 7, 19965.72, 27612005, 1041
1363, 6, 285, 611, 400, 0, 14.27%, 0, 0, 7, 18953.49, 27716458, 1041
1368, 6, 296, 611, 400, 0, 14.27%, 0, 0, 7, 19259.65, 27820903, 1041
1373, 6, 2, 611, 398, 0, 14.27%, 0, 0, 7, 16140.40, 27904351, 1041
1378, 6, 296, 611, 398, 0, 14.27%, 0, 0, 7, 20986.28, 28016071, 1041
1383, 6, 455, 611, 398, 0, 14.27%, 0, 0, 7, 18815.79, 28116897, 1041
1388, 6, 296, 611, 398, 0, 14.27%, 0, 0, 7, 22814.88, 28232367, 1041
1393, 6, 296, 611, 397, 0, 14.27%, 0, 0, 7, 16966.07, 28314551, 1041
1398, 6, 285, 611, 397, 0, 14.27%, 0, 0, 7, 21403.13, 28421081, 1041
1404, 6, 455, 611, 396, 0, 14.27%, 0, 0, 7, 20826.13, 28527745, 1041
1409, 6, 296, 611, 396, 0, 14.27%, 0, 0, 7, 23532.07, 28650158, 1041
1414, 7, 296, 617, 402, 0, 14.27%, 0, 0, 7, 18157.40, 28729179, 1041
1419, 7, 455, 617, 401, 0, 14.27%, 0, 0, 7, 20537.10, 28828422, 1041
1424, 7, 296, 617, 401, 0, 14.27%, 0, 0, 7, 17430.38, 28919426, 1041
1429, 7, 296, 617, 400, 0, 14.27%, 0, 0, 7, 22719.88, 29033648, 1041
1434, 7, 296, 617, 400, 0, 14.27%, 0, 0, 7, 21476.68, 29127167, 1041
1439, 7, 272, 617, 400, 0, 14.27%, 0, 0, 7, 22018.37, 29244236, 1041
1444, 7, 285, 617, 399, 0, 14.27%, 0, 0, 7, 20066.56, 29341431, 1041
1449, 7, 296, 617, 399, 0, 14.27%, 0, 0, 7, 19991.46, 29441949, 1041
1454, 7, 296, 617, 399, 0, 14.27%, 0, 0, 7, 19998.76, 29540470, 1041
1459, 7, 455, 617, 399, 0, 14.27%, 0, 0, 7, 22761.47, 29657105, 1041
1464, 7, 455, 617, 399, 0, 14.27%, 0, 0, 7, 17326.16, 29745236, 1041
1469, 7, 596, 617, 398, 0, 14.27%, 0, 0, 7, 21262.11, 29860991, 1041
1475, 7, 296, 617, 397, 0, 14.27%, 0, 0, 7, 17162.46, 29941065, 1041
1480, 7, 455, 617, 396, 0, 14.27%, 0, 0, 7, 20549.98, 30041307, 1041
1485, 7, 221, 617, 396, 0, 14.27%, 0, 0, 7, 21071.02, 30141211, 1041
1490, 7, 359, 617, 396, 0, 14.27%, 0, 0, 7, 22902.53, 30259048, 1041
1495, 7, 296, 617, 396, 0, 14.27%, 0, 0, 7, 22789.74, 30367564, 1041
1500, 7, 455, 617, 396, 0, 14.27%, 0, 0, 7, 20586.88, 30471799, 1041
1505, 7, 232, 617, 395, 0, 14.27%, 0, 0, 7, 18895.00, 30558107, 1041
1510, 7, 455, 617, 395, 0, 14.27%, 0, 0, 7, 18944.11, 30659042, 1041
1515, 7, 380, 617, 394, 0, 14.27%, 0, 0, 7, 22048.27, 30769192, 1041
1521, 7, 455, 617, 394, 0, 14.27%, 0, 0, 7, 23446.33, 30890879, 1041
1526, 7, 62, 617, 394, 0, 14.27%, 0, 0, 7, 22838.08, 30993241, 1041
1531, 7, 70, 617, 394, 0, 14.27%, 0, 0, 7, 22197.76, 31093745, 1041
1536, 7, 455, 617, 394, 0, 14.27%, 0, 0, 7, 18103.21, 31179042, 1041
1541, 7, 79, 617, 393, 0, 14.27%, 0, 0, 7, 21068.74, 31291154, 1041
1546, 7, 455, 617, 392, 0, 14.27%, 0, 0, 7, 20605.80, 31392464, 1041
1551, 7, 285, 617, 392, 0, 14.27%, 0, 0, 7, 20670.77, 31506373, 1041
1556, 7, 318, 617, 390, 0, 14.27%, 0, 0, 7, 19849.74, 31599688, 1041
1561, 7, 285, 617, 389, 0, 14.27%, 0, 0, 7, 21913.30, 31724360, 1041
1566, 7, 412, 617, 389, 0, 14.27%, 0, 0, 7, 16907.67, 31801088, 1041
1571, 7, 221, 617, 388, 0, 14.27%, 0, 0, 7, 18239.58, 31894635, 1041
1576, 7, 284, 617, 388, 0, 14.27%, 0, 0, 7, 21338.31, 31992915, 1041
1582, 7, 486, 617, 387, 0, 14.27%, 0, 0, 7, 22306.62, 32119109, 1041
1587, 7, 221, 617, 386, 0, 14.27%, 0, 0, 7, 26568.59, 32248203, 1041
1592, 7, 296, 617, 386, 0, 14.27%, 0, 0, 7, 18334.73, 32341291, 1041
1597, 7, 441, 617, 386, 0, 14.27%, 0, 0, 7, 18099.76, 32436012, 1041
1602, 8, 284, 629, 398, 0, 14.27%, 0, 0, 7, 17530.70, 32532592, 1041
1607, 8, 296, 629, 398, 0, 14.27%, 0, 0, 7, 19047.33, 32626325, 1041
1612, 8, 52, 629, 398, 0, 14.27%, 0, 0, 7, 17844.30, 32722082, 1041
1617, 8, 455, 629, 398, 0, 14.27%, 0, 0, 7, 13037.64, 32781896, 1041
1622, 8, 285, 629, 398, 0, 14.27%, 0, 0, 7, 16497.42, 32877348, 1041
1627, 8, 49, 629, 397, 0, 14.27%, 0, 0, 7, 17073.47, 32963204, 1041
1633, 8, 196, 629, 397, 0, 14.27%, 0, 0, 7, 14454.37, 33038339, 1041
1638, 8, 272, 629, 396, 0, 14.27%, 0, 0, 7, 18577.66, 33125294, 1041
1643, 8, 296, 629, 395, 0, 14.27%, 0, 0, 7, 15947.58, 33198584, 1041
1648, 8, 377, 629, 395, 0, 14.27%, 0, 0, 7, 15970.91, 33272498, 1041
1653, 8, 284, 629, 395, 0, 14.27%, 0, 0, 7, 15563.29, 33359608, 1041
1658, 8, 123, 629, 395, 0, 14.27%, 0, 0, 7, 15272.31, 33440068, 1041
1663, 8, 296, 629, 395, 0, 14.27%, 0, 0, 7, 13910.50, 33511149, 1041
1669, 8, 296, 629, 395, 0, 14.27%, 0, 0, 7, 23832.36, 33645734, 1041
1674, 8, 285, 629, 395, 0, 14.27%, 0, 0, 7, 16067.25, 33724360, 1041
1679, 8, 382, 629, 394, 0, 14.27%, 0, 0, 7, 20763.28, 33823141, 1041
1684, 8, 218, 629, 394, 0, 14.27%, 0, 0, 7, 20783.91, 33918940, 1041
1689, 8, 411, 629, 393, 0, 14.27%, 0, 0, 7, 25842.85, 34048330, 1041
1694, 8, 285, 629, 393, 0, 14.27%, 0, 0, 7, 19995.20, 34137378, 1041
1699, 8, 296, 629, 393, 0, 14.27%, 0, 0, 7, 26053.15, 34279933, 1041
1704, 8, 455, 629, 393, 0, 14.27%, 0, 0, 7, 20209.61, 34373333, 1041
1709, 8, 285, 629, 392, 0, 14.27%, 0, 0, 7, 22486.87, 34493677, 1041
1714, 8, 260, 629, 392, 0, 14.27%, 0, 0, 7, 19683.63, 34592482, 1041
1720, 8, 296, 629, 390, 0, 14.27%, 0, 0, 7, 23721.92, 34715664, 1041
1725, 8, 285, 629, 390, 0, 14.27%, 0, 0, 7, 21526.99, 34814024, 1041
1730, 8, 455, 629, 389, 0, 14.27%, 0, 0, 7, 21920.71, 34923649, 1041
1735, 8, 296, 629, 388, 0, 14.27%, 0, 0, 7, 23125.18, 35025384, 1041
1740, 8, 219, 629, 388, 0, 14.27%, 0, 0, 7, 26015.03, 35151173, 1041
1745, 8, 296, 629, 388, 0, 14.27%, 0, 0, 7, 24860.06, 35255010, 1041
1750, 8, 441, 629, 388, 0, 14.27%, 0, 0, 7, 25374.61, 35382611, 1041
1755, 8, 232, 629, 388, 0, 14.27%, 0, 0, 7, 21693.70, 35481386, 1041
1760, 8, 296, 629, 388, 0, 14.27%, 0, 0, 7, 19335.51, 35578609, 1041
1765, 8, 189, 629, 388, 0, 14.27%, 0, 0, 7, 22223.67, 35683045, 1041
1770, 8, 285, 629, 387, 0, 14.27%, 0, 0, 7, 25037.94, 35806644, 1041
1775, 8, 455, 629, 387, 0, 14.27%, 0, 0, 7, 20695.44, 35900013, 1041
1780, 8, 272, 629, 387, 0, 14.27%, 0, 0, 7, 17822.78, 35986738, 1041
1785, 8, 73, 629, 386, 0, 14.27%, 0, 0, 7, 17377.51, 36067852, 1041
1791, 9, 285, 635, 392, 0, 14.27%, 0, 0, 7, 19823.58, 36174938, 1041
1796, 9, 285, 635, 391, 0, 14.27%, 0, 0, 7, 20278.76, 36262515, 1041
1801, 9, 285, 635, 391, 0, 14.27%, 0, 0, 7, 21484.24, 36380320, 1041
1806, 9, 296, 635, 390, 0, 14.27%, 0, 0, 7, 20686.87, 36479060, 1041
1811, 9, 296, 635, 390, 0, 14.27%, 0, 0, 7, 19858.53, 36583819, 1041
1816, 9, 296, 635, 390, 0, 14.27%, 0, 0, 7, 19966.47, 36675736, 1041
1821, 9, 296, 635, 390, 0, 14.27%, 0, 0, 7, 20696.59, 36787430, 1041
1826, 9, 285, 635, 390, 0, 14.27%, 0, 0, 7, 21055.54, 36890234, 1041
1831, 9, 285, 635, 388, 0, 14.27%, 0, 0, 7, 18685.80, 36990393, 1041
1836, 9, 296, 635, 388, 0, 14.27%, 0, 0, 7, 18983.79, 37088791, 1041
1842, 9, 296, 635, 388, 0, 14.27%, 0, 0, 7, 21304.91, 37210260, 1041
1847, 9, 285, 635, 388, 0, 14.27%, 0, 0, 7, 24854.54, 37328824, 1041
1852, 9, 284, 635, 388, 0, 14.27%, 0, 0, 7, 21243.56, 37444943, 1041
1857, 9, 288, 635, 388, 0, 14.27%, 0, 0, 7, 23634.64, 37556632, 1041
1862, 9, 89, 635, 388, 0, 14.27%, 0, 0, 7, 18222.97, 37651682, 1041
1867, 9, 296, 635, 388, 0, 14.27%, 0, 0, 7, 20516.75, 37747864, 1041
1872, 9, 296, 635, 386, 0, 14.27%, 0, 0, 7, 15900.76, 37832040, 1041
1877, 9, 218, 635, 385, 0, 14.27%, 0, 0, 7, 18389.60, 37918756, 1041
1882, 9, 218, 635, 385, 0, 14.27%, 0, 0, 7, 14375.47, 37993673, 1041
1887, 9, 296, 635, 384, 0, 14.27%, 0, 0, 7, 15075.69, 38069527, 1041
1892, 9, 221, 635, 383, 0, 14.27%, 0, 0, 7, 16263.05, 38159031, 1041
1898, 9, 6, 635, 382, 0, 14.27%, 0, 0, 7, 6472.55, 38229273, 1041
1903, 9, 455, 635, 380, 0, 14.27%, 0, 0, 7, 15605.99, 38322579, 1041
1908, 9, 260, 635, 380, 0, 14.27%, 0, 0, 7, 26869.72, 38461757, 1041
1913, 9, 455, 635, 379, 0, 14.27%, 0, 0, 7, 19026.52, 38553690, 1041
1918, 9, 285, 635, 378, 0, 14.27%, 0, 0, 7, 18474.50, 38648379, 1041
1923, 9, 285, 635, 378, 0, 14.27%, 0, 0, 7, 15581.53, 38728768, 1041
1928, 9, 25, 635, 378, 0, 14.27%, 0, 0, 7, 21919.97, 38842529, 1041
1934, 9, 455, 635, 378, 0, 14.27%, 0, 0, 7, 19561.46, 38954223, 1041
1939, 9, 455, 635, 378, 0, 14.27%, 0, 0, 7, 24457.78, 39076435, 1041
1944, 9, 285, 635, 377, 0, 14.27%, 0, 0, 7, 20948.41, 39181249, 1041
1949, 9, 380, 635, 375, 0, 14.27%, 0, 0, 7, 21511.18, 39287421, 1041
1954, 9, 297, 635, 375, 0, 14.27%, 0, 0, 7, 19275.91, 39379418, 1041
1959, 9, 89, 635, 375, 0, 14.27%, 0, 0, 7, 31445.00, 39471487, 1041
1964, 9, 43, 635, 375, 0, 14.27%, 0, 0, 7, 20535.45, 39551999, 1041
1969, 9, 130, 635, 375, 0, 14.27%, 0, 0, 7, 16309.58, 39635530, 1041
1974, 9, 338, 635, 375, 0, 14.27%, 0, 0, 7, 16356.25, 39703520, 1041
1980, 9, 285, 635, 375, 0, 14.27%, 0, 0, 7, 18588.49, 39803988, 1041
1985, 9, 232, 635, 375, 0, 14.27%, 0, 0, 7, 17881.55, 39895556, 1041
1990, 10, 285, 636, 376, 0, 14.27%, 0, 0, 7, 22963.86, 40010519, 1041
1995, 10, 455, 636, 376, 0, 14.27%, 0, 0, 7, 17097.69, 40085327, 1041
2000, 10, 285, 636, 374, 0, 14.27%, 0, 0, 7, 19910.71, 40187142, 1041
2005, 10, 441, 636, 373, 0, 14.27%, 0, 0, 7, 17264.61, 40266939, 1041
2010, 10, 455, 636, 372, 0, 14.27%, 0, 0, 7, 22129.29, 40384862, 1041
2015, 10, 89, 636, 372, 0, 14.27%, 0, 0, 7, 20597.49, 40487377, 1041
2020, 10, 455, 636, 372, 0, 14.27%, 0, 0, 7, 20171.69, 40580041, 1041
2025, 10, 285, 636, 372, 0, 14.27%, 0, 0, 7, 16756.19, 40665628, 1041
2031, 10, 455, 636, 372, 0, 14.27%, 0, 0, 7, 17982.52, 40753228, 1041
2036, 10, 296, 636, 372, 0, 14.27%, 0, 0, 7, 16061.10, 40826579, 1041
2041, 10, 218, 636, 372, 0, 14.27%, 0, 0, 7, 18221.30, 40931855, 1041
2046, 10, 126, 636, 371, 0, 14.27%, 0, 0, 7, 14819.64, 40999722, 1041
2051, 10, 296, 636, 371, 0, 14.27%, 0, 0, 7, 19665.73, 41105704, 1041
2056, 10, 221, 636, 371, 0, 14.27%, 0, 0, 7, 20564.50, 41197408, 1041
2061, 10, 455, 636, 371, 0, 14.27%, 0, 0, 7, 4076.15, 41303232, 1041
2066, 10, 192, 636, 371, 0, 14.27%, 0, 0, 7, 17605.48, 41394879, 1041
2071, 10, 411, 636, 371, 0, 14.27%, 0, 0, 7, 15819.68, 41477741, 1041
2076, 10, 296, 636, 371, 0, 14.27%, 0, 0, 7, 15473.73, 41556370, 1041
2081, 10, 284, 636, 371, 0, 14.27%, 0, 0, 7, 17887.71, 41652157, 1041
2086, 10, 296, 636, 370, 0, 14.27%, 0, 0, 7, 20804.47, 41746549, 1041
2091, 10, 359, 636, 370, 0, 14.27%, 0, 0, 7, 21462.91, 41862684, 1041
2096, 10, 296, 636, 369, 0, 14.27%, 0, 0, 7, 23949.76, 41969932, 1041
2101, 10, 359, 636, 369, 0, 14.27%, 0, 0, 7, 19534.66, 42068184, 1041
2106, 10, 296, 636, 368, 0, 14.27%, 0, 0, 7, 19029.74, 42158963, 1041
2112, 10, 455, 636, 368, 0, 14.27%, 0, 0, 7, 18594.30, 42260271, 1041
2117, 10, 455, 636, 368, 0, 14.27%, 0, 0, 7, 15399.62, 42326613, 1041
2122, 10, 455, 636, 368, 0, 14.27%, 0, 0, 7, 18407.82, 42424721, 1041
2127, 10, 455, 636, 367, 0, 14.27%, 0, 0, 7, 18391.12, 42520194, 1041
2132, 10, 296, 636, 367, 0, 14.27%, 0, 0, 7, 16302.55, 42604077, 1041
2137, 10, 189, 636, 367, 0, 14.27%, 0, 0, 7, 17526.15, 42689343, 1041
2142, 10, 15, 636, 367, 0, 14.27%, 0, 0, 7, 16904.02, 42785212, 1041
2147, 10, 455, 636, 367, 0, 14.27%, 0, 0, 7, 18296.91, 42877915, 1041
2152, 10, 238, 636, 366, 0, 14.27%, 0, 0, 7, 16308.79, 42964941, 1041
2157, 10, 296, 636, 366, 0, 14.27%, 0, 0, 7, 17409.00, 43051012, 1041
2162, 10, 218, 636, 366, 0, 14.27%, 0, 0, 7, 14646.93, 43132526, 1041
2167, 10, 444, 636, 366, 0, 14.27%, 0, 0, 7, 16805.99, 43214708, 1041
2172, 10, 218, 636, 366, 0, 14.27%, 0, 0, 7, 18423.57, 43323034, 1041
2178, 10, 455, 636, 365, 0, 14.27%, 0, 0, 7, 17350.59, 43409635, 1041
2183, 10, 380, 636, 365, 0, 14.27%, 0, 0, 7, 15002.65, 43491507, 1041
2188, 10, 296, 636, 365, 0, 14.27%, 0, 0, 7, 18001.09, 43584126, 1041
2193, 10, 285, 636, 365, 0, 14.27%, 0, 0, 7, 13252.64, 43650228, 1041
2198, 11, 196, 640, 369, 0, 14.27%, 0, 0, 7, 16507.98, 43737638, 1041
2203, 11, 296, 640, 368, 0, 14.27%, 0, 0, 7, 16957.49, 43832513, 1041
2208, 11, 284, 640, 368, 0, 14.27%, 0, 0, 7, 16793.63, 43916978, 1041
2213, 11, 296, 640, 367, 0, 14.27%, 0, 0, 7, 18409.21, 44019533, 1041
2218, 11, 455, 640, 367, 0, 14.27%, 0, 0, 7, 21936.56, 44132765, 1041
2223, 11, 455, 640, 367, 0, 14.27%, 0, 0, 7, 17924.51, 44221496, 1041
2228, 11, 272, 640, 366, 0, 14.27%, 0, 0, 7, 19512.43, 44326576, 1041
2233, 11, 296, 640, 366, 0, 14.27%, 0, 0, 7, 21356.14, 44439550, 1041
2239, 11, 191, 640, 365, 0, 14.27%, 0, 0, 7, 23974.59, 44563240, 1041
2244, 11, 296, 640, 365, 0, 14.27%, 0, 0, 7, 20443.74, 44672658, 1041
2249, 11, 285, 640, 364, 0, 14.27%, 0, 0, 7, 27292.90, 44820716, 1041
2254, 11, 296, 640, 363, 0, 14.27%, 0, 0, 7, 21485.74, 44926271, 1041
2259, 11, 272, 640, 363, 0, 14.27%, 0, 0, 7, 20529.99, 45022636, 1041
2264, 11, 285, 640, 363, 0, 14.27%, 0, 0, 7, 22674.95, 45138184, 1041
2269, 11, 25, 640, 361, 0, 14.27%, 0, 0, 7, 22775.96, 45255286, 1041
2274, 11, 455, 640, 361, 0, 14.27%, 0, 0, 7, 22314.63, 45365835, 1041
2279, 11, 455, 640, 361, 0, 14.27%, 0, 0, 7, 23563.85, 45487283, 1041
2284, 11, 260, 640, 360, 0, 14.27%, 0, 0, 7, 23678.50, 45604064, 1041
2290, 11, 232, 640, 360, 0, 14.27%, 0, 0, 7, 20863.65, 45718666, 1041
2295, 11, 296, 640, 360, 0, 14.27%, 0, 0, 7, 19748.82, 45822262, 1041
2300, 11, 197, 640, 360, 0, 14.27%, 0, 0, 7, 24122.07, 45950361, 1041
2305, 11, 285, 640, 360, 0, 14.27%, 0, 0, 7, 22189.51, 46051531, 1041
2310, 11, 110, 640, 360, 0, 14.27%, 0, 0, 7, 25587.34, 46187560, 1041
2315, 11, 285, 640, 359, 0, 14.27%, 0, 0, 7, 18841.86, 46271555, 1041
2320, 11, 260, 640, 359, 0, 14.27%, 0, 0, 7, 23819.99, 46387092, 1041
2326, 11, 455, 640, 359, 0, 14.27%, 0, 0, 7, 22151.63, 46489751, 1041
2331, 11, 232, 640, 359, 0, 14.27%, 0, 0, 7, 22835.53, 46616011, 1041
2336, 11, 46, 640, 359, 0, 14.27%, 0, 0, 7, 20476.76, 46711451, 1041
2341, 11, 285, 640, 359, 0, 14.27%, 0, 0, 7, 25539.80, 46849469, 1041
2346, 11, 296, 640, 359, 0, 14.27%, 0, 0, 7, 21819.48, 46950660, 1041
2351, 11, 379, 640, 359, 0, 14.27%, 0, 0, 7, 21749.00, 47064347, 1041
2356, 11, 455, 640, 359, 0, 14.27%, 0, 0, 7, 24554.24, 47178732, 1041
2361, 11, 455, 640, 359, 0, 14.27%, 0, 0, 7, 23922.21, 47302830, 1041
2366, 11, 296, 640, 358, 0, 14.27%, 0, 0, 7, 22579.92, 47410061, 1041
2371, 12, 125, 642, 360, 0, 14.27%, 0, 0, 7, 21519.39, 47517468, 1041
2376, 12, 296, 642, 360, 0, 14.27%, 0, 0, 7, 16910.23, 47598596, 1041
2382, 12, 334, 642, 360, 0, 14.27%, 0, 0, 7, 18866.21, 47704478, 1041
2387, 12, 272, 642, 359, 0, 14.27%, 0, 0, 7, 22215.50, 47813746, 1041
2392, 12, 113, 642, 358, 0, 14.27%, 0, 0, 7, 22403.59, 47931891, 1041
2397, 12, 455, 642, 356, 0, 14.27%, 0, 0, 7, 23901.67, 48059423, 1041
2402, 12, 455, 642, 356, 0, 14.27%, 0, 0, 7, 23537.10, 48179418, 1041
2407, 12, 232, 642, 356, 0, 14.27%, 0, 0, 7, 23070.12, 48292075, 1041
2412, 12, 197, 642, 356, 0, 14.27%, 0, 0, 7, 23115.70, 48417785, 1041
2417, 12, 296, 642, 356, 0, 14.27%, 0, 0, 7, 24849.11, 48540189, 1041
2422, 12, 455, 642, 356, 0, 14.27%, 0, 0, 7, 24228.83, 48664684, 1041
2427, 12, 296, 642, 355, 0, 14.27%, 0, 0, 7, 27489.44, 48794573, 1041
2432, 12, 285, 642, 355, 0, 14.27%, 0, 0, 7, 26202.97, 48922623, 1041
2437, 12, 218, 642, 354, 0, 14.27%, 0, 0, 7, 23483.10, 49031163, 1041
2442, 12, 73, 642, 354, 0, 14.27%, 0, 0, 7, 24188.80, 49153919, 1041
2448, 12, 455, 642, 353, 0, 14.27%, 0, 0, 7, 24160.27, 49283008, 1041
2453, 12, 296, 642, 353, 0, 14.27%, 0, 0, 7, 22606.26, 49393972, 1041
2458, 12, 296, 642, 352, 0, 14.27%, 0, 0, 7, 26021.23, 49528125, 1041
2463, 12, 296, 642, 352, 0, 14.27%, 0, 0, 7, 22744.67, 49640322, 1041
2468, 12, 455, 642, 352, 0, 14.27%, 0, 0, 7, 23786.48, 49763781, 1041
2473, 12, 296, 642, 352, 0, 14.27%, 0, 0, 7, 20927.58, 49872074, 1041
2478, 12, 296, 642, 352, 0, 14.27%, 0, 0, 7, 23673.16, 49990154, 1041
2483, 12, 259, 642, 352, 0, 14.27%, 0, 0, 7, 18609.17, 50081400, 1041
2489, 12, 296, 642, 352, 0, 14.27%, 0, 0, 7, 21322.86, 50190815, 1041
2494, 12, 285, 642, 352, 0, 14.27%, 0, 0, 7, 21113.17, 50296252, 1041
2499, 12, 444, 642, 352, 0, 14.27%, 0, 0, 7, 20161.38, 50391978, 1041
2504, 12, 15, 642, 351, 0, 14.27%, 0, 0, 7, 16521.87, 50473749, 1041
2509, 12, 260, 642, 351, 0, 14.27%, 0, 0, 7, 22022.28, 50600801, 1041
2514, 12, 455, 642, 351, 0, 14.27%, 0, 0, 7, 16719.99, 50680816, 1041
2519, 12, 123, 642, 349, 0, 14.27%, 0, 0, 7, 22866.60, 50803593, 1041
2524, 12, 285, 642, 349, 0, 14.27%, 0, 0, 7, 23922.82, 50916587, 1041
2529, 12, 285, 642, 348, 0, 14.27%, 0, 0, 7, 25932.14, 51054895, 1041
2534, 12, 455, 642, 348, 0, 14.27%, 0, 0, 7, 23735.42, 51172241, 1041
2539, 13, 455, 645, 351, 0, 14.27%, 0, 0, 7, 25050.79, 51297807, 1041
2545, 13, 189, 645, 351, 0, 14.27%, 0, 0, 7, 25931.27, 51430168, 1041
2550, 13, 296, 645, 351, 0, 14.27%, 0, 0, 7, 26857.90, 51572600, 1041
2555, 13, 444, 645, 351, 0, 14.27%, 0, 0, 7, 23130.54, 51684831, 1041
2560, 13, 218, 645, 350, 0, 14.27%, 0, 0, 7, 25318.40, 51817495, 1041
2565, 13, 59, 645, 350, 0, 14.27%, 0, 0, 7, 22012.63, 51921366, 1041
2570, 13, 411, 645, 350, 0, 14.27%, 0, 0, 7, 24202.06, 52045277, 1041
2575, 13, 296, 645, 350, 0, 14.27%, 0, 0, 7, 23768.53, 52162935, 1041
2580, 13, 455, 645, 350, 0, 14.27%, 0, 0, 7, 26651.51, 52304560, 1041
2585, 13, 285, 645, 350, 0, 14.27%, 0, 0, 7, 26980.59, 52427862, 1041
2591, 13, 455, 645, 350, 0, 14.27%, 0, 0, 7, 24622.55, 52559703, 1041
2596, 13, 455, 645, 349, 0, 14.27%, 0, 0, 7, 20244.83, 52646036, 1041
2601, 13, 576, 645, 349, 0, 14.27%, 0, 0, 7, 23474.52, 52775965, 1041
2606, 13, 70, 645, 348, 0, 14.27%, 0, 0, 7, 23335.65, 52879958, 1041
2611, 13, 455, 645, 347, 0, 14.27%, 0, 0, 7, 23902.84, 53006327, 1041
2616, 13, 549, 645, 346, 0, 14.27%, 0, 0, 7, 22286.44, 53115954, 1041
2621, 13, 21, 645, 345, 0, 14.27%, 0, 0, 7, 23827.14, 53240876, 1041
2626, 13, 296, 645, 345, 0, 14.27%, 0, 0, 7, 26382.56, 53363629, 1041
2631, 13, 285, 645, 344, 0, 14.27%, 0, 0, 7, 25157.00, 53493094, 1041
2636, 13, 293, 645, 344, 0, 14.27%, 0, 0, 7, 25276.91, 53614729, 1041
2641, 13, 296, 645, 342, 0, 14.27%, 0, 0, 7, 21901.16, 53724860, 1041
2647, 13, 273, 645, 340, 0, 14.27%, 0, 0, 7, 24072.00, 53852740, 1041
2652, 13, 338, 645, 340, 0, 14.27%, 0, 0, 7, 24386.77, 53981948, 1041
2657, 13, 285, 645, 340, 0, 14.27%, 0, 0, 7, 26584.71, 54119808, 1041
2662, 13, 455, 645, 340, 0, 14.27%, 0, 0, 7, 20951.40, 54228100, 1041
2667, 13, 296, 645, 340, 0, 14.27%, 0, 0, 7, 19542.11, 54324072, 1041
2672, 13, 46, 645, 340, 0, 14.27%, 0, 0, 7, 21372.24, 54443160, 1041
2677, 13, 455, 645, 338, 0, 14.27%, 0, 0, 7, 18918.49, 54530761, 1041
2682, 13, 296, 645, 338, 0, 14.27%, 0, 0, 7, 19632.38, 54637572, 1041
2687, 13, 296, 645, 338, 0, 14.27%, 0, 0, 7, 18174.91, 54732042, 1041
2693, 13, 15, 645, 338, 0, 14.27%, 0, 0, 7, 20690.78, 54846341, 1041
2698, 13, 455, 645, 338, 0, 14.27%, 0, 0, 7, 21934.21, 54956792, 1041
2703, 13, 455, 645, 338, 0, 14.27%, 0, 0, 7, 20245.48, 55067249, 1041
2708, 14, 359, 645, 338, 0, 14.27%, 0, 0, 7, 22375.29, 55186932, 1041
2713, 14, 455, 645, 338, 0, 14.27%, 0, 0, 7, 20096.09, 55283093, 1041
2718, 14, 455, 645, 336, 0, 14.27%, 0, 0, 7, 23188.40, 55406931, 1041
2723, 14, 296, 645, 336, 0, 14.27%, 0, 0, 7, 18104.23, 55499151, 1041
2728, 14, 52, 645, 335, 0, 14.27%, 0, 0, 7, 20659.30, 55610186, 1041
2733, 14, 218, 645, 335, 0, 14.27%, 0, 0, 7, 15563.55, 55687121, 1041
2738, 14, 296, 645, 335, 0, 14.27%, 0, 0, 7, 18568.31, 55778316, 1041
2744, 14, 296, 645, 334, 0, 14.27%, 0, 0, 7, 20207.85, 55881423, 1041
2749, 14, 296, 645, 333, 0, 14.27%, 0, 0, 7, 25413.77, 56020848, 1041
2754, 14, 382, 645, 333, 0, 14.27%, 0, 0, 7, 19374.98, 56114234, 1041
2759, 14, 285, 645, 333, 0, 14.27%, 0, 0, 7, 23704.07, 56238058, 1041
2764, 14, 455, 645, 332, 0, 14.27%, 0, 0, 7, 22980.37, 56351110, 1041
2769, 14, 293, 645, 332, 0, 14.27%, 0, 0, 7, 27433.33, 56491180, 1041
2774, 14, 455, 645, 332, 0, 14.27%, 0, 0, 7, 20123.87, 56577910, 1041
2779, 14, 296, 645, 332, 0, 14.27%, 0, 0, 7, 24427.88, 56713148, 1041
2785, 14, 296, 645, 331, 0, 14.27%, 0, 0, 7, 24120.67, 56830908, 1041
2790, 14, 296, 645, 330, 0, 14.27%, 0, 0, 7, 23479.89, 56947405, 1041
2795, 14, 232, 645, 330, 0, 14.27%, 0, 0, 7, 20991.92, 57053813, 1041
2800, 14, 189, 645, 329, 0, 14.27%, 0, 0, 7, 23467.09, 57171140, 1041
2805, 14, 197, 645, 329, 0, 14.27%, 0, 0, 7, 23122.21, 57283610, 1041
2810, 14, 151, 645, 329, 0, 14.27%, 0, 0, 7, 24397.44, 57415816, 1041
2815, 14, 455, 645, 328, 0, 14.27%, 0, 0, 7, 19450.88, 57505418, 1041
2820, 14, 296, 645, 328, 0, 14.27%, 0, 0, 7, 20013.03, 57610743, 1041
2825, 14, 296, 645, 328, 0, 14.27%, 0, 0, 7, 16799.45, 57683595, 1041
2831, 14, 285, 645, 328, 0, 14.27%, 0, 0, 7, 16310.61, 57771877, 1041
2836, 14, 285, 645, 327, 0, 14.27%, 0, 0, 7, 17075.99, 57849010, 1041
2841, 14, 260, 645, 326, 0, 14.27%, 0, 0, 7, 16260.40, 57934553, 1041
2846, 14, 296, 645, 326, 0, 14.27%, 0, 0, 7, 20313.93, 58030313, 1041
2851, 14, 221, 645, 326, 0, 14.27%, 0, 0, 7, 21189.01, 58146236, 1041
2856, 14, 232, 645, 326, 0, 14.27%, 0, 0, 7, 15440.37, 58214208, 1041
2861, 14, 221, 645, 326, 0, 14.27%, 0, 0, 7, 21165.99, 58319033, 1041
2866, 14, 296, 645, 326, 0, 14.27%, 0, 0, 7, 21181.02, 58416831, 1041
2871, 14, 288, 645, 326, 0, 14.27%, 0, 0, 7, 19582.20, 58518961, 1041
2876, 14, 296, 646, 326, 0, 14.27%, 0, 0, 7, 19630.35, 58619740, 1041
2881, 14, 296, 646, 326, 0, 14.27%, 0, 0, 7, 18973.19, 58723987, 1041
2886, 14, 296, 646, 326, 0, 14.27%, 0, 0, 7, 26719.07, 58855922, 1041
2891, 15, 296, 647, 326, 0, 14.27%, 0, 0, 7, 19036.02, 58948725, 1041
2897, 15, 424, 647, 326, 0, 14.27%, 0, 0, 7, 16638.68, 59025569, 1041
2902, 15, 58, 647, 325, 0, 14.27%, 0, 0, 7, 18434.71, 59119446, 1041
2907, 15, 296, 647, 323, 0, 14.27%, 0, 0, 7, 19092.32, 59210359, 1041
2912, 15, 296, 647, 322, 0, 14.27%, 0, 0, 7, 16271.04, 59289625, 1041
2917, 15, 232, 647, 321, 0, 14.27%, 0, 0, 7, 15917.78, 59365535, 1041
2922, 15, 411, 647, 321, 0, 14.27%, 0, 0, 7, 19123.75, 59474400, 1041
2927, 15, 285, 647, 321, 0, 14.27%, 0, 0, 7, 21792.43, 59583548, 1041
2932, 15, 455, 647, 320, 0, 14.27%, 0, 0, 7, 19199.33, 59673995, 1041
2937, 15, 296, 647, 318, 0, 14.27%, 0, 0, 7, 22091.56, 59786321, 1041
2943, 15, 70, 647, 318, 0, 14.27%, 0, 0, 7, 19238.71, 59888720, 1041
2948, 15, 296, 647, 318, 0, 14.27%, 0, 0, 7, 21408.53, 59998637, 1041
2953, 15, 296, 647, 318, 0, 14.27%, 0, 0, 7, 17689.82, 60091100, 1041
2958, 15, 218, 647, 318, 0, 14.27%, 0, 0, 7, 17552.24, 60184728, 1041
2963, 15, 73, 647, 318, 0, 14.27%, 0, 0, 7, 18571.85, 60282790, 1041
2968, 15, 296, 647, 318, 0, 14.27%, 0, 0, 7, 24883.19, 60414231, 1041
2973, 15, 232, 647, 318, 0, 14.27%, 0, 0, 7, 17415.28, 60494210, 1041
2978, 15, 285, 647, 318, 0, 14.27%, 0, 0, 7, 23260.83, 60608945, 1041
2984, 15, 296, 647, 318, 0, 14.27%, 0, 0, 7, 19636.35, 60713596, 1041
2989, 15, 293, 647, 317, 0, 14.27%, 0, 0, 7, 22276.02, 60830809, 1041
2994, 15, 455, 647, 317, 0, 14.27%, 0, 0, 7, 19973.13, 60924389, 1041
2999, 15, 377, 647, 317, 0, 14.27%, 0, 0, 7, 21578.82, 61041973, 1041
3004, 15, 455, 647, 317, 0, 14.27%, 0, 0, 7, 18468.01, 61140916, 1041
3009, 15, 276, 647, 317, 0, 14.27%, 0, 0, 7, 23369.36, 61264793, 1041
3014, 15, 455, 647, 317, 0, 14.27%, 0, 0, 7, 17206.54, 61346345, 1041
3019, 15, 296, 647, 317, 0, 14.27%, 0, 0, 7, 20165.28, 61458619, 1041
3024, 15, 284, 647, 317, 0, 14.27%, 0, 0, 7, 17617.71, 61543654, 1041
3029, 15, 285, 647, 315, 0, 14.27%, 0, 0, 7, 21732.83, 61657808, 1041
3035, 15, 455, 647, 315, 0, 14.27%, 0, 0, 7, 19884.14, 61755926, 1041
3040, 15, 221, 647, 315, 0, 14.27%, 0, 0, 7, 21376.96, 61860971, 1041
3045, 15, 426, 647, 314, 0, 14.27%, 0, 0, 7, 18819.60, 61962321, 1041
3050, 15, 285, 647, 314, 0, 14.27%, 0, 0, 7, 22082.12, 62086309, 1041
3055, 15, 455, 647, 314, 0, 14.27%, 0, 0, 7, 19947.34, 62181000, 1041
3061, 15, 25, 647, 313, 0, 14.27%, 0, 0, 7, 25210.21, 62324092, 1041
3066, 15, 377, 647, 313, 0, 14.27%, 0, 0, 7, 19839.26, 62413539, 1041
3071, 15, 455, 647, 313, 0, 14.27%, 0, 0, 7, 25930.99, 62550675, 1041
3076, 15, 189, 647, 313, 0, 14.27%, 0, 0, 7, 21381.48, 62646544, 1041
3081, 15, 296, 647, 313, 0, 14.27%, 0, 0, 7, 26207.59, 62788138, 1041
3086, 16, 455, 647, 313, 0, 14.27%, 0, 0, 7, 20244.15, 62883331, 1041
3091, 16, 296, 647, 313, 0, 14.27%, 0, 0, 7, 20428.62, 62990802, 1041
3096, 16, 296, 647, 312, 0, 14.27%, 0, 0, 7, 19290.56, 63089827, 1041
3101, 16, 232, 647, 311, 0, 14.27%, 0, 0, 7, 18938.10, 63183824, 1041
3106, 16, 296, 647, 311, 0, 14.27%, 0, 0, 7, 20560.28, 63281516, 1041
3112, 16, 411, 647, 311, 0, 14.27%, 0, 0, 7, 23313.61, 63414160, 1041
3117, 16, 296, 647, 311, 0, 14.27%, 0, 0, 7, 26096.85, 63539377, 1041
3122, 16, 455, 647, 311, 0, 14.27%, 0, 0, 7, 22835.31, 63657008, 1041
3127, 16, 285, 647, 311, 0, 14.27%, 0, 0, 7, 25800.43, 63778241, 1041
3132, 16, 296, 647, 311, 0, 14.27%, 0, 0, 7, 21171.18, 63890343, 1041
3137, 16, 264, 647, 311, 0, 14.27%, 0, 0, 7, 23548.70, 64009498, 1041
3142, 16, 296, 647, 311, 0, 14.27%, 0, 0, 7, 20807.93, 64124669, 1041
3147, 16, 285, 647, 311, 0, 14.27%, 0, 0, 7, 12982.04, 64179271, 1041
3152, 16, 218, 647, 310, 0, 14.27%, 0, 0, 7, 19961.75, 64276617, 1041
3158, 16, 89, 647, 310, 0, 14.27%, 0, 0, 7, 13788.57, 64341320, 1041
3163, 16, 296, 647, 310, 0, 14.27%, 0, 0, 7, 19590.75, 64443136, 1041
3168, 16, 296, 647, 310, 0, 14.27%, 0, 0, 7, 21298.56, 64559746, 1041
3173, 16, 285, 647, 310, 0, 14.27%, 0, 0, 7, 24034.00, 64688994, 1041
3178, 16, 296, 647, 310, 0, 14.27%, 0, 0, 7, 18673.32, 64783402, 1041
3183, 16, 296, 647, 309, 0, 14.27%, 0, 0, 7, 21467.47, 64898567, 1041
3188, 16, 455, 647, 309, 0, 14.27%, 0, 0, 7, 19567.76, 64989739, 1041
3193, 16, 232, 647, 309, 0, 14.27%, 0, 0, 7, 23398.92, 65110467, 1041
3198, 16, 293, 647, 307, 0, 14.27%, 0, 0, 7, 20235.58, 65207962, 1041
3203, 16, 296, 647, 306, 0, 14.27%, 0, 0, 7, 20671.56, 65315984, 1041
3209, 16, 221, 647, 305, 0, 14.27%, 0, 0, 7, 16379.34, 65393694, 1041
3214, 16, 296, 647, 305, 0, 14.27%, 0, 0, 7, 19863.98, 65498949, 1041
3219, 16, 73, 647, 305, 0, 14.27%, 0, 0, 7, 17890.78, 65586538, 1041
3224, 16, 455, 647, 305, 0, 14.27%, 0, 0, 7, 23681.22, 65704301, 1041
3229, 16, 73, 647, 304, 0, 14.27%, 0, 0, 7, 21173.26, 65810291, 1041
3234, 16, 285, 647, 304, 0, 14.27%, 0, 0, 7, 21156.90, 65916857, 1041
3239, 16, 441, 647, 304, 0, 14.27%, 0, 0, 7, 21461.11, 66030485, 1041
3244, 16, 276, 647, 304, 0, 14.27%, 0, 0, 7, 22154.31, 66146786, 1041
3249, 16, 455, 647, 304, 0, 14.27%, 0, 0, 7, 15652.05, 66220320, 1041
3255, 16, 296, 647, 304, 0, 14.27%, 0, 0, 7, 22203.82, 66339497, 1041
3260, 16, 455, 647, 304, 0, 14.27%, 0, 0, 7, 22156.23, 66446646, 1041
3265, 17, 110, 648, 304, 0, 14.27%, 0, 0, 7, 25238.67, 66576381, 1041
3270, 17, 260, 648, 304, 0, 14.27%, 0, 0, 7, 17285.37, 66648992, 1041
3275, 17, 58, 648, 304, 0, 14.27%, 0, 0, 7, 2927.84, 66727220, 1041
3280, 17, 455, 648, 303, 0, 14.27%, 0, 0, 7, 30407.79, 66765736, 1041
3285, 17, 285, 648, 302, 0, 14.27%, 0, 0, 7, 25228.21, 66884251, 1041
3290, 17, 455, 648, 301, 0, 14.27%, 0, 0, 7, 25057.04, 67004226, 1041
3295, 17, 296, 648, 301, 0, 14.27%, 0, 0, 7, 26107.71, 67135755, 1041
3300, 17, 218, 648, 300, 0, 14.27%, 0, 0, 7, 25772.89, 67258209, 1041
3306, 17, 297, 648, 300, 0, 14.27%, 0, 0, 7, 23544.10, 67374845, 1041
3311, 17, 190, 648, 298, 0, 14.27%, 0, 0, 7, 22403.25, 67483154, 1041
3316, 17, 285, 648, 297, 0, 14.27%, 0, 0, 7, 23845.30, 67613127, 1041
3321, 17, 284, 648, 296, 0, 14.27%, 0, 0, 7, 25101.79, 67742405, 1041
3326, 17, 285, 648, 295, 0, 14.27%, 0, 0, 7, 25167.91, 67878360, 1041
3331, 17, 73, 648, 295, 0, 14.27%, 0, 0, 7, 25628.96, 68008330, 1041
3336, 17, 276, 648, 295, 0, 14.27%, 0, 0, 7, 23998.12, 68143653, 1041
3342, 17, 232, 648, 295, 0, 14.27%, 0, 0, 7, 25527.46, 68273282, 1041
3347, 17, 272, 648, 295, 0, 14.27%, 0, 0, 7, 23355.62, 68393149, 1041
3352, 17, 296, 648, 295, 0, 14.27%, 0, 0, 7, 23797.71, 68512091, 1041
3357, 17, 189, 648, 295, 0, 14.27%, 0, 0, 7, 23627.10, 68636120, 1041
3362, 17, 296, 648, 295, 0, 14.27%, 0, 0, 7, 26681.43, 68761007, 1041
3367, 17, 296, 648, 295, 0, 14.27%, 0, 0, 7, 23584.16, 68887281, 1041
3372, 17, 267, 648, 295, 0, 14.27%, 0, 0, 7, 24572.05, 69009184, 1041
3377, 17, 296, 648, 294, 0, 14.27%, 0, 0, 7, 25402.24, 69140914, 1041
3382, 17, 213, 648, 294, 0, 14.27%, 0, 0, 7, 26218.48, 69275646, 1041
3387, 17, 260, 648, 294, 0, 14.27%, 0, 0, 7, 21733.28, 69385906, 1041
3392, 17, 455, 648, 294, 0, 14.27%, 0, 0, 7, 23027.03, 69504196, 1041
3397, 17, 232, 648, 294, 0, 14.27%, 0, 0, 7, 18960.93, 69601387, 1041
3403, 17, 455, 648, 294, 0, 14.27%, 0, 0, 7, 25622.44, 69739952, 1041
3408, 17, 72, 648, 293, 0, 14.27%, 0, 0, 7, 21902.93, 69856312, 1041
3413, 17, 285, 648, 293, 0, 14.27%, 0, 0, 7, 24406.02, 69977599, 1041
3418, 17, 232, 648, 292, 0, 14.27%, 0, 0, 7, 24007.34, 70101071, 1041
3423, 17, 285, 648, 292, 0, 14.27%, 0, 0, 7, 25960.34, 70234332, 1041
3428, 17, 296, 648, 291, 0, 14.27%, 0, 0, 7, 23451.31, 70357000, 1041
3433, 18, 285, 649, 292, 0, 14.27%, 0, 0, 7, 26552.50, 70496546, 1041
3438, 18, 66, 649, 292, 0, 14.27%, 0, 0, 7, 24604.38, 70617901, 1041
3443, 18, 296, 649, 290, 0, 14.27%, 0, 0, 7, 23934.29, 70736825, 1041
3448, 18, 232, 649, 290, 0, 14.27%, 0, 0, 7, 23394.82, 70856686, 1041
3454, 18, 570, 649, 290, 0, 14.27%, 0, 0, 7, 23965.78, 70991544, 1041
3459, 18, 455, 649, 290, 0, 14.27%, 0, 0, 7, 21354.73, 71082489, 1041
3464, 18, 239, 649, 289, 0, 14.27%, 0, 0, 7, 25544.27, 71214936, 1041
3469, 18, 296, 649, 289, 0, 14.27%, 0, 0, 7, 22899.47, 71324925, 1041
3474, 18, 296, 649, 289, 0, 14.27%, 0, 0, 7, 26246.22, 71460660, 1041
3479, 18, 455, 649, 289, 0, 14.27%, 0, 0, 7, 25195.93, 71582217, 1041
3484, 18, 444, 649, 288, 0, 14.27%, 0, 0, 7, 24394.05, 71708335, 1041
3489, 18, 285, 649, 288, 0, 14.27%, 0, 0, 7, 24612.97, 71828505, 1041
3494, 18, 232, 649, 287, 0, 14.27%, 0, 0, 7, 25205.22, 71957274, 1041
3499, 18, 491, 649, 287, 0, 14.27%, 0, 0, 7, 22318.59, 72066646, 1041
3504, 18, 455, 649, 286, 0, 14.27%, 0, 0, 7, 26483.28, 72210161, 1041
3509, 18, 296, 649, 286, 0, 14.27%, 0, 0, 7, 24379.49, 72337692, 1041
3515, 18, 455, 649, 286, 0, 14.27%, 0, 0, 7, 25886.77, 72471155, 1041
3520, 18, 379, 649, 285, 0, 14.27%, 0, 0, 7, 23079.63, 72577862, 1041
3525, 18, 296, 649, 284, 0, 14.27%, 0, 0, 7, 26583.04, 72718221, 1041
3530, 18, 218, 649, 284, 0, 14.27%, 0, 0, 7, 23518.13, 72831218, 1041
3535, 18, 221, 649, 284, 0, 14.27%, 0, 0, 7, 24929.48, 72965985, 1041
3540, 18, 46, 649, 284, 0, 14.27%, 0, 0, 7, 26575.01, 73097437, 1041
3545, 18, 285, 649, 283, 0, 14.27%, 0, 0, 7, 25247.96, 73215304, 1041
3550, 18, 272, 649, 281, 0, 14.27%, 0, 0, 7, 24485.57, 73337474, 1041
3555, 18, 411, 649, 279, 0, 14.27%, 0, 0, 7, 20288.88, 73431337, 1041
3561, 18, 296, 649, 279, 0, 14.27%, 0, 0, 7, 26017.28, 73567680, 1041
3566, 18, 285, 649, 279, 0, 14.27%, 0, 0, 7, 27378.64, 73709587, 1041
3571, 18, 284, 649, 278, 0, 14.27%, 0, 0, 7, 24005.34, 73820848, 1041
3576, 18, 296, 649, 278, 0, 14.27%, 0, 0, 7, 23243.72, 73940488, 1041
3581, 18, 66, 649, 278, 0, 14.27%, 0, 0, 7, 23672.77, 74058741, 1041
3586, 18, 296, 649, 278, 0, 14.27%, 0, 0, 7, 23558.51, 74184568, 1041
3591, 18, 327, 649, 277, 0, 14.27%, 0, 0, 7, 19991.82, 74290011, 1041
3596, 19, 455, 650, 277, 0, 14.27%, 0, 0, 7, 22123.12, 74407130, 1041
3600, 19, 455, 650, 277, 0, 14.27%, 0, 0, 7, 20381.84, 74466643, 1041
