# relative_time, cycles_done, cur_item, corpus_count, pending_total, pending_favs, map_size, saved_crashes, saved_hangs, max_depth, execs_per_sec, total_execs, edges_found
62, 16, 9, 30, 4, 0, 4.88%, 0, 0, 2, 19955.82, 1279348, 206
67, 18, 11, 30, 4, 0, 4.88%, 0, 0, 2, 20974.28, 1388967, 206
72, 19, 6, 30, 4, 0, 4.88%, 0, 0, 2, 20299.42, 1494663, 206
77, 21, 6, 30, 4, 0, 4.88%, 0, 0, 2, 21317.81, 1606094, 206
82, 22, 6, 30, 4, 0, 4.88%, 0, 0, 2, 19600.07, 1706392, 206
87, 24, 6, 30, 4, 0, 4.88%, 0, 0, 2, 21166.70, 1816532, 206
92, 25, 6, 30, 4, 0, 4.88%, 0, 0, 2, 20677.76, 1919813, 206
98, 26, 18, 30, 4, 0, 4.88%, 0, 0, 2, 21305.08, 2030784, 206
103, 28, 6, 30, 4, 0, 4.88%, 0, 0, 2, 20435.74, 2131596, 206
108, 29, 6, 30, 3, 0, 4.88%, 0, 0, 2, 21257.39, 2238364, 206
113, 31, 6, 30, 3, 0, 4.88%, 0, 0, 2, 20295.77, 2339140, 206
118, 32, 6, 30, 3, 0, 4.88%, 0, 0, 2, 21072.91, 2448551, 206
123, 34, 6, 30, 3, 0, 4.88%, 0, 0, 2, 20513.62, 2553791, 206
128, 35, 25, 30, 3, 0, 4.88%, 0, 0, 2, 21392.24, 2661872, 206
133, 36, 26, 30, 3, 0, 4.88%, 0, 0, 2, 20770.44, 2767310, 206
138, 38, 21, 30, 3, 0, 4.88%, 0, 0, 2, 20653.71, 2871955, 206
143, 39, 6, 30, 2, 0, 4.88%, 0, 0, 2, 20541.26, 2976739, 206
149, 41, 24, 30, 2, 0, 4.88%, 0, 0, 2, 21182.56, 3087230, 206
154, 42, 15, 30, 2, 0, 4.88%, 0, 0, 2, 20708.48, 3192493, 206
159, 44, 15, 30, 2, 0, 4.88%, 0, 0, 2, 20706.48, 3301227, 206
164, 45, 21, 30, 2, 0, 4.88%, 0, 0, 2, 20890.34, 3406967, 206
169, 47, 6, 30, 2, 0, 4.88%, 0, 0, 2, 20583.01, 3514778, 206
174, 48, 6, 30, 2, 0, 4.88%, 0, 0, 2, 20458.88, 3619246, 206
179, 49, 27, 30, 2, 0, 4.88%, 0, 0, 2, 20526.25, 3724004, 206
185, 51, 26, 30, 2, 0, 4.88%, 0, 0, 2, 20940.64, 3832469, 206
190, 52, 6, 30, 2, 0, 4.88%, 0, 0, 2, 20603.69, 3939670, 206
195, 54, 6, 30, 2, 0, 4.88%, 0, 0, 2, 20904.40, 4046850, 206
200, 55, 6, 30, 2, 0, 4.88%, 0, 0, 2, 20298.80, 4153263, 206
205, 57, 6, 30, 2, 0, 4.88%, 0, 0, 2, 20962.36, 4258519, 206
210, 58, 18, 30, 2, 0, 4.88%, 0, 0, 2, 20369.19, 4361351, 206
215, 59, 6, 30, 2, 0, 4.88%, 0, 0, 2, 20955.09, 4465806, 206
220, 61, 16, 30, 2, 0, 4.88%, 0, 0, 2, 20075.24, 4571923, 206
226, 62, 18, 30, 2, 0, 4.88%, 0, 0, 2, 20905.05, 4680467, 206
231, 64, 15, 30, 2, 0, 4.88%, 0, 0, 2, 19953.86, 4785459, 206
236, 65, 6, 30, 2, 0, 4.88%, 0, 0, 2, 20800.40, 4893502, 206
241, 66, 6, 30, 2, 0, 4.88%, 0, 0, 2, 19660.02, 4993791, 206
246, 68, 26, 30, 1, 0, 4.88%, 0, 0, 2, 20876.26, 5102263, 206
251, 69, 26, 30, 1, 0, 4.88%, 0, 0, 2, 20673.44, 5210056, 206
257, 71, 6, 30, 1, 0, 4.88%, 0, 0, 2, 21021.08, 5318782, 206
262, 72, 6, 30, 1, 0, 4.88%, 0, 0, 2, 20064.30, 5421159, 206
267, 74, 6, 30, 1, 0, 4.88%, 0, 0, 2, 20902.47, 5530364, 206
272, 75, 26, 30, 1, 0, 4.88%, 0, 0, 2, 19996.69, 5631755, 206
277, 77, 22, 30, 1, 0, 4.88%, 0, 0, 2, 20933.37, 5737744, 206
282, 78, 11, 30, 1, 0, 4.88%, 0, 0, 2, 20360.46, 5841867, 206
287, 79, 6, 30, 1, 0, 4.88%, 0, 0, 2, 20924.98, 5950098, 206
292, 81, 6, 30, 1, 0, 4.88%, 0, 0, 2, 20593.58, 6052656, 206
297, 82, 6, 30, 1, 0, 4.88%, 0, 0, 2, 21127.36, 6161869, 206
303, 84, 6, 30, 1, 0, 4.88%, 0, 0, 2, 20459.59, 6266978, 206
308, 85, 6, 30, 1, 0, 4.88%, 0, 0, 2, 21116.82, 6377633, 206
313, 87, 6, 30, 1, 0, 4.88%, 0, 0, 2, 20799.50, 6482053, 206
318, 88, 5, 30, 1, 0, 4.88%, 0, 0, 2, 20770.87, 6587464, 206
323, 89, 22, 30, 1, 0, 4.88%, 0, 0, 2, 20197.26, 6686466, 206
328, 91, 6, 30, 1, 0, 4.88%, 0, 0, 2, 21129.67, 6796324, 206
333, 92, 6, 30, 1, 0, 4.88%, 0, 0, 2, 20538.07, 6897033, 206
338, 94, 15, 30, 1, 0, 4.88%, 0, 0, 2, 21094.84, 7003931, 206
343, 95, 6, 30, 1, 0, 4.88%, 0, 0, 2, 20583.31, 7104782, 206
348, 97, 6, 30, 1, 0, 4.88%, 0, 0, 2, 20999.07, 7213616, 206
353, 98, 6, 30, 1, 0, 4.88%, 0, 0, 2, 20739.69, 7318793, 206
359, 99, 15, 30, 1, 0, 4.88%, 0, 0, 2, 21240.71, 7426584, 206
364, 101, 6, 30, 1, 0, 4.88%, 0, 0, 2, 20767.06, 7530954, 206
369, 102, 6, 30, 1, 0, 4.88%, 0, 0, 2, 21078.72, 7637199, 206
374, 104, 6, 30, 0, 0, 4.88%, 0, 0, 2, 20857.72, 7741846, 206
379, 105, 6, 30, 0, 0, 4.88%, 0, 0, 2, 20411.60, 7848856, 206
384, 107, 26, 30, 0, 0, 4.88%, 0, 0, 2, 20579.26, 7954678, 206
389, 108, 5, 30, 0, 0, 4.88%, 0, 0, 2, 20526.66, 8059895, 206
394, 110, 6, 30, 0, 0, 4.88%, 0, 0, 2, 20590.80, 8165150, 206
400, 111, 6, 30, 0, 0, 4.88%, 0, 0, 2, 20528.42, 8272523, 206
405, 112, 6, 30, 0, 0, 4.88%, 0, 0, 2, 20660.87, 8375869, 206
410, 114, 6, 30, 0, 0, 4.88%, 0, 0, 2, 20605.88, 8481311, 206
415, 115, 6, 30, 0, 0, 4.88%, 0, 0, 2, 20774.96, 8585751, 206
420, 117, 24, 30, 0, 0, 4.88%, 0, 0, 2, 20405.15, 8692449, 206
425, 118, 26, 30, 0, 0, 4.88%, 0, 0, 2, 20075.66, 8792130, 206
430, 119, 6, 30, 0, 0, 4.88%, 0, 0, 2, 20230.40, 8898646, 206
435, 121, 6, 30, 0, 0, 4.88%, 0, 0, 2, 20792.56, 9002813, 206
440, 122, 6, 30, 0, 0, 4.88%, 0, 0, 2, 19850.18, 9106565, 206
445, 124, 6, 30, 0, 0, 4.88%, 0, 0, 2, 20771.95, 9213000, 206
450, 125, 27, 30, 0, 0, 4.88%, 0, 0, 2, 20600.25, 9317009, 206
456, 127, 6, 30, 0, 0, 4.88%, 0, 0, 2, 20919.38, 9425534, 206
461, 128, 9, 30, 0, 0, 4.88%, 0, 0, 2, 20494.98, 9532071, 206
466, 129, 21, 30, 0, 0, 4.88%, 0, 0, 2, 20969.62, 9641287, 206
471, 131, 6, 30, 0, 0, 4.88%, 0, 0, 2, 20292.61, 9746842, 206
476, 132, 2, 30, 0, 0, 4.88%, 0, 0, 2, 20822.52, 9851756, 206
481, 134, 26, 30, 0, 0, 4.88%, 0, 0, 2, 20239.04, 9957259, 206
487, 135, 6, 30, 0, 0, 4.88%, 0, 0, 2, 21097.96, 10066951, 206
492, 137, 12, 30, 0, 0, 4.88%, 0, 0, 2, 20236.89, 10169836, 206
497, 138, 12, 30, 0, 0, 4.88%, 0, 0, 2, 21048.11, 10279948, 206
502, 139, 26, 30, 0, 0, 4.88%, 0, 0, 2, 19948.26, 10382192, 206
507, 141, 6, 30, 0, 0, 4.88%, 0, 0, 2, 20926.84, 10491455, 206
512, 142, 26, 30, 0, 0, 4.88%, 0, 0, 2, 20510.24, 10594107, 206
517, 144, 6, 30, 0, 0, 4.88%, 0, 0, 2, 21077.15, 10703487, 206
522, 145, 6, 30, 0, 0, 4.88%, 0, 0, 2, 20245.18, 10803301, 206
528, 147, 26, 30, 0, 0, 4.88%, 0, 0, 2, 20897.54, 10912302, 206
533, 148, 6, 30, 0, 0, 4.88%, 0, 0, 2, 20580.93, 11017730, 206
538, 149, 3, 30, 0, 0, 4.88%, 0, 0, 2, 20593.16, 11122930, 206
543, 151, 15, 30, 0, 0, 4.88%, 0, 0, 2, 20316.40, 11223011, 206
548, 152, 6, 30, 0, 0, 4.88%, 0, 0, 2, 21046.00, 11329261, 206
553, 154, 6, 30, 0, 0, 4.88%, 0, 0, 2, 20448.38, 11434585, 206
558, 155, 16, 30, 0, 0, 4.88%, 0, 0, 2, 20654.26, 11538498, 206
563, 156, 6, 30, 0, 0, 4.88%, 0, 0, 2, 20448.70, 11642755, 206
568, 158, 6, 30, 0, 0, 4.88%, 0, 0, 2, 20813.93, 11747637, 206
573, 159, 25, 30, 0, 0, 4.88%, 0, 0, 2, 20908.58, 11854905, 206
578, 161, 6, 30, 0, 0, 4.88%, 0, 0, 2, 20970.76, 11960607, 206
583, 162, 18, 30, 0, 0, 4.88%, 0, 0, 2, 20569.49, 12061654, 206
588, 164, 24, 30, 0, 0, 4.88%, 0, 0, 2, 21175.69, 12168339, 206
594, 165, 6, 30, 0, 0, 4.88%, 0, 0, 2, 20841.71, 12273295, 206
599, 166, 26, 30, 0, 0, 4.88%, 0, 0, 2, 20831.09, 12378589, 206
604, 168, 6, 30, 0, 0, 4.88%, 0, 0, 2, 20330.01, 12477445, 206
609, 169, 26, 30, 0, 0, 4.88%, 0, 0, 2, 20651.77, 12585404, 206
614, 171, 6, 30, 0, 0, 4.88%, 0, 0, 2, 20699.97, 12690942, 206
619, 172, 6, 30, 0, 0, 4.88%, 0, 0, 2, 20329.31, 12797501, 206
624, 173, 6, 30, 0, 0, 4.88%, 0, 0, 2, 20296.64, 12897487, 206
629, 175, 6, 30, 0, 0, 4.88%, 0, 0, 2, 20501.57, 13006008, 206
635, 176, 6, 30, 0, 0, 4.88%, 0, 0, 2, 20609.79, 13111449, 206
640, 178, 6, 30, 0, 0, 4.88%, 0, 0, 2, 20570.48, 13219838, 206
645, 179, 6, 30, 0, 0, 4.88%, 0, 0, 2, 20914.74, 13328089, 206
650, 181, 6, 30, 0, 0, 4.88%, 0, 0, 2, 20942.06, 13434528, 206
655, 182, 6, 30, 0, 0, 4.88%, 0, 0, 2, 20855.77, 13538704, 206
660, 184, 18, 30, 0, 0, 4.88%, 0, 0, 2, 20629.96, 13643424, 206
665, 185, 6, 30, 0, 0, 4.88%, 0, 0, 2, 20696.97, 13749629, 206
670, 186, 24, 30, 0, 0, 4.88%, 0, 0, 2, 20291.93, 13856001, 206
676, 188, 16, 30, 0, 0, 4.88%, 0, 0, 2, 20912.40, 13964413, 206
681, 189, 12, 30, 0, 0, 4.88%, 0, 0, 2, 20187.27, 14069419, 206
686, 191, 6, 30, 0, 0, 4.88%, 0, 0, 2, 20658.22, 14173895, 206
691, 192, 21, 30, 0, 0, 4.88%, 0, 0, 2, 20541.93, 14281112, 206
696, 194, 6, 30, 0, 0, 4.88%, 0, 0, 2, 20831.13, 14389221, 206
701, 195, 15, 30, 0, 0, 4.88%, 0, 0, 2, 20197.64, 14490481, 206
706, 197, 27, 30, 0, 0, 4.88%, 0, 0, 2, 20953.87, 14596342, 206
711, 198, 6, 30, 0, 0, 4.88%, 0, 0, 2, 20495.22, 14698966, 206
716, 199, 15, 30, 0, 0, 4.88%, 0, 0, 2, 21007.06, 14804729, 206
721, 201, 6, 30, 0, 0, 4.88%, 0, 0, 2, 20517.17, 14907544, 206
726, 202, 6, 30, 0, 0, 4.88%, 0, 0, 2, 20871.41, 15015468, 206
732, 204, 6, 30, 0, 0, 4.88%, 0, 0, 2, 20337.57, 15121387, 206
737, 205, 7, 30, 0, 0, 4.88%, 0, 0, 2, 20942.15, 15227758, 206
742, 206, 6, 30, 0, 0, 4.88%, 0, 0, 2, 19555.50, 15327493, 206
747, 208, 6, 30, 0, 0, 4.88%, 0, 0, 2, 21117.75, 15438578, 206
752, 209, 6, 30, 0, 0, 4.88%, 0, 0, 2, 20298.71, 15543554, 206
757, 211, 24, 30, 0, 0, 4.88%, 0, 0, 2, 21106.50, 15651261, 206
762, 212, 9, 30, 0, 0, 4.88%, 0, 0, 2, 20103.89, 15753839, 206
768, 214, 16, 30, 0, 0, 4.88%, 0, 0, 2, 21203.78, 15864580, 206
773, 215, 6, 30, 0, 0, 4.88%, 0, 0, 2, 20361.39, 15969428, 206
778, 216, 21, 30, 0, 0, 4.88%, 0, 0, 2, 20186.68, 16075347, 206
783, 218, 20, 30, 0, 0, 4.88%, 0, 0, 2, 20132.65, 16175454, 206
788, 219, 12, 30, 0, 0, 4.88%, 0, 0, 2, 21056.41, 16286722, 206
793, 221, 16, 30, 0, 0, 4.88%, 0, 0, 2, 20819.26, 16389931, 206
798, 222, 27, 30, 0, 0, 4.88%, 0, 0, 2, 20626.91, 16494211, 206
803, 224, 9, 30, 0, 0, 4.88%, 0, 0, 2, 20489.22, 16598330, 206
809, 225, 2, 30, 0, 0, 4.88%, 0, 0, 2, 21011.24, 16708234, 206
814, 226, 6, 30, 0, 0, 4.88%, 0, 0, 2, 20662.78, 16814197, 206
819, 228, 26, 30, 0, 0, 4.88%, 0, 0, 2, 20700.97, 16918903, 206
824, 229, 6, 30, 0, 0, 4.88%, 0, 0, 2, 20755.59, 17025458, 206
829, 231, 25, 30, 0, 0, 4.88%, 0, 0, 2, 20683.60, 17129918, 206
834, 232, 11, 30, 0, 0, 4.88%, 0, 0, 2, 20691.92, 17236363, 206
839, 234, 27, 30, 0, 0, 4.88%, 0, 0, 2, 20155.34, 17338392, 206
845, 235, 26, 30, 0, 0, 4.88%, 0, 0, 2, 20559.73, 17443832, 206
850, 236, 11, 30, 0, 0, 4.88%, 0, 0, 2, 20282.85, 17547250, 206
855, 238, 26, 30, 0, 0, 4.88%, 0, 0, 2, 20681.00, 17650910, 206
860, 239, 16, 30, 0, 0, 4.88%, 0, 0, 2, 19735.67, 17754847, 206
865, 241, 6, 30, 0, 0, 4.88%, 0, 0, 2, 20650.16, 17861758, 206
870, 242, 26, 30, 0, 0, 4.88%, 0, 0, 2, 19773.53, 17962258, 206
875, 243, 6, 30, 0, 0, 4.88%, 0, 0, 2, 20606.04, 18068510, 206
880, 245, 6, 30, 0, 0, 4.88%, 0, 0, 2, 20248.04, 18175142, 206
886, 246, 26, 30, 0, 0, 4.88%, 0, 0, 2, 20654.33, 18282606, 206
891, 248, 26, 30, 0, 0, 4.88%, 0, 0, 2, 20030.35, 18387948, 206
896, 249, 6, 30, 0, 0, 4.88%, 0, 0, 2, 20869.44, 18492908, 206
901, 251, 6, 30, 0, 0, 4.88%, 0, 0, 2, 20533.21, 18599365, 206
906, 252, 6, 30, 0, 0, 4.88%, 0, 0, 2, 20938.19, 18703954, 206
911, 253, 6, 30, 0, 0, 4.88%, 0, 0, 2, 20703.70, 18811161, 206
916, 255, 27, 30, 0, 0, 4.88%, 0, 0, 2, 21037.16, 18919640, 206
921, 256, 11, 30, 0, 0, 4.88%, 0, 0, 2, 20079.67, 19022951, 206
927, 258, 14, 30, 0, 0, 4.88%, 0, 0, 2, 20591.66, 19129997, 206
932, 259, 6, 30, 0, 0, 4.88%, 0, 0, 2, 20251.07, 19234443, 206
937, 261, 15, 30, 0, 0, 4.88%, 0, 0, 2, 20620.75, 19341455, 206
942, 262, 11, 30, 0, 0, 4.88%, 0, 0, 2, 20398.02, 19446761, 206
947, 263, 6, 30, 0, 0, 4.88%, 0, 0, 2, 20844.04, 19551532, 206
952, 265, 15, 30, 0, 0, 4.88%, 0, 0, 2, 20533.60, 19657247, 206
958, 266, 12, 30, 0, 0, 4.88%, 0, 0, 2, 20484.65, 19764603, 206
963, 268, 18, 30, 0, 0, 4.88%, 0, 0, 2, 20148.76, 19864300, 206
968, 269, 27, 30, 0, 0, 4.88%, 0, 0, 2, 20801.79, 19973650, 206
973, 270, 12, 30, 0, 0, 4.88%, 0, 0, 2, 20549.54, 20078456, 206
978, 272, 6, 30, 0, 0, 4.88%, 0, 0, 2, 20380.21, 20185224, 206
983, 273, 18, 30, 0, 0, 4.88%, 0, 0, 2, 20170.93, 20287841, 206
989, 275, 6, 30, 0, 0, 4.88%, 0, 0, 2, 21130.74, 20398810, 206
994, 276, 20, 30, 0, 0, 4.88%, 0, 0, 2, 20508.93, 20498891, 206
999, 278, 6, 30, 0, 0, 4.88%, 0, 0, 2, 20571.48, 20607027, 206
1004, 279, 22, 30, 0, 0, 4.88%, 0, 0, 2, 20662.27, 20710723, 206
1009, 281, 15, 30, 0, 0, 4.88%, 0, 0, 2, 20803.71, 20816511, 206
1014, 282, 21, 30, 0, 0, 4.88%, 0, 0, 2, 20482.15, 20920052, 206
1019, 283, 6, 30, 0, 0, 4.88%, 0, 0, 2, 20738.21, 21025634, 206
1024, 285, 6, 30, 0, 0, 4.88%, 0, 0, 2, 20898.02, 21132763, 206
1029, 286, 15, 30, 0, 0, 4.88%, 0, 0, 2, 20771.62, 21237979, 206
1034, 288, 2, 30, 0, 0, 4.88%, 0, 0, 2, 20666.62, 21342877, 206
1039, 289, 6, 30, 0, 0, 4.88%, 0, 0, 2, 20137.51, 21445536, 206
1044, 291, 18, 30, 0, 0, 4.88%, 0, 0, 2, 20637.07, 21548629, 206
1050, 292, 9, 30, 0, 0, 4.88%, 0, 0, 2, 20493.57, 21657022, 206
1055, 293, 6, 30, 0, 0, 4.88%, 0, 0, 2, 20548.22, 21760018, 206
1060, 295, 21, 30, 0, 0, 4.88%, 0, 0, 2, 20541.80, 21868637, 206
1065, 296, 6, 30, 0, 0, 4.88%, 0, 0, 2, 20618.35, 21970425, 206
1070, 298, 6, 30, 0, 0, 4.88%, 0, 0, 2, 20409.83, 22073851, 206
1075, 299, 6, 30, 0, 0, 4.88%, 0, 0, 2, 20566.87, 22177606, 206
1080, 301, 11, 30, 0, 0, 4.88%, 0, 0, 2, 20270.01, 22281423, 206
1085, 302, 16, 30, 0, 0, 4.88%, 0, 0, 2, 20992.45, 22389500, 206
1090, 303, 26, 30, 0, 0, 4.88%, 0, 0, 2, 20853.25, 22495098, 206
1095, 305, 6, 30, 0, 0, 4.88%, 0, 0, 2, 20976.93, 22599102, 206
1100, 306, 14, 30, 0, 0, 4.88%, 0, 0, 2, 19840.20, 22698881, 206
1105, 308, 2, 30, 0, 0, 4.88%, 0, 0, 2, 20782.80, 22803828, 206
1110, 309, 6, 30, 0, 0, 4.88%, 0, 0, 2, 19878.46, 22908484, 206
1116, 311, 6, 30, 0, 0, 4.88%, 0, 0, 2, 20854.09, 23015871, 206
1121, 312, 26, 30, 0, 0, 4.88%, 0, 0, 2, 20498.18, 23122450, 206
1126, 314, 6, 30, 0, 0, 4.88%, 0, 0, 2, 20974.73, 23227992, 206
1131, 315, 6, 30, 0, 0, 4.88%, 0, 0, 2, 20356.81, 23332858, 206
1136, 316, 6, 30, 0, 0, 4.88%, 0, 0, 2, 21098.50, 23442199, 206
1141, 318, 6, 30, 0, 0, 4.88%, 0, 0, 2, 19887.13, 23543984, 206
1146, 319, 6, 30, 0, 0, 4.88%, 0, 0, 2, 20852.98, 23652263, 206
1152, 321, 20, 30, 0, 0, 4.88%, 0, 0, 2, 20377.40, 23758272, 206
1157, 322, 6, 30, 0, 0, 4.88%, 0, 0, 2, 21041.51, 23864730, 206
1162, 323, 6, 30, 0, 0, 4.88%, 0, 0, 2, 19325.94, 23960851, 206
1167, 325, 6, 30, 0, 0, 4.88%, 0, 0, 2, 20693.07, 24067053, 206
1172, 326, 12, 30, 0, 0, 4.88%, 0, 0, 2, 19943.34, 24170538, 206
1177, 328, 6, 30, 0, 0, 4.88%, 0, 0, 2, 20771.93, 24275938, 206
1182, 329, 6, 30, 0, 0, 4.88%, 0, 0, 2, 20202.93, 24377751, 206
1187, 330, 27, 30, 0, 0, 4.88%, 0, 0, 2, 21101.78, 24488016, 206
1192, 332, 24, 30, 0, 0, 4.88%, 0, 0, 2, 20386.00, 24589559, 206
1197, 333, 6, 30, 0, 0, 4.88%, 0, 0, 2, 20823.81, 24697793, 206
1203, 335, 6, 30, 0, 0, 4.88%, 0, 0, 2, 20534.34, 24802819, 206
1208, 336, 6, 30, 0, 0, 4.88%, 0, 0, 2, 20951.21, 24907610, 206
1213, 337, 15, 30, 0, 0, 4.88%, 0, 0, 2, 20240.14, 25007912, 206
1218, 339, 9, 30, 0, 0, 4.88%, 0, 0, 2, 20986.46, 25116359, 206
1223, 340, 6, 30, 0, 0, 4.88%, 0, 0, 2, 20272.04, 25218846, 206
1228, 342, 6, 30, 0, 0, 4.88%, 0, 0, 2, 20982.55, 25324330, 206
1233, 343, 24, 30, 0, 0, 4.88%, 0, 0, 2, 20060.09, 25426058, 206
1238, 345, 6, 30, 0, 0, 4.88%, 0, 0, 2, 20937.98, 25535381, 206
1243, 346, 6, 30, 0, 0, 4.88%, 0, 0, 2, 20664.17, 25637602, 206
1248, 347, 14, 30, 0, 0, 4.88%, 0, 0, 2, 20859.34, 25742503, 206
1254, 349, 6, 30, 0, 0, 4.88%, 0, 0, 2, 20584.77, 25847146, 206
1259, 350, 12, 30, 0, 0, 4.88%, 0, 0, 2, 20944.47, 25956005, 206
1264, 352, 6, 30, 0, 0, 4.88%, 0, 0, 2, 20759.35, 26060920, 206
1269, 353, 3, 30, 0, 0, 4.88%, 0, 0, 2, 20535.27, 26168763, 206
1274, 354, 6, 30, 0, 0, 4.88%, 0, 0, 2, 20454.57, 26273766, 206
1279, 356, 18, 30, 0, 0, 4.88%, 0, 0, 2, 19660.68, 26377920, 206
1285, 357, 24, 30, 0, 0, 4.88%, 0, 0, 2, 20597.98, 26485499, 206
1290, 359, 6, 30, 0, 0, 4.88%, 0, 0, 2, 20823.82, 26594062, 206
1295, 360, 20, 30, 0, 0, 4.88%, 0, 0, 2, 20774.39, 26700681, 206
1300, 362, 16, 30, 0, 0, 4.88%, 0, 0, 2, 20191.73, 26803105, 206
1305, 363, 26, 30, 0, 0, 4.88%, 0, 0, 2, 20713.55, 26911229, 206
1310, 365, 6, 30, 0, 0, 4.88%, 0, 0, 2, 20301.20, 27014653, 206
1315, 366, 6, 30, 0, 0, 4.88%, 0, 0, 2, 20923.00, 27123936, 206
1321, 367, 25, 30, 0, 0, 4.88%, 0, 0, 2, 20114.89, 27229380, 206
1326, 369, 6, 30, 0, 0, 4.88%, 0, 0, 2, 20672.50, 27336066, 206
1331, 370, 12, 30, 0, 0, 4.88%, 0, 0, 2, 20887.61, 27441855, 206
1336, 372, 6, 30, 0, 0, 4.88%, 0, 0, 2, 21086.56, 27547028, 206
1341, 373, 6, 30, 0, 0, 4.88%, 0, 0, 2, 20303.12, 27651671, 206
1346, 375, 12, 30, 0, 0, 4.88%, 0, 0, 2, 20852.37, 27756251, 206
1351, 376, 26, 30, 0, 0, 4.88%, 0, 0, 2, 20647.46, 27860960, 206
1356, 377, 22, 30, 0, 0, 4.88%, 0, 0, 2, 20728.05, 27964224, 206
1361, 379, 2, 30, 0, 0, 4.88%, 0, 0, 2, 20692.19, 28071673, 206
1366, 380, 6, 30, 0, 0, 4.88%, 0, 0, 2, 20971.18, 28179096, 206
1371, 382, 6, 30, 0, 0, 4.88%, 0, 0, 2, 20640.14, 28282773, 206
1377, 383, 14, 30, 0, 0, 4.88%, 0, 0, 2, 20886.36, 28390718, 206
1382, 384, 26, 30, 0, 0, 4.88%, 0, 0, 2, 20246.34, 28496127, 206
1387, 386, 27, 30, 0, 0, 4.88%, 0, 0, 2, 20923.31, 28601698, 206
1392, 387, 6, 30, 0, 0, 4.88%, 0, 0, 2, 20415.84, 28708717, 206
1397, 389, 11, 30, 0, 0, 4.88%, 0, 0, 2, 20983.30, 28817008, 206
1402, 390, 2, 30, 0, 0, 4.88%, 0, 0, 2, 20440.84, 28921500, 206
1407, 392, 6, 30, 0, 0, 4.88%, 0, 0, 2, 20948.95, 29026867, 206
1413, 393, 21, 30, 0, 0, 4.88%, 0, 0, 2, 20168.34, 29130531, 206
1418, 395, 6, 30, 0, 0, 4.88%, 0, 0, 2, 20843.86, 29239830, 206
1423, 396, 6, 30, 0, 0, 4.88%, 0, 0, 2, 20559.36, 29342260, 206
1428, 397, 26, 30, 0, 0, 4.88%, 0, 0, 2, 20879.09, 29452233, 206
1433, 399, 24, 30, 0, 0, 4.88%, 0, 0, 2, 20542.68, 29557492, 206
1438, 400, 6, 30, 0, 0, 4.88%, 0, 0, 2, 20764.61, 29661860, 206
1443, 402, 26, 30, 0, 0, 4.88%, 0, 0, 2, 20710.25, 29765047, 206
1448, 403, 6, 30, 0, 0, 4.88%, 0, 0, 2, 21471.31, 29877031, 206
1454, 405, 24, 30, 0, 0, 4.88%, 0, 0, 2, 20996.64, 29984526, 206
1459, 406, 14, 30, 0, 0, 4.88%, 0, 0, 2, 20846.74, 30092769, 206
1464, 407, 3, 30, 0, 0, 4.88%, 0, 0, 2, 20708.13, 30196187, 206
1469, 409, 6, 30, 0, 0, 4.88%, 0, 0, 2, 20870.66, 30305866, 206
1474, 410, 6, 30, 0, 0, 4.88%, 0, 0, 2, 20866.36, 30409674, 206
1479, 412, 16, 30, 0, 0, 4.88%, 0, 0, 2, 20693.68, 30517993, 206
1484, 413, 9, 30, 0, 0, 4.88%, 0, 0, 2, 20371.72, 30618121, 206
1489, 415, 6, 30, 0, 0, 4.88%, 0, 0, 2, 20649.65, 30723054, 206
1494, 416, 6, 30, 0, 0, 4.88%, 0, 0, 2, 20842.10, 30829859, 206
1500, 417, 18, 30, 0, 0, 4.88%, 0, 0, 2, 20098.76, 30935725, 206
1505, 419, 3, 30, 0, 0, 4.88%, 0, 0, 2, 20745.02, 31043856, 206
1510, 420, 27, 30, 0, 0, 4.88%, 0, 0, 2, 20989.28, 31154688, 206
1515, 422, 25, 30, 0, 0, 4.88%, 0, 0, 2, 21150.92, 31264082, 206
1520, 423, 6, 30, 0, 0, 4.88%, 0, 0, 2, 20225.61, 31366748, 206
1525, 425, 21, 30, 0, 0, 4.88%, 0, 0, 2, 20643.65, 31470859, 206
1530, 426, 14, 30, 0, 0, 4.88%, 0, 0, 2, 20816.01, 31576634, 206
1535, 428, 6, 30, 0, 0, 4.88%, 0, 0, 2, 21334.21, 31685982, 206
1541, 429, 12, 30, 0, 0, 4.88%, 0, 0, 2, 20558.75, 31793096, 206
1546, 431, 25, 30, 0, 0, 4.88%, 0, 0, 2, 21151.08, 31902912, 206
1551, 432, 6, 30, 0, 0, 4.88%, 0, 0, 2, 20621.75, 32010731, 206
1556, 434, 15, 30, 0, 0, 4.88%, 0, 0, 2, 21389.76, 32121782, 206
1561, 435, 6, 30, 0, 0, 4.88%, 0, 0, 2, 20362.75, 32227115, 206
1566, 436, 6, 30, 0, 0, 4.88%, 0, 0, 2, 21333.46, 32334929, 206
1572, 438, 6, 30, 0, 0, 4.88%, 0, 0, 2, 20587.58, 32437570, 206
1577, 439, 16, 30, 0, 0, 4.88%, 0, 0, 2, 21621.36, 32549835, 206
1582, 441, 6, 30, 0, 0, 4.88%, 0, 0, 2, 20368.71, 32650749, 206
1587, 442, 6, 30, 0, 0, 4.88%, 0, 0, 2, 21033.06, 32761043, 206
1592, 444, 9, 30, 0, 0, 4.88%, 0, 0, 2, 20334.09, 32865496, 206
1597, 445, 15, 30, 0, 0, 4.88%, 0, 0, 2, 21216.50, 32973157, 206
1602, 446, 20, 30, 0, 0, 4.88%, 0, 0, 2, 20389.42, 33075982, 206
1607, 448, 14, 30, 0, 0, 4.88%, 0, 0, 2, 21447.46, 33188079, 206
1612, 449, 6, 30, 0, 0, 4.88%, 0, 0, 2, 20754.48, 33291100, 206
1617, 451, 6, 30, 0, 0, 4.88%, 0, 0, 2, 21343.07, 33402604, 206
1623, 452, 6, 30, 0, 0, 4.88%, 0, 0, 2, 20345.38, 33504199, 206
1628, 454, 6, 30, 0, 0, 4.88%, 0, 0, 2, 21299.11, 33615581, 206
1633, 455, 6, 30, 0, 0, 4.88%, 0, 0, 2, 20550.57, 33720667, 206
1638, 457, 6, 30, 0, 0, 4.88%, 0, 0, 2, 20900.46, 33829821, 206
1643, 458, 6, 30, 0, 0, 4.88%, 0, 0, 2, 20263.92, 33932066, 206
1648, 459, 6, 30, 0, 0, 4.88%, 0, 0, 2, 21260.53, 34041585, 206
1653, 461, 12, 30, 0, 0, 4.88%, 0, 0, 2, 21021.86, 34145948, 206
1659, 462, 6, 30, 0, 0, 4.88%, 0, 0, 2, 21288.48, 34257296, 206
1664, 464, 6, 30, 0, 0, 4.88%, 0, 0, 2, 20867.36, 34363848, 206
1669, 465, 3, 30, 0, 0, 4.88%, 0, 0, 2, 20976.56, 34473478, 206
1674, 467, 6, 30, 0, 0, 4.88%, 0, 0, 2, 21186.67, 34581300, 206
1679, 468, 6, 30, 0, 0, 4.88%, 0, 0, 2, 20435.27, 34683411, 206
1684, 470, 11, 30, 0, 0, 4.88%, 0, 0, 2, 21011.85, 34790731, 206
1689, 471, 11, 30, 0, 0, 4.88%, 0, 0, 2, 20850.35, 34896468, 206
1694, 473, 6, 30, 0, 0, 4.88%, 0, 0, 2, 20890.05, 34999912, 206
1700, 474, 6, 30, 0, 0, 4.88%, 0, 0, 2, 20115.28, 35105979, 206
1705, 475, 6, 30, 0, 0, 4.88%, 0, 0, 2, 21147.45, 35213920, 206
1710, 477, 3, 30, 0, 0, 4.88%, 0, 0, 2, 20655.67, 35321567, 206
1715, 478, 6, 30, 0, 0, 4.88%, 0, 0, 2, 20899.58, 35428216, 206
1720, 480, 6, 30, 0, 0, 4.88%, 0, 0, 2, 20317.33, 35536247, 206
1725, 481, 3, 30, 0, 0, 4.88%, 0, 0, 2, 20971.98, 35644642, 206
1730, 483, 24, 30, 0, 0, 4.88%, 0, 0, 2, 20149.30, 35746987, 206
1736, 484, 6, 30, 0, 0, 4.88%, 0, 0, 2, 21152.52, 35857470, 206
1741, 486, 6, 30, 0, 0, 4.88%, 0, 0, 2, 20224.42, 35958690, 206
1746, 487, 6, 30, 0, 0, 4.88%, 0, 0, 2, 21178.06, 36065027, 206
1751, 488, 27, 30, 0, 0, 4.88%, 0, 0, 2, 20142.85, 36170111, 206
1756, 490, 26, 30, 0, 0, 4.88%, 0, 0, 2, 20739.26, 36273468, 206
1761, 491, 14, 30, 0, 0, 4.88%, 0, 0, 2, 20277.43, 36378732, 206
1766, 493, 6, 30, 0, 0, 4.88%, 0, 0, 2, 21262.24, 36488567, 206
1771, 494, 15, 30, 0, 0, 4.88%, 0, 0, 2, 20451.51, 36591602, 206
1776, 496, 3, 30, 0, 0, 4.88%, 0, 0, 2, 21365.69, 36703399, 206
1781, 497, 4, 30, 0, 0, 4.88%, 0, 0, 2, 20362.07, 36805876, 206
1787, 498, 25, 30, 0, 0, 4.88%, 0, 0, 2, 21095.76, 36914890, 206
1792, 500, 6, 30, 0, 0, 4.88%, 0, 0, 2, 20516.37, 37021447, 206
1797, 501, 6, 30, 0, 0, 4.88%, 0, 0, 2, 21297.38, 37132227, 206
1802, 503, 22, 30, 0, 0, 4.88%, 0, 0, 2, 20897.69, 37237579, 206
1807, 504, 22, 30, 0, 0, 4.88%, 0, 0, 2, 21865.12, 37348510, 206
1812, 506, 6, 30, 0, 0, 4.88%, 0, 0, 2, 20939.76, 37453996, 206
1818, 507, 26, 30, 0, 0, 4.88%, 0, 0, 2, 21603.45, 37567050, 206
1823, 509, 3, 30, 0, 0, 4.88%, 0, 0, 2, 20371.17, 37669802, 206
1828, 510, 6, 30, 0, 0, 4.88%, 0, 0, 2, 21245.77, 37780405, 206
1833, 511, 6, 30, 0, 0, 4.88%, 0, 0, 2, 20515.75, 37884369, 206
1838, 513, 26, 30, 0, 0, 4.88%, 0, 0, 2, 21100.17, 37992082, 206
1843, 514, 6, 30, 0, 0, 4.88%, 0, 0, 2, 21126.24, 38100477, 206
1848, 516, 6, 30, 0, 0, 4.88%, 0, 0, 2, 21270.02, 38209120, 206
1853, 517, 26, 30, 0, 0, 4.88%, 0, 0, 2, 21109.42, 38316733, 206
1859, 519, 6, 30, 0, 0, 4.88%, 0, 0, 2, 20884.51, 38426523, 206
1864, 520, 6, 30, 0, 0, 4.88%, 0, 0, 2, 21206.79, 38533828, 206
1869, 522, 6, 30, 0, 0, 4.88%, 0, 0, 2, 21577.45, 38643233, 206
1874, 523, 6, 30, 0, 0, 4.88%, 0, 0, 2, 20898.23, 38748417, 206
1879, 525, 6, 30, 0, 0, 4.88%, 0, 0, 2, 20618.77, 38858019, 206
1884, 526, 16, 30, 0, 0, 4.88%, 0, 0, 2, 20599.25, 38961825, 206
1889, 528, 6, 30, 0, 0, 4.88%, 0, 0, 2, 20917.67, 39069649, 206
1894, 529, 11, 30, 0, 0, 4.88%, 0, 0, 2, 21135.22, 39174882, 206
1900, 530, 6, 30, 0, 0, 4.88%, 0, 0, 2, 20902.54, 39285578, 206
1905, 532, 25, 30, 0, 0, 4.88%, 0, 0, 2, 21349.28, 39394714, 206
1910, 533, 6, 30, 0, 0, 4.88%, 0, 0, 2, 20592.05, 39499623, 206
1915, 535, 6, 30, 0, 0, 4.88%, 0, 0, 2, 21102.50, 39607655, 206
1920, 536, 6, 30, 0, 0, 4.88%, 0, 0, 2, 20799.15, 39716780, 206
1925, 538, 16, 30, 0, 0, 4.88%, 0, 0, 2, 20886.10, 39823891, 206
1931, 539, 26, 30, 0, 0, 4.88%, 0, 0, 2, 20238.98, 39931348, 206
1936, 541, 6, 30, 0, 0, 4.88%, 0, 0, 2, 21180.78, 40041803, 206
1941, 542, 24, 30, 0, 0, 4.88%, 0, 0, 2, 19998.96, 40145435, 206
1946, 544, 18, 30, 0, 0, 4.88%, 0, 0, 2, 20835.73, 40251416, 206
1951, 545, 6, 30, 0, 0, 4.88%, 0, 0, 2, 20475.45, 40357230, 206
1956, 546, 27, 30, 0, 0, 4.88%, 0, 0, 2, 21261.76, 40464578, 206
1961, 548, 2, 30, 0, 0, 4.88%, 0, 0, 2, 20433.77, 40569383, 206
1967, 549, 11, 30, 0, 0, 4.88%, 0, 0, 2, 21579.83, 40682100, 206
1972, 551, 6, 30, 0, 0, 4.88%, 0, 0, 2, 20112.54, 40786872, 206
1977, 552, 3, 30, 0, 0, 4.88%, 0, 0, 2, 21251.15, 40899158, 206
1982, 554, 26, 30, 0, 0, 4.88%, 0, 0, 2, 20029.22, 41002116, 206
1987, 555, 18, 30, 0, 0, 4.88%, 0, 0, 2, 21301.64, 41114603, 206
1992, 557, 2, 30, 0, 0, 4.88%, 0, 0, 2, 20947.13, 41221387, 206
1998, 558, 6, 30, 0, 0, 4.88%, 0, 0, 2, 21474.68, 41333250, 206
2003, 560, 11, 30, 0, 0, 4.88%, 0, 0, 2, 19947.66, 41429525, 206
2008, 561, 16, 30, 0, 0, 4.88%, 0, 0, 2, 21355.20, 41542033, 206
2013, 563, 6, 30, 0, 0, 4.88%, 0, 0, 2, 20665.39, 41647346, 206
2018, 564, 18, 30, 0, 0, 4.88%, 0, 0, 2, 21281.11, 41755759, 206
2023, 565, 2, 30, 0, 0, 4.88%, 0, 0, 2, 20356.23, 41855807, 206
2028, 567, 3, 30, 0, 0, 4.88%, 0, 0, 2, 21210.69, 41966575, 206
2033, 568, 6, 30, 0, 0, 4.88%, 0, 0, 2, 21108.18, 42074547, 206
2039, 570, 6, 30, 0, 0, 4.88%, 0, 0, 2, 20675.41, 42181980, 206
2044, 571, 6, 30, 0, 0, 4.88%, 0, 0, 2, 21111.84, 42288781, 206
2049, 573, 22, 30, 0, 0, 4.88%, 0, 0, 2, 21285.53, 42399658, 206
2054, 574, 6, 30, 0, 0, 4.88%, 0, 0, 2, 20908.87, 42504776, 206
2059, 576, 6, 30, 0, 0, 4.88%, 0, 0, 2, 20426.03, 42609606, 206
2064, 577, 18, 30, 0, 0, 4.88%, 0, 0, 2, 20917.81, 42713638, 206
2069, 579, 6, 30, 0, 0, 4.88%, 0, 0, 2, 20981.18, 42820385, 206
2074, 580, 9, 30, 0, 0, 4.88%, 0, 0, 2, 20801.52, 42926315, 206
2080, 581, 6, 30, 0, 0, 4.88%, 0, 0, 2, 20537.52, 43035095, 206
2085, 583, 15, 30, 0, 0, 4.88%, 0, 0, 2, 21358.31, 43145462, 206
2090, 584, 6, 30, 0, 0, 4.88%, 0, 0, 2, 20777.83, 43251741, 206
2095, 586, 6, 30, 0, 0, 4.88%, 0, 0, 2, 21129.73, 43361378, 206
2100, 587, 26, 30, 0, 0, 4.88%, 0, 0, 2, 20407.72, 43468821, 206
2105, 589, 6, 30, 0, 0, 4.88%, 0, 0, 2, 21335.76, 43575538, 206
2110, 590, 6, 30, 0, 0, 4.88%, 0, 0, 2, 20608.27, 43679933, 206
2115, 592, 26, 30, 0, 0, 4.88%, 0, 0, 2, 21178.13, 43787244, 206
2121, 593, 6, 30, 0, 0, 4.88%, 0, 0, 2, 19988.98, 43891804, 206
2126, 594, 24, 30, 0, 0, 4.88%, 0, 0, 2, 21069.31, 43998605, 206
2131, 596, 6, 30, 0, 0, 4.88%, 0, 0, 2, 20870.83, 44107965, 206
2136, 597, 21, 30, 0, 0, 4.88%, 0, 0, 2, 21331.74, 44218126, 206
2141, 599, 6, 30, 0, 0, 4.88%, 0, 0, 2, 20556.50, 44321924, 206
2146, 600, 9, 30, 0, 0, 4.88%, 0, 0, 2, 21545.54, 44432895, 206
2151, 602, 16, 30, 0, 0, 4.88%, 0, 0, 2, 20629.23, 44536333, 206
2156, 603, 12, 30, 0, 0, 4.88%, 0, 0, 2, 21248.45, 44642855, 206
2161, 605, 6, 30, 0, 0, 4.88%, 0, 0, 2, 20730.99, 44747049, 206
2166, 606, 6, 30, 0, 0, 4.88%, 0, 0, 2, 21259.80, 44857111, 206
2172, 607, 6, 30, 0, 0, 4.88%, 0, 0, 2, 20189.35, 44962661, 206
2177, 609, 6, 30, 0, 0, 4.88%, 0, 0, 2, 20960.80, 45072765, 206
2182, 610, 11, 30, 0, 0, 4.88%, 0, 0, 2, 19969.21, 45174420, 206
2187, 612, 6, 30, 0, 0, 4.88%, 0, 0, 2, 21671.51, 45288223, 206
2192, 613, 24, 30, 0, 0, 4.88%, 0, 0, 2, 20464.10, 45391077, 206
2197, 615, 6, 30, 0, 0, 4.88%, 0, 0, 2, 21430.37, 45503271, 206
2203, 616, 11, 30, 0, 0, 4.88%, 0, 0, 2, 20919.06, 45610116, 206
2208, 618, 16, 30, 0, 0, 4.88%, 0, 0, 2, 21633.36, 45723184, 206
2213, 619, 6, 30, 0, 0, 4.88%, 0, 0, 2, 20692.70, 45827312, 206
2218, 621, 16, 30, 0, 0, 4.88%, 0, 0, 2, 21045.58, 45934566, 206
2223, 622, 14, 30, 0, 0, 4.88%, 0, 0, 2, 20565.42, 46035294, 206
2228, 624, 22, 30, 0, 0, 4.88%, 0, 0, 2, 21468.02, 46144694, 206
2233, 625, 3, 30, 0, 0, 4.88%, 0, 0, 2, 20653.58, 46246075, 206
2238, 627, 6, 30, 0, 0, 4.88%, 0, 0, 2, 21368.92, 46357226, 206
2243, 628, 6, 30, 0, 0, 4.88%, 0, 0, 2, 20152.87, 46459478, 206
2248, 629, 6, 30, 0, 0, 4.88%, 0, 0, 2, 21704.72, 46569723, 206
2254, 631, 6, 30, 0, 0, 4.88%, 0, 0, 2, 21039.56, 46676115, 206
2259, 632, 6, 30, 0, 0, 4.88%, 0, 0, 2, 22035.01, 46789008, 206
2264, 634, 14, 30, 0, 0, 4.88%, 0, 0, 2, 21350.61, 46896237, 206
2269, 635, 6, 30, 0, 0, 4.88%, 0, 0, 2, 21348.60, 47003959, 206
2274, 637, 6, 30, 0, 0, 4.88%, 0, 0, 2, 21105.36, 47110191, 206
2279, 638, 6, 30, 0, 0, 4.88%, 0, 0, 2, 21413.96, 47219556, 206
2284, 640, 16, 30, 0, 0, 4.88%, 0, 0, 2, 21210.63, 47329235, 206
2290, 641, 25, 30, 0, 0, 4.88%, 0, 0, 2, 21459.41, 47441585, 206
2295, 643, 25, 30, 0, 0, 4.88%, 0, 0, 2, 21409.15, 47550755, 206
2300, 644, 21, 30, 0, 0, 4.88%, 0, 0, 2, 20848.24, 47660100, 206
2305, 646, 6, 30, 0, 0, 4.88%, 0, 0, 2, 21528.94, 47772490, 206
2310, 647, 25, 30, 0, 0, 4.88%, 0, 0, 2, 21201.10, 47880405, 206
2315, 649, 16, 30, 0, 0, 4.88%, 0, 0, 2, 21627.73, 47988660, 206
2320, 650, 20, 30, 0, 0, 4.88%, 0, 0, 2, 21376.11, 48099948, 206
2326, 652, 6, 30, 0, 0, 4.88%, 0, 0, 2, 21579.49, 48211780, 206
2331, 653, 3, 30, 0, 0, 4.88%, 0, 0, 2, 20960.42, 48320919, 206
2336, 655, 6, 30, 0, 0, 4.88%, 0, 0, 2, 21853.88, 48433701, 206
2341, 656, 6, 30, 0, 0, 4.88%, 0, 0, 2, 20999.75, 48538456, 206
2346, 658, 6, 30, 0, 0, 4.88%, 0, 0, 2, 21827.50, 48650017, 206
2351, 659, 6, 30, 0, 0, 4.88%, 0, 0, 2, 21193.50, 48760382, 206
2356, 661, 15, 30, 0, 0, 4.88%, 0, 0, 2, 21776.63, 48872209, 206
2361, 662, 16, 30, 0, 0, 4.88%, 0, 0, 2, 20980.98, 48976152, 206
2367, 663, 24, 30, 0, 0, 4.88%, 0, 0, 2, 21312.23, 49086062, 206
2372, 665, 12, 30, 0, 0, 4.88%, 0, 0, 2, 20306.01, 49188234, 206
2377, 666, 24, 30, 0, 0, 4.88%, 0, 0, 2, 21510.98, 49298541, 206
2382, 668, 6, 30, 0, 0, 4.88%, 0, 0, 2, 20500.94, 49404950, 206
2387, 669, 6, 30, 0, 0, 4.88%, 0, 0, 2, 21371.33, 49517132, 206
2392, 671, 24, 30, 0, 0, 4.88%, 0, 0, 2, 21235.57, 49625742, 206
2397, 672, 21, 30, 0, 0, 4.88%, 0, 0, 2, 21788.20, 49735200, 206
2402, 674, 18, 30, 0, 0, 4.88%, 0, 0, 2, 21011.04, 49839851, 206
2407, 675, 6, 30, 0, 0, 4.88%, 0, 0, 2, 22382.66, 49956237, 206
2412, 677, 6, 30, 0, 0, 4.88%, 0, 0, 2, 21282.81, 50061044, 206
2418, 678, 26, 30, 0, 0, 4.88%, 0, 0, 2, 21633.82, 50174595, 206
2423, 679, 6, 30, 0, 0, 4.88%, 0, 0, 2, 20989.95, 50279350, 206
2428, 681, 6, 30, 0, 0, 4.88%, 0, 0, 2, 21810.53, 50393681, 206
2433, 682, 15, 30, 0, 0, 4.88%, 0, 0, 2, 21185.32, 50500875, 206
2438, 684, 26, 30, 0, 0, 4.88%, 0, 0, 2, 22063.95, 50614441, 206
2444, 686, 6, 30, 0, 0, 4.88%, 0, 0, 2, 21727.77, 50723422, 206
2449, 687, 20, 30, 0, 0, 4.88%, 0, 0, 2, 21917.12, 50835172, 206
2454, 688, 6, 30, 0, 0, 4.88%, 0, 0, 2, 21216.71, 50939010, 206
2459, 690, 6, 30, 0, 0, 4.88%, 0, 0, 2, 21869.36, 51055553, 206
2464, 692, 18, 30, 0, 0, 4.88%, 0, 0, 2, 21168.91, 51163158, 206
2469, 693, 6, 30, 0, 0, 4.88%, 0, 0, 2, 21940.96, 51279720, 206
2474, 695, 16, 30, 0, 0, 4.88%, 0, 0, 2, 21686.71, 51392258, 206
2480, 696, 24, 30, 0, 0, 4.88%, 0, 0, 2, 20768.11, 51501527, 206
2485, 697, 27, 30, 0, 0, 4.88%, 0, 0, 2, 20804.40, 51607731, 206
2490, 699, 26, 30, 0, 0, 4.88%, 0, 0, 2, 20873.08, 51718320, 206
2495, 701, 6, 30, 0, 0, 4.88%, 0, 0, 2, 21542.60, 51829640, 206
2500, 702, 6, 30, 0, 0, 4.88%, 0, 0, 2, 20961.35, 51940441, 206
2505, 703, 15, 30, 0, 0, 4.88%, 0, 0, 2, 21846.51, 52049381, 206
2510, 705, 6, 30, 0, 0, 4.88%, 0, 0, 2, 21610.48, 52159279, 206
2515, 706, 27, 30, 0, 0, 4.88%, 0, 0, 2, 21725.77, 52268584, 206
2521, 708, 6, 30, 0, 0, 4.88%, 0, 0, 2, 20766.01, 52376166, 206
2526, 709, 21, 30, 0, 0, 4.88%, 0, 0, 2, 21570.91, 52488312, 206
2531, 711, 24, 30, 0, 0, 4.88%, 0, 0, 2, 21334.58, 52601435, 206
2536, 713, 6, 30, 0, 0, 4.88%, 0, 0, 2, 21929.36, 52714998, 206
2541, 714, 6, 30, 0, 0, 4.88%, 0, 0, 2, 20284.12, 52816748, 206
2546, 715, 6, 30, 0, 0, 4.88%, 0, 0, 2, 21808.44, 52928551, 206
2551, 717, 6, 30, 0, 0, 4.88%, 0, 0, 2, 20746.00, 53036069, 206
2556, 718, 6, 30, 0, 0, 4.88%, 0, 0, 2, 21832.90, 53147050, 206
2562, 720, 6, 30, 0, 0, 4.88%, 0, 0, 2, 21120.01, 53256884, 206
2567, 722, 6, 30, 0, 0, 4.88%, 0, 0, 2, 21946.01, 53371549, 206
2572, 723, 6, 30, 0, 0, 4.88%, 0, 0, 2, 21378.63, 53479394, 206
2577, 724, 11, 30, 0, 0, 4.88%, 0, 0, 2, 21707.85, 53590896, 206
2582, 726, 12, 30, 0, 0, 4.88%, 0, 0, 2, 21021.52, 53697594, 206
2587, 727, 15, 30, 0, 0, 4.88%, 0, 0, 2, 21676.34, 53807734, 206
2592, 729, 6, 30, 0, 0, 4.88%, 0, 0, 2, 20774.11, 53911910, 206
2597, 730, 20, 30, 0, 0, 4.88%, 0, 0, 2, 22079.17, 54023259, 206
2602, 732, 6, 30, 0, 0, 4.88%, 0, 0, 2, 20891.02, 54128283, 206
2607, 733, 6, 30, 0, 0, 4.88%, 0, 0, 2, 21868.44, 54239631, 206
2612, 735, 6, 30, 0, 0, 4.88%, 0, 0, 2, 21065.48, 54343200, 206
2618, 736, 26, 30, 0, 0, 4.88%, 0, 0, 2, 21734.87, 54457051, 206
2623, 737, 26, 30, 0, 0, 4.88%, 0, 0, 2, 21269.78, 54565810, 206
2628, 739, 6, 30, 0, 0, 4.88%, 0, 0, 2, 21776.06, 54679923, 206
2633, 741, 6, 30, 0, 0, 4.88%, 0, 0, 2, 21189.31, 54788924, 206
2638, 742, 26, 30, 0, 0, 4.88%, 0, 0, 2, 21673.67, 54902210, 206
2643, 744, 27, 30, 0, 0, 4.88%, 0, 0, 2, 21506.54, 55011068, 206
2649, 745, 6, 30, 0, 0, 4.88%, 0, 0, 2, 22058.07, 55125841, 206
2654, 746, 6, 30, 0, 0, 4.88%, 0, 0, 2, 21226.16, 55231866, 206
2659, 748, 6, 30, 0, 0, 4.88%, 0, 0, 2, 20863.70, 55341443, 206
2664, 750, 5, 30, 0, 0, 4.88%, 0, 0, 2, 21141.68, 55449757, 206
2669, 751, 21, 30, 0, 0, 4.88%, 0, 0, 2, 21530.57, 55559641, 206
2674, 752, 20, 30, 0, 0, 4.88%, 0, 0, 2, 21611.89, 55670081, 206
2680, 754, 6, 30, 0, 0, 4.88%, 0, 0, 2, 21516.38, 55783047, 206
2685, 755, 6, 30, 0, 0, 4.88%, 0, 0, 2, 21512.63, 55893189, 206
2690, 757, 20, 30, 0, 0, 4.88%, 0, 0, 2, 21285.49, 56004860, 206
2695, 758, 6, 30, 0, 0, 4.88%, 0, 0, 2, 21441.26, 56115269, 206
2700, 760, 12, 30, 0, 0, 4.88%, 0, 0, 2, 21419.13, 56227668, 206
2705, 761, 24, 30, 0, 0, 4.88%, 0, 0, 2, 21246.24, 56336540, 206
2710, 763, 6, 30, 0, 0, 4.88%, 0, 0, 2, 20865.96, 56448335, 206
2716, 764, 26, 30, 0, 0, 4.88%, 0, 0, 2, 21513.75, 56557940, 206
2721, 766, 27, 30, 0, 0, 4.88%, 0, 0, 2, 20763.91, 56662256, 206
2726, 767, 6, 30, 0, 0, 4.88%, 0, 0, 2, 21823.34, 56775394, 206
2731, 769, 26, 30, 0, 0, 4.88%, 0, 0, 2, 20771.27, 56880628, 206
2736, 770, 26, 30, 0, 0, 4.88%, 0, 0, 2, 21839.20, 56990139, 206
2741, 772, 6, 30, 0, 0, 4.88%, 0, 0, 2, 20900.97, 57099739, 206
2746, 773, 21, 30, 0, 0, 4.88%, 0, 0, 2, 22040.92, 57214298, 206
2751, 775, 26, 30, 0, 0, 4.88%, 0, 0, 2, 21055.82, 57319582, 206
2756, 776, 21, 30, 0, 0, 4.88%, 0, 0, 2, 21761.22, 57430797, 206
2761, 778, 14, 30, 0, 0, 4.88%, 0, 0, 2, 21493.65, 57538412, 206
2767, 779, 6, 30, 0, 0, 4.88%, 0, 0, 2, 21993.52, 57652937, 206
2772, 781, 6, 30, 0, 0, 4.88%, 0, 0, 2, 20475.63, 57760083, 206
2777, 782, 6, 30, 0, 0, 4.88%, 0, 0, 2, 21711.71, 57873627, 206
2782, 784, 24, 30, 0, 0, 4.88%, 0, 0, 2, 19979.22, 57972658, 206
2787, 785, 26, 30, 0, 0, 4.88%, 0, 0, 2, 22091.12, 58089680, 206
2792, 787, 6, 30, 0, 0, 4.88%, 0, 0, 2, 21000.93, 58194702, 206
2797, 788, 6, 30, 0, 0, 4.88%, 0, 0, 2, 21809.63, 58303882, 206
2802, 790, 6, 30, 0, 0, 4.88%, 0, 0, 2, 21541.92, 58415047, 206
2807, 791, 22, 30, 0, 0, 4.88%, 0, 0, 2, 22033.54, 58528605, 206
2813, 793, 6, 30, 0, 0, 4.88%, 0, 0, 2, 21647.57, 58639884, 206
2818, 794, 6, 30, 0, 0, 4.88%, 0, 0, 2, 23152.68, 58762570, 206
2823, 796, 24, 30, 0, 0, 4.88%, 0, 0, 2, 21520.11, 58870045, 206
2828, 797, 26, 30, 0, 0, 4.88%, 0, 0, 2, 22189.43, 58985437, 206
2833, 799, 6, 30, 0, 0, 4.88%, 0, 0, 2, 21464.83, 59095150, 206
2839, 800, 6, 30, 0, 0, 4.88%, 0, 0, 2, 21474.13, 59208425, 206
2844, 802, 20, 30, 0, 0, 4.88%, 0, 0, 2, 21117.82, 59311510, 206
2849, 803, 9, 30, 0, 0, 4.88%, 0, 0, 2, 21604.40, 59425384, 206
2854, 805, 16, 30, 0, 0, 4.88%, 0, 0, 2, 21431.42, 59534574, 206
2859, 806, 6, 30, 0, 0, 4.88%, 0, 0, 2, 21388.69, 59646939, 206
2864, 808, 26, 30, 0, 0, 4.88%, 0, 0, 2, 21447.67, 59755974, 206
2869, 809, 6, 30, 0, 0, 4.88%, 0, 0, 2, 21489.71, 59865729, 206
2875, 811, 6, 30, 0, 0, 4.88%, 0, 0, 2, 21672.71, 59975707, 206
2880, 812, 16, 30, 0, 0, 4.88%, 0, 0, 2, 21504.18, 60085570, 206
2885, 814, 6, 30, 0, 0, 4.88%, 0, 0, 2, 22796.30, 60201918, 206
2890, 815, 22, 30, 0, 0, 4.88%, 0, 0, 2, 21800.91, 60315747, 206
2895, 817, 6, 30, 0, 0, 4.88%, 0, 0, 2, 21654.89, 60422329, 206
2900, 818, 5, 30, 0, 0, 4.88%, 0, 0, 2, 20233.51, 60528419, 206
2905, 819, 6, 30, 0, 0, 4.88%, 0, 0, 2, 21289.99, 60638090, 206
2910, 821, 11, 30, 0, 0, 4.88%, 0, 0, 2, 21257.97, 60750052, 206
2916, 822, 6, 30, 0, 0, 4.88%, 0, 0, 2, 21469.74, 60861110, 206
2921, 824, 6, 30, 0, 0, 4.88%, 0, 0, 2, 20811.50, 60971386, 206
2926, 825, 6, 30, 0, 0, 4.88%, 0, 0, 2, 21670.91, 61083153, 206
2931, 827, 11, 30, 0, 0, 4.88%, 0, 0, 2, 21147.40, 61193502, 206
2936, 828, 15, 30, 0, 0, 4.88%, 0, 0, 2, 21886.35, 61308185, 206
2942, 830, 11, 30, 0, 0, 4.88%, 0, 0, 2, 20873.11, 61414680, 206
2947, 831, 6, 30, 0, 0, 4.88%, 0, 0, 2, 22164.54, 61531542, 206
2952, 833, 6, 30, 0, 0, 4.88%, 0, 0, 2, 21305.69, 61638067, 206
2957, 834, 26, 30, 0, 0, 4.88%, 0, 0, 2, 22164.04, 61753753, 206
2962, 836, 9, 30, 0, 0, 4.88%, 0, 0, 2, 20795.60, 61855505, 206
2967, 837, 21, 30, 0, 0, 4.88%, 0, 0, 2, 22202.58, 61968186, 206
2972, 839, 6, 30, 0, 0, 4.88%, 0, 0, 2, 21213.85, 62072823, 206
2977, 840, 26, 30, 0, 0, 4.88%, 0, 0, 2, 22516.46, 62190527, 206
2982, 842, 6, 30, 0, 0, 4.88%, 0, 0, 2, 21222.98, 62298317, 206
2988, 843, 12, 30, 0, 0, 4.88%, 0, 0, 2, 22137.94, 62414118, 206
2993, 845, 6, 30, 0, 0, 4.88%, 0, 0, 2, 21709.44, 62524580, 206
2998, 846, 22, 30, 0, 0, 4.88%, 0, 0, 2, 22212.82, 62640794, 206
3003, 848, 6, 30, 0, 0, 4.88%, 0, 0, 2, 21017.88, 62743538, 206
3008, 849, 6, 30, 0, 0, 4.88%, 0, 0, 2, 22279.59, 62859431, 206
3013, 851, 6, 30, 0, 0, 4.88%, 0, 0, 2, 21229.15, 62968979, 206
3018, 852, 6, 30, 0, 0, 4.88%, 0, 0, 2, 21620.45, 63083782, 206
3024, 854, 6, 30, 0, 0, 4.88%, 0, 0, 2, 21390.15, 63190403, 206
3029, 855, 6, 30, 0, 0, 4.88%, 0, 0, 2, 22270.98, 63303418, 206
3034, 857, 6, 30, 0, 0, 4.88%, 0, 0, 2, 21669.37, 63412405, 206
3039, 858, 6, 30, 0, 0, 4.88%, 0, 0, 2, 22054.48, 63524206, 206
3044, 860, 6, 30, 0, 0, 4.88%, 0, 0, 2, 21569.06, 63634102, 206
3049, 861, 22, 30, 0, 0, 4.88%, 0, 0, 2, 21890.96, 63744108, 206
3054, 863, 6, 30, 0, 0, 4.88%, 0, 0, 2, 21384.54, 63852191, 206
3059, 864, 20, 30, 0, 0, 4.88%, 0, 0, 2, 21489.47, 63961316, 206
3064, 866, 22, 30, 0, 0, 4.88%, 0, 0, 2, 21751.31, 64068446, 206
3069, 867, 21, 30, 0, 0, 4.88%, 0, 0, 2, 21705.42, 64182494, 206
3075, 869, 6, 30, 0, 0, 4.88%, 0, 0, 2, 21998.77, 64295559, 206
3080, 870, 6, 30, 0, 0, 4.88%, 0, 0, 2, 20518.31, 64403945, 206
3085, 872, 6, 30, 0, 0, 4.88%, 0, 0, 2, 21411.66, 64513373, 206
3090, 873, 6, 30, 0, 0, 4.88%, 0, 0, 2, 21114.72, 64623765, 206
3095, 875, 6, 30, 0, 0, 4.88%, 0, 0, 2, 21964.45, 64735775, 206
3100, 876, 6, 30, 0, 0, 4.88%, 0, 0, 2, 21558.56, 64847742, 206
3105, 878, 6, 30, 0, 0, 4.88%, 0, 0, 2, 23814.94, 64967834, 206
3110, 879, 24, 30, 0, 0, 4.88%, 0, 0, 2, 21405.72, 65078945, 206
3116, 881, 6, 30, 0, 0, 4.88%, 0, 0, 2, 23153.67, 65197613, 206
3121, 882, 18, 30, 0, 0, 4.88%, 0, 0, 2, 21546.28, 65308934, 206
3126, 884, 6, 30, 0, 0, 4.88%, 0, 0, 2, 21781.97, 65421853, 206
3131, 885, 6, 30, 0, 0, 4.88%, 0, 0, 2, 21800.63, 65537013, 206
3136, 887, 12, 30, 0, 0, 4.88%, 0, 0, 2, 22115.65, 65649461, 206
3141, 888, 6, 30, 0, 0, 4.88%, 0, 0, 2, 20213.79, 65749989, 206
3147, 890, 20, 30, 0, 0, 4.88%, 0, 0, 2, 21812.16, 65863231, 206
3152, 891, 6, 30, 0, 0, 4.88%, 0, 0, 2, 21377.65, 65974445, 206
3157, 893, 6, 30, 0, 0, 4.88%, 0, 0, 2, 22313.59, 66087462, 206
3162, 894, 5, 30, 0, 0, 4.88%, 0, 0, 2, 21241.24, 66196549, 206
3167, 896, 6, 30, 0, 0, 4.88%, 0, 0, 2, 22411.44, 66314035, 206
3172, 897, 6, 30, 0, 0, 4.88%, 0, 0, 2, 21235.78, 66420166, 206
3177, 899, 6, 30, 0, 0, 4.88%, 0, 0, 2, 21634.53, 66532650, 206
3182, 900, 6, 30, 0, 0, 4.88%, 0, 0, 2, 21201.06, 66637306, 206
3188, 902, 6, 30, 0, 0, 4.88%, 0, 0, 2, 21983.70, 66752663, 206
3193, 903, 6, 30, 0, 0, 4.88%, 0, 0, 2, 21096.02, 66860022, 206
3198, 905, 14, 30, 0, 0, 4.88%, 0, 0, 2, 21794.22, 66975767, 206
3203, 906, 25, 30, 0, 0, 4.88%, 0, 0, 2, 21401.73, 67082306, 206
3208, 908, 6, 30, 0, 0, 4.88%, 0, 0, 2, 22400.69, 67194995, 206
3213, 909, 6, 30, 0, 0, 4.88%, 0, 0, 2, 21195.36, 67302017, 206
3218, 911, 15, 30, 0, 0, 4.88%, 0, 0, 2, 23975.07, 67424855, 206
3223, 912, 26, 30, 0, 0, 4.88%, 0, 0, 2, 21804.31, 67528423, 206
3229, 914, 26, 30, 0, 0, 4.88%, 0, 0, 2, 22256.79, 67645196, 206
3234, 915, 26, 30, 0, 0, 4.88%, 0, 0, 2, 22441.22, 67757785, 206
3239, 917, 6, 30, 0, 0, 4.88%, 0, 0, 2, 21428.57, 67869807, 206
3244, 918, 6, 30, 0, 0, 4.88%, 0, 0, 2, 21255.27, 67974252, 206
3249, 920, 6, 30, 0, 0, 4.88%, 0, 0, 2, 21974.34, 68089812, 206
3254, 921, 6, 30, 0, 0, 4.88%, 0, 0, 2, 22187.77, 68202965, 206
3260, 923, 21, 30, 0, 0, 4.88%, 0, 0, 2, 21210.15, 68315244, 206
3265, 924, 6, 30, 0, 0, 4.88%, 0, 0, 2, 21053.10, 68422906, 206
3270, 926, 21, 30, 0, 0, 4.88%, 0, 0, 2, 21803.12, 68538959, 206
3275, 928, 18, 30, 0, 0, 4.88%, 0, 0, 2, 22076.24, 68653919, 206
3280, 929, 3, 30, 0, 0, 4.88%, 0, 0, 2, 21773.82, 68763667, 206
3285, 931, 26, 30, 0, 0, 4.88%, 0, 0, 2, 22192.13, 68877898, 206
3290, 932, 6, 30, 0, 0, 4.88%, 0, 0, 2, 21138.45, 68987732, 206
3296, 934, 6, 30, 0, 0, 4.88%, 0, 0, 2, 22445.38, 69104239, 206
3301, 935, 11, 30, 0, 0, 4.88%, 0, 0, 2, 20733.15, 69211587, 206
3306, 937, 26, 30, 0, 0, 4.88%, 0, 0, 2, 22335.85, 69327858, 206
3311, 938, 6, 30, 0, 0, 4.88%, 0, 0, 2, 21626.12, 69437330, 206
3316, 940, 14, 30, 0, 0, 4.88%, 0, 0, 2, 22117.72, 69548474, 206
3321, 941, 6, 30, 0, 0, 4.88%, 0, 0, 2, 20936.34, 69657434, 206
3326, 943, 9, 30, 0, 0, 4.88%, 0, 0, 2, 22254.84, 69769391, 206
3331, 944, 21, 30, 0, 0, 4.88%, 0, 0, 2, 21503.94, 69876970, 206
3336, 946, 22, 30, 0, 0, 4.88%, 0, 0, 2, 23030.93, 69995336, 206
3342, 947, 14, 30, 0, 0, 4.88%, 0, 0, 2, 21614.51, 70105627, 206
3347, 949, 26, 30, 0, 0, 4.88%, 0, 0, 2, 22698.43, 70221171, 206
3352, 950, 24, 30, 0, 0, 4.88%, 0, 0, 2, 21092.84, 70329732, 206
3357, 952, 6, 30, 0, 0, 4.88%, 0, 0, 2, 22107.30, 70445223, 206
3362, 953, 27, 30, 0, 0, 4.88%, 0, 0, 2, 20975.21, 70555101, 206
3367, 955, 27, 30, 0, 0, 4.88%, 0, 0, 2, 22533.97, 70671780, 206
3372, 956, 6, 30, 0, 0, 4.88%, 0, 0, 2, 21700.41, 70780635, 206
3377, 958, 6, 30, 0, 0, 4.88%, 0, 0, 2, 22535.05, 70898125, 206
3383, 959, 6, 30, 0, 0, 4.88%, 0, 0, 2, 21346.11, 71005606, 206
3388, 961, 6, 30, 0, 0, 4.88%, 0, 0, 2, 22097.93, 71120698, 206
3393, 962, 18, 30, 0, 0, 4.88%, 0, 0, 2, 21649.05, 71231317, 206
3398, 964, 6, 30, 0, 0, 4.88%, 0, 0, 2, 22764.08, 71350661, 206
3403, 965, 6, 30, 0, 0, 4.88%, 0, 0, 2, 22063.45, 71458372, 206
3408, 967, 3, 30, 0, 0, 4.88%, 0, 0, 2, 24061.27, 71579460, 206
3413, 968, 6, 30, 0, 0, 4.88%, 0, 0, 2, 22409.68, 71688596, 206
3418, 970, 15, 30, 0, 0, 4.88%, 0, 0, 2, 22673.04, 71801837, 206
3423, 971, 3, 30, 0, 0, 4.88%, 0, 0, 2, 21859.50, 71909720, 206
3428, 973, 6, 30, 0, 0, 4.88%, 0, 0, 2, 22291.19, 72026067, 206
3433, 974, 9, 30, 0, 0, 4.88%, 0, 0, 2, 22002.90, 72135559, 206
3439, 976, 24, 30, 0, 0, 4.88%, 0, 0, 2, 22257.97, 72254448, 206
3444, 977, 6, 30, 0, 0, 4.88%, 0, 0, 2, 21839.85, 72363148, 206
3449, 979, 6, 30, 0, 0, 4.88%, 0, 0, 2, 22803.57, 72482476, 206
3454, 981, 20, 30, 0, 0, 4.88%, 0, 0, 2, 22162.44, 72595582, 206
3459, 982, 27, 30, 0, 0, 4.88%, 0, 0, 2, 21978.52, 72707141, 206
3464, 984, 18, 30, 0, 0, 4.88%, 0, 0, 2, 22561.16, 72818884, 206
3469, 985, 6, 30, 0, 0, 4.88%, 0, 0, 2, 22043.22, 72934421, 206
3475, 987, 6, 30, 0, 0, 4.88%, 0, 0, 2, 22076.44, 73048306, 206
3480, 988, 25, 30, 0, 0, 4.88%, 0, 0, 2, 22709.85, 73170507, 206
3485, 990, 6, 30, 0, 0, 4.88%, 0, 0, 2, 22301.16, 73283175, 206
3490, 991, 6, 30, 0, 0, 4.88%, 0, 0, 2, 22047.61, 73393614, 206
3495, 993, 2, 30, 0, 0, 4.88%, 0, 0, 2, 22447.30, 73508303, 206
3500, 994, 18, 30, 0, 0, 4.88%, 0, 0, 2, 20814.72, 73613463, 206
3505, 996, 6, 30, 0, 0, 4.88%, 0, 0, 2, 21493.24, 73725271, 206
3510, 998, 27, 30, 0, 0, 4.88%, 0, 0, 2, 23155.19, 73850037, 206
3516, 999, 18, 30, 0, 0, 4.88%, 0, 0, 2, 22668.71, 73964597, 206
3521, 1001, 6, 30, 0, 0, 4.88%, 0, 0, 2, 21053.23, 74073678, 206
3526, 1002, 3, 30, 0, 0, 4.88%, 0, 0, 2, 23313.58, 74196158, 206
3531, 1004, 6, 30, 0, 0, 4.88%, 0, 0, 2, 21595.13, 74302862, 206
3536, 1005, 6, 30, 0, 0, 4.88%, 0, 0, 2, 22514.98, 74416218, 206
3541, 1007, 6, 30, 0, 0, 4.88%, 0, 0, 2, 21287.39, 74526645, 206
3546, 1008, 6, 30, 0, 0, 4.88%, 0, 0, 2, 22340.59, 74638717, 206
3551, 1010, 21, 30, 0, 0, 4.88%, 0, 0, 2, 21587.84, 74747859, 206
3556, 1011, 6, 30, 0, 0, 4.88%, 0, 0, 2, 22413.02, 74865073, 206
3561, 1013, 6, 30, 0, 0, 4.88%, 0, 0, 2, 20320.54, 74969335, 206
3567, 1014, 25, 30, 0, 0, 4.88%, 0, 0, 2, 22498.83, 75086397, 206
3572, 1016, 14, 30, 0, 0, 4.88%, 0, 0, 2, 21470.64, 75199053, 206
3577, 1018, 11, 30, 0, 0, 4.88%, 0, 0, 2, 22472.62, 75315824, 206
3582, 1019, 6, 30, 0, 0, 4.88%, 0, 0, 2, 21383.17, 75423491, 206
3587, 1021, 11, 30, 0, 0, 4.88%, 0, 0, 2, 22374.08, 75540596, 206
3592, 1022, 26, 30, 0, 0, 4.88%, 0, 0, 2, 22142.98, 75655325, 206
3597, 1024, 6, 30, 0, 0, 4.88%, 0, 0, 2, 25240.03, 75784440, 206
3602, 1025, 6, 30, 0, 0, 4.88%, 0, 0, 2, 22178.48, 75890650, 206
3608, 1027, 6, 30, 0, 0, 4.88%, 0, 0, 2, 23488.77, 76012594, 206
3613, 1028, 25, 30, 0, 0, 4.88%, 0, 0, 2, 22021.32, 76120917, 206
3618, 1030, 15, 30, 0, 0, 4.88%, 0, 0, 2, 23687.75, 76241854, 206
3623, 1031, 6, 30, 0, 0, 4.88%, 0, 0, 2, 21621.22, 76345102, 206
3628, 1033, 6, 30, 0, 0, 4.88%, 0, 0, 2, 22854.14, 76465827, 206
3633, 1035, 6, 30, 0, 0, 4.88%, 0, 0, 2, 21823.98, 76577337, 206
3638, 1036, 16, 30, 0, 0, 4.88%, 0, 0, 2, 22760.66, 76695884, 206
3643, 1038, 6, 30, 0, 0, 4.88%, 0, 0, 2, 22964.69, 76810818, 206
3649, 1039, 3, 30, 0, 0, 4.88%, 0, 0, 2, 22878.23, 76930318, 206
3654, 1041, 21, 30, 0, 0, 4.88%, 0, 0, 2, 22061.77, 77039487, 206
3659, 1043, 21, 30, 0, 0, 4.88%, 0, 0, 2, 23429.04, 77163289, 206
3664, 1044, 26, 30, 0, 0, 4.88%, 0, 0, 2, 22433.84, 77276212, 206
3669, 1046, 6, 30, 0, 0, 4.88%, 0, 0, 2, 22849.37, 77396614, 206
3674, 1047, 26, 30, 0, 0, 4.88%, 0, 0, 2, 22865.75, 77509206, 206
3679, 1049, 6, 30, 0, 0, 4.88%, 0, 0, 2, 21916.20, 77624993, 206
3685, 1050, 24, 30, 0, 0, 4.88%, 0, 0, 2, 21566.83, 77732637, 206
3690, 1052, 6, 30, 0, 0, 4.88%, 0, 0, 2, 21981.38, 77847763, 206
3695, 1054, 6, 30, 0, 0, 4.88%, 0, 0, 2, 22396.60, 77962762, 206
3700, 1055, 20, 30, 0, 0, 4.88%, 0, 0, 2, 21898.47, 78079327, 206
3705, 1057, 6, 30, 0, 0, 4.88%, 0, 0, 2, 22046.98, 78192510, 206
3710, 1058, 6, 30, 0, 0, 4.88%, 0, 0, 2, 22019.90, 78308277, 206
3716, 1060, 25, 30, 0, 0, 4.88%, 0, 0, 2, 22934.72, 78427056, 206
3721, 1061, 6, 30, 0, 0, 4.88%, 0, 0, 2, 21689.20, 78539728, 206
3726, 1063, 26, 30, 0, 0, 4.88%, 0, 0, 2, 22109.03, 78655712, 206
3731, 1065, 6, 30, 0, 0, 4.88%, 0, 0, 2, 21925.28, 78769796, 206
3736, 1066, 6, 30, 0, 0, 4.88%, 0, 0, 2, 22291.77, 78882247, 206
3741, 1067, 6, 30, 0, 0, 4.88%, 0, 0, 2, 20823.10, 78990201, 206
3747, 1069, 6, 30, 0, 0, 4.88%, 0, 0, 2, 22557.13, 79107631, 206
3752, 1071, 12, 30, 0, 0, 4.88%, 0, 0, 2, 22415.89, 79224752, 206
3757, 1072, 16, 30, 0, 0, 4.88%, 0, 0, 2, 22983.46, 79342975, 206
3762, 1074, 6, 30, 0, 0, 4.88%, 0, 0, 2, 21599.00, 79449678, 206
3767, 1075, 6, 30, 0, 0, 4.88%, 0, 0, 2, 22983.66, 79566914, 206
3772, 1077, 9, 30, 0, 0, 4.88%, 0, 0, 2, 21955.15, 79679048, 206
3777, 1078, 6, 30, 0, 0, 4.88%, 0, 0, 2, 23154.20, 79799051, 206
3782, 1080, 6, 30, 0, 0, 4.88%, 0, 0, 2, 21446.62, 79905308, 206
3787, 1082, 6, 30, 0, 0, 4.88%, 0, 0, 2, 22698.45, 80023972, 206
3793, 1083, 11, 30, 0, 0, 4.88%, 0, 0, 2, 21501.34, 80133920, 206
3798, 1085, 12, 30, 0, 0, 4.88%, 0, 0, 2, 22488.11, 80252441, 206
3803, 1086, 16, 30, 0, 0, 4.88%, 0, 0, 2, 21514.69, 80360557, 206
3808, 1088, 24, 30, 0, 0, 4.88%, 0, 0, 2, 23259.92, 80479627, 206
3813, 1089, 6, 30, 0, 0, 4.88%, 0, 0, 2, 21572.88, 80585604, 206
3818, 1091, 6, 30, 0, 0, 4.88%, 0, 0, 2, 23301.94, 80706764, 206
3823, 1092, 12, 30, 0, 0, 4.88%, 0, 0, 2, 22130.54, 80816612, 206
3828, 1094, 6, 30, 0, 0, 4.88%, 0, 0, 2, 23621.33, 80939959, 206
3834, 1095, 16, 30, 0, 0, 4.88%, 0, 0, 2, 23014.49, 81055926, 206
3839, 1097, 6, 30, 0, 0, 4.88%, 0, 0, 2, 22683.35, 81171299, 206
3844, 1099, 6, 30, 0, 0, 4.88%, 0, 0, 2, 21895.99, 81280870, 206
3849, 1100, 15, 30, 0, 0, 4.88%, 0, 0, 2, 22152.35, 81393822, 206
3854, 1102, 6, 30, 0, 0, 4.88%, 0, 0, 2, 22015.53, 81502130, 206
3859, 1103, 11, 30, 0, 0, 4.88%, 0, 0, 2, 21408.32, 81616071, 206
3864, 1105, 6, 30, 0, 0, 4.88%, 0, 0, 2, 22566.37, 81729642, 206
3869, 1106, 6, 30, 0, 0, 4.88%, 0, 0, 2, 22201.02, 81843071, 206
3874, 1108, 6, 30, 0, 0, 4.88%, 0, 0, 2, 21685.08, 81952547, 206
3880, 1109, 6, 30, 0, 0, 4.88%, 0, 0, 2, 21776.92, 82067797, 206
3885, 1111, 17, 30, 0, 0, 4.88%, 0, 0, 2, 22076.43, 82176431, 206
3890, 1112, 16, 30, 0, 0, 4.88%, 0, 0, 2, 22551.53, 82299099, 206
3895, 1114, 6, 30, 0, 0, 4.88%, 0, 0, 2, 22451.47, 82415139, 206
3900, 1115, 6, 30, 0, 0, 4.88%, 0, 0, 2, 21523.35, 82528911, 206
3905, 1117, 6, 30, 0, 0, 4.88%, 0, 0, 2, 22143.22, 82642288, 206
3911, 1119, 6, 30, 0, 0, 4.88%, 0, 0, 2, 22021.87, 82756962, 206
3916, 1120, 9, 30, 0, 0, 4.88%, 0, 0, 2, 22814.93, 82874567, 206
3921, 1122, 15, 30, 0, 0, 4.88%, 0, 0, 2, 21004.41, 82983980, 206
3926, 1123, 6, 30, 0, 0, 4.88%, 0, 0, 2, 22348.55, 83097552, 206
3931, 1125, 12, 30, 0, 0, 4.88%, 0, 0, 2, 21357.09, 83205777, 206
3936, 1126, 25, 30, 0, 0, 4.88%, 0, 0, 2, 23346.29, 83324121, 206
3941, 1128, 6, 30, 0, 0, 4.88%, 0, 0, 2, 22308.41, 83435980, 206
3946, 1129, 26, 30, 0, 0, 4.88%, 0, 0, 2, 22746.02, 83551925, 206
3951, 1131, 6, 30, 0, 0, 4.88%, 0, 0, 2, 21948.84, 83666941, 206
3957, 1133, 6, 30, 0, 0, 4.88%, 0, 0, 2, 22786.05, 83786056, 206
3962, 1134, 14, 30, 0, 0, 4.88%, 0, 0, 2, 21632.91, 83898505, 206
3967, 1136, 5, 30, 0, 0, 4.88%, 0, 0, 2, 22478.91, 84013060, 206
3972, 1137, 9, 30, 0, 0, 4.88%, 0, 0, 2, 21508.75, 84124375, 206
3977, 1139, 6, 30, 0, 0, 4.88%, 0, 0, 2, 23215.01, 84245524, 206
3982, 1140, 11, 30, 0, 0, 4.88%, 0, 0, 2, 20389.38, 84344667, 206
3987, 1142, 26, 30, 0, 0, 4.88%, 0, 0, 2, 22574.88, 84464671, 206
3992, 1143, 6, 30, 0, 0, 4.88%, 0, 0, 2, 21610.07, 84570688, 206
3998, 1145, 6, 30, 0, 0, 4.88%, 0, 0, 2, 22609.45, 84688129, 206
4003, 1146, 6, 30, 0, 0, 4.88%, 0, 0, 2, 23302.03, 84800593, 206
4008, 1148, 6, 30, 0, 0, 4.88%, 0, 0, 2, 23353.85, 84918389, 206
4013, 1149, 6, 30, 0, 0, 4.88%, 0, 0, 2, 21919.37, 85027348, 206
4018, 1151, 21, 30, 0, 0, 4.88%, 0, 0, 2, 22395.35, 85145172, 206
4023, 1152, 2, 30, 0, 0, 4.88%, 0, 0, 2, 21943.40, 85256728, 206
4028, 1154, 15, 30, 0, 0, 4.88%, 0, 0, 2, 23137.58, 85378107, 206
4033, 1156, 6, 30, 0, 0, 4.88%, 0, 0, 2, 21967.63, 85491088, 206
4038, 1157, 6, 30, 0, 0, 4.88%, 0, 0, 2, 22676.53, 85608629, 206
4044, 1159, 22, 30, 0, 0, 4.88%, 0, 0, 2, 22048.52, 85720227, 206
4049, 1160, 25, 30, 0, 0, 4.88%, 0, 0, 2, 22653.43, 85838500, 206
4054, 1162, 6, 30, 0, 0, 4.88%, 0, 0, 2, 22624.65, 85950727, 206
4059, 1163, 6, 30, 0, 0, 4.88%, 0, 0, 2, 22423.02, 86068062, 206
4064, 1165, 14, 30, 0, 0, 4.88%, 0, 0, 2, 22475.98, 86179938, 206
4069, 1167, 16, 30, 0, 0, 4.88%, 0, 0, 2, 21949.31, 86295213, 206
4075, 1168, 26, 30, 0, 0, 4.88%, 0, 0, 2, 22386.51, 86409793, 206
4080, 1170, 3, 30, 0, 0, 4.88%, 0, 0, 2, 21787.28, 86520276, 206
4085, 1171, 18, 30, 0, 0, 4.88%, 0, 0, 2, 22338.63, 86629969, 206
4090, 1173, 6, 30, 0, 0, 4.88%, 0, 0, 2, 21908.05, 86745743, 206
4095, 1174, 6, 30, 0, 0, 4.88%, 0, 0, 2, 23163.23, 86864447, 206
4100, 1176, 25, 30, 0, 0, 4.88%, 0, 0, 2, 20797.89, 86973873, 206
4105, 1177, 6, 30, 0, 0, 4.88%, 0, 0, 2, 22436.20, 87086735, 206
4110, 1179, 26, 30, 0, 0, 4.88%, 0, 0, 2, 22631.95, 87208547, 206
4116, 1181, 15, 30, 0, 0, 4.88%, 0, 0, 2, 23580.54, 87330211, 206
4121, 1182, 12, 30, 0, 0, 4.88%, 0, 0, 2, 22280.98, 87444101, 206
4126, 1184, 20, 30, 0, 0, 4.88%, 0, 0, 2, 22881.71, 87560077, 206
4131, 1185, 6, 30, 0, 0, 4.88%, 0, 0, 2, 21937.53, 87675950, 206
4136, 1187, 3, 30, 0, 0, 4.88%, 0, 0, 2, 23455.08, 87798167, 206
4141, 1188, 6, 30, 0, 0, 4.88%, 0, 0, 2, 21673.64, 87907015, 206
4146, 1190, 26, 30, 0, 0, 4.88%, 0, 0, 2, 22889.27, 88024099, 206
4152, 1191, 6, 30, 0, 0, 4.88%, 0, 0, 2, 21403.03, 88135537, 206
4157, 1193, 6, 30, 0, 0, 4.88%, 0, 0, 2, 22701.11, 88252890, 206
4162, 1194, 6, 30, 0, 0, 4.88%, 0, 0, 2, 21596.82, 88360567, 206
4167, 1196, 26, 30, 0, 0, 4.88%, 0, 0, 2, 23109.36, 88482701, 206
4172, 1198, 6, 30, 0, 0, 4.88%, 0, 0, 2, 22430.90, 88598838, 206
4177, 1199, 6, 30, 0, 0, 4.88%, 0, 0, 2, 23075.77, 88715157, 206
4182, 1201, 6, 30, 0, 0, 4.88%, 0, 0, 2, 22192.68, 88832005, 206
4187, 1202, 6, 30, 0, 0, 4.88%, 0, 0, 2, 22908.32, 88947336, 206
4192, 1204, 6, 30, 0, 0, 4.88%, 0, 0, 2, 23420.38, 89065111, 206
4197, 1206, 16, 30, 0, 0, 4.88%, 0, 0, 2, 24289.77, 89190666, 206
4202, 1207, 6, 30, 0, 0, 4.88%, 0, 0, 2, 22351.34, 89300133, 206
4207, 1209, 16, 30, 0, 0, 4.88%, 0, 0, 2, 23573.92, 89417752, 206
4213, 1210, 6, 30, 0, 0, 4.88%, 0, 0, 2, 22147.15, 89529436, 206
4218, 1212, 6, 30, 0, 0, 4.88%, 0, 0, 2, 23406.11, 89650994, 206
4223, 1213, 9, 30, 0, 0, 4.88%, 0, 0, 2, 22194.81, 89761464, 206
4228, 1215, 24, 30, 0, 0, 4.88%, 0, 0, 2, 23196.78, 89880124, 206
4233, 1216, 25, 30, 0, 0, 4.88%, 0, 0, 2, 21627.21, 89984874, 206
4238, 1218, 27, 30, 0, 0, 4.88%, 0, 0, 2, 22719.51, 90104116, 206
4243, 1220, 6, 30, 0, 0, 4.88%, 0, 0, 2, 22422.60, 90214851, 206
4248, 1221, 14, 30, 0, 0, 4.88%, 0, 0, 2, 23265.38, 90335794, 206
4254, 1223, 6, 30, 0, 0, 4.88%, 0, 0, 2, 22814.74, 90450675, 206
4259, 1225, 21, 30, 0, 0, 4.88%, 0, 0, 2, 23738.22, 90575312, 206
4264, 1226, 21, 30, 0, 0, 4.88%, 0, 0, 2, 22494.47, 90689043, 206
4269, 1228, 21, 30, 0, 0, 4.88%, 0, 0, 2, 22818.79, 90808515, 206
4274, 1229, 6, 30, 0, 0, 4.88%, 0, 0, 2, 22631.09, 90922832, 206
4279, 1231, 6, 30, 0, 0, 4.88%, 0, 0, 2, 21461.77, 91031913, 206
4284, 1232, 6, 30, 0, 0, 4.88%, 0, 0, 2, 24400.28, 91155405, 206
4290, 1234, 6, 30, 0, 0, 4.88%, 0, 0, 2, 23395.49, 91273773, 206
4295, 1236, 6, 30, 0, 0, 4.88%, 0, 0, 2, 22973.06, 91391297, 206
4300, 1237, 6, 30, 0, 0, 4.88%, 0, 0, 2, 22106.86, 91507206, 206
4305, 1239, 6, 30, 0, 0, 4.88%, 0, 0, 2, 23437.75, 91628790, 206
4310, 1240, 15, 30, 0, 0, 4.88%, 0, 0, 2, 22866.56, 91743367, 206
4315, 1242, 15, 30, 0, 0, 4.88%, 0, 0, 2, 23481.82, 91858971, 206
4320, 1244, 16, 30, 0, 0, 4.88%, 0, 0, 2, 22650.32, 91975719, 206
4325, 1245, 9, 30, 0, 0, 4.88%, 0, 0, 2, 24750.47, 92102118, 206
4330, 1247, 22, 30, 0, 0, 4.88%, 0, 0, 2, 22105.27, 92215196, 206
4336, 1248, 6, 30, 0, 0, 4.88%, 0, 0, 2, 23507.09, 92336781, 206
4341, 1250, 6, 30, 0, 0, 4.88%, 0, 0, 2, 20590.04, 92444353, 206
4346, 1252, 15, 30, 0, 0, 4.88%, 0, 0, 2, 22825.71, 92564033, 206
4351, 1253, 24, 30, 0, 0, 4.88%, 0, 0, 2, 22972.23, 92684713, 206
4356, 1255, 6, 30, 0, 0, 4.88%, 0, 0, 2, 23198.72, 92802880, 206
4362, 1256, 27, 30, 0, 0, 4.88%, 0, 0, 2, 22628.01, 92918480, 206
4367, 1258, 20, 30, 0, 0, 4.88%, 0, 0, 2, 23725.04, 93041800, 206
4372, 1259, 26, 30, 0, 0, 4.88%, 0, 0, 2, 22422.50, 93153062, 206
4377, 1261, 6, 30, 0, 0, 4.88%, 0, 0, 2, 23689.04, 93280441, 206
4382, 1263, 6, 30, 0, 0, 4.88%, 0, 0, 2, 22533.37, 93396934, 206
4387, 1264, 6, 30, 0, 0, 4.88%, 0, 0, 2, 23901.10, 93520591, 206
4392, 1266, 9, 30, 0, 0, 4.88%, 0, 0, 2, 23230.08, 93640125, 206
4397, 1268, 6, 30, 0, 0, 4.88%, 0, 0, 2, 23690.70, 93762415, 206
4403, 1269, 26, 30, 0, 0, 4.88%, 0, 0, 2, 21593.06, 93870329, 206
4408, 1271, 25, 30, 0, 0, 4.88%, 0, 0, 2, 22781.52, 93992588, 206
4413, 1272, 6, 30, 0, 0, 4.88%, 0, 0, 2, 22409.32, 94105692, 206
4418, 1274, 24, 30, 0, 0, 4.88%, 0, 0, 2, 24370.01, 94229164, 206
4423, 1275, 24, 30, 0, 0, 4.88%, 0, 0, 2, 22590.05, 94339437, 206
4428, 1277, 20, 30, 0, 0, 4.88%, 0, 0, 2, 23481.29, 94461734, 206
4433, 1279, 27, 30, 0, 0, 4.88%, 0, 0, 2, 22818.63, 94576062, 206
4439, 1280, 6, 30, 0, 0, 4.88%, 0, 0, 2, 22959.87, 94697069, 206
4444, 1282, 27, 30, 0, 0, 4.88%, 0, 0, 2, 22153.74, 94809441, 206
4449, 1283, 21, 30, 0, 0, 4.88%, 0, 0, 2, 22495.46, 94927266, 206
4454, 1285, 16, 30, 0, 0, 4.88%, 0, 0, 2, 22595.39, 95037229, 206
4459, 1287, 26, 30, 0, 0, 4.88%, 0, 0, 2, 23081.83, 95160924, 206
4464, 1288, 27, 30, 0, 0, 4.88%, 0, 0, 2, 22351.63, 95270253, 206
4469, 1290, 20, 30, 0, 0, 4.88%, 0, 0, 2, 22731.09, 95391636, 206
4474, 1291, 6, 30, 0, 0, 4.88%, 0, 0, 2, 23060.97, 95505457, 206
4480, 1293, 6, 30, 0, 0, 4.88%, 0, 0, 2, 22692.22, 95624554, 206
4485, 1294, 6, 30, 0, 0, 4.88%, 0, 0, 2, 22060.96, 95733438, 206
4490, 1296, 14, 30, 0, 0, 4.88%, 0, 0, 2, 22397.10, 95851971, 206
4495, 1297, 6, 30, 0, 0, 4.88%, 0, 0, 2, 23345.70, 95974101, 206
4500, 1299, 21, 30, 0, 0, 4.88%, 0, 0, 2, 22474.77, 96088939, 206
4505, 1301, 6, 30, 0, 0, 4.88%, 0, 0, 2, 22968.08, 96207270, 206
4510, 1302, 6, 30, 0, 0, 4.88%, 0, 0, 2, 22396.24, 96320179, 206
4515, 1304, 7, 30, 0, 0, 4.88%, 0, 0, 2, 23635.26, 96438054, 206
4520, 1305, 16, 30, 0, 0, 4.88%, 0, 0, 2, 21171.95, 96546567, 206
4526, 1307, 21, 30, 0, 0, 4.88%, 0, 0, 2, 22961.84, 96664256, 206
4531, 1308, 20, 30, 0, 0, 4.88%, 0, 0, 2, 22224.07, 96779542, 206
4536, 1310, 21, 30, 0, 0, 4.88%, 0, 0, 2, 23119.83, 96900852, 206
4541, 1312, 6, 30, 0, 0, 4.88%, 0, 0, 2, 22579.79, 97021615, 206
4546, 1313, 21, 30, 0, 0, 4.88%, 0, 0, 2, 24140.92, 97143093, 206
4551, 1315, 27, 30, 0, 0, 4.88%, 0, 0, 2, 22302.41, 97260376, 206
4557, 1316, 2, 30, 0, 0, 4.88%, 0, 0, 2, 23215.90, 97381336, 206
4562, 1318, 6, 30, 0, 0, 4.88%, 0, 0, 2, 21152.84, 97489267, 206
4567, 1319, 26, 30, 0, 0, 4.88%, 0, 0, 2, 23229.09, 97611670, 206
4572, 1321, 15, 30, 0, 0, 4.88%, 0, 0, 2, 21460.39, 97720045, 206
4577, 1323, 9, 30, 0, 0, 4.88%, 0, 0, 2, 22669.15, 97838854, 206
4582, 1324, 3, 30, 0, 0, 4.88%, 0, 0, 2, 21236.87, 97945751, 206
4587, 1325, 6, 30, 0, 0, 4.88%, 0, 0, 2, 22629.47, 98060854, 206
4592, 1327, 16, 30, 0, 0, 4.88%, 0, 0, 2, 22117.21, 98171631, 206
4597, 1329, 26, 30, 0, 0, 4.88%, 0, 0, 2, 23244.63, 98287809, 206
4603, 1330, 6, 30, 0, 0, 4.88%, 0, 0, 2, 22508.25, 98400821, 206
4608, 1332, 9, 30, 0, 0, 4.88%, 0, 0, 2, 23549.77, 98523627, 206
4613, 1333, 6, 30, 0, 0, 4.88%, 0, 0, 2, 22420.69, 98635201, 206
4618, 1335, 6, 30, 0, 0, 4.88%, 0, 0, 2, 22677.45, 98753987, 206
4623, 1336, 9, 30, 0, 0, 4.88%, 0, 0, 2, 22324.18, 98869320, 206
4628, 1338, 6, 30, 0, 0, 4.88%, 0, 0, 2, 23028.31, 98989137, 206
4633, 1339, 6, 30, 0, 0, 4.88%, 0, 0, 2, 22339.48, 99099135, 206
4638, 1341, 2, 30, 0, 0, 4.88%, 0, 0, 2, 23227.78, 99215262, 206
4643, 1342, 6, 30, 0, 0, 4.88%, 0, 0, 2, 22673.76, 99325915, 206
4648, 1344, 24, 30, 0, 0, 4.88%, 0, 0, 2, 23027.29, 99445023, 206
4654, 1346, 6, 30, 0, 0, 4.88%, 0, 0, 2, 22501.00, 99558515, 206
4659, 1347, 6, 30, 0, 0, 4.88%, 0, 0, 2, 23006.29, 99678797, 206
4664, 1349, 22, 30, 0, 0, 4.88%, 0, 0, 2, 22380.49, 99787580, 206
4669, 1350, 24, 30, 0, 0, 4.88%, 0, 0, 2, 22436.08, 99904106, 206
4674, 1352, 6, 30, 0, 0, 4.88%, 0, 0, 2, 22093.40, 100012279, 206
4679, 1353, 6, 30, 0, 0, 4.88%, 0, 0, 2, 23193.46, 100135287, 206
4684, 1355, 6, 30, 0, 0, 4.88%, 0, 0, 2, 23128.76, 100249086, 206
4689, 1356, 6, 30, 0, 0, 4.88%, 0, 0, 2, 23052.54, 100365027, 206
4694, 1358, 20, 30, 0, 0, 4.88%, 0, 0, 2, 22048.05, 100475477, 206
4699, 1359, 6, 30, 0, 0, 4.88%, 0, 0, 2, 21999.08, 100593709, 206
4705, 1361, 6, 30, 0, 0, 4.88%, 0, 0, 2, 22039.36, 100707801, 206
4710, 1363, 18, 30, 0, 0, 4.88%, 0, 0, 2, 22357.53, 100825818, 206
4715, 1364, 14, 30, 0, 0, 4.88%, 0, 0, 2, 21867.76, 100937862, 206
4720, 1366, 6, 30, 0, 0, 4.88%, 0, 0, 2, 22388.78, 101056440, 206
4725, 1367, 9, 30, 0, 0, 4.88%, 0, 0, 2, 23331.16, 101177029, 206
4730, 1369, 6, 30, 0, 0, 4.88%, 0, 0, 2, 21860.69, 101291131, 206
4736, 1370, 6, 30, 0, 0, 4.88%, 0, 0, 2, 22892.23, 101409279, 206
4741, 1372, 26, 30, 0, 0, 4.88%, 0, 0, 2, 21461.37, 101518784, 206
4746, 1374, 25, 30, 0, 0, 4.88%, 0, 0, 2, 22988.36, 101639447, 206
4751, 1375, 6, 30, 0, 0, 4.88%, 0, 0, 2, 22445.69, 101752543, 206
4756, 1377, 6, 30, 0, 0, 4.88%, 0, 0, 2, 23685.81, 101877170, 206
4761, 1378, 21, 30, 0, 0, 4.88%, 0, 0, 2, 21282.15, 101983995, 206
4767, 1380, 6, 30, 0, 0, 4.88%, 0, 0, 2, 22987.88, 102103757, 206
4772, 1381, 9, 30, 0, 0, 4.88%, 0, 0, 2, 21934.05, 102215731, 206
4777, 1383, 6, 30, 0, 0, 4.88%, 0, 0, 2, 23481.70, 102337934, 206
4782, 1385, 6, 30, 0, 0, 4.88%, 0, 0, 2, 22002.92, 102451440, 206
4787, 1386, 12, 30, 0, 0, 4.88%, 0, 0, 2, 23563.92, 102576753, 206
4792, 1388, 26, 30, 0, 0, 4.88%, 0, 0, 2, 21552.34, 102683785, 206
4797, 1389, 22, 30, 0, 0, 4.88%, 0, 0, 2, 23064.38, 102801201, 206
4802, 1391, 21, 30, 0, 0, 4.88%, 0, 0, 2, 22194.82, 102911176, 206
4807, 1392, 11, 30, 0, 0, 4.88%, 0, 0, 2, 23195.10, 103030749, 206
4812, 1394, 18, 30, 0, 0, 4.88%, 0, 0, 2, 22322.46, 103142910, 206
4818, 1396, 15, 30, 0, 0, 4.88%, 0, 0, 2, 22651.15, 103259475, 206
4823, 1397, 6, 30, 0, 0, 4.88%, 0, 0, 2, 22416.72, 103372036, 206
4828, 1399, 6, 30, 0, 0, 4.88%, 0, 0, 2, 23165.01, 103492484, 206
4833, 1400, 6, 30, 0, 0, 4.88%, 0, 0, 2, 22508.03, 103607624, 206
4838, 1402, 6, 30, 0, 0, 4.88%, 0, 0, 2, 25053.83, 103734748, 206
4844, 1403, 14, 30, 0, 0, 4.88%, 0, 0, 2, 22705.69, 103846299, 206
4849, 1405, 11, 30, 0, 0, 4.88%, 0, 0, 2, 23462.36, 103970454, 206
4854, 1407, 6, 30, 0, 0, 4.88%, 0, 0, 2, 22944.37, 104086348, 206
4859, 1408, 9, 30, 0, 0, 4.88%, 0, 0, 2, 22551.90, 104200946, 206
4864, 1410, 6, 30, 0, 0, 4.88%, 0, 0, 2, 22873.72, 104317866, 206
4869, 1411, 25, 30, 0, 0, 4.88%, 0, 0, 2, 22879.82, 104437532, 206
4874, 1413, 6, 30, 0, 0, 4.88%, 0, 0, 2, 23013.75, 104553072, 206
4879, 1415, 26, 30, 0, 0, 4.88%, 0, 0, 2, 22068.72, 104670410, 206
4885, 1416, 6, 30, 0, 0, 4.88%, 0, 0, 2, 22466.49, 104783333, 206
4890, 1418, 25, 30, 0, 0, 4.88%, 0, 0, 2, 23316.52, 104908421, 206
4895, 1419, 15, 30, 0, 0, 4.88%, 0, 0, 2, 23597.32, 105026643, 206
4900, 1421, 6, 30, 0, 0, 4.88%, 0, 0, 2, 22642.47, 105144616, 206
4905, 1422, 6, 30, 0, 0, 4.88%, 0, 0, 2, 23022.84, 105261887, 206
4911, 1424, 2, 30, 0, 0, 4.88%, 0, 0, 2, 22038.29, 105377281, 206
4916, 1426, 20, 30, 0, 0, 4.88%, 0, 0, 2, 22770.26, 105495605, 206
4921, 1427, 6, 30, 0, 0, 4.88%, 0, 0, 2, 21363.20, 105605372, 206
4926, 1429, 6, 30, 0, 0, 4.88%, 0, 0, 2, 22877.78, 105723403, 206
4931, 1430, 6, 30, 0, 0, 4.88%, 0, 0, 2, 22598.68, 105842341, 206
4936, 1432, 6, 30, 0, 0, 4.88%, 0, 0, 2, 23255.78, 105962745, 206
4941, 1433, 6, 30, 0, 0, 4.88%, 0, 0, 2, 21498.82, 106071127, 206
4947, 1435, 21, 30, 0, 0, 4.88%, 0, 0, 2, 22557.82, 106188697, 206
4952, 1437, 24, 30, 0, 0, 4.88%, 0, 0, 2, 22232.34, 106304119, 206
4957, 1438, 6, 30, 0, 0, 4.88%, 0, 0, 2, 22466.04, 106422316, 206
4962, 1440, 21, 30, 0, 0, 4.88%, 0, 0, 2, 22287.12, 106537371, 206
4967, 1441, 24, 30, 0, 0, 4.88%, 0, 0, 2, 23194.77, 106657757, 206
4972, 1443, 26, 30, 0, 0, 4.88%, 0, 0, 2, 22496.23, 106771875, 206
4978, 1445, 14, 30, 0, 0, 4.88%, 0, 0, 2, 23336.98, 106893145, 206
4983, 1446, 11, 30, 0, 0, 4.88%, 0, 0, 2, 22626.46, 107009357, 206
4988, 1448, 6, 30, 0, 0, 4.88%, 0, 0, 2, 23629.89, 107133491, 206
4993, 1449, 6, 30, 0, 0, 4.88%, 0, 0, 2, 22238.58, 107245449, 206
4998, 1451, 6, 30, 0, 0, 4.88%, 0, 0, 2, 22845.61, 107365227, 206
5004, 1452, 6, 30, 0, 0, 4.88%, 0, 0, 2, 22091.74, 107474231, 206
5009, 1454, 6, 30, 0, 0, 4.88%, 0, 0, 2, 23463.67, 107598313, 206
5014, 1456, 6, 30, 0, 0, 4.88%, 0, 0, 2, 22284.89, 107706693, 206
5019, 1457, 16, 30, 0, 0, 4.88%, 0, 0, 2, 23127.72, 107828087, 206
5024, 1459, 27, 30, 0, 0, 4.88%, 0, 0, 2, 22426.09, 107938927, 206
5029, 1461, 11, 30, 0, 0, 4.88%, 0, 0, 2, 23007.09, 108056713, 206
5034, 1462, 22, 30, 0, 0, 4.88%, 0, 0, 2, 22156.18, 108170551, 206
5039, 1464, 14, 30, 0, 0, 4.88%, 0, 0, 2, 22005.96, 108283919, 206
5044, 1465, 26, 30, 0, 0, 4.88%, 0, 0, 2, 23168.45, 108402227, 206
5050, 1467, 6, 30, 0, 0, 4.88%, 0, 0, 2, 22331.53, 108519957, 206
5055, 1468, 6, 30, 0, 0, 4.88%, 0, 0, 2, 22551.88, 108634673, 206
5060, 1470, 20, 30, 0, 0, 4.88%, 0, 0, 2, 20892.87, 108739747, 206
5065, 1471, 6, 30, 0, 0, 4.88%, 0, 0, 2, 22669.41, 108852889, 206
5070, 1473, 12, 30, 0, 0, 4.88%, 0, 0, 2, 21970.95, 108964895, 206
5075, 1474, 11, 30, 0, 0, 4.88%, 0, 0, 2, 22574.47, 109078504, 206
5080, 1476, 6, 30, 0, 0, 4.88%, 0, 0, 2, 22013.31, 109196558, 206
5085, 1477, 26, 30, 0, 0, 4.88%, 0, 0, 2, 23126.31, 109315875, 206
5090, 1479, 6, 30, 0, 0, 4.88%, 0, 0, 2, 21897.37, 109431825, 206
5096, 1481, 6, 30, 0, 0, 4.88%, 0, 0, 2, 22897.45, 109547243, 206
5101, 1482, 6, 30, 0, 0, 4.88%, 0, 0, 2, 21384.89, 109655933, 206
5106, 1484, 6, 30, 0, 0, 4.88%, 0, 0, 2, 22818.35, 109775349, 206
5111, 1485, 25, 30, 0, 0, 4.88%, 0, 0, 2, 21764.52, 109889602, 206
5116, 1487, 6, 30, 0, 0, 4.88%, 0, 0, 2, 23451.94, 110011679, 206
5121, 1488, 22, 30, 0, 0, 4.88%, 0, 0, 2, 21546.84, 110123255, 206
5126, 1490, 22, 30, 0, 0, 4.88%, 0, 0, 2, 23017.10, 110240916, 206
5131, 1492, 16, 30, 0, 0, 4.88%, 0, 0, 2, 21976.40, 110350528, 206
5137, 1493, 20, 30, 0, 0, 4.88%, 0, 0, 2, 22813.43, 110468489, 206
5142, 1495, 16, 30, 0, 0, 4.88%, 0, 0, 2, 21192.10, 110579996, 206
5147, 1496, 26, 30, 0, 0, 4.88%, 0, 0, 2, 22758.65, 110699983, 206
5152, 1498, 9, 30, 0, 0, 4.88%, 0, 0, 2, 21589.56, 110810371, 206
5157, 1499, 9, 30, 0, 0, 4.88%, 0, 0, 2, 23004.60, 110926160, 206
5162, 1501, 6, 30, 0, 0, 4.88%, 0, 0, 2, 22999.12, 111044065, 206
5167, 1502, 24, 30, 0, 0, 4.88%, 0, 0, 2, 22807.48, 111162915, 206
5173, 1504, 6, 30, 0, 0, 4.88%, 0, 0, 2, 22419.32, 111277287, 206
5178, 1506, 24, 30, 0, 0, 4.88%, 0, 0, 2, 23512.38, 111398793, 206
5183, 1507, 15, 30, 0, 0, 4.88%, 0, 0, 2, 20931.38, 111500599, 206
5188, 1509, 6, 30, 0, 0, 4.88%, 0, 0, 2, 22484.60, 111618075, 206
5193, 1510, 6, 30, 0, 0, 4.88%, 0, 0, 2, 21521.10, 111723669, 206
5198, 1512, 6, 30, 0, 0, 4.88%, 0, 0, 2, 22657.37, 111842269, 206
5203, 1513, 24, 30, 0, 0, 4.88%, 0, 0, 2, 22457.33, 111953844, 206
5208, 1515, 12, 30, 0, 0, 4.88%, 0, 0, 2, 23053.51, 112072258, 206
5213, 1516, 6, 30, 0, 0, 4.88%, 0, 0, 2, 22642.64, 112180090, 206
5219, 1518, 6, 30, 0, 0, 4.88%, 0, 0, 2, 24268.53, 112310441, 206
5224, 1519, 6, 30, 0, 0, 4.88%, 0, 0, 2, 22844.95, 112419195, 206
5229, 1521, 3, 30, 0, 0, 4.88%, 0, 0, 2, 23390.79, 112538774, 206
5234, 1522, 2, 30, 0, 0, 4.88%, 0, 0, 2, 22258.16, 112648518, 206
5239, 1524, 2, 30, 0, 0, 4.88%, 0, 0, 2, 22181.06, 112762498, 206
5244, 1525, 27, 30, 0, 0, 4.88%, 0, 0, 2, 21410.36, 112869486, 206
5249, 1527, 6, 30, 0, 0, 4.88%, 0, 0, 2, 22667.42, 112985161, 206
5254, 1528, 14, 30, 0, 0, 4.88%, 0, 0, 2, 21785.11, 113094791, 206
5259, 1530, 21, 30, 0, 0, 4.88%, 0, 0, 2, 22704.28, 113213817, 206
5265, 1531, 14, 30, 0, 0, 4.88%, 0, 0, 2, 22024.04, 113323778, 206
5270, 1533, 6, 30, 0, 0, 4.88%, 0, 0, 2, 22097.09, 113438584, 206
5275, 1535, 16, 30, 0, 0, 4.88%, 0, 0, 2, 22800.51, 113555561, 206
5280, 1536, 14, 30, 0, 0, 4.88%, 0, 0, 2, 22064.18, 113671545, 206
5285, 1538, 22, 30, 0, 0, 4.88%, 0, 0, 2, 23356.03, 113789793, 206
5290, 1539, 6, 30, 0, 0, 4.88%, 0, 0, 2, 22073.20, 113902415, 206
5296, 1541, 6, 30, 0, 0, 4.88%, 0, 0, 2, 23602.64, 114024127, 206
5301, 1542, 24, 30, 0, 0, 4.88%, 0, 0, 2, 21006.10, 114133221, 206
5306, 1544, 6, 30, 0, 0, 4.88%, 0, 0, 2, 22095.19, 114248259, 206
5311, 1545, 14, 30, 0, 0, 4.88%, 0, 0, 2, 22713.66, 114364469, 206
5316, 1547, 6, 30, 0, 0, 4.88%, 0, 0, 2, 22650.51, 114477336, 206
5321, 1548, 26, 30, 0, 0, 4.88%, 0, 0, 2, 21904.25, 114590125, 206
5326, 1550, 26, 30, 0, 0, 4.88%, 0, 0, 2, 23355.49, 114708831, 206
5331, 1552, 6, 30, 0, 0, 4.88%, 0, 0, 2, 21653.06, 114820022, 206
5336, 1553, 2, 30, 0, 0, 4.88%, 0, 0, 2, 23126.27, 114940005, 206
5342, 1555, 6, 30, 0, 0, 4.88%, 0, 0, 2, 21466.27, 115050768, 206
5347, 1556, 6, 30, 0, 0, 4.88%, 0, 0, 2, 23236.81, 115172545, 206
5352, 1558, 26, 30, 0, 0, 4.88%, 0, 0, 2, 21734.05, 115284772, 206
5357, 1560, 20, 30, 0, 0, 4.88%, 0, 0, 2, 23118.47, 115407299, 206
5362, 1561, 6, 30, 0, 0, 4.88%, 0, 0, 2, 21952.67, 115514720, 206
5367, 1563, 3, 30, 0, 0, 4.88%, 0, 0, 2, 23515.05, 115635533, 206
5372, 1564, 26, 30, 0, 0, 4.88%, 0, 0, 2, 22479.11, 115747221, 206
5377, 1566, 14, 30, 0, 0, 4.88%, 0, 0, 2, 22841.89, 115861305, 206
5382, 1567, 6, 30, 0, 0, 4.88%, 0, 0, 2, 22454.99, 115976551, 206
5388, 1569, 6, 30, 0, 0, 4.88%, 0, 0, 2, 24730.47, 116105110, 206
5393, 1570, 6, 30, 0, 0, 4.88%, 0, 0, 2, 22884.94, 116220218, 206
5398, 1572, 6, 30, 0, 0, 4.88%, 0, 0, 2, 23728.03, 116344537, 206
5403, 1574, 6, 30, 0, 0, 4.88%, 0, 0, 2, 22786.12, 116460241, 206
5408, 1575, 24, 30, 0, 0, 4.88%, 0, 0, 2, 23705.82, 116584603, 206
5413, 1577, 20, 30, 0, 0, 4.88%, 0, 0, 2, 22992.27, 116696039, 206
5418, 1578, 6, 30, 0, 0, 4.88%, 0, 0, 2, 22254.80, 116810475, 206
5423, 1580, 11, 30, 0, 0, 4.88%, 0, 0, 2, 21386.48, 116912426, 206
5428, 1581, 21, 30, 0, 0, 4.88%, 0, 0, 2, 22518.09, 117027164, 206
5434, 1583, 21, 30, 0, 0, 4.88%, 0, 0, 2, 22203.81, 117139094, 206
5439, 1584, 12, 30, 0, 0, 4.88%, 0, 0, 2, 22520.01, 117257070, 206
5444, 1586, 26, 30, 0, 0, 4.88%, 0, 0, 2, 22059.86, 117367388, 206
5449, 1587, 6, 30, 0, 0, 4.88%, 0, 0, 2, 22410.88, 117485370, 206
5454, 1589, 11, 30, 0, 0, 4.88%, 0, 0, 2, 23126.85, 117601097, 206
5459, 1591, 6, 30, 0, 0, 4.88%, 0, 0, 2, 23234.18, 117725748, 206
5465, 1592, 6, 30, 0, 0, 4.88%, 0, 0, 2, 22990.59, 117842164, 206
5470, 1594, 11, 30, 0, 0, 4.88%, 0, 0, 2, 23125.10, 117960814, 206
5475, 1596, 6, 30, 0, 0, 4.88%, 0, 0, 2, 22965.14, 118077315, 206
5480, 1597, 6, 30, 0, 0, 4.88%, 0, 0, 2, 21583.78, 118189319, 206
5485, 1599, 6, 30, 0, 0, 4.88%, 0, 0, 2, 23462.59, 118308723, 206
5490, 1600, 6, 30, 0, 0, 4.88%, 0, 0, 2, 22917.35, 118428417, 206
5495, 1602, 6, 30, 0, 0, 4.88%, 0, 0, 2, 22739.33, 118543683, 206
5500, 1604, 6, 30, 0, 0, 4.88%, 0, 0, 2, 23611.36, 118672299, 206
5506, 1605, 18, 30, 0, 0, 4.88%, 0, 0, 2, 23371.76, 118790826, 206
5511, 1607, 21, 30, 0, 0, 4.88%, 0, 0, 2, 22176.59, 118902792, 206
5516, 1608, 6, 30, 0, 0, 4.88%, 0, 0, 2, 22673.76, 119019659, 206
5521, 1610, 6, 30, 0, 0, 4.88%, 0, 0, 2, 22253.72, 119135036, 206
5526, 1611, 12, 30, 0, 0, 4.88%, 0, 0, 2, 22386.39, 119251577, 206
5531, 1613, 6, 30, 0, 0, 4.88%, 0, 0, 2, 22037.44, 119368106, 206
5536, 1615, 24, 30, 0, 0, 4.88%, 0, 0, 2, 23382.94, 119490050, 206
5541, 1616, 6, 30, 0, 0, 4.88%, 0, 0, 2, 21594.93, 119598464, 206
5547, 1618, 2, 30, 0, 0, 4.88%, 0, 0, 2, 23079.58, 119716387, 206
5552, 1619, 9, 30, 0, 0, 4.88%, 0, 0, 2, 21699.03, 119828259, 206
5557, 1621, 15, 30, 0, 0, 4.88%, 0, 0, 2, 22926.10, 119947884, 206
5562, 1622, 24, 30, 0, 0, 4.88%, 0, 0, 2, 21882.97, 120060141, 206
5567, 1624, 15, 30, 0, 0, 4.88%, 0, 0, 2, 23494.84, 120184215, 206
5572, 1626, 6, 30, 0, 0, 4.88%, 0, 0, 2, 22497.57, 120297785, 206
5578, 1627, 6, 30, 0, 0, 4.88%, 0, 0, 2, 24538.82, 120425000, 206
5583, 1629, 27, 30, 0, 0, 4.88%, 0, 0, 2, 22887.24, 120538952, 206
5588, 1631, 6, 30, 0, 0, 4.88%, 0, 0, 2, 23626.12, 120662822, 206
5593, 1632, 6, 30, 0, 0, 4.88%, 0, 0, 2, 22104.62, 120771899, 206
5598, 1634, 6, 30, 0, 0, 4.88%, 0, 0, 2, 23243.12, 120893978, 206
5603, 1635, 6, 30, 0, 0, 4.88%, 0, 0, 2, 21992.41, 121003544, 206
5608, 1637, 6, 30, 0, 0, 4.88%, 0, 0, 2, 23292.87, 121122767, 206
5614, 1638, 14, 30, 0, 0, 4.88%, 0, 0, 2, 22927.10, 121238751, 206
5619, 1640, 6, 30, 0, 0, 4.88%, 0, 0, 2, 23225.22, 121358144, 206
5624, 1642, 26, 30, 0, 0, 4.88%, 0, 0, 2, 22337.03, 121469679, 206
5629, 1643, 3, 30, 0, 0, 4.88%, 0, 0, 2, 22806.08, 121585031, 206
5634, 1645, 6, 30, 0, 0, 4.88%, 0, 0, 2, 22986.45, 121703072, 206
5639, 1646, 18, 30, 0, 0, 4.88%, 0, 0, 2, 21839.17, 121812317, 206
5644, 1648, 6, 30, 0, 0, 4.88%, 0, 0, 2, 22097.31, 121921009, 206
5649, 1649, 6, 30, 0, 0, 4.88%, 0, 0, 2, 22766.72, 122040414, 206
5654, 1651, 27, 30, 0, 0, 4.88%, 0, 0, 2, 23119.43, 122155685, 206
5660, 1652, 15, 30, 0, 0, 4.88%, 0, 0, 2, 22187.54, 122274361, 206
5665, 1654, 25, 30, 0, 0, 4.88%, 0, 0, 2, 22589.47, 122385692, 206
5670, 1655, 6, 30, 0, 0, 4.88%, 0, 0, 2, 21791.49, 122501233, 206
5675, 1657, 6, 30, 0, 0, 4.88%, 0, 0, 2, 23875.11, 122626279, 206
5680, 1659, 18, 30, 0, 0, 4.88%, 0, 0, 2, 22020.07, 122740203, 206
5685, 1660, 9, 30, 0, 0, 4.88%, 0, 0, 2, 23260.98, 122855475, 206
5690, 1662, 3, 30, 0, 0, 4.88%, 0, 0, 2, 24355.26, 122990206, 206
5695, 1664, 6, 30, 0, 0, 4.88%, 0, 0, 2, 23585.18, 123105795, 206
5701, 1665, 6, 30, 0, 0, 4.88%, 0, 0, 2, 23281.75, 123230717, 206
5706, 1667, 6, 30, 0, 0, 4.88%, 0, 0, 2, 23321.57, 123349569, 206
5711, 1668, 26, 30, 0, 0, 4.88%, 0, 0, 2, 21827.58, 123461211, 206
5716, 1670, 26, 30, 0, 0, 4.88%, 0, 0, 2, 22604.79, 123577499, 206
5721, 1671, 6, 30, 0, 0, 4.88%, 0, 0, 2, 21350.25, 123689809, 206
5726, 1673, 11, 30, 0, 0, 4.88%, 0, 0, 2, 22840.40, 123808042, 206
5731, 1674, 6, 30, 0, 0, 4.88%, 0, 0, 2, 21748.45, 123918091, 206
5736, 1676, 6, 30, 0, 0, 4.88%, 0, 0, 2, 23687.60, 124041824, 206
5742, 1678, 6, 30, 0, 0, 4.88%, 0, 0, 2, 22088.02, 124156481, 206
5747, 1679, 27, 30, 0, 0, 4.88%, 0, 0, 2, 22737.71, 124277333, 206
5752, 1681, 2, 30, 0, 0, 4.88%, 0, 0, 2, 21244.77, 124387890, 206
5757, 1682, 6, 30, 0, 0, 4.88%, 0, 0, 2, 23588.14, 124514106, 206
5762, 1684, 11, 30, 0, 0, 4.88%, 0, 0, 2, 21525.76, 124623566, 206
5767, 1686, 20, 30, 0, 0, 4.88%, 0, 0, 2, 24312.62, 124753152, 206
5773, 1687, 6, 30, 0, 0, 4.88%, 0, 0, 2, 22600.07, 124863569, 206
5778, 1689, 26, 30, 0, 0, 4.88%, 0, 0, 2, 23565.64, 124986605, 206
5783, 1690, 2, 30, 0, 0, 4.88%, 0, 0, 2, 22154.49, 125091655, 206
5788, 1692, 9, 30, 0, 0, 4.88%, 0, 0, 2, 23186.61, 125208783, 206
5793, 1693, 18, 30, 0, 0, 4.88%, 0, 0, 2, 21842.25, 125319580, 206
5798, 1695, 20, 30, 0, 0, 4.88%, 0, 0, 2, 23330.86, 125440340, 206
5803, 1696, 12, 30, 0, 0, 4.88%, 0, 0, 2, 23234.67, 125559601, 206
5808, 1698, 6, 30, 0, 0, 4.88%, 0, 0, 2, 23305.23, 125681461, 206
5813, 1699, 3, 30, 0, 0, 4.88%, 0, 0, 2, 21621.63, 125784529, 206
5819, 1701, 20, 30, 0, 0, 4.88%, 0, 0, 2, 23508.63, 125910761, 206
5824, 1703, 14, 30, 0, 0, 4.88%, 0, 0, 2, 22439.19, 126021448, 206
5829, 1705, 20, 30, 0, 0, 4.88%, 0, 0, 2, 26032.72, 126155237, 206
5834, 1706, 6, 30, 0, 0, 4.88%, 0, 0, 2, 24118.39, 126270064, 206
5839, 1708, 15, 30, 0, 0, 4.88%, 0, 0, 2, 23113.25, 126388764, 206
5844, 1709, 9, 30, 0, 0, 4.88%, 0, 0, 2, 21312.57, 126494881, 206
5849, 1711, 6, 30, 0, 0, 4.88%, 0, 0, 2, 22771.48, 126617630, 206
5854, 1712, 6, 30, 0, 0, 4.88%, 0, 0, 2, 22478.20, 126730252, 206
5860, 1714, 6, 30, 0, 0, 4.88%, 0, 0, 2, 22567.79, 126849523, 206
5865, 1716, 6, 30, 0, 0, 4.88%, 0, 0, 2, 22761.33, 126965209, 206
5870, 1717, 6, 30, 0, 0, 4.88%, 0, 0, 2, 21969.71, 127075991, 206
5875, 1719, 6, 30, 0, 0, 4.88%, 0, 0, 2, 22899.84, 127193924, 206
5880, 1720, 6, 30, 0, 0, 4.88%, 0, 0, 2, 22338.72, 127310979, 206
5885, 1722, 6, 30, 0, 0, 4.88%, 0, 0, 2, 23690.41, 127432752, 206
5891, 1723, 6, 30, 0, 0, 4.88%, 0, 0, 2, 21787.63, 127546593, 206
5896, 1725, 6, 30, 0, 0, 4.88%, 0, 0, 2, 22843.37, 127661225, 206
5901, 1726, 6, 30, 0, 0, 4.88%, 0, 0, 2, 21464.74, 127773093, 206
5906, 1728, 6, 30, 0, 0, 4.88%, 0, 0, 2, 22825.31, 127889200, 206
5911, 1730, 14, 30, 0, 0, 4.88%, 0, 0, 2, 21793.03, 128006262, 206
5916, 1731, 6, 30, 0, 0, 4.88%, 0, 0, 2, 23247.79, 128127277, 206
5921, 1733, 16, 30, 0, 0, 4.88%, 0, 0, 2, 21802.55, 128238596, 206
5926, 1734, 6, 30, 0, 0, 4.88%, 0, 0, 2, 23763.60, 128362793, 206
5931, 1736, 26, 30, 0, 0, 4.88%, 0, 0, 2, 21606.15, 128473112, 206
5936, 1738, 6, 30, 0, 0, 4.88%, 0, 0, 2, 23818.45, 128591181, 206
5941, 1739, 14, 30, 0, 0, 4.88%, 0, 0, 2, 21403.01, 128696327, 206
5946, 1741, 6, 30, 0, 0, 4.88%, 0, 0, 2, 22576.32, 128813170, 206
5952, 1742, 26, 30, 0, 0, 4.88%, 0, 0, 2, 22137.30, 128930358, 206
5957, 1744, 24, 30, 0, 0, 4.88%, 0, 0, 2, 23006.21, 129045109, 206
5962, 1745, 6, 30, 0, 0, 4.88%, 0, 0, 2, 21483.40, 129152160, 206
5967, 1747, 24, 30, 0, 0, 4.88%, 0, 0, 2, 25851.06, 129287587, 206
5972, 1748, 6, 30, 0, 0, 4.88%, 0, 0, 2, 22889.58, 129399089, 206
5977, 1750, 24, 30, 0, 0, 4.88%, 0, 0, 2, 22673.42, 129513249, 206
5982, 1752, 26, 30, 0, 0, 4.88%, 0, 0, 2, 22090.82, 129627914, 206
5987, 1753, 18, 30, 0, 0, 4.88%, 0, 0, 2, 23488.26, 129750709, 206
5992, 1755, 6, 30, 0, 0, 4.88%, 0, 0, 2, 21163.08, 129855277, 206
5997, 1756, 6, 30, 0, 0, 4.88%, 0, 0, 2, 22552.70, 129974096, 206
6002, 1758, 6, 30, 0, 0, 4.88%, 0, 0, 2, 21634.37, 130083426, 206
6008, 1759, 6, 30, 0, 0, 4.88%, 0, 0, 2, 23258.88, 130205714, 206
6013, 1761, 6, 30, 0, 0, 4.88%, 0, 0, 2, 22036.51, 130313959, 206
6018, 1762, 6, 30, 0, 0, 4.88%, 0, 0, 2, 24077.92, 130441515, 206
6023, 1764, 6, 30, 0, 0, 4.88%, 0, 0, 2, 22125.17, 130546066, 206
6028, 1766, 16, 30, 0, 0, 4.88%, 0, 0, 2, 24144.37, 130671583, 206
6033, 1767, 6, 30, 0, 0, 4.88%, 0, 0, 2, 22459.53, 130782873, 206
6038, 1769, 20, 30, 0, 0, 4.88%, 0, 0, 2, 23234.72, 130900991, 206
6043, 1770, 6, 30, 0, 0, 4.88%, 0, 0, 2, 22351.46, 131010630, 206
6048, 1772, 6, 30, 0, 0, 4.88%, 0, 0, 2, 23593.14, 131134295, 206
6053, 1773, 6, 30, 0, 0, 4.88%, 0, 0, 2, 23856.68, 131251057, 206
6059, 1775, 6, 30, 0, 0, 4.88%, 0, 0, 2, 23848.58, 131374578, 206
6064, 1777, 6, 30, 0, 0, 4.88%, 0, 0, 2, 22340.13, 131484951, 206
6069, 1778, 20, 30, 0, 0, 4.88%, 0, 0, 2, 24994.79, 131617302, 206
6074, 1780, 15, 30, 0, 0, 4.88%, 0, 0, 2, 22893.77, 131733097, 206
6079, 1782, 14, 30, 0, 0, 4.88%, 0, 0, 2, 23242.30, 131858157, 206
6084, 1783, 6, 30, 0, 0, 4.88%, 0, 0, 2, 22270.63, 131969575, 206
6089, 1785, 6, 30, 0, 0, 4.88%, 0, 0, 2, 23185.75, 132089526, 206
6095, 1786, 6, 30, 0, 0, 4.88%, 0, 0, 2, 23696.60, 132208346, 206
6100, 1788, 6, 30, 0, 0, 4.88%, 0, 0, 2, 22735.62, 132326910, 206
6105, 1790, 24, 30, 0, 0, 4.88%, 0, 0, 2, 23158.82, 132447080, 206
6110, 1791, 6, 30, 0, 0, 4.88%, 0, 0, 2, 22454.38, 132559149, 206
6115, 1793, 3, 30, 0, 0, 4.88%, 0, 0, 2, 23135.43, 132679332, 206
6120, 1794, 6, 30, 0, 0, 4.88%, 0, 0, 2, 22062.27, 132792445, 206
6125, 1796, 6, 30, 0, 0, 4.88%, 0, 0, 2, 26492.57, 132927756, 206
6131, 1798, 22, 30, 0, 0, 4.88%, 0, 0, 2, 22507.12, 133042161, 206
6136, 1799, 6, 30, 0, 0, 4.88%, 0, 0, 2, 23833.48, 133166298, 206
6141, 1801, 26, 30, 0, 0, 4.88%, 0, 0, 2, 20802.47, 133271178, 206
6146, 1802, 6, 30, 0, 0, 4.88%, 0, 0, 2, 23555.25, 133396642, 206
6151, 1804, 6, 30, 0, 0, 4.88%, 0, 0, 2, 22431.25, 133513569, 206
6156, 1806, 6, 30, 0, 0, 4.88%, 0, 0, 2, 22915.47, 133628167, 206
6161, 1807, 6, 30, 0, 0, 4.88%, 0, 0, 2, 22613.45, 133745901, 206
6167, 1809, 6, 30, 0, 0, 4.88%, 0, 0, 2, 23828.54, 133867477, 206
6172, 1811, 6, 30, 0, 0, 4.88%, 0, 0, 2, 22657.31, 133983605, 206
6177, 1812, 16, 30, 0, 0, 4.88%, 0, 0, 2, 23365.36, 134104288, 206
6182, 1814, 6, 30, 0, 0, 4.88%, 0, 0, 2, 22344.47, 134215221, 206
6187, 1815, 6, 30, 0, 0, 4.88%, 0, 0, 2, 23445.99, 134336841, 206
6192, 1817, 26, 30, 0, 0, 4.88%, 0, 0, 2, 22809.55, 134454591, 206
6198, 1819, 6, 30, 0, 0, 4.88%, 0, 0, 2, 24642.52, 134580745, 206
6203, 1820, 6, 30, 0, 0, 4.88%, 0, 0, 2, 22850.41, 134690165, 206
6208, 1822, 6, 30, 0, 0, 4.88%, 0, 0, 2, 23035.04, 134809351, 206
6213, 1823, 26, 30, 0, 0, 4.88%, 0, 0, 2, 22746.99, 134925757, 206
6218, 1825, 6, 30, 0, 0, 4.88%, 0, 0, 2, 23306.39, 135047149, 206
6223, 1826, 20, 30, 0, 0, 4.88%, 0, 0, 2, 22773.65, 135162687, 206
6228, 1828, 6, 30, 0, 0, 4.88%, 0, 0, 2, 23265.50, 135283693, 206
6234, 1830, 6, 30, 0, 0, 4.88%, 0, 0, 2, 23439.63, 135403244, 206
6239, 1831, 6, 30, 0, 0, 4.88%, 0, 0, 2, 22929.36, 135522659, 206
6244, 1833, 6, 30, 0, 0, 4.88%, 0, 0, 2, 22747.18, 135633089, 206
6249, 1834, 6, 30, 0, 0, 4.88%, 0, 0, 2, 23761.76, 135756569, 206
6254, 1836, 6, 30, 0, 0, 4.88%, 0, 0, 2, 22455.57, 135868571, 206
6259, 1837, 24, 30, 0, 0, 4.88%, 0, 0, 2, 21724.95, 135983375, 206
6264, 1839, 6, 30, 0, 0, 4.88%, 0, 0, 2, 22959.94, 136098963, 206
6270, 1841, 22, 30, 0, 0, 4.88%, 0, 0, 2, 23154.99, 136222574, 206
6275, 1842, 6, 30, 0, 0, 4.88%, 0, 0, 2, 23261.67, 136336858, 206
6280, 1844, 26, 30, 0, 0, 4.88%, 0, 0, 2, 22660.97, 136456994, 206
6285, 1845, 16, 30, 0, 0, 4.88%, 0, 0, 2, 22342.90, 136571265, 206
6290, 1847, 6, 30, 0, 0, 4.88%, 0, 0, 2, 23074.05, 136694570, 206
6295, 1849, 6, 30, 0, 0, 4.88%, 0, 0, 2, 26007.35, 136826236, 206
6300, 1851, 14, 30, 0, 0, 4.88%, 0, 0, 2, 24750.90, 136955444, 206
6306, 1852, 21, 30, 0, 0, 4.88%, 0, 0, 2, 23750.94, 137076349, 206
6311, 1854, 6, 30, 0, 0, 4.88%, 0, 0, 2, 22916.70, 137195651, 206
6316, 1855, 12, 30, 0, 0, 4.88%, 0, 0, 2, 23448.47, 137319042, 206
6321, 1857, 6, 30, 0, 0, 4.88%, 0, 0, 2, 21422.26, 137427569, 206
6326, 1859, 27, 30, 0, 0, 4.88%, 0, 0, 2, 23138.67, 137547339, 206
6331, 1860, 6, 30, 0, 0, 4.88%, 0, 0, 2, 21718.32, 137659582, 206
6336, 1862, 6, 30, 0, 0, 4.88%, 0, 0, 2, 24956.82, 137788110, 206
6341, 1863, 6, 30, 0, 0, 4.88%, 0, 0, 2, 22502.11, 137901567, 206
6347, 1865, 26, 30, 0, 0, 4.88%, 0, 0, 2, 23769.25, 138024436, 206
6352, 1866, 6, 30, 0, 0, 4.88%, 0, 0, 2, 22956.11, 138142611, 206
6357, 1868, 6, 30, 0, 0, 4.88%, 0, 0, 2, 24111.50, 138268763, 206
6362, 1870, 14, 30, 0, 0, 4.88%, 0, 0, 2, 22748.04, 138382930, 206
6367, 1871, 6, 30, 0, 0, 4.88%, 0, 0, 2, 23706.91, 138507026, 206
6372, 1873, 6, 30, 0, 0, 4.88%, 0, 0, 2, 21842.42, 138616868, 206
6378, 1875, 16, 30, 0, 0, 4.88%, 0, 0, 2, 24146.38, 138744703, 206
6383, 1876, 6, 30, 0, 0, 4.88%, 0, 0, 2, 21779.10, 138849545, 206
6388, 1878, 5, 30, 0, 0, 4.88%, 0, 0, 2, 23684.98, 138974337, 206
6393, 1879, 6, 30, 0, 0, 4.88%, 0, 0, 2, 22405.57, 139088537, 206
6398, 1881, 26, 30, 0, 0, 4.88%, 0, 0, 2, 23241.91, 139208175, 206
6403, 1882, 6, 30, 0, 0, 4.88%, 0, 0, 2, 23025.63, 139327529, 206
6408, 1884, 6, 30, 0, 0, 4.88%, 0, 0, 2, 23663.54, 139444758, 206
6414, 1886, 14, 30, 0, 0, 4.88%, 0, 0, 2, 23305.89, 139562069, 206
6419, 1887, 27, 30, 0, 0, 4.88%, 0, 0, 2, 25513.35, 139693735, 206
6424, 1889, 6, 30, 0, 0, 4.88%, 0, 0, 2, 23248.18, 139806565, 206
6429, 1891, 26, 30, 0, 0, 4.88%, 0, 0, 2, 23491.66, 139928752, 206
6434, 1892, 12, 30, 0, 0, 4.88%, 0, 0, 2, 23733.78, 140048754, 206
6439, 1894, 6, 30, 0, 0, 4.88%, 0, 0, 2, 22277.81, 140162079, 206
6444, 1895, 15, 30, 0, 0, 4.88%, 0, 0, 2, 22730.76, 140277632, 206
6450, 1897, 15, 30, 0, 0, 4.88%, 0, 0, 2, 22466.79, 140396061, 206
6455, 1899, 11, 30, 0, 0, 4.88%, 0, 0, 2, 22971.71, 140514261, 206
6460, 1900, 6, 30, 0, 0, 4.88%, 0, 0, 2, 22492.09, 140631885, 206
6465, 1902, 6, 30, 0, 0, 4.88%, 0, 0, 2, 22676.41, 140747399, 206
6470, 1903, 6, 30, 0, 0, 4.88%, 0, 0, 2, 21913.73, 140860244, 206
6475, 1905, 26, 30, 0, 0, 4.88%, 0, 0, 2, 22592.86, 140976109, 206
6480, 1906, 6, 30, 0, 0, 4.88%, 0, 0, 2, 22466.53, 141094961, 206
6485, 1908, 6, 30, 0, 0, 4.88%, 0, 0, 2, 22580.06, 141206925, 206
6491, 1910, 24, 30, 0, 0, 4.88%, 0, 0, 2, 22813.45, 141327013, 206
6496, 1911, 24, 30, 0, 0, 4.88%, 0, 0, 2, 23579.16, 141446904, 206
6501, 1913, 6, 30, 0, 0, 4.88%, 0, 0, 2, 21958.89, 141559308, 206
6506, 1914, 16, 30, 0, 0, 4.88%, 0, 0, 2, 22835.14, 141674608, 206
6511, 1916, 6, 30, 0, 0, 4.88%, 0, 0, 2, 21950.28, 141790302, 206
6516, 1917, 6, 30, 0, 0, 4.88%, 0, 0, 2, 22668.15, 141907497, 206
6521, 1919, 6, 30, 0, 0, 4.88%, 0, 0, 2, 22565.94, 142024657, 206
6526, 1921, 25, 30, 0, 0, 4.88%, 0, 0, 2, 23821.30, 142145949, 206
6532, 1922, 21, 30, 0, 0, 4.88%, 0, 0, 2, 22349.27, 142260616, 206
6537, 1924, 27, 30, 0, 0, 4.88%, 0, 0, 2, 24063.45, 142383456, 206
6542, 1925, 16, 30, 0, 0, 4.88%, 0, 0, 2, 22126.97, 142495109, 206
6547, 1927, 6, 30, 0, 0, 4.88%, 0, 0, 2, 23018.80, 142615974, 206
6552, 1928, 26, 30, 0, 0, 4.88%, 0, 0, 2, 22604.30, 142728486, 206
6557, 1930, 22, 30, 0, 0, 4.88%, 0, 0, 2, 23298.07, 142849665, 206
6562, 1932, 6, 30, 0, 0, 4.88%, 0, 0, 2, 21513.05, 142953395, 206
6568, 1933, 21, 30, 0, 0, 4.88%, 0, 0, 2, 23447.83, 143078051, 206
6573, 1935, 6, 30, 0, 0, 4.88%, 0, 0, 2, 22245.12, 143188969, 206
6578, 1936, 3, 30, 0, 0, 4.88%, 0, 0, 2, 23280.52, 143312698, 206
6583, 1938, 20, 30, 0, 0, 4.88%, 0, 0, 2, 21942.54, 143423247, 206
6588, 1939, 22, 30, 0, 0, 4.88%, 0, 0, 2, 23752.74, 143548912, 206
6593, 1941, 6, 30, 0, 0, 4.88%, 0, 0, 2, 22681.52, 143663964, 206
6598, 1943, 27, 30, 0, 0, 4.88%, 0, 0, 2, 23528.27, 143785384, 206
6604, 1944, 11, 30, 0, 0, 4.88%, 0, 0, 2, 22857.81, 143901903, 206
6609, 1946, 16, 30, 0, 0, 4.88%, 0, 0, 2, 23982.89, 144026549, 206
6614, 1947, 6, 30, 0, 0, 4.88%, 0, 0, 2, 22468.48, 144136221, 206
6619, 1949, 6, 30, 0, 0, 4.88%, 0, 0, 2, 22845.81, 144255441, 206
6624, 1950, 6, 30, 0, 0, 4.88%, 0, 0, 2, 21783.03, 144364983, 206
6629, 1952, 16, 30, 0, 0, 4.88%, 0, 0, 2, 22559.59, 144485408, 206
6634, 1954, 26, 30, 0, 0, 4.88%, 0, 0, 2, 22667.22, 144601662, 206
6640, 1955, 6, 30, 0, 0, 4.88%, 0, 0, 2, 22926.25, 144720865, 206
6645, 1957, 21, 30, 0, 0, 4.88%, 0, 0, 2, 22794.07, 144837434, 206
6650, 1958, 6, 30, 0, 0, 4.88%, 0, 0, 2, 21857.05, 144947589, 206
6655, 1960, 6, 30, 0, 0, 4.88%, 0, 0, 2, 22769.76, 145064721, 206
6660, 1962, 6, 30, 0, 0, 4.88%, 0, 0, 2, 22947.44, 145184028, 206
6665, 1963, 3, 30, 0, 0, 4.88%, 0, 0, 2, 23476.92, 145305128, 206
6670, 1965, 6, 30, 0, 0, 4.88%, 0, 0, 2, 22697.02, 145419431, 206
6675, 1966, 26, 30, 0, 0, 4.88%, 0, 0, 2, 24129.90, 145543088, 206
6681, 1968, 6, 30, 0, 0, 4.88%, 0, 0, 2, 21597.24, 145655545, 206
6686, 1970, 25, 30, 0, 0, 4.88%, 0, 0, 2, 23196.98, 145774973, 206
6691, 1971, 24, 30, 0, 0, 4.88%, 0, 0, 2, 21774.07, 145887944, 206
6696, 1973, 6, 30, 0, 0, 4.88%, 0, 0, 2, 23968.63, 146011880, 206
6701, 1974, 20, 30, 0, 0, 4.88%, 0, 0, 2, 21853.21, 146125452, 206
6706, 1976, 6, 30, 0, 0, 4.88%, 0, 0, 2, 24151.92, 146252863, 206
6711, 1978, 6, 30, 0, 0, 4.88%, 0, 0, 2, 24861.33, 146378497, 206
6717, 1979, 26, 30, 0, 0, 4.88%, 0, 0, 2, 24213.09, 146503339, 206
6722, 1981, 3, 30, 0, 0, 4.88%, 0, 0, 2, 22137.11, 146615444, 206
6727, 1983, 3, 30, 0, 0, 4.88%, 0, 0, 2, 23079.31, 146734230, 206
6732, 1984, 6, 30, 0, 0, 4.88%, 0, 0, 2, 22052.91, 146844095, 206
6737, 1986, 6, 30, 0, 0, 4.88%, 0, 0, 2, 23277.38, 146964721, 206
6742, 1987, 24, 30, 0, 0, 4.88%, 0, 0, 2, 21284.18, 147068365, 206
6747, 1989, 6, 30, 0, 0, 4.88%, 0, 0, 2, 23324.16, 147193810, 206
6752, 1990, 26, 30, 0, 0, 4.88%, 0, 0, 2, 21979.25, 147303148, 206
6757, 1992, 20, 30, 0, 0, 4.88%, 0, 0, 2, 24452.25, 147426897, 206
6762, 1993, 6, 30, 0, 0, 4.88%, 0, 0, 2, 23166.93, 147542339, 206
6767, 1995, 20, 30, 0, 0, 4.88%, 0, 0, 2, 24669.04, 147672005, 206
6772, 1997, 5, 30, 0, 0, 4.88%, 0, 0, 2, 22932.76, 147784312, 206
6778, 1998, 6, 30, 0, 0, 4.88%, 0, 0, 2, 23829.07, 147910236, 206
6783, 2000, 24, 30, 0, 0, 4.88%, 0, 0, 2, 24093.95, 148030497, 206
6788, 2002, 6, 30, 0, 0, 4.88%, 0, 0, 2, 25470.82, 148163377, 206
6793, 2003, 6, 30, 0, 0, 4.88%, 0, 0, 2, 22945.22, 148273292, 206
6798, 2005, 9, 30, 0, 0, 4.88%, 0, 0, 2, 23883.83, 148399273, 206
6803, 2006, 6, 30, 0, 0, 4.88%, 0, 0, 2, 22319.87, 148504625, 206
6808, 2008, 21, 30, 0, 0, 4.88%, 0, 0, 2, 24272.45, 148632960, 206
6813, 2010, 6, 30, 0, 0, 4.88%, 0, 0, 2, 25037.65, 148750997, 206
6819, 2011, 6, 30, 0, 0, 4.88%, 0, 0, 2, 24243.47, 148875425, 206
6824, 2013, 14, 30, 0, 0, 4.88%, 0, 0, 2, 23544.47, 148988661, 206
6829, 2015, 21, 30, 0, 0, 4.88%, 0, 0, 2, 23833.85, 149109042, 206
6834, 2016, 6, 30, 0, 0, 4.88%, 0, 0, 2, 22459.74, 149220711, 206
6839, 2018, 27, 30, 0, 0, 4.88%, 0, 0, 2, 23487.78, 149345428, 206
6844, 2019, 6, 30, 0, 0, 4.88%, 0, 0, 2, 22048.22, 149458795, 206
6849, 2021, 6, 30, 0, 0, 4.88%, 0, 0, 2, 23385.40, 149583283, 206
6854, 2023, 9, 30, 0, 0, 4.88%, 0, 0, 2, 24245.13, 149706586, 206
6860, 2024, 9, 30, 0, 0, 4.88%, 0, 0, 2, 22198.96, 149822035, 206
6865, 2026, 6, 30, 0, 0, 4.88%, 0, 0, 2, 22683.50, 149936377, 206
6870, 2027, 24, 30, 0, 0, 4.88%, 0, 0, 2, 23550.70, 150057498, 206
6875, 2029, 7, 30, 0, 0, 4.88%, 0, 0, 2, 23493.53, 150178159, 206
6880, 2031, 21, 30, 0, 0, 4.88%, 0, 0, 2, 22472.24, 150292109, 206
6885, 2032, 6, 30, 0, 0, 4.88%, 0, 0, 2, 24114.84, 150416155, 206
6890, 2034, 9, 30, 0, 0, 4.88%, 0, 0, 2, 22319.42, 150533064, 206
6896, 2035, 6, 30, 0, 0, 4.88%, 0, 0, 2, 23010.84, 150651276, 206
6901, 2037, 21, 30, 0, 0, 4.88%, 0, 0, 2, 22190.39, 150768736, 206
6906, 2039, 16, 30, 0, 0, 4.88%, 0, 0, 2, 24638.98, 150896168, 206
6911, 2040, 5, 30, 0, 0, 4.88%, 0, 0, 2, 22791.90, 151013021, 206
6916, 2042, 6, 30, 0, 0, 4.88%, 0, 0, 2, 23770.29, 151136733, 206
6921, 2043, 6, 30, 0, 0, 4.88%, 0, 0, 2, 21403.16, 151242904, 206
6926, 2045, 5, 30, 0, 0, 4.88%, 0, 0, 2, 23408.19, 151363482, 206
6931, 2047, 6, 30, 0, 0, 4.88%, 0, 0, 2, 22715.36, 151477161, 206
6936, 2048, 6, 30, 0, 0, 4.88%, 0, 0, 2, 23921.85, 151599669, 206
6942, 2050, 27, 30, 0, 0, 4.88%, 0, 0, 2, 22441.73, 151711602, 206
6947, 2051, 6, 30, 0, 0, 4.88%, 0, 0, 2, 23315.85, 151831609, 206
6952, 2053, 6, 30, 0, 0, 4.88%, 0, 0, 2, 21765.85, 151946145, 206
6957, 2055, 6, 30, 0, 0, 4.88%, 0, 0, 2, 23505.75, 152068545, 206
6962, 2056, 6, 30, 0, 0, 4.88%, 0, 0, 2, 22355.55, 152179551, 206
6967, 2058, 21, 30, 0, 0, 4.88%, 0, 0, 2, 23797.08, 152304843, 206
6972, 2059, 6, 30, 0, 0, 4.88%, 0, 0, 2, 23345.69, 152423074, 206
6978, 2061, 6, 30, 0, 0, 4.88%, 0, 0, 2, 25512.30, 152551618, 206
6983, 2063, 6, 30, 0, 0, 4.88%, 0, 0, 2, 22430.92, 152657273, 206
6988, 2064, 18, 30, 0, 0, 4.88%, 0, 0, 2, 23635.48, 152782359, 206
6993, 2066, 26, 30, 0, 0, 4.88%, 0, 0, 2, 23189.77, 152903271, 206
6998, 2068, 11, 30, 0, 0, 4.88%, 0, 0, 2, 24902.03, 153034605, 206
7003, 2069, 27, 30, 0, 0, 4.88%, 0, 0, 2, 23086.63, 153145960, 206
7008, 2071, 6, 30, 0, 0, 4.88%, 0, 0, 2, 23386.51, 153268102, 206
7013, 2073, 2, 30, 0, 0, 4.88%, 0, 0, 2, 24432.56, 153395231, 206
7019, 2074, 27, 30, 0, 0, 4.88%, 0, 0, 2, 24763.33, 153522193, 206
7024, 2076, 27, 30, 0, 0, 4.88%, 0, 0, 2, 23595.11, 153635605, 206
7029, 2078, 6, 30, 0, 0, 4.88%, 0, 0, 2, 25101.12, 153768243, 206
7034, 2079, 24, 30, 0, 0, 4.88%, 0, 0, 2, 23639.87, 153886390, 206
7039, 2081, 6, 30, 0, 0, 4.88%, 0, 0, 2, 22993.87, 154005489, 206
7044, 2082, 16, 30, 0, 0, 4.88%, 0, 0, 2, 23765.14, 154119436, 206
7049, 2084, 24, 30, 0, 0, 4.88%, 0, 0, 2, 24375.68, 154248547, 206
7054, 2086, 6, 30, 0, 0, 4.88%, 0, 0, 2, 23685.83, 154368927, 206
7059, 2087, 6, 30, 0, 0, 4.88%, 0, 0, 2, 24910.13, 154494512, 206
7064, 2089, 18, 30, 0, 0, 4.88%, 0, 0, 2, 23521.65, 154608960, 206
7069, 2091, 24, 30, 0, 0, 4.88%, 0, 0, 2, 23918.61, 154731042, 206
7075, 2092, 18, 30, 0, 0, 4.88%, 0, 0, 2, 23778.74, 154852191, 206
7080, 2094, 6, 30, 0, 0, 4.88%, 0, 0, 2, 23645.15, 154976192, 206
7085, 2096, 6, 30, 0, 0, 4.88%, 0, 0, 2, 25142.95, 155103155, 206
7090, 2097, 6, 30, 0, 0, 4.88%, 0, 0, 2, 23547.58, 155223685, 206
7095, 2099, 27, 30, 0, 0, 4.88%, 0, 0, 2, 24575.27, 155350316, 206
7100, 2101, 6, 30, 0, 0, 4.88%, 0, 0, 2, 22401.97, 155465008, 206
7105, 2102, 20, 30, 0, 0, 4.88%, 0, 0, 2, 23185.75, 155584285, 206
7110, 2104, 3, 30, 0, 0, 4.88%, 0, 0, 2, 22700.11, 155700390, 206
7116, 2106, 6, 30, 0, 0, 4.88%, 0, 0, 2, 25591.33, 155831179, 206
7121, 2107, 18, 30, 0, 0, 4.88%, 0, 0, 2, 25063.15, 155967668, 206
7126, 2109, 15, 30, 0, 0, 4.88%, 0, 0, 2, 23947.91, 156088370, 206
7131, 2111, 15, 30, 0, 0, 4.88%, 0, 0, 2, 22471.53, 156204705, 206
7136, 2112, 3, 30, 0, 0, 4.88%, 0, 0, 2, 23736.79, 156325948, 206
7141, 2114, 27, 30, 0, 0, 4.88%, 0, 0, 2, 21916.82, 156438569, 206
7146, 2115, 16, 30, 0, 0, 4.88%, 0, 0, 2, 23387.53, 156559077, 206
7152, 2117, 6, 30, 0, 0, 4.88%, 0, 0, 2, 21962.29, 156672949, 206
7157, 2118, 6, 30, 0, 0, 4.88%, 0, 0, 2, 23442.35, 156791108, 206
7162, 2120, 3, 30, 0, 0, 4.88%, 0, 0, 2, 21664.89, 156899859, 206
7167, 2122, 16, 30, 0, 0, 4.88%, 0, 0, 2, 23841.16, 157023776, 206
7172, 2123, 9, 30, 0, 0, 4.88%, 0, 0, 2, 21900.11, 157136044, 206
7177, 2125, 9, 30, 0, 0, 4.88%, 0, 0, 2, 22974.21, 157254130, 206
7182, 2126, 11, 30, 0, 0, 4.88%, 0, 0, 2, 22650.04, 157369553, 206
7187, 2128, 6, 30, 0, 0, 4.88%, 0, 0, 2, 23761.40, 157492431, 206
7193, 2129, 6, 30, 0, 0, 4.88%, 0, 0, 2, 21948.67, 157605885, 206
7195, 2130, 6, 30, 0, 0, 4.88%, 0, 0, 2, 22501.79, 157650914, 206
