# relative_time, cycles_done, cur_item, corpus_count, pending_total, pending_favs, map_size, saved_crashes, saved_hangs, max_depth, execs_per_sec, total_execs, edges_found
60, 6, 27, 30, 3, 0, 4.88%, 0, 0, 2, 20304.06, 1308201, 206
65, 8, 2, 30, 3, 0, 4.88%, 0, 0, 2, 20927.81, 1414159, 206
70, 9, 9, 30, 3, 0, 4.88%, 0, 0, 2, 20369.64, 1517743, 206
75, 10, 2, 30, 1, 0, 4.88%, 0, 0, 2, 21207.33, 1628831, 206
81, 11, 13, 30, 1, 0, 4.88%, 0, 0, 2, 20349.02, 1733147, 206
86, 12, 25, 30, 1, 0, 4.88%, 0, 0, 2, 20820.52, 1838198, 206
91, 13, 27, 30, 1, 0, 4.88%, 0, 0, 2, 19326.24, 1932954, 206
96, 15, 2, 30, 1, 0, 4.88%, 0, 0, 2, 20637.53, 2041846, 206
101, 16, 2, 30, 0, 0, 4.88%, 0, 0, 2, 20427.74, 2144010, 206
106, 17, 8, 30, 0, 0, 4.88%, 0, 0, 2, 20873.92, 2249876, 206
111, 18, 13, 30, 0, 0, 4.88%, 0, 0, 2, 19804.89, 2350739, 206
116, 19, 21, 30, 0, 0, 4.88%, 0, 0, 2, 20798.46, 2459716, 206
121, 21, 0, 30, 0, 0, 4.88%, 0, 0, 2, 20523.89, 2564769, 206
127, 22, 4, 30, 0, 0, 4.88%, 0, 0, 2, 20897.67, 2673392, 206
132, 23, 13, 30, 0, 0, 4.88%, 0, 0, 2, 20182.56, 2771902, 206
137, 24, 24, 30, 0, 0, 4.88%, 0, 0, 2, 20723.13, 2880790, 206
142, 26, 0, 30, 0, 0, 4.88%, 0, 0, 2, 20569.61, 2986484, 206
147, 27, 2, 30, 0, 0, 4.88%, 0, 0, 2, 20014.65, 3087938, 206
152, 28, 11, 30, 0, 0, 4.88%, 0, 0, 2, 20051.30, 3186580, 206
157, 29, 15, 30, 0, 0, 4.88%, 0, 0, 2, 20323.94, 3289939, 206
162, 30, 26, 30, 0, 0, 4.88%, 0, 0, 2, 20473.68, 3395609, 206
168, 32, 2, 30, 0, 0, 4.88%, 0, 0, 2, 20246.74, 3501324, 206
173, 33, 8, 30, 0, 0, 4.88%, 0, 0, 2, 20680.09, 3607485, 206
178, 34, 14, 30, 0, 0, 4.88%, 0, 0, 2, 20292.29, 3711859, 206
183, 35, 21, 30, 0, 0, 4.88%, 0, 0, 2, 20349.72, 3813005, 206
188, 36, 27, 30, 0, 0, 4.88%, 0, 0, 2, 19944.86, 3917415, 206
193, 38, 2, 30, 0, 0, 4.88%, 0, 0, 2, 20448.88, 4020418, 206
198, 39, 12, 30, 0, 0, 4.88%, 0, 0, 2, 19918.66, 4122472, 206
203, 40, 18, 30, 0, 0, 4.88%, 0, 0, 2, 20266.14, 4226581, 206
208, 41, 26, 30, 0, 0, 4.88%, 0, 0, 2, 19400.97, 4324744, 206
213, 43, 2, 30, 0, 0, 4.88%, 0, 0, 2, 20435.75, 4428379, 206
219, 44, 11, 30, 0, 0, 4.88%, 0, 0, 2, 20213.11, 4534097, 206
224, 45, 20, 30, 0, 0, 4.88%, 0, 0, 2, 20781.99, 4642658, 206
229, 46, 26, 30, 0, 0, 4.88%, 0, 0, 2, 19613.15, 4742044, 206
234, 48, 2, 30, 0, 0, 4.88%, 0, 0, 2, 20497.04, 4845330, 206
239, 49, 7, 30, 0, 0, 4.88%, 0, 0, 2, 19680.75, 4944801, 206
244, 50, 13, 30, 0, 0, 4.88%, 0, 0, 2, 20514.02, 5048655, 206
249, 51, 21, 30, 0, 0, 4.88%, 0, 0, 2, 19786.32, 5149435, 206
254, 53, 0, 30, 0, 0, 4.88%, 0, 0, 2, 20408.46, 5252300, 206
259, 54, 2, 30, 0, 0, 4.88%, 0, 0, 2, 20067.06, 5356396, 206
265, 55, 13, 30, 0, 0, 4.88%, 0, 0, 2, 20500.95, 5462864, 206
270, 56, 21, 30, 0, 0, 4.88%, 0, 0, 2, 19830.10, 5565649, 206
275, 58, 0, 30, 0, 0, 4.88%, 0, 0, 2, 20465.96, 5672631, 206
280, 59, 2, 30, 0, 0, 4.88%, 0, 0, 2, 19281.83, 5769899, 206
285, 60, 10, 30, 0, 0, 4.88%, 0, 0, 2, 20472.15, 5874601, 206
290, 61, 15, 30, 0, 0, 4.88%, 0, 0, 2, 19903.62, 5977435, 206
295, 62, 25, 30, 0, 0, 4.88%, 0, 0, 2, 20569.70, 6084863, 206
300, 64, 2, 30, 0, 0, 4.88%, 0, 0, 2, 20360.76, 6186722, 206
305, 65, 4, 30, 0, 0, 4.88%, 0, 0, 2, 20702.79, 6291187, 206
310, 66, 13, 30, 0, 0, 4.88%, 0, 0, 2, 20057.91, 6390407, 206
315, 67, 20, 30, 0, 0, 4.88%, 0, 0, 2, 20656.16, 6495009, 206
320, 68, 26, 30, 0, 0, 4.88%, 0, 0, 2, 19812.38, 6593314, 206
326, 70, 2, 30, 0, 0, 4.88%, 0, 0, 2, 20705.06, 6701936, 206
331, 71, 10, 30, 0, 0, 4.88%, 0, 0, 2, 19718.14, 6797924, 206
336, 72, 16, 30, 0, 0, 4.88%, 0, 0, 2, 20666.29, 6902280, 206
341, 73, 25, 30, 0, 0, 4.88%, 0, 0, 2, 19879.65, 7000789, 206
346, 75, 2, 30, 0, 0, 4.88%, 0, 0, 2, 20563.17, 7108419, 206
351, 76, 10, 30, 0, 0, 4.88%, 0, 0, 2, 20180.62, 7210966, 206
356, 77, 15, 30, 0, 0, 4.88%, 0, 0, 2, 20529.31, 7314444, 206
361, 78, 24, 30, 0, 0, 4.88%, 0, 0, 2, 19683.37, 7411461, 206
366, 80, 2, 30, 0, 0, 4.88%, 0, 0, 2, 20669.71, 7519190, 206
371, 81, 2, 30, 0, 0, 4.88%, 0, 0, 2, 19968.38, 7616607, 206
376, 82, 13, 30, 0, 0, 4.88%, 0, 0, 2, 20542.76, 7724077, 206
381, 83, 21, 30, 0, 0, 4.88%, 0, 0, 2, 20339.23, 7824822, 206
387, 85, 0, 30, 0, 0, 4.88%, 0, 0, 2, 19923.01, 7928869, 206
392, 86, 2, 30, 0, 0, 4.88%, 0, 0, 2, 19626.60, 8028916, 206
397, 87, 11, 30, 0, 0, 4.88%, 0, 0, 2, 20012.99, 8135431, 206
402, 88, 16, 30, 0, 0, 4.88%, 0, 0, 2, 20261.03, 8239566, 206
407, 89, 26, 30, 0, 0, 4.88%, 0, 0, 2, 20122.20, 8345091, 206
412, 91, 2, 30, 0, 0, 4.88%, 0, 0, 2, 20106.55, 8444858, 206
417, 92, 2, 30, 0, 0, 4.88%, 0, 0, 2, 19945.78, 8545854, 206
422, 93, 11, 30, 0, 0, 4.88%, 0, 0, 2, 20348.60, 8647030, 206
428, 94, 16, 30, 0, 0, 4.88%, 0, 0, 2, 19835.08, 8750715, 206
433, 95, 26, 30, 0, 0, 4.88%, 0, 0, 2, 19932.81, 8854276, 206
438, 97, 2, 30, 0, 0, 4.88%, 0, 0, 2, 20014.24, 8955676, 206
443, 98, 8, 30, 0, 0, 4.88%, 0, 0, 2, 20430.80, 9061603, 206
448, 99, 14, 30, 0, 0, 4.88%, 0, 0, 2, 19562.56, 9164207, 206
453, 100, 23, 30, 0, 0, 4.88%, 0, 0, 2, 20281.99, 9265485, 206
458, 102, 2, 30, 0, 0, 4.88%, 0, 0, 2, 19690.94, 9368725, 206
463, 103, 4, 30, 0, 0, 4.88%, 0, 0, 2, 20346.56, 9471317, 206
468, 104, 13, 30, 0, 0, 4.88%, 0, 0, 2, 19594.63, 9570753, 206
474, 105, 20, 30, 0, 0, 4.88%, 0, 0, 2, 20427.38, 9674206, 206
479, 106, 26, 30, 0, 0, 4.88%, 0, 0, 2, 19575.41, 9773117, 206
484, 108, 2, 30, 0, 0, 4.88%, 0, 0, 2, 20229.65, 9877363, 206
489, 109, 8, 30, 0, 0, 4.88%, 0, 0, 2, 19884.07, 9978104, 206
494, 110, 13, 30, 0, 0, 4.88%, 0, 0, 2, 20460.14, 10080630, 206
499, 111, 23, 30, 0, 0, 4.88%, 0, 0, 2, 19739.98, 10183444, 206
504, 113, 2, 30, 0, 0, 4.88%, 0, 0, 2, 20373.04, 10288812, 206
509, 114, 2, 30, 0, 0, 4.88%, 0, 0, 2, 19573.75, 10387617, 206
514, 115, 13, 30, 0, 0, 4.88%, 0, 0, 2, 20385.84, 10493660, 206
519, 116, 21, 30, 0, 0, 4.88%, 0, 0, 2, 20152.75, 10598793, 206
525, 118, 0, 30, 0, 0, 4.88%, 0, 0, 2, 20558.72, 10706046, 206
530, 119, 2, 30, 0, 0, 4.88%, 0, 0, 2, 19762.35, 10808361, 206
535, 120, 11, 30, 0, 0, 4.88%, 0, 0, 2, 20583.21, 10915893, 206
540, 121, 15, 30, 0, 0, 4.88%, 0, 0, 2, 19799.57, 11014199, 206
545, 122, 25, 30, 0, 0, 4.88%, 0, 0, 2, 20384.11, 11116906, 206
550, 124, 2, 30, 0, 0, 4.88%, 0, 0, 2, 19962.47, 11215702, 206
555, 125, 2, 30, 0, 0, 4.88%, 0, 0, 2, 20601.41, 11319785, 206
560, 126, 13, 30, 0, 0, 4.88%, 0, 0, 2, 19780.53, 11418447, 206
565, 127, 16, 30, 0, 0, 4.88%, 0, 0, 2, 20268.36, 11520796, 206
570, 128, 24, 30, 0, 0, 4.88%, 0, 0, 2, 19799.82, 11618179, 206
575, 130, 2, 30, 0, 0, 4.88%, 0, 0, 2, 20281.35, 11724165, 206
580, 131, 2, 30, 0, 0, 4.88%, 0, 0, 2, 19807.60, 11822430, 206
585, 132, 14, 30, 0, 0, 4.88%, 0, 0, 2, 20648.47, 11930623, 206
591, 133, 20, 30, 0, 0, 4.88%, 0, 0, 2, 19644.24, 12028656, 206
596, 134, 26, 30, 0, 0, 4.88%, 0, 0, 2, 20467.41, 12135526, 206
601, 136, 2, 30, 0, 0, 4.88%, 0, 0, 2, 20415.70, 12236954, 206
606, 137, 8, 30, 0, 0, 4.88%, 0, 0, 2, 20375.27, 12343186, 206
611, 138, 13, 30, 0, 0, 4.88%, 0, 0, 2, 19893.40, 12440802, 206
616, 139, 21, 30, 0, 0, 4.88%, 0, 0, 2, 20562.85, 12544317, 206
621, 140, 26, 30, 0, 0, 4.88%, 0, 0, 2, 19678.68, 12641430, 206
626, 142, 2, 30, 0, 0, 4.88%, 0, 0, 2, 20376.24, 12745481, 206
631, 143, 2, 30, 0, 0, 4.88%, 0, 0, 2, 19690.75, 12842300, 206
636, 144, 13, 30, 0, 0, 4.88%, 0, 0, 2, 20632.85, 12946943, 206
641, 145, 20, 30, 0, 0, 4.88%, 0, 0, 2, 19523.36, 13045858, 206
646, 146, 26, 30, 0, 0, 4.88%, 0, 0, 2, 20601.17, 13150195, 206
651, 148, 2, 30, 0, 0, 4.88%, 0, 0, 2, 19657.14, 13246823, 206
656, 149, 8, 30, 0, 0, 4.88%, 0, 0, 2, 20635.51, 13351535, 206
661, 150, 14, 30, 0, 0, 4.88%, 0, 0, 2, 20331.65, 13451762, 206
666, 151, 25, 30, 0, 0, 4.88%, 0, 0, 2, 20737.81, 13559506, 206
672, 153, 2, 30, 0, 0, 4.88%, 0, 0, 2, 20329.62, 13662362, 206
677, 154, 2, 30, 0, 0, 4.88%, 0, 0, 2, 20683.97, 13765451, 206
682, 155, 13, 30, 0, 0, 4.88%, 0, 0, 2, 20585.98, 13870869, 206
687, 156, 21, 30, 0, 0, 4.88%, 0, 0, 2, 19786.37, 13971031, 206
692, 158, 0, 30, 0, 0, 4.88%, 0, 0, 2, 20272.57, 14075747, 206
697, 159, 2, 30, 0, 0, 4.88%, 0, 0, 2, 20255.43, 14182035, 206
702, 160, 13, 30, 0, 0, 4.88%, 0, 0, 2, 20253.92, 14286765, 206
707, 161, 20, 30, 0, 0, 4.88%, 0, 0, 2, 20241.12, 14388868, 206
712, 162, 26, 30, 0, 0, 4.88%, 0, 0, 2, 20377.44, 14490584, 206
717, 164, 2, 30, 0, 0, 4.88%, 0, 0, 2, 20238.10, 14592940, 206
722, 165, 11, 30, 0, 0, 4.88%, 0, 0, 2, 20528.93, 14695487, 206
728, 166, 15, 30, 0, 0, 4.88%, 0, 0, 2, 20270.66, 14799016, 206
733, 167, 26, 30, 0, 0, 4.88%, 0, 0, 2, 20515.41, 14905707, 206
738, 169, 2, 30, 0, 0, 4.88%, 0, 0, 2, 19988.51, 15007087, 206
743, 170, 8, 30, 0, 0, 4.88%, 0, 0, 2, 20524.62, 15113234, 206
748, 171, 13, 30, 0, 0, 4.88%, 0, 0, 2, 19229.72, 15210812, 206
753, 172, 21, 30, 0, 0, 4.88%, 0, 0, 2, 20298.66, 15316714, 206
758, 174, 0, 30, 0, 0, 4.88%, 0, 0, 2, 19882.98, 15421927, 206
763, 175, 2, 30, 0, 0, 4.88%, 0, 0, 2, 20362.70, 15523902, 206
769, 176, 13, 30, 0, 0, 4.88%, 0, 0, 2, 20297.94, 15630272, 206
774, 177, 21, 30, 0, 0, 4.88%, 0, 0, 2, 20844.60, 15736906, 206
779, 179, 0, 30, 0, 0, 4.88%, 0, 0, 2, 20267.38, 15839103, 206
784, 180, 2, 30, 0, 0, 4.88%, 0, 0, 2, 20485.75, 15945137, 206
789, 181, 13, 30, 0, 0, 4.88%, 0, 0, 2, 19883.14, 16047456, 206
794, 182, 20, 30, 0, 0, 4.88%, 0, 0, 2, 20650.92, 16154466, 206
799, 183, 27, 30, 0, 0, 4.88%, 0, 0, 2, 20256.68, 16255938, 206
804, 185, 2, 30, 0, 0, 4.88%, 0, 0, 2, 20563.14, 16362482, 206
810, 186, 13, 30, 0, 0, 4.88%, 0, 0, 2, 19944.98, 16462171, 206
815, 187, 16, 30, 0, 0, 4.88%, 0, 0, 2, 20624.89, 16566383, 206
820, 188, 25, 30, 0, 0, 4.88%, 0, 0, 2, 20077.46, 16670852, 206
825, 190, 2, 30, 0, 0, 4.88%, 0, 0, 2, 20353.86, 16773415, 206
830, 191, 10, 30, 0, 0, 4.88%, 0, 0, 2, 20036.10, 16876951, 206
835, 192, 15, 30, 0, 0, 4.88%, 0, 0, 2, 20609.09, 16984394, 206
840, 193, 24, 30, 0, 0, 4.88%, 0, 0, 2, 20196.22, 17085093, 206
845, 195, 2, 30, 0, 0, 4.88%, 0, 0, 2, 20525.59, 17192343, 206
851, 196, 10, 30, 0, 0, 4.88%, 0, 0, 2, 20107.75, 17294521, 206
856, 197, 18, 30, 0, 0, 4.88%, 0, 0, 2, 20499.12, 17401341, 206
861, 198, 26, 30, 0, 0, 4.88%, 0, 0, 2, 20200.89, 17504869, 206
866, 200, 2, 30, 0, 0, 4.88%, 0, 0, 2, 20435.56, 17608530, 206
871, 201, 4, 30, 0, 0, 4.88%, 0, 0, 2, 19723.82, 17704990, 206
876, 202, 14, 30, 0, 0, 4.88%, 0, 0, 2, 20383.34, 17811615, 206
881, 203, 24, 30, 0, 0, 4.88%, 0, 0, 2, 19857.78, 17911838, 206
886, 205, 2, 30, 0, 0, 4.88%, 0, 0, 2, 20751.48, 18017499, 206
892, 206, 8, 30, 0, 0, 4.88%, 0, 0, 2, 20214.88, 18120537, 206
897, 207, 14, 30, 0, 0, 4.88%, 0, 0, 2, 20682.61, 18224011, 206
902, 208, 20, 30, 0, 0, 4.88%, 0, 0, 2, 20228.37, 18323331, 206
907, 210, 0, 30, 0, 0, 4.88%, 0, 0, 2, 20732.06, 18431672, 206
912, 211, 2, 30, 0, 0, 4.88%, 0, 0, 2, 20305.16, 18532245, 206
917, 212, 13, 30, 0, 0, 4.88%, 0, 0, 2, 20553.99, 18639679, 206
922, 213, 23, 30, 0, 0, 4.88%, 0, 0, 2, 20435.59, 18745447, 206
927, 215, 0, 30, 0, 0, 4.88%, 0, 0, 2, 20064.39, 18851091, 206
932, 216, 2, 30, 0, 0, 4.88%, 0, 0, 2, 19867.74, 18950679, 206
938, 217, 13, 30, 0, 0, 4.88%, 0, 0, 2, 20476.49, 19058112, 206
943, 218, 21, 30, 0, 0, 4.88%, 0, 0, 2, 20559.51, 19161218, 206
948, 220, 0, 30, 0, 0, 4.88%, 0, 0, 2, 20295.84, 19266421, 206
953, 221, 2, 30, 0, 0, 4.88%, 0, 0, 2, 20089.64, 19370376, 206
958, 222, 13, 30, 0, 0, 4.88%, 0, 0, 2, 20234.28, 19474004, 206
963, 223, 21, 30, 0, 0, 4.88%, 0, 0, 2, 20402.45, 19579142, 206
968, 224, 27, 30, 0, 0, 4.88%, 0, 0, 2, 19677.63, 19681636, 206
974, 226, 2, 30, 0, 0, 4.88%, 0, 0, 2, 20324.09, 19786597, 206
979, 227, 11, 30, 0, 0, 4.88%, 0, 0, 2, 19995.58, 19887687, 206
984, 228, 18, 30, 0, 0, 4.88%, 0, 0, 2, 20316.70, 19992081, 206
989, 229, 26, 30, 0, 0, 4.88%, 0, 0, 2, 19664.23, 20090724, 206
994, 231, 2, 30, 0, 0, 4.88%, 0, 0, 2, 20533.66, 20195230, 206
999, 232, 8, 30, 0, 0, 4.88%, 0, 0, 2, 19895.85, 20296288, 206
1004, 233, 15, 30, 0, 0, 4.88%, 0, 0, 2, 20527.66, 20402749, 206
1009, 234, 24, 30, 0, 0, 4.88%, 0, 0, 2, 19849.62, 20506507, 206
1014, 236, 2, 30, 0, 0, 4.88%, 0, 0, 2, 20567.04, 20613501, 206
1019, 237, 2, 30, 0, 0, 4.88%, 0, 0, 2, 19951.62, 20713563, 206
1025, 238, 13, 30, 0, 0, 4.88%, 0, 0, 2, 20497.69, 20819986, 206
1030, 239, 21, 30, 0, 0, 4.88%, 0, 0, 2, 19857.79, 20920550, 206
1035, 241, 0, 30, 0, 0, 4.88%, 0, 0, 2, 20647.42, 21028894, 206
1040, 242, 2, 30, 0, 0, 4.88%, 0, 0, 2, 19582.57, 21127730, 206
1045, 243, 13, 30, 0, 0, 4.88%, 0, 0, 2, 20665.79, 21232910, 206
1050, 244, 18, 30, 0, 0, 4.88%, 0, 0, 2, 19481.77, 21329480, 206
1055, 245, 27, 30, 0, 0, 4.88%, 0, 0, 2, 20630.71, 21436755, 206
1060, 247, 2, 30, 0, 0, 4.88%, 0, 0, 2, 20016.40, 21536661, 206
1065, 248, 13, 30, 0, 0, 4.88%, 0, 0, 2, 20752.67, 21644323, 206
1070, 249, 18, 30, 0, 0, 4.88%, 0, 0, 2, 20003.23, 21747503, 206
1076, 250, 27, 30, 0, 0, 4.88%, 0, 0, 2, 20540.45, 21854708, 206
1081, 252, 2, 30, 0, 0, 4.88%, 0, 0, 2, 20108.25, 21954276, 206
1086, 253, 11, 30, 0, 0, 4.88%, 0, 0, 2, 20602.58, 22057888, 206
1091, 254, 18, 30, 0, 0, 4.88%, 0, 0, 2, 20273.80, 22162211, 206
1096, 255, 27, 30, 0, 0, 4.88%, 0, 0, 2, 20695.48, 22270038, 206
1101, 257, 2, 30, 0, 0, 4.88%, 0, 0, 2, 20298.08, 22371262, 206
1106, 258, 8, 30, 0, 0, 4.88%, 0, 0, 2, 20307.85, 22474560, 206
1111, 259, 13, 30, 0, 0, 4.88%, 0, 0, 2, 20145.18, 22574474, 206
1116, 260, 24, 30, 0, 0, 4.88%, 0, 0, 2, 20441.94, 22681126, 206
1121, 262, 0, 30, 0, 0, 4.88%, 0, 0, 2, 19828.97, 22777937, 206
1127, 263, 2, 30, 0, 0, 4.88%, 0, 0, 2, 20669.35, 22886513, 206
1132, 264, 13, 30, 0, 0, 4.88%, 0, 0, 2, 20340.71, 22989890, 206
1137, 265, 21, 30, 0, 0, 4.88%, 0, 0, 2, 20056.03, 23095424, 206
1142, 266, 26, 30, 0, 0, 4.88%, 0, 0, 2, 19870.88, 23193082, 206
1147, 268, 2, 30, 0, 0, 4.88%, 0, 0, 2, 19259.63, 23292486, 206
1152, 269, 8, 30, 0, 0, 4.88%, 0, 0, 2, 20051.15, 23395582, 206
1157, 270, 14, 30, 0, 0, 4.88%, 0, 0, 2, 20241.91, 23498235, 206
1162, 271, 24, 30, 0, 0, 4.88%, 0, 0, 2, 20417.66, 23602211, 206
1168, 273, 2, 30, 0, 0, 4.88%, 0, 0, 2, 19928.24, 23706736, 206
1173, 274, 8, 30, 0, 0, 4.88%, 0, 0, 2, 20210.84, 23810655, 206
1178, 275, 16, 30, 0, 0, 4.88%, 0, 0, 2, 20139.00, 23916535, 206
1183, 276, 26, 30, 0, 0, 4.88%, 0, 0, 2, 20411.25, 24021952, 206
1188, 278, 2, 30, 0, 0, 4.88%, 0, 0, 2, 20227.40, 24127544, 206
1193, 279, 11, 30, 0, 0, 4.88%, 0, 0, 2, 20406.82, 24232613, 206
1199, 280, 16, 30, 0, 0, 4.88%, 0, 0, 2, 20259.27, 24335061, 206
1204, 281, 26, 30, 0, 0, 4.88%, 0, 0, 2, 20478.28, 24440465, 206
1209, 283, 2, 30, 0, 0, 4.88%, 0, 0, 2, 20017.37, 24545335, 206
1214, 284, 13, 30, 0, 0, 4.88%, 0, 0, 2, 20536.06, 24651754, 206
1219, 285, 18, 30, 0, 0, 4.88%, 0, 0, 2, 20227.97, 24756653, 206
1224, 286, 27, 30, 0, 0, 4.88%, 0, 0, 2, 20590.72, 24862610, 206
1229, 288, 2, 30, 0, 0, 4.88%, 0, 0, 2, 19659.78, 24960316, 206
1235, 289, 11, 30, 0, 0, 4.88%, 0, 0, 2, 20487.02, 25067466, 206
1240, 290, 14, 30, 0, 0, 4.88%, 0, 0, 2, 19191.39, 25164165, 206
1245, 291, 24, 30, 0, 0, 4.88%, 0, 0, 2, 20199.29, 25268592, 206
1250, 293, 0, 30, 0, 0, 4.88%, 0, 0, 2, 20073.54, 25370906, 206
1255, 294, 2, 30, 0, 0, 4.88%, 0, 0, 2, 20251.32, 25473530, 206
1260, 295, 13, 30, 0, 0, 4.88%, 0, 0, 2, 19774.05, 25575844, 206
1265, 296, 18, 30, 0, 0, 4.88%, 0, 0, 2, 20466.76, 25683119, 206
1270, 297, 25, 30, 0, 0, 4.88%, 0, 0, 2, 19932.84, 25785597, 206
1276, 299, 2, 30, 0, 0, 4.88%, 0, 0, 2, 20667.74, 25894458, 206
1281, 300, 8, 30, 0, 0, 4.88%, 0, 0, 2, 19790.21, 25991715, 206
1286, 301, 15, 30, 0, 0, 4.88%, 0, 0, 2, 20600.36, 26096582, 206
1291, 302, 23, 30, 0, 0, 4.88%, 0, 0, 2, 20012.91, 26193934, 206
1296, 304, 2, 30, 0, 0, 4.88%, 0, 0, 2, 20632.36, 26298160, 206
1301, 305, 2, 30, 0, 0, 4.88%, 0, 0, 2, 20128.95, 26397798, 206
1306, 306, 13, 30, 0, 0, 4.88%, 0, 0, 2, 20686.73, 26505936, 206
1311, 307, 21, 30, 0, 0, 4.88%, 0, 0, 2, 20185.56, 26605510, 206
1316, 308, 27, 30, 0, 0, 4.88%, 0, 0, 2, 20574.38, 26709155, 206
1321, 310, 2, 30, 0, 0, 4.88%, 0, 0, 2, 20224.00, 26812392, 206
1326, 311, 13, 30, 0, 0, 4.88%, 0, 0, 2, 20581.18, 26919757, 206
1331, 312, 21, 30, 0, 0, 4.88%, 0, 0, 2, 20237.84, 27023359, 206
1337, 314, 0, 30, 0, 0, 4.88%, 0, 0, 2, 20809.94, 27128700, 206
1342, 315, 2, 30, 0, 0, 4.88%, 0, 0, 2, 20229.08, 27229446, 206
1347, 316, 13, 30, 0, 0, 4.88%, 0, 0, 2, 20078.19, 27336041, 206
1352, 317, 18, 30, 0, 0, 4.88%, 0, 0, 2, 19889.83, 27433761, 206
1357, 318, 27, 30, 0, 0, 4.88%, 0, 0, 2, 20445.49, 27537303, 206
1362, 320, 2, 30, 0, 0, 4.88%, 0, 0, 2, 19927.27, 27638488, 206
1367, 321, 11, 30, 0, 0, 4.88%, 0, 0, 2, 20361.27, 27745204, 206
1372, 322, 15, 30, 0, 0, 4.88%, 0, 0, 2, 20264.74, 27845846, 206
1377, 323, 26, 30, 0, 0, 4.88%, 0, 0, 2, 20045.88, 27951582, 206
1383, 325, 2, 30, 0, 0, 4.88%, 0, 0, 2, 20062.09, 28054940, 206
1388, 326, 4, 30, 0, 0, 4.88%, 0, 0, 2, 19934.14, 28156885, 206
1393, 327, 13, 30, 0, 0, 4.88%, 0, 0, 2, 20200.35, 28262112, 206
1398, 328, 23, 30, 0, 0, 4.88%, 0, 0, 2, 20278.50, 28365097, 206
1403, 330, 2, 30, 0, 0, 4.88%, 0, 0, 2, 20178.38, 28468343, 206
1408, 331, 2, 30, 0, 0, 4.88%, 0, 0, 2, 20016.46, 28570064, 206
1413, 332, 13, 30, 0, 0, 4.88%, 0, 0, 2, 20372.12, 28675287, 206
1418, 333, 24, 30, 0, 0, 4.88%, 0, 0, 2, 20089.17, 28779738, 206
1424, 335, 2, 30, 0, 0, 4.88%, 0, 0, 2, 20734.96, 28887562, 206
1429, 336, 4, 30, 0, 0, 4.88%, 0, 0, 2, 19830.38, 28987017, 206
1434, 337, 14, 30, 0, 0, 4.88%, 0, 0, 2, 20540.83, 29092377, 206
1439, 338, 21, 30, 0, 0, 4.88%, 0, 0, 2, 19541.40, 29191063, 206
1444, 340, 0, 30, 0, 0, 4.88%, 0, 0, 2, 20412.40, 29294022, 206
1449, 341, 2, 30, 0, 0, 4.88%, 0, 0, 2, 19701.06, 29396338, 206
1454, 342, 13, 30, 0, 0, 4.88%, 0, 0, 2, 20578.00, 29503313, 206
1459, 343, 15, 30, 0, 0, 4.88%, 0, 0, 2, 19970.12, 29603943, 206
1464, 344, 24, 30, 0, 0, 4.88%, 0, 0, 2, 20305.25, 29704509, 206
1469, 346, 2, 30, 0, 0, 4.88%, 0, 0, 2, 19345.78, 29804622, 206
1474, 347, 4, 30, 0, 0, 4.88%, 0, 0, 2, 20504.41, 29908466, 206
1480, 348, 13, 30, 0, 0, 4.88%, 0, 0, 2, 19399.15, 30010194, 206
1485, 349, 21, 30, 0, 0, 4.88%, 0, 0, 2, 20416.39, 30114328, 206
1490, 350, 27, 30, 0, 0, 4.88%, 0, 0, 2, 19976.33, 30215762, 206
1495, 352, 2, 30, 0, 0, 4.88%, 0, 0, 2, 20646.08, 30323347, 206
1500, 353, 13, 30, 0, 0, 4.88%, 0, 0, 2, 19947.11, 30422694, 206
1505, 354, 16, 30, 0, 0, 4.88%, 0, 0, 2, 20807.05, 30527012, 206
1510, 355, 24, 30, 0, 0, 4.88%, 0, 0, 2, 19575.04, 30625976, 206
1515, 357, 2, 30, 0, 0, 4.88%, 0, 0, 2, 20786.28, 30733979, 206
1520, 358, 6, 30, 0, 0, 4.88%, 0, 0, 2, 20443.07, 30836214, 206
1525, 359, 16, 30, 0, 0, 4.88%, 0, 0, 2, 21107.12, 30946166, 206
1531, 360, 25, 30, 0, 0, 4.88%, 0, 0, 2, 19739.85, 31045502, 206
1536, 362, 2, 30, 0, 0, 4.88%, 0, 0, 2, 20590.02, 31149644, 206
1541, 363, 2, 30, 0, 0, 4.88%, 0, 0, 2, 19915.93, 31248021, 206
1546, 364, 14, 30, 0, 0, 4.88%, 0, 0, 2, 20793.84, 31357398, 206
1551, 365, 23, 30, 0, 0, 4.88%, 0, 0, 2, 20174.70, 31460872, 206
1556, 367, 0, 30, 0, 0, 4.88%, 0, 0, 2, 20758.83, 31566551, 206
1561, 368, 2, 30, 0, 0, 4.88%, 0, 0, 2, 20316.19, 31666896, 206
1566, 369, 13, 30, 0, 0, 4.88%, 0, 0, 2, 21023.27, 31777238, 206
1572, 370, 18, 30, 0, 0, 4.88%, 0, 0, 2, 20221.20, 31878688, 206
1577, 372, 0, 30, 0, 0, 4.88%, 0, 0, 2, 20890.83, 31988357, 206
1582, 373, 2, 30, 0, 0, 4.88%, 0, 0, 2, 20940.47, 32094513, 206
1587, 374, 13, 30, 0, 0, 4.88%, 0, 0, 2, 20641.14, 32199520, 206
1592, 375, 20, 30, 0, 0, 4.88%, 0, 0, 2, 20317.53, 32299046, 206
1597, 376, 27, 30, 0, 0, 4.88%, 0, 0, 2, 20311.78, 32401779, 206
1602, 378, 2, 30, 0, 0, 4.88%, 0, 0, 2, 20328.95, 32505882, 206
1607, 379, 13, 30, 0, 0, 4.88%, 0, 0, 2, 20337.63, 32612926, 206
1612, 380, 18, 30, 0, 0, 4.88%, 0, 0, 2, 20364.50, 32713345, 206
1617, 381, 26, 30, 0, 0, 4.88%, 0, 0, 2, 20712.72, 32818782, 206
1622, 383, 2, 30, 0, 0, 4.88%, 0, 0, 2, 20567.66, 32920569, 206
1628, 384, 13, 30, 0, 0, 4.88%, 0, 0, 2, 20661.30, 33028915, 206
1633, 385, 20, 30, 0, 0, 4.88%, 0, 0, 2, 20385.49, 33134235, 206
1638, 386, 27, 30, 0, 0, 4.88%, 0, 0, 2, 20258.15, 33238036, 206
1643, 388, 2, 30, 0, 0, 4.88%, 0, 0, 2, 20511.65, 33340865, 206
1648, 389, 10, 30, 0, 0, 4.88%, 0, 0, 2, 19947.87, 33441884, 206
1653, 390, 14, 30, 0, 0, 4.88%, 0, 0, 2, 20356.65, 33547918, 206
1658, 391, 23, 30, 0, 0, 4.88%, 0, 0, 2, 20292.40, 33651324, 206
1663, 393, 2, 30, 0, 0, 4.88%, 0, 0, 2, 20504.59, 33754575, 206
1668, 394, 4, 30, 0, 0, 4.88%, 0, 0, 2, 20308.87, 33858158, 206
1673, 395, 13, 30, 0, 0, 4.88%, 0, 0, 2, 20364.50, 33959565, 206
1678, 396, 25, 30, 0, 0, 4.88%, 0, 0, 2, 20304.66, 34066597, 206
1683, 398, 2, 30, 0, 0, 4.88%, 0, 0, 2, 20799.81, 34170954, 206
1688, 399, 4, 30, 0, 0, 4.88%, 0, 0, 2, 20208.21, 34270982, 206
1693, 400, 15, 30, 0, 0, 4.88%, 0, 0, 2, 20911.52, 34378695, 206
1699, 401, 24, 30, 0, 0, 4.88%, 0, 0, 2, 20398.10, 34484501, 206
1704, 403, 2, 30, 0, 0, 4.88%, 0, 0, 2, 20860.62, 34589148, 206
1709, 404, 10, 30, 0, 0, 4.88%, 0, 0, 2, 20244.66, 34694134, 206
1714, 405, 16, 30, 0, 0, 4.88%, 0, 0, 2, 20886.27, 34799514, 206
1719, 406, 26, 30, 0, 0, 4.88%, 0, 0, 2, 20279.46, 34901769, 206
1724, 408, 2, 30, 0, 0, 4.88%, 0, 0, 2, 20894.61, 35009902, 206
1729, 409, 13, 30, 0, 0, 4.88%, 0, 0, 2, 20716.30, 35117097, 206
1734, 410, 21, 30, 0, 0, 4.88%, 0, 0, 2, 20849.53, 35224847, 206
1740, 411, 26, 30, 0, 0, 4.88%, 0, 0, 2, 20247.33, 35326244, 206
1745, 413, 2, 30, 0, 0, 4.88%, 0, 0, 2, 20899.83, 35435782, 206
1750, 414, 10, 30, 0, 0, 4.88%, 0, 0, 2, 19834.82, 35533985, 206
1755, 415, 20, 30, 0, 0, 4.88%, 0, 0, 2, 20807.11, 35642702, 206
1760, 416, 25, 30, 0, 0, 4.88%, 0, 0, 2, 19735.02, 35741276, 206
1765, 418, 2, 30, 0, 0, 4.88%, 0, 0, 2, 20520.58, 35845269, 206
1770, 419, 2, 30, 0, 0, 4.88%, 0, 0, 2, 19762.69, 35942931, 206
1775, 420, 13, 30, 0, 0, 4.88%, 0, 0, 2, 20994.15, 36049381, 206
1780, 421, 23, 30, 0, 0, 4.88%, 0, 0, 2, 20220.44, 36150313, 206
1785, 423, 2, 30, 0, 0, 4.88%, 0, 0, 2, 21184.63, 36261519, 206
1790, 424, 10, 30, 0, 0, 4.88%, 0, 0, 2, 20526.88, 36367325, 206
1795, 425, 16, 30, 0, 0, 4.88%, 0, 0, 2, 20963.85, 36472020, 206
1800, 426, 26, 30, 0, 0, 4.88%, 0, 0, 2, 20411.52, 36574264, 206
1806, 428, 2, 30, 0, 0, 4.88%, 0, 0, 2, 20928.18, 36683070, 206
1811, 429, 13, 30, 0, 0, 4.88%, 0, 0, 2, 20639.37, 36789604, 206
1816, 430, 23, 30, 0, 0, 4.88%, 0, 0, 2, 21700.28, 36898392, 206
1821, 432, 0, 30, 0, 0, 4.88%, 0, 0, 2, 20682.52, 36999697, 206
1826, 433, 4, 30, 0, 0, 4.88%, 0, 0, 2, 20871.85, 37108466, 206
1831, 434, 13, 30, 0, 0, 4.88%, 0, 0, 2, 20349.54, 37210816, 206
1836, 435, 25, 30, 0, 0, 4.88%, 0, 0, 2, 20805.64, 37320002, 206
1842, 437, 2, 30, 0, 0, 4.88%, 0, 0, 2, 20767.01, 37426804, 206
1847, 438, 10, 30, 0, 0, 4.88%, 0, 0, 2, 20937.11, 37535143, 206
1852, 439, 15, 30, 0, 0, 4.88%, 0, 0, 2, 20733.78, 37636383, 206
1857, 440, 24, 30, 0, 0, 4.88%, 0, 0, 2, 20751.18, 37741677, 206
1862, 442, 2, 30, 0, 0, 4.88%, 0, 0, 2, 20756.27, 37843629, 206
1867, 443, 4, 30, 0, 0, 4.88%, 0, 0, 2, 20509.09, 37947749, 206
1872, 444, 16, 30, 0, 0, 4.88%, 0, 0, 2, 20999.65, 38055246, 206
1877, 445, 26, 30, 0, 0, 4.88%, 0, 0, 2, 20957.28, 38162558, 206
1882, 447, 2, 30, 0, 0, 4.88%, 0, 0, 2, 20177.43, 38261925, 206
1887, 448, 8, 30, 0, 0, 4.88%, 0, 0, 2, 20312.38, 38365919, 206
1892, 449, 14, 30, 0, 0, 4.88%, 0, 0, 2, 20715.25, 38468710, 206
1897, 450, 26, 30, 0, 0, 4.88%, 0, 0, 2, 20895.96, 38575116, 206
1902, 452, 2, 30, 0, 0, 4.88%, 0, 0, 2, 20663.44, 38680275, 206
1908, 453, 13, 30, 0, 0, 4.88%, 0, 0, 2, 20570.18, 38789107, 206
1913, 454, 16, 30, 0, 0, 4.88%, 0, 0, 2, 20716.73, 38891075, 206
1918, 455, 26, 30, 0, 0, 4.88%, 0, 0, 2, 20325.08, 38995237, 206
1923, 457, 2, 30, 0, 0, 4.88%, 0, 0, 2, 20499.41, 39096459, 206
1928, 458, 11, 30, 0, 0, 4.88%, 0, 0, 2, 20470.91, 39205033, 206
1933, 459, 16, 30, 0, 0, 4.88%, 0, 0, 2, 20364.37, 39306365, 206
1938, 460, 26, 30, 0, 0, 4.88%, 0, 0, 2, 20352.31, 39410309, 206
1943, 462, 2, 30, 0, 0, 4.88%, 0, 0, 2, 20609.62, 39513630, 206
1948, 463, 2, 30, 0, 0, 4.88%, 0, 0, 2, 19604.44, 39613813, 206
1953, 464, 13, 30, 0, 0, 4.88%, 0, 0, 2, 20478.53, 39716915, 206
1958, 465, 15, 30, 0, 0, 4.88%, 0, 0, 2, 20130.75, 39819059, 206
1963, 466, 23, 30, 0, 0, 4.88%, 0, 0, 2, 20626.25, 39921780, 206
1968, 468, 2, 30, 0, 0, 4.88%, 0, 0, 2, 20172.94, 40027818, 206
1973, 469, 4, 30, 0, 0, 4.88%, 0, 0, 2, 20897.20, 40131959, 206
1978, 470, 15, 30, 0, 0, 4.88%, 0, 0, 2, 20416.54, 40239797, 206
1984, 471, 26, 30, 0, 0, 4.88%, 0, 0, 2, 21030.30, 40348374, 206
1989, 473, 2, 30, 0, 0, 4.88%, 0, 0, 2, 20066.01, 40449123, 206
1994, 474, 10, 30, 0, 0, 4.88%, 0, 0, 2, 21157.52, 40554441, 206
1999, 475, 13, 30, 0, 0, 4.88%, 0, 0, 2, 19982.17, 40655655, 206
2004, 476, 24, 30, 0, 0, 4.88%, 0, 0, 2, 20894.69, 40764366, 206
2009, 478, 0, 30, 0, 0, 4.88%, 0, 0, 2, 19203.75, 40863904, 206
2014, 479, 4, 30, 0, 0, 4.88%, 0, 0, 2, 20806.01, 40972859, 206
2019, 480, 16, 30, 0, 0, 4.88%, 0, 0, 2, 20716.91, 41080417, 206
2024, 481, 26, 30, 0, 0, 4.88%, 0, 0, 2, 20946.10, 41185119, 206
2029, 483, 2, 30, 0, 0, 4.88%, 0, 0, 2, 20219.53, 41286653, 206
2034, 484, 4, 30, 0, 0, 4.88%, 0, 0, 2, 20968.57, 41391736, 206
2040, 485, 14, 30, 0, 0, 4.88%, 0, 0, 2, 20350.85, 41496911, 206
2045, 486, 23, 30, 0, 0, 4.88%, 0, 0, 2, 20835.63, 41601581, 206
2050, 487, 27, 30, 0, 0, 4.88%, 0, 0, 2, 19958.41, 41703366, 206
2055, 489, 2, 30, 0, 0, 4.88%, 0, 0, 2, 21018.01, 41813961, 206
2060, 490, 13, 30, 0, 0, 4.88%, 0, 0, 2, 20396.85, 41916812, 206
2065, 491, 25, 30, 0, 0, 4.88%, 0, 0, 2, 21229.63, 42028158, 206
2070, 493, 2, 30, 0, 0, 4.88%, 0, 0, 2, 20034.49, 42130346, 206
2076, 494, 13, 30, 0, 0, 4.88%, 0, 0, 2, 21112.21, 42241087, 206
2081, 495, 16, 30, 0, 0, 4.88%, 0, 0, 2, 20805.14, 42347518, 206
2086, 496, 26, 30, 0, 0, 4.88%, 0, 0, 2, 20967.11, 42453856, 206
2091, 498, 2, 30, 0, 0, 4.88%, 0, 0, 2, 20375.46, 42554502, 206
2096, 499, 11, 30, 0, 0, 4.88%, 0, 0, 2, 21229.96, 42661835, 206
2101, 500, 15, 30, 0, 0, 4.88%, 0, 0, 2, 20792.81, 42763964, 206
2106, 501, 26, 30, 0, 0, 4.88%, 0, 0, 2, 21115.24, 42870401, 206
2111, 503, 2, 30, 0, 0, 4.88%, 0, 0, 2, 20446.53, 42974213, 206
2116, 504, 11, 30, 0, 0, 4.88%, 0, 0, 2, 21245.80, 43082841, 206
2121, 505, 15, 30, 0, 0, 4.88%, 0, 0, 2, 20580.29, 43186451, 206
2127, 506, 27, 30, 0, 0, 4.88%, 0, 0, 2, 20747.73, 43295801, 206
2132, 508, 2, 30, 0, 0, 4.88%, 0, 0, 2, 20207.12, 43394536, 206
2137, 509, 13, 30, 0, 0, 4.88%, 0, 0, 2, 21161.52, 43506435, 206
2142, 510, 21, 30, 0, 0, 4.88%, 0, 0, 2, 20597.78, 43610130, 206
2147, 512, 2, 30, 0, 0, 4.88%, 0, 0, 2, 20598.24, 43718480, 206
2152, 513, 2, 30, 0, 0, 4.88%, 0, 0, 2, 20562.18, 43820140, 206
2157, 514, 13, 30, 0, 0, 4.88%, 0, 0, 2, 21041.99, 43927204, 206
2162, 515, 20, 30, 0, 0, 4.88%, 0, 0, 2, 20788.35, 44029462, 206
2167, 517, 0, 30, 0, 0, 4.88%, 0, 0, 2, 20921.00, 44135997, 206
2172, 518, 2, 30, 0, 0, 4.88%, 0, 0, 2, 20678.47, 44237719, 206
2177, 519, 13, 30, 0, 0, 4.88%, 0, 0, 2, 20718.64, 44346183, 206
2182, 520, 18, 30, 0, 0, 4.88%, 0, 0, 2, 20597.65, 44447591, 206
2188, 521, 27, 30, 0, 0, 4.88%, 0, 0, 2, 19816.57, 44551700, 206
2193, 523, 2, 30, 0, 0, 4.88%, 0, 0, 2, 20155.23, 44651854, 206
2198, 524, 13, 30, 0, 0, 4.88%, 0, 0, 2, 20251.11, 44760515, 206
2203, 525, 20, 30, 0, 0, 4.88%, 0, 0, 2, 20869.20, 44865095, 206
2208, 526, 26, 30, 0, 0, 4.88%, 0, 0, 2, 20584.56, 44969622, 206
2213, 528, 2, 30, 0, 0, 4.88%, 0, 0, 2, 20507.49, 45075011, 206
2218, 529, 11, 30, 0, 0, 4.88%, 0, 0, 2, 20266.20, 45178614, 206
2223, 530, 18, 30, 0, 0, 4.88%, 0, 0, 2, 21041.03, 45287757, 206
2228, 531, 24, 30, 0, 0, 4.88%, 0, 0, 2, 19931.34, 45389004, 206
2233, 533, 0, 30, 0, 0, 4.88%, 0, 0, 2, 20401.56, 45491085, 206
2238, 534, 2, 30, 0, 0, 4.88%, 0, 0, 2, 20087.45, 45594191, 206
2243, 535, 13, 30, 0, 0, 4.88%, 0, 0, 2, 20801.07, 45701686, 206
2249, 536, 23, 30, 0, 0, 4.88%, 0, 0, 2, 19919.90, 45802979, 206
2254, 538, 2, 30, 0, 0, 4.88%, 0, 0, 2, 20690.49, 45910311, 206
2259, 539, 2, 30, 0, 0, 4.88%, 0, 0, 2, 20013.51, 46012359, 206
2264, 540, 15, 30, 0, 0, 4.88%, 0, 0, 2, 21170.08, 46122756, 206
2269, 541, 25, 30, 0, 0, 4.88%, 0, 0, 2, 20572.87, 46230100, 206
2274, 543, 2, 30, 0, 0, 4.88%, 0, 0, 2, 20946.76, 46338983, 206
2280, 544, 11, 30, 0, 0, 4.88%, 0, 0, 2, 20367.53, 46445050, 206
2285, 545, 18, 30, 0, 0, 4.88%, 0, 0, 2, 21042.26, 46551730, 206
2290, 546, 26, 30, 0, 0, 4.88%, 0, 0, 2, 20547.83, 46659296, 206
2295, 548, 2, 30, 0, 0, 4.88%, 0, 0, 2, 20810.16, 46769113, 206
2300, 549, 13, 30, 0, 0, 4.88%, 0, 0, 2, 20242.74, 46871038, 206
2305, 550, 20, 30, 0, 0, 4.88%, 0, 0, 2, 21257.30, 46978524, 206
2310, 551, 26, 30, 0, 0, 4.88%, 0, 0, 2, 19633.67, 47075100, 206
2315, 553, 2, 30, 0, 0, 4.88%, 0, 0, 2, 20887.09, 47184410, 206
2320, 554, 8, 30, 0, 0, 4.88%, 0, 0, 2, 20385.01, 47286011, 206
2325, 555, 20, 30, 0, 0, 4.88%, 0, 0, 2, 21329.71, 47397128, 206
2330, 556, 26, 30, 0, 0, 4.88%, 0, 0, 2, 20086.52, 47496697, 206
2336, 558, 2, 30, 0, 0, 4.88%, 0, 0, 2, 21185.93, 47607311, 206
2341, 559, 13, 30, 0, 0, 4.88%, 0, 0, 2, 20799.95, 47713806, 206
2346, 560, 26, 30, 0, 0, 4.88%, 0, 0, 2, 21286.35, 47826527, 206
2351, 562, 2, 30, 0, 0, 4.88%, 0, 0, 2, 20568.52, 47927878, 206
2356, 563, 13, 30, 0, 0, 4.88%, 0, 0, 2, 21553.79, 48040146, 206
2361, 564, 15, 30, 0, 0, 4.88%, 0, 0, 2, 20557.04, 48140908, 206
2366, 565, 26, 30, 0, 0, 4.88%, 0, 0, 2, 20995.09, 48248080, 206
2371, 567, 2, 30, 0, 0, 4.88%, 0, 0, 2, 20592.20, 48352569, 206
2377, 568, 13, 30, 0, 0, 4.88%, 0, 0, 2, 21196.84, 48462412, 206
2382, 569, 18, 30, 0, 0, 4.88%, 0, 0, 2, 20818.32, 48564599, 206
2387, 571, 0, 30, 0, 0, 4.88%, 0, 0, 2, 21339.80, 48675927, 206
2392, 572, 2, 30, 0, 0, 4.88%, 0, 0, 2, 20915.66, 48781614, 206
2397, 573, 13, 30, 0, 0, 4.88%, 0, 0, 2, 20647.02, 48890225, 206
2402, 574, 21, 30, 0, 0, 4.88%, 0, 0, 2, 20769.11, 48992941, 206
2407, 576, 2, 30, 0, 0, 4.88%, 0, 0, 2, 20536.15, 49102523, 206
2413, 577, 8, 30, 0, 0, 4.88%, 0, 0, 2, 21020.09, 49210485, 206
2418, 578, 15, 30, 0, 0, 4.88%, 0, 0, 2, 21141.37, 49319458, 206
2423, 579, 26, 30, 0, 0, 4.88%, 0, 0, 2, 21198.89, 49423895, 206
2428, 581, 2, 30, 0, 0, 4.88%, 0, 0, 2, 19855.93, 49528642, 206
2433, 582, 13, 30, 0, 0, 4.88%, 0, 0, 2, 21066.14, 49637456, 206
2438, 583, 20, 30, 0, 0, 4.88%, 0, 0, 2, 20457.27, 49742136, 206
2443, 585, 0, 30, 0, 0, 4.88%, 0, 0, 2, 21123.03, 49851006, 206
2448, 586, 8, 30, 0, 0, 4.88%, 0, 0, 2, 21134.64, 49962390, 206
2453, 587, 16, 30, 0, 0, 4.88%, 0, 0, 2, 21638.63, 50069668, 206
2459, 588, 26, 30, 0, 0, 4.88%, 0, 0, 2, 20412.83, 50173448, 206
2464, 590, 2, 30, 0, 0, 4.88%, 0, 0, 2, 21459.42, 50284256, 206
2469, 591, 13, 30, 0, 0, 4.88%, 0, 0, 2, 20716.85, 50392442, 206
2474, 592, 24, 30, 0, 0, 4.88%, 0, 0, 2, 21344.30, 50502867, 206
2479, 594, 2, 30, 0, 0, 4.88%, 0, 0, 2, 20710.77, 50607762, 206
2484, 595, 13, 30, 0, 0, 4.88%, 0, 0, 2, 21903.01, 50721725, 206
2489, 596, 18, 30, 0, 0, 4.88%, 0, 0, 2, 19867.12, 50824408, 206
2495, 598, 2, 30, 0, 0, 4.88%, 0, 0, 2, 21299.68, 50935844, 206
2500, 599, 2, 30, 0, 0, 4.88%, 0, 0, 2, 19592.51, 51037472, 206
2505, 600, 15, 30, 0, 0, 4.88%, 0, 0, 2, 21242.00, 51149636, 206
2510, 601, 26, 30, 0, 0, 4.88%, 0, 0, 2, 19819.96, 51252947, 206
2515, 603, 2, 30, 0, 0, 4.88%, 0, 0, 2, 21307.25, 51365345, 206
2520, 604, 13, 30, 0, 0, 4.88%, 0, 0, 2, 20982.67, 51470483, 206
2525, 605, 23, 30, 0, 0, 4.88%, 0, 0, 2, 21362.09, 51577715, 206
2531, 607, 0, 30, 0, 0, 4.88%, 0, 0, 2, 20490.39, 51681575, 206
2536, 608, 8, 30, 0, 0, 4.88%, 0, 0, 2, 21540.06, 51793218, 206
2541, 609, 14, 30, 0, 0, 4.88%, 0, 0, 2, 21042.37, 51900533, 206
2546, 610, 26, 30, 0, 0, 4.88%, 0, 0, 2, 21239.13, 52008612, 206
2551, 612, 1, 30, 0, 0, 4.88%, 0, 0, 2, 20159.01, 52105735, 206
2556, 613, 8, 30, 0, 0, 4.88%, 0, 0, 2, 21408.01, 52214470, 206
2561, 614, 14, 30, 0, 0, 4.88%, 0, 0, 2, 20923.35, 52320185, 206
2566, 616, 0, 30, 0, 0, 4.88%, 0, 0, 2, 21790.74, 52436564, 206
2571, 617, 2, 30, 0, 0, 4.88%, 0, 0, 2, 20530.95, 52536188, 206
2577, 618, 13, 30, 0, 0, 4.88%, 0, 0, 2, 21552.90, 52650321, 206
2582, 619, 21, 30, 0, 0, 4.88%, 0, 0, 2, 20662.11, 52750902, 206
2587, 621, 2, 30, 0, 0, 4.88%, 0, 0, 2, 21081.04, 52861549, 206
2592, 622, 10, 30, 0, 0, 4.88%, 0, 0, 2, 20808.89, 52966193, 206
2597, 623, 21, 30, 0, 0, 4.88%, 0, 0, 2, 21238.70, 53077885, 206
2602, 625, 0, 30, 0, 0, 4.88%, 0, 0, 2, 20866.97, 53180484, 206
2607, 626, 8, 30, 0, 0, 4.88%, 0, 0, 2, 21128.63, 53291339, 206
2612, 627, 16, 30, 0, 0, 4.88%, 0, 0, 2, 20907.48, 53398379, 206
2617, 628, 27, 30, 0, 0, 4.88%, 0, 0, 2, 20909.81, 53506247, 206
2623, 630, 2, 30, 0, 0, 4.88%, 0, 0, 2, 20858.80, 53609367, 206
2628, 631, 13, 30, 0, 0, 4.88%, 0, 0, 2, 20597.12, 53718449, 206
2633, 632, 23, 30, 0, 0, 4.88%, 0, 0, 2, 21284.56, 53828259, 206
2638, 634, 2, 30, 0, 0, 4.88%, 0, 0, 2, 20602.78, 53935825, 206
2643, 635, 10, 30, 0, 0, 4.88%, 0, 0, 2, 21509.74, 54043858, 206
2648, 636, 18, 30, 0, 0, 4.88%, 0, 0, 2, 20853.37, 54153338, 206
2653, 637, 26, 30, 0, 0, 4.88%, 0, 0, 2, 21208.24, 54263293, 206
2659, 639, 2, 30, 0, 0, 4.88%, 0, 0, 2, 20806.22, 54370066, 206
2664, 640, 14, 30, 0, 0, 4.88%, 0, 0, 2, 21505.15, 54480755, 206
2669, 641, 24, 30, 0, 0, 4.88%, 0, 0, 2, 20345.13, 54583775, 206
2674, 643, 2, 30, 0, 0, 4.88%, 0, 0, 2, 21182.58, 54690852, 206
2679, 644, 11, 30, 0, 0, 4.88%, 0, 0, 2, 20981.59, 54800247, 206
2684, 645, 20, 30, 0, 0, 4.88%, 0, 0, 2, 21614.07, 54908575, 206
2689, 647, 0, 30, 0, 0, 4.88%, 0, 0, 2, 21015.39, 55016318, 206
2694, 648, 4, 30, 0, 0, 4.88%, 0, 0, 2, 21372.20, 55127040, 206
2699, 649, 13, 30, 0, 0, 4.88%, 0, 0, 2, 20973.05, 55234971, 206
2704, 650, 26, 30, 0, 0, 4.88%, 0, 0, 2, 22210.03, 55345192, 206
2709, 652, 2, 30, 0, 0, 4.88%, 0, 0, 2, 21027.66, 55451749, 206
2715, 653, 13, 30, 0, 0, 4.88%, 0, 0, 2, 21489.77, 55563266, 206
2720, 654, 20, 30, 0, 0, 4.88%, 0, 0, 2, 20739.41, 55670094, 206
2725, 656, 2, 30, 0, 0, 4.88%, 0, 0, 2, 21299.44, 55781583, 206
2730, 657, 2, 30, 0, 0, 4.88%, 0, 0, 2, 20472.11, 55883827, 206
2735, 658, 14, 30, 0, 0, 4.88%, 0, 0, 2, 21436.77, 55993138, 206
2740, 659, 25, 30, 0, 0, 4.88%, 0, 0, 2, 20398.57, 56098275, 206
2745, 661, 2, 30, 0, 0, 4.88%, 0, 0, 2, 21749.79, 56212651, 206
2750, 662, 13, 30, 0, 0, 4.88%, 0, 0, 2, 20997.94, 56316342, 206
2755, 663, 25, 30, 0, 0, 4.88%, 0, 0, 2, 21992.54, 56427229, 206
2760, 665, 2, 30, 0, 0, 4.88%, 0, 0, 2, 21131.46, 56532095, 206
2765, 666, 8, 30, 0, 0, 4.88%, 0, 0, 2, 21762.02, 56641638, 206
2771, 667, 18, 30, 0, 0, 4.88%, 0, 0, 2, 21054.34, 56749326, 206
2776, 669, 0, 30, 0, 0, 4.88%, 0, 0, 2, 21638.02, 56859191, 206
2781, 670, 2, 30, 0, 0, 4.88%, 0, 0, 2, 20887.24, 56964104, 206
2786, 671, 13, 30, 0, 0, 4.88%, 0, 0, 2, 21362.59, 57076096, 206
2791, 672, 21, 30, 0, 0, 4.88%, 0, 0, 2, 20336.42, 57175150, 206
2796, 674, 2, 30, 0, 0, 4.88%, 0, 0, 2, 21838.14, 57286037, 206
2801, 675, 10, 30, 0, 0, 4.88%, 0, 0, 2, 20822.52, 57392609, 206
2806, 676, 19, 30, 0, 0, 4.88%, 0, 0, 2, 21786.56, 57505359, 206
2811, 678, 0, 30, 0, 0, 4.88%, 0, 0, 2, 21385.79, 57612339, 206
2817, 679, 4, 30, 0, 0, 4.88%, 0, 0, 2, 21743.97, 57723942, 206
2822, 680, 16, 30, 0, 0, 4.88%, 0, 0, 2, 21552.34, 57833370, 206
2827, 681, 27, 30, 0, 0, 4.88%, 0, 0, 2, 21847.70, 57944060, 206
2832, 683, 2, 30, 0, 0, 4.88%, 0, 0, 2, 21406.39, 58053135, 206
2837, 684, 16, 30, 0, 0, 4.88%, 0, 0, 2, 21405.69, 58164203, 206
2842, 685, 26, 30, 0, 0, 4.88%, 0, 0, 2, 21242.47, 58272529, 206
2847, 687, 2, 30, 0, 0, 4.88%, 0, 0, 2, 20739.34, 58381476, 206
2853, 688, 13, 30, 0, 0, 4.88%, 0, 0, 2, 21246.98, 58489746, 206
2858, 689, 24, 30, 0, 0, 4.88%, 0, 0, 2, 20923.38, 58599701, 206
2863, 691, 2, 30, 0, 0, 4.88%, 0, 0, 2, 21242.85, 58706399, 206
2868, 692, 10, 30, 0, 0, 4.88%, 0, 0, 2, 21098.59, 58814816, 206
2873, 693, 16, 30, 0, 0, 4.88%, 0, 0, 2, 21452.65, 58922190, 206
2878, 694, 25, 30, 0, 0, 4.88%, 0, 0, 2, 20504.81, 59027865, 206
2883, 696, 2, 30, 0, 0, 4.88%, 0, 0, 2, 21268.58, 59134480, 206
2888, 697, 13, 30, 0, 0, 4.88%, 0, 0, 2, 21292.50, 59246694, 206
2893, 698, 21, 30, 0, 0, 4.88%, 0, 0, 2, 22226.36, 59360891, 206
2898, 700, 2, 30, 0, 0, 4.88%, 0, 0, 2, 21663.02, 59470593, 206
2903, 701, 2, 30, 0, 0, 4.88%, 0, 0, 2, 21483.23, 59576429, 206
2909, 702, 14, 30, 0, 0, 4.88%, 0, 0, 2, 20101.62, 59681851, 206
2914, 703, 24, 30, 0, 0, 4.88%, 0, 0, 2, 20958.48, 59787187, 206
2919, 705, 2, 30, 0, 0, 4.88%, 0, 0, 2, 21037.72, 59898808, 206
2924, 706, 13, 30, 0, 0, 4.88%, 0, 0, 2, 21319.69, 60004404, 206
2929, 707, 21, 30, 0, 0, 4.88%, 0, 0, 2, 20829.08, 60114313, 206
2934, 709, 2, 30, 0, 0, 4.88%, 0, 0, 2, 21456.99, 60225174, 206
2939, 710, 4, 30, 0, 0, 4.88%, 0, 0, 2, 21181.43, 60331519, 206
2944, 711, 15, 30, 0, 0, 4.88%, 0, 0, 2, 21366.03, 60442590, 206
2950, 712, 26, 30, 0, 0, 4.88%, 0, 0, 2, 20420.29, 60546968, 206
2955, 714, 2, 30, 0, 0, 4.88%, 0, 0, 2, 21514.35, 60656000, 206
2960, 715, 13, 30, 0, 0, 4.88%, 0, 0, 2, 20376.66, 60761378, 206
2965, 716, 25, 30, 0, 0, 4.88%, 0, 0, 2, 21786.47, 60872559, 206
2970, 718, 2, 30, 0, 0, 4.88%, 0, 0, 2, 19971.11, 60971149, 206
2975, 719, 11, 30, 0, 0, 4.88%, 0, 0, 2, 21762.52, 61086457, 206
2980, 720, 15, 30, 0, 0, 4.88%, 0, 0, 2, 20674.18, 61188959, 206
2985, 722, 2, 30, 0, 0, 4.88%, 0, 0, 2, 22374.48, 61308777, 206
2990, 723, 10, 30, 0, 0, 4.88%, 0, 0, 2, 21378.65, 61417281, 206
2996, 724, 21, 30, 0, 0, 4.88%, 0, 0, 2, 21822.44, 61530895, 206
3001, 726, 0, 30, 0, 0, 4.88%, 0, 0, 2, 21186.27, 61639177, 206
3006, 727, 10, 30, 0, 0, 4.88%, 0, 0, 2, 21912.45, 61754490, 206
3011, 728, 16, 30, 0, 0, 4.88%, 0, 0, 2, 20950.30, 61859699, 206
3016, 730, 0, 30, 0, 0, 4.88%, 0, 0, 2, 22745.08, 61973651, 206
3021, 731, 13, 30, 0, 0, 4.88%, 0, 0, 2, 21681.07, 62090196, 206
3026, 732, 18, 30, 0, 0, 4.88%, 0, 0, 2, 21410.30, 62198760, 206
3032, 733, 26, 30, 0, 0, 4.88%, 0, 0, 2, 21169.08, 62304045, 206
3037, 735, 2, 30, 0, 0, 4.88%, 0, 0, 2, 21971.11, 62414648, 206
3042, 736, 13, 30, 0, 0, 4.88%, 0, 0, 2, 21429.84, 62520849, 206
3047, 737, 25, 30, 0, 0, 4.88%, 0, 0, 2, 21775.88, 62634099, 206
3052, 739, 2, 30, 0, 0, 4.88%, 0, 0, 2, 21019.30, 62739831, 206
3057, 740, 13, 30, 0, 0, 4.88%, 0, 0, 2, 21172.02, 62850538, 206
3062, 741, 23, 30, 0, 0, 4.88%, 0, 0, 2, 21173.44, 62959787, 206
3067, 743, 2, 30, 0, 0, 4.88%, 0, 0, 2, 20817.33, 63065971, 206
3072, 744, 8, 30, 0, 0, 4.88%, 0, 0, 2, 21512.60, 63172792, 206
3077, 745, 16, 30, 0, 0, 4.88%, 0, 0, 2, 21407.23, 63281337, 206
3083, 746, 26, 30, 0, 0, 4.88%, 0, 0, 2, 21307.96, 63390553, 206
3088, 748, 2, 30, 0, 0, 4.88%, 0, 0, 2, 20012.64, 63493143, 206
3093, 749, 13, 30, 0, 0, 4.88%, 0, 0, 2, 20854.17, 63596742, 206
3098, 750, 21, 30, 0, 0, 4.88%, 0, 0, 2, 21245.63, 63705927, 206
3103, 752, 2, 30, 0, 0, 4.88%, 0, 0, 2, 21695.05, 63817729, 206
3108, 753, 10, 30, 0, 0, 4.88%, 0, 0, 2, 21313.64, 63926547, 206
3113, 754, 20, 30, 0, 0, 4.88%, 0, 0, 2, 22004.81, 64035805, 206
3118, 756, 0, 30, 0, 0, 4.88%, 0, 0, 2, 21302.15, 64146953, 206
3123, 757, 4, 30, 0, 0, 4.88%, 0, 0, 2, 22166.93, 64255755, 206
3128, 758, 13, 30, 0, 0, 4.88%, 0, 0, 2, 20781.06, 64361424, 206
3133, 759, 25, 30, 0, 0, 4.88%, 0, 0, 2, 21277.84, 64469666, 206
3139, 761, 2, 30, 0, 0, 4.88%, 0, 0, 2, 20659.48, 64579119, 206
3144, 762, 13, 30, 0, 0, 4.88%, 0, 0, 2, 21716.69, 64687549, 206
3149, 763, 20, 30, 0, 0, 4.88%, 0, 0, 2, 20255.86, 64788858, 206
3154, 765, 0, 30, 0, 0, 4.88%, 0, 0, 2, 21390.46, 64896219, 206
3159, 766, 4, 30, 0, 0, 4.88%, 0, 0, 2, 20681.73, 65005129, 206
3164, 767, 13, 30, 0, 0, 4.88%, 0, 0, 2, 21305.67, 65112275, 206
3169, 768, 24, 30, 0, 0, 4.88%, 0, 0, 2, 20593.98, 65220404, 206
3174, 770, 2, 30, 0, 0, 4.88%, 0, 0, 2, 21793.79, 65334367, 206
3179, 771, 13, 30, 0, 0, 4.88%, 0, 0, 2, 21222.45, 65441881, 206
3184, 772, 18, 30, 0, 0, 4.88%, 0, 0, 2, 21756.06, 65552771, 206
3189, 774, 0, 30, 0, 0, 4.88%, 0, 0, 2, 21421.34, 65665156, 206
3195, 775, 4, 30, 0, 0, 4.88%, 0, 0, 2, 22005.63, 65779274, 206
3200, 776, 15, 30, 0, 0, 4.88%, 0, 0, 2, 20928.18, 65887393, 206
3205, 777, 27, 30, 0, 0, 4.88%, 0, 0, 2, 22067.89, 66002417, 206
3210, 779, 2, 30, 0, 0, 4.88%, 0, 0, 2, 20610.01, 66105792, 206
3215, 780, 13, 30, 0, 0, 4.88%, 0, 0, 2, 21868.55, 66219996, 206
3220, 781, 23, 30, 0, 0, 4.88%, 0, 0, 2, 21350.39, 66326564, 206
3226, 783, 2, 30, 0, 0, 4.88%, 0, 0, 2, 22041.76, 66441942, 206
3231, 784, 9, 30, 0, 0, 4.88%, 0, 0, 2, 21091.66, 66547072, 206
3236, 785, 19, 30, 0, 0, 4.88%, 0, 0, 2, 21991.61, 66659121, 206
3241, 786, 27, 30, 0, 0, 4.88%, 0, 0, 2, 20869.54, 66765035, 206
3246, 788, 2, 30, 0, 0, 4.88%, 0, 0, 2, 21338.41, 66874796, 206
3251, 789, 13, 30, 0, 0, 4.88%, 0, 0, 2, 20516.19, 66975964, 206
3256, 790, 23, 30, 0, 0, 4.88%, 0, 0, 2, 22109.24, 67090823, 206
3261, 792, 2, 30, 0, 0, 4.88%, 0, 0, 2, 21641.57, 67202704, 206
3266, 793, 13, 30, 0, 0, 4.88%, 0, 0, 2, 22035.46, 67318784, 206
3271, 794, 21, 30, 0, 0, 4.88%, 0, 0, 2, 21233.18, 67423516, 206
3277, 796, 2, 30, 0, 0, 4.88%, 0, 0, 2, 22379.76, 67540430, 206
3282, 797, 13, 30, 0, 0, 4.88%, 0, 0, 2, 22204.22, 67652904, 206
3287, 798, 24, 30, 0, 0, 4.88%, 0, 0, 2, 22681.05, 67765474, 206
3292, 800, 2, 30, 0, 0, 4.88%, 0, 0, 2, 21698.03, 67871979, 206
3297, 801, 13, 30, 0, 0, 4.88%, 0, 0, 2, 21304.30, 67983652, 206
3302, 802, 21, 30, 0, 0, 4.88%, 0, 0, 2, 21371.98, 68090498, 206
3307, 804, 2, 30, 0, 0, 4.88%, 0, 0, 2, 21333.09, 68199955, 206
3312, 805, 13, 30, 0, 0, 4.88%, 0, 0, 2, 21585.99, 68311264, 206
3317, 806, 25, 30, 0, 0, 4.88%, 0, 0, 2, 22017.15, 68429952, 206
3323, 808, 2, 30, 0, 0, 4.88%, 0, 0, 2, 21187.43, 68537802, 206
3328, 809, 13, 30, 0, 0, 4.88%, 0, 0, 2, 20763.14, 68649053, 206
3333, 810, 21, 30, 0, 0, 4.88%, 0, 0, 2, 21163.24, 68757414, 206
3338, 812, 2, 30, 0, 0, 4.88%, 0, 0, 2, 20889.31, 68869214, 206
3343, 813, 11, 30, 0, 0, 4.88%, 0, 0, 2, 21873.04, 68982851, 206
3349, 814, 18, 30, 0, 0, 4.88%, 0, 0, 2, 20743.23, 69088813, 206
3354, 816, 0, 30, 0, 0, 4.88%, 0, 0, 2, 21666.58, 69198186, 206
3359, 817, 8, 30, 0, 0, 4.88%, 0, 0, 2, 21201.38, 69306551, 206
3364, 818, 16, 30, 0, 0, 4.88%, 0, 0, 2, 21560.55, 69417561, 206
3369, 820, 0, 30, 0, 0, 4.88%, 0, 0, 2, 21406.68, 69526395, 206
3374, 821, 4, 30, 0, 0, 4.88%, 0, 0, 2, 21643.68, 69638144, 206
3379, 822, 14, 30, 0, 0, 4.88%, 0, 0, 2, 21142.95, 69745374, 206
3384, 823, 26, 30, 0, 0, 4.88%, 0, 0, 2, 21989.62, 69859172, 206
3389, 825, 2, 30, 0, 0, 4.88%, 0, 0, 2, 20131.20, 69962713, 206
3395, 826, 10, 30, 0, 0, 4.88%, 0, 0, 2, 21294.64, 70070769, 206
3400, 827, 16, 30, 0, 0, 4.88%, 0, 0, 2, 20490.19, 70174329, 206
3405, 829, 0, 30, 0, 0, 4.88%, 0, 0, 2, 21727.67, 70288522, 206
3410, 830, 2, 30, 0, 0, 4.88%, 0, 0, 2, 20965.55, 70394415, 206
3415, 831, 20, 30, 0, 0, 4.88%, 0, 0, 2, 23617.89, 70514794, 206
3420, 833, 2, 30, 0, 0, 4.88%, 0, 0, 2, 21952.09, 70628614, 206
3425, 834, 10, 30, 0, 0, 4.88%, 0, 0, 2, 22003.30, 70739214, 206
3430, 835, 20, 30, 0, 0, 4.88%, 0, 0, 2, 21044.46, 70848927, 206
3435, 837, 2, 30, 0, 0, 4.88%, 0, 0, 2, 21805.29, 70959239, 206
3440, 838, 4, 30, 0, 0, 4.88%, 0, 0, 2, 21530.26, 71064699, 206
3446, 839, 20, 30, 0, 0, 4.88%, 0, 0, 2, 22461.73, 71180647, 206
3451, 840, 26, 30, 0, 0, 4.88%, 0, 0, 2, 20128.70, 71280315, 206
3456, 842, 2, 30, 0, 0, 4.88%, 0, 0, 2, 21603.96, 71393696, 206
3461, 843, 13, 30, 0, 0, 4.88%, 0, 0, 2, 21246.13, 71500742, 206
3466, 844, 26, 30, 0, 0, 4.88%, 0, 0, 2, 22183.72, 71612951, 206
3471, 846, 2, 30, 0, 0, 4.88%, 0, 0, 2, 21250.04, 71715963, 206
3476, 847, 13, 30, 0, 0, 4.88%, 0, 0, 2, 21972.75, 71829094, 206
3481, 848, 24, 30, 0, 0, 4.88%, 0, 0, 2, 21607.25, 71938826, 206
3486, 850, 2, 30, 0, 0, 4.88%, 0, 0, 2, 22399.66, 72055149, 206
3492, 851, 13, 30, 0, 0, 4.88%, 0, 0, 2, 21462.15, 72163975, 206
3497, 852, 26, 30, 0, 0, 4.88%, 0, 0, 2, 21903.59, 72277008, 206
3502, 854, 2, 30, 0, 0, 4.88%, 0, 0, 2, 21306.31, 72386643, 206
3507, 855, 14, 30, 0, 0, 4.88%, 0, 0, 2, 21442.96, 72499911, 206
3512, 856, 26, 30, 0, 0, 4.88%, 0, 0, 2, 21759.78, 72609841, 206
3517, 858, 2, 30, 0, 0, 4.88%, 0, 0, 2, 21271.07, 72720909, 206
3522, 859, 13, 30, 0, 0, 4.88%, 0, 0, 2, 21729.88, 72829146, 206
3527, 860, 23, 30, 0, 0, 4.88%, 0, 0, 2, 21675.08, 72938790, 206
3532, 862, 2, 30, 0, 0, 4.88%, 0, 0, 2, 22773.19, 73049372, 206
3537, 863, 10, 30, 0, 0, 4.88%, 0, 0, 2, 21783.54, 73159140, 206
3543, 864, 16, 30, 0, 0, 4.88%, 0, 0, 2, 21683.70, 73267210, 206
3548, 866, 0, 30, 0, 0, 4.88%, 0, 0, 2, 21368.74, 73378689, 206
3553, 867, 4, 30, 0, 0, 4.88%, 0, 0, 2, 21918.72, 73491114, 206
3558, 868, 18, 30, 0, 0, 4.88%, 0, 0, 2, 21158.89, 73602743, 206
3563, 869, 27, 30, 0, 0, 4.88%, 0, 0, 2, 21418.02, 73712111, 206
3568, 871, 2, 30, 0, 0, 4.88%, 0, 0, 2, 20080.25, 73815965, 206
3573, 872, 13, 30, 0, 0, 4.88%, 0, 0, 2, 22081.86, 73929968, 206
3579, 873, 26, 30, 0, 0, 4.88%, 0, 0, 2, 21146.58, 74041953, 206
3584, 875, 2, 30, 0, 0, 4.88%, 0, 0, 2, 21862.08, 74154590, 206
3589, 876, 13, 30, 0, 0, 4.88%, 0, 0, 2, 21308.14, 74265221, 206
3594, 877, 23, 30, 0, 0, 4.88%, 0, 0, 2, 21719.41, 74373295, 206
3599, 879, 2, 30, 0, 0, 4.88%, 0, 0, 2, 21635.27, 74485799, 206
3604, 880, 13, 30, 0, 0, 4.88%, 0, 0, 2, 22562.36, 74603050, 206
3609, 881, 23, 30, 0, 0, 4.88%, 0, 0, 2, 21092.39, 74710050, 206
3614, 883, 2, 30, 0, 0, 4.88%, 0, 0, 2, 24139.13, 74832819, 206
3619, 884, 13, 30, 0, 0, 4.88%, 0, 0, 2, 21907.80, 74940103, 206
3625, 885, 27, 30, 0, 0, 4.88%, 0, 0, 2, 22431.28, 75055507, 206
3630, 887, 2, 30, 0, 0, 4.88%, 0, 0, 2, 21201.69, 75164549, 206
3635, 888, 14, 30, 0, 0, 4.88%, 0, 0, 2, 21945.95, 75276281, 206
3640, 889, 26, 30, 0, 0, 4.88%, 0, 0, 2, 21362.72, 75387584, 206
3645, 891, 3, 30, 0, 0, 4.88%, 0, 0, 2, 22871.98, 75505256, 206
3650, 892, 15, 30, 0, 0, 4.88%, 0, 0, 2, 22209.61, 75617082, 206
3655, 894, 2, 30, 0, 0, 4.88%, 0, 0, 2, 22647.48, 75736143, 206
3661, 895, 8, 30, 0, 0, 4.88%, 0, 0, 2, 21527.88, 75844549, 206
3666, 896, 18, 30, 0, 0, 4.88%, 0, 0, 2, 22621.53, 75958089, 206
3671, 897, 27, 30, 0, 0, 4.88%, 0, 0, 2, 21746.63, 76068738, 206
3676, 899, 10, 30, 0, 0, 4.88%, 0, 0, 2, 22879.22, 76183761, 206
3681, 900, 18, 30, 0, 0, 4.88%, 0, 0, 2, 21930.27, 76292207, 206
3686, 902, 2, 30, 0, 0, 4.88%, 0, 0, 2, 22606.16, 76409392, 206
3691, 903, 2, 30, 0, 0, 4.88%, 0, 0, 2, 20883.17, 76510816, 206
3696, 904, 18, 30, 0, 0, 4.88%, 0, 0, 2, 22148.41, 76627060, 206
3701, 906, 0, 30, 0, 0, 4.88%, 0, 0, 2, 21615.48, 76736047, 206
3706, 907, 10, 30, 0, 0, 4.88%, 0, 0, 2, 22642.92, 76850649, 206
3712, 908, 20, 30, 0, 0, 4.88%, 0, 0, 2, 21411.44, 76960571, 206
3717, 910, 2, 30, 0, 0, 4.88%, 0, 0, 2, 22397.50, 77077500, 206
3722, 911, 8, 30, 0, 0, 4.88%, 0, 0, 2, 21361.69, 77186339, 206
3727, 912, 20, 30, 0, 0, 4.88%, 0, 0, 2, 21570.66, 77299180, 206
3732, 914, 2, 30, 0, 0, 4.88%, 0, 0, 2, 22023.17, 77412906, 206
3737, 915, 8, 30, 0, 0, 4.88%, 0, 0, 2, 21717.89, 77522103, 206
3743, 916, 18, 30, 0, 0, 4.88%, 0, 0, 2, 22124.95, 77635415, 206
3748, 918, 0, 30, 0, 0, 4.88%, 0, 0, 2, 21143.81, 77742452, 206
3753, 919, 2, 30, 0, 0, 4.88%, 0, 0, 2, 21665.24, 77851127, 206
3758, 920, 15, 30, 0, 0, 4.88%, 0, 0, 2, 21934.83, 77962499, 206
3763, 921, 27, 30, 0, 0, 4.88%, 0, 0, 2, 22033.12, 78075993, 206
3768, 923, 4, 30, 0, 0, 4.88%, 0, 0, 2, 21554.70, 78187918, 206
3773, 924, 17, 30, 0, 0, 4.88%, 0, 0, 2, 22883.75, 78301573, 206
3778, 925, 27, 30, 0, 0, 4.88%, 0, 0, 2, 21764.73, 78411955, 206
3783, 927, 4, 30, 0, 0, 4.88%, 0, 0, 2, 22258.87, 78526153, 206
3788, 928, 21, 30, 0, 0, 4.88%, 0, 0, 2, 21929.57, 78641950, 206
3794, 930, 2, 30, 0, 0, 4.88%, 0, 0, 2, 21942.89, 78755187, 206
3799, 931, 8, 30, 0, 0, 4.88%, 0, 0, 2, 21759.66, 78865592, 206
3804, 932, 16, 30, 0, 0, 4.88%, 0, 0, 2, 22075.01, 78974794, 206
3809, 933, 26, 30, 0, 0, 4.88%, 0, 0, 2, 21214.69, 79084921, 206
3814, 935, 4, 30, 0, 0, 4.88%, 0, 0, 2, 22249.26, 79197130, 206
3819, 936, 16, 30, 0, 0, 4.88%, 0, 0, 2, 21998.31, 79308610, 206
3824, 938, 0, 30, 0, 0, 4.88%, 0, 0, 2, 22100.45, 79422814, 206
3829, 939, 4, 30, 0, 0, 4.88%, 0, 0, 2, 21407.08, 79532610, 206
3834, 940, 16, 30, 0, 0, 4.88%, 0, 0, 2, 22078.04, 79643105, 206
3839, 941, 26, 30, 0, 0, 4.88%, 0, 0, 2, 21063.86, 79749610, 206
3844, 943, 2, 30, 0, 0, 4.88%, 0, 0, 2, 21652.31, 79860435, 206
3849, 944, 13, 30, 0, 0, 4.88%, 0, 0, 2, 21049.63, 79965067, 206
3854, 945, 24, 30, 0, 0, 4.88%, 0, 0, 2, 21592.05, 80074166, 206
3859, 947, 2, 30, 0, 0, 4.88%, 0, 0, 2, 21212.25, 80181079, 206
3864, 948, 13, 30, 0, 0, 4.88%, 0, 0, 2, 22532.05, 80294640, 206
3869, 949, 20, 30, 0, 0, 4.88%, 0, 0, 2, 20855.32, 80396478, 206
3874, 951, 2, 30, 0, 0, 4.88%, 0, 0, 2, 22313.20, 80513460, 206
3879, 952, 8, 30, 0, 0, 4.88%, 0, 0, 2, 21105.11, 80618712, 206
3885, 953, 16, 30, 0, 0, 4.88%, 0, 0, 2, 22056.14, 80733035, 206
3890, 954, 27, 30, 0, 0, 4.88%, 0, 0, 2, 21183.02, 80839674, 206
3895, 956, 10, 30, 0, 0, 4.88%, 0, 0, 2, 23107.79, 80956314, 206
3900, 957, 16, 30, 0, 0, 4.88%, 0, 0, 2, 21663.42, 81066001, 206
3905, 959, 0, 30, 0, 0, 4.88%, 0, 0, 2, 22483.49, 81179112, 206
3910, 960, 2, 30, 0, 0, 4.88%, 0, 0, 2, 21063.31, 81283977, 206
3915, 961, 18, 30, 0, 0, 4.88%, 0, 0, 2, 22085.71, 81399871, 206
3920, 963, 0, 30, 0, 0, 4.88%, 0, 0, 2, 21292.53, 81510535, 206
3925, 964, 8, 30, 0, 0, 4.88%, 0, 0, 2, 22294.57, 81623754, 206
3930, 965, 13, 30, 0, 0, 4.88%, 0, 0, 2, 21344.40, 81727588, 206
3935, 966, 25, 30, 0, 0, 4.88%, 0, 0, 2, 22026.96, 81837056, 206
3940, 968, 2, 30, 0, 0, 4.88%, 0, 0, 2, 21087.74, 81945654, 206
3946, 969, 14, 30, 0, 0, 4.88%, 0, 0, 2, 22572.48, 82064833, 206
3951, 970, 26, 30, 0, 0, 4.88%, 0, 0, 2, 21373.62, 82173890, 206
3956, 972, 2, 30, 0, 0, 4.88%, 0, 0, 2, 22287.03, 82286260, 206
3961, 973, 13, 30, 0, 0, 4.88%, 0, 0, 2, 22292.20, 82397220, 206
3966, 974, 27, 30, 0, 0, 4.88%, 0, 0, 2, 22571.31, 82510634, 206
3971, 976, 2, 30, 0, 0, 4.88%, 0, 0, 2, 22189.90, 82619200, 206
3976, 977, 15, 30, 0, 0, 4.88%, 0, 0, 2, 22785.25, 82733283, 206
3981, 978, 27, 30, 0, 0, 4.88%, 0, 0, 2, 21895.17, 82841315, 206
3986, 980, 2, 30, 0, 0, 4.88%, 0, 0, 2, 22100.36, 82952471, 206
3991, 981, 13, 30, 0, 0, 4.88%, 0, 0, 2, 21063.45, 83057495, 206
3996, 982, 24, 30, 0, 0, 4.88%, 0, 0, 2, 21991.81, 83172987, 206
4001, 984, 0, 30, 0, 0, 4.88%, 0, 0, 2, 21632.53, 83276995, 206
4006, 985, 11, 30, 0, 0, 4.88%, 0, 0, 2, 22220.81, 83393017, 206
4011, 986, 20, 30, 0, 0, 4.88%, 0, 0, 2, 21966.23, 83500257, 206
4016, 988, 2, 30, 0, 0, 4.88%, 0, 0, 2, 22895.43, 83615080, 206
4022, 989, 13, 30, 0, 0, 4.88%, 0, 0, 2, 21863.43, 83725101, 206
4027, 990, 21, 30, 0, 0, 4.88%, 0, 0, 2, 21905.39, 83837213, 206
4032, 992, 2, 30, 0, 0, 4.88%, 0, 0, 2, 21841.15, 83947874, 206
4037, 993, 13, 30, 0, 0, 4.88%, 0, 0, 2, 22478.01, 84066153, 206
4042, 994, 23, 30, 0, 0, 4.88%, 0, 0, 2, 22008.84, 84175059, 206
4047, 996, 2, 30, 0, 0, 4.88%, 0, 0, 2, 21207.66, 84284137, 206
4052, 997, 7, 30, 0, 0, 4.88%, 0, 0, 2, 21189.54, 84389890, 206
4057, 998, 16, 30, 0, 0, 4.88%, 0, 0, 2, 21669.54, 84500817, 206
4062, 999, 27, 30, 0, 0, 4.88%, 0, 0, 2, 22234.39, 84611609, 206
4067, 1001, 2, 30, 0, 0, 4.88%, 0, 0, 2, 21966.19, 84724068, 206
4072, 1002, 16, 30, 0, 0, 4.88%, 0, 0, 2, 22351.42, 84837967, 206
4078, 1004, 0, 30, 0, 0, 4.88%, 0, 0, 2, 21813.52, 84952165, 206
4083, 1005, 10, 30, 0, 0, 4.88%, 0, 0, 2, 22293.74, 85066208, 206
4088, 1006, 18, 30, 0, 0, 4.88%, 0, 0, 2, 21844.08, 85176595, 206
4093, 1008, 0, 30, 0, 0, 4.88%, 0, 0, 2, 22081.50, 85289692, 206
4098, 1009, 10, 30, 0, 0, 4.88%, 0, 0, 2, 21753.20, 85404633, 206
4103, 1010, 23, 30, 0, 0, 4.88%, 0, 0, 2, 22252.63, 85519881, 206
4108, 1011, 27, 30, 0, 0, 4.88%, 0, 0, 2, 20502.66, 85624410, 206
4113, 1013, 2, 30, 0, 0, 4.88%, 0, 0, 2, 21894.25, 85734605, 206
4118, 1014, 16, 30, 0, 0, 4.88%, 0, 0, 2, 21714.29, 85847530, 206
4124, 1016, 2, 30, 0, 0, 4.88%, 0, 0, 2, 22672.82, 85966136, 206
4129, 1017, 13, 30, 0, 0, 4.88%, 0, 0, 2, 22467.99, 86080581, 206
4134, 1018, 25, 30, 0, 0, 4.88%, 0, 0, 2, 22539.03, 86195315, 206
4139, 1020, 2, 30, 0, 0, 4.88%, 0, 0, 2, 21688.66, 86305576, 206
4144, 1021, 13, 30, 0, 0, 4.88%, 0, 0, 2, 22474.18, 86417348, 206
4149, 1022, 20, 30, 0, 0, 4.88%, 0, 0, 2, 20992.65, 86525366, 206
4154, 1024, 2, 30, 0, 0, 4.88%, 0, 0, 2, 21971.43, 86639617, 206
4159, 1025, 4, 30, 0, 0, 4.88%, 0, 0, 2, 21181.20, 86747808, 206
4164, 1026, 16, 30, 0, 0, 4.88%, 0, 0, 2, 22394.86, 86860552, 206
4169, 1027, 27, 30, 0, 0, 4.88%, 0, 0, 2, 21167.80, 86970494, 206
4175, 1029, 11, 30, 0, 0, 4.88%, 0, 0, 2, 23111.05, 87092089, 206
4180, 1030, 20, 30, 0, 0, 4.88%, 0, 0, 2, 21642.89, 87200842, 206
4185, 1032, 2, 30, 0, 0, 4.88%, 0, 0, 2, 22585.34, 87315968, 206
4190, 1033, 13, 30, 0, 0, 4.88%, 0, 0, 2, 21902.04, 87427555, 206
4195, 1034, 25, 30, 0, 0, 4.88%, 0, 0, 2, 22047.66, 87542098, 206
4200, 1036, 2, 30, 0, 0, 4.88%, 0, 0, 2, 22612.10, 87661254, 206
4205, 1037, 15, 30, 0, 0, 4.88%, 0, 0, 2, 23670.02, 87779375, 206
4210, 1038, 27, 30, 0, 0, 4.88%, 0, 0, 2, 21976.63, 87888409, 206
4215, 1040, 10, 30, 0, 0, 4.88%, 0, 0, 2, 22696.97, 88006800, 206
4221, 1041, 16, 30, 0, 0, 4.88%, 0, 0, 2, 21687.53, 88117443, 206
4226, 1042, 26, 30, 0, 0, 4.88%, 0, 0, 2, 22932.04, 88233244, 206
4231, 1044, 2, 30, 0, 0, 4.88%, 0, 0, 2, 21338.58, 88339142, 206
4236, 1045, 15, 30, 0, 0, 4.88%, 0, 0, 2, 22764.02, 88455785, 206
4241, 1046, 26, 30, 0, 0, 4.88%, 0, 0, 2, 21484.36, 88561632, 206
4246, 1048, 2, 30, 0, 0, 4.88%, 0, 0, 2, 22367.70, 88677517, 206
4251, 1049, 15, 30, 0, 0, 4.88%, 0, 0, 2, 22487.01, 88791802, 206
4256, 1051, 0, 30, 0, 0, 4.88%, 0, 0, 2, 22698.47, 88910529, 206
4261, 1052, 2, 30, 0, 0, 4.88%, 0, 0, 2, 22107.62, 89018397, 206
4266, 1053, 23, 30, 0, 0, 4.88%, 0, 0, 2, 23721.52, 89140780, 206
4271, 1055, 2, 30, 0, 0, 4.88%, 0, 0, 2, 22571.15, 89250418, 206
4276, 1056, 13, 30, 0, 0, 4.88%, 0, 0, 2, 23386.05, 89366097, 206
4281, 1057, 23, 30, 0, 0, 4.88%, 0, 0, 2, 22114.92, 89476191, 206
4286, 1059, 2, 30, 0, 0, 4.88%, 0, 0, 2, 21896.65, 89586694, 206
4291, 1060, 12, 30, 0, 0, 4.88%, 0, 0, 2, 22805.69, 89696772, 206
4296, 1061, 23, 30, 0, 0, 4.88%, 0, 0, 2, 22530.12, 89808715, 206
4302, 1063, 2, 30, 0, 0, 4.88%, 0, 0, 2, 22271.08, 89920447, 206
4307, 1064, 13, 30, 0, 0, 4.88%, 0, 0, 2, 22307.55, 90036793, 206
4312, 1065, 25, 30, 0, 0, 4.88%, 0, 0, 2, 22874.20, 90153142, 206
4317, 1067, 2, 30, 0, 0, 4.88%, 0, 0, 2, 22149.55, 90264349, 206
4322, 1068, 14, 30, 0, 0, 4.88%, 0, 0, 2, 22317.52, 90377628, 206
4327, 1070, 2, 30, 0, 0, 4.88%, 0, 0, 2, 22231.43, 90497649, 206
4332, 1071, 11, 30, 0, 0, 4.88%, 0, 0, 2, 23187.46, 90612563, 206
4338, 1072, 21, 30, 0, 0, 4.88%, 0, 0, 2, 22157.68, 90728302, 206
4343, 1074, 2, 30, 0, 0, 4.88%, 0, 0, 2, 22249.94, 90840141, 206
4348, 1075, 11, 30, 0, 0, 4.88%, 0, 0, 2, 21091.10, 90948316, 206
4353, 1076, 21, 30, 0, 0, 4.88%, 0, 0, 2, 22231.17, 91059647, 206
4358, 1078, 2, 30, 0, 0, 4.88%, 0, 0, 2, 22285.78, 91178508, 206
4363, 1079, 13, 30, 0, 0, 4.88%, 0, 0, 2, 22442.94, 91290057, 206
4368, 1080, 26, 30, 0, 0, 4.88%, 0, 0, 2, 22479.87, 91403450, 206
4373, 1082, 2, 30, 0, 0, 4.88%, 0, 0, 2, 22107.36, 91514659, 206
4378, 1083, 15, 30, 0, 0, 4.88%, 0, 0, 2, 21757.61, 91628799, 206
4384, 1085, 2, 30, 0, 0, 4.88%, 0, 0, 2, 23214.83, 91751918, 206
4389, 1086, 13, 30, 0, 0, 4.88%, 0, 0, 2, 21634.01, 91861244, 206
4394, 1087, 26, 30, 0, 0, 4.88%, 0, 0, 2, 22581.21, 91977404, 206
4399, 1089, 2, 30, 0, 0, 4.88%, 0, 0, 2, 22060.18, 92090239, 206
4404, 1090, 13, 30, 0, 0, 4.88%, 0, 0, 2, 22558.11, 92204662, 206
4409, 1091, 26, 30, 0, 0, 4.88%, 0, 0, 2, 21217.94, 92318410, 206
4414, 1093, 4, 30, 0, 0, 4.88%, 0, 0, 2, 22713.83, 92434712, 206
4419, 1094, 16, 30, 0, 0, 4.88%, 0, 0, 2, 21955.69, 92548362, 206
4424, 1096, 2, 30, 0, 0, 4.88%, 0, 0, 2, 22912.30, 92667408, 206
4429, 1097, 8, 30, 0, 0, 4.88%, 0, 0, 2, 22190.51, 92778558, 206
4435, 1098, 24, 30, 0, 0, 4.88%, 0, 0, 2, 23202.18, 92899995, 206
4440, 1100, 2, 30, 0, 0, 4.88%, 0, 0, 2, 21829.15, 93008934, 206
4445, 1101, 13, 30, 0, 0, 4.88%, 0, 0, 2, 22766.14, 93123954, 206
4450, 1102, 20, 30, 0, 0, 4.88%, 0, 0, 2, 20935.25, 93226083, 206
4455, 1104, 2, 30, 0, 0, 4.88%, 0, 0, 2, 22315.93, 93341917, 206
4460, 1105, 13, 30, 0, 0, 4.88%, 0, 0, 2, 21422.10, 93449077, 206
4465, 1106, 26, 30, 0, 0, 4.88%, 0, 0, 2, 24698.84, 93576503, 206
4470, 1108, 2, 30, 0, 0, 4.88%, 0, 0, 2, 20950.58, 93677850, 206
4475, 1109, 13, 30, 0, 0, 4.88%, 0, 0, 2, 22622.79, 93796543, 206
4480, 1110, 26, 30, 0, 0, 4.88%, 0, 0, 2, 21673.39, 93907016, 206
4485, 1112, 2, 30, 0, 0, 4.88%, 0, 0, 2, 22536.21, 94020092, 206
4490, 1113, 14, 30, 0, 0, 4.88%, 0, 0, 2, 21454.90, 94129993, 206
4496, 1114, 27, 30, 0, 0, 4.88%, 0, 0, 2, 22970.98, 94248926, 206
4501, 1116, 2, 30, 0, 0, 4.88%, 0, 0, 2, 22288.17, 94362058, 206
4506, 1117, 16, 30, 0, 0, 4.88%, 0, 0, 2, 23054.86, 94481243, 206
4511, 1119, 0, 30, 0, 0, 4.88%, 0, 0, 2, 22114.76, 94593443, 206
4516, 1120, 4, 30, 0, 0, 4.88%, 0, 0, 2, 22449.09, 94706280, 206
4521, 1121, 16, 30, 0, 0, 4.88%, 0, 0, 2, 21903.94, 94814337, 206
4526, 1122, 27, 30, 0, 0, 4.88%, 0, 0, 2, 22114.75, 94927805, 206
4532, 1124, 2, 30, 0, 0, 4.88%, 0, 0, 2, 21337.62, 95034611, 206
4537, 1125, 13, 30, 0, 0, 4.88%, 0, 0, 2, 22466.93, 95152575, 206
4542, 1126, 26, 30, 0, 0, 4.88%, 0, 0, 2, 22406.41, 95266736, 206
4547, 1128, 2, 30, 0, 0, 4.88%, 0, 0, 2, 22227.11, 95379667, 206
4552, 1129, 14, 30, 0, 0, 4.88%, 0, 0, 2, 22342.64, 95491444, 206
4557, 1131, 2, 30, 0, 0, 4.88%, 0, 0, 2, 22605.87, 95611538, 206
4562, 1132, 10, 30, 0, 0, 4.88%, 0, 0, 2, 22006.63, 95721638, 206
4567, 1133, 18, 30, 0, 0, 4.88%, 0, 0, 2, 21845.71, 95833625, 206
4573, 1135, 2, 30, 0, 0, 4.88%, 0, 0, 2, 21919.05, 95945230, 206
4578, 1136, 10, 30, 0, 0, 4.88%, 0, 0, 2, 21824.31, 96061289, 206
4583, 1137, 21, 30, 0, 0, 4.88%, 0, 0, 2, 22281.60, 96174911, 206
4588, 1139, 2, 30, 0, 0, 4.88%, 0, 0, 2, 21273.44, 96286901, 206
4593, 1140, 9, 30, 0, 0, 4.88%, 0, 0, 2, 22157.00, 96396022, 206
4598, 1141, 16, 30, 0, 0, 4.88%, 0, 0, 2, 21195.57, 96504339, 206
4603, 1142, 26, 30, 0, 0, 4.88%, 0, 0, 2, 21656.74, 96611083, 206
4608, 1144, 7, 30, 0, 0, 4.88%, 0, 0, 2, 22204.24, 96728056, 206
4613, 1145, 18, 30, 0, 0, 4.88%, 0, 0, 2, 22365.31, 96840059, 206
4618, 1147, 2, 30, 0, 0, 4.88%, 0, 0, 2, 21988.06, 96954468, 206
4624, 1148, 13, 30, 0, 0, 4.88%, 0, 0, 2, 22245.11, 97069275, 206
4629, 1149, 23, 30, 0, 0, 4.88%, 0, 0, 2, 21652.91, 97177512, 206
4634, 1151, 2, 30, 0, 0, 4.88%, 0, 0, 2, 22461.77, 97294382, 206
4639, 1152, 13, 30, 0, 0, 4.88%, 0, 0, 2, 20871.08, 97403719, 206
4644, 1153, 24, 30, 0, 0, 4.88%, 0, 0, 2, 21580.16, 97514214, 206
4649, 1155, 0, 30, 0, 0, 4.88%, 0, 0, 2, 20932.59, 97618737, 206
4654, 1156, 8, 30, 0, 0, 4.88%, 0, 0, 2, 22409.94, 97732526, 206
4659, 1157, 21, 30, 0, 0, 4.88%, 0, 0, 2, 21832.77, 97845420, 206
4665, 1159, 2, 30, 0, 0, 4.88%, 0, 0, 2, 22919.76, 97960073, 206
4670, 1160, 8, 30, 0, 0, 4.88%, 0, 0, 2, 21199.77, 98065330, 206
4675, 1161, 21, 30, 0, 0, 4.88%, 0, 0, 2, 22526.08, 98184407, 206
4680, 1163, 0, 30, 0, 0, 4.88%, 0, 0, 2, 21289.66, 98290450, 206
4685, 1164, 12, 30, 0, 0, 4.88%, 0, 0, 2, 23121.50, 98407891, 206
4690, 1165, 21, 30, 0, 0, 4.88%, 0, 0, 2, 21796.94, 98522272, 206
4695, 1167, 2, 30, 0, 0, 4.88%, 0, 0, 2, 23046.53, 98642285, 206
4700, 1168, 13, 30, 0, 0, 4.88%, 0, 0, 2, 22196.43, 98754861, 206
4705, 1169, 26, 30, 0, 0, 4.88%, 0, 0, 2, 23009.71, 98869977, 206
4710, 1171, 2, 30, 0, 0, 4.88%, 0, 0, 2, 21579.18, 98979568, 206
4716, 1172, 16, 30, 0, 0, 4.88%, 0, 0, 2, 22462.28, 99096577, 206
4721, 1174, 0, 30, 0, 0, 4.88%, 0, 0, 2, 21714.75, 99207370, 206
4726, 1175, 8, 30, 0, 0, 4.88%, 0, 0, 2, 22433.32, 99320792, 206
4731, 1176, 16, 30, 0, 0, 4.88%, 0, 0, 2, 22163.21, 99431173, 206
4736, 1178, 2, 30, 0, 0, 4.88%, 0, 0, 2, 22469.95, 99545670, 206
4741, 1179, 4, 30, 0, 0, 4.88%, 0, 0, 2, 22150.86, 99655380, 206
4746, 1180, 16, 30, 0, 0, 4.88%, 0, 0, 2, 21792.04, 99770531, 206
4751, 1181, 27, 30, 0, 0, 4.88%, 0, 0, 2, 21597.07, 99880886, 206
4756, 1183, 10, 30, 0, 0, 4.88%, 0, 0, 2, 22385.02, 99995851, 206
4761, 1184, 20, 30, 0, 0, 4.88%, 0, 0, 2, 22435.81, 100105771, 206
4766, 1186, 2, 30, 0, 0, 4.88%, 0, 0, 2, 21998.56, 100222237, 206
4772, 1187, 10, 30, 0, 0, 4.88%, 0, 0, 2, 21884.57, 100331439, 206
4777, 1188, 24, 30, 0, 0, 4.88%, 0, 0, 2, 22923.92, 100451382, 206
4782, 1190, 2, 30, 0, 0, 4.88%, 0, 0, 2, 22252.44, 100564247, 206
4787, 1191, 15, 30, 0, 0, 4.88%, 0, 0, 2, 22337.80, 100683533, 206
4792, 1192, 27, 30, 0, 0, 4.88%, 0, 0, 2, 22156.94, 100794670, 206
4797, 1194, 2, 30, 0, 0, 4.88%, 0, 0, 2, 22258.91, 100908151, 206
4802, 1195, 15, 30, 0, 0, 4.88%, 0, 0, 2, 22530.96, 101020576, 206
4807, 1196, 26, 30, 0, 0, 4.88%, 0, 0, 2, 21813.38, 101131187, 206
4812, 1198, 2, 30, 0, 0, 4.88%, 0, 0, 2, 22170.41, 101240885, 206
4818, 1199, 13, 30, 0, 0, 4.88%, 0, 0, 2, 21853.98, 101356268, 206
4823, 1200, 24, 30, 0, 0, 4.88%, 0, 0, 2, 21609.90, 101463708, 206
4828, 1202, 0, 30, 0, 0, 4.88%, 0, 0, 2, 20702.83, 101569496, 206
4833, 1203, 2, 30, 0, 0, 4.88%, 0, 0, 2, 21254.42, 101674703, 206
4838, 1204, 14, 30, 0, 0, 4.88%, 0, 0, 2, 21685.03, 101789533, 206
4843, 1205, 26, 30, 0, 0, 4.88%, 0, 0, 2, 21998.55, 101903109, 206
4848, 1207, 2, 30, 0, 0, 4.88%, 0, 0, 2, 22254.17, 102016604, 206
4853, 1208, 16, 30, 0, 0, 4.88%, 0, 0, 2, 22677.96, 102133609, 206
4858, 1209, 27, 30, 0, 0, 4.88%, 0, 0, 2, 21794.44, 102244618, 206
4863, 1211, 8, 30, 0, 0, 4.88%, 0, 0, 2, 22625.03, 102360787, 206
4869, 1212, 20, 30, 0, 0, 4.88%, 0, 0, 2, 21921.46, 102474216, 206
4874, 1214, 2, 30, 0, 0, 4.88%, 0, 0, 2, 22997.64, 102592810, 206
4879, 1215, 13, 30, 0, 0, 4.88%, 0, 0, 2, 21141.88, 102703491, 206
4884, 1216, 24, 30, 0, 0, 4.88%, 0, 0, 2, 22389.25, 102819709, 206
4889, 1218, 2, 30, 0, 0, 4.88%, 0, 0, 2, 20819.72, 102927870, 206
4894, 1219, 13, 30, 0, 0, 4.88%, 0, 0, 2, 22387.27, 103045553, 206
4900, 1220, 26, 30, 0, 0, 4.88%, 0, 0, 2, 21728.18, 103160114, 206
4905, 1222, 4, 30, 0, 0, 4.88%, 0, 0, 2, 22965.34, 103277477, 206
4910, 1223, 15, 30, 0, 0, 4.88%, 0, 0, 2, 21438.51, 103388659, 206
4915, 1225, 0, 30, 0, 0, 4.88%, 0, 0, 2, 22831.20, 103508008, 206
4920, 1226, 4, 30, 0, 0, 4.88%, 0, 0, 2, 21477.02, 103619323, 206
4925, 1227, 21, 30, 0, 0, 4.88%, 0, 0, 2, 23108.61, 103738849, 206
4930, 1228, 28, 30, 0, 0, 4.88%, 0, 0, 2, 21474.42, 103842902, 206
4936, 1230, 11, 30, 0, 0, 4.88%, 0, 0, 2, 23811.81, 103965322, 206
4941, 1231, 21, 30, 0, 0, 4.88%, 0, 0, 2, 22378.20, 104075932, 206
4946, 1233, 2, 30, 0, 0, 4.88%, 0, 0, 2, 22578.73, 104195118, 206
4951, 1234, 13, 30, 0, 0, 4.88%, 0, 0, 2, 21135.90, 104300665, 206
4956, 1235, 27, 30, 0, 0, 4.88%, 0, 0, 2, 23550.82, 104419798, 206
4961, 1237, 2, 30, 0, 0, 4.88%, 0, 0, 2, 22126.87, 104529012, 206
4966, 1238, 14, 30, 0, 0, 4.88%, 0, 0, 2, 23096.55, 104643033, 206
4971, 1239, 26, 30, 0, 0, 4.88%, 0, 0, 2, 21989.99, 104751798, 206
4976, 1241, 2, 30, 0, 0, 4.88%, 0, 0, 2, 21992.42, 104864433, 206
4981, 1242, 15, 30, 0, 0, 4.88%, 0, 0, 2, 22145.96, 104977981, 206
4987, 1244, 2, 30, 0, 0, 4.88%, 0, 0, 2, 23031.96, 105097783, 206
4992, 1245, 13, 30, 0, 0, 4.88%, 0, 0, 2, 22930.79, 105212094, 206
4997, 1246, 23, 30, 0, 0, 4.88%, 0, 0, 2, 22423.65, 105327855, 206
5002, 1248, 2, 30, 0, 0, 4.88%, 0, 0, 2, 21934.08, 105438287, 206
5007, 1249, 13, 30, 0, 0, 4.88%, 0, 0, 2, 21466.89, 105551717, 206
5012, 1250, 23, 30, 0, 0, 4.88%, 0, 0, 2, 22391.13, 105662932, 206
5017, 1252, 2, 30, 0, 0, 4.88%, 0, 0, 2, 21910.23, 105779145, 206
5023, 1253, 13, 30, 0, 0, 4.88%, 0, 0, 2, 21759.78, 105890700, 206
5028, 1254, 23, 30, 0, 0, 4.88%, 0, 0, 2, 21837.07, 106003266, 206
5033, 1256, 2, 30, 0, 0, 4.88%, 0, 0, 2, 21851.80, 106115730, 206
5038, 1257, 13, 30, 0, 0, 4.88%, 0, 0, 2, 21673.51, 106231187, 206
5043, 1258, 26, 30, 0, 0, 4.88%, 0, 0, 2, 22248.71, 106344803, 206
5048, 1260, 2, 30, 0, 0, 4.88%, 0, 0, 2, 21473.06, 106454242, 206
5053, 1261, 13, 30, 0, 0, 4.88%, 0, 0, 2, 21712.20, 106565925, 206
5059, 1262, 24, 30, 0, 0, 4.88%, 0, 0, 2, 21502.84, 106677046, 206
5064, 1264, 2, 30, 0, 0, 4.88%, 0, 0, 2, 22202.17, 106789884, 206
5069, 1265, 13, 30, 0, 0, 4.88%, 0, 0, 2, 20954.61, 106900649, 206
5074, 1266, 25, 30, 0, 0, 4.88%, 0, 0, 2, 22168.89, 107013549, 206
5079, 1268, 2, 30, 0, 0, 4.88%, 0, 0, 2, 20982.50, 107119626, 206
5084, 1269, 13, 30, 0, 0, 4.88%, 0, 0, 2, 23159.72, 107238370, 206
5089, 1270, 24, 30, 0, 0, 4.88%, 0, 0, 2, 22094.93, 107351158, 206
5094, 1272, 2, 30, 0, 0, 4.88%, 0, 0, 2, 22314.38, 107467494, 206
5099, 1273, 13, 30, 0, 0, 4.88%, 0, 0, 2, 22023.45, 107583367, 206
5104, 1274, 25, 30, 0, 0, 4.88%, 0, 0, 2, 23351.48, 107700645, 206
5110, 1276, 2, 30, 0, 0, 4.88%, 0, 0, 2, 21450.73, 107807470, 206
5115, 1277, 14, 30, 0, 0, 4.88%, 0, 0, 2, 23167.35, 107926800, 206
5120, 1278, 26, 30, 0, 0, 4.88%, 0, 0, 2, 21529.08, 108039192, 206
5125, 1280, 4, 30, 0, 0, 4.88%, 0, 0, 2, 23132.87, 108156788, 206
5130, 1281, 13, 30, 0, 0, 4.88%, 0, 0, 2, 20505.96, 108258406, 206
5135, 1283, 0, 30, 0, 0, 4.88%, 0, 0, 2, 23088.16, 108377387, 206
5140, 1284, 8, 30, 0, 0, 4.88%, 0, 0, 2, 21355.49, 108486952, 206
5145, 1285, 19, 30, 0, 0, 4.88%, 0, 0, 2, 22232.63, 108599117, 206
5150, 1286, 24, 30, 0, 0, 4.88%, 0, 0, 2, 20514.49, 108702857, 206
5155, 1288, 2, 30, 0, 0, 4.88%, 0, 0, 2, 22028.86, 108818568, 206
5160, 1289, 13, 30, 0, 0, 4.88%, 0, 0, 2, 21873.58, 108930876, 206
5165, 1290, 26, 30, 0, 0, 4.88%, 0, 0, 2, 22473.01, 109044001, 206
5170, 1292, 2, 30, 0, 0, 4.88%, 0, 0, 2, 22214.09, 109155458, 206
5176, 1293, 16, 30, 0, 0, 4.88%, 0, 0, 2, 22701.18, 109274197, 206
5181, 1295, 0, 30, 0, 0, 4.88%, 0, 0, 2, 22424.71, 109387702, 206
5186, 1296, 13, 30, 0, 0, 4.88%, 0, 0, 2, 22753.83, 109508209, 206
5191, 1297, 21, 30, 0, 0, 4.88%, 0, 0, 2, 21646.26, 109615611, 206
5196, 1299, 2, 30, 0, 0, 4.88%, 0, 0, 2, 22831.37, 109735083, 206
5201, 1300, 13, 30, 0, 0, 4.88%, 0, 0, 2, 21934.26, 109842408, 206
5206, 1301, 24, 30, 0, 0, 4.88%, 0, 0, 2, 22378.34, 109956914, 206
5212, 1303, 2, 30, 0, 0, 4.88%, 0, 0, 2, 21639.86, 110064234, 206
5217, 1304, 13, 30, 0, 0, 4.88%, 0, 0, 2, 22425.38, 110181703, 206
5222, 1305, 23, 30, 0, 0, 4.88%, 0, 0, 2, 22268.89, 110289507, 206
5227, 1307, 9, 30, 0, 0, 4.88%, 0, 0, 2, 23427.05, 110420794, 206
5232, 1308, 16, 30, 0, 0, 4.88%, 0, 0, 2, 22511.04, 110530062, 206
5237, 1309, 27, 30, 0, 0, 4.88%, 0, 0, 2, 22040.14, 110645796, 206
5242, 1311, 2, 30, 0, 0, 4.88%, 0, 0, 2, 22470.59, 110755515, 206
5247, 1312, 14, 30, 0, 0, 4.88%, 0, 0, 2, 21267.97, 110865130, 206
5252, 1313, 24, 30, 0, 0, 4.88%, 0, 0, 2, 21078.99, 110970937, 206
5257, 1315, 2, 30, 0, 0, 4.88%, 0, 0, 2, 21784.75, 111082964, 206
5262, 1316, 13, 30, 0, 0, 4.88%, 0, 0, 2, 21705.94, 111191296, 206
5268, 1317, 25, 30, 0, 0, 4.88%, 0, 0, 2, 22473.05, 111308700, 206
5273, 1319, 2, 30, 0, 0, 4.88%, 0, 0, 2, 21721.37, 111415350, 206
5278, 1320, 13, 30, 0, 0, 4.88%, 0, 0, 2, 21572.93, 111528761, 206
5283, 1321, 24, 30, 0, 0, 4.88%, 0, 0, 2, 22495.35, 111640388, 206
5288, 1323, 2, 30, 0, 0, 4.88%, 0, 0, 2, 21208.23, 111751370, 206
5293, 1324, 16, 30, 0, 0, 4.88%, 0, 0, 2, 24133.82, 111873618, 206
5298, 1326, 0, 30, 0, 0, 4.88%, 0, 0, 2, 21755.20, 111986361, 206
5304, 1327, 10, 30, 0, 0, 4.88%, 0, 0, 2, 22348.82, 112101507, 206
5309, 1328, 15, 30, 0, 0, 4.88%, 0, 0, 2, 20620.72, 112205183, 206
5314, 1330, 0, 30, 0, 0, 4.88%, 0, 0, 2, 21710.24, 112319442, 206
5319, 1331, 4, 30, 0, 0, 4.88%, 0, 0, 2, 21480.02, 112431727, 206
5324, 1332, 18, 30, 0, 0, 4.88%, 0, 0, 2, 22250.07, 112545375, 206
5329, 1333, 26, 30, 0, 0, 4.88%, 0, 0, 2, 21305.83, 112652887, 206
5334, 1335, 4, 30, 0, 0, 4.88%, 0, 0, 2, 22465.37, 112770246, 206
5340, 1336, 13, 30, 0, 0, 4.88%, 0, 0, 2, 21601.35, 112881792, 206
5345, 1337, 26, 30, 0, 0, 4.88%, 0, 0, 2, 23137.66, 112999018, 206
5350, 1339, 2, 30, 0, 0, 4.88%, 0, 0, 2, 20967.72, 113103006, 206
5355, 1340, 14, 30, 0, 0, 4.88%, 0, 0, 2, 23358.53, 113224759, 206
5360, 1341, 26, 30, 0, 0, 4.88%, 0, 0, 2, 21921.19, 113334773, 206
5365, 1343, 11, 30, 0, 0, 4.88%, 0, 0, 2, 23961.93, 113460310, 206
5370, 1344, 16, 30, 0, 0, 4.88%, 0, 0, 2, 21299.80, 113564617, 206
5375, 1346, 0, 30, 0, 0, 4.88%, 0, 0, 2, 22603.46, 113682305, 206
5380, 1347, 8, 30, 0, 0, 4.88%, 0, 0, 2, 22075.55, 113796778, 206
5386, 1348, 23, 30, 0, 0, 4.88%, 0, 0, 2, 22637.25, 113914051, 206
5391, 1350, 2, 30, 0, 0, 4.88%, 0, 0, 2, 21872.83, 114022162, 206
5396, 1351, 13, 30, 0, 0, 4.88%, 0, 0, 2, 23531.71, 114140772, 206
5401, 1352, 25, 30, 0, 0, 4.88%, 0, 0, 2, 22166.15, 114251435, 206
5406, 1354, 2, 30, 0, 0, 4.88%, 0, 0, 2, 22531.00, 114368641, 206
5411, 1355, 14, 30, 0, 0, 4.88%, 0, 0, 2, 21787.12, 114480245, 206
5416, 1356, 27, 30, 0, 0, 4.88%, 0, 0, 2, 23097.90, 114599063, 206
5421, 1358, 2, 30, 0, 0, 4.88%, 0, 0, 2, 22019.99, 114706849, 206
5426, 1359, 13, 30, 0, 0, 4.88%, 0, 0, 2, 21288.97, 114814916, 206
5431, 1360, 23, 30, 0, 0, 4.88%, 0, 0, 2, 22953.50, 114923075, 206
5437, 1362, 2, 30, 0, 0, 4.88%, 0, 0, 2, 22470.70, 115039371, 206
5442, 1363, 13, 30, 0, 0, 4.88%, 0, 0, 2, 21869.60, 115150114, 206
5447, 1364, 25, 30, 0, 0, 4.88%, 0, 0, 2, 22128.37, 115268282, 206
5452, 1366, 2, 30, 0, 0, 4.88%, 0, 0, 2, 21659.13, 115376130, 206
5457, 1367, 13, 30, 0, 0, 4.88%, 0, 0, 2, 21744.32, 115490505, 206
5462, 1368, 26, 30, 0, 0, 4.88%, 0, 0, 2, 23237.17, 115606008, 206
5467, 1370, 2, 30, 0, 0, 4.88%, 0, 0, 2, 22077.85, 115722855, 206
5472, 1371, 13, 30, 0, 0, 4.88%, 0, 0, 2, 22495.08, 115831728, 206
5478, 1372, 27, 30, 0, 0, 4.88%, 0, 0, 2, 22091.20, 115949325, 206
5483, 1374, 10, 30, 0, 0, 4.88%, 0, 0, 2, 22730.61, 116064509, 206
5488, 1375, 21, 30, 0, 0, 4.88%, 0, 0, 2, 21355.08, 116179351, 206
5493, 1377, 2, 30, 0, 0, 4.88%, 0, 0, 2, 22328.97, 116293444, 206
5498, 1378, 13, 30, 0, 0, 4.88%, 0, 0, 2, 21995.72, 116408821, 206
5504, 1379, 26, 30, 0, 0, 4.88%, 0, 0, 2, 21882.26, 116521379, 206
5509, 1381, 2, 30, 0, 0, 4.88%, 0, 0, 2, 21535.29, 116632524, 206
5514, 1382, 13, 30, 0, 0, 4.88%, 0, 0, 2, 22942.34, 116749443, 206
5519, 1383, 26, 30, 0, 0, 4.88%, 0, 0, 2, 22305.37, 116862601, 206
5524, 1385, 2, 30, 0, 0, 4.88%, 0, 0, 2, 21913.51, 116974890, 206
5529, 1386, 14, 30, 0, 0, 4.88%, 0, 0, 2, 22004.33, 117087232, 206
5534, 1387, 27, 30, 0, 0, 4.88%, 0, 0, 2, 21892.70, 117201564, 206
5539, 1389, 7, 30, 0, 0, 4.88%, 0, 0, 2, 21899.42, 117319966, 206
5544, 1390, 18, 30, 0, 0, 4.88%, 0, 0, 2, 22804.91, 117435745, 206
5549, 1391, 26, 30, 0, 0, 4.88%, 0, 0, 2, 21360.30, 117540429, 206
5555, 1393, 4, 30, 0, 0, 4.88%, 0, 0, 2, 22848.25, 117658241, 206
5560, 1394, 15, 30, 0, 0, 4.88%, 0, 0, 2, 21026.50, 117765337, 206
5565, 1396, 2, 30, 0, 0, 4.88%, 0, 0, 2, 23763.82, 117883855, 206
5570, 1397, 8, 30, 0, 0, 4.88%, 0, 0, 2, 21263.01, 117990166, 206
5575, 1398, 23, 30, 0, 0, 4.88%, 0, 0, 2, 22632.90, 118109053, 206
5580, 1400, 2, 30, 0, 0, 4.88%, 0, 0, 2, 21645.33, 118217346, 206
5585, 1401, 13, 30, 0, 0, 4.88%, 0, 0, 2, 23181.49, 118338895, 206
5590, 1402, 26, 30, 0, 0, 4.88%, 0, 0, 2, 21927.43, 118455178, 206
5595, 1404, 2, 30, 0, 0, 4.88%, 0, 0, 2, 23298.09, 118573504, 206
5600, 1405, 13, 30, 0, 0, 4.88%, 0, 0, 2, 20846.07, 118676058, 206
5605, 1406, 27, 30, 0, 0, 4.88%, 0, 0, 2, 24256.50, 118801565, 206
5610, 1408, 2, 30, 0, 0, 4.88%, 0, 0, 2, 21657.73, 118905088, 206
5615, 1409, 20, 30, 0, 0, 4.88%, 0, 0, 2, 24140.23, 119028381, 206
5620, 1411, 1, 30, 0, 0, 4.88%, 0, 0, 2, 22050.35, 119137999, 206
5626, 1412, 13, 30, 0, 0, 4.88%, 0, 0, 2, 23491.17, 119259396, 206
5631, 1413, 25, 30, 0, 0, 4.88%, 0, 0, 2, 22567.97, 119374138, 206
5636, 1415, 2, 30, 0, 0, 4.88%, 0, 0, 2, 22752.66, 119492899, 206
5641, 1416, 15, 30, 0, 0, 4.88%, 0, 0, 2, 22566.84, 119603100, 206
5646, 1417, 26, 30, 0, 0, 4.88%, 0, 0, 2, 21635.71, 119711998, 206
5651, 1419, 2, 30, 0, 0, 4.88%, 0, 0, 2, 21670.28, 119819264, 206
5656, 1420, 17, 30, 0, 0, 4.88%, 0, 0, 2, 23289.39, 119942295, 206
5661, 1421, 27, 30, 0, 0, 4.88%, 0, 0, 2, 22182.33, 120054152, 206
5667, 1423, 4, 30, 0, 0, 4.88%, 0, 0, 2, 21841.20, 120171137, 206
5672, 1424, 14, 30, 0, 0, 4.88%, 0, 0, 2, 21761.12, 120279734, 206
5677, 1425, 27, 30, 0, 0, 4.88%, 0, 0, 2, 22032.46, 120393890, 206
5682, 1427, 5, 30, 0, 0, 4.88%, 0, 0, 2, 22353.31, 120507016, 206
5687, 1428, 21, 30, 0, 0, 4.88%, 0, 0, 2, 22466.17, 120625606, 206
5692, 1430, 2, 30, 0, 0, 4.88%, 0, 0, 2, 22538.97, 120740685, 206
5698, 1431, 16, 30, 0, 0, 4.88%, 0, 0, 2, 23364.19, 120866314, 206
5703, 1433, 2, 30, 0, 0, 4.88%, 0, 0, 2, 23823.31, 120987361, 206
5708, 1434, 13, 30, 0, 0, 4.88%, 0, 0, 2, 23192.52, 121104819, 206
5713, 1435, 23, 30, 0, 0, 4.88%, 0, 0, 2, 22000.67, 121214211, 206
5718, 1437, 2, 30, 0, 0, 4.88%, 0, 0, 2, 22649.46, 121337043, 206
5723, 1438, 13, 30, 0, 0, 4.88%, 0, 0, 2, 22180.73, 121447180, 206
5728, 1439, 24, 30, 0, 0, 4.88%, 0, 0, 2, 21477.55, 121556897, 206
5733, 1441, 2, 30, 0, 0, 4.88%, 0, 0, 2, 22152.41, 121667761, 206
5738, 1442, 13, 30, 0, 0, 4.88%, 0, 0, 2, 22412.65, 121785866, 206
5744, 1443, 24, 30, 0, 0, 4.88%, 0, 0, 2, 22037.04, 121899758, 206
5749, 1445, 4, 30, 0, 0, 4.88%, 0, 0, 2, 22661.11, 122022271, 206
5754, 1446, 18, 30, 0, 0, 4.88%, 0, 0, 2, 21910.59, 122135869, 206
5759, 1448, 2, 30, 0, 0, 4.88%, 0, 0, 2, 21560.30, 122249301, 206
5764, 1449, 13, 30, 0, 0, 4.88%, 0, 0, 2, 23170.73, 122369364, 206
5769, 1450, 21, 30, 0, 0, 4.88%, 0, 0, 2, 22608.60, 122482521, 206
5774, 1452, 2, 30, 0, 0, 4.88%, 0, 0, 2, 23560.34, 122603657, 206
5780, 1453, 13, 30, 0, 0, 4.88%, 0, 0, 2, 22162.54, 122713793, 206
5785, 1455, 2, 30, 0, 0, 4.88%, 0, 0, 2, 23618.37, 122837117, 206
5790, 1456, 2, 30, 0, 0, 4.88%, 0, 0, 2, 21833.65, 122944751, 206
5795, 1457, 15, 30, 0, 0, 4.88%, 0, 0, 2, 22817.24, 123064786, 206
5800, 1458, 27, 30, 0, 0, 4.88%, 0, 0, 2, 21690.96, 123177882, 206
5805, 1460, 10, 30, 0, 0, 4.88%, 0, 0, 2, 23179.59, 123295406, 206
5810, 1461, 23, 30, 0, 0, 4.88%, 0, 0, 2, 22408.91, 123411311, 206
5816, 1463, 2, 30, 0, 0, 4.88%, 0, 0, 2, 22625.47, 123530508, 206
5821, 1464, 13, 30, 0, 0, 4.88%, 0, 0, 2, 21839.67, 123638595, 206
5826, 1465, 26, 30, 0, 0, 4.88%, 0, 0, 2, 22880.51, 123756632, 206
5831, 1467, 2, 30, 0, 0, 4.88%, 0, 0, 2, 21197.87, 123864468, 206
5836, 1468, 14, 30, 0, 0, 4.88%, 0, 0, 2, 23039.45, 123985618, 206
5841, 1469, 26, 30, 0, 0, 4.88%, 0, 0, 2, 21635.62, 124094898, 206
5846, 1471, 2, 30, 0, 0, 4.88%, 0, 0, 2, 22707.80, 124210766, 206
5851, 1472, 14, 30, 0, 0, 4.88%, 0, 0, 2, 22005.48, 124317698, 206
5856, 1474, 0, 30, 0, 0, 4.88%, 0, 0, 2, 22868.26, 124437325, 206
5861, 1475, 2, 30, 0, 0, 4.88%, 0, 0, 2, 22252.56, 124545576, 206
5867, 1476, 16, 30, 0, 0, 4.88%, 0, 0, 2, 22816.58, 124663088, 206
5872, 1477, 27, 30, 0, 0, 4.88%, 0, 0, 2, 21643.65, 124769849, 206
5877, 1479, 4, 30, 0, 0, 4.88%, 0, 0, 2, 22088.31, 124882610, 206
5882, 1480, 16, 30, 0, 0, 4.88%, 0, 0, 2, 22315.60, 124993171, 206
5887, 1482, 0, 30, 0, 0, 4.88%, 0, 0, 2, 22748.46, 125112130, 206
5892, 1483, 2, 30, 0, 0, 4.88%, 0, 0, 2, 22038.87, 125219186, 206
5897, 1484, 15, 30, 0, 0, 4.88%, 0, 0, 2, 22243.95, 125333035, 206
5902, 1485, 29, 30, 0, 0, 4.88%, 0, 0, 2, 22942.36, 125446804, 206
5907, 1487, 10, 30, 0, 0, 4.88%, 0, 0, 2, 22785.18, 125568555, 206
5912, 1488, 20, 30, 0, 0, 4.88%, 0, 0, 2, 22752.55, 125681707, 206
5917, 1490, 2, 30, 0, 0, 4.88%, 0, 0, 2, 22534.65, 125796041, 206
5922, 1491, 13, 30, 0, 0, 4.88%, 0, 0, 2, 22190.71, 125908750, 206
5928, 1492, 26, 30, 0, 0, 4.88%, 0, 0, 2, 22564.18, 126029161, 206
5933, 1494, 8, 30, 0, 0, 4.88%, 0, 0, 2, 23520.14, 126149117, 206
5938, 1495, 21, 30, 0, 0, 4.88%, 0, 0, 2, 22193.72, 126265921, 206
5943, 1497, 2, 30, 0, 0, 4.88%, 0, 0, 2, 22610.76, 126380252, 206
5948, 1498, 14, 30, 0, 0, 4.88%, 0, 0, 2, 22206.45, 126498814, 206
5953, 1499, 27, 30, 0, 0, 4.88%, 0, 0, 2, 22189.40, 126611512, 206
5958, 1501, 11, 30, 0, 0, 4.88%, 0, 0, 2, 22689.18, 126729430, 206
5963, 1502, 21, 30, 0, 0, 4.88%, 0, 0, 2, 22635.02, 126844400, 206
5968, 1504, 2, 30, 0, 0, 4.88%, 0, 0, 2, 20977.32, 126949919, 206
5973, 1505, 13, 30, 0, 0, 4.88%, 0, 0, 2, 25289.48, 127073490, 206
5978, 1506, 24, 30, 0, 0, 4.88%, 0, 0, 2, 22521.89, 127186925, 206
5984, 1508, 2, 30, 0, 0, 4.88%, 0, 0, 2, 22693.71, 127305347, 206
5989, 1509, 14, 30, 0, 0, 4.88%, 0, 0, 2, 21808.88, 127420024, 206
5994, 1511, 0, 30, 0, 0, 4.88%, 0, 0, 2, 22935.27, 127539733, 206
5999, 1512, 4, 30, 0, 0, 4.88%, 0, 0, 2, 22034.40, 127649716, 206
6004, 1513, 19, 30, 0, 0, 4.88%, 0, 0, 2, 22397.49, 127765637, 206
6009, 1514, 27, 30, 0, 0, 4.88%, 0, 0, 2, 21606.13, 127875715, 206
6014, 1516, 10, 30, 0, 0, 4.88%, 0, 0, 2, 22852.35, 127990091, 206
6020, 1517, 18, 30, 0, 0, 4.88%, 0, 0, 2, 21407.95, 128099545, 206
6025, 1519, 2, 30, 0, 0, 4.88%, 0, 0, 2, 25932.71, 128230117, 206
6030, 1520, 13, 30, 0, 0, 4.88%, 0, 0, 2, 21908.15, 128336170, 206
6035, 1522, 0, 30, 0, 0, 4.88%, 0, 0, 2, 23185.60, 128457497, 206
6040, 1523, 10, 30, 0, 0, 4.88%, 0, 0, 2, 22223.24, 128572415, 206
6045, 1524, 21, 30, 0, 0, 4.88%, 0, 0, 2, 22617.99, 128689994, 206
6051, 1526, 2, 30, 0, 0, 4.88%, 0, 0, 2, 21569.68, 128801976, 206
6056, 1527, 14, 30, 0, 0, 4.88%, 0, 0, 2, 23092.58, 128923361, 206
6061, 1528, 26, 30, 0, 0, 4.88%, 0, 0, 2, 21760.88, 129034092, 206
6066, 1530, 4, 30, 0, 0, 4.88%, 0, 0, 2, 23464.04, 129158916, 206
6071, 1531, 14, 30, 0, 0, 4.88%, 0, 0, 2, 21993.43, 129267641, 206
6076, 1533, 2, 30, 0, 0, 4.88%, 0, 0, 2, 23246.89, 129390590, 206
6081, 1534, 8, 30, 0, 0, 4.88%, 0, 0, 2, 22701.25, 129502826, 206
6086, 1535, 21, 30, 0, 0, 4.88%, 0, 0, 2, 23216.70, 129619976, 206
6091, 1536, 27, 30, 0, 0, 4.88%, 0, 0, 2, 21483.24, 129723560, 206
6096, 1538, 11, 30, 0, 0, 4.88%, 0, 0, 2, 23088.50, 129840929, 206
6102, 1539, 21, 30, 0, 0, 4.88%, 0, 0, 2, 22742.99, 129955727, 206
6107, 1541, 2, 30, 0, 0, 4.88%, 0, 0, 2, 22663.16, 130078818, 206
6112, 1542, 13, 30, 0, 0, 4.88%, 0, 0, 2, 23088.86, 130194385, 206
6117, 1543, 26, 30, 0, 0, 4.88%, 0, 0, 2, 22315.84, 130306660, 206
6122, 1545, 2, 30, 0, 0, 4.88%, 0, 0, 2, 21438.84, 130414686, 206
6127, 1546, 13, 30, 0, 0, 4.88%, 0, 0, 2, 21658.40, 130530179, 206
6133, 1547, 27, 30, 0, 0, 4.88%, 0, 0, 2, 24443.80, 130652502, 206
6138, 1549, 4, 30, 0, 0, 4.88%, 0, 0, 2, 21720.17, 130765016, 206
6143, 1550, 21, 30, 0, 0, 4.88%, 0, 0, 2, 23523.16, 130881726, 206
6148, 1552, 0, 30, 0, 0, 4.88%, 0, 0, 2, 21233.42, 130990255, 206
6153, 1553, 8, 30, 0, 0, 4.88%, 0, 0, 2, 23070.82, 131103792, 206
6158, 1554, 18, 30, 0, 0, 4.88%, 0, 0, 2, 22626.57, 131219042, 206
6163, 1555, 29, 30, 0, 0, 4.88%, 0, 0, 2, 21970.26, 131326760, 206
6168, 1557, 8, 30, 0, 0, 4.88%, 0, 0, 2, 22107.36, 131441350, 206
6173, 1558, 18, 30, 0, 0, 4.88%, 0, 0, 2, 22584.47, 131552091, 206
6178, 1560, 0, 30, 0, 0, 4.88%, 0, 0, 2, 21866.03, 131665420, 206
6183, 1561, 4, 30, 0, 0, 4.88%, 0, 0, 2, 22145.74, 131775215, 206
6188, 1562, 14, 30, 0, 0, 4.88%, 0, 0, 2, 21326.41, 131884249, 206
6193, 1563, 26, 30, 0, 0, 4.88%, 0, 0, 2, 22313.04, 131998411, 206
6198, 1565, 4, 30, 0, 0, 4.88%, 0, 0, 2, 22596.22, 132117629, 206
6203, 1566, 20, 30, 0, 0, 4.88%, 0, 0, 2, 22276.73, 132232512, 206
6208, 1568, 2, 30, 0, 0, 4.88%, 0, 0, 2, 21008.73, 132342510, 206
6214, 1569, 10, 30, 0, 0, 4.88%, 0, 0, 2, 21971.71, 132458005, 206
6219, 1570, 18, 30, 0, 0, 4.88%, 0, 0, 2, 21732.82, 132570242, 206
6224, 1572, 2, 30, 0, 0, 4.88%, 0, 0, 2, 22895.69, 132686778, 206
6229, 1573, 11, 30, 0, 0, 4.88%, 0, 0, 2, 22299.32, 132798688, 206
6234, 1574, 23, 30, 0, 0, 4.88%, 0, 0, 2, 22778.52, 132912736, 206
6239, 1576, 2, 30, 0, 0, 4.88%, 0, 0, 2, 21721.44, 133022644, 206
6244, 1577, 13, 30, 0, 0, 4.88%, 0, 0, 2, 23012.38, 133141989, 206
6249, 1578, 26, 30, 0, 0, 4.88%, 0, 0, 2, 21463.82, 133249402, 206
6254, 1580, 4, 30, 0, 0, 4.88%, 0, 0, 2, 22828.77, 133369358, 206
6259, 1581, 18, 30, 0, 0, 4.88%, 0, 0, 2, 21982.26, 133480677, 206
6264, 1583, 2, 30, 0, 0, 4.88%, 0, 0, 2, 22935.35, 133600223, 206
6269, 1584, 11, 30, 0, 0, 4.88%, 0, 0, 2, 21108.81, 133709829, 206
6274, 1585, 23, 30, 0, 0, 4.88%, 0, 0, 2, 22851.14, 133825232, 206
6279, 1587, 2, 30, 0, 0, 4.88%, 0, 0, 2, 21588.66, 133933979, 206
6285, 1588, 13, 30, 0, 0, 4.88%, 0, 0, 2, 23471.16, 134051670, 206
6290, 1589, 24, 30, 0, 0, 4.88%, 0, 0, 2, 21734.01, 134165496, 206
6295, 1591, 2, 30, 0, 0, 4.88%, 0, 0, 2, 22887.88, 134282037, 206
6300, 1592, 13, 30, 0, 0, 4.88%, 0, 0, 2, 22340.52, 134395940, 206
6305, 1593, 27, 30, 0, 0, 4.88%, 0, 0, 2, 23047.92, 134511954, 206
6310, 1595, 10, 30, 0, 0, 4.88%, 0, 0, 2, 22677.47, 134628508, 206
6315, 1596, 24, 30, 0, 0, 4.88%, 0, 0, 2, 23198.15, 134750783, 206
6320, 1598, 2, 30, 0, 0, 4.88%, 0, 0, 2, 21218.44, 134856229, 206
6325, 1599, 13, 30, 0, 0, 4.88%, 0, 0, 2, 22702.92, 134977846, 206
6331, 1600, 25, 30, 0, 0, 4.88%, 0, 0, 2, 21765.79, 135088320, 206
6336, 1602, 8, 30, 0, 0, 4.88%, 0, 0, 2, 23465.87, 135209733, 206
6341, 1603, 18, 30, 0, 0, 4.88%, 0, 0, 2, 22060.93, 135321172, 206
6346, 1605, 2, 30, 0, 0, 4.88%, 0, 0, 2, 23358.08, 135445720, 206
6351, 1606, 13, 30, 0, 0, 4.88%, 0, 0, 2, 21942.53, 135556549, 206
6356, 1608, 0, 30, 0, 0, 4.88%, 0, 0, 2, 23121.61, 135677835, 206
6361, 1609, 2, 30, 0, 0, 4.88%, 0, 0, 2, 21866.15, 135781552, 206
6367, 1610, 16, 30, 0, 0, 4.88%, 0, 0, 2, 22509.26, 135900835, 206
6372, 1611, 26, 30, 0, 0, 4.88%, 0, 0, 2, 21830.81, 136010003, 206
6377, 1613, 11, 30, 0, 0, 4.88%, 0, 0, 2, 23638.88, 136132494, 206
6382, 1614, 23, 30, 0, 0, 4.88%, 0, 0, 2, 22625.10, 136245597, 206
6387, 1616, 2, 30, 0, 0, 4.88%, 0, 0, 2, 21600.04, 136362361, 206
6392, 1617, 13, 30, 0, 0, 4.88%, 0, 0, 2, 21693.44, 136471454, 206
6397, 1618, 27, 30, 0, 0, 4.88%, 0, 0, 2, 22703.19, 136595361, 206
6402, 1620, 8, 30, 0, 0, 4.88%, 0, 0, 2, 22598.36, 136707580, 206
6408, 1621, 21, 30, 0, 0, 4.88%, 0, 0, 2, 23309.41, 136825046, 206
6413, 1623, 2, 30, 0, 0, 4.88%, 0, 0, 2, 22153.15, 136937096, 206
6418, 1624, 13, 30, 0, 0, 4.88%, 0, 0, 2, 21839.13, 137048322, 206
6423, 1625, 23, 30, 0, 0, 4.88%, 0, 0, 2, 22675.71, 137161671, 206
6428, 1627, 2, 30, 0, 0, 4.88%, 0, 0, 2, 22256.61, 137279108, 206
6433, 1628, 13, 30, 0, 0, 4.88%, 0, 0, 2, 21954.82, 137386315, 206
6438, 1629, 21, 30, 0, 0, 4.88%, 0, 0, 2, 21441.19, 137495695, 206
6443, 1631, 2, 30, 0, 0, 4.88%, 0, 0, 2, 22708.48, 137614048, 206
6448, 1632, 13, 30, 0, 0, 4.88%, 0, 0, 2, 20925.10, 137719686, 206
6453, 1633, 24, 30, 0, 0, 4.88%, 0, 0, 2, 22719.66, 137834244, 206
6458, 1635, 2, 30, 0, 0, 4.88%, 0, 0, 2, 21575.83, 137942609, 206
6463, 1636, 13, 30, 0, 0, 4.88%, 0, 0, 2, 22402.27, 138055259, 206
6468, 1637, 23, 30, 0, 0, 4.88%, 0, 0, 2, 21891.21, 138173684, 206
6474, 1639, 2, 30, 0, 0, 4.88%, 0, 0, 2, 21923.18, 138285859, 206
6479, 1640, 13, 30, 0, 0, 4.88%, 0, 0, 2, 21785.61, 138400125, 206
6484, 1641, 26, 30, 0, 0, 4.88%, 0, 0, 2, 22740.48, 138518202, 206
6489, 1643, 2, 30, 0, 0, 4.88%, 0, 0, 2, 21315.08, 138627160, 206
6494, 1644, 14, 30, 0, 0, 4.88%, 0, 0, 2, 22535.52, 138744126, 206
6499, 1645, 27, 30, 0, 0, 4.88%, 0, 0, 2, 22554.19, 138861867, 206
6504, 1647, 2, 30, 0, 0, 4.88%, 0, 0, 2, 22824.42, 138975554, 206
6509, 1648, 13, 30, 0, 0, 4.88%, 0, 0, 2, 20902.44, 139085749, 206
6515, 1649, 26, 30, 0, 0, 4.88%, 0, 0, 2, 21981.28, 139198140, 206
6520, 1651, 2, 30, 0, 0, 4.88%, 0, 0, 2, 21317.65, 139310051, 206
6525, 1652, 13, 30, 0, 0, 4.88%, 0, 0, 2, 22386.61, 139421815, 206
6530, 1653, 21, 30, 0, 0, 4.88%, 0, 0, 2, 20380.75, 139527939, 206
6535, 1655, 2, 30, 0, 0, 4.88%, 0, 0, 2, 22388.60, 139645122, 206
6540, 1656, 11, 30, 0, 0, 4.88%, 0, 0, 2, 21043.36, 139751758, 206
6545, 1657, 24, 30, 0, 0, 4.88%, 0, 0, 2, 22534.24, 139868104, 206
6550, 1659, 2, 30, 0, 0, 4.88%, 0, 0, 2, 21462.77, 139974598, 206
6556, 1660, 11, 30, 0, 0, 4.88%, 0, 0, 2, 22115.87, 140089940, 206
6561, 1661, 15, 30, 0, 0, 4.88%, 0, 0, 2, 21103.74, 140194078, 206
6566, 1663, 0, 30, 0, 0, 4.88%, 0, 0, 2, 22149.94, 140310672, 206
6571, 1664, 2, 30, 0, 0, 4.88%, 0, 0, 2, 21752.22, 140415937, 206
6576, 1665, 20, 30, 0, 0, 4.88%, 0, 0, 2, 23021.06, 140537620, 206
6581, 1667, 2, 30, 0, 0, 4.88%, 0, 0, 2, 23104.62, 140652798, 206
6586, 1668, 13, 30, 0, 0, 4.88%, 0, 0, 2, 22971.29, 140769557, 206
6591, 1669, 21, 30, 0, 0, 4.88%, 0, 0, 2, 22212.88, 140880276, 206
6597, 1671, 2, 30, 0, 0, 4.88%, 0, 0, 2, 23271.51, 141001291, 206
6602, 1672, 13, 30, 0, 0, 4.88%, 0, 0, 2, 22704.98, 141111240, 206
6607, 1673, 27, 30, 0, 0, 4.88%, 0, 0, 2, 22861.93, 141230509, 206
6612, 1675, 2, 30, 0, 0, 4.88%, 0, 0, 2, 22299.06, 141344165, 206
6617, 1676, 18, 30, 0, 0, 4.88%, 0, 0, 2, 22471.78, 141459167, 206
6622, 1678, 2, 30, 0, 0, 4.88%, 0, 0, 2, 21998.66, 141570737, 206
6627, 1679, 8, 30, 0, 0, 4.88%, 0, 0, 2, 21701.05, 141682082, 206
6632, 1680, 20, 30, 0, 0, 4.88%, 0, 0, 2, 21962.21, 141794767, 206
6638, 1682, 2, 30, 0, 0, 4.88%, 0, 0, 2, 22403.97, 141912930, 206
6643, 1683, 13, 30, 0, 0, 4.88%, 0, 0, 2, 22317.48, 142029398, 206
6648, 1684, 27, 30, 0, 0, 4.88%, 0, 0, 2, 23007.52, 142153672, 206
6653, 1686, 10, 30, 0, 0, 4.88%, 0, 0, 2, 23051.57, 142270270, 206
6658, 1687, 16, 30, 0, 0, 4.88%, 0, 0, 2, 21862.62, 142379470, 206
6663, 1689, 2, 30, 0, 0, 4.88%, 0, 0, 2, 22621.44, 142497114, 206
6668, 1690, 13, 30, 0, 0, 4.88%, 0, 0, 2, 22540.49, 142611195, 206
6673, 1691, 24, 30, 0, 0, 4.88%, 0, 0, 2, 22520.45, 142724475, 206
6679, 1693, 2, 30, 0, 0, 4.88%, 0, 0, 2, 22338.37, 142841232, 206
6684, 1694, 14, 30, 0, 0, 4.88%, 0, 0, 2, 23044.69, 142956726, 206
6689, 1695, 26, 30, 0, 0, 4.88%, 0, 0, 2, 21180.61, 143066183, 206
6694, 1697, 10, 30, 0, 0, 4.88%, 0, 0, 2, 23389.46, 143190891, 206
6699, 1698, 21, 30, 0, 0, 4.88%, 0, 0, 2, 22240.72, 143307183, 206
6704, 1700, 2, 30, 0, 0, 4.88%, 0, 0, 2, 23133.28, 143423104, 206
6709, 1701, 14, 30, 0, 0, 4.88%, 0, 0, 2, 22265.63, 143539796, 206
6715, 1703, 2, 30, 0, 0, 4.88%, 0, 0, 2, 24310.95, 143669054, 206
6720, 1704, 13, 30, 0, 0, 4.88%, 0, 0, 2, 22648.48, 143786201, 206
6725, 1705, 26, 30, 0, 0, 4.88%, 0, 0, 2, 22974.08, 143903823, 206
6730, 1707, 2, 30, 0, 0, 4.88%, 0, 0, 2, 21926.47, 144013161, 206
6735, 1708, 13, 30, 0, 0, 4.88%, 0, 0, 2, 22477.49, 144126622, 206
6740, 1709, 24, 30, 0, 0, 4.88%, 0, 0, 2, 21103.92, 144236889, 206
6745, 1711, 2, 30, 0, 0, 4.88%, 0, 0, 2, 22750.57, 144353237, 206
6750, 1712, 13, 30, 0, 0, 4.88%, 0, 0, 2, 22232.47, 144463830, 206
6755, 1713, 26, 30, 0, 0, 4.88%, 0, 0, 2, 22407.84, 144580635, 206
6760, 1715, 2, 30, 0, 0, 4.88%, 0, 0, 2, 22107.17, 144692104, 206
6766, 1716, 23, 30, 0, 0, 4.88%, 0, 0, 2, 25389.04, 144821192, 206
6771, 1718, 2, 30, 0, 0, 4.88%, 0, 0, 2, 22375.07, 144932479, 206
6776, 1719, 13, 30, 0, 0, 4.88%, 0, 0, 2, 22826.83, 145049692, 206
6781, 1720, 25, 30, 0, 0, 4.88%, 0, 0, 2, 22578.72, 145165554, 206
6786, 1722, 2, 30, 0, 0, 4.88%, 0, 0, 2, 22636.91, 145281554, 206
6791, 1723, 15, 30, 0, 0, 4.88%, 0, 0, 2, 23622.01, 145398966, 206
6796, 1725, 2, 30, 0, 0, 4.88%, 0, 0, 2, 23726.59, 145521273, 206
6801, 1726, 10, 30, 0, 0, 4.88%, 0, 0, 2, 22584.68, 145629520, 206
6806, 1727, 24, 30, 0, 0, 4.88%, 0, 0, 2, 22687.27, 145750041, 206
6811, 1729, 2, 30, 0, 0, 4.88%, 0, 0, 2, 21957.71, 145856138, 206
6817, 1730, 14, 30, 0, 0, 4.88%, 0, 0, 2, 22926.16, 145977595, 206
6822, 1731, 26, 30, 0, 0, 4.88%, 0, 0, 2, 23154.81, 146089636, 206
6827, 1733, 2, 30, 0, 0, 4.88%, 0, 0, 2, 23206.84, 146205769, 206
6832, 1734, 14, 30, 0, 0, 4.88%, 0, 0, 2, 22166.10, 146316997, 206
6837, 1735, 26, 30, 0, 0, 4.88%, 0, 0, 2, 22583.56, 146432145, 206
6842, 1737, 2, 30, 0, 0, 4.88%, 0, 0, 2, 21924.67, 146541317, 206
6847, 1738, 15, 30, 0, 0, 4.88%, 0, 0, 2, 22524.63, 146660697, 206
6852, 1739, 26, 30, 0, 0, 4.88%, 0, 0, 2, 22054.17, 146774662, 206
6857, 1741, 9, 30, 0, 0, 4.88%, 0, 0, 2, 23300.37, 146897115, 206
6862, 1742, 20, 30, 0, 0, 4.88%, 0, 0, 2, 22919.38, 147010155, 206
6867, 1744, 2, 30, 0, 0, 4.88%, 0, 0, 2, 22190.61, 147122085, 206
6873, 1745, 11, 30, 0, 0, 4.88%, 0, 0, 2, 22359.90, 147234927, 206
6878, 1746, 24, 30, 0, 0, 4.88%, 0, 0, 2, 22721.70, 147354259, 206
6883, 1748, 2, 30, 0, 0, 4.88%, 0, 0, 2, 22297.57, 147465872, 206
6888, 1749, 13, 30, 0, 0, 4.88%, 0, 0, 2, 21183.31, 147576892, 206
6893, 1750, 26, 30, 0, 0, 4.88%, 0, 0, 2, 23014.09, 147694985, 206
6898, 1752, 2, 30, 0, 0, 4.88%, 0, 0, 2, 22480.11, 147809786, 206
6903, 1753, 16, 30, 0, 0, 4.88%, 0, 0, 2, 22528.40, 147922858, 206
6908, 1754, 27, 30, 0, 0, 4.88%, 0, 0, 2, 21452.20, 148035228, 206
6913, 1756, 8, 30, 0, 0, 4.88%, 0, 0, 2, 22977.08, 148151989, 206
6918, 1757, 15, 30, 0, 0, 4.88%, 0, 0, 2, 21487.32, 148261437, 206
6923, 1759, 0, 30, 0, 0, 4.88%, 0, 0, 2, 22580.12, 148378459, 206
6929, 1760, 8, 30, 0, 0, 4.88%, 0, 0, 2, 20943.92, 148488917, 206
6934, 1761, 21, 30, 0, 0, 4.88%, 0, 0, 2, 22909.07, 148606541, 206
6939, 1763, 0, 30, 0, 0, 4.88%, 0, 0, 2, 22055.65, 148717386, 206
6944, 1764, 13, 30, 0, 0, 4.88%, 0, 0, 2, 23333.60, 148836807, 206
6949, 1765, 26, 30, 0, 0, 4.88%, 0, 0, 2, 22772.01, 148956879, 206
6955, 1767, 2, 30, 0, 0, 4.88%, 0, 0, 2, 22936.98, 149073455, 206
6960, 1768, 14, 30, 0, 0, 4.88%, 0, 0, 2, 22725.62, 149188021, 206
6965, 1770, 2, 30, 0, 0, 4.88%, 0, 0, 2, 24832.80, 149314181, 206
6970, 1771, 13, 30, 0, 0, 4.88%, 0, 0, 2, 22831.25, 149433599, 206
6975, 1772, 26, 30, 0, 0, 4.88%, 0, 0, 2, 23003.17, 149551979, 206
6980, 1774, 4, 30, 0, 0, 4.88%, 0, 0, 2, 22538.28, 149664310, 206
6985, 1775, 21, 30, 0, 0, 4.88%, 0, 0, 2, 23810.15, 149784836, 206
6990, 1777, 2, 30, 0, 0, 4.88%, 0, 0, 2, 21363.65, 149893649, 206
6996, 1778, 13, 30, 0, 0, 4.88%, 0, 0, 2, 22583.17, 150014534, 206
7001, 1779, 26, 30, 0, 0, 4.88%, 0, 0, 2, 22419.86, 150130247, 206
7006, 1781, 4, 30, 0, 0, 4.88%, 0, 0, 2, 23121.90, 150254359, 206
7011, 1782, 14, 30, 0, 0, 4.88%, 0, 0, 2, 22168.30, 150362818, 206
7016, 1784, 0, 30, 0, 0, 4.88%, 0, 0, 2, 22629.89, 150478874, 206
7021, 1785, 8, 30, 0, 0, 4.88%, 0, 0, 2, 23575.83, 150599367, 206
7026, 1786, 24, 30, 0, 0, 4.88%, 0, 0, 2, 23880.35, 150722412, 206
7031, 1788, 2, 30, 0, 0, 4.88%, 0, 0, 2, 23227.11, 150833898, 206
7037, 1789, 15, 30, 0, 0, 4.88%, 0, 0, 2, 23889.76, 150958225, 206
7042, 1790, 26, 30, 0, 0, 4.88%, 0, 0, 2, 22544.28, 151070441, 206
7047, 1792, 13, 30, 0, 0, 4.88%, 0, 0, 2, 23131.08, 151196584, 206
7052, 1793, 22, 30, 0, 0, 4.88%, 0, 0, 2, 22715.37, 151310694, 206
7057, 1795, 8, 30, 0, 0, 4.88%, 0, 0, 2, 23914.17, 151443083, 206
7062, 1796, 18, 30, 0, 0, 4.88%, 0, 0, 2, 22749.95, 151554752, 206
7067, 1798, 2, 30, 0, 0, 4.88%, 0, 0, 2, 24979.24, 151681882, 206
7072, 1799, 14, 30, 0, 0, 4.88%, 0, 0, 2, 23066.78, 151794374, 206
7078, 1800, 27, 30, 0, 0, 4.88%, 0, 0, 2, 22708.62, 151914686, 206
7083, 1802, 8, 30, 0, 0, 4.88%, 0, 0, 2, 22861.58, 152028906, 206
7088, 1803, 23, 30, 0, 0, 4.88%, 0, 0, 2, 23077.66, 152150534, 206
7093, 1805, 2, 30, 0, 0, 4.88%, 0, 0, 2, 22745.88, 152266997, 206
7098, 1806, 13, 30, 0, 0, 4.88%, 0, 0, 2, 22301.80, 152383794, 206
7103, 1807, 26, 30, 0, 0, 4.88%, 0, 0, 2, 23053.90, 152496892, 206
7108, 1809, 2, 30, 0, 0, 4.88%, 0, 0, 2, 21670.46, 152607313, 206
7113, 1810, 16, 30, 0, 0, 4.88%, 0, 0, 2, 22608.94, 152724945, 206
7118, 1812, 0, 30, 0, 0, 4.88%, 0, 0, 2, 22185.77, 152837794, 206
7123, 1813, 13, 30, 0, 0, 4.88%, 0, 0, 2, 24444.97, 152963486, 206
7129, 1814, 26, 30, 0, 0, 4.88%, 0, 0, 2, 22741.27, 153079368, 206
7134, 1816, 2, 30, 0, 0, 4.88%, 0, 0, 2, 22551.38, 153195366, 206
7139, 1817, 18, 30, 0, 0, 4.88%, 0, 0, 2, 22147.60, 153314135, 206
7144, 1819, 2, 30, 0, 0, 4.88%, 0, 0, 2, 22693.28, 153431509, 206
7149, 1820, 9, 30, 0, 0, 4.88%, 0, 0, 2, 21314.19, 153538985, 206
7154, 1821, 21, 30, 0, 0, 4.88%, 0, 0, 2, 23302.88, 153658587, 206
7159, 1823, 2, 30, 0, 0, 4.88%, 0, 0, 2, 21641.28, 153771319, 206
7164, 1824, 13, 30, 0, 0, 4.88%, 0, 0, 2, 22933.44, 153888626, 206
7170, 1825, 24, 30, 0, 0, 4.88%, 0, 0, 2, 21152.91, 153996614, 206
7175, 1827, 2, 30, 0, 0, 4.88%, 0, 0, 2, 22634.05, 154113927, 206
7180, 1828, 13, 30, 0, 0, 4.88%, 0, 0, 2, 21592.28, 154224788, 206
7185, 1829, 23, 30, 0, 0, 4.88%, 0, 0, 2, 22152.59, 154334985, 206
7190, 1831, 2, 30, 0, 0, 4.88%, 0, 0, 2, 21767.16, 154444498, 206
7195, 1832, 18, 30, 0, 0, 4.88%, 0, 0, 2, 24574.50, 154578991, 206
7200, 1833, 26, 30, 0, 0, 4.88%, 0, 0, 2, 22420.06, 154674950, 206
