# relative_time, cycles_done, cur_item, corpus_count, pending_total, pending_favs, map_size, saved_crashes, saved_hangs, max_depth, execs_per_sec, total_execs, edges_found
60, 0, 188, 236, 189, 0, 9.46%, 35, 0, 6, 16991.98, 1039696, 455
66, 0, 133, 236, 189, 0, 9.46%, 37, 0, 6, 16997.31, 1128307, 455
71, 0, 69, 237, 189, 0, 9.46%, 38, 0, 6, 17537.90, 1220378, 455
76, 0, 35, 238, 190, 0, 9.46%, 38, 0, 6, 17609.65, 1310933, 455
81, 0, 67, 238, 190, 0, 9.46%, 39, 0, 6, 17552.79, 1401613, 455
86, 0, 81, 238, 190, 0, 9.46%, 39, 0, 6, 17653.03, 1491765, 455
91, 1, 6, 238, 190, 0, 9.46%, 40, 0, 6, 17636.91, 1579943, 455
97, 1, 56, 238, 189, 0, 9.46%, 40, 0, 6, 18282.57, 1674504, 455
102, 1, 238, 239, 190, 1, 9.48%, 40, 0, 6, 17661.12, 1762712, 456
107, 1, 127, 239, 188, 0, 9.48%, 40, 0, 6, 17735.13, 1852697, 456
112, 1, 45, 239, 188, 0, 9.48%, 40, 0, 6, 17832.17, 1944353, 456
117, 1, 38, 239, 188, 0, 9.48%, 40, 0, 6, 16892.93, 2031127, 456
122, 1, 14, 239, 188, 0, 9.48%, 41, 0, 6, 17106.63, 2120858, 456
127, 1, 68, 240, 189, 0, 9.48%, 42, 0, 6, 17652.02, 2212387, 456
133, 1, 56, 240, 188, 0, 9.48%, 42, 0, 6, 18144.29, 2306049, 456
138, 2, 57, 292, 239, 0, 9.48%, 42, 0, 6, 17738.79, 2394041, 456
143, 2, 56, 292, 239, 0, 9.48%, 42, 0, 6, 17914.76, 2485223, 456
148, 2, 67, 292, 238, 0, 9.48%, 42, 0, 6, 17530.38, 2573681, 456
153, 2, 14, 292, 237, 0, 9.48%, 42, 0, 6, 17091.56, 2661609, 456
158, 2, 43, 292, 234, 0, 9.48%, 42, 0, 6, 15973.42, 2738971, 456
163, 2, 14, 292, 233, 0, 9.48%, 43, 0, 6, 16784.26, 2826465, 456
168, 2, 30, 293, 233, 0, 9.48%, 43, 0, 6, 17390.86, 2918801, 456
173, 2, 69, 293, 233, 0, 9.48%, 43, 0, 6, 17364.68, 3007034, 456
178, 2, 56, 293, 233, 0, 9.48%, 43, 0, 6, 17773.67, 3098615, 456
184, 2, 6, 293, 233, 0, 9.48%, 43, 0, 6, 16303.40, 3184628, 456
189, 2, 56, 293, 232, 0, 9.48%, 43, 0, 6, 17280.46, 3273495, 456
194, 2, 30, 293, 232, 0, 9.48%, 43, 0, 6, 17816.12, 3365380, 456
199, 3, 163, 296, 235, 0, 9.48%, 43, 0, 6, 17483.38, 3452815, 456
204, 3, 64, 296, 233, 0, 9.48%, 43, 0, 6, 16674.30, 3535943, 456
209, 3, 238, 296, 233, 0, 9.48%, 43, 0, 6, 17126.32, 3622267, 456
214, 3, 56, 296, 232, 0, 9.48%, 44, 0, 6, 16111.40, 3704012, 456
219, 3, 153, 296, 232, 0, 9.48%, 44, 0, 6, 16534.08, 3789837, 456
225, 3, 35, 296, 232, 0, 9.48%, 44, 0, 6, 17118.92, 3878460, 456
230, 3, 45, 296, 232, 0, 9.48%, 44, 0, 6, 17430.16, 3968610, 456
235, 3, 93, 297, 232, 0, 9.48%, 44, 0, 6, 17081.54, 4057204, 456
240, 3, 35, 297, 231, 0, 9.48%, 44, 0, 6, 16599.37, 4142898, 456
245, 3, 56, 297, 231, 0, 9.48%, 44, 0, 6, 16879.48, 4226791, 456
250, 4, 127, 304, 238, 0, 9.48%, 44, 0, 6, 16770.05, 4313047, 456
255, 4, 30, 304, 238, 0, 9.48%, 44, 0, 6, 15947.54, 4395034, 456
260, 4, 35, 304, 238, 0, 9.48%, 44, 0, 6, 16758.35, 4480281, 456
266, 4, 133, 304, 238, 0, 9.48%, 44, 0, 6, 16567.49, 4566589, 456
271, 4, 14, 304, 237, 0, 9.48%, 45, 0, 6, 16981.56, 4652575, 456
276, 4, 56, 304, 237, 0, 9.48%, 46, 0, 6, 16878.23, 4741164, 456
281, 4, 35, 304, 237, 0, 9.48%, 46, 0, 6, 16770.93, 4828716, 456
286, 4, 127, 304, 237, 0, 9.48%, 46, 0, 6, 16700.94, 4915330, 456
291, 4, 56, 304, 237, 0, 9.48%, 46, 0, 6, 17079.89, 5004956, 456
296, 4, 116, 304, 236, 0, 9.48%, 46, 0, 6, 16587.51, 5089131, 456
302, 4, 127, 304, 236, 0, 9.48%, 46, 0, 6, 16771.77, 5176478, 456
307, 5, 57, 304, 236, 0, 9.48%, 46, 0, 6, 16279.73, 5259080, 456
312, 5, 56, 304, 236, 0, 9.48%, 46, 0, 6, 16484.13, 5344209, 456
317, 5, 56, 304, 236, 0, 9.48%, 46, 0, 6, 16616.81, 5430319, 456
322, 5, 6, 304, 236, 0, 9.48%, 46, 0, 6, 16846.54, 5517402, 456
327, 5, 163, 304, 236, 0, 9.48%, 46, 0, 6, 16673.83, 5602585, 456
333, 5, 30, 304, 235, 0, 9.48%, 46, 0, 6, 16805.78, 5689889, 456
338, 5, 35, 304, 235, 0, 9.48%, 46, 0, 6, 16274.91, 5774186, 456
343, 5, 238, 304, 235, 0, 9.48%, 46, 0, 6, 16160.82, 5858018, 456
348, 5, 30, 304, 235, 0, 9.48%, 46, 0, 6, 16848.91, 5944836, 456
353, 5, 56, 304, 235, 0, 9.48%, 46, 0, 6, 17031.10, 6032680, 456
358, 5, 56, 304, 234, 0, 9.48%, 46, 0, 6, 16553.20, 6117567, 456
364, 6, 67, 322, 251, 0, 9.48%, 46, 0, 6, 16865.18, 6203534, 456
369, 6, 56, 322, 251, 0, 9.48%, 46, 0, 6, 16036.12, 6286978, 456
374, 6, 35, 322, 251, 0, 9.48%, 46, 0, 6, 16081.37, 6368520, 456
379, 6, 45, 322, 251, 0, 9.48%, 46, 0, 6, 17269.95, 6458909, 456
384, 6, 157, 322, 249, 0, 9.48%, 46, 0, 6, 16933.27, 6547656, 456
389, 6, 30, 322, 249, 0, 9.48%, 46, 0, 6, 16954.40, 6632762, 456
394, 6, 56, 322, 249, 0, 9.48%, 46, 0, 6, 16702.08, 6716549, 456
399, 6, 14, 322, 249, 0, 9.48%, 46, 0, 6, 16771.27, 6800898, 456
405, 6, 157, 323, 250, 0, 9.48%, 46, 0, 6, 16995.23, 6890138, 456
410, 6, 67, 323, 250, 0, 9.48%, 46, 0, 6, 17766.27, 6982287, 456
415, 6, 163, 323, 249, 0, 9.48%, 46, 0, 6, 16762.82, 7068873, 456
420, 6, 125, 323, 249, 0, 9.48%, 46, 0, 6, 16782.13, 7152630, 456
425, 6, 67, 323, 249, 0, 9.48%, 46, 0, 6, 16680.95, 7238684, 456
430, 7, 6, 326, 252, 0, 9.48%, 46, 0, 6, 16722.50, 7327096, 456
435, 7, 56, 326, 252, 0, 9.48%, 47, 0, 6, 16953.49, 7412397, 456
441, 7, 150, 326, 252, 0, 9.48%, 47, 0, 6, 16651.70, 7499353, 456
446, 7, 6, 326, 251, 0, 9.48%, 47, 0, 6, 16333.79, 7582195, 456
451, 7, 56, 326, 251, 0, 9.48%, 47, 0, 6, 16872.54, 7671144, 456
456, 7, 238, 326, 251, 0, 9.48%, 47, 0, 6, 16706.79, 7756098, 456
461, 7, 82, 326, 251, 0, 9.48%, 47, 0, 6, 17098.09, 7842601, 456
466, 7, 56, 326, 251, 0, 9.48%, 47, 0, 6, 17571.51, 7932601, 456
471, 7, 213, 326, 251, 0, 9.48%, 47, 0, 6, 17184.81, 8021143, 456
476, 7, 56, 326, 250, 0, 9.48%, 47, 0, 6, 16689.04, 8106667, 456
482, 7, 6, 326, 250, 0, 9.48%, 47, 0, 6, 16614.69, 8189847, 456
487, 7, 56, 326, 250, 0, 9.48%, 47, 0, 6, 14819.83, 8266045, 456
492, 8, 127, 326, 249, 0, 9.48%, 47, 0, 6, 14630.11, 8341334, 456
497, 8, 238, 326, 249, 0, 9.48%, 47, 0, 6, 14194.76, 8412343, 456
502, 8, 35, 326, 248, 0, 9.48%, 47, 0, 6, 13654.07, 8478294, 456
507, 8, 63, 326, 248, 0, 9.48%, 47, 0, 6, 13661.96, 8547434, 456
512, 8, 56, 326, 248, 0, 9.48%, 47, 0, 6, 14377.50, 8623048, 456
517, 8, 51, 326, 246, 0, 9.48%, 47, 0, 6, 15083.91, 8697956, 456
523, 8, 57, 326, 245, 0, 9.48%, 47, 0, 6, 16052.77, 8781732, 456
528, 8, 6, 326, 245, 0, 9.48%, 47, 0, 6, 16889.50, 8868228, 456
533, 8, 6, 326, 245, 0, 9.48%, 47, 0, 6, 16774.41, 8955279, 456
538, 8, 6, 326, 245, 0, 9.48%, 47, 0, 6, 16852.17, 9043234, 456
543, 8, 30, 326, 245, 0, 9.48%, 47, 0, 6, 17227.65, 9132815, 456
548, 8, 57, 326, 243, 0, 9.48%, 47, 0, 6, 16137.20, 9211984, 456
554, 8, 30, 326, 243, 0, 9.48%, 47, 0, 6, 15988.14, 9293424, 456
559, 8, 3, 326, 242, 0, 9.48%, 47, 0, 6, 17237.19, 9383044, 456
564, 8, 238, 326, 242, 0, 9.48%, 47, 0, 6, 16740.39, 9469525, 456
569, 9, 57, 334, 249, 0, 9.48%, 47, 0, 6, 16717.92, 9555705, 456
574, 9, 30, 334, 249, 0, 9.48%, 47, 0, 6, 16833.38, 9642669, 456
580, 9, 35, 334, 249, 0, 9.48%, 47, 0, 6, 16850.80, 9728994, 456
585, 9, 6, 334, 249, 0, 9.48%, 47, 0, 6, 16678.19, 9814743, 456
590, 9, 127, 334, 249, 0, 9.48%, 47, 0, 6, 17194.89, 9905027, 456
595, 9, 63, 334, 249, 0, 9.48%, 47, 0, 6, 16689.09, 9990952, 456
600, 9, 35, 334, 249, 0, 9.48%, 47, 0, 6, 16651.78, 10077202, 456
605, 9, 68, 334, 249, 0, 9.48%, 47, 0, 6, 16700.33, 10164652, 456
611, 9, 67, 334, 249, 0, 9.48%, 47, 0, 6, 16962.22, 10253029, 456
616, 9, 69, 334, 249, 0, 9.48%, 47, 0, 6, 16704.00, 10339934, 456
621, 9, 30, 334, 248, 0, 9.48%, 47, 0, 6, 18041.50, 10433914, 456
626, 9, 14, 334, 248, 0, 9.48%, 47, 0, 6, 17608.04, 10523503, 456
631, 10, 163, 337, 251, 0, 9.48%, 47, 0, 6, 17096.13, 10612354, 456
636, 10, 14, 337, 250, 0, 9.48%, 47, 0, 6, 17408.88, 10702453, 456
642, 10, 6, 337, 250, 0, 9.48%, 47, 0, 6, 17461.23, 10792678, 456
647, 10, 56, 337, 249, 0, 9.48%, 47, 0, 6, 17012.66, 10880702, 456
652, 10, 56, 337, 249, 0, 9.48%, 47, 0, 6, 17798.88, 10972420, 456
657, 10, 68, 337, 249, 0, 9.48%, 47, 0, 6, 17204.01, 11060341, 456
662, 10, 56, 337, 248, 0, 9.48%, 47, 0, 6, 16770.44, 11146464, 456
667, 10, 56, 337, 248, 0, 9.48%, 47, 0, 6, 16300.54, 11229480, 456
673, 10, 30, 337, 247, 0, 9.48%, 47, 0, 6, 16849.09, 11317457, 456
678, 10, 69, 337, 247, 0, 9.48%, 47, 0, 6, 16851.67, 11404153, 456
683, 10, 84, 337, 247, 0, 9.48%, 47, 0, 6, 17250.54, 11493539, 456
688, 10, 127, 337, 247, 0, 9.48%, 47, 0, 6, 17581.18, 11584292, 456
693, 11, 35, 337, 247, 0, 9.48%, 47, 0, 6, 17535.73, 11674714, 456
698, 11, 56, 337, 247, 0, 9.48%, 47, 0, 6, 17761.66, 11765219, 456
704, 11, 30, 337, 247, 0, 9.48%, 47, 0, 6, 16911.72, 11851642, 456
709, 11, 35, 337, 247, 0, 9.48%, 47, 0, 6, 17323.90, 11940990, 456
714, 11, 56, 337, 246, 0, 9.48%, 47, 0, 6, 17411.97, 12030390, 456
719, 11, 6, 337, 246, 0, 9.48%, 47, 0, 6, 17525.79, 12121257, 456
724, 11, 67, 337, 245, 0, 9.48%, 47, 0, 6, 17712.50, 12210909, 456
729, 11, 238, 337, 245, 0, 9.48%, 47, 0, 6, 17247.11, 12300774, 456
734, 11, 116, 337, 245, 0, 9.48%, 47, 0, 6, 17029.28, 12388233, 456
740, 11, 56, 337, 244, 0, 9.48%, 47, 0, 6, 17094.79, 12475368, 456
745, 11, 6, 337, 244, 0, 9.48%, 47, 0, 6, 17050.92, 12563837, 456
750, 11, 56, 337, 243, 0, 9.48%, 47, 0, 6, 17331.82, 12654131, 456
755, 12, 30, 339, 245, 0, 9.48%, 47, 0, 6, 16896.60, 12737378, 456
760, 12, 38, 339, 245, 0, 9.48%, 47, 0, 6, 16963.57, 12825846, 456
765, 12, 56, 339, 244, 0, 9.48%, 47, 0, 6, 17091.46, 12914000, 456
771, 12, 14, 339, 244, 0, 9.48%, 47, 0, 6, 17182.54, 13003351, 456
776, 12, 68, 339, 242, 0, 9.48%, 47, 0, 6, 17008.96, 13090396, 456
781, 12, 30, 339, 242, 0, 9.48%, 47, 0, 6, 16729.05, 13177751, 456
786, 12, 157, 339, 242, 0, 9.48%, 47, 0, 6, 16420.85, 13259715, 456
791, 12, 67, 339, 242, 0, 9.48%, 47, 0, 6, 16379.21, 13343852, 456
796, 12, 128, 339, 242, 0, 9.48%, 47, 0, 6, 16361.52, 13428037, 456
801, 12, 57, 339, 242, 0, 9.48%, 47, 0, 6, 16395.31, 13511694, 456
806, 12, 56, 339, 242, 0, 9.48%, 47, 0, 6, 16230.43, 13593000, 456
812, 12, 56, 339, 242, 0, 9.48%, 47, 0, 6, 16553.72, 13678586, 456
817, 12, 63, 339, 242, 0, 9.48%, 47, 0, 6, 16729.05, 13764168, 456
822, 13, 38, 344, 247, 0, 9.48%, 47, 0, 6, 16313.86, 13848307, 456
827, 13, 56, 345, 246, 0, 9.48%, 47, 0, 6, 16322.06, 13931971, 456
832, 13, 163, 346, 246, 0, 9.48%, 47, 0, 6, 16180.25, 14014612, 456
837, 13, 30, 346, 246, 0, 9.48%, 47, 0, 6, 17073.37, 14102857, 456
842, 13, 30, 346, 246, 0, 9.48%, 47, 0, 6, 16768.74, 14184520, 456
848, 13, 35, 346, 246, 0, 9.48%, 47, 0, 6, 16196.88, 14268218, 456
853, 13, 238, 346, 246, 0, 9.48%, 47, 0, 6, 16700.87, 14351946, 456
858, 13, 56, 346, 246, 0, 9.48%, 47, 0, 6, 17088.34, 14439333, 456
863, 13, 163, 346, 246, 0, 9.48%, 47, 0, 6, 17144.71, 14529259, 456
868, 13, 56, 346, 246, 0, 9.48%, 47, 0, 6, 17320.37, 14618308, 456
873, 13, 188, 347, 247, 0, 9.48%, 47, 0, 6, 16491.03, 14703940, 456
878, 13, 56, 347, 247, 0, 9.48%, 47, 0, 6, 16697.77, 14791682, 456
884, 13, 6, 347, 247, 0, 9.48%, 47, 0, 6, 16554.82, 14878745, 456
889, 14, 56, 348, 248, 0, 9.48%, 47, 0, 6, 17250.93, 14966974, 456
894, 14, 35, 348, 248, 0, 9.48%, 47, 0, 6, 16456.45, 15050432, 456
899, 14, 57, 348, 248, 0, 9.48%, 47, 0, 6, 16426.04, 15134717, 456
904, 14, 238, 348, 248, 0, 9.48%, 47, 0, 6, 16462.75, 15220305, 456
909, 14, 83, 348, 248, 0, 9.48%, 47, 0, 6, 16743.01, 15306541, 456
915, 14, 84, 348, 248, 0, 9.48%, 47, 0, 6, 17193.05, 15397000, 456
920, 14, 127, 348, 248, 0, 9.48%, 47, 0, 6, 16666.95, 15478709, 456
925, 14, 3, 348, 248, 0, 9.48%, 47, 0, 6, 17123.52, 15567935, 456
930, 14, 56, 348, 248, 0, 9.48%, 47, 0, 6, 16974.05, 15656088, 456
935, 14, 127, 348, 248, 0, 9.48%, 47, 0, 6, 17140.28, 15745387, 456
940, 14, 56, 348, 247, 0, 9.48%, 47, 0, 6, 16666.68, 15831553, 456
945, 14, 238, 348, 246, 0, 9.48%, 47, 0, 6, 16294.42, 15912533, 456
950, 14, 35, 348, 246, 0, 9.48%, 47, 0, 6, 16148.55, 15993342, 456
955, 15, 35, 349, 247, 0, 9.48%, 47, 0, 6, 16093.90, 16077837, 456
961, 15, 56, 349, 247, 0, 9.48%, 47, 0, 6, 16120.50, 16158821, 456
966, 15, 67, 349, 247, 0, 9.48%, 47, 0, 6, 16164.47, 16241788, 456
971, 15, 3, 349, 247, 0, 9.48%, 47, 0, 6, 16628.43, 16328430, 456
976, 15, 6, 349, 247, 0, 9.48%, 47, 0, 6, 16188.62, 16409079, 456
981, 15, 56, 349, 247, 0, 9.48%, 47, 0, 6, 16264.63, 16494148, 456
986, 15, 56, 349, 247, 0, 9.48%, 47, 0, 6, 16784.76, 16581111, 456
991, 15, 67, 349, 247, 0, 9.48%, 47, 0, 6, 16781.00, 16669322, 456
997, 15, 127, 349, 247, 0, 9.48%, 47, 0, 6, 16942.98, 16757168, 456
1002, 15, 57, 349, 247, 0, 9.48%, 47, 0, 6, 17027.02, 16847348, 456
1007, 15, 45, 349, 247, 0, 9.48%, 47, 0, 6, 16667.07, 16933359, 456
1012, 15, 56, 349, 246, 0, 9.48%, 47, 0, 6, 16463.89, 17017833, 456
1017, 16, 56, 349, 245, 0, 9.48%, 47, 0, 6, 16954.55, 17106992, 456
1022, 16, 77, 349, 245, 0, 9.48%, 47, 0, 6, 15641.55, 17187263, 456
1027, 16, 64, 349, 245, 0, 9.48%, 47, 0, 6, 15797.15, 17267296, 456
1033, 16, 56, 349, 245, 0, 9.48%, 47, 0, 6, 16333.51, 17351902, 456
1038, 16, 56, 349, 243, 0, 9.48%, 47, 0, 6, 15535.42, 17428280, 456
1043, 16, 56, 349, 242, 0, 9.48%, 47, 0, 6, 16303.49, 17510809, 456
1048, 16, 172, 349, 241, 0, 9.48%, 47, 0, 6, 15018.63, 17588868, 456
1053, 16, 35, 349, 241, 0, 9.48%, 47, 0, 6, 15812.34, 17672577, 456
1058, 16, 56, 349, 241, 0, 9.48%, 47, 0, 6, 16382.31, 17758663, 456
1063, 16, 30, 349, 240, 0, 9.48%, 47, 0, 6, 16427.23, 17845204, 456
1069, 16, 213, 349, 240, 0, 9.48%, 47, 0, 6, 16609.04, 17931660, 456
1074, 16, 67, 349, 240, 0, 9.48%, 47, 0, 6, 16572.59, 18017737, 456
1079, 16, 35, 349, 240, 0, 9.48%, 47, 0, 6, 16615.26, 18101740, 456
1084, 17, 57, 349, 240, 0, 9.48%, 47, 0, 6, 15950.68, 18182635, 456
1089, 17, 56, 349, 240, 0, 9.48%, 47, 0, 6, 16478.02, 18267884, 456
1094, 17, 127, 349, 238, 0, 9.48%, 47, 0, 6, 16337.61, 18351833, 456
1099, 17, 6, 349, 238, 0, 9.48%, 47, 0, 6, 16759.30, 18437601, 456
1105, 17, 64, 349, 238, 0, 9.48%, 47, 0, 6, 16533.67, 18524188, 456
1110, 17, 35, 349, 238, 0, 9.48%, 47, 0, 6, 17007.57, 18613171, 456
1115, 17, 67, 349, 237, 0, 9.48%, 47, 0, 6, 16296.33, 18696479, 456
1120, 17, 63, 349, 236, 0, 9.48%, 47, 0, 6, 16609.22, 18781598, 456
1125, 17, 35, 349, 236, 0, 9.48%, 47, 0, 6, 16286.80, 18862895, 456
1130, 17, 30, 349, 236, 0, 9.48%, 47, 0, 6, 16561.08, 18948963, 456
1135, 17, 35, 349, 236, 0, 9.48%, 47, 0, 6, 16274.12, 19031780, 456
1141, 17, 130, 349, 236, 0, 9.48%, 47, 0, 6, 16414.78, 19117145, 456
1146, 17, 238, 349, 236, 0, 9.48%, 47, 0, 6, 16260.51, 19200558, 456
1151, 17, 56, 349, 236, 0, 9.48%, 47, 0, 6, 16577.94, 19284221, 456
1156, 18, 30, 349, 236, 0, 9.48%, 47, 0, 6, 15879.26, 19362595, 456
1161, 18, 35, 349, 235, 0, 9.48%, 47, 0, 6, 16501.22, 19447799, 456
1166, 18, 6, 349, 235, 0, 9.48%, 47, 0, 6, 16300.28, 19531970, 456
1171, 18, 69, 349, 235, 0, 9.48%, 47, 0, 6, 16377.60, 19617403, 456
1176, 18, 56, 349, 235, 0, 9.48%, 47, 0, 6, 16617.28, 19703091, 456
1181, 18, 127, 349, 235, 0, 9.48%, 47, 0, 6, 17008.78, 19788839, 456
1187, 18, 127, 349, 235, 0, 9.48%, 47, 0, 6, 16675.70, 19873927, 456
1192, 18, 84, 349, 235, 0, 9.48%, 47, 0, 6, 16967.55, 19961347, 456
1197, 18, 35, 349, 233, 0, 9.48%, 47, 0, 6, 15095.75, 20035766, 456
1202, 18, 56, 349, 232, 0, 9.48%, 47, 0, 6, 15745.58, 20115997, 456
1207, 18, 6, 349, 232, 0, 9.48%, 47, 0, 6, 16001.13, 20198503, 456
1212, 18, 56, 349, 232, 0, 9.48%, 47, 0, 6, 16362.33, 20283806, 456
1217, 18, 35, 349, 232, 0, 9.48%, 47, 0, 6, 16969.14, 20371832, 456
1222, 19, 56, 349, 232, 0, 9.48%, 47, 0, 6, 16871.43, 20458948, 456
1227, 19, 6, 349, 232, 0, 9.48%, 47, 0, 6, 16649.63, 20541183, 456
1233, 19, 56, 349, 232, 0, 9.48%, 47, 0, 6, 16619.82, 20626259, 456
1238, 19, 14, 349, 231, 0, 9.48%, 47, 0, 6, 16687.87, 20711917, 456
1243, 19, 67, 349, 231, 0, 9.48%, 47, 0, 6, 17166.90, 20800548, 456
1248, 19, 56, 349, 231, 0, 9.48%, 47, 0, 6, 17166.27, 20886151, 456
1253, 19, 56, 349, 230, 0, 9.48%, 47, 0, 6, 16274.27, 20971146, 456
1258, 19, 56, 349, 230, 0, 9.48%, 47, 0, 6, 16513.45, 21054836, 456
1263, 19, 104, 349, 230, 0, 9.48%, 47, 0, 6, 15567.46, 21136073, 456
1269, 19, 35, 349, 229, 0, 9.48%, 47, 0, 6, 15961.89, 21217442, 456
1274, 19, 57, 349, 229, 0, 9.48%, 47, 0, 6, 16715.19, 21305588, 456
1279, 19, 35, 349, 228, 0, 9.48%, 47, 0, 6, 16144.62, 21388046, 456
1284, 20, 130, 349, 228, 0, 9.48%, 47, 0, 6, 15858.36, 21470100, 456
1289, 20, 69, 349, 228, 0, 9.48%, 47, 0, 6, 16727.03, 21557507, 456
1295, 20, 127, 349, 228, 0, 9.48%, 47, 0, 6, 17179.66, 21645687, 456
1300, 20, 45, 349, 228, 0, 9.48%, 47, 0, 6, 17276.56, 21734592, 456
1305, 20, 30, 349, 228, 0, 9.48%, 47, 0, 6, 16749.95, 21821098, 456
1310, 20, 6, 349, 228, 0, 9.48%, 47, 0, 6, 16183.97, 21904949, 456
1315, 20, 163, 349, 228, 0, 9.48%, 47, 0, 6, 16430.15, 21989569, 456
1321, 20, 69, 349, 228, 0, 9.48%, 47, 0, 6, 16585.68, 22075900, 456
1326, 20, 35, 349, 228, 0, 9.48%, 47, 0, 6, 16362.94, 22160623, 456
1331, 20, 77, 349, 228, 0, 9.48%, 47, 0, 6, 16345.81, 22244563, 456
1336, 20, 213, 349, 228, 0, 9.48%, 47, 0, 6, 15925.18, 22326759, 456
1341, 20, 238, 349, 228, 0, 9.48%, 47, 0, 6, 16575.71, 22414622, 456
1346, 20, 67, 349, 228, 0, 9.48%, 47, 0, 6, 16536.38, 22497375, 456
1351, 21, 127, 357, 235, 0, 9.48%, 47, 0, 6, 17018.46, 22586173, 456
1357, 21, 30, 357, 235, 0, 9.48%, 47, 0, 6, 16982.40, 22673851, 456
1362, 21, 56, 357, 235, 0, 9.48%, 47, 0, 6, 17145.72, 22762969, 456
1367, 21, 3, 357, 235, 0, 9.48%, 47, 0, 6, 17055.61, 22849557, 456
1372, 21, 35, 357, 234, 0, 9.48%, 47, 0, 6, 16986.99, 22936161, 456
1377, 21, 64, 357, 234, 0, 9.48%, 47, 0, 6, 16754.08, 23020566, 456
1382, 21, 238, 357, 233, 0, 9.48%, 47, 0, 6, 16239.42, 23101421, 456
1387, 21, 6, 357, 232, 0, 9.48%, 47, 0, 6, 16519.26, 23185073, 456
1392, 21, 3, 357, 232, 0, 9.48%, 48, 0, 6, 16983.34, 23273658, 456
1398, 21, 157, 357, 231, 0, 9.48%, 48, 0, 6, 16575.93, 23359678, 456
1403, 21, 35, 357, 230, 0, 9.48%, 48, 0, 6, 16679.75, 23442415, 456
1408, 21, 56, 357, 230, 0, 9.48%, 48, 0, 6, 16318.52, 23526318, 456
1413, 21, 51, 357, 230, 0, 9.48%, 48, 0, 6, 16833.31, 23612964, 456
1418, 22, 56, 357, 229, 0, 9.48%, 48, 0, 6, 16389.71, 23695303, 456
1423, 22, 56, 357, 229, 0, 9.48%, 48, 0, 6, 16860.79, 23784157, 456
1428, 22, 56, 357, 229, 0, 9.48%, 48, 0, 6, 16661.09, 23869087, 456
1434, 22, 57, 357, 228, 0, 9.48%, 48, 0, 6, 16718.19, 23954196, 456
1439, 22, 56, 357, 228, 0, 9.48%, 48, 0, 6, 16555.71, 24035997, 456
1444, 22, 172, 357, 228, 0, 9.48%, 48, 0, 6, 16544.77, 24121614, 456
1449, 22, 56, 357, 228, 0, 9.48%, 48, 0, 6, 16448.57, 24206718, 456
1454, 22, 77, 357, 227, 0, 9.48%, 48, 0, 6, 16743.13, 24294202, 456
1459, 22, 56, 357, 226, 0, 9.48%, 48, 0, 6, 16106.74, 24377357, 456
1464, 22, 87, 357, 226, 0, 9.48%, 48, 0, 6, 16423.66, 24461685, 456
1470, 22, 56, 357, 226, 0, 9.48%, 48, 0, 6, 16438.30, 24546636, 456
1475, 22, 130, 357, 226, 0, 9.48%, 48, 0, 6, 16244.44, 24630139, 456
1480, 22, 63, 357, 226, 0, 9.48%, 48, 0, 6, 16215.99, 24713539, 456
1485, 23, 68, 359, 227, 0, 9.48%, 48, 0, 6, 16473.29, 24797097, 456
1490, 23, 163, 359, 227, 0, 9.48%, 48, 0, 6, 16888.33, 24884560, 456
1495, 23, 30, 359, 226, 0, 9.48%, 48, 0, 6, 16627.36, 24967443, 456
1500, 23, 56, 359, 226, 0, 9.48%, 48, 0, 6, 16692.59, 25052844, 456
1505, 23, 3, 359, 226, 0, 9.48%, 48, 0, 6, 16041.64, 25135216, 456
1510, 23, 14, 359, 226, 0, 9.48%, 48, 0, 6, 16688.36, 25218190, 456
1516, 23, 83, 359, 226, 0, 9.48%, 48, 0, 6, 16418.30, 25303335, 456
1521, 23, 84, 359, 226, 0, 9.48%, 48, 0, 6, 16610.00, 25389313, 456
1526, 23, 3, 359, 226, 0, 9.48%, 48, 0, 6, 17078.19, 25477823, 456
1531, 23, 238, 359, 226, 0, 9.48%, 48, 0, 6, 16943.21, 25567720, 456
1536, 23, 56, 359, 226, 0, 9.48%, 48, 0, 6, 16555.61, 25651999, 456
1541, 23, 67, 359, 226, 0, 9.48%, 48, 0, 6, 17096.31, 25739499, 456
1547, 23, 67, 359, 226, 0, 9.48%, 48, 0, 6, 16647.27, 25824661, 456
1552, 23, 127, 359, 226, 0, 9.48%, 48, 0, 6, 16487.38, 25910135, 456
1557, 24, 56, 361, 228, 0, 9.48%, 48, 0, 6, 17036.60, 25997714, 456
1562, 24, 6, 361, 228, 0, 9.48%, 48, 0, 6, 16872.51, 26082516, 456
1567, 24, 6, 361, 227, 0, 9.48%, 48, 0, 6, 16492.62, 26166265, 456
1572, 24, 63, 361, 227, 0, 9.48%, 48, 0, 6, 16494.69, 26248187, 456
1577, 24, 56, 361, 227, 0, 9.48%, 48, 0, 6, 16858.99, 26335625, 456
1582, 24, 6, 361, 226, 0, 9.48%, 48, 0, 6, 16880.65, 26422875, 456
1588, 24, 56, 361, 226, 0, 9.48%, 48, 0, 6, 16518.57, 26506893, 456
1593, 24, 35, 361, 226, 0, 9.48%, 48, 0, 6, 17124.83, 26596257, 456
1598, 24, 56, 361, 226, 0, 9.48%, 48, 0, 6, 16581.14, 26678994, 456
1603, 24, 56, 361, 225, 0, 9.48%, 48, 0, 6, 15593.65, 26753511, 456
1608, 24, 56, 361, 225, 0, 9.48%, 48, 0, 6, 16632.30, 26840381, 456
1613, 24, 131, 361, 225, 0, 9.48%, 48, 0, 6, 16959.63, 26929599, 456
1618, 24, 56, 361, 225, 0, 9.48%, 48, 0, 6, 17006.52, 27016795, 456
1624, 25, 68, 361, 224, 0, 9.48%, 48, 0, 6, 16457.46, 27099520, 456
1629, 25, 213, 361, 224, 0, 9.48%, 48, 0, 6, 16817.01, 27187032, 456
1634, 25, 64, 361, 224, 0, 9.48%, 48, 0, 6, 16778.78, 27273629, 456
1639, 25, 56, 361, 224, 0, 9.48%, 48, 0, 6, 16645.35, 27355617, 456
1644, 25, 63, 361, 224, 0, 9.48%, 48, 0, 6, 17065.26, 27444087, 456
1649, 25, 294, 361, 224, 0, 9.48%, 48, 0, 6, 3511.36, 27524475, 456
1654, 25, 56, 361, 223, 0, 9.48%, 48, 0, 6, 11163.84, 27584528, 456
1660, 25, 30, 361, 222, 0, 9.48%, 48, 0, 6, 15030.93, 27668980, 456
1665, 25, 56, 361, 222, 0, 9.48%, 48, 0, 6, 15885.70, 27752334, 456
1670, 25, 3, 361, 222, 0, 9.48%, 48, 0, 6, 16324.05, 27837801, 456
1675, 25, 56, 361, 222, 0, 9.48%, 48, 0, 6, 16111.39, 27921283, 456
1680, 25, 84, 361, 222, 0, 9.48%, 48, 0, 6, 16807.47, 28007130, 456
1685, 25, 56, 361, 222, 0, 9.48%, 48, 0, 6, 16198.53, 28087348, 456
1690, 25, 56, 361, 221, 0, 9.48%, 48, 0, 6, 15959.75, 28169814, 456
1696, 26, 63, 361, 221, 0, 9.48%, 48, 0, 6, 16029.34, 28253286, 456
1701, 26, 56, 361, 221, 0, 9.48%, 48, 0, 6, 16530.35, 28338144, 456
1706, 26, 56, 361, 221, 0, 9.48%, 48, 0, 6, 16547.66, 28423964, 456
1711, 26, 84, 361, 221, 0, 9.48%, 48, 0, 6, 17137.82, 28512024, 456
1716, 26, 6, 361, 221, 0, 9.48%, 48, 0, 6, 16801.99, 28598834, 456
1721, 26, 56, 361, 221, 0, 9.48%, 48, 0, 6, 16091.05, 28683211, 456
1727, 26, 56, 361, 221, 0, 9.48%, 48, 0, 6, 16754.84, 28770123, 456
1732, 26, 67, 361, 221, 0, 9.48%, 48, 0, 6, 16396.06, 28854230, 456
1737, 26, 127, 361, 221, 0, 9.48%, 48, 0, 6, 16795.67, 28941925, 456
1742, 26, 35, 361, 221, 0, 9.48%, 48, 0, 6, 16576.54, 29023553, 456
1747, 26, 56, 361, 221, 0, 9.48%, 48, 0, 6, 16163.27, 29103584, 456
1752, 26, 56, 361, 221, 0, 9.48%, 48, 0, 6, 16387.90, 29187149, 456
1757, 26, 6, 361, 221, 0, 9.48%, 48, 0, 6, 16516.56, 29273147, 456
1762, 27, 56, 361, 221, 0, 9.48%, 48, 0, 6, 16482.89, 29358547, 456
1767, 27, 56, 361, 220, 0, 9.48%, 48, 0, 6, 15951.66, 29438106, 456
1772, 27, 35, 361, 220, 0, 9.48%, 48, 0, 6, 16131.61, 29518136, 456
1778, 27, 68, 361, 220, 0, 9.48%, 48, 0, 6, 16049.95, 29601162, 456
1783, 27, 56, 361, 219, 0, 9.48%, 48, 0, 6, 16006.37, 29683998, 456
1788, 27, 63, 361, 219, 0, 9.48%, 48, 0, 6, 16460.16, 29768516, 456
1793, 27, 30, 361, 218, 0, 9.48%, 48, 0, 6, 16716.59, 29854894, 456
1798, 27, 6, 361, 218, 0, 9.48%, 48, 0, 6, 16543.62, 29941773, 456
1803, 27, 56, 361, 217, 0, 9.48%, 48, 0, 6, 15920.40, 30024100, 456
1808, 27, 63, 361, 217, 0, 9.48%, 48, 0, 6, 16431.46, 30108253, 456
1814, 27, 56, 361, 216, 0, 9.48%, 48, 0, 6, 16754.26, 30194477, 456
1819, 27, 14, 361, 216, 0, 9.48%, 48, 0, 6, 16841.09, 30281431, 456
1824, 27, 127, 361, 216, 0, 9.48%, 48, 0, 6, 16344.70, 30365803, 456
1829, 27, 56, 361, 216, 0, 9.48%, 48, 0, 6, 16265.12, 30450122, 456
1834, 28, 83, 361, 216, 0, 9.48%, 48, 0, 6, 16239.88, 30533883, 456
1839, 28, 35, 361, 216, 0, 9.48%, 48, 0, 6, 16292.17, 30618415, 456
1845, 28, 14, 361, 216, 0, 9.48%, 48, 0, 6, 16438.40, 30702851, 456
1850, 28, 127, 361, 216, 0, 9.48%, 48, 0, 6, 16478.26, 30787501, 456
1855, 28, 64, 361, 216, 0, 9.48%, 48, 0, 6, 16270.48, 30871116, 456
1860, 28, 56, 361, 216, 0, 9.48%, 48, 0, 6, 16297.39, 30955421, 456
1865, 28, 35, 361, 216, 0, 9.48%, 48, 0, 6, 16110.66, 31040204, 456
1870, 28, 6, 361, 216, 0, 9.48%, 48, 0, 6, 15975.55, 31123048, 456
1876, 28, 56, 361, 216, 0, 9.48%, 48, 0, 6, 16525.20, 31208239, 456
1881, 28, 56, 361, 216, 0, 9.48%, 48, 0, 6, 16477.85, 31293536, 456
1886, 28, 56, 361, 215, 0, 9.48%, 48, 0, 6, 16341.46, 31377874, 456
1891, 28, 35, 361, 214, 0, 9.48%, 48, 0, 6, 16121.32, 31461347, 456
1896, 28, 6, 361, 213, 0, 9.48%, 48, 0, 6, 16232.11, 31546550, 456
1901, 28, 35, 361, 213, 0, 9.48%, 48, 0, 6, 16275.58, 31630479, 456
1907, 29, 130, 361, 213, 0, 9.48%, 48, 0, 6, 16640.27, 31716961, 456
1912, 29, 56, 361, 213, 0, 9.48%, 48, 0, 6, 17115.84, 31806220, 456
1917, 29, 127, 361, 213, 0, 9.48%, 48, 0, 6, 16411.87, 31889227, 456
1922, 29, 6, 361, 213, 0, 9.48%, 48, 0, 6, 16459.50, 31971273, 456
1927, 29, 30, 361, 213, 0, 9.48%, 48, 0, 6, 16708.73, 32054611, 456
1932, 29, 56, 361, 213, 0, 9.48%, 48, 0, 6, 16521.84, 32139540, 456
1937, 29, 56, 361, 212, 0, 9.48%, 48, 0, 6, 16539.86, 32224949, 456
1942, 29, 127, 361, 211, 0, 9.48%, 48, 0, 6, 14250.90, 32293281, 456
1947, 29, 35, 361, 210, 0, 9.48%, 48, 0, 6, 15261.98, 32371291, 456
1953, 29, 67, 361, 210, 0, 9.48%, 48, 0, 6, 16576.71, 32456660, 456
1958, 29, 238, 361, 210, 0, 9.48%, 48, 0, 6, 16328.90, 32540906, 456
1963, 29, 238, 361, 209, 0, 9.48%, 48, 0, 6, 16591.55, 32628506, 456
1968, 29, 56, 361, 209, 0, 9.48%, 48, 0, 6, 16118.13, 32712740, 456
1973, 29, 6, 361, 208, 0, 9.48%, 48, 0, 6, 16026.63, 32796000, 456
1978, 30, 84, 361, 208, 0, 9.48%, 48, 0, 6, 16487.81, 32878641, 456
1983, 30, 105, 361, 208, 0, 9.48%, 48, 0, 6, 14896.75, 32955057, 456
1988, 30, 14, 361, 206, 0, 9.48%, 48, 0, 6, 15213.06, 33033729, 456
1994, 30, 56, 361, 206, 0, 9.48%, 48, 0, 6, 15425.50, 33115147, 456
1999, 30, 163, 361, 206, 0, 9.48%, 48, 0, 6, 15940.28, 33197201, 456
2004, 30, 56, 361, 206, 0, 9.48%, 48, 0, 6, 15469.77, 33274466, 456
2009, 30, 6, 361, 206, 0, 9.48%, 48, 0, 6, 15426.48, 33354003, 456
2014, 30, 6, 361, 206, 0, 9.48%, 48, 0, 6, 15588.07, 33435042, 456
2019, 30, 56, 361, 206, 0, 9.48%, 48, 0, 6, 15668.45, 33515502, 456
2024, 30, 35, 361, 206, 0, 9.48%, 48, 0, 6, 16068.95, 33600240, 456
2030, 30, 127, 361, 206, 0, 9.48%, 48, 0, 6, 15965.44, 33681245, 456
2035, 30, 35, 361, 206, 0, 9.48%, 48, 0, 6, 15271.78, 33757203, 456
2040, 30, 56, 361, 206, 0, 9.48%, 48, 0, 6, 16131.66, 33840242, 456
2045, 31, 56, 365, 210, 0, 9.48%, 48, 0, 6, 15765.73, 33919240, 456
2050, 31, 14, 365, 210, 0, 9.48%, 48, 0, 6, 15993.13, 34002170, 456
2055, 31, 56, 365, 210, 0, 9.48%, 48, 0, 6, 15792.48, 34082410, 456
2060, 31, 83, 365, 209, 0, 9.48%, 48, 0, 6, 15934.12, 34165202, 456
2065, 31, 56, 365, 209, 0, 9.48%, 48, 0, 6, 15711.20, 34245431, 456
2071, 31, 127, 365, 209, 0, 9.48%, 48, 0, 6, 15621.63, 34326633, 456
2076, 31, 56, 365, 209, 0, 9.48%, 48, 0, 6, 15917.95, 34409098, 456
2081, 31, 56, 365, 209, 0, 9.48%, 48, 0, 6, 15659.73, 34490548, 456
2086, 31, 127, 365, 208, 0, 9.48%, 48, 0, 6, 14788.08, 34568164, 456
2091, 31, 127, 365, 208, 0, 9.48%, 48, 0, 6, 15455.01, 34649921, 456
2096, 31, 163, 365, 208, 0, 9.48%, 48, 0, 6, 15115.20, 34724951, 456
2101, 31, 6, 365, 208, 0, 9.48%, 48, 0, 6, 15605.37, 34806078, 456
2106, 31, 56, 365, 208, 0, 9.48%, 48, 0, 6, 14907.75, 34880286, 456
2112, 31, 35, 365, 208, 0, 9.48%, 48, 0, 6, 15677.75, 34962601, 456
2117, 31, 30, 365, 208, 0, 9.48%, 48, 0, 6, 15690.95, 35043734, 456
2122, 31, 131, 365, 208, 0, 9.48%, 48, 0, 6, 15459.93, 35122223, 456
2127, 32, 127, 365, 208, 0, 9.48%, 48, 0, 6, 15056.05, 35200025, 456
2132, 32, 56, 365, 208, 0, 9.48%, 48, 0, 6, 15415.20, 35276085, 456
2137, 32, 56, 365, 208, 0, 9.48%, 48, 0, 6, 15347.67, 35355933, 456
2142, 32, 56, 365, 208, 0, 9.48%, 48, 0, 6, 15767.83, 35437172, 456
2147, 32, 6, 365, 208, 0, 9.48%, 48, 0, 6, 15845.84, 35519164, 456
2153, 32, 238, 365, 208, 0, 9.48%, 48, 0, 6, 15644.22, 35601404, 456
2158, 32, 30, 365, 208, 0, 9.48%, 48, 0, 6, 16461.68, 35687633, 456
2163, 32, 56, 365, 208, 0, 9.48%, 48, 0, 6, 16397.88, 35771848, 456
2168, 32, 3, 365, 208, 0, 9.48%, 48, 0, 6, 15938.57, 35854234, 456
2173, 32, 30, 365, 208, 0, 9.48%, 48, 0, 6, 15833.68, 35935857, 456
2178, 32, 3, 365, 208, 0, 9.48%, 48, 0, 6, 15398.12, 36014573, 456
2184, 32, 56, 365, 208, 0, 9.48%, 48, 0, 6, 15530.68, 36096606, 456
2189, 32, 56, 365, 208, 0, 9.48%, 48, 0, 6, 15881.61, 36178507, 456
2194, 32, 121, 365, 208, 0, 9.48%, 48, 0, 6, 15118.25, 36254300, 456
2199, 32, 238, 365, 208, 0, 9.48%, 48, 0, 6, 15633.17, 36335466, 456
2204, 33, 30, 365, 208, 0, 9.48%, 48, 0, 6, 15234.60, 36415016, 456
2209, 33, 30, 365, 208, 0, 9.48%, 48, 0, 6, 15953.65, 36498205, 456
2214, 33, 128, 365, 208, 0, 9.48%, 48, 0, 6, 16162.41, 36581063, 456
2220, 33, 35, 365, 208, 0, 9.48%, 48, 0, 6, 15827.15, 36664325, 456
2225, 33, 51, 365, 208, 0, 9.48%, 48, 0, 6, 16139.83, 36748542, 456
2230, 33, 30, 365, 208, 0, 9.48%, 48, 0, 6, 16020.60, 36830780, 456
2235, 33, 56, 365, 208, 0, 9.48%, 48, 0, 6, 15770.49, 36911276, 456
2240, 33, 35, 365, 208, 0, 9.48%, 48, 0, 6, 15970.54, 36994024, 456
2245, 33, 127, 365, 208, 0, 9.48%, 48, 0, 6, 15083.76, 37070066, 456
2251, 33, 14, 365, 208, 0, 9.48%, 48, 0, 6, 15225.24, 37148017, 456
2256, 33, 35, 365, 208, 0, 9.48%, 48, 0, 6, 15296.30, 37226620, 456
2261, 33, 30, 365, 208, 0, 9.48%, 48, 0, 6, 15934.39, 37307369, 456
2266, 33, 6, 365, 208, 0, 9.48%, 48, 0, 6, 16003.11, 37388941, 456
2271, 33, 238, 365, 208, 0, 9.48%, 48, 0, 6, 15916.27, 37471668, 456
2276, 33, 61, 365, 208, 0, 9.48%, 48, 0, 6, 15842.89, 37550794, 456
2281, 34, 56, 365, 208, 0, 9.48%, 48, 0, 6, 16078.76, 37633494, 456
2286, 34, 56, 365, 208, 0, 9.48%, 48, 0, 6, 15188.29, 37710199, 456
2292, 34, 45, 365, 208, 0, 9.48%, 48, 0, 6, 15114.32, 37789622, 456
2297, 34, 238, 365, 208, 0, 9.48%, 48, 0, 6, 15104.42, 37868028, 456
2302, 34, 56, 365, 208, 0, 9.48%, 48, 0, 6, 15444.72, 37947981, 456
2307, 34, 130, 365, 207, 0, 9.48%, 48, 0, 6, 15545.44, 38028575, 456
2312, 34, 6, 365, 207, 0, 9.48%, 48, 0, 6, 16054.27, 38110857, 456
2317, 34, 56, 365, 207, 0, 9.48%, 48, 0, 6, 15721.49, 38192040, 456
2322, 34, 42, 365, 207, 0, 9.48%, 48, 0, 6, 15712.30, 38271407, 456
2328, 34, 68, 365, 207, 0, 9.48%, 48, 0, 6, 15295.15, 38346441, 456
2333, 34, 35, 365, 207, 0, 9.48%, 48, 0, 6, 15702.07, 38428522, 456
2338, 34, 64, 365, 206, 0, 9.48%, 48, 0, 6, 15325.70, 38503563, 456
2343, 34, 35, 365, 206, 0, 9.48%, 48, 0, 6, 15729.57, 38585824, 456
2348, 34, 127, 365, 206, 0, 9.48%, 48, 0, 6, 16072.91, 38668013, 456
2353, 34, 56, 365, 205, 0, 9.48%, 48, 0, 6, 15339.69, 38748277, 456
2358, 34, 6, 365, 205, 0, 9.48%, 48, 0, 6, 15204.32, 38826920, 456
2364, 35, 56, 369, 209, 0, 9.48%, 48, 0, 6, 15310.72, 38906759, 456
2369, 35, 127, 369, 209, 0, 9.48%, 48, 0, 6, 15739.66, 38989159, 456
2374, 35, 56, 369, 209, 0, 9.48%, 48, 0, 6, 16013.43, 39071238, 456
2379, 35, 56, 369, 209, 0, 9.48%, 48, 0, 6, 15907.78, 39151699, 456
2384, 35, 64, 369, 209, 0, 9.48%, 48, 0, 6, 16130.89, 39234979, 456
2389, 35, 63, 369, 209, 0, 9.48%, 48, 0, 6, 16068.51, 39318419, 456
2395, 35, 56, 369, 209, 0, 9.48%, 48, 0, 6, 16070.00, 39401939, 456
2400, 35, 56, 369, 209, 0, 9.48%, 48, 0, 6, 15872.92, 39482831, 456
2405, 35, 56, 369, 209, 0, 9.48%, 48, 0, 6, 16365.77, 39566779, 456
2410, 35, 186, 369, 209, 0, 9.48%, 48, 0, 6, 15936.83, 39647677, 456
2415, 35, 127, 369, 209, 0, 9.48%, 48, 0, 6, 16106.50, 39731592, 456
2420, 35, 87, 369, 209, 0, 9.48%, 48, 0, 6, 16156.97, 39814522, 456
2426, 35, 56, 369, 209, 0, 9.48%, 48, 0, 6, 15358.45, 39893520, 456
2431, 35, 188, 369, 209, 0, 9.48%, 48, 0, 6, 15486.02, 39974494, 456
2436, 35, 173, 369, 208, 0, 9.48%, 48, 0, 6, 15309.37, 40051834, 456
2441, 35, 67, 369, 207, 0, 9.48%, 48, 0, 6, 15672.45, 40132529, 456
2446, 36, 238, 369, 207, 0, 9.48%, 48, 0, 6, 14950.08, 40208299, 456
2451, 36, 57, 369, 207, 0, 9.48%, 48, 0, 6, 15848.22, 40290386, 456
2456, 36, 35, 369, 207, 0, 9.48%, 48, 0, 6, 15795.59, 40368986, 456
2461, 36, 35, 369, 207, 0, 9.48%, 48, 0, 6, 15330.95, 40446826, 456
2466, 36, 35, 369, 207, 0, 9.48%, 48, 0, 6, 15260.60, 40526149, 456
2471, 36, 84, 369, 207, 0, 9.48%, 48, 0, 6, 15257.33, 40602621, 456
2476, 36, 14, 369, 206, 0, 9.48%, 48, 0, 6, 15062.47, 40680180, 456
2482, 36, 56, 369, 206, 0, 9.48%, 48, 0, 6, 15600.09, 40761991, 456
2487, 36, 127, 369, 206, 0, 9.48%, 48, 0, 6, 15566.17, 40842404, 456
2492, 36, 56, 369, 206, 0, 9.48%, 48, 0, 6, 15634.02, 40921926, 456
2497, 36, 68, 369, 206, 0, 9.48%, 48, 0, 6, 15301.80, 41001280, 456
2502, 36, 157, 369, 206, 0, 9.48%, 48, 0, 6, 15805.92, 41081602, 456
2507, 36, 56, 369, 206, 0, 9.48%, 48, 0, 6, 15415.15, 41161309, 456
2512, 36, 172, 369, 206, 0, 9.48%, 48, 0, 6, 15586.74, 41239444, 456
2518, 36, 54, 369, 206, 0, 9.48%, 48, 0, 6, 15380.20, 41319357, 456
2523, 36, 238, 369, 205, 0, 9.48%, 48, 0, 6, 15598.47, 41400038, 456
2528, 37, 14, 369, 205, 0, 9.48%, 48, 0, 6, 15114.31, 41477285, 456
2533, 37, 35, 369, 205, 0, 9.48%, 48, 0, 6, 15746.62, 41559362, 456
2538, 37, 56, 369, 205, 0, 9.48%, 48, 0, 6, 15667.45, 41640621, 456
2543, 37, 68, 369, 205, 0, 9.48%, 48, 0, 6, 15212.73, 41719782, 456
2548, 37, 127, 369, 205, 0, 9.48%, 48, 0, 6, 15039.08, 41796079, 456
2554, 37, 6, 369, 205, 0, 9.48%, 48, 0, 6, 15719.99, 41879387, 456
2559, 37, 6, 369, 205, 0, 9.48%, 48, 0, 6, 15672.26, 41959858, 456
2564, 37, 56, 369, 205, 0, 9.48%, 48, 0, 6, 16015.75, 42044136, 456
2569, 37, 186, 369, 205, 0, 9.48%, 48, 0, 6, 14964.73, 42118508, 456
2574, 37, 238, 369, 205, 0, 9.48%, 48, 0, 6, 15412.51, 42198970, 456
2579, 37, 238, 369, 205, 0, 9.48%, 48, 0, 6, 16065.34, 42282119, 456
2584, 37, 6, 369, 204, 0, 9.48%, 48, 0, 6, 15326.54, 42358505, 456
2589, 37, 127, 369, 204, 0, 9.48%, 48, 0, 6, 15840.04, 42438250, 456
2595, 37, 56, 369, 204, 0, 9.48%, 48, 0, 6, 15629.42, 42518211, 456
2600, 37, 35, 369, 204, 0, 9.48%, 48, 0, 6, 15868.95, 42600504, 456
2605, 37, 213, 369, 204, 0, 9.48%, 48, 0, 6, 16149.64, 42685266, 456
2610, 38, 6, 369, 203, 0, 9.48%, 48, 0, 6, 15465.64, 42762887, 456
2615, 38, 6, 369, 203, 0, 9.48%, 48, 0, 6, 15797.08, 42843871, 456
2620, 38, 35, 369, 203, 0, 9.48%, 48, 0, 6, 15971.66, 42925804, 456
2625, 38, 238, 369, 203, 0, 9.48%, 48, 0, 6, 15678.69, 43004735, 456
2631, 38, 68, 369, 203, 0, 9.48%, 48, 0, 6, 15709.01, 43084903, 456
2636, 38, 35, 369, 203, 0, 9.48%, 48, 0, 6, 15331.82, 43164791, 456
2641, 38, 127, 369, 203, 0, 9.48%, 48, 0, 6, 15958.72, 43245223, 456
2646, 38, 56, 369, 202, 0, 9.48%, 48, 0, 6, 15102.52, 43321551, 456
2651, 38, 64, 369, 202, 0, 9.48%, 48, 0, 6, 15247.27, 43402173, 456
2656, 38, 14, 369, 202, 0, 9.48%, 48, 0, 6, 15882.43, 43485393, 456
2661, 38, 56, 369, 202, 0, 9.48%, 48, 0, 6, 16040.95, 43569611, 456
2667, 38, 84, 369, 202, 0, 9.48%, 48, 0, 6, 15544.76, 43649599, 456
2672, 38, 157, 369, 202, 0, 9.48%, 48, 0, 6, 16284.64, 43734753, 456
2677, 38, 127, 369, 201, 0, 9.48%, 48, 0, 6, 15683.58, 43815886, 456
2682, 38, 238, 369, 200, 0, 9.48%, 48, 0, 6, 15298.99, 43895677, 456
2687, 39, 56, 369, 200, 0, 9.48%, 48, 0, 6, 15738.28, 43976329, 456
2693, 39, 30, 369, 200, 0, 9.48%, 48, 0, 6, 15479.88, 44057845, 456
2698, 39, 56, 369, 199, 0, 9.48%, 48, 0, 6, 14510.95, 44123626, 456
2703, 39, 35, 369, 198, 0, 9.48%, 48, 0, 6, 15531.81, 44203106, 456
2708, 39, 35, 369, 198, 0, 9.48%, 48, 0, 6, 15028.77, 44280772, 456
2713, 39, 30, 369, 198, 0, 9.48%, 48, 0, 6, 15299.56, 44359331, 456
2718, 39, 238, 369, 198, 0, 9.48%, 48, 0, 6, 15339.04, 44439216, 456
2723, 39, 56, 369, 198, 0, 9.48%, 48, 0, 6, 15615.43, 44520789, 456
2728, 39, 45, 369, 198, 0, 9.48%, 48, 0, 6, 16097.97, 44603634, 456
2733, 39, 56, 369, 198, 0, 9.48%, 48, 0, 6, 15822.31, 44682976, 456
2739, 39, 30, 369, 198, 0, 9.48%, 48, 0, 6, 15789.38, 44765116, 456
2744, 39, 30, 369, 198, 0, 9.48%, 48, 0, 6, 15410.39, 44845089, 456
2749, 39, 56, 369, 198, 0, 9.48%, 48, 0, 6, 16321.66, 44928755, 456
2754, 39, 56, 369, 198, 0, 9.48%, 48, 0, 6, 16259.47, 45012307, 456
2759, 39, 238, 369, 197, 0, 9.48%, 48, 0, 6, 15685.18, 45091873, 456
2764, 39, 14, 369, 197, 0, 9.48%, 48, 0, 6, 16241.49, 45176750, 456
2769, 39, 127, 369, 197, 0, 9.48%, 48, 0, 6, 16005.24, 45258230, 456
2774, 40, 30, 371, 199, 0, 9.48%, 48, 0, 6, 16029.61, 45338985, 456
2779, 40, 127, 371, 199, 0, 9.48%, 48, 0, 6, 16083.36, 45422297, 456
2784, 40, 57, 371, 199, 0, 9.48%, 48, 0, 6, 15609.51, 45501117, 456
2790, 40, 6, 371, 199, 0, 9.48%, 48, 0, 6, 15563.94, 45580478, 456
2795, 40, 56, 371, 199, 0, 9.48%, 48, 0, 6, 15624.71, 45658390, 456
2800, 40, 127, 371, 199, 0, 9.48%, 48, 0, 6, 16169.24, 45739306, 456
2805, 40, 6, 371, 199, 0, 9.48%, 48, 0, 6, 15769.56, 45818390, 456
2810, 40, 163, 371, 199, 0, 9.48%, 48, 0, 6, 15900.06, 45898451, 456
2815, 40, 56, 371, 199, 0, 9.48%, 48, 0, 6, 15853.14, 45979773, 456
2820, 40, 56, 371, 199, 0, 9.48%, 48, 0, 6, 16298.67, 46063621, 456
2825, 40, 56, 371, 199, 0, 9.48%, 48, 0, 6, 15882.41, 46143768, 456
2830, 40, 35, 371, 199, 0, 9.48%, 48, 0, 6, 15808.40, 46226048, 456
2836, 40, 56, 371, 199, 0, 9.48%, 48, 0, 6, 15090.13, 46303940, 456
2841, 40, 56, 371, 199, 0, 9.48%, 48, 0, 6, 15422.88, 46384662, 456
2846, 40, 35, 371, 199, 0, 9.48%, 48, 0, 6, 15768.69, 46467254, 456
2851, 40, 238, 371, 199, 0, 9.48%, 48, 0, 6, 15240.81, 46547015, 456
2856, 41, 56, 371, 199, 0, 9.48%, 48, 0, 6, 15480.20, 46628301, 456
2861, 41, 56, 371, 198, 0, 9.48%, 48, 0, 6, 15437.09, 46709929, 456
2867, 41, 35, 371, 198, 0, 9.48%, 48, 0, 6, 15098.73, 46787972, 456
2872, 41, 238, 371, 198, 0, 9.48%, 48, 0, 6, 15554.04, 46867423, 456
2877, 41, 127, 371, 197, 0, 9.48%, 48, 0, 6, 15821.80, 46948240, 456
2882, 41, 6, 371, 197, 0, 9.48%, 48, 0, 6, 16170.42, 47031230, 456
2887, 41, 6, 371, 196, 0, 9.48%, 48, 0, 6, 15694.91, 47109683, 456
2892, 41, 56, 371, 195, 0, 9.48%, 48, 0, 6, 15011.66, 47186994, 456
2897, 41, 67, 371, 195, 0, 9.48%, 48, 0, 6, 15540.55, 47267110, 456
2903, 41, 213, 371, 195, 0, 9.48%, 48, 0, 6, 16151.34, 47350774, 456
2908, 41, 56, 371, 195, 0, 9.48%, 48, 0, 6, 16190.52, 47433955, 456
2913, 41, 56, 371, 195, 0, 9.48%, 48, 0, 6, 15680.70, 47511246, 456
2918, 41, 68, 371, 195, 0, 9.48%, 48, 0, 6, 15836.64, 47591753, 456
2923, 41, 56, 371, 195, 0, 9.48%, 48, 0, 6, 16101.55, 47676395, 456
2928, 41, 14, 371, 195, 0, 9.48%, 48, 0, 6, 16187.96, 47757775, 456
2933, 41, 56, 371, 195, 0, 9.48%, 48, 0, 6, 15970.00, 47841673, 456
2939, 42, 6, 371, 195, 0, 9.48%, 48, 0, 6, 15648.69, 47920027, 456
2944, 42, 6, 371, 194, 0, 9.48%, 48, 0, 6, 13288.41, 47989834, 456
2949, 42, 35, 371, 194, 0, 9.48%, 48, 0, 6, 14874.44, 48069696, 456
2954, 42, 26, 371, 194, 0, 9.48%, 48, 0, 6, 14834.88, 48144612, 456
2959, 42, 56, 371, 194, 0, 9.48%, 48, 0, 6, 15283.11, 48221883, 456
2964, 42, 56, 371, 194, 0, 9.48%, 48, 0, 6, 15845.07, 48304111, 456
2969, 42, 56, 371, 194, 0, 9.48%, 48, 0, 6, 15784.63, 48384424, 456
2974, 42, 56, 371, 194, 0, 9.48%, 48, 0, 6, 15859.64, 48466851, 456
2979, 42, 83, 371, 194, 0, 9.48%, 48, 0, 6, 15180.80, 48542263, 456
2985, 42, 30, 371, 193, 0, 9.48%, 48, 0, 6, 15648.92, 48622189, 456
2990, 42, 6, 371, 191, 0, 9.48%, 48, 0, 6, 15931.53, 48704023, 456
2995, 42, 56, 371, 191, 0, 9.48%, 48, 0, 6, 15920.66, 48783241, 456
3000, 42, 127, 371, 191, 0, 9.48%, 48, 0, 6, 15938.18, 48866013, 456
3005, 42, 127, 371, 191, 0, 9.48%, 48, 0, 6, 15257.33, 48944664, 456
3010, 42, 184, 371, 191, 0, 9.48%, 48, 0, 6, 13135.70, 49012573, 456
3015, 42, 67, 371, 190, 0, 9.48%, 48, 0, 6, 15711.81, 49095189, 456
3021, 42, 67, 371, 190, 0, 9.48%, 48, 0, 6, 16292.16, 49180192, 456
3026, 43, 26, 371, 190, 0, 9.48%, 48, 0, 6, 15863.89, 49262085, 456
3031, 43, 51, 371, 190, 0, 9.48%, 48, 0, 6, 15642.35, 49342337, 456
3036, 43, 56, 371, 190, 0, 9.48%, 48, 0, 6, 15642.90, 49423087, 456
3041, 43, 20, 371, 189, 0, 9.48%, 48, 0, 6, 15934.80, 49506151, 456
3046, 43, 14, 371, 189, 0, 9.48%, 48, 0, 6, 15371.63, 49581557, 456
3051, 43, 14, 371, 189, 0, 9.48%, 48, 0, 6, 15625.21, 49663037, 456
3057, 43, 56, 371, 189, 0, 9.48%, 48, 0, 6, 15969.46, 49745332, 456
3062, 43, 6, 371, 189, 0, 9.48%, 48, 0, 6, 15557.99, 49823419, 456
3067, 43, 157, 371, 189, 0, 9.48%, 48, 0, 6, 15766.92, 49905767, 456
3072, 43, 6, 371, 189, 0, 9.48%, 48, 0, 6, 15912.35, 49986168, 456
3077, 43, 56, 371, 189, 0, 9.48%, 48, 0, 6, 15680.77, 50067792, 456
3082, 43, 6, 371, 189, 0, 9.48%, 48, 0, 6, 15913.67, 50150403, 456
3087, 43, 56, 371, 189, 0, 9.48%, 48, 0, 6, 15714.94, 50231678, 456
3092, 43, 238, 371, 189, 0, 9.48%, 48, 0, 6, 15734.01, 50312064, 456
3098, 43, 128, 371, 188, 0, 9.48%, 48, 0, 6, 15810.14, 50393316, 456
3103, 43, 68, 371, 188, 0, 9.48%, 48, 0, 6, 16010.22, 50475464, 456
3108, 44, 30, 371, 188, 0, 9.48%, 48, 0, 6, 15701.47, 50552905, 456
3113, 44, 35, 371, 188, 0, 9.48%, 48, 0, 6, 16032.26, 50636325, 456
3118, 44, 26, 371, 187, 0, 9.48%, 48, 0, 6, 15548.61, 50713612, 456
3123, 44, 14, 371, 187, 0, 9.48%, 48, 0, 6, 16698.75, 50799775, 456
3128, 44, 127, 371, 186, 0, 9.48%, 48, 0, 6, 16607.18, 50884863, 456
3133, 44, 56, 371, 185, 0, 9.48%, 48, 0, 6, 16337.95, 50967840, 456
3138, 44, 64, 371, 185, 0, 9.48%, 48, 0, 6, 16269.72, 51049640, 456
3143, 44, 26, 371, 185, 0, 9.48%, 48, 0, 6, 15594.81, 51130826, 456
3148, 44, 56, 371, 185, 0, 9.48%, 48, 0, 6, 16048.17, 51212760, 456
3153, 44, 35, 371, 185, 0, 9.48%, 48, 0, 6, 15960.50, 51294221, 456
3159, 44, 56, 371, 185, 0, 9.48%, 48, 0, 6, 16146.79, 51377679, 456
3164, 44, 26, 371, 185, 0, 9.48%, 48, 0, 6, 15650.14, 51458377, 456
3169, 44, 83, 371, 185, 0, 9.48%, 48, 0, 6, 15563.62, 51538954, 456
3174, 44, 56, 371, 185, 0, 9.48%, 48, 0, 6, 15856.22, 51618188, 456
3179, 44, 6, 371, 185, 0, 9.48%, 48, 0, 6, 15990.83, 51697835, 456
3184, 44, 56, 371, 185, 0, 9.48%, 48, 0, 6, 15836.62, 51780579, 456
3189, 45, 238, 371, 185, 0, 9.48%, 48, 0, 6, 15724.36, 51862520, 456
3195, 45, 6, 371, 185, 0, 9.48%, 48, 0, 6, 16006.52, 51945387, 456
3200, 45, 35, 371, 185, 0, 9.48%, 48, 0, 6, 15942.53, 52026629, 456
3205, 45, 6, 371, 185, 0, 9.48%, 48, 0, 6, 15977.52, 52109179, 456
3210, 45, 6, 371, 185, 0, 9.48%, 48, 0, 6, 16258.25, 52192550, 456
3215, 45, 56, 371, 185, 0, 9.48%, 48, 0, 6, 15847.03, 52271434, 456
3220, 45, 35, 371, 185, 0, 9.48%, 48, 0, 6, 15735.94, 52350781, 456
3225, 45, 56, 371, 185, 0, 9.48%, 48, 0, 6, 15961.15, 52433818, 456
3230, 45, 56, 371, 185, 0, 9.48%, 48, 0, 6, 16327.31, 52518340, 456
3236, 45, 35, 371, 185, 0, 9.48%, 48, 0, 6, 16236.80, 52600084, 456
3241, 45, 35, 371, 185, 0, 9.48%, 48, 0, 6, 15860.61, 52680919, 456
3246, 45, 113, 371, 185, 0, 9.48%, 48, 0, 6, 14845.86, 52760143, 456
3251, 45, 6, 371, 184, 0, 9.48%, 48, 0, 6, 15799.47, 52841410, 456
3256, 45, 56, 371, 184, 0, 9.48%, 48, 0, 6, 16135.08, 52924921, 456
3261, 45, 83, 371, 184, 0, 9.48%, 48, 0, 6, 16110.79, 53007941, 456
3267, 46, 6, 371, 184, 0, 9.48%, 48, 0, 6, 16022.12, 53091060, 456
3272, 46, 3, 371, 184, 0, 9.48%, 48, 0, 6, 16448.46, 53176648, 456
3277, 46, 26, 371, 184, 0, 9.48%, 48, 0, 6, 16340.64, 53261061, 456
3282, 46, 131, 371, 184, 0, 9.48%, 48, 0, 6, 15983.25, 53343521, 456
3287, 46, 6, 371, 184, 0, 9.48%, 48, 0, 6, 16244.91, 53427343, 456
3292, 46, 56, 371, 184, 0, 9.48%, 48, 0, 6, 16820.25, 53511794, 456
3297, 46, 56, 371, 184, 0, 9.48%, 48, 0, 6, 16464.50, 53595578, 456
3303, 46, 26, 371, 184, 0, 9.48%, 48, 0, 6, 15959.83, 53677725, 456
3308, 46, 6, 371, 184, 0, 9.48%, 48, 0, 6, 16406.98, 53758738, 456
3313, 46, 3, 371, 184, 0, 9.48%, 48, 0, 6, 16902.65, 53847295, 456
3318, 46, 56, 371, 184, 0, 9.48%, 48, 0, 6, 16298.22, 53927119, 456
3323, 46, 26, 371, 184, 0, 9.48%, 48, 0, 6, 16278.16, 54011866, 456
3328, 46, 63, 371, 184, 0, 9.48%, 48, 0, 6, 16378.50, 54093309, 456
3333, 46, 45, 371, 184, 0, 9.48%, 48, 0, 6, 16481.26, 54178688, 456
3338, 46, 56, 371, 184, 0, 9.48%, 48, 0, 6, 16043.02, 54257805, 456
3343, 47, 26, 371, 184, 0, 9.48%, 48, 0, 6, 15591.80, 54339195, 456
3348, 47, 14, 371, 184, 0, 9.48%, 48, 0, 6, 15401.37, 54417796, 456
3354, 47, 153, 371, 184, 0, 9.48%, 48, 0, 6, 15664.33, 54498834, 456
3359, 47, 35, 371, 184, 0, 9.48%, 48, 0, 6, 15857.53, 54581395, 456
3364, 47, 186, 371, 184, 0, 9.48%, 48, 0, 6, 15431.24, 54660969, 456
3369, 47, 56, 371, 184, 0, 9.48%, 48, 0, 6, 15731.78, 54742842, 456
3374, 47, 14, 371, 182, 0, 9.48%, 48, 0, 6, 14890.44, 54818501, 456
3379, 47, 79, 371, 182, 0, 9.48%, 48, 0, 6, 15682.81, 54898014, 456
3385, 47, 127, 371, 182, 0, 9.48%, 48, 0, 6, 15907.61, 54980212, 456
3390, 47, 26, 371, 181, 0, 9.48%, 48, 0, 6, 15762.51, 55061188, 456
3395, 47, 56, 371, 181, 0, 9.48%, 48, 0, 6, 16095.53, 55144035, 456
3400, 47, 127, 371, 181, 0, 9.48%, 48, 0, 6, 16099.59, 55227300, 456
3405, 47, 35, 371, 181, 0, 9.48%, 48, 0, 6, 15789.67, 55308727, 456
3410, 47, 56, 371, 181, 0, 9.48%, 48, 0, 6, 15920.74, 55390100, 456
3416, 47, 35, 371, 181, 0, 9.48%, 48, 0, 6, 15946.31, 55472688, 456
3421, 47, 68, 371, 181, 0, 9.48%, 48, 0, 6, 15659.82, 55553113, 456
3426, 48, 56, 371, 181, 0, 9.48%, 48, 0, 6, 15426.11, 55630165, 456
3431, 48, 56, 371, 181, 0, 9.48%, 48, 0, 6, 15973.37, 55711910, 456
3436, 48, 115, 371, 181, 0, 9.48%, 48, 0, 6, 15217.88, 55789356, 456
3441, 48, 56, 371, 180, 0, 9.48%, 48, 0, 6, 15577.03, 55868512, 456
3446, 48, 79, 371, 180, 0, 9.48%, 48, 0, 6, 15514.74, 55950027, 456
3451, 48, 172, 371, 180, 0, 9.48%, 48, 0, 6, 16092.43, 56031022, 456
3456, 48, 26, 371, 180, 0, 9.48%, 48, 0, 6, 15924.63, 56113205, 456
3461, 48, 56, 371, 180, 0, 9.48%, 48, 0, 6, 16580.10, 56197951, 456
3467, 48, 127, 371, 180, 0, 9.48%, 48, 0, 6, 16713.85, 56283454, 456
3472, 48, 30, 371, 180, 0, 9.48%, 48, 0, 6, 16418.80, 56368200, 456
3477, 48, 187, 371, 180, 0, 9.48%, 48, 0, 6, 15836.08, 56450106, 456
3482, 48, 6, 371, 180, 0, 9.48%, 48, 0, 6, 15926.24, 56533669, 456
3487, 48, 187, 371, 180, 0, 9.48%, 48, 0, 6, 15925.13, 56617069, 456
3492, 48, 30, 371, 180, 0, 9.48%, 48, 0, 6, 16130.46, 56699846, 456
3498, 48, 6, 371, 180, 0, 9.48%, 48, 0, 6, 15856.73, 56781350, 456
3503, 48, 56, 371, 180, 0, 9.48%, 48, 0, 6, 15951.44, 56863712, 456
3508, 49, 67, 371, 180, 0, 9.48%, 48, 0, 6, 15847.10, 56945596, 456
3513, 49, 56, 371, 180, 0, 9.48%, 48, 0, 6, 16075.01, 57028416, 456
3518, 49, 45, 371, 180, 0, 9.48%, 48, 0, 6, 15766.04, 57106975, 456
3523, 49, 127, 371, 180, 0, 9.48%, 48, 0, 6, 16021.61, 57189960, 456
3528, 49, 331, 371, 179, 0, 9.48%, 48, 0, 6, 14725.56, 57268596, 456
3534, 49, 30, 371, 178, 0, 9.48%, 48, 0, 6, 15158.47, 57343996, 456
3539, 49, 127, 371, 178, 0, 9.48%, 48, 0, 6, 15519.21, 57424647, 456
3544, 49, 213, 371, 178, 0, 9.48%, 48, 0, 6, 15591.52, 57505548, 456
3549, 49, 56, 371, 178, 0, 9.48%, 48, 0, 6, 16047.65, 57588703, 456
3554, 49, 30, 371, 178, 0, 9.48%, 48, 0, 6, 15496.49, 57666508, 456
3559, 49, 67, 371, 178, 0, 9.48%, 48, 0, 6, 15609.19, 57747247, 456
3565, 49, 56, 371, 178, 0, 9.48%, 48, 0, 6, 15462.09, 57827082, 456
3570, 49, 56, 371, 178, 0, 9.48%, 48, 0, 6, 16094.84, 57911126, 456
3575, 49, 238, 371, 178, 0, 9.48%, 48, 0, 6, 15919.77, 57993640, 456
3580, 49, 238, 371, 178, 0, 9.48%, 48, 0, 6, 15635.08, 58073453, 456
3585, 49, 56, 371, 178, 0, 9.48%, 48, 0, 6, 15524.47, 58154655, 456
3590, 50, 6, 371, 177, 0, 9.48%, 48, 0, 6, 16265.93, 58239042, 456
3595, 50, 56, 371, 177, 0, 9.48%, 48, 0, 6, 15933.99, 58318457, 456
3601, 50, 26, 371, 177, 0, 9.48%, 48, 0, 6, 15867.22, 58400916, 456
3606, 50, 238, 371, 177, 0, 9.48%, 48, 0, 6, 15611.53, 58483444, 456
3611, 50, 56, 371, 177, 0, 9.48%, 48, 0, 6, 16131.21, 58568331, 456
3616, 50, 64, 371, 177, 0, 9.48%, 48, 0, 6, 15514.24, 58647914, 456
3621, 50, 30, 371, 177, 0, 9.48%, 48, 0, 6, 16364.37, 58733709, 456
3626, 50, 56, 371, 177, 0, 9.48%, 48, 0, 6, 16011.61, 58814095, 456
3632, 50, 238, 371, 177, 0, 9.48%, 48, 0, 6, 16113.51, 58897930, 456
3637, 50, 6, 371, 176, 0, 9.48%, 48, 0, 6, 15900.75, 58979704, 456
3642, 50, 213, 371, 176, 0, 9.48%, 48, 0, 6, 16033.63, 59062613, 456
3647, 50, 131, 371, 176, 0, 9.48%, 48, 0, 6, 15979.38, 59145466, 456
3652, 50, 6, 371, 176, 0, 9.48%, 48, 0, 6, 15803.26, 59227170, 456
3657, 50, 127, 371, 176, 0, 9.48%, 48, 0, 6, 16114.36, 59310564, 456
3662, 50, 56, 371, 176, 0, 9.48%, 48, 0, 6, 16251.89, 59392091, 456
3667, 51, 30, 371, 174, 0, 9.48%, 48, 0, 6, 15761.60, 59470727, 456
3673, 51, 6, 371, 174, 0, 9.48%, 48, 0, 6, 16208.89, 59555192, 456
3678, 51, 56, 371, 174, 0, 9.48%, 48, 0, 6, 16865.00, 59641869, 456
3683, 51, 130, 371, 174, 0, 9.48%, 48, 0, 6, 16637.84, 59727488, 456
3688, 51, 6, 371, 174, 0, 9.48%, 48, 0, 6, 16573.87, 59810746, 456
3693, 51, 67, 371, 174, 0, 9.48%, 48, 0, 6, 16288.34, 59894833, 456
3698, 51, 56, 371, 174, 0, 9.48%, 48, 0, 6, 16666.41, 59980662, 456
3704, 51, 35, 371, 174, 0, 9.48%, 48, 0, 6, 16496.53, 60066525, 456
3709, 51, 56, 371, 174, 0, 9.48%, 48, 0, 6, 16211.96, 60150100, 456
3714, 51, 84, 371, 174, 0, 9.48%, 48, 0, 6, 15973.94, 60233095, 456
3719, 51, 35, 371, 174, 0, 9.48%, 48, 0, 6, 16290.61, 60318900, 456
3724, 51, 56, 371, 174, 0, 9.48%, 48, 0, 6, 16087.17, 60399051, 456
3729, 51, 238, 371, 174, 0, 9.48%, 48, 0, 6, 16196.84, 60483524, 456
3734, 51, 3, 371, 174, 0, 9.48%, 48, 0, 6, 15832.73, 60565410, 456
3739, 51, 84, 371, 174, 0, 9.48%, 48, 0, 6, 15969.27, 60645056, 456
3744, 52, 56, 371, 174, 0, 9.48%, 48, 0, 6, 15680.59, 60723678, 456
3750, 52, 56, 371, 174, 0, 9.48%, 48, 0, 6, 15936.58, 60806783, 456
3755, 52, 56, 371, 174, 0, 9.48%, 48, 0, 6, 15751.07, 60885332, 456
3760, 52, 56, 371, 174, 0, 9.48%, 48, 0, 6, 15832.36, 60964381, 456
3765, 52, 56, 371, 173, 0, 9.48%, 48, 0, 6, 15570.94, 61041968, 456
3770, 52, 6, 371, 173, 0, 9.48%, 48, 0, 6, 15302.10, 61118179, 456
3775, 52, 56, 371, 173, 0, 9.48%, 48, 0, 6, 15200.45, 61197456, 456
3780, 52, 35, 371, 173, 0, 9.48%, 48, 0, 6, 15836.67, 61279866, 456
3785, 52, 56, 371, 173, 0, 9.48%, 48, 0, 6, 15884.33, 61361432, 456
3790, 52, 35, 371, 173, 0, 9.48%, 48, 0, 6, 15719.19, 61442417, 456
3795, 52, 6, 371, 173, 0, 9.48%, 48, 0, 6, 15285.64, 61518054, 456
3801, 52, 56, 371, 173, 0, 9.48%, 48, 0, 6, 15783.75, 61600299, 456
3806, 52, 56, 371, 173, 0, 9.48%, 48, 0, 6, 15870.35, 61682622, 456
3811, 52, 56, 371, 173, 0, 9.48%, 48, 0, 6, 16339.71, 61766103, 456
3816, 52, 56, 371, 173, 0, 9.48%, 48, 0, 6, 15982.15, 61845685, 456
3821, 52, 127, 371, 173, 0, 9.48%, 48, 0, 6, 15338.44, 61921747, 456
3826, 53, 6, 371, 173, 0, 9.48%, 48, 0, 6, 15519.87, 61999592, 456
3831, 53, 56, 371, 173, 0, 9.48%, 48, 0, 6, 15897.62, 62080456, 456
3836, 53, 63, 371, 173, 0, 9.48%, 48, 0, 6, 15763.16, 62162154, 456
3842, 53, 213, 371, 173, 0, 9.48%, 48, 0, 6, 15793.21, 62244763, 456
3847, 53, 56, 371, 173, 0, 9.48%, 48, 0, 6, 15492.31, 62324938, 456
3852, 53, 14, 371, 173, 0, 9.48%, 48, 0, 6, 16040.89, 62407947, 456
3857, 53, 56, 371, 173, 0, 9.48%, 48, 0, 6, 15730.37, 62488323, 456
3862, 53, 26, 371, 173, 0, 9.48%, 48, 0, 6, 15824.78, 62568619, 456
3867, 53, 14, 371, 173, 0, 9.48%, 48, 0, 6, 15478.57, 62644535, 456
3872, 53, 131, 371, 173, 0, 9.48%, 48, 0, 6, 15643.28, 62725501, 456
3877, 53, 26, 371, 173, 0, 9.48%, 48, 0, 6, 15466.95, 62805482, 456
3882, 53, 56, 371, 173, 0, 9.48%, 48, 0, 6, 15537.79, 62884975, 456
3888, 53, 56, 371, 172, 0, 9.48%, 48, 0, 6, 13110.79, 62950819, 456
3893, 53, 238, 371, 172, 0, 9.48%, 48, 0, 6, 15405.87, 63032883, 456
3898, 53, 26, 371, 172, 0, 9.48%, 48, 0, 6, 15364.21, 63113062, 456
3903, 53, 26, 371, 172, 0, 9.48%, 48, 0, 6, 15526.81, 63193854, 456
3908, 54, 127, 371, 172, 0, 9.48%, 48, 0, 6, 15926.44, 63276858, 456
3913, 54, 30, 371, 172, 0, 9.48%, 48, 0, 6, 15908.92, 63356575, 456
3918, 54, 56, 371, 172, 0, 9.48%, 48, 0, 6, 16055.52, 63439768, 456
3924, 54, 167, 371, 172, 0, 9.48%, 48, 0, 6, 15975.72, 63523160, 456
3929, 54, 127, 371, 172, 0, 9.48%, 48, 0, 6, 15897.79, 63604567, 456
3934, 54, 14, 371, 172, 0, 9.48%, 48, 0, 6, 16022.31, 63686894, 456
3939, 54, 14, 371, 172, 0, 9.48%, 48, 0, 6, 15665.06, 63767016, 456
3944, 54, 56, 371, 172, 0, 9.48%, 48, 0, 6, 15904.93, 63848184, 456
3949, 54, 125, 371, 171, 0, 9.48%, 48, 0, 6, 16168.64, 63932022, 456
3955, 54, 56, 371, 171, 0, 9.48%, 48, 0, 6, 16033.69, 64015133, 456
3960, 54, 35, 371, 171, 0, 9.48%, 48, 0, 6, 15808.72, 64097567, 456
3965, 54, 26, 371, 171, 0, 9.48%, 48, 0, 6, 15954.20, 64181533, 456
3970, 54, 63, 371, 171, 0, 9.48%, 48, 0, 6, 16119.36, 64263995, 456
3975, 54, 56, 371, 171, 0, 9.48%, 48, 0, 6, 15249.60, 64340498, 456
3980, 54, 56, 371, 171, 0, 9.48%, 48, 0, 6, 15750.68, 64419845, 456
3985, 55, 64, 371, 171, 0, 9.48%, 48, 0, 6, 15371.57, 64498352, 456
3991, 55, 14, 371, 171, 0, 9.48%, 48, 0, 6, 15883.59, 64582139, 456
3996, 55, 56, 371, 171, 0, 9.48%, 48, 0, 6, 15431.53, 64662116, 456
4001, 55, 83, 371, 170, 0, 9.48%, 48, 0, 6, 15459.89, 64739529, 456
4006, 55, 238, 371, 170, 0, 9.48%, 48, 0, 6, 14924.67, 64816925, 456
4011, 55, 56, 371, 170, 0, 9.48%, 48, 0, 6, 15473.95, 64896865, 456
4016, 55, 84, 371, 170, 0, 9.48%, 48, 0, 6, 15636.79, 64978022, 456
4021, 55, 14, 371, 169, 0, 9.48%, 48, 0, 6, 15989.21, 65058812, 456
4026, 55, 6, 371, 169, 0, 9.48%, 48, 0, 6, 15762.99, 65140590, 456
4032, 55, 238, 371, 169, 0, 9.48%, 48, 0, 6, 15740.60, 65222741, 456
4037, 55, 26, 371, 169, 0, 9.48%, 48, 0, 6, 15803.25, 65304222, 456
4042, 55, 56, 371, 169, 0, 9.48%, 48, 0, 6, 15786.30, 65382510, 456
4047, 55, 6, 371, 169, 0, 9.48%, 48, 0, 6, 15764.71, 65460836, 456
4052, 55, 56, 371, 169, 0, 9.48%, 48, 0, 6, 16147.85, 65543349, 456
4057, 55, 14, 371, 169, 0, 9.48%, 48, 0, 6, 15874.68, 65623348, 456
4062, 55, 35, 371, 169, 0, 9.48%, 48, 0, 6, 15773.56, 65702156, 456
4067, 56, 56, 371, 169, 0, 9.48%, 48, 0, 6, 15775.34, 65781110, 456
4072, 56, 56, 371, 169, 0, 9.48%, 48, 0, 6, 15571.79, 65860880, 456
4077, 56, 84, 371, 169, 0, 9.48%, 48, 0, 6, 16032.88, 65943863, 456
4083, 56, 213, 371, 169, 0, 9.48%, 48, 0, 6, 15224.29, 66023613, 456
4088, 56, 63, 371, 169, 0, 9.48%, 48, 0, 6, 15671.89, 66104594, 456
4093, 56, 127, 371, 169, 0, 9.48%, 48, 0, 6, 15904.58, 66187633, 456
4098, 56, 84, 371, 169, 0, 9.48%, 48, 0, 6, 15966.70, 66270140, 456
4103, 56, 56, 371, 169, 0, 9.48%, 48, 0, 6, 15559.34, 66352128, 456
4108, 56, 6, 371, 169, 0, 9.48%, 48, 0, 6, 15741.31, 66430866, 456
4114, 56, 56, 371, 169, 0, 9.48%, 48, 0, 6, 15100.82, 66509720, 456
4119, 56, 6, 371, 169, 0, 9.48%, 48, 0, 6, 15687.87, 66591528, 456
4124, 56, 56, 371, 169, 0, 9.48%, 48, 0, 6, 15005.67, 66666916, 456
4129, 56, 56, 371, 169, 0, 9.48%, 48, 0, 6, 15784.50, 66749354, 456
4134, 56, 26, 371, 169, 0, 9.48%, 48, 0, 6, 15526.86, 66829883, 456
4139, 56, 45, 371, 169, 0, 9.48%, 48, 0, 6, 15613.11, 66907892, 456
4144, 56, 56, 371, 169, 0, 9.48%, 48, 0, 6, 15377.38, 66988064, 456
4150, 57, 71, 372, 170, 0, 9.48%, 48, 0, 6, 15525.16, 67068492, 456
4155, 57, 56, 372, 169, 0, 9.48%, 48, 0, 6, 15952.82, 67152145, 456
4160, 57, 127, 372, 169, 0, 9.48%, 48, 0, 6, 15504.74, 67231187, 456
4165, 57, 35, 372, 169, 0, 9.48%, 48, 0, 6, 15946.05, 67315716, 456
4170, 57, 14, 372, 169, 0, 9.48%, 48, 0, 6, 15888.57, 67396788, 456
4176, 57, 84, 372, 169, 0, 9.48%, 48, 0, 6, 15216.28, 67475839, 456
4181, 57, 67, 372, 169, 0, 9.48%, 48, 0, 6, 15715.87, 67558820, 456
4186, 57, 186, 372, 169, 0, 9.48%, 48, 0, 6, 15534.87, 67640297, 456
4191, 57, 187, 372, 169, 0, 9.48%, 48, 0, 6, 15860.26, 67720327, 456
4196, 57, 35, 372, 168, 0, 9.48%, 48, 0, 6, 15268.74, 67797567, 456
4201, 57, 238, 372, 168, 0, 9.48%, 48, 0, 6, 15549.81, 67876084, 456
4206, 57, 3, 372, 168, 0, 9.48%, 48, 0, 6, 15932.12, 67958652, 456
4211, 57, 30, 372, 168, 0, 9.48%, 48, 0, 6, 15853.25, 68041475, 456
4217, 57, 35, 372, 168, 0, 9.48%, 48, 0, 6, 15800.61, 68123412, 456
4222, 57, 35, 372, 168, 0, 9.48%, 48, 0, 6, 16054.92, 68204440, 456
4227, 58, 35, 372, 168, 0, 9.48%, 48, 0, 6, 15811.77, 68286005, 456
4232, 58, 30, 372, 168, 0, 9.48%, 48, 0, 6, 15806.19, 68365540, 456
4237, 58, 56, 372, 168, 0, 9.48%, 48, 0, 6, 15424.20, 68445835, 456
4242, 58, 6, 372, 167, 0, 9.48%, 48, 0, 6, 16106.61, 68528523, 456
4247, 58, 6, 372, 167, 0, 9.48%, 48, 0, 6, 15699.57, 68608408, 456
4253, 58, 14, 372, 167, 0, 9.48%, 48, 0, 6, 15826.02, 68690591, 456
4258, 58, 56, 372, 167, 0, 9.48%, 48, 0, 6, 15919.65, 68769503, 456
4263, 58, 56, 372, 167, 0, 9.48%, 48, 0, 6, 16036.85, 68853041, 456
4268, 58, 127, 372, 167, 0, 9.48%, 48, 0, 6, 15911.73, 68932176, 456
4273, 58, 26, 372, 167, 0, 9.48%, 48, 0, 6, 15687.60, 69010603, 456
4278, 58, 35, 372, 167, 0, 9.48%, 48, 0, 6, 15526.23, 69092225, 456
4283, 58, 26, 372, 167, 0, 9.48%, 48, 0, 6, 15766.12, 69172835, 456
4288, 58, 56, 372, 166, 0, 9.48%, 48, 0, 6, 15511.38, 69251820, 456
4293, 58, 127, 372, 166, 0, 9.48%, 48, 0, 6, 15637.85, 69333670, 456
4299, 58, 56, 372, 166, 0, 9.48%, 48, 0, 6, 16128.76, 69416831, 456
4304, 58, 26, 372, 166, 0, 9.48%, 48, 0, 6, 15497.20, 69494729, 456
4309, 59, 238, 372, 166, 0, 9.48%, 48, 0, 6, 15800.20, 69576170, 456
4314, 59, 56, 372, 166, 0, 9.48%, 48, 0, 6, 15757.06, 69656685, 456
4319, 59, 213, 372, 166, 0, 9.48%, 48, 0, 6, 15399.44, 69736789, 456
4324, 59, 6, 372, 166, 0, 9.48%, 48, 0, 6, 15224.92, 69815355, 456
4329, 59, 153, 372, 166, 0, 9.48%, 48, 0, 6, 15680.03, 69893604, 456
4334, 59, 56, 372, 166, 0, 9.48%, 48, 0, 6, 15758.59, 69975412, 456
4339, 59, 56, 372, 165, 0, 9.48%, 48, 0, 6, 15462.98, 70052799, 456
4344, 59, 166, 372, 165, 0, 9.48%, 48, 0, 6, 15311.89, 70131191, 456
4350, 59, 14, 372, 165, 0, 9.48%, 48, 0, 6, 15442.67, 70211375, 456
4355, 59, 84, 372, 165, 0, 9.48%, 48, 0, 6, 15482.85, 70292092, 456
4360, 59, 130, 372, 165, 0, 9.48%, 48, 0, 6, 15781.40, 70371710, 456
4365, 59, 6, 372, 164, 0, 9.48%, 48, 0, 6, 15926.18, 70448799, 456
4370, 59, 68, 372, 164, 0, 9.48%, 48, 0, 6, 15895.95, 70532266, 456
4375, 59, 56, 372, 164, 0, 9.48%, 48, 0, 6, 15930.88, 70614344, 456
4380, 59, 67, 372, 163, 0, 9.48%, 48, 0, 6, 15168.57, 70690791, 456
4386, 59, 56, 372, 163, 0, 9.48%, 48, 0, 6, 15652.97, 70771970, 456
4391, 60, 6, 372, 163, 0, 9.48%, 48, 0, 6, 15199.08, 70850339, 456
4396, 60, 26, 372, 163, 0, 9.48%, 48, 0, 6, 15402.23, 70929886, 456
4401, 60, 35, 372, 163, 0, 9.48%, 48, 0, 6, 15354.05, 71007065, 456
4406, 60, 187, 372, 163, 0, 9.48%, 48, 0, 6, 15259.40, 71087385, 456
4411, 60, 67, 372, 163, 0, 9.48%, 48, 0, 6, 15742.90, 71169204, 456
4416, 60, 83, 372, 163, 0, 9.48%, 48, 0, 6, 16022.52, 71252918, 456
4421, 60, 56, 372, 163, 0, 9.48%, 48, 0, 6, 15909.69, 71332433, 456
4426, 60, 127, 372, 163, 0, 9.48%, 48, 0, 6, 15296.01, 71409035, 456
4431, 60, 56, 372, 162, 0, 9.48%, 48, 0, 6, 15856.65, 71487709, 456
4437, 60, 127, 372, 162, 0, 9.48%, 48, 0, 6, 15653.90, 71569369, 456
4442, 60, 6, 372, 161, 0, 9.48%, 48, 0, 6, 15951.73, 71651817, 456
4447, 60, 56, 372, 161, 0, 9.48%, 48, 0, 6, 15396.70, 71730738, 456
4452, 60, 56, 372, 161, 0, 9.48%, 48, 0, 6, 15916.59, 71810474, 456
4457, 60, 127, 372, 161, 0, 9.48%, 48, 0, 6, 15437.76, 71887489, 456
4462, 60, 238, 372, 161, 0, 9.48%, 48, 0, 6, 15860.91, 71969664, 456
4467, 61, 56, 372, 161, 0, 9.48%, 48, 0, 6, 16080.45, 72052710, 456
4473, 61, 56, 372, 161, 0, 9.48%, 48, 0, 6, 16021.84, 72134877, 456
4478, 61, 56, 372, 161, 0, 9.48%, 48, 0, 6, 16153.54, 72218284, 456
4483, 61, 6, 372, 161, 0, 9.48%, 48, 0, 6, 16071.74, 72299789, 456
4488, 61, 30, 372, 161, 0, 9.48%, 48, 0, 6, 16221.88, 72384240, 456
4493, 61, 238, 372, 161, 0, 9.48%, 48, 0, 6, 15932.90, 72464377, 456
4498, 61, 6, 372, 161, 0, 9.48%, 48, 0, 6, 15901.48, 72543002, 456
4503, 61, 84, 372, 161, 0, 9.48%, 48, 0, 6, 16492.60, 72628331, 456
4508, 61, 6, 372, 161, 0, 9.48%, 48, 0, 6, 15884.43, 72706406, 456
4513, 61, 186, 372, 161, 0, 9.48%, 48, 0, 6, 15557.50, 72786968, 456
4518, 61, 172, 372, 161, 0, 9.48%, 48, 0, 6, 15683.63, 72865274, 456
4524, 61, 6, 372, 161, 0, 9.48%, 48, 0, 6, 15573.17, 72944176, 456
4529, 61, 238, 372, 161, 0, 9.48%, 48, 0, 6, 15763.27, 73025992, 456
4534, 61, 30, 372, 160, 0, 9.48%, 48, 0, 6, 8705.86, 73083692, 456
4539, 61, 56, 372, 160, 0, 9.48%, 48, 0, 6, 14642.57, 73165745, 456
4544, 61, 131, 372, 160, 0, 9.48%, 48, 0, 6, 15662.13, 73248462, 456
4549, 62, 56, 372, 160, 0, 9.48%, 48, 0, 6, 15519.13, 73327863, 456
4554, 62, 56, 372, 160, 0, 9.48%, 48, 0, 6, 16076.96, 73411961, 456
4560, 62, 26, 372, 160, 0, 9.48%, 48, 0, 6, 15721.05, 73493158, 456
4565, 62, 30, 372, 160, 0, 9.48%, 48, 0, 6, 15314.78, 73572824, 456
4570, 62, 45, 372, 160, 0, 9.48%, 48, 0, 6, 16072.45, 73655150, 456
4575, 62, 56, 372, 160, 0, 9.48%, 48, 0, 6, 16277.86, 73736753, 456
4580, 62, 26, 372, 160, 0, 9.48%, 48, 0, 6, 16334.96, 73819979, 456
4585, 62, 56, 372, 160, 0, 9.48%, 48, 0, 6, 16030.94, 73902543, 456
4591, 62, 6, 372, 160, 0, 9.48%, 48, 0, 6, 16154.45, 73986441, 456
4596, 62, 56, 372, 160, 0, 9.48%, 48, 0, 6, 16084.84, 74067535, 456
4601, 62, 6, 372, 160, 0, 9.48%, 48, 0, 6, 16358.22, 74152701, 456
4606, 62, 35, 372, 160, 0, 9.48%, 48, 0, 6, 15995.58, 74236968, 456
4611, 62, 56, 372, 160, 0, 9.48%, 48, 0, 6, 15868.95, 74317678, 456
4616, 62, 56, 372, 160, 0, 9.48%, 48, 0, 6, 16134.97, 74400387, 456
4621, 62, 6, 372, 160, 0, 9.48%, 48, 0, 6, 16212.38, 74485421, 456
4626, 63, 235, 372, 160, 0, 9.48%, 48, 0, 6, 15359.14, 74562692, 456
4632, 63, 56, 372, 160, 0, 9.48%, 48, 0, 6, 15374.67, 74642282, 456
4637, 63, 6, 372, 160, 0, 9.48%, 48, 0, 6, 16156.70, 74726605, 456
4642, 63, 56, 372, 160, 0, 9.48%, 48, 0, 6, 15697.06, 74804888, 456
4647, 63, 56, 372, 160, 0, 9.48%, 48, 0, 6, 16131.71, 74888475, 456
4652, 63, 56, 372, 160, 0, 9.48%, 48, 0, 6, 16532.58, 74970559, 456
4657, 63, 14, 372, 160, 0, 9.48%, 48, 0, 6, 16393.40, 75051053, 456
4662, 63, 26, 372, 160, 0, 9.48%, 48, 0, 6, 16565.06, 75136504, 456
4667, 63, 67, 372, 160, 0, 9.48%, 48, 0, 6, 16880.52, 75220128, 456
4672, 63, 3, 372, 160, 0, 9.48%, 48, 0, 6, 16640.86, 75305584, 456
4677, 63, 187, 372, 160, 0, 9.48%, 48, 0, 6, 15783.50, 75386890, 456
4683, 63, 67, 372, 160, 0, 9.48%, 48, 0, 6, 15950.17, 75468980, 456
4688, 63, 238, 372, 160, 0, 9.48%, 48, 0, 6, 15331.62, 75547882, 456
4693, 63, 26, 372, 160, 0, 9.48%, 48, 0, 6, 15685.49, 75629785, 456
4698, 63, 30, 372, 160, 0, 9.48%, 48, 0, 6, 15695.01, 75710323, 456
4703, 64, 14, 372, 160, 0, 9.48%, 48, 0, 6, 15580.43, 75788244, 456
4708, 64, 56, 372, 160, 0, 9.48%, 48, 0, 6, 15338.80, 75866144, 456
4714, 64, 127, 372, 160, 0, 9.48%, 48, 0, 6, 15346.19, 75946860, 456
4719, 64, 26, 372, 160, 0, 9.48%, 48, 0, 6, 16188.43, 76031411, 456
4724, 64, 35, 372, 160, 0, 9.48%, 48, 0, 6, 15605.02, 76112315, 456
4729, 64, 67, 372, 159, 0, 9.48%, 48, 0, 6, 15263.46, 76188425, 456
4734, 64, 6, 372, 159, 0, 9.48%, 48, 0, 6, 15493.75, 76269656, 456
4739, 64, 67, 372, 159, 0, 9.48%, 48, 0, 6, 15719.17, 76348643, 456
4744, 64, 56, 372, 159, 0, 9.48%, 48, 0, 6, 15990.88, 76430996, 456
4750, 64, 26, 372, 159, 0, 9.48%, 48, 0, 6, 15705.18, 76511915, 456
4755, 64, 56, 372, 159, 0, 9.48%, 48, 0, 6, 15572.40, 76590330, 456
4760, 64, 35, 372, 158, 0, 9.48%, 48, 0, 6, 15410.41, 76670685, 456
4765, 64, 56, 372, 158, 0, 9.48%, 48, 0, 6, 15516.76, 76752188, 456
4770, 64, 56, 372, 158, 0, 9.48%, 48, 0, 6, 15499.50, 76832810, 456
4775, 64, 67, 372, 158, 0, 9.48%, 48, 0, 6, 16140.44, 76913825, 456
4780, 65, 67, 372, 158, 0, 9.48%, 48, 0, 6, 16104.92, 76997226, 456
4786, 65, 6, 372, 158, 0, 9.48%, 48, 0, 6, 15676.79, 77078722, 456
4791, 65, 82, 372, 158, 0, 9.48%, 48, 0, 6, 15705.35, 77159025, 456
4796, 65, 238, 372, 158, 0, 9.48%, 48, 0, 6, 14820.30, 77235057, 456
4801, 65, 125, 372, 158, 0, 9.48%, 48, 0, 6, 15388.45, 77312929, 456
4806, 65, 67, 372, 158, 0, 9.48%, 48, 0, 6, 15120.73, 77389344, 456
4811, 65, 45, 372, 158, 0, 9.48%, 48, 0, 6, 15287.11, 77468937, 456
4816, 65, 35, 372, 158, 0, 9.48%, 48, 0, 6, 15269.26, 77549102, 456
4821, 65, 56, 372, 158, 0, 9.48%, 48, 0, 6, 15717.35, 77629277, 456
4827, 65, 30, 372, 158, 0, 9.48%, 48, 0, 6, 15621.62, 77709751, 456
4832, 65, 56, 372, 158, 0, 9.48%, 48, 0, 6, 15619.07, 77788576, 456
4837, 65, 6, 372, 157, 0, 9.48%, 48, 0, 6, 15238.64, 77867759, 456
4842, 65, 82, 372, 157, 0, 9.48%, 48, 0, 6, 15587.54, 77948523, 456
4847, 65, 56, 372, 157, 0, 9.48%, 48, 0, 6, 15682.37, 78030889, 456
4852, 65, 6, 372, 157, 0, 9.48%, 48, 0, 6, 15910.05, 78112739, 456
4858, 66, 56, 372, 157, 0, 9.48%, 48, 0, 6, 15516.02, 78193744, 456
4863, 66, 42, 372, 157, 0, 9.48%, 48, 0, 6, 14171.10, 78267320, 456
4868, 66, 30, 372, 157, 0, 9.48%, 48, 0, 6, 15003.17, 78342777, 456
4873, 66, 127, 372, 157, 0, 9.48%, 48, 0, 6, 15739.66, 78424400, 456
4878, 66, 56, 372, 157, 0, 9.48%, 48, 0, 6, 15177.83, 78502332, 456
4883, 66, 3, 372, 157, 0, 9.48%, 48, 0, 6, 15151.39, 78580977, 456
4888, 66, 6, 372, 157, 0, 9.48%, 48, 0, 6, 15693.33, 78661759, 456
4893, 66, 56, 372, 157, 0, 9.48%, 48, 0, 6, 15749.37, 78740149, 456
4898, 66, 56, 372, 157, 0, 9.48%, 48, 0, 6, 15679.68, 78817262, 456
4903, 66, 56, 372, 157, 0, 9.48%, 48, 0, 6, 15756.32, 78896249, 456
4908, 66, 14, 372, 157, 0, 9.48%, 48, 0, 6, 15624.31, 78976770, 456
4913, 66, 238, 372, 157, 0, 9.48%, 48, 0, 6, 15383.77, 79053321, 456
4919, 66, 6, 372, 157, 0, 9.48%, 48, 0, 6, 15317.98, 79132603, 456
4924, 66, 35, 372, 157, 0, 9.48%, 48, 0, 6, 15283.63, 79213312, 456
4929, 66, 14, 372, 157, 0, 9.48%, 48, 0, 6, 15494.10, 79292996, 456
4934, 66, 6, 372, 157, 0, 9.48%, 48, 0, 6, 15833.92, 79375018, 456
4939, 67, 56, 372, 157, 0, 9.48%, 48, 0, 6, 16051.25, 79457336, 456
4944, 67, 56, 372, 157, 0, 9.48%, 48, 0, 6, 15504.24, 79536273, 456
4949, 67, 56, 372, 157, 0, 9.48%, 48, 0, 6, 15861.83, 79618259, 456
4955, 67, 6, 372, 157, 0, 9.48%, 48, 0, 6, 15790.89, 79699881, 456
4960, 67, 6, 372, 157, 0, 9.48%, 48, 0, 6, 15502.63, 79779847, 456
4965, 67, 56, 372, 157, 0, 9.48%, 48, 0, 6, 15460.53, 79859367, 456
4970, 67, 56, 372, 157, 0, 9.48%, 48, 0, 6, 15556.36, 79939841, 456
4975, 67, 30, 372, 157, 0, 9.48%, 48, 0, 6, 15657.67, 80018714, 456
4980, 67, 35, 372, 157, 0, 9.48%, 48, 0, 6, 15650.00, 80099685, 456
4986, 67, 56, 372, 157, 0, 9.48%, 48, 0, 6, 15461.68, 80179599, 456
4991, 67, 3, 372, 157, 0, 9.48%, 48, 0, 6, 15494.29, 80258689, 456
4996, 67, 56, 372, 157, 0, 9.48%, 48, 0, 6, 15123.72, 80336693, 456
5001, 67, 56, 372, 157, 0, 9.48%, 48, 0, 6, 15671.13, 80418158, 456
5006, 67, 56, 372, 157, 0, 9.48%, 48, 0, 6, 15417.81, 80494747, 456
5011, 67, 67, 372, 157, 0, 9.48%, 48, 0, 6, 15390.05, 80574794, 456
5016, 68, 56, 372, 157, 0, 9.48%, 48, 0, 6, 15339.17, 80653595, 456
5022, 68, 6, 372, 157, 0, 9.48%, 48, 0, 6, 15665.83, 80735619, 456
5027, 68, 56, 372, 157, 0, 9.48%, 48, 0, 6, 15387.22, 80815696, 456
5032, 68, 6, 372, 157, 0, 9.48%, 48, 0, 6, 15591.67, 80896332, 456
5037, 68, 56, 372, 157, 0, 9.48%, 48, 0, 6, 15653.64, 80978147, 456
5042, 68, 6, 372, 157, 0, 9.48%, 48, 0, 6, 15402.01, 81056445, 456
5047, 68, 157, 372, 157, 0, 9.48%, 48, 0, 6, 14707.78, 81132924, 456
5053, 68, 238, 372, 157, 0, 9.48%, 48, 0, 6, 15680.29, 81216146, 456
5058, 68, 56, 372, 157, 0, 9.48%, 48, 0, 6, 15120.91, 81290896, 456
5063, 68, 6, 372, 157, 0, 9.48%, 48, 0, 6, 15261.31, 81368227, 456
5068, 68, 35, 372, 157, 0, 9.48%, 48, 0, 6, 15383.23, 81444837, 456
5073, 68, 56, 372, 157, 0, 9.48%, 48, 0, 6, 15617.81, 81526200, 456
5078, 68, 6, 372, 157, 0, 9.48%, 48, 0, 6, 15223.79, 81604271, 456
5083, 68, 127, 372, 157, 0, 9.48%, 48, 0, 6, 15530.75, 81683976, 456
5088, 68, 56, 372, 157, 0, 9.48%, 48, 0, 6, 15631.82, 81764309, 456
5093, 68, 235, 372, 157, 0, 9.48%, 48, 0, 6, 15198.10, 81841134, 456
5099, 69, 238, 372, 157, 0, 9.48%, 48, 0, 6, 15489.43, 81920929, 456
5104, 69, 67, 372, 157, 0, 9.48%, 48, 0, 6, 15247.99, 81998923, 456
5109, 69, 56, 372, 157, 0, 9.48%, 48, 0, 6, 15365.09, 82077315, 456
5114, 69, 1, 372, 157, 0, 9.48%, 48, 0, 6, 15560.03, 82159588, 456
5119, 69, 127, 372, 157, 0, 9.48%, 48, 0, 6, 15535.24, 82238034, 456
5124, 69, 56, 372, 157, 0, 9.48%, 48, 0, 6, 15671.90, 82319536, 456
5129, 69, 337, 372, 157, 0, 9.48%, 48, 0, 6, 12831.05, 82387742, 456
5134, 69, 14, 372, 156, 0, 9.48%, 48, 0, 6, 14529.93, 82459668, 456
5139, 69, 56, 372, 156, 0, 9.48%, 48, 0, 6, 15418.51, 82539862, 456
5145, 69, 30, 372, 156, 0, 9.48%, 48, 0, 6, 15674.15, 82622391, 456
5150, 69, 56, 372, 156, 0, 9.48%, 48, 0, 6, 15505.37, 82702667, 456
5155, 69, 56, 372, 156, 0, 9.48%, 48, 0, 6, 15260.49, 82781795, 456
5160, 69, 238, 372, 156, 0, 9.48%, 48, 0, 6, 15260.30, 82858050, 456
5165, 69, 130, 372, 156, 0, 9.48%, 48, 0, 6, 15287.29, 82935070, 456
5170, 69, 35, 372, 156, 0, 9.48%, 48, 0, 6, 15478.54, 83015479, 456
5175, 70, 127, 372, 156, 0, 9.48%, 48, 0, 6, 15531.07, 83095814, 456
5181, 70, 56, 372, 156, 0, 9.48%, 48, 0, 6, 14991.98, 83173613, 456
5186, 70, 238, 372, 156, 0, 9.48%, 48, 0, 6, 15249.00, 83252109, 456
5191, 70, 30, 372, 156, 0, 9.48%, 48, 0, 6, 15789.74, 83333796, 456
5196, 70, 127, 372, 156, 0, 9.48%, 48, 0, 6, 15781.75, 83413851, 456
5201, 70, 56, 372, 156, 0, 9.48%, 48, 0, 6, 16069.24, 83496712, 456
5206, 70, 6, 372, 156, 0, 9.48%, 48, 0, 6, 15599.10, 83577038, 456
5212, 70, 127, 372, 156, 0, 9.48%, 48, 0, 6, 15783.92, 83658065, 456
5217, 70, 3, 372, 156, 0, 9.48%, 48, 0, 6, 14810.16, 83734641, 456
5222, 70, 51, 372, 156, 0, 9.48%, 48, 0, 6, 15364.59, 83811987, 456
5227, 70, 131, 372, 156, 0, 9.48%, 48, 0, 6, 15693.74, 83892860, 456
5232, 70, 26, 372, 156, 0, 9.48%, 48, 0, 6, 15321.66, 83973770, 456
5237, 70, 6, 372, 156, 0, 9.48%, 48, 0, 6, 15593.17, 84054077, 456
5242, 70, 56, 372, 156, 0, 9.48%, 48, 0, 6, 16062.70, 84137125, 456
5247, 70, 56, 372, 156, 0, 9.48%, 48, 0, 6, 15679.55, 84214846, 456
5253, 71, 56, 372, 156, 0, 9.48%, 48, 0, 6, 16152.63, 84298776, 456
5258, 71, 56, 372, 156, 0, 9.48%, 48, 0, 6, 15363.02, 84376440, 456
5263, 71, 127, 372, 156, 0, 9.48%, 48, 0, 6, 15132.37, 84451714, 456
5268, 71, 30, 372, 156, 0, 9.48%, 48, 0, 6, 15605.08, 84529768, 456
5273, 71, 56, 372, 156, 0, 9.48%, 48, 0, 6, 15555.07, 84609018, 456
5278, 71, 56, 372, 156, 0, 9.48%, 48, 0, 6, 15683.50, 84686588, 456
5283, 71, 127, 372, 156, 0, 9.48%, 48, 0, 6, 15186.17, 84764771, 456
5288, 71, 56, 372, 156, 0, 9.48%, 48, 0, 6, 15613.84, 84843122, 456
5293, 71, 56, 372, 156, 0, 9.48%, 48, 0, 6, 15760.46, 84925069, 456
5298, 71, 30, 372, 156, 0, 9.48%, 48, 0, 6, 15591.53, 85004919, 456
5304, 71, 6, 372, 156, 0, 9.48%, 48, 0, 6, 15775.38, 85085486, 456
5309, 71, 56, 372, 156, 0, 9.48%, 48, 0, 6, 15857.69, 85164232, 456
5314, 71, 6, 372, 156, 0, 9.48%, 48, 0, 6, 15570.69, 85244975, 456
5319, 71, 56, 372, 155, 0, 9.48%, 48, 0, 6, 15842.79, 85326504, 456
5324, 71, 6, 372, 155, 0, 9.48%, 48, 0, 6, 15604.17, 85406907, 456
5329, 71, 3, 372, 155, 0, 9.48%, 48, 0, 6, 15676.98, 85487905, 456
5335, 72, 26, 372, 155, 0, 9.48%, 48, 0, 6, 15150.95, 85566419, 456
5340, 72, 172, 372, 155, 0, 9.48%, 48, 0, 6, 15749.70, 85649480, 456
5345, 72, 56, 372, 155, 0, 9.48%, 48, 0, 6, 15775.48, 85730349, 456
5350, 72, 67, 372, 155, 0, 9.48%, 48, 0, 6, 15421.53, 85809377, 456
5355, 72, 3, 372, 155, 0, 9.48%, 48, 0, 6, 15789.76, 85891748, 456
5360, 72, 56, 372, 154, 0, 9.48%, 48, 0, 6, 15725.28, 85973610, 456
5365, 72, 56, 372, 154, 0, 9.48%, 48, 0, 6, 15453.89, 86050796, 456
5371, 72, 56, 372, 154, 0, 9.48%, 48, 0, 6, 16142.44, 86134044, 456
5376, 72, 14, 372, 154, 0, 9.48%, 48, 0, 6, 16113.65, 86217873, 456
5381, 72, 164, 372, 154, 0, 9.48%, 48, 0, 6, 15669.06, 86298206, 456
5386, 72, 127, 372, 154, 0, 9.48%, 48, 0, 6, 15907.22, 86381677, 456
5391, 72, 84, 372, 154, 0, 9.48%, 48, 0, 6, 15730.49, 86462590, 456
5397, 72, 67, 372, 154, 0, 9.48%, 48, 0, 6, 15833.38, 86545352, 456
5402, 72, 56, 372, 154, 0, 9.48%, 48, 0, 6, 15885.36, 86627463, 456
5407, 72, 63, 372, 154, 0, 9.48%, 48, 0, 6, 15023.26, 86702625, 456
5412, 73, 172, 372, 154, 0, 9.48%, 48, 0, 6, 15600.58, 86783665, 456
5417, 73, 56, 372, 154, 0, 9.48%, 48, 0, 6, 15683.41, 86864492, 456
5422, 73, 6, 372, 154, 0, 9.48%, 48, 0, 6, 15305.23, 86942673, 456
5427, 73, 56, 372, 154, 0, 9.48%, 48, 0, 6, 15419.36, 87021569, 456
5433, 73, 6, 372, 154, 0, 9.48%, 48, 0, 6, 15854.36, 87104031, 456
5438, 73, 166, 372, 154, 0, 9.48%, 48, 0, 6, 15478.76, 87181056, 456
5443, 73, 56, 372, 153, 0, 9.48%, 48, 0, 6, 15479.59, 87261618, 456
5448, 73, 35, 372, 153, 0, 9.48%, 48, 0, 6, 15604.96, 87339782, 456
5453, 73, 56, 372, 153, 0, 9.48%, 48, 0, 6, 15964.44, 87421949, 456
5458, 73, 56, 372, 153, 0, 9.48%, 48, 0, 6, 15465.16, 87499839, 456
5463, 73, 238, 372, 153, 0, 9.48%, 48, 0, 6, 15568.84, 87579843, 456
5468, 73, 127, 372, 153, 0, 9.48%, 48, 0, 6, 15272.24, 87657367, 456
5473, 73, 56, 372, 153, 0, 9.48%, 48, 0, 6, 15259.83, 87736835, 456
5478, 73, 56, 372, 153, 0, 9.48%, 48, 0, 6, 15467.01, 87813572, 456
5484, 73, 6, 372, 153, 0, 9.48%, 48, 0, 6, 15193.43, 87892566, 456
5489, 73, 67, 372, 153, 0, 9.48%, 48, 0, 6, 15518.79, 87973342, 456
5494, 74, 127, 372, 153, 0, 9.48%, 48, 0, 6, 15368.93, 88053660, 456
5499, 74, 127, 372, 153, 0, 9.48%, 48, 0, 6, 15579.60, 88133147, 456
5504, 74, 56, 372, 153, 0, 9.48%, 48, 0, 6, 15208.99, 88212588, 456
5509, 74, 14, 372, 153, 0, 9.48%, 48, 0, 6, 15979.50, 88293243, 456
5515, 74, 26, 372, 153, 0, 9.48%, 48, 0, 6, 15591.93, 88375066, 456
5520, 74, 56, 372, 153, 0, 9.48%, 48, 0, 6, 15089.30, 88450158, 456
5525, 74, 56, 372, 153, 0, 9.48%, 48, 0, 6, 15511.40, 88529624, 456
5530, 74, 26, 372, 153, 0, 9.48%, 48, 0, 6, 15189.89, 88605187, 456
5535, 74, 30, 372, 153, 0, 9.48%, 48, 0, 6, 15080.71, 88681490, 456
5540, 74, 26, 372, 153, 0, 9.48%, 48, 0, 6, 15397.67, 88761320, 456
5545, 74, 6, 372, 153, 0, 9.48%, 48, 0, 6, 15213.73, 88840659, 456
5550, 74, 26, 372, 153, 0, 9.48%, 48, 0, 6, 15698.96, 88921808, 456
5555, 74, 26, 372, 153, 0, 9.48%, 48, 0, 6, 15507.39, 89000448, 456
5560, 74, 14, 372, 153, 0, 9.48%, 48, 0, 6, 15833.09, 89079879, 456
5565, 74, 26, 372, 153, 0, 9.48%, 48, 0, 6, 15673.95, 89162512, 456
5571, 75, 84, 372, 152, 0, 9.48%, 48, 0, 6, 15075.22, 89238561, 456
5576, 75, 127, 372, 152, 0, 9.48%, 48, 0, 6, 15398.52, 89316316, 456
5581, 75, 238, 372, 152, 0, 9.48%, 48, 0, 6, 15237.34, 89395630, 456
5586, 75, 56, 372, 152, 0, 9.48%, 48, 0, 6, 15128.77, 89472439, 456
5591, 75, 6, 372, 152, 0, 9.48%, 48, 0, 6, 15334.68, 89551957, 456
5596, 75, 238, 372, 152, 0, 9.48%, 48, 0, 6, 15344.93, 89628972, 456
5601, 75, 26, 372, 152, 0, 9.48%, 48, 0, 6, 15479.38, 89706092, 456
5606, 75, 56, 372, 152, 0, 9.48%, 48, 0, 6, 15529.03, 89786705, 456
5612, 75, 67, 372, 151, 0, 9.48%, 48, 0, 6, 15207.05, 89864194, 456
5617, 75, 67, 372, 151, 0, 9.48%, 48, 0, 6, 15767.08, 89946385, 456
5622, 75, 56, 372, 151, 0, 9.48%, 48, 0, 6, 16141.14, 90030866, 456
5627, 75, 26, 372, 151, 0, 9.48%, 48, 0, 6, 15323.71, 90108891, 456
5632, 75, 56, 372, 151, 0, 9.48%, 48, 0, 6, 15636.75, 90189660, 456
5637, 75, 3, 372, 151, 0, 9.48%, 48, 0, 6, 15604.83, 90268038, 456
5642, 75, 79, 372, 151, 0, 9.48%, 48, 0, 6, 15867.14, 90350477, 456
5648, 75, 172, 372, 151, 0, 9.48%, 48, 0, 6, 15462.96, 90430192, 456
5653, 76, 238, 372, 151, 0, 9.48%, 48, 0, 6, 16080.98, 90514302, 456
5658, 76, 128, 372, 151, 0, 9.48%, 48, 0, 6, 15585.13, 90593022, 456
5663, 76, 26, 372, 151, 0, 9.48%, 48, 0, 6, 15652.96, 90674346, 456
5668, 76, 30, 372, 151, 0, 9.48%, 48, 0, 6, 15671.80, 90755273, 456
5673, 76, 6, 372, 151, 0, 9.48%, 48, 0, 6, 15463.81, 90832356, 456
5679, 76, 35, 372, 151, 0, 9.48%, 48, 0, 6, 15308.30, 90911349, 456
5684, 76, 56, 372, 151, 0, 9.48%, 48, 0, 6, 15865.37, 90993432, 456
5689, 76, 56, 372, 151, 0, 9.48%, 48, 0, 6, 15573.42, 91073598, 456
5694, 76, 45, 372, 151, 0, 9.48%, 48, 0, 6, 15708.77, 91153802, 456
5699, 76, 56, 372, 151, 0, 9.48%, 48, 0, 6, 15383.37, 91233490, 456
5704, 76, 56, 372, 151, 0, 9.48%, 48, 0, 6, 15320.26, 91312171, 456
5709, 76, 238, 372, 151, 0, 9.48%, 48, 0, 6, 15617.95, 91391728, 456
5714, 76, 56, 372, 151, 0, 9.48%, 48, 0, 6, 15400.06, 91471122, 456
5720, 76, 30, 372, 151, 0, 9.48%, 48, 0, 6, 16071.05, 91553542, 456
5725, 76, 6, 372, 151, 0, 9.48%, 48, 0, 6, 15937.75, 91635090, 456
5730, 77, 56, 372, 151, 0, 9.48%, 48, 0, 6, 15827.85, 91714454, 456
5735, 77, 56, 372, 151, 0, 9.48%, 48, 0, 6, 15773.87, 91795642, 456
5740, 77, 56, 372, 151, 0, 9.48%, 48, 0, 6, 15365.45, 91874245, 456
5745, 77, 6, 372, 151, 0, 9.48%, 48, 0, 6, 14918.32, 91951769, 456
5750, 77, 56, 372, 151, 0, 9.48%, 48, 0, 6, 15735.70, 92031190, 456
5755, 77, 67, 372, 150, 0, 9.48%, 48, 0, 6, 15668.82, 92112084, 456
5760, 77, 56, 372, 150, 0, 9.48%, 48, 0, 6, 15675.76, 92190465, 456
5766, 77, 3, 372, 150, 0, 9.48%, 48, 0, 6, 16004.28, 92270920, 456
5771, 77, 56, 372, 150, 0, 9.48%, 48, 0, 6, 16018.41, 92352967, 456
5776, 77, 26, 372, 150, 0, 9.48%, 48, 0, 6, 15780.30, 92434408, 456
5781, 77, 56, 372, 150, 0, 9.48%, 48, 0, 6, 16079.69, 92517480, 456
5786, 77, 6, 372, 150, 0, 9.48%, 48, 0, 6, 15465.91, 92594722, 456
5791, 77, 26, 372, 150, 0, 9.48%, 48, 0, 6, 15267.07, 92674681, 456
5796, 77, 127, 372, 150, 0, 9.48%, 48, 0, 6, 15526.73, 92756009, 456
5802, 77, 84, 372, 150, 0, 9.48%, 48, 0, 6, 15475.55, 92836570, 456
5807, 77, 26, 372, 150, 0, 9.48%, 48, 0, 6, 15274.74, 92916780, 456
5812, 78, 6, 372, 150, 0, 9.48%, 48, 0, 6, 15896.69, 92998842, 456
5817, 78, 238, 372, 150, 0, 9.48%, 48, 0, 6, 14715.90, 93075333, 456
5822, 78, 35, 372, 150, 0, 9.48%, 48, 0, 6, 15216.72, 93154780, 456
5828, 78, 56, 372, 150, 0, 9.48%, 48, 0, 6, 14762.33, 93230275, 456
5833, 78, 56, 372, 150, 0, 9.48%, 48, 0, 6, 15387.85, 93310058, 456
5838, 78, 127, 372, 150, 0, 9.48%, 48, 0, 6, 15204.86, 93387879, 456
5843, 78, 56, 372, 150, 0, 9.48%, 48, 0, 6, 15404.01, 93468239, 456
5848, 78, 3, 372, 150, 0, 9.48%, 48, 0, 6, 15674.71, 93549362, 456
5853, 78, 56, 372, 150, 0, 9.48%, 48, 0, 6, 15359.87, 93628168, 456
5859, 78, 35, 372, 150, 0, 9.48%, 48, 0, 6, 15183.72, 93706508, 456
5864, 78, 56, 372, 150, 0, 9.48%, 48, 0, 6, 15611.92, 93787903, 456
5869, 78, 127, 372, 150, 0, 9.48%, 48, 0, 6, 15577.25, 93868543, 456
5874, 78, 64, 372, 150, 0, 9.48%, 48, 0, 6, 15494.84, 93949004, 456
5879, 78, 6, 372, 150, 0, 9.48%, 48, 0, 6, 15634.97, 94029448, 456
5884, 78, 35, 372, 150, 0, 9.48%, 48, 0, 6, 14805.06, 94102771, 456
5889, 78, 238, 372, 150, 0, 9.48%, 48, 0, 6, 15532.74, 94182062, 456
5895, 79, 30, 372, 149, 0, 9.48%, 48, 0, 6, 15171.37, 94259401, 456
5900, 79, 127, 372, 148, 0, 9.48%, 48, 0, 6, 15588.24, 94339388, 456
5905, 79, 51, 372, 148, 0, 9.48%, 48, 0, 6, 15417.86, 94419599, 456
5910, 79, 35, 372, 148, 0, 9.48%, 48, 0, 6, 15150.09, 94498506, 456
5915, 79, 35, 372, 148, 0, 9.48%, 48, 0, 6, 15095.80, 94577470, 456
5920, 79, 26, 372, 148, 0, 9.48%, 48, 0, 6, 15456.27, 94657478, 456
5925, 79, 238, 372, 148, 0, 9.48%, 48, 0, 6, 15647.29, 94736713, 456
5931, 79, 6, 372, 148, 0, 9.48%, 48, 0, 6, 15348.50, 94815531, 456
5936, 79, 238, 372, 148, 0, 9.48%, 48, 0, 6, 15190.51, 94894659, 456
5941, 79, 6, 372, 148, 0, 9.48%, 48, 0, 6, 15410.76, 94974312, 456
5946, 79, 56, 372, 148, 0, 9.48%, 48, 0, 6, 15356.51, 95053702, 456
5951, 79, 56, 372, 148, 0, 9.48%, 48, 0, 6, 15304.49, 95131900, 456
5956, 79, 26, 372, 148, 0, 9.48%, 48, 0, 6, 15071.55, 95210480, 456
5962, 79, 30, 372, 148, 0, 9.48%, 48, 0, 6, 15559.06, 95290691, 456
5967, 79, 6, 372, 148, 0, 9.48%, 49, 0, 6, 15333.94, 95369343, 456
5972, 80, 45, 372, 148, 0, 9.48%, 49, 0, 6, 15556.59, 95447619, 456
5977, 80, 56, 372, 148, 0, 9.48%, 49, 0, 6, 15736.95, 95529362, 456
5982, 80, 145, 372, 148, 0, 9.48%, 49, 0, 6, 15223.31, 95608909, 456
5987, 80, 238, 372, 147, 0, 9.48%, 49, 0, 6, 15535.67, 95689876, 456
5993, 80, 56, 372, 147, 0, 9.48%, 49, 0, 6, 15311.26, 95768539, 456
5998, 80, 84, 372, 147, 0, 9.48%, 49, 0, 6, 15390.51, 95848484, 456
6003, 80, 64, 372, 147, 0, 9.48%, 49, 0, 6, 15554.38, 95929793, 456
6008, 80, 238, 372, 147, 0, 9.48%, 49, 0, 6, 15077.15, 96008025, 456
6013, 80, 56, 372, 147, 0, 9.48%, 49, 0, 6, 15118.75, 96086078, 456
6018, 80, 6, 372, 147, 0, 9.48%, 49, 0, 6, 15371.22, 96164811, 456
6024, 80, 67, 372, 147, 0, 9.48%, 49, 0, 6, 15446.66, 96245521, 456
6029, 80, 56, 372, 147, 0, 9.48%, 49, 0, 6, 15714.40, 96327148, 456
6034, 80, 26, 372, 147, 0, 9.48%, 49, 0, 6, 15119.34, 96406098, 456
6039, 80, 6, 372, 147, 0, 9.48%, 49, 0, 6, 15690.21, 96487387, 456
6044, 80, 238, 372, 147, 0, 9.48%, 49, 0, 6, 15460.10, 96568918, 456
6050, 80, 51, 372, 147, 0, 9.48%, 49, 0, 6, 15620.82, 96649463, 456
6055, 81, 6, 372, 147, 0, 9.48%, 49, 0, 6, 15892.84, 96731061, 456
6060, 81, 6, 372, 147, 0, 9.48%, 49, 0, 6, 15870.26, 96812601, 456
6065, 81, 6, 372, 147, 0, 9.48%, 49, 0, 6, 15836.70, 96893583, 456
6070, 81, 30, 372, 147, 0, 9.48%, 49, 0, 6, 15850.30, 96974982, 456
6075, 81, 6, 372, 147, 0, 9.48%, 49, 0, 6, 15673.76, 97055849, 456
6081, 81, 56, 372, 147, 0, 9.48%, 49, 0, 6, 15730.77, 97135767, 456
6086, 81, 238, 372, 147, 0, 9.48%, 49, 0, 6, 15424.91, 97216531, 456
6091, 81, 6, 372, 147, 0, 9.48%, 49, 0, 6, 15581.31, 97295285, 456
6096, 81, 56, 372, 146, 0, 9.48%, 49, 0, 6, 15828.12, 97376539, 456
6101, 81, 30, 372, 146, 0, 9.48%, 49, 0, 6, 15693.43, 97457016, 456
6106, 81, 127, 372, 146, 0, 9.48%, 49, 0, 6, 15622.15, 97537946, 456
6111, 81, 35, 372, 146, 0, 9.48%, 49, 0, 6, 15799.83, 97616603, 456
6117, 81, 56, 372, 146, 0, 9.48%, 49, 0, 6, 15293.39, 97695584, 456
6122, 81, 164, 372, 146, 0, 9.48%, 49, 0, 6, 15656.88, 97777085, 456
6127, 82, 6, 372, 146, 0, 9.48%, 49, 0, 6, 15647.17, 97857326, 456
6132, 82, 127, 372, 146, 0, 9.48%, 49, 0, 6, 15577.49, 97936060, 456
6137, 82, 82, 372, 146, 0, 9.48%, 49, 0, 6, 15645.13, 98016888, 456
6142, 82, 238, 372, 146, 0, 9.48%, 49, 0, 6, 15603.39, 98096549, 456
6147, 82, 56, 372, 146, 0, 9.48%, 49, 0, 6, 15506.49, 98176124, 456
6152, 82, 56, 372, 146, 0, 9.48%, 49, 0, 6, 15720.88, 98256611, 456
6157, 82, 56, 372, 146, 0, 9.48%, 49, 0, 6, 15526.98, 98333139, 456
6163, 82, 6, 372, 146, 0, 9.48%, 49, 0, 6, 15868.55, 98415218, 456
6168, 82, 56, 372, 146, 0, 9.48%, 49, 0, 6, 15380.18, 98494502, 456
6173, 82, 238, 372, 145, 0, 9.48%, 49, 0, 6, 11183.45, 98545272, 456
6178, 82, 213, 372, 145, 0, 9.48%, 49, 0, 6, 14572.27, 98624140, 456
6183, 82, 14, 372, 145, 0, 9.48%, 49, 0, 6, 15083.77, 98704617, 456
6188, 82, 56, 372, 145, 0, 9.48%, 49, 0, 6, 15435.82, 98782448, 456
6193, 82, 6, 372, 145, 0, 9.48%, 49, 0, 6, 15605.22, 98860813, 456
6199, 82, 35, 372, 145, 0, 9.48%, 49, 0, 6, 15414.09, 98939058, 456
6204, 82, 56, 372, 145, 0, 9.48%, 49, 0, 6, 15917.44, 99021824, 456
6209, 83, 56, 372, 145, 0, 9.48%, 49, 0, 6, 16033.67, 99104319, 456
6214, 83, 56, 372, 145, 0, 9.48%, 49, 0, 6, 15850.03, 99187109, 456
6219, 83, 235, 372, 145, 0, 9.48%, 49, 0, 6, 15455.38, 99267459, 456
6224, 83, 67, 372, 145, 0, 9.48%, 49, 0, 6, 15266.02, 99344411, 456
6229, 83, 56, 372, 145, 0, 9.48%, 49, 0, 6, 15633.87, 99425607, 456
6235, 83, 127, 372, 145, 0, 9.48%, 49, 0, 6, 15567.81, 99506087, 456
6240, 83, 56, 372, 145, 0, 9.48%, 49, 0, 6, 15598.01, 99586952, 456
6245, 83, 35, 372, 145, 0, 9.48%, 49, 0, 6, 15677.65, 99665591, 456
6250, 83, 238, 372, 145, 0, 9.48%, 49, 0, 6, 15494.60, 99744889, 456
6255, 83, 30, 372, 145, 0, 9.48%, 49, 0, 6, 15721.60, 99826519, 456
6260, 83, 164, 372, 144, 0, 9.48%, 49, 0, 6, 15766.18, 99907782, 456
6265, 83, 127, 372, 144, 0, 9.48%, 49, 0, 6, 15838.56, 99990031, 456
6271, 83, 26, 372, 144, 0, 9.48%, 49, 0, 6, 15716.53, 100070891, 456
6276, 83, 6, 372, 144, 0, 9.48%, 49, 0, 6, 15544.12, 100150456, 456
6281, 83, 6, 372, 144, 0, 9.48%, 49, 0, 6, 15481.23, 100228195, 456
6286, 84, 321, 372, 144, 0, 9.48%, 49, 0, 6, 14830.60, 100303516, 456
6291, 84, 30, 372, 142, 0, 9.48%, 49, 0, 6, 15092.99, 100379029, 456
6296, 84, 56, 372, 142, 0, 9.48%, 49, 0, 6, 15678.64, 100458839, 456
6301, 84, 56, 372, 142, 0, 9.48%, 49, 0, 6, 15780.68, 100540314, 456
6306, 84, 56, 372, 142, 0, 9.48%, 49, 0, 6, 15779.28, 100621722, 456
6312, 84, 56, 372, 142, 0, 9.48%, 49, 0, 6, 15806.62, 100703819, 456
6317, 84, 213, 372, 142, 0, 9.48%, 49, 0, 6, 15041.50, 100778949, 456
6322, 84, 238, 372, 142, 0, 9.48%, 49, 0, 6, 14738.04, 100855251, 456
6327, 84, 14, 372, 142, 0, 9.48%, 49, 0, 6, 15149.73, 100934663, 456
6332, 84, 30, 372, 141, 0, 9.48%, 49, 0, 6, 15156.06, 101012996, 456
6337, 84, 56, 372, 140, 0, 9.48%, 49, 0, 6, 15646.47, 101091382, 456
6342, 84, 26, 372, 140, 0, 9.48%, 49, 0, 6, 16115.10, 101175000, 456
6347, 84, 35, 372, 140, 0, 9.48%, 49, 0, 6, 15530.50, 101255485, 456
6353, 84, 56, 372, 140, 0, 9.48%, 49, 0, 6, 15535.33, 101334990, 456
6358, 84, 238, 372, 140, 0, 9.48%, 49, 0, 6, 15576.68, 101415750, 456
6363, 84, 127, 372, 140, 0, 9.48%, 49, 0, 6, 15431.91, 101492016, 456
6368, 85, 26, 372, 140, 0, 9.48%, 49, 0, 6, 15223.91, 101570893, 456
6373, 85, 14, 372, 140, 0, 9.48%, 49, 0, 6, 15897.28, 101655047, 456
6378, 85, 35, 372, 140, 0, 9.48%, 49, 0, 6, 16152.99, 101738709, 456
6384, 85, 68, 372, 140, 0, 9.48%, 49, 0, 6, 15542.02, 101819628, 456
6389, 85, 56, 372, 140, 0, 9.48%, 49, 0, 6, 15875.63, 101901692, 456
6394, 85, 64, 372, 140, 0, 9.48%, 49, 0, 6, 15531.46, 101981743, 456
6399, 85, 67, 372, 140, 0, 9.48%, 49, 0, 6, 15494.35, 102062137, 456
6404, 85, 6, 372, 140, 0, 9.48%, 49, 0, 6, 15544.91, 102142512, 456
6409, 85, 56, 372, 140, 0, 9.48%, 49, 0, 6, 15734.76, 102224214, 456
6415, 85, 87, 372, 140, 0, 9.48%, 49, 0, 6, 15684.64, 102304863, 456
6420, 85, 127, 372, 140, 0, 9.48%, 49, 0, 6, 15249.96, 102381020, 456
6425, 85, 67, 372, 140, 0, 9.48%, 49, 0, 6, 14778.76, 102456264, 456
6430, 85, 6, 372, 140, 0, 9.48%, 49, 0, 6, 14862.54, 102531309, 456
6435, 85, 56, 372, 140, 0, 9.48%, 49, 0, 6, 14854.68, 102606047, 456
6440, 85, 30, 372, 140, 0, 9.48%, 49, 0, 6, 15220.41, 102684476, 456
6445, 86, 30, 372, 140, 0, 9.48%, 49, 0, 6, 15477.81, 102764997, 456
6450, 86, 56, 372, 140, 0, 9.48%, 49, 0, 6, 15271.32, 102841774, 456
6455, 86, 3, 372, 140, 0, 9.48%, 49, 0, 6, 15281.95, 102920992, 456
6460, 86, 56, 372, 140, 0, 9.48%, 49, 0, 6, 15128.16, 102998440, 456
6465, 86, 56, 372, 140, 0, 9.48%, 49, 0, 6, 14381.40, 103072512, 456
6471, 86, 238, 372, 140, 0, 9.48%, 49, 0, 6, 15158.82, 103149644, 456
6476, 86, 238, 372, 139, 0, 9.48%, 49, 0, 6, 15031.12, 103225024, 456
6481, 86, 26, 372, 139, 0, 9.48%, 49, 0, 6, 15265.72, 103301866, 456
6486, 86, 14, 372, 139, 0, 9.48%, 49, 0, 6, 15520.12, 103378913, 456
6491, 86, 56, 372, 139, 0, 9.48%, 49, 0, 6, 15608.28, 103458912, 456
6496, 86, 6, 372, 139, 0, 9.48%, 49, 0, 6, 15364.54, 103538184, 456
6501, 86, 213, 372, 139, 0, 9.48%, 49, 0, 6, 15180.58, 103616436, 456
6507, 86, 20, 372, 139, 0, 9.48%, 49, 0, 6, 15553.87, 103695949, 456
6512, 86, 26, 372, 139, 0, 9.48%, 49, 0, 6, 15526.69, 103773444, 456
6517, 86, 3, 372, 139, 0, 9.48%, 49, 0, 6, 16055.54, 103855758, 456
6522, 86, 6, 372, 139, 0, 9.48%, 49, 0, 6, 15781.89, 103936841, 456
6527, 87, 127, 372, 139, 0, 9.48%, 49, 0, 6, 15093.26, 104013640, 456
6532, 87, 26, 372, 139, 0, 9.48%, 49, 0, 6, 14948.55, 104090531, 456
6537, 87, 30, 372, 139, 0, 9.48%, 49, 0, 6, 14954.15, 104165432, 456
6542, 87, 6, 372, 139, 0, 9.48%, 49, 0, 6, 15542.47, 104245318, 456
6547, 87, 56, 372, 139, 0, 9.48%, 49, 0, 6, 15839.93, 104324644, 456
6552, 87, 56, 372, 139, 0, 9.48%, 49, 0, 6, 15345.18, 104403639, 456
6557, 87, 67, 372, 139, 0, 9.48%, 49, 0, 6, 15174.25, 104479551, 456
6562, 87, 127, 372, 139, 0, 9.48%, 49, 0, 6, 15254.81, 104556337, 456
6568, 87, 127, 372, 139, 0, 9.48%, 49, 0, 6, 15708.29, 104635882, 456
6573, 87, 6, 372, 139, 0, 9.48%, 49, 0, 6, 15757.08, 104717490, 456
6578, 87, 56, 372, 139, 0, 9.48%, 49, 0, 6, 15709.49, 104797875, 456
6583, 87, 56, 372, 139, 0, 9.48%, 49, 0, 6, 15558.57, 104876858, 456
6588, 87, 26, 372, 139, 0, 9.48%, 49, 0, 6, 15684.36, 104954251, 456
6593, 87, 56, 372, 139, 0, 9.48%, 49, 0, 6, 15271.58, 105034166, 456
6598, 87, 56, 372, 139, 0, 9.48%, 49, 0, 6, 15175.11, 105112883, 456
6603, 88, 56, 372, 139, 0, 9.48%, 49, 0, 6, 15343.44, 105189908, 456
6608, 88, 35, 372, 139, 0, 9.48%, 49, 0, 6, 14961.53, 105266543, 456
6614, 88, 127, 372, 139, 0, 9.48%, 49, 0, 6, 15823.55, 105348700, 456
6619, 88, 56, 372, 139, 0, 9.48%, 49, 0, 6, 15112.05, 105426644, 456
6624, 88, 56, 372, 139, 0, 9.48%, 49, 0, 6, 15033.79, 105504584, 456
6629, 88, 188, 372, 139, 0, 9.48%, 49, 0, 6, 15498.57, 105586175, 456
6634, 88, 56, 372, 139, 0, 9.48%, 49, 0, 6, 15026.63, 105664088, 456
6639, 88, 14, 372, 139, 0, 9.48%, 49, 0, 6, 15740.17, 105745455, 456
6645, 88, 6, 372, 139, 0, 9.48%, 49, 0, 6, 15764.79, 105826292, 456
6650, 88, 56, 372, 139, 0, 9.48%, 49, 0, 6, 15650.70, 105905339, 456
6655, 88, 82, 372, 139, 0, 9.48%, 49, 0, 6, 15277.75, 105984717, 456
6660, 88, 166, 372, 139, 0, 9.48%, 49, 0, 6, 15474.26, 106063555, 456
6665, 88, 56, 372, 139, 0, 9.48%, 49, 0, 6, 15314.46, 106141984, 456
6670, 88, 51, 372, 139, 0, 9.48%, 49, 0, 6, 15596.37, 106221962, 456
6675, 88, 45, 372, 139, 0, 9.48%, 49, 0, 6, 15415.99, 106301534, 456
6681, 88, 238, 372, 139, 0, 9.48%, 49, 0, 6, 14929.40, 106377269, 456
6686, 89, 35, 372, 139, 0, 9.48%, 49, 0, 6, 14956.83, 106451608, 456
6691, 89, 14, 372, 139, 0, 9.48%, 49, 0, 6, 15019.46, 106529094, 456
6696, 89, 6, 372, 139, 0, 9.48%, 49, 0, 6, 15133.78, 106608824, 456
6701, 89, 56, 372, 139, 0, 9.48%, 49, 0, 6, 15451.33, 106688533, 456
6706, 89, 67, 372, 139, 0, 9.48%, 49, 0, 6, 15037.18, 106766607, 456
6712, 89, 6, 372, 139, 0, 9.48%, 49, 0, 6, 15704.56, 106848492, 456
6717, 89, 35, 372, 139, 0, 9.48%, 49, 0, 6, 15264.78, 106926499, 456
6722, 89, 6, 372, 139, 0, 9.48%, 49, 0, 6, 15480.05, 107006487, 456
6727, 89, 129, 372, 139, 0, 9.48%, 49, 0, 6, 15233.62, 107085327, 456
6732, 89, 187, 372, 138, 0, 9.48%, 49, 0, 6, 15530.72, 107165461, 456
6737, 89, 3, 372, 137, 0, 9.48%, 49, 0, 6, 15281.65, 107244298, 456
6743, 89, 56, 372, 137, 0, 9.48%, 49, 0, 6, 15238.08, 107324729, 456
6748, 89, 157, 372, 137, 0, 9.48%, 49, 0, 6, 15465.92, 107405112, 456
6753, 89, 213, 372, 137, 0, 9.48%, 49, 0, 6, 15087.47, 107482820, 456
6758, 89, 26, 372, 137, 0, 9.48%, 49, 0, 6, 15073.61, 107558639, 456
6763, 90, 56, 372, 137, 0, 9.48%, 49, 0, 6, 15750.00, 107639225, 456
6768, 90, 56, 372, 137, 0, 9.48%, 49, 0, 6, 15764.76, 107721580, 456
6773, 90, 130, 372, 137, 0, 9.48%, 49, 0, 6, 15207.08, 107800471, 456
6779, 90, 186, 372, 137, 0, 9.48%, 49, 0, 6, 15067.90, 107878651, 456
6784, 90, 6, 372, 137, 0, 9.48%, 49, 0, 6, 14894.85, 107956229, 456
6789, 90, 56, 372, 137, 0, 9.48%, 49, 0, 6, 15215.81, 108034514, 456
6794, 90, 30, 372, 137, 0, 9.48%, 49, 0, 6, 15594.65, 108115138, 456
6799, 90, 6, 372, 137, 0, 9.48%, 49, 0, 6, 15445.76, 108194972, 456
6804, 90, 56, 372, 136, 0, 9.48%, 49, 0, 6, 14449.31, 108269382, 456
6810, 90, 56, 372, 136, 0, 9.48%, 49, 0, 6, 15278.96, 108348584, 456
6815, 90, 6, 372, 136, 0, 9.48%, 49, 0, 6, 15066.26, 108427076, 456
6820, 90, 26, 372, 136, 0, 9.48%, 49, 0, 6, 15259.30, 108503952, 456
6825, 90, 30, 372, 136, 0, 9.48%, 49, 0, 6, 15834.40, 108586198, 456
6830, 90, 56, 372, 136, 0, 9.48%, 49, 0, 6, 15286.54, 108663667, 456
6835, 90, 3, 372, 136, 0, 9.48%, 49, 0, 6, 15020.42, 108739353, 456
6840, 91, 56, 372, 136, 0, 9.48%, 49, 0, 6, 14846.16, 108814873, 456
6845, 91, 56, 372, 136, 0, 9.48%, 49, 0, 6, 15007.84, 108892904, 456
6850, 91, 45, 372, 136, 0, 9.48%, 49, 0, 6, 15223.96, 108968242, 456
6855, 91, 67, 372, 136, 0, 9.48%, 49, 0, 6, 15480.71, 109045018, 456
6861, 91, 67, 372, 136, 0, 9.48%, 49, 0, 6, 15653.12, 109125400, 456
6866, 91, 6, 372, 136, 0, 9.48%, 49, 0, 6, 15950.22, 109206029, 456
6871, 91, 3, 372, 136, 0, 9.48%, 49, 0, 6, 16057.87, 109289267, 456
6876, 91, 56, 372, 136, 0, 9.48%, 49, 0, 6, 15370.29, 109365888, 456
6881, 91, 30, 372, 136, 0, 9.48%, 49, 0, 6, 15289.60, 109441976, 456
6886, 91, 35, 372, 136, 0, 9.48%, 49, 0, 6, 15107.91, 109517629, 456
6891, 91, 172, 372, 136, 0, 9.48%, 49, 0, 6, 15529.44, 109596547, 456
6896, 91, 64, 372, 136, 0, 9.48%, 49, 0, 6, 15477.91, 109674014, 456
6901, 91, 56, 372, 136, 0, 9.48%, 49, 0, 6, 15581.09, 109753235, 456
6906, 91, 129, 372, 136, 0, 9.48%, 49, 0, 6, 15589.00, 109833674, 456
6911, 91, 6, 372, 136, 0, 9.48%, 49, 0, 6, 15595.05, 109912189, 456
6917, 91, 127, 372, 136, 0, 9.48%, 49, 0, 6, 15152.71, 109991192, 456
6922, 92, 6, 372, 136, 0, 9.48%, 49, 0, 6, 15747.77, 110073707, 456
6927, 92, 67, 372, 136, 0, 9.48%, 49, 0, 6, 15379.61, 110153470, 456
6932, 92, 56, 372, 136, 0, 9.48%, 49, 0, 6, 15531.71, 110234136, 456
6937, 92, 238, 372, 136, 0, 9.48%, 49, 0, 6, 15505.78, 110314491, 456
6942, 92, 30, 372, 136, 0, 9.48%, 49, 0, 6, 15799.78, 110395735, 456
6948, 92, 187, 372, 136, 0, 9.48%, 49, 0, 6, 15188.96, 110473877, 456
6953, 92, 67, 372, 136, 0, 9.48%, 49, 0, 6, 15636.04, 110555077, 456
6958, 92, 127, 372, 136, 0, 9.48%, 49, 0, 6, 15272.17, 110632720, 456
6963, 92, 26, 372, 136, 0, 9.48%, 49, 0, 6, 15077.37, 110711055, 456
6968, 92, 35, 372, 136, 0, 9.48%, 49, 0, 6, 15674.17, 110789575, 456
6973, 92, 6, 372, 136, 0, 9.48%, 49, 0, 6, 15206.59, 110867047, 456
6978, 92, 56, 372, 136, 0, 9.48%, 49, 0, 6, 15660.70, 110948250, 456
6983, 92, 56, 372, 136, 0, 9.48%, 49, 0, 6, 15776.10, 111029944, 456
6989, 92, 6, 372, 136, 0, 9.48%, 49, 0, 6, 15689.32, 111110123, 456
6994, 92, 35, 372, 136, 0, 9.48%, 49, 0, 6, 15571.82, 111190902, 456
6999, 93, 127, 374, 138, 0, 9.48%, 49, 0, 6, 15495.50, 111270693, 456
7004, 93, 56, 374, 138, 0, 9.48%, 49, 0, 6, 14794.61, 111346034, 456
7009, 93, 187, 374, 138, 0, 9.48%, 49, 0, 6, 14992.31, 111423842, 456
7014, 93, 127, 374, 138, 0, 9.48%, 49, 0, 6, 14938.73, 111497740, 456
7019, 93, 26, 374, 138, 0, 9.48%, 49, 0, 6, 15144.37, 111576666, 456
7025, 93, 6, 374, 138, 0, 9.48%, 49, 0, 6, 15225.08, 111656498, 456
7030, 93, 6, 374, 138, 0, 9.48%, 49, 0, 6, 15390.80, 111734567, 456
7035, 93, 127, 374, 138, 0, 9.48%, 49, 0, 6, 14943.08, 111809776, 456
7040, 93, 238, 374, 138, 0, 9.48%, 49, 0, 6, 14798.53, 111884872, 456
7045, 93, 56, 374, 138, 0, 9.48%, 49, 0, 6, 14654.69, 111960754, 456
7050, 93, 26, 374, 138, 0, 9.48%, 49, 0, 6, 14866.37, 112037500, 456
7055, 93, 56, 374, 138, 0, 9.48%, 49, 0, 6, 15284.46, 112116695, 456
7061, 93, 30, 374, 138, 0, 9.48%, 49, 0, 6, 15628.40, 112199590, 456
7066, 93, 30, 374, 138, 0, 9.48%, 49, 0, 6, 15542.34, 112279693, 456
7071, 93, 238, 374, 138, 0, 9.48%, 49, 0, 6, 15467.68, 112357276, 456
7076, 93, 6, 374, 137, 0, 9.48%, 49, 0, 6, 14940.70, 112433763, 456
7081, 94, 131, 374, 137, 0, 9.48%, 49, 0, 6, 14983.08, 112511225, 456
7086, 94, 35, 374, 137, 0, 9.48%, 49, 0, 6, 14187.39, 112583588, 456
7091, 94, 6, 374, 137, 0, 9.48%, 49, 0, 6, 15143.92, 112662231, 456
7096, 94, 56, 374, 137, 0, 9.48%, 49, 0, 6, 15305.21, 112738896, 456
7101, 94, 56, 374, 135, 0, 9.48%, 49, 0, 6, 13922.26, 112804277, 456
7107, 94, 129, 374, 135, 0, 9.48%, 49, 0, 6, 14528.51, 112880650, 456
7112, 94, 6, 374, 135, 0, 9.48%, 49, 0, 6, 15584.86, 112962275, 456
7117, 94, 166, 374, 135, 0, 9.48%, 49, 0, 6, 15537.44, 113039465, 456
7122, 94, 35, 374, 135, 0, 9.48%, 49, 0, 6, 15503.54, 113119085, 456
7127, 94, 56, 374, 135, 0, 9.48%, 49, 0, 6, 15366.59, 113198110, 456
7132, 94, 6, 374, 135, 0, 9.48%, 49, 0, 6, 15515.21, 113277394, 456
7137, 94, 238, 374, 135, 0, 9.48%, 49, 0, 6, 15274.59, 113355680, 456
7143, 94, 14, 374, 135, 0, 9.48%, 49, 0, 6, 15205.21, 113433168, 456
7148, 94, 127, 374, 135, 0, 9.48%, 49, 0, 6, 14833.19, 113507204, 456
7153, 94, 67, 374, 135, 0, 9.48%, 49, 0, 6, 15305.15, 113585757, 456
7158, 94, 30, 374, 135, 0, 9.48%, 49, 0, 6, 14200.61, 113656447, 456
7163, 94, 64, 374, 135, 0, 9.48%, 49, 0, 6, 14983.86, 113734118, 456
7168, 95, 26, 374, 135, 0, 9.48%, 49, 0, 6, 15080.63, 113811755, 456
7173, 95, 56, 374, 135, 0, 9.48%, 49, 0, 6, 15023.43, 113887923, 456
7178, 95, 26, 374, 135, 0, 9.48%, 49, 0, 6, 14894.43, 113963110, 456
7183, 95, 6, 374, 135, 0, 9.48%, 49, 0, 6, 14659.05, 114038910, 456
7188, 95, 56, 374, 135, 0, 9.48%, 49, 0, 6, 14682.74, 114112298, 456
7194, 95, 14, 374, 135, 0, 9.48%, 49, 0, 6, 14611.59, 114187053, 456
7199, 95, 20, 374, 135, 0, 9.48%, 49, 0, 6, 15298.22, 114265327, 456
7200, 95, 30, 374, 135, 0, 9.48%, 49, 0, 6, 16306.72, 114279292, 456
