# relative_time, cycles_done, cur_item, corpus_count, pending_total, pending_favs, map_size, saved_crashes, saved_hangs, max_depth, execs_per_sec, total_execs, edges_found
61, 0, 68, 236, 196, 0, 9.48%, 41, 0, 4, 17744.12, 1054364, 456
66, 1, 95, 237, 197, 0, 9.48%, 41, 0, 4, 18059.47, 1147240, 456
71, 1, 47, 239, 197, 0, 9.48%, 42, 0, 4, 16212.29, 1229077, 456
76, 1, 235, 248, 206, 0, 9.48%, 42, 0, 4, 13436.22, 1295281, 456
81, 1, 235, 248, 206, 0, 9.48%, 42, 0, 4, 12128.88, 1355059, 456
86, 1, 36, 248, 204, 0, 9.48%, 43, 0, 4, 13414.78, 1424867, 456
91, 1, 91, 248, 202, 0, 9.48%, 44, 0, 4, 17065.74, 1516970, 456
96, 1, 230, 248, 199, 0, 9.48%, 44, 0, 4, 17551.11, 1609357, 456
102, 1, 47, 248, 195, 0, 9.48%, 44, 0, 4, 17806.10, 1702299, 456
107, 1, 83, 249, 190, 0, 9.48%, 44, 0, 4, 17054.19, 1788705, 456
112, 1, 84, 249, 188, 0, 9.48%, 44, 0, 4, 16702.23, 1875231, 456
117, 1, 20, 249, 187, 0, 9.48%, 44, 0, 4, 17511.68, 1966221, 456
122, 1, 84, 249, 186, 0, 9.48%, 44, 0, 4, 15908.73, 2042317, 456
127, 2, 20, 289, 226, 0, 9.48%, 44, 0, 4, 17601.55, 2135570, 456
132, 2, 90, 289, 224, 0, 9.48%, 44, 0, 4, 17282.99, 2224661, 456
138, 2, 84, 289, 224, 0, 9.48%, 44, 0, 4, 18130.67, 2319070, 456
143, 2, 95, 289, 223, 0, 9.48%, 44, 0, 4, 17974.41, 2410118, 456
148, 2, 20, 289, 222, 0, 9.48%, 44, 0, 4, 17391.34, 2499224, 456
153, 2, 84, 289, 222, 0, 9.48%, 44, 0, 4, 17154.20, 2587300, 456
158, 2, 90, 289, 220, 0, 9.48%, 44, 0, 4, 16786.47, 2675047, 456
163, 2, 20, 289, 220, 0, 9.48%, 44, 0, 4, 17778.12, 2768410, 456
168, 2, 20, 289, 218, 0, 9.48%, 44, 0, 4, 17875.09, 2858721, 456
174, 3, 95, 293, 221, 0, 9.48%, 44, 0, 4, 18451.11, 2954124, 456
179, 3, 47, 293, 220, 0, 9.48%, 44, 0, 4, 17700.24, 3045535, 456
184, 3, 60, 293, 219, 0, 9.48%, 44, 0, 4, 17393.20, 3132541, 456
189, 3, 20, 293, 218, 0, 9.48%, 44, 0, 4, 17538.63, 3220248, 456
194, 3, 95, 293, 216, 0, 9.48%, 44, 0, 4, 17967.86, 3313454, 456
199, 3, 53, 293, 214, 0, 9.48%, 44, 0, 4, 16118.37, 3393615, 456
204, 3, 84, 293, 211, 0, 9.48%, 44, 0, 4, 16896.78, 3479353, 456
210, 3, 84, 293, 211, 0, 9.48%, 44, 0, 4, 16570.49, 3564719, 456
215, 3, 84, 293, 210, 0, 9.48%, 44, 0, 4, 16804.39, 3649367, 456
220, 4, 9, 300, 214, 0, 9.48%, 44, 0, 4, 16892.85, 3736200, 456
225, 4, 83, 300, 212, 0, 9.48%, 44, 0, 4, 15732.24, 3815137, 456
230, 4, 47, 300, 211, 0, 9.48%, 44, 0, 4, 17216.07, 3906573, 456
235, 4, 73, 300, 211, 0, 9.48%, 44, 0, 4, 17389.07, 3995753, 456
240, 4, 91, 300, 211, 0, 9.48%, 44, 0, 4, 16651.80, 4082541, 456
245, 4, 95, 300, 211, 0, 9.48%, 44, 0, 4, 17016.48, 4167313, 456
251, 4, 53, 300, 210, 0, 9.48%, 44, 0, 4, 16129.84, 4250257, 456
256, 4, 84, 300, 210, 0, 9.48%, 44, 0, 4, 16283.66, 4333580, 456
261, 4, 68, 300, 210, 0, 9.48%, 44, 0, 4, 17018.58, 4423227, 456
266, 5, 53, 300, 208, 0, 9.48%, 44, 0, 4, 16451.24, 4508584, 456
271, 5, 84, 300, 206, 0, 9.48%, 44, 0, 4, 15592.28, 4584426, 456
276, 5, 84, 300, 206, 0, 9.48%, 44, 0, 4, 16581.25, 4668459, 456
281, 5, 84, 300, 206, 0, 9.48%, 44, 0, 4, 16783.47, 4754780, 456
287, 5, 47, 300, 206, 0, 9.48%, 44, 0, 4, 17476.11, 4845404, 456
292, 5, 53, 300, 206, 0, 9.48%, 44, 0, 4, 16951.81, 4931967, 456
297, 5, 95, 300, 205, 0, 9.48%, 44, 0, 4, 16560.76, 5017358, 456
302, 5, 90, 300, 204, 0, 9.48%, 44, 0, 4, 15020.14, 5087200, 456
307, 5, 156, 300, 202, 0, 9.48%, 44, 0, 4, 15627.74, 5167749, 456
312, 5, 65, 300, 200, 0, 9.48%, 44, 0, 4, 16127.33, 5245375, 456
317, 5, 92, 300, 198, 0, 9.48%, 44, 0, 4, 16748.18, 5333247, 456
322, 6, 178, 301, 199, 0, 9.48%, 44, 0, 4, 16216.99, 5414793, 456
327, 6, 95, 301, 197, 0, 9.48%, 44, 0, 4, 16214.28, 5498748, 456
332, 6, 195, 301, 195, 0, 9.48%, 44, 0, 4, 16264.47, 5582940, 456
337, 6, 91, 301, 193, 0, 9.48%, 44, 0, 4, 15995.01, 5662542, 456
343, 6, 47, 301, 192, 0, 9.48%, 44, 0, 4, 17098.43, 5751571, 456
348, 6, 84, 301, 190, 0, 9.48%, 44, 0, 4, 17000.96, 5839518, 456
353, 6, 84, 301, 190, 0, 9.48%, 44, 0, 4, 16437.90, 5923313, 456
358, 6, 90, 301, 187, 0, 9.48%, 44, 0, 4, 17260.02, 6013620, 456
363, 6, 90, 301, 185, 0, 9.48%, 44, 0, 4, 15870.84, 6091439, 456
368, 7, 84, 319, 202, 0, 9.48%, 44, 0, 4, 16362.31, 6173446, 456
373, 7, 84, 319, 202, 0, 9.48%, 44, 0, 4, 17198.72, 6263725, 456
378, 7, 84, 319, 201, 0, 9.48%, 44, 0, 4, 15831.02, 6344964, 456
384, 7, 92, 319, 200, 0, 9.48%, 44, 0, 4, 16789.33, 6432085, 456
389, 7, 20, 319, 197, 0, 9.48%, 44, 0, 4, 13991.59, 6502956, 456
394, 7, 20, 319, 196, 0, 9.48%, 44, 0, 4, 15923.66, 6584787, 456
399, 7, 84, 320, 195, 0, 9.48%, 44, 0, 4, 17381.45, 6676157, 456
404, 7, 56, 320, 194, 0, 9.48%, 44, 0, 4, 17177.82, 6758312, 456
409, 7, 90, 320, 193, 0, 9.48%, 44, 0, 4, 16503.71, 6845407, 456
414, 7, 84, 320, 189, 0, 9.48%, 44, 0, 4, 16043.04, 6927407, 456
419, 8, 9, 323, 192, 0, 9.48%, 44, 0, 4, 16686.91, 7014328, 456
425, 8, 91, 323, 188, 0, 9.48%, 44, 0, 4, 16459.31, 7099210, 456
430, 8, 144, 323, 185, 0, 9.48%, 44, 0, 4, 15750.42, 7171084, 456
435, 8, 53, 323, 185, 0, 9.48%, 44, 0, 4, 16258.80, 7255525, 456
440, 8, 84, 323, 185, 0, 9.48%, 44, 0, 4, 17001.75, 7343799, 456
445, 8, 20, 323, 184, 0, 9.48%, 44, 0, 4, 16912.04, 7430632, 456
450, 8, 185, 323, 184, 0, 9.48%, 44, 0, 4, 16291.71, 7516818, 456
455, 8, 99, 323, 184, 0, 9.48%, 44, 0, 4, 17168.01, 7607140, 456
461, 8, 84, 323, 183, 0, 9.48%, 44, 0, 4, 17330.92, 7696726, 456
466, 8, 20, 323, 182, 0, 9.48%, 44, 0, 4, 16813.36, 7784387, 456
471, 8, 195, 323, 182, 0, 9.48%, 44, 0, 4, 16186.20, 7864872, 456
476, 9, 84, 323, 180, 0, 9.48%, 44, 0, 4, 16305.85, 7947525, 456
481, 9, 295, 323, 180, 0, 9.48%, 44, 0, 4, 15052.31, 8027112, 456
486, 9, 90, 323, 179, 0, 9.48%, 44, 0, 4, 14286.68, 8091617, 456
491, 9, 53, 323, 178, 0, 9.48%, 44, 0, 4, 14371.37, 8167211, 456
497, 9, 16, 323, 178, 0, 9.48%, 45, 0, 4, 14105.96, 8239786, 456
502, 9, 68, 323, 177, 0, 9.48%, 45, 0, 4, 14702.97, 8315669, 456
507, 9, 84, 323, 176, 0, 9.48%, 45, 0, 4, 14684.19, 8391522, 456
512, 9, 84, 323, 176, 0, 9.48%, 45, 0, 4, 14516.91, 8467017, 456
517, 9, 84, 323, 175, 0, 9.48%, 45, 0, 4, 16798.82, 8557058, 456
522, 9, 70, 323, 175, 0, 9.48%, 45, 0, 4, 16679.14, 8643992, 456
528, 10, 84, 331, 182, 0, 9.48%, 45, 0, 4, 17473.13, 8734271, 456
533, 10, 242, 331, 181, 0, 9.48%, 45, 0, 4, 17193.92, 8818925, 456
538, 10, 84, 331, 178, 0, 9.48%, 45, 0, 4, 17759.23, 8909731, 456
543, 10, 56, 331, 178, 0, 9.48%, 45, 0, 4, 17151.15, 8998547, 456
548, 10, 9, 331, 178, 0, 9.48%, 45, 0, 4, 17720.08, 9090658, 456
553, 10, 70, 331, 177, 0, 9.48%, 45, 0, 4, 17667.10, 9181409, 456
558, 10, 84, 331, 175, 0, 9.48%, 45, 0, 4, 16961.94, 9266672, 456
564, 10, 62, 331, 174, 0, 9.48%, 45, 0, 4, 17035.77, 9353367, 456
569, 10, 90, 331, 174, 0, 9.48%, 45, 0, 4, 17269.45, 9442593, 456
574, 10, 126, 331, 173, 0, 9.48%, 45, 0, 4, 17039.23, 9526916, 456
579, 11, 195, 331, 172, 0, 9.48%, 45, 0, 4, 15807.80, 9607014, 456
584, 11, 84, 331, 170, 0, 9.48%, 45, 0, 4, 17289.19, 9696173, 456
589, 11, 53, 331, 167, 0, 9.48%, 45, 0, 4, 16238.15, 9780355, 456
594, 11, 9, 331, 166, 0, 9.48%, 45, 0, 4, 16564.82, 9865558, 456
599, 11, 271, 331, 166, 0, 9.48%, 45, 0, 4, 17177.28, 9955086, 456
605, 11, 56, 331, 165, 0, 9.48%, 45, 0, 4, 16951.80, 10040195, 456
610, 11, 20, 331, 164, 0, 9.48%, 45, 0, 4, 16760.92, 10126260, 456
615, 11, 84, 331, 164, 0, 9.48%, 45, 0, 4, 17568.20, 10218270, 456
620, 11, 185, 331, 164, 0, 9.48%, 45, 0, 4, 17643.42, 10311578, 456
625, 12, 84, 334, 166, 0, 9.48%, 45, 0, 4, 17743.63, 10404177, 456
630, 12, 303, 334, 164, 0, 9.48%, 45, 0, 4, 14487.27, 10481366, 456
636, 12, 53, 334, 163, 0, 9.48%, 45, 0, 4, 16424.18, 10566353, 456
641, 12, 84, 334, 162, 0, 9.48%, 45, 0, 4, 17117.60, 10655644, 456
646, 12, 152, 334, 161, 0, 9.48%, 45, 0, 4, 17162.98, 10743597, 456
651, 12, 53, 334, 160, 0, 9.48%, 45, 0, 4, 17160.02, 10832649, 456
656, 12, 47, 334, 160, 0, 9.48%, 45, 0, 4, 17341.94, 10921421, 456
661, 12, 84, 334, 160, 0, 9.48%, 45, 0, 4, 16646.25, 11006093, 456
667, 12, 84, 334, 160, 0, 9.48%, 45, 0, 4, 17317.64, 11094950, 456
672, 12, 151, 334, 160, 0, 9.48%, 45, 0, 4, 17064.28, 11182424, 456
677, 13, 126, 334, 159, 0, 9.48%, 45, 0, 4, 17076.70, 11271706, 456
682, 13, 321, 334, 159, 0, 9.48%, 45, 0, 4, 3874.43, 11349764, 456
687, 13, 189, 334, 157, 0, 9.48%, 45, 0, 4, 12355.08, 11414994, 456
692, 13, 185, 334, 156, 0, 9.48%, 45, 0, 4, 16066.64, 11502508, 456
697, 13, 84, 334, 156, 0, 9.48%, 45, 0, 4, 17109.18, 11592685, 456
703, 13, 73, 334, 156, 0, 9.48%, 45, 0, 4, 17393.69, 11682516, 456
708, 13, 126, 334, 156, 0, 9.48%, 45, 0, 4, 17937.58, 11774784, 456
713, 13, 84, 334, 155, 0, 9.48%, 45, 0, 4, 14248.27, 11847595, 456
718, 13, 84, 334, 154, 0, 9.48%, 45, 0, 4, 15528.65, 11919544, 456
723, 13, 84, 334, 154, 0, 9.48%, 45, 0, 4, 17143.64, 12010328, 456
728, 13, 84, 334, 154, 0, 9.48%, 45, 0, 4, 17319.31, 12099240, 456
733, 14, 150, 335, 155, 0, 9.48%, 45, 0, 4, 17453.82, 12188926, 456
738, 14, 36, 335, 153, 0, 9.48%, 45, 0, 4, 17279.95, 12277512, 456
744, 14, 194, 335, 152, 0, 9.48%, 45, 0, 4, 17133.27, 12366132, 456
749, 14, 90, 335, 150, 0, 9.48%, 45, 0, 4, 14919.13, 12439415, 456
754, 14, 98, 335, 148, 0, 9.48%, 45, 0, 4, 16504.87, 12525550, 456
759, 14, 20, 335, 146, 0, 9.48%, 45, 0, 4, 17169.37, 12616589, 456
764, 14, 84, 335, 146, 0, 9.48%, 45, 0, 4, 16946.57, 12704973, 456
769, 14, 47, 335, 146, 0, 9.48%, 45, 0, 4, 17256.03, 12794513, 456
775, 14, 92, 335, 145, 0, 9.48%, 45, 0, 4, 16780.61, 12881687, 456
780, 14, 84, 335, 144, 0, 9.48%, 45, 0, 4, 16521.75, 12964106, 456
785, 15, 101, 341, 149, 0, 9.48%, 45, 0, 4, 15683.32, 13040856, 456
790, 15, 90, 341, 148, 0, 9.48%, 45, 0, 4, 16121.18, 13124731, 456
795, 15, 92, 341, 148, 0, 9.48%, 45, 0, 4, 16367.93, 13209358, 456
800, 15, 84, 341, 148, 0, 9.48%, 45, 0, 4, 16748.20, 13295953, 456
805, 15, 84, 341, 148, 0, 9.48%, 45, 0, 4, 16661.03, 13381372, 456
811, 15, 53, 341, 148, 0, 9.48%, 45, 0, 4, 15686.54, 13462799, 456
816, 15, 84, 341, 147, 0, 9.48%, 45, 0, 4, 16452.28, 13549186, 456
821, 15, 124, 341, 147, 0, 9.48%, 45, 0, 4, 16426.41, 13634687, 456
826, 15, 84, 341, 146, 0, 9.48%, 45, 0, 4, 16607.12, 13720861, 456
831, 15, 84, 341, 145, 0, 9.48%, 45, 0, 4, 15343.43, 13792857, 456
836, 15, 244, 341, 144, 0, 9.48%, 45, 0, 4, 15596.86, 13878195, 456
842, 16, 84, 341, 142, 0, 9.48%, 45, 0, 4, 16555.82, 13965625, 456
847, 16, 20, 341, 141, 0, 9.48%, 45, 0, 4, 16702.59, 14051017, 456
852, 16, 185, 342, 142, 0, 9.48%, 45, 0, 4, 16913.61, 14139380, 456
857, 16, 198, 342, 142, 0, 9.48%, 45, 0, 4, 17573.77, 14229507, 456
862, 16, 84, 342, 142, 0, 9.48%, 45, 0, 4, 17028.32, 14315539, 456
867, 16, 339, 343, 142, 0, 9.48%, 45, 0, 4, 12112.98, 14380367, 456
872, 16, 90, 343, 141, 0, 9.48%, 45, 0, 4, 15211.20, 14457368, 456
878, 16, 332, 343, 141, 0, 9.48%, 45, 0, 4, 13708.66, 14533027, 456
883, 16, 20, 343, 140, 0, 9.48%, 45, 0, 4, 15975.12, 14617823, 456
888, 16, 68, 343, 138, 0, 9.48%, 45, 0, 4, 15405.23, 14697172, 456
893, 16, 84, 343, 137, 0, 9.48%, 45, 0, 4, 15911.73, 14777812, 456
898, 17, 84, 346, 140, 0, 9.48%, 45, 0, 4, 17006.90, 14863881, 456
903, 17, 84, 346, 139, 0, 9.48%, 45, 0, 4, 16367.91, 14947810, 456
908, 17, 84, 346, 138, 0, 9.48%, 45, 0, 4, 16805.14, 15031390, 456
913, 17, 47, 346, 138, 0, 9.48%, 45, 0, 4, 16460.26, 15115822, 456
918, 17, 47, 346, 137, 0, 9.48%, 45, 0, 4, 17167.91, 15201962, 456
923, 17, 84, 346, 136, 0, 9.48%, 45, 0, 4, 17299.98, 15289367, 456
928, 17, 84, 346, 136, 0, 9.48%, 45, 0, 4, 17467.32, 15379588, 456
934, 17, 71, 346, 136, 0, 9.48%, 45, 0, 4, 16569.51, 15464357, 456
939, 17, 84, 346, 135, 0, 9.48%, 45, 0, 4, 16434.39, 15548944, 456
944, 17, 92, 346, 135, 0, 9.48%, 45, 0, 4, 16746.13, 15635804, 456
949, 18, 84, 346, 135, 0, 9.48%, 45, 0, 4, 16599.13, 15721144, 456
954, 18, 84, 346, 135, 0, 9.48%, 45, 0, 4, 15979.51, 15803263, 456
959, 18, 194, 346, 134, 0, 9.48%, 45, 0, 4, 15439.30, 15883616, 456
965, 18, 90, 346, 134, 0, 9.48%, 45, 0, 4, 16500.14, 15969204, 456
970, 18, 71, 346, 134, 0, 9.48%, 45, 0, 4, 16913.57, 16056732, 456
975, 18, 95, 346, 133, 0, 9.48%, 45, 0, 4, 15584.32, 16137014, 456
980, 18, 84, 346, 133, 0, 9.48%, 45, 0, 4, 16420.09, 16222058, 456
985, 18, 68, 346, 133, 0, 9.48%, 45, 0, 4, 16944.58, 16310604, 456
990, 18, 84, 346, 131, 0, 9.48%, 45, 0, 4, 15704.02, 16391886, 456
996, 18, 20, 346, 130, 0, 9.48%, 45, 0, 4, 16504.67, 16479426, 456
1001, 18, 91, 346, 129, 0, 9.48%, 45, 0, 4, 16617.99, 16565094, 456
1006, 19, 53, 346, 129, 0, 9.48%, 45, 0, 4, 16199.26, 16648883, 456
1011, 19, 84, 346, 129, 0, 9.48%, 45, 0, 4, 16968.73, 16736944, 456
1016, 19, 90, 346, 128, 0, 9.48%, 45, 0, 4, 13762.98, 16805051, 456
1021, 19, 90, 346, 127, 0, 9.48%, 45, 0, 4, 16108.35, 16890069, 456
1026, 19, 20, 346, 126, 0, 9.48%, 45, 0, 4, 14947.38, 16962102, 456
1032, 19, 20, 346, 126, 0, 9.48%, 45, 0, 4, 16267.68, 17047723, 456
1037, 19, 90, 346, 126, 0, 9.48%, 45, 0, 4, 16567.74, 17133011, 456
1042, 19, 20, 346, 125, 0, 9.48%, 45, 0, 4, 16343.87, 17213220, 456
1047, 19, 84, 346, 125, 0, 9.48%, 45, 0, 4, 16758.34, 17300443, 456
1052, 19, 84, 346, 124, 0, 9.48%, 45, 0, 4, 16705.39, 17386487, 456
1057, 20, 53, 346, 124, 0, 9.48%, 45, 0, 4, 16849.98, 17473923, 456
1063, 20, 84, 346, 123, 0, 9.48%, 45, 0, 4, 16712.00, 17559955, 456
1068, 20, 84, 346, 123, 0, 9.48%, 45, 0, 4, 16945.98, 17646883, 456
1073, 20, 152, 346, 123, 0, 9.48%, 45, 0, 4, 16741.38, 17732906, 456
1078, 20, 62, 346, 123, 0, 9.48%, 45, 0, 4, 16874.92, 17821179, 456
1083, 20, 212, 346, 122, 0, 9.48%, 45, 0, 4, 17034.43, 17908734, 456
1088, 20, 84, 346, 121, 0, 9.48%, 45, 0, 4, 14860.23, 17977294, 456
1093, 20, 47, 346, 119, 0, 9.48%, 45, 0, 4, 15980.78, 18055985, 456
1099, 20, 84, 346, 119, 0, 9.48%, 45, 0, 4, 16787.14, 18144760, 456
1104, 20, 53, 346, 119, 0, 9.48%, 45, 0, 4, 16430.76, 18228308, 456
1109, 20, 230, 346, 119, 0, 9.48%, 45, 0, 4, 17111.19, 18317204, 456
1114, 21, 84, 346, 119, 0, 9.48%, 45, 0, 4, 16705.32, 18402299, 456
1119, 21, 84, 346, 117, 0, 9.48%, 45, 0, 4, 14304.80, 18474174, 456
1124, 21, 92, 346, 117, 0, 9.48%, 45, 0, 4, 16550.77, 18562202, 456
1129, 21, 161, 346, 117, 0, 9.48%, 45, 0, 4, 14244.72, 18636327, 456
1134, 21, 173, 346, 115, 0, 9.48%, 45, 0, 4, 15064.46, 18712786, 456
1140, 21, 194, 346, 115, 0, 9.48%, 45, 0, 4, 15767.94, 18796047, 456
1145, 21, 80, 346, 114, 0, 9.48%, 45, 0, 4, 14308.60, 18868443, 456
1150, 21, 84, 346, 114, 0, 9.48%, 45, 0, 4, 15832.48, 18951665, 456
1155, 21, 84, 346, 113, 0, 9.48%, 45, 0, 4, 15034.83, 19021490, 456
1160, 21, 90, 346, 112, 0, 9.48%, 45, 0, 4, 14811.62, 19102039, 456
1165, 21, 25, 346, 111, 0, 9.48%, 45, 0, 4, 16447.32, 19187901, 456
1170, 21, 344, 346, 111, 0, 9.48%, 45, 0, 4, 16304.52, 19270898, 456
1175, 22, 53, 346, 110, 0, 9.48%, 45, 0, 4, 16910.56, 19359033, 456
1181, 22, 47, 346, 110, 0, 9.48%, 45, 0, 4, 16758.20, 19446289, 456
1186, 22, 84, 346, 108, 0, 9.48%, 45, 0, 4, 16337.85, 19529929, 456
1191, 22, 141, 346, 108, 0, 9.48%, 45, 0, 4, 16726.78, 19616657, 456
1196, 22, 84, 346, 108, 0, 9.48%, 45, 0, 4, 16588.79, 19699859, 456
1201, 22, 68, 346, 108, 0, 9.48%, 45, 0, 4, 16349.90, 19783754, 456
1206, 22, 59, 346, 108, 0, 9.48%, 45, 0, 4, 16276.84, 19867075, 456
1211, 22, 84, 346, 107, 0, 9.48%, 45, 0, 4, 16373.42, 19953152, 456
1217, 22, 62, 346, 107, 0, 9.48%, 45, 0, 4, 16892.71, 20042263, 456
1222, 22, 152, 346, 107, 0, 9.48%, 45, 0, 4, 16562.16, 20127484, 456
1227, 23, 20, 346, 106, 0, 9.48%, 45, 0, 4, 16411.61, 20213529, 456
1232, 23, 128, 346, 105, 0, 9.48%, 45, 0, 4, 16255.95, 20298856, 456
1237, 23, 9, 346, 102, 0, 9.48%, 45, 0, 4, 16943.08, 20384158, 456
1243, 23, 90, 346, 101, 0, 9.48%, 45, 0, 4, 16492.85, 20469756, 456
1248, 23, 329, 346, 101, 0, 9.48%, 45, 0, 4, 14436.00, 20546006, 456
1253, 23, 84, 346, 100, 0, 9.48%, 45, 0, 4, 16469.17, 20629576, 456
1258, 23, 84, 346, 100, 0, 9.48%, 45, 0, 4, 16815.95, 20717406, 456
1263, 23, 84, 346, 99, 0, 9.48%, 45, 0, 4, 16014.42, 20796900, 456
1268, 23, 84, 346, 99, 0, 9.48%, 45, 0, 4, 17419.95, 20887245, 456
1273, 23, 9, 346, 99, 0, 9.48%, 45, 0, 4, 16398.57, 20971964, 456
1278, 23, 62, 346, 99, 0, 9.48%, 45, 0, 4, 16025.71, 21055624, 456
1283, 24, 84, 346, 99, 0, 9.48%, 45, 0, 4, 16490.61, 21139329, 456
1289, 24, 84, 346, 99, 0, 9.48%, 45, 0, 4, 16670.89, 21226116, 456
1294, 24, 84, 346, 97, 0, 9.48%, 45, 0, 4, 17151.27, 21316511, 456
1299, 24, 84, 346, 97, 0, 9.48%, 45, 0, 4, 16859.50, 21403805, 456
1304, 24, 95, 346, 97, 0, 9.48%, 45, 0, 4, 16211.70, 21488330, 456
1309, 24, 90, 346, 97, 0, 9.48%, 45, 0, 4, 15924.27, 21568034, 456
1314, 24, 90, 346, 97, 0, 9.48%, 45, 0, 4, 17087.03, 21657035, 456
1319, 24, 84, 346, 97, 0, 9.48%, 45, 0, 4, 16846.07, 21744100, 456
1324, 24, 47, 346, 97, 0, 9.48%, 45, 0, 4, 16911.44, 21828587, 456
1330, 24, 84, 346, 97, 0, 9.48%, 45, 0, 4, 16403.48, 21913060, 456
1335, 25, 84, 354, 105, 0, 9.48%, 45, 0, 4, 16365.62, 21998894, 456
1340, 25, 84, 354, 103, 0, 9.48%, 45, 0, 4, 16922.13, 22085981, 456
1345, 25, 247, 354, 103, 0, 9.48%, 45, 0, 4, 15486.43, 22167365, 456
1350, 25, 84, 354, 102, 0, 9.48%, 45, 0, 4, 17047.01, 22256840, 456
1355, 25, 47, 354, 101, 0, 9.48%, 45, 0, 4, 17433.17, 22347373, 456
1360, 25, 84, 354, 100, 0, 9.48%, 45, 0, 4, 16775.88, 22429590, 456
1366, 25, 9, 354, 99, 0, 9.48%, 45, 0, 4, 16569.56, 22514346, 456
1371, 25, 56, 354, 97, 0, 9.48%, 45, 0, 4, 15760.63, 22589744, 456
1376, 25, 84, 354, 97, 0, 9.48%, 45, 0, 4, 16747.54, 22673793, 456
1381, 25, 20, 354, 97, 0, 9.48%, 45, 0, 4, 16585.53, 22759929, 456
1386, 25, 9, 354, 97, 0, 9.48%, 45, 0, 4, 17078.59, 22849016, 456
1391, 26, 84, 354, 95, 0, 9.48%, 45, 0, 4, 16147.64, 22931830, 456
1396, 26, 84, 354, 95, 0, 9.48%, 45, 0, 4, 16545.40, 23018182, 456
1401, 26, 84, 354, 95, 0, 9.48%, 45, 0, 4, 17053.36, 23105606, 456
1407, 26, 84, 354, 95, 0, 9.48%, 45, 0, 4, 16675.34, 23189714, 456
1412, 26, 95, 354, 95, 0, 9.48%, 45, 0, 4, 17052.22, 23279329, 456
1417, 26, 84, 354, 95, 0, 9.48%, 45, 0, 4, 16965.37, 23367323, 456
1422, 26, 36, 354, 95, 0, 9.48%, 45, 0, 4, 16466.41, 23452103, 456
1427, 26, 53, 354, 95, 0, 9.48%, 45, 0, 4, 16656.49, 23538100, 456
1432, 26, 84, 354, 94, 0, 9.48%, 45, 0, 4, 16714.76, 23623713, 456
1438, 26, 53, 354, 94, 0, 9.48%, 45, 0, 4, 16190.35, 23707843, 456
1443, 27, 84, 354, 92, 0, 9.48%, 45, 0, 4, 15814.06, 23786810, 456
1448, 27, 60, 354, 92, 0, 9.48%, 45, 0, 4, 16837.69, 23873729, 456
1453, 27, 84, 354, 91, 0, 9.48%, 45, 0, 4, 16356.99, 23958798, 456
1458, 27, 84, 354, 90, 0, 9.48%, 45, 0, 4, 16828.18, 24044948, 456
1463, 27, 150, 354, 90, 0, 9.48%, 45, 0, 4, 16682.08, 24130666, 456
1469, 27, 84, 354, 89, 0, 9.48%, 45, 0, 4, 15388.73, 24207915, 456
1474, 27, 9, 354, 89, 0, 9.48%, 45, 0, 4, 15844.60, 24290142, 456
1479, 27, 84, 354, 88, 0, 9.48%, 45, 0, 4, 16923.11, 24375560, 456
1484, 27, 95, 354, 88, 0, 9.48%, 45, 0, 4, 16558.56, 24459611, 456
1489, 27, 84, 354, 88, 0, 9.48%, 45, 0, 4, 16356.62, 24543664, 456
1494, 27, 47, 354, 88, 0, 9.48%, 45, 0, 4, 16350.08, 24628068, 456
1499, 28, 53, 356, 90, 0, 9.48%, 45, 0, 4, 16111.61, 24712230, 456
1504, 28, 84, 356, 90, 0, 9.48%, 45, 0, 4, 16201.97, 24795009, 456
1510, 28, 230, 356, 90, 0, 9.48%, 45, 0, 4, 16777.43, 24882954, 456
1515, 28, 90, 356, 90, 0, 9.48%, 45, 0, 4, 16770.17, 24969754, 456
1520, 28, 198, 356, 90, 0, 9.48%, 45, 0, 4, 17089.89, 25058299, 456
1525, 28, 62, 356, 88, 0, 9.48%, 45, 0, 4, 17121.91, 25143299, 456
1530, 28, 92, 356, 88, 0, 9.48%, 45, 0, 4, 16838.78, 25229877, 456
1536, 28, 20, 356, 88, 0, 9.48%, 45, 0, 4, 16629.06, 25315562, 456
1541, 28, 90, 356, 88, 0, 9.48%, 45, 0, 4, 16930.87, 25402883, 456
1546, 28, 84, 356, 87, 0, 9.48%, 45, 0, 4, 15917.63, 25485894, 456
1551, 28, 95, 356, 87, 0, 9.48%, 45, 0, 4, 16998.61, 25574156, 456
1556, 29, 84, 358, 89, 0, 9.48%, 45, 0, 4, 17082.21, 25660545, 456
1561, 29, 84, 358, 89, 0, 9.48%, 45, 0, 4, 16847.36, 25747054, 456
1566, 29, 84, 358, 88, 0, 9.48%, 45, 0, 4, 16400.24, 25830690, 456
1572, 29, 84, 358, 88, 0, 9.48%, 45, 0, 4, 16639.76, 25916485, 456
1577, 29, 84, 358, 87, 0, 9.48%, 45, 0, 4, 16609.82, 26002225, 456
1582, 29, 84, 358, 87, 0, 9.48%, 45, 0, 4, 16573.84, 26089065, 456
1587, 29, 84, 358, 87, 0, 9.48%, 45, 0, 4, 16966.06, 26176897, 456
1592, 29, 84, 358, 87, 0, 9.48%, 46, 0, 4, 16611.90, 26262924, 456
1597, 29, 56, 358, 87, 0, 9.48%, 46, 0, 4, 17199.81, 26351944, 456
1603, 29, 47, 358, 86, 0, 9.48%, 46, 0, 4, 16197.42, 26434777, 456
1608, 30, 91, 358, 86, 0, 9.48%, 46, 0, 4, 17244.84, 26525080, 456
1613, 30, 90, 358, 85, 0, 9.48%, 46, 0, 4, 17262.94, 26612511, 456
1618, 30, 90, 358, 84, 0, 9.48%, 46, 0, 4, 15362.43, 26684768, 456
1623, 30, 91, 358, 84, 0, 9.48%, 46, 0, 4, 16679.77, 26772270, 456
1628, 30, 95, 358, 84, 0, 9.48%, 46, 0, 4, 16891.49, 26859394, 456
1633, 30, 62, 358, 84, 0, 9.48%, 46, 0, 4, 16643.16, 26944319, 456
1639, 30, 84, 358, 84, 0, 9.48%, 46, 0, 4, 16918.69, 27031294, 456
1644, 30, 212, 358, 84, 0, 9.48%, 46, 0, 4, 16773.03, 27115985, 456
1649, 30, 263, 358, 84, 0, 9.48%, 46, 0, 4, 16722.02, 27201742, 456
1654, 30, 84, 358, 84, 0, 9.48%, 46, 0, 4, 16870.40, 27289146, 456
1659, 30, 124, 358, 82, 0, 9.48%, 46, 0, 4, 14823.10, 27356228, 456
1664, 30, 84, 358, 82, 0, 9.48%, 46, 0, 4, 16171.14, 27440951, 456
1670, 31, 53, 358, 82, 0, 9.48%, 46, 0, 4, 16369.00, 27526803, 456
1675, 31, 47, 358, 82, 0, 9.48%, 46, 0, 4, 16663.41, 27613097, 456
1680, 31, 84, 358, 82, 0, 9.48%, 46, 0, 4, 15814.30, 27694462, 456
1685, 31, 84, 358, 82, 0, 9.48%, 46, 0, 4, 15008.73, 27772194, 456
1690, 31, 90, 358, 82, 0, 9.48%, 46, 0, 4, 16418.87, 27859085, 456
1695, 31, 90, 358, 82, 0, 9.48%, 46, 0, 4, 16558.61, 27941725, 456
1700, 31, 9, 358, 82, 0, 9.48%, 46, 0, 4, 16821.69, 28028726, 456
1705, 31, 84, 358, 82, 0, 9.48%, 46, 0, 4, 16853.30, 28115243, 456
1711, 31, 90, 358, 82, 0, 9.48%, 46, 0, 4, 17132.55, 28204850, 456
1716, 31, 90, 358, 82, 0, 9.48%, 46, 0, 4, 16959.88, 28291478, 456
1721, 31, 95, 358, 80, 0, 9.48%, 46, 0, 4, 14664.42, 28364647, 456
1726, 32, 152, 358, 80, 0, 9.48%, 46, 0, 4, 16682.37, 28452438, 456
1731, 32, 95, 358, 80, 0, 9.48%, 46, 0, 4, 16806.44, 28538985, 456
1736, 32, 95, 358, 80, 0, 9.48%, 46, 0, 4, 16809.99, 28626357, 456
1741, 32, 47, 358, 80, 0, 9.48%, 46, 0, 4, 16610.87, 28712559, 456
1747, 32, 84, 358, 80, 0, 9.48%, 46, 0, 4, 16250.45, 28797397, 456
1752, 32, 84, 358, 79, 0, 9.48%, 46, 0, 4, 16102.34, 28879720, 456
1757, 32, 53, 358, 79, 0, 9.48%, 46, 0, 4, 15932.12, 28962258, 456
1762, 32, 84, 358, 78, 0, 9.48%, 46, 0, 4, 16500.93, 29048284, 456
1767, 32, 84, 358, 78, 0, 9.48%, 46, 0, 4, 15827.09, 29127941, 456
1772, 32, 95, 358, 78, 0, 9.48%, 46, 0, 4, 15546.64, 29209150, 456
1777, 32, 53, 358, 78, 0, 9.48%, 46, 0, 4, 15686.72, 29289582, 456
1782, 33, 91, 358, 78, 0, 9.48%, 46, 0, 4, 16670.05, 29375692, 456
1788, 33, 188, 358, 78, 0, 9.48%, 46, 0, 4, 16816.30, 29463588, 456
1793, 33, 62, 358, 76, 0, 9.48%, 46, 0, 4, 17247.03, 29550707, 456
1798, 33, 60, 358, 76, 0, 9.48%, 46, 0, 4, 16638.84, 29635698, 456
1803, 33, 301, 358, 76, 0, 9.48%, 46, 0, 4, 15862.29, 29713304, 456
1808, 33, 90, 358, 75, 0, 9.48%, 46, 0, 4, 14843.83, 29776872, 456
1813, 33, 47, 358, 75, 0, 9.48%, 46, 0, 4, 16516.59, 29863233, 456
1818, 33, 84, 358, 74, 0, 9.48%, 46, 0, 4, 16330.09, 29947252, 456
1823, 33, 73, 358, 74, 0, 9.48%, 46, 0, 4, 16855.42, 30034811, 456
1829, 33, 90, 358, 74, 0, 9.48%, 46, 0, 4, 15812.84, 30117209, 456
1834, 33, 212, 358, 74, 0, 9.48%, 46, 0, 4, 16509.99, 30198898, 456
1839, 33, 84, 358, 74, 0, 9.48%, 46, 0, 4, 16234.42, 30282344, 456
1844, 34, 59, 358, 74, 0, 9.48%, 46, 0, 4, 16394.04, 30366870, 456
1849, 34, 90, 358, 74, 0, 9.48%, 46, 0, 4, 15852.92, 30446758, 456
1854, 34, 90, 358, 74, 0, 9.48%, 46, 0, 4, 16131.41, 30530920, 456
1859, 34, 20, 358, 74, 0, 9.48%, 46, 0, 4, 16544.96, 30616786, 456
1864, 34, 84, 358, 73, 0, 9.48%, 46, 0, 4, 16330.70, 30696464, 456
1869, 34, 53, 358, 73, 0, 9.48%, 46, 0, 4, 16459.33, 30781486, 456
1875, 34, 212, 358, 73, 0, 9.48%, 46, 0, 4, 16443.56, 30866526, 456
1880, 34, 263, 358, 73, 0, 9.48%, 46, 0, 4, 16333.10, 30951383, 456
1885, 34, 84, 358, 73, 0, 9.48%, 46, 0, 4, 16961.15, 31037344, 456
1890, 34, 84, 358, 73, 0, 9.48%, 46, 0, 4, 16451.10, 31120520, 456
1895, 34, 47, 358, 73, 0, 9.48%, 46, 0, 4, 16479.85, 31205639, 456
1900, 35, 36, 358, 73, 0, 9.48%, 46, 0, 4, 16578.36, 31291377, 456
1905, 35, 84, 358, 73, 0, 9.48%, 46, 0, 4, 16805.77, 31375241, 456
1910, 35, 141, 358, 71, 0, 9.48%, 46, 0, 4, 15141.81, 31451913, 456
1915, 35, 68, 358, 71, 0, 9.48%, 46, 0, 4, 16304.38, 31536695, 456
1921, 35, 84, 358, 71, 0, 9.48%, 46, 0, 4, 16316.26, 31622593, 456
1926, 35, 100, 358, 71, 0, 9.48%, 46, 0, 4, 16327.20, 31706224, 456
1931, 35, 20, 358, 71, 0, 9.48%, 46, 0, 4, 16102.37, 31788824, 456
1936, 35, 95, 358, 71, 0, 9.48%, 46, 0, 4, 16517.80, 31873760, 456
1941, 35, 59, 358, 71, 0, 9.48%, 46, 0, 4, 16769.87, 31960429, 456
1946, 35, 47, 358, 71, 0, 9.48%, 46, 0, 4, 16044.89, 32042083, 456
1952, 35, 84, 358, 71, 0, 9.48%, 46, 0, 4, 16767.15, 32129953, 456
1957, 36, 47, 358, 70, 0, 9.48%, 46, 0, 4, 16899.74, 32217553, 456
1962, 36, 91, 358, 70, 0, 9.48%, 46, 0, 4, 16697.45, 32304676, 456
1967, 36, 84, 358, 70, 0, 9.48%, 46, 0, 4, 16166.24, 32388720, 456
1972, 36, 123, 358, 70, 0, 9.48%, 46, 0, 4, 15753.85, 32468374, 456
1977, 36, 62, 358, 69, 0, 9.48%, 46, 0, 4, 15858.60, 32549300, 456
1983, 36, 84, 358, 69, 0, 9.48%, 46, 0, 4, 15866.17, 32632055, 456
1988, 36, 263, 358, 69, 0, 9.48%, 46, 0, 4, 15586.55, 32713470, 456
1993, 36, 90, 358, 69, 0, 9.48%, 46, 0, 4, 15596.26, 32793896, 456
1998, 36, 285, 358, 68, 0, 9.48%, 46, 0, 4, 13829.87, 32865574, 456
2003, 36, 212, 358, 67, 0, 9.48%, 46, 0, 4, 14206.24, 32931885, 456
2008, 36, 9, 358, 67, 0, 9.48%, 46, 0, 4, 15710.25, 33013427, 456
2013, 36, 92, 358, 67, 0, 9.48%, 46, 0, 4, 15514.30, 33090498, 456
2018, 37, 84, 362, 70, 0, 9.48%, 46, 0, 4, 16167.57, 33172500, 456
2023, 37, 53, 362, 70, 0, 9.48%, 46, 0, 4, 15682.95, 33251769, 456
2028, 37, 84, 362, 69, 0, 9.48%, 46, 0, 4, 14967.93, 33329547, 456
2034, 37, 62, 362, 69, 0, 9.48%, 46, 0, 4, 15563.48, 33410578, 456
2039, 37, 53, 362, 69, 0, 9.48%, 46, 0, 4, 16014.91, 33495076, 456
2044, 37, 90, 362, 69, 0, 9.48%, 46, 0, 4, 16189.43, 33577128, 456
2049, 37, 9, 362, 69, 0, 9.48%, 46, 0, 4, 16234.01, 33660281, 456
2054, 37, 84, 362, 69, 0, 9.48%, 46, 0, 4, 15615.73, 33740563, 456
2059, 37, 241, 362, 69, 0, 9.48%, 46, 0, 4, 14767.65, 33817157, 456
2064, 37, 263, 362, 69, 0, 9.48%, 46, 0, 4, 15676.56, 33899364, 456
2070, 37, 95, 362, 69, 0, 9.48%, 46, 0, 4, 15831.51, 33980689, 456
2075, 37, 90, 362, 69, 0, 9.48%, 46, 0, 4, 15980.61, 34062977, 456
2080, 37, 90, 362, 68, 0, 9.48%, 46, 0, 4, 15661.30, 34145022, 456
2085, 37, 53, 362, 68, 0, 9.48%, 46, 0, 4, 15315.91, 34224737, 456
2090, 38, 151, 362, 68, 0, 9.48%, 46, 0, 4, 14501.11, 34298648, 456
2095, 38, 299, 362, 67, 0, 9.48%, 46, 0, 4, 12574.69, 34358938, 456
2101, 38, 92, 362, 66, 0, 9.48%, 46, 0, 4, 14672.67, 34435920, 456
2106, 38, 230, 362, 66, 0, 9.48%, 46, 0, 4, 15766.25, 34517578, 456
2111, 38, 100, 362, 66, 0, 9.48%, 46, 0, 4, 15425.38, 34598085, 456
2116, 38, 90, 362, 66, 0, 9.48%, 46, 0, 4, 16066.85, 34678854, 456
2121, 38, 84, 362, 66, 0, 9.48%, 46, 0, 4, 15542.49, 34758522, 456
2126, 38, 84, 362, 66, 0, 9.48%, 46, 0, 4, 15692.96, 34838915, 456
2132, 38, 84, 362, 66, 0, 9.48%, 46, 0, 4, 15339.50, 34918930, 456
2137, 38, 91, 362, 66, 0, 9.48%, 46, 0, 4, 15562.61, 34997987, 456
2142, 38, 9, 362, 66, 0, 9.48%, 46, 0, 4, 15885.66, 35079889, 456
2147, 38, 84, 362, 66, 0, 9.48%, 46, 0, 4, 15761.90, 35161957, 456
2152, 38, 84, 362, 66, 0, 9.48%, 46, 0, 4, 15882.84, 35241957, 456
2157, 38, 20, 362, 66, 0, 9.48%, 46, 0, 4, 16074.32, 35325523, 456
2162, 39, 100, 362, 66, 0, 9.48%, 46, 0, 4, 15776.12, 35407145, 456
2167, 39, 250, 362, 66, 0, 9.48%, 46, 0, 4, 15660.59, 35488768, 456
2173, 39, 20, 362, 65, 0, 9.48%, 46, 0, 4, 15890.73, 35571550, 456
2178, 39, 144, 362, 65, 0, 9.48%, 46, 0, 4, 15695.13, 35652180, 456
2183, 39, 95, 362, 65, 0, 9.48%, 46, 0, 4, 15617.69, 35732770, 456
2188, 39, 92, 362, 65, 0, 9.48%, 46, 0, 4, 15250.01, 35811248, 456
2193, 39, 100, 362, 65, 0, 9.48%, 46, 0, 4, 16099.62, 35894123, 456
2198, 39, 90, 362, 65, 0, 9.48%, 46, 0, 4, 15678.79, 35973444, 456
2204, 39, 134, 362, 65, 0, 9.48%, 46, 0, 4, 15819.53, 36054877, 456
2209, 39, 84, 362, 65, 0, 9.48%, 46, 0, 4, 15563.90, 36133639, 456
2214, 39, 58, 362, 65, 0, 9.48%, 46, 0, 4, 16116.39, 36215991, 456
2219, 39, 73, 362, 64, 0, 9.48%, 46, 0, 4, 15963.35, 36296356, 456
2224, 39, 84, 362, 64, 0, 9.48%, 46, 0, 4, 15684.20, 36376914, 456
2229, 39, 345, 362, 64, 0, 9.48%, 46, 0, 4, 14575.59, 36454684, 456
2234, 40, 70, 362, 62, 0, 9.48%, 46, 0, 4, 15540.79, 36536174, 456
2240, 40, 91, 362, 62, 0, 9.48%, 46, 0, 4, 15351.76, 36617703, 456
2245, 40, 84, 362, 62, 0, 9.48%, 46, 0, 4, 15154.66, 36695791, 456
2250, 40, 53, 362, 62, 0, 9.48%, 46, 0, 4, 15312.33, 36776831, 456
2255, 40, 84, 362, 62, 0, 9.48%, 46, 0, 4, 15623.48, 36857837, 456
2260, 40, 84, 362, 61, 0, 9.48%, 46, 0, 4, 15849.60, 36936584, 456
2265, 40, 90, 362, 61, 0, 9.48%, 46, 0, 4, 15944.67, 37019479, 456
2270, 40, 91, 362, 61, 0, 9.48%, 46, 0, 4, 16015.67, 37103525, 456
2276, 40, 84, 362, 61, 0, 9.48%, 46, 0, 4, 15521.21, 37185088, 456
2281, 40, 53, 362, 61, 0, 9.48%, 46, 0, 4, 15046.34, 37263110, 456
2286, 40, 53, 362, 61, 0, 9.48%, 46, 0, 4, 15487.20, 37345278, 456
2291, 40, 9, 362, 61, 0, 9.48%, 46, 0, 4, 15544.68, 37426312, 456
2296, 40, 91, 362, 61, 0, 9.48%, 46, 0, 4, 15603.83, 37506048, 456
2302, 41, 20, 362, 61, 0, 9.48%, 46, 0, 4, 15878.41, 37588864, 456
2307, 41, 84, 362, 61, 0, 9.48%, 46, 0, 4, 15815.08, 37668394, 456
2312, 41, 53, 362, 61, 0, 9.48%, 46, 0, 4, 15700.68, 37749176, 456
2317, 41, 20, 362, 60, 0, 9.48%, 46, 0, 4, 15810.58, 37831585, 456
2322, 41, 47, 362, 60, 0, 9.48%, 46, 0, 4, 15578.74, 37911830, 456
2327, 41, 100, 362, 60, 0, 9.48%, 46, 0, 4, 16015.08, 37996051, 456
2332, 41, 90, 362, 60, 0, 9.48%, 46, 0, 4, 15255.89, 38071399, 456
2337, 41, 20, 362, 60, 0, 9.48%, 46, 0, 4, 15491.29, 38151451, 456
2342, 41, 166, 362, 59, 0, 9.48%, 46, 0, 4, 15011.92, 38224819, 456
2348, 41, 84, 362, 59, 0, 9.48%, 46, 0, 4, 15583.00, 38305530, 456
2353, 41, 100, 362, 59, 0, 9.48%, 46, 0, 4, 15557.16, 38386132, 456
2358, 41, 151, 362, 59, 0, 9.48%, 46, 0, 4, 15961.29, 38469205, 456
2363, 41, 84, 362, 59, 0, 9.48%, 46, 0, 4, 15757.74, 38550878, 456
2368, 42, 84, 366, 62, 0, 9.48%, 46, 0, 4, 16440.71, 38635255, 456
2373, 42, 84, 366, 62, 0, 9.48%, 46, 0, 4, 16435.84, 38717966, 456
2379, 42, 150, 366, 62, 0, 9.48%, 46, 0, 4, 16369.14, 38802218, 456
2384, 42, 83, 366, 62, 0, 9.48%, 46, 0, 4, 16212.88, 38886228, 456
2389, 42, 92, 366, 62, 0, 9.48%, 46, 0, 4, 14805.76, 38958928, 456
2394, 42, 20, 366, 62, 0, 9.48%, 46, 0, 4, 15496.58, 39039945, 456
2399, 42, 47, 366, 62, 0, 9.48%, 46, 0, 4, 15958.09, 39118928, 456
2404, 42, 20, 366, 62, 0, 9.48%, 46, 0, 4, 15721.04, 39197766, 456
2409, 42, 84, 366, 61, 0, 9.48%, 46, 0, 4, 16087.74, 39281622, 456
2414, 42, 84, 366, 60, 0, 9.48%, 46, 0, 4, 15482.67, 39357398, 456
2419, 42, 84, 366, 60, 0, 9.48%, 46, 0, 4, 15598.08, 39438265, 456
2425, 42, 100, 366, 60, 0, 9.48%, 46, 0, 4, 15412.65, 39518299, 456
2430, 42, 9, 366, 60, 0, 9.48%, 46, 0, 4, 15643.12, 39599734, 456
2435, 43, 91, 366, 60, 0, 9.48%, 46, 0, 4, 15510.95, 39679614, 456
2440, 43, 9, 366, 60, 0, 9.48%, 46, 0, 4, 15670.19, 39760645, 456
2445, 43, 90, 366, 60, 0, 9.48%, 46, 0, 4, 15507.99, 39838315, 456
2450, 43, 53, 366, 60, 0, 9.48%, 46, 0, 4, 15821.85, 39920746, 456
2456, 43, 90, 366, 60, 0, 9.48%, 46, 0, 4, 15844.89, 40002992, 456
2461, 43, 185, 366, 60, 0, 9.48%, 46, 0, 4, 15126.16, 40082333, 456
2466, 43, 47, 366, 60, 0, 9.48%, 46, 0, 4, 15447.69, 40160920, 456
2471, 43, 90, 366, 60, 0, 9.48%, 46, 0, 4, 15370.10, 40240591, 456
2476, 43, 90, 366, 60, 0, 9.48%, 46, 0, 4, 16059.31, 40321125, 456
2481, 43, 95, 366, 59, 0, 9.48%, 46, 0, 4, 15210.72, 40396791, 456
2486, 43, 71, 366, 59, 0, 9.48%, 46, 0, 4, 15820.72, 40478853, 456
2491, 43, 84, 366, 59, 0, 9.48%, 46, 0, 4, 15138.13, 40557300, 456
2496, 44, 212, 366, 59, 0, 9.48%, 46, 0, 4, 15331.77, 40634094, 456
2502, 44, 90, 366, 59, 0, 9.48%, 46, 0, 4, 15506.68, 40715217, 456
2507, 44, 141, 366, 59, 0, 9.48%, 46, 0, 4, 15513.61, 40794991, 456
2512, 44, 53, 366, 59, 0, 9.48%, 46, 0, 4, 15425.11, 40871798, 456
2517, 44, 100, 366, 59, 0, 9.48%, 46, 0, 4, 15254.86, 40950878, 456
2522, 44, 84, 366, 59, 0, 9.48%, 46, 0, 4, 15144.31, 41030199, 456
2527, 44, 90, 366, 59, 0, 9.48%, 46, 0, 4, 15576.93, 41110727, 456
2532, 44, 47, 366, 59, 0, 9.48%, 46, 0, 4, 15642.75, 41190362, 456
2538, 44, 20, 366, 59, 0, 9.48%, 46, 0, 4, 15643.53, 41271834, 456
2543, 44, 91, 366, 59, 0, 9.48%, 46, 0, 4, 15175.82, 41349932, 456
2548, 44, 20, 366, 59, 0, 9.48%, 46, 0, 4, 15335.86, 41430311, 456
2553, 44, 71, 366, 59, 0, 9.48%, 46, 0, 4, 14989.31, 41508122, 456
2558, 44, 84, 366, 59, 0, 9.48%, 46, 0, 4, 15748.14, 41591317, 456
2564, 45, 47, 366, 58, 0, 9.48%, 46, 0, 4, 15753.80, 41673725, 456
2569, 45, 20, 366, 58, 0, 9.48%, 46, 0, 4, 16145.47, 41755939, 456
2574, 45, 53, 366, 58, 0, 9.48%, 46, 0, 4, 16239.22, 41838162, 456
2579, 45, 95, 366, 58, 0, 9.48%, 46, 0, 4, 15812.50, 41917083, 456
2584, 45, 84, 366, 58, 0, 9.48%, 46, 0, 4, 16105.61, 41999931, 456
2589, 45, 83, 366, 58, 0, 9.48%, 46, 0, 4, 15585.93, 42080293, 456
2594, 45, 91, 366, 58, 0, 9.48%, 46, 0, 4, 15865.98, 42158574, 456
2599, 45, 9, 366, 58, 0, 9.48%, 46, 0, 4, 16566.10, 42245320, 456
2604, 45, 294, 366, 58, 0, 9.48%, 46, 0, 4, 15005.48, 42321240, 456
2609, 45, 9, 366, 56, 0, 9.48%, 46, 0, 4, 12421.30, 42377285, 456
2615, 45, 53, 366, 56, 0, 9.48%, 46, 0, 4, 14443.44, 42455282, 456
2620, 45, 9, 366, 56, 0, 9.48%, 46, 0, 4, 15053.83, 42534072, 456
2625, 45, 9, 366, 56, 0, 9.48%, 46, 0, 4, 15786.83, 42616593, 456
2630, 46, 91, 366, 56, 0, 9.48%, 46, 0, 4, 15914.62, 42698393, 456
2635, 46, 95, 366, 56, 0, 9.48%, 46, 0, 4, 16045.93, 42780332, 456
2640, 46, 185, 366, 56, 0, 9.48%, 46, 0, 4, 15506.25, 42859695, 456
2645, 46, 84, 366, 56, 0, 9.48%, 46, 0, 4, 15836.88, 42941232, 456
2651, 46, 84, 366, 56, 0, 9.48%, 46, 0, 4, 16291.60, 43025168, 456
2656, 46, 84, 366, 56, 0, 9.48%, 46, 0, 4, 15545.12, 43103869, 456
2661, 46, 84, 366, 56, 0, 9.48%, 46, 0, 4, 15596.98, 43184284, 456
2666, 46, 84, 366, 56, 0, 9.48%, 46, 0, 4, 16082.23, 43266211, 456
2671, 46, 20, 366, 56, 0, 9.48%, 46, 0, 4, 15993.99, 43348797, 456
2676, 46, 47, 366, 56, 0, 9.48%, 46, 0, 4, 15620.07, 43429274, 456
2681, 46, 47, 366, 56, 0, 9.48%, 46, 0, 4, 15580.11, 43509644, 456
2686, 46, 47, 366, 56, 0, 9.48%, 46, 0, 4, 14957.13, 43583917, 456
2691, 46, 92, 366, 56, 0, 9.48%, 46, 0, 4, 15020.26, 43659032, 456
2697, 47, 90, 366, 56, 0, 9.48%, 46, 0, 4, 15658.75, 43740344, 456
2702, 47, 53, 366, 56, 0, 9.48%, 46, 0, 4, 15616.00, 43823076, 456
2707, 47, 25, 366, 56, 0, 9.48%, 46, 0, 4, 15747.05, 43903132, 456
2712, 47, 9, 366, 56, 0, 9.48%, 46, 0, 4, 15965.58, 43985401, 456
2717, 47, 9, 366, 56, 0, 9.48%, 46, 0, 4, 15634.29, 44065442, 456
2722, 47, 59, 366, 56, 0, 9.48%, 46, 0, 4, 15583.64, 44145388, 456
2728, 47, 95, 366, 56, 0, 9.48%, 46, 0, 4, 15867.14, 44228919, 456
2733, 47, 84, 366, 56, 0, 9.48%, 46, 0, 4, 15657.46, 44309322, 456
2738, 47, 124, 366, 56, 0, 9.48%, 46, 0, 4, 15954.79, 44392954, 456
2743, 47, 60, 366, 56, 0, 9.48%, 46, 0, 4, 15217.59, 44468806, 456
2748, 47, 53, 366, 55, 0, 9.48%, 46, 0, 4, 15527.76, 44550099, 456
2753, 47, 95, 366, 55, 0, 9.48%, 46, 0, 4, 16635.37, 44635889, 456
2759, 48, 53, 368, 56, 0, 9.48%, 46, 0, 4, 15326.15, 44712372, 456
2764, 48, 47, 368, 56, 0, 9.48%, 46, 0, 4, 15464.82, 44793251, 456
2769, 48, 92, 368, 56, 0, 9.48%, 46, 0, 4, 15772.17, 44874326, 456
2774, 48, 90, 368, 56, 0, 9.48%, 46, 0, 4, 16176.70, 44957839, 456
2779, 48, 84, 368, 56, 0, 9.48%, 46, 0, 4, 15853.48, 45040005, 456
2784, 48, 91, 368, 55, 0, 9.48%, 46, 0, 4, 14712.21, 45114818, 456
2790, 48, 25, 368, 55, 0, 9.48%, 46, 0, 4, 13986.07, 45189605, 456
2795, 48, 84, 368, 55, 0, 9.48%, 46, 0, 4, 15748.32, 45272891, 456
2800, 48, 95, 368, 55, 0, 9.48%, 46, 0, 4, 15573.81, 45350128, 456
2805, 48, 84, 368, 55, 0, 9.48%, 46, 0, 4, 16133.18, 45434465, 456
2810, 48, 36, 368, 54, 0, 9.48%, 46, 0, 4, 15159.01, 45511848, 456
2815, 48, 91, 368, 54, 0, 9.48%, 46, 0, 4, 15966.21, 45595224, 456
2820, 48, 84, 368, 53, 0, 9.48%, 46, 0, 4, 12427.51, 45654973, 456
2825, 48, 100, 368, 53, 0, 9.48%, 46, 0, 4, 14950.10, 45735736, 456
2831, 49, 124, 368, 53, 0, 9.48%, 46, 0, 4, 15393.09, 45816970, 456
2836, 49, 95, 368, 53, 0, 9.48%, 46, 0, 4, 15676.47, 45897321, 456
2841, 49, 84, 368, 53, 0, 9.48%, 46, 0, 4, 15815.47, 45977031, 456
2846, 49, 47, 368, 53, 0, 9.48%, 46, 0, 4, 15900.33, 46060368, 456
2851, 49, 47, 368, 53, 0, 9.48%, 46, 0, 4, 15699.98, 46140896, 456
2856, 49, 84, 368, 53, 0, 9.48%, 46, 0, 4, 15558.23, 46221900, 456
2862, 49, 84, 368, 53, 0, 9.48%, 46, 0, 4, 15275.11, 46301543, 456
2867, 49, 90, 368, 53, 0, 9.48%, 46, 0, 4, 15551.03, 46382187, 456
2872, 49, 84, 368, 53, 0, 9.48%, 46, 0, 4, 15438.06, 46461199, 456
2877, 49, 56, 368, 53, 0, 9.48%, 46, 0, 4, 15555.99, 46541659, 456
2882, 49, 185, 368, 53, 0, 9.48%, 46, 0, 4, 14934.61, 46615777, 456
2887, 49, 84, 368, 53, 0, 9.48%, 46, 0, 4, 15953.45, 46700020, 456
2892, 50, 84, 368, 53, 0, 9.48%, 46, 0, 4, 16017.15, 46779944, 456
2897, 50, 53, 368, 53, 0, 9.48%, 46, 0, 4, 16035.22, 46862916, 456
2903, 50, 20, 368, 53, 0, 9.48%, 46, 0, 4, 16197.06, 46947652, 456
2908, 50, 263, 368, 53, 0, 9.48%, 46, 0, 4, 15864.28, 47026747, 456
2913, 50, 53, 368, 53, 0, 9.48%, 46, 0, 4, 15914.00, 47105911, 456
2918, 50, 160, 368, 53, 0, 9.48%, 46, 0, 4, 14685.26, 47182700, 456
2923, 50, 128, 368, 52, 0, 9.48%, 46, 0, 4, 12609.24, 47238132, 456
2928, 50, 84, 368, 52, 0, 9.48%, 46, 0, 4, 15479.59, 47319906, 456
2933, 50, 95, 368, 52, 0, 9.48%, 46, 0, 4, 16078.72, 47402062, 456
2938, 50, 47, 368, 52, 0, 9.48%, 46, 0, 4, 15960.13, 47485054, 456
2943, 50, 95, 368, 52, 0, 9.48%, 46, 0, 4, 15075.46, 47562936, 456
2949, 50, 90, 368, 52, 0, 9.48%, 46, 0, 4, 15640.24, 47643409, 456
2954, 50, 47, 368, 52, 0, 9.48%, 46, 0, 4, 15663.92, 47720887, 456
2959, 51, 53, 368, 52, 0, 9.48%, 46, 0, 4, 16061.12, 47802148, 456
2964, 51, 90, 368, 52, 0, 9.48%, 46, 0, 4, 15889.32, 47880404, 456
2969, 51, 84, 368, 52, 0, 9.48%, 46, 0, 4, 16071.22, 47963069, 456
2974, 51, 20, 368, 52, 0, 9.48%, 46, 0, 4, 15144.58, 48040823, 456
2979, 51, 92, 368, 52, 0, 9.48%, 46, 0, 4, 15760.24, 48121497, 456
2984, 51, 90, 368, 52, 0, 9.48%, 46, 0, 4, 14987.86, 48195053, 456
2989, 51, 84, 368, 52, 0, 9.48%, 46, 0, 4, 15663.21, 48276468, 456
2994, 51, 95, 368, 52, 0, 9.48%, 46, 0, 4, 15906.97, 48359392, 456
3000, 51, 47, 368, 52, 0, 9.48%, 46, 0, 4, 15863.85, 48441605, 456
3005, 51, 90, 368, 52, 0, 9.48%, 46, 0, 4, 15795.13, 48522267, 456
3010, 51, 59, 368, 52, 0, 9.48%, 46, 0, 4, 16110.33, 48605269, 456
3015, 51, 198, 368, 52, 0, 9.48%, 46, 0, 4, 16285.01, 48690339, 456
3020, 52, 185, 368, 52, 0, 9.48%, 46, 0, 4, 15752.13, 48772052, 456
3026, 52, 90, 368, 52, 0, 9.48%, 46, 0, 4, 15604.37, 48853619, 456
3031, 52, 53, 368, 52, 0, 9.48%, 46, 0, 4, 16012.03, 48936810, 456
3036, 52, 95, 368, 52, 0, 9.48%, 46, 0, 4, 15418.62, 49015255, 456
3041, 52, 84, 368, 51, 0, 9.48%, 46, 0, 4, 14454.73, 49083784, 456
3046, 52, 84, 368, 51, 0, 9.48%, 46, 0, 4, 15593.71, 49164781, 456
3051, 52, 90, 368, 51, 0, 9.48%, 46, 0, 4, 16213.08, 49247733, 456
3056, 52, 84, 368, 51, 0, 9.48%, 46, 0, 4, 15490.46, 49328027, 456
3062, 52, 47, 368, 51, 0, 9.48%, 46, 0, 4, 15380.69, 49408395, 456
3067, 52, 20, 368, 50, 0, 9.48%, 46, 0, 4, 16288.21, 49493929, 456
3072, 52, 84, 368, 50, 0, 9.48%, 46, 0, 4, 15917.80, 49576461, 456
3077, 52, 84, 368, 50, 0, 9.48%, 46, 0, 4, 15844.63, 49657510, 456
3082, 53, 36, 368, 50, 0, 9.48%, 46, 0, 4, 16120.97, 49740428, 456
3087, 53, 84, 368, 50, 0, 9.48%, 46, 0, 4, 16415.38, 49824699, 456
3093, 53, 84, 368, 50, 0, 9.48%, 46, 0, 4, 15862.67, 49905378, 456
3098, 53, 84, 368, 50, 0, 9.48%, 46, 0, 4, 16135.74, 49989372, 456
3103, 53, 62, 368, 50, 0, 9.48%, 46, 0, 4, 15759.24, 50070514, 456
3108, 53, 95, 368, 50, 0, 9.48%, 46, 0, 4, 16374.79, 50155450, 456
3113, 53, 91, 368, 50, 0, 9.48%, 46, 0, 4, 15525.78, 50232317, 456
3118, 53, 90, 368, 50, 0, 9.48%, 46, 0, 4, 16539.18, 50316626, 456
3123, 53, 84, 368, 50, 0, 9.48%, 46, 0, 4, 15839.18, 50397292, 456
3128, 53, 84, 368, 50, 0, 9.48%, 46, 0, 4, 16218.50, 50480019, 456
3134, 53, 53, 368, 50, 0, 9.48%, 46, 0, 4, 16383.07, 50564406, 456
3139, 53, 53, 368, 49, 0, 9.48%, 46, 0, 4, 14934.55, 50633375, 456
3144, 54, 84, 368, 49, 0, 9.48%, 46, 0, 4, 15958.94, 50715865, 456
3149, 54, 84, 368, 49, 0, 9.48%, 46, 0, 4, 16402.65, 50802701, 456
3154, 54, 70, 368, 49, 0, 9.48%, 46, 0, 4, 16564.00, 50887718, 456
3159, 54, 95, 368, 49, 0, 9.48%, 46, 0, 4, 16027.82, 50970080, 456
3164, 54, 84, 368, 49, 0, 9.48%, 46, 0, 4, 15646.80, 51051078, 456
3170, 54, 152, 368, 49, 0, 9.48%, 46, 0, 4, 15870.83, 51133115, 456
3175, 54, 53, 368, 49, 0, 9.48%, 46, 0, 4, 16129.54, 51217182, 456
3180, 54, 212, 368, 49, 0, 9.48%, 46, 0, 4, 15711.35, 51299152, 456
3185, 54, 84, 368, 49, 0, 9.48%, 46, 0, 4, 15869.37, 51379235, 456
3190, 54, 73, 368, 49, 0, 9.48%, 46, 0, 4, 15717.05, 51460721, 456
3195, 54, 53, 368, 49, 0, 9.48%, 46, 0, 4, 15944.61, 51544386, 456
3200, 54, 124, 368, 49, 0, 9.48%, 46, 0, 4, 15189.31, 51621348, 456
3206, 54, 53, 368, 49, 0, 9.48%, 46, 0, 4, 15615.84, 51703749, 456
3211, 55, 53, 368, 49, 0, 9.48%, 46, 0, 4, 15871.73, 51786027, 456
3216, 55, 25, 368, 49, 0, 9.48%, 46, 0, 4, 15819.81, 51867288, 456
3221, 55, 84, 368, 49, 0, 9.48%, 46, 0, 4, 15935.12, 51949858, 456
3226, 55, 53, 368, 49, 0, 9.48%, 46, 0, 4, 16417.55, 52034974, 456
3231, 55, 47, 368, 49, 0, 9.48%, 46, 0, 4, 16462.93, 52119404, 456
3237, 55, 95, 368, 49, 0, 9.48%, 46, 0, 4, 16038.84, 52200354, 456
3242, 55, 212, 368, 49, 0, 9.48%, 46, 0, 4, 16085.02, 52283232, 456
3247, 55, 84, 368, 49, 0, 9.48%, 46, 0, 4, 16378.42, 52366481, 456
3252, 55, 84, 368, 49, 0, 9.48%, 46, 0, 4, 16464.78, 52452420, 456
3257, 55, 9, 368, 49, 0, 9.48%, 46, 0, 4, 16252.74, 52535654, 456
3262, 55, 90, 368, 49, 0, 9.48%, 46, 0, 4, 15757.75, 52616979, 456
3268, 55, 84, 368, 49, 0, 9.48%, 46, 0, 4, 16296.53, 52701472, 456
3273, 56, 53, 368, 49, 0, 9.48%, 46, 0, 4, 16685.23, 52789291, 456
3278, 56, 53, 368, 49, 0, 9.48%, 46, 0, 4, 16282.26, 52869912, 456
3283, 56, 185, 368, 49, 0, 9.48%, 46, 0, 4, 15928.73, 52950584, 456
3288, 56, 95, 368, 49, 0, 9.48%, 46, 0, 4, 16837.96, 53036497, 456
3293, 56, 53, 368, 49, 0, 9.48%, 46, 0, 4, 15743.47, 53116270, 456
3298, 56, 84, 368, 49, 0, 9.48%, 46, 0, 4, 15947.58, 53199070, 456
3304, 56, 68, 368, 49, 0, 9.48%, 46, 0, 4, 16272.82, 53282637, 456
3309, 56, 90, 368, 49, 0, 9.48%, 46, 0, 4, 16826.08, 53371116, 456
3314, 56, 90, 368, 49, 0, 9.48%, 46, 0, 4, 16004.61, 53452379, 456
3319, 56, 95, 368, 49, 0, 9.48%, 46, 0, 4, 16670.27, 53540028, 456
3324, 56, 84, 368, 49, 0, 9.48%, 46, 0, 4, 16463.15, 53622217, 456
3329, 56, 20, 368, 49, 0, 9.48%, 46, 0, 4, 16370.02, 53707559, 456
3335, 57, 53, 368, 49, 0, 9.48%, 46, 0, 4, 15944.14, 53788677, 456
3340, 57, 53, 368, 49, 0, 9.48%, 46, 0, 4, 15156.38, 53867603, 456
3345, 57, 92, 368, 49, 0, 9.48%, 46, 0, 4, 15374.58, 53943968, 456
3350, 57, 53, 368, 49, 0, 9.48%, 46, 0, 4, 15571.29, 54024928, 456
3355, 57, 84, 368, 49, 0, 9.48%, 46, 0, 4, 15796.64, 54106324, 456
3360, 57, 84, 368, 49, 0, 9.48%, 46, 0, 4, 15628.81, 54187346, 456
3365, 57, 263, 368, 49, 0, 9.48%, 46, 0, 4, 15751.59, 54269181, 456
3371, 57, 84, 368, 49, 0, 9.48%, 46, 0, 4, 16327.41, 54352429, 456
3376, 57, 62, 368, 49, 0, 9.48%, 46, 0, 4, 15575.51, 54431544, 456
3381, 57, 84, 368, 49, 0, 9.48%, 46, 0, 4, 15695.87, 54512564, 456
3386, 57, 90, 368, 49, 0, 9.48%, 46, 0, 4, 16103.38, 54594005, 456
3391, 57, 25, 368, 49, 0, 9.48%, 46, 0, 4, 16004.14, 54673756, 456
3396, 57, 84, 368, 49, 0, 9.48%, 46, 0, 4, 15765.52, 54755162, 456
3401, 58, 296, 368, 49, 0, 9.48%, 46, 0, 4, 12786.87, 54823047, 456
3406, 58, 68, 368, 48, 0, 9.48%, 46, 0, 4, 15539.00, 54905229, 456
3411, 58, 84, 368, 48, 0, 9.48%, 46, 0, 4, 15856.77, 54984851, 456
3417, 58, 71, 368, 48, 0, 9.48%, 46, 0, 4, 15891.48, 55067278, 456
3422, 58, 84, 368, 48, 0, 9.48%, 46, 0, 4, 15216.38, 55142419, 456
3427, 58, 92, 368, 48, 0, 9.48%, 46, 0, 4, 15678.44, 55223661, 456
3432, 58, 84, 368, 48, 0, 9.48%, 46, 0, 4, 15702.79, 55305145, 456
3437, 58, 84, 368, 48, 0, 9.48%, 46, 0, 4, 15871.88, 55387102, 456
3442, 58, 84, 368, 48, 0, 9.48%, 46, 0, 4, 15584.66, 55468253, 456
3447, 58, 84, 368, 48, 0, 9.48%, 46, 0, 4, 16593.77, 55553969, 456
3452, 58, 84, 368, 47, 0, 9.48%, 46, 0, 4, 15631.85, 55633391, 456
3458, 58, 141, 368, 47, 0, 9.48%, 46, 0, 4, 16231.06, 55717861, 456
3463, 59, 95, 368, 47, 0, 9.48%, 46, 0, 4, 16510.50, 55803217, 456
3468, 59, 47, 368, 47, 0, 9.48%, 46, 0, 4, 16791.62, 55888226, 456
3473, 59, 84, 368, 47, 0, 9.48%, 46, 0, 4, 16119.06, 55971483, 456
3478, 59, 84, 368, 47, 0, 9.48%, 46, 0, 4, 15603.50, 56052191, 456
3484, 59, 92, 368, 47, 0, 9.48%, 46, 0, 4, 16055.49, 56136197, 456
3489, 59, 95, 368, 47, 0, 9.48%, 46, 0, 4, 16227.09, 56220674, 456
3494, 59, 90, 368, 47, 0, 9.48%, 46, 0, 4, 15492.61, 56299944, 456
3499, 59, 84, 368, 47, 0, 9.48%, 46, 0, 4, 15691.22, 56382012, 456
3504, 59, 141, 368, 47, 0, 9.48%, 46, 0, 4, 15486.64, 56461689, 456
3509, 59, 84, 368, 47, 0, 9.48%, 46, 0, 4, 15693.63, 56542813, 456
3515, 59, 84, 368, 47, 0, 9.48%, 46, 0, 4, 15610.69, 56624487, 456
3520, 59, 53, 368, 47, 0, 9.48%, 46, 0, 4, 15506.52, 56706772, 456
3525, 60, 53, 368, 47, 0, 9.48%, 46, 0, 4, 15454.84, 56788128, 456
3530, 60, 84, 368, 47, 0, 9.48%, 46, 0, 4, 15650.16, 56868427, 456
3535, 60, 20, 368, 47, 0, 9.48%, 46, 0, 4, 15705.60, 56949461, 456
3540, 60, 95, 368, 47, 0, 9.48%, 46, 0, 4, 15458.67, 57029110, 456
3546, 60, 84, 368, 47, 0, 9.48%, 46, 0, 4, 16117.60, 57112921, 456
3551, 60, 73, 368, 47, 0, 9.48%, 46, 0, 4, 15733.65, 57192917, 456
3556, 60, 90, 368, 46, 0, 9.48%, 46, 0, 4, 15254.25, 57272630, 456
3561, 60, 53, 368, 46, 0, 9.48%, 46, 0, 4, 15483.89, 57349592, 456
3566, 60, 20, 368, 45, 0, 9.48%, 46, 0, 4, 16040.45, 57432078, 456
3571, 60, 84, 368, 44, 0, 9.48%, 46, 0, 4, 13481.30, 57501529, 456
3576, 60, 84, 368, 44, 0, 9.48%, 46, 0, 4, 15472.22, 57584615, 456
3581, 60, 90, 368, 44, 0, 9.48%, 46, 0, 4, 15492.34, 57665897, 456
3587, 60, 20, 368, 44, 0, 9.48%, 46, 0, 4, 16626.29, 57752873, 456
3592, 61, 80, 368, 44, 0, 9.48%, 46, 0, 4, 16274.20, 57835035, 456
3597, 61, 6, 368, 44, 0, 9.48%, 46, 0, 4, 16254.49, 57918112, 456
3602, 61, 84, 368, 43, 0, 9.48%, 46, 0, 4, 15914.79, 57999510, 456
3607, 61, 95, 368, 43, 0, 9.48%, 46, 0, 4, 15958.61, 58081653, 456
3612, 61, 56, 368, 43, 0, 9.48%, 46, 0, 4, 15583.65, 58162620, 456
3618, 61, 185, 368, 43, 0, 9.48%, 46, 0, 4, 16209.89, 58246606, 456
3623, 61, 90, 368, 42, 0, 9.48%, 46, 0, 4, 15999.17, 58329335, 456
3628, 61, 83, 368, 42, 0, 9.48%, 46, 0, 4, 15761.75, 58410334, 456
3633, 61, 92, 368, 42, 0, 9.48%, 46, 0, 4, 16022.64, 58492651, 456
3638, 61, 212, 368, 42, 0, 9.48%, 46, 0, 4, 16151.39, 58575976, 456
3643, 61, 84, 368, 42, 0, 9.48%, 46, 0, 4, 15597.49, 58654579, 456
3648, 61, 84, 368, 42, 0, 9.48%, 46, 0, 4, 15971.77, 58737975, 456
3654, 62, 20, 368, 42, 0, 9.48%, 46, 0, 4, 16195.55, 58822695, 456
3659, 62, 53, 368, 42, 0, 9.48%, 46, 0, 4, 16312.71, 58906756, 456
3664, 62, 84, 368, 42, 0, 9.48%, 46, 0, 4, 16173.57, 58989820, 456
3669, 62, 25, 368, 42, 0, 9.48%, 46, 0, 4, 16843.54, 59076683, 456
3674, 62, 95, 368, 42, 0, 9.48%, 46, 0, 4, 16835.93, 59162847, 456
3679, 62, 53, 368, 42, 0, 9.48%, 46, 0, 4, 16268.22, 59247307, 456
3685, 62, 84, 368, 42, 0, 9.48%, 46, 0, 4, 16681.72, 59332828, 456
3690, 62, 126, 368, 42, 0, 9.48%, 46, 0, 4, 16268.78, 59414782, 456
3695, 62, 71, 368, 42, 0, 9.48%, 46, 0, 4, 16746.82, 59500671, 456
3700, 62, 47, 368, 42, 0, 9.48%, 46, 0, 4, 16870.63, 59586998, 456
3705, 62, 25, 368, 42, 0, 9.48%, 46, 0, 4, 16403.29, 59670342, 456
3710, 62, 141, 368, 42, 0, 9.48%, 46, 0, 4, 16498.76, 59755885, 456
3716, 63, 84, 368, 42, 0, 9.48%, 46, 0, 4, 16206.52, 59839601, 456
3721, 63, 84, 368, 42, 0, 9.48%, 46, 0, 4, 15909.74, 59921045, 456
3726, 63, 84, 368, 42, 0, 9.48%, 46, 0, 4, 16392.46, 60006828, 456
3731, 63, 73, 368, 42, 0, 9.48%, 46, 0, 4, 15998.44, 60089758, 456
3736, 63, 80, 368, 42, 0, 9.48%, 46, 0, 4, 15710.46, 60169630, 456
3741, 63, 230, 368, 42, 0, 9.48%, 46, 0, 4, 15834.56, 60250927, 456
3747, 63, 90, 368, 42, 0, 9.48%, 46, 0, 4, 16007.81, 60333142, 456
3752, 63, 212, 368, 42, 0, 9.48%, 46, 0, 4, 15706.94, 60414625, 456
3757, 63, 20, 368, 42, 0, 9.48%, 46, 0, 4, 15143.92, 60493686, 456
3762, 63, 95, 368, 42, 0, 9.48%, 46, 0, 4, 15305.50, 60572520, 456
3767, 63, 84, 368, 42, 0, 9.48%, 46, 0, 4, 14883.52, 60648495, 456
3772, 63, 92, 368, 42, 0, 9.48%, 46, 0, 4, 15230.03, 60727972, 456
3778, 64, 84, 368, 42, 0, 9.48%, 46, 0, 4, 16087.55, 60811609, 456
3783, 64, 84, 368, 42, 0, 9.48%, 46, 0, 4, 15715.28, 60893164, 456
3788, 64, 84, 368, 42, 0, 9.48%, 46, 0, 4, 15595.57, 60970962, 456
3793, 64, 53, 368, 42, 0, 9.48%, 46, 0, 4, 15467.69, 61051327, 456
3798, 64, 84, 368, 42, 0, 9.48%, 46, 0, 4, 16300.44, 61135856, 456
3803, 64, 47, 368, 42, 0, 9.48%, 46, 0, 4, 15592.11, 61216335, 456
3808, 64, 90, 368, 42, 0, 9.48%, 46, 0, 4, 15997.07, 61299769, 456
3814, 64, 53, 368, 42, 0, 9.48%, 46, 0, 4, 15466.69, 61380557, 456
3819, 64, 53, 368, 42, 0, 9.48%, 46, 0, 4, 15435.08, 61457694, 456
3824, 64, 84, 368, 42, 0, 9.48%, 46, 0, 4, 15637.86, 61536920, 456
3829, 64, 53, 368, 42, 0, 9.48%, 46, 0, 4, 15348.31, 61616842, 456
3834, 64, 53, 368, 41, 0, 9.48%, 46, 0, 4, 13653.11, 61677767, 456
3839, 64, 90, 368, 41, 0, 9.48%, 46, 0, 4, 15420.72, 61760736, 456
3844, 65, 91, 368, 41, 0, 9.48%, 46, 0, 4, 15537.22, 61841139, 456
3850, 65, 292, 368, 41, 0, 9.48%, 46, 0, 4, 12129.09, 61905442, 456
3855, 65, 90, 368, 40, 0, 9.48%, 46, 0, 4, 14596.75, 61978935, 456
3860, 65, 90, 368, 40, 0, 9.48%, 46, 0, 4, 15295.57, 62057001, 456
3865, 65, 124, 368, 40, 0, 9.48%, 46, 0, 4, 15350.59, 62134278, 456
3870, 65, 84, 368, 40, 0, 9.48%, 46, 0, 4, 15692.12, 62213836, 456
3875, 65, 90, 368, 40, 0, 9.48%, 46, 0, 4, 15407.91, 62290310, 456
3880, 65, 47, 368, 40, 0, 9.48%, 46, 0, 4, 15841.15, 62372388, 456
3885, 65, 47, 368, 40, 0, 9.48%, 46, 0, 4, 15570.01, 62452380, 456
3890, 65, 68, 368, 40, 0, 9.48%, 46, 0, 4, 16130.04, 62534708, 456
3895, 65, 95, 368, 40, 0, 9.48%, 46, 0, 4, 15988.61, 62615650, 456
3901, 65, 198, 368, 40, 0, 9.48%, 46, 0, 4, 15666.11, 62696311, 456
3906, 65, 91, 368, 40, 0, 9.48%, 46, 0, 4, 15796.26, 62778149, 456
3911, 66, 263, 368, 40, 0, 9.48%, 46, 0, 4, 15624.88, 62860284, 456
3916, 66, 152, 368, 40, 0, 9.48%, 46, 0, 4, 16381.35, 62944745, 456
3921, 66, 53, 368, 40, 0, 9.48%, 46, 0, 4, 16100.39, 63027627, 456
3926, 66, 84, 368, 40, 0, 9.48%, 46, 0, 4, 16226.80, 63108777, 456
3931, 66, 84, 368, 40, 0, 9.48%, 46, 0, 4, 16345.61, 63193675, 456
3937, 66, 84, 368, 40, 0, 9.48%, 46, 0, 4, 15696.72, 63274940, 456
3942, 66, 53, 368, 40, 0, 9.48%, 46, 0, 4, 15861.18, 63358178, 456
3947, 66, 84, 368, 39, 0, 9.48%, 46, 0, 4, 12636.93, 63423733, 456
3952, 66, 124, 368, 39, 0, 9.48%, 46, 0, 4, 15359.71, 63505386, 456
3957, 66, 84, 368, 39, 0, 9.48%, 46, 0, 4, 15901.99, 63588765, 456
3962, 66, 84, 368, 39, 0, 9.48%, 46, 0, 4, 15904.42, 63672157, 456
3968, 66, 84, 368, 39, 0, 9.48%, 46, 0, 4, 15834.16, 63753650, 456
3973, 67, 73, 368, 39, 0, 9.48%, 46, 0, 4, 15277.75, 63832359, 456
3978, 67, 144, 368, 39, 0, 9.48%, 46, 0, 4, 16276.53, 63916688, 456
3983, 67, 53, 368, 39, 0, 9.48%, 46, 0, 4, 15695.94, 63996938, 456
3988, 67, 84, 368, 39, 0, 9.48%, 46, 0, 4, 15868.98, 64079571, 456
3993, 67, 84, 368, 39, 0, 9.48%, 46, 0, 4, 15475.57, 64159317, 456
3999, 67, 25, 368, 39, 0, 9.48%, 46, 0, 4, 15472.22, 64240549, 456
4004, 67, 90, 368, 39, 0, 9.48%, 46, 0, 4, 15228.75, 64318182, 456
4009, 67, 53, 368, 39, 0, 9.48%, 46, 0, 4, 15067.54, 64397224, 456
4014, 67, 20, 368, 39, 0, 9.48%, 46, 0, 4, 15789.76, 64479564, 456
4019, 67, 90, 368, 39, 0, 9.48%, 46, 0, 4, 15968.20, 64562774, 456
4025, 67, 95, 368, 39, 0, 9.48%, 46, 0, 4, 15838.23, 64644871, 456
4030, 67, 84, 368, 39, 0, 9.48%, 46, 0, 4, 15817.85, 64725870, 456
4035, 67, 20, 368, 39, 0, 9.48%, 46, 0, 4, 15520.98, 64806442, 456
4040, 68, 92, 368, 39, 0, 9.48%, 46, 0, 4, 15385.55, 64886300, 456
4045, 68, 53, 368, 39, 0, 9.48%, 46, 0, 4, 15929.66, 64969447, 456
4050, 68, 198, 368, 39, 0, 9.48%, 46, 0, 4, 16250.76, 65053251, 456
4056, 68, 47, 368, 39, 0, 9.48%, 46, 0, 4, 16181.96, 65136014, 456
4061, 68, 47, 368, 39, 0, 9.48%, 46, 0, 4, 15894.82, 65217674, 456
4066, 68, 90, 368, 39, 0, 9.48%, 46, 0, 4, 15692.21, 65298887, 456
4071, 68, 56, 368, 39, 0, 9.48%, 46, 0, 4, 15392.29, 65376713, 456
4076, 68, 53, 368, 39, 0, 9.48%, 46, 0, 4, 15329.05, 65457019, 456
4081, 68, 84, 368, 39, 0, 9.48%, 46, 0, 4, 15219.76, 65532660, 456
4086, 68, 100, 368, 39, 0, 9.48%, 46, 0, 4, 15442.15, 65612941, 456
4091, 68, 84, 368, 38, 0, 9.48%, 46, 0, 4, 9415.25, 65663086, 456
4097, 68, 185, 368, 38, 0, 9.48%, 46, 0, 4, 14956.53, 65747989, 456
4102, 68, 84, 368, 38, 0, 9.48%, 46, 0, 4, 15305.73, 65828755, 456
4107, 69, 53, 369, 39, 0, 9.48%, 46, 0, 4, 15602.57, 65909633, 456
4112, 69, 90, 369, 39, 0, 9.48%, 46, 0, 4, 15667.92, 65989709, 456
4117, 69, 84, 369, 39, 0, 9.48%, 46, 0, 4, 15267.36, 66069950, 456
4122, 69, 56, 369, 39, 0, 9.48%, 46, 0, 4, 15299.48, 66149104, 456
4128, 69, 90, 369, 39, 0, 9.48%, 46, 0, 4, 15944.13, 66231576, 456
4133, 69, 80, 369, 39, 0, 9.48%, 46, 0, 4, 15748.67, 66312132, 456
4138, 69, 92, 369, 39, 0, 9.48%, 46, 0, 4, 15664.11, 66392822, 456
4143, 69, 68, 369, 39, 0, 9.48%, 46, 0, 4, 15699.01, 66473766, 456
4148, 69, 84, 369, 39, 0, 9.48%, 46, 0, 4, 15862.94, 66555644, 456
4153, 69, 71, 369, 39, 0, 9.48%, 46, 0, 4, 15536.41, 66635033, 456
4158, 69, 68, 369, 39, 0, 9.48%, 46, 0, 4, 15614.07, 66711924, 456
4164, 69, 84, 369, 39, 0, 9.48%, 46, 0, 4, 15702.59, 66794091, 456
4169, 69, 349, 369, 39, 0, 9.48%, 46, 0, 4, 5137.02, 66852698, 456
4174, 70, 62, 369, 38, 0, 9.48%, 46, 0, 4, 12379.87, 66917981, 456
4179, 70, 100, 369, 38, 0, 9.48%, 46, 0, 4, 14570.74, 66994427, 456
4184, 70, 84, 369, 38, 0, 9.48%, 46, 0, 4, 15800.16, 67076312, 456
4189, 70, 84, 369, 38, 0, 9.48%, 46, 0, 4, 15911.36, 67159364, 456
4194, 70, 84, 369, 38, 0, 9.48%, 46, 0, 4, 15495.01, 67238607, 456
4200, 70, 47, 369, 38, 0, 9.48%, 46, 0, 4, 15659.32, 67319333, 456
4205, 70, 84, 369, 38, 0, 9.48%, 46, 0, 4, 15833.18, 67401655, 456
4210, 70, 47, 369, 38, 0, 9.48%, 46, 0, 4, 15288.01, 67479410, 456
4215, 70, 150, 369, 38, 0, 9.48%, 46, 0, 4, 15520.46, 67556964, 456
4220, 70, 164, 369, 38, 0, 9.48%, 46, 0, 4, 16078.78, 67641301, 456
4225, 70, 53, 369, 38, 0, 9.48%, 46, 0, 4, 15688.21, 67721524, 456
4230, 70, 91, 369, 38, 0, 9.48%, 46, 0, 4, 15916.89, 67803902, 456
4236, 70, 9, 369, 38, 0, 9.48%, 46, 0, 4, 15853.31, 67884679, 456
4241, 71, 100, 369, 38, 0, 9.48%, 46, 0, 4, 15342.88, 67963571, 456
4246, 71, 95, 369, 38, 0, 9.48%, 46, 0, 4, 16143.51, 68047688, 456
4251, 71, 141, 369, 38, 0, 9.48%, 46, 0, 4, 15973.62, 68130861, 456
4256, 71, 84, 369, 38, 0, 9.48%, 46, 0, 4, 16345.99, 68215077, 456
4261, 71, 20, 369, 38, 0, 9.48%, 46, 0, 4, 15534.08, 68294454, 456
4267, 71, 84, 369, 38, 0, 9.48%, 46, 0, 4, 15734.31, 68374699, 456
4272, 71, 9, 369, 38, 0, 9.48%, 46, 0, 4, 15772.77, 68456654, 456
4277, 71, 9, 369, 38, 0, 9.48%, 46, 0, 4, 16180.66, 68539853, 456
4282, 71, 90, 369, 37, 0, 9.48%, 46, 0, 4, 15489.65, 68617317, 456
4287, 71, 84, 369, 37, 0, 9.48%, 46, 0, 4, 16188.96, 68702819, 456
4292, 71, 84, 369, 37, 0, 9.48%, 46, 0, 4, 15894.64, 68785024, 456
4298, 71, 70, 369, 37, 0, 9.48%, 46, 0, 4, 16074.01, 68868433, 456
4303, 72, 152, 369, 37, 0, 9.48%, 46, 0, 4, 16088.67, 68947907, 456
4308, 72, 151, 369, 37, 0, 9.48%, 46, 0, 4, 16460.69, 69033096, 456
4313, 72, 53, 369, 37, 0, 9.48%, 46, 0, 4, 15102.01, 69108904, 456
4318, 72, 47, 369, 37, 0, 9.48%, 46, 0, 4, 15335.06, 69187507, 456
4323, 72, 92, 369, 37, 0, 9.48%, 46, 0, 4, 14953.63, 69262909, 456
4328, 72, 90, 369, 37, 0, 9.48%, 46, 0, 4, 15471.16, 69343993, 456
4334, 72, 53, 369, 37, 0, 9.48%, 46, 0, 4, 15571.48, 69424957, 456
4339, 72, 92, 369, 37, 0, 9.48%, 46, 0, 4, 15156.53, 69500183, 456
4344, 72, 194, 369, 37, 0, 9.48%, 46, 0, 4, 15247.59, 69579797, 456
4349, 72, 84, 369, 37, 0, 9.48%, 46, 0, 4, 16189.13, 69663946, 456
4354, 72, 84, 369, 37, 0, 9.48%, 46, 0, 4, 15449.38, 69740278, 456
4359, 72, 90, 369, 37, 0, 9.48%, 46, 0, 4, 15705.17, 69821119, 456
4364, 73, 84, 369, 37, 0, 9.48%, 46, 0, 4, 16325.50, 69905708, 456
4369, 73, 185, 369, 37, 0, 9.48%, 46, 0, 4, 16226.37, 69988979, 456
4374, 73, 363, 369, 37, 0, 9.48%, 46, 0, 4, 7975.12, 70044037, 456
4380, 73, 95, 369, 36, 0, 9.48%, 46, 0, 4, 11229.44, 70099601, 456
4385, 73, 62, 369, 36, 0, 9.48%, 46, 0, 4, 14732.55, 70176744, 456
4390, 73, 84, 369, 36, 0, 9.48%, 46, 0, 4, 14989.27, 70254990, 456
4395, 73, 59, 369, 36, 0, 9.48%, 46, 0, 4, 15928.03, 70336471, 456
4400, 73, 352, 369, 36, 0, 9.48%, 46, 0, 4, 14019.27, 70410280, 456
4405, 73, 84, 369, 35, 0, 9.48%, 46, 0, 4, 15354.83, 70490522, 456
4410, 73, 84, 369, 35, 0, 9.48%, 46, 0, 4, 15893.39, 70572710, 456
4416, 73, 9, 369, 35, 0, 9.48%, 46, 0, 4, 15845.74, 70653260, 456
4421, 73, 84, 369, 35, 0, 9.48%, 46, 0, 4, 15828.74, 70734806, 456
4426, 73, 84, 369, 35, 0, 9.48%, 46, 0, 4, 16474.64, 70819454, 456
4431, 73, 53, 369, 35, 0, 9.48%, 46, 0, 4, 16043.90, 70901747, 456
4436, 74, 95, 369, 35, 0, 9.48%, 46, 0, 4, 15853.03, 70982429, 456
4441, 74, 95, 369, 35, 0, 9.48%, 46, 0, 4, 16008.69, 71065134, 456
4447, 74, 53, 369, 35, 0, 9.48%, 46, 0, 4, 15287.54, 71144648, 456
4452, 74, 90, 369, 35, 0, 9.48%, 46, 0, 4, 15383.01, 71225044, 456
4457, 74, 53, 369, 35, 0, 9.48%, 46, 0, 4, 15396.32, 71303818, 456
4462, 74, 95, 369, 35, 0, 9.48%, 46, 0, 4, 15811.82, 71383963, 456
4467, 74, 47, 369, 35, 0, 9.48%, 46, 0, 4, 16003.14, 71466202, 456
4472, 74, 84, 369, 35, 0, 9.48%, 46, 0, 4, 15895.81, 71548446, 456
4477, 74, 9, 369, 35, 0, 9.48%, 46, 0, 4, 16313.23, 71633597, 456
4482, 74, 84, 369, 35, 0, 9.48%, 46, 0, 4, 16192.67, 71716353, 456
4488, 74, 53, 369, 35, 0, 9.48%, 46, 0, 4, 15266.18, 71795699, 456
4493, 74, 56, 369, 35, 0, 9.48%, 46, 0, 4, 15193.25, 71873956, 456
4498, 75, 91, 369, 35, 0, 9.48%, 46, 0, 4, 15800.96, 71955966, 456
4503, 75, 84, 369, 35, 0, 9.48%, 46, 0, 4, 15398.40, 72036095, 456
4508, 75, 84, 369, 35, 0, 9.48%, 46, 0, 4, 15609.24, 72116936, 456
4513, 75, 9, 369, 34, 0, 9.48%, 46, 0, 4, 15186.22, 72190997, 456
4519, 75, 100, 369, 34, 0, 9.48%, 46, 0, 4, 15498.31, 72271801, 456
4524, 75, 53, 369, 34, 0, 9.48%, 46, 0, 4, 15540.64, 72351897, 456
4529, 75, 84, 369, 34, 0, 9.48%, 46, 0, 4, 15534.35, 72431876, 456
4534, 75, 198, 369, 34, 0, 9.48%, 46, 0, 4, 15861.03, 72514025, 456
4539, 75, 90, 369, 34, 0, 9.48%, 46, 0, 4, 16030.09, 72596886, 456
4544, 75, 90, 369, 34, 0, 9.48%, 46, 0, 4, 16097.40, 72677817, 456
4550, 75, 25, 369, 34, 0, 9.48%, 46, 0, 4, 15634.53, 72760365, 456
4555, 75, 47, 369, 33, 0, 9.48%, 46, 0, 4, 12991.01, 72820058, 456
4560, 75, 84, 369, 33, 0, 9.48%, 46, 0, 4, 14686.20, 72899260, 456
4565, 76, 185, 369, 33, 0, 9.48%, 46, 0, 4, 15702.74, 72978709, 456
4570, 76, 230, 369, 33, 0, 9.48%, 46, 0, 4, 16225.79, 73063344, 456
4575, 76, 92, 369, 33, 0, 9.48%, 46, 0, 4, 16021.51, 73145850, 456
4580, 76, 53, 369, 33, 0, 9.48%, 46, 0, 4, 15833.68, 73227915, 456
4586, 76, 92, 369, 33, 0, 9.48%, 46, 0, 4, 16196.27, 73311469, 456
4591, 76, 56, 369, 33, 0, 9.48%, 46, 0, 4, 16126.37, 73394400, 456
4596, 76, 84, 369, 33, 0, 9.48%, 46, 0, 4, 15567.22, 73473416, 456
4601, 76, 84, 369, 33, 0, 9.48%, 46, 0, 4, 16321.59, 73557282, 456
4606, 76, 53, 369, 33, 0, 9.48%, 46, 0, 4, 15915.62, 73638547, 456
4611, 76, 90, 369, 32, 0, 9.48%, 46, 0, 4, 16254.06, 73722475, 456
4616, 76, 194, 369, 32, 0, 9.48%, 46, 0, 4, 16234.47, 73806869, 456
4621, 76, 84, 369, 32, 0, 9.48%, 46, 0, 4, 15951.31, 73887947, 456
4627, 77, 20, 369, 32, 0, 9.48%, 46, 0, 4, 15938.68, 73969454, 456
4632, 77, 92, 369, 31, 0, 9.48%, 46, 0, 4, 16148.31, 74052563, 456
4637, 77, 194, 369, 31, 0, 9.48%, 46, 0, 4, 15785.76, 74133512, 456
4642, 77, 95, 369, 31, 0, 9.48%, 46, 0, 4, 15628.46, 74212911, 456
4647, 77, 9, 369, 31, 0, 9.48%, 46, 0, 4, 15839.91, 74294945, 456
4652, 77, 84, 369, 31, 0, 9.48%, 46, 0, 4, 16288.09, 74379180, 456
4658, 77, 91, 369, 31, 0, 9.48%, 46, 0, 4, 16759.05, 74466067, 456
4663, 77, 53, 369, 31, 0, 9.48%, 46, 0, 4, 16017.77, 74546857, 456
4668, 77, 84, 369, 31, 0, 9.48%, 46, 0, 4, 16403.64, 74632282, 456
4673, 77, 62, 369, 31, 0, 9.48%, 46, 0, 4, 16304.20, 74716642, 456
4678, 77, 95, 369, 31, 0, 9.48%, 46, 0, 4, 15795.82, 74794273, 456
4683, 77, 73, 369, 31, 0, 9.48%, 46, 0, 4, 15798.56, 74874699, 456
4688, 78, 47, 369, 31, 0, 9.48%, 46, 0, 4, 15793.83, 74956015, 456
4694, 78, 90, 369, 31, 0, 9.48%, 46, 0, 4, 15562.35, 75034797, 456
4699, 78, 95, 369, 31, 0, 9.48%, 46, 0, 4, 15589.82, 75114297, 456
4704, 78, 84, 369, 31, 0, 9.48%, 46, 0, 4, 15526.92, 75190820, 456
4709, 78, 136, 369, 31, 0, 9.48%, 46, 0, 4, 13407.27, 75260620, 456
4714, 78, 84, 369, 31, 0, 9.48%, 46, 0, 4, 14885.43, 75336193, 456
4719, 78, 53, 369, 31, 0, 9.48%, 46, 0, 4, 15257.68, 75416439, 456
4724, 78, 48, 369, 31, 0, 9.48%, 46, 0, 4, 15555.34, 75496132, 456
4729, 78, 90, 369, 31, 0, 9.48%, 46, 0, 4, 15797.12, 75577769, 456
4735, 78, 100, 369, 31, 0, 9.48%, 46, 0, 4, 15381.00, 75657795, 456
4740, 78, 150, 369, 31, 0, 9.48%, 46, 0, 4, 15421.76, 75738072, 456
4745, 78, 20, 369, 31, 0, 9.48%, 46, 0, 4, 15807.73, 75820095, 456
4750, 78, 9, 369, 31, 0, 9.48%, 46, 0, 4, 15440.10, 75900228, 456
4755, 79, 53, 369, 31, 0, 9.48%, 46, 0, 4, 14996.70, 75978329, 456
4761, 79, 36, 369, 31, 0, 9.48%, 46, 0, 4, 15157.17, 76056727, 456
4766, 79, 53, 369, 31, 0, 9.48%, 46, 0, 4, 15287.96, 76135599, 456
4771, 79, 84, 370, 32, 0, 9.48%, 46, 0, 4, 15179.93, 76213769, 456
4776, 79, 84, 370, 32, 0, 9.48%, 46, 0, 4, 15769.17, 76294752, 456
4781, 79, 185, 370, 32, 0, 9.48%, 46, 0, 4, 15904.53, 76377370, 456
4786, 79, 53, 370, 32, 0, 9.48%, 46, 0, 4, 15346.32, 76455496, 456
4792, 79, 100, 370, 32, 0, 9.48%, 46, 0, 4, 14801.21, 76532516, 456
4797, 79, 90, 370, 32, 0, 9.48%, 46, 0, 4, 15838.86, 76614588, 456
4802, 79, 20, 370, 32, 0, 9.48%, 46, 0, 4, 15853.64, 76696951, 456
4807, 79, 92, 370, 32, 0, 9.48%, 46, 0, 4, 15522.12, 76776589, 456
4812, 79, 322, 370, 32, 0, 9.48%, 46, 0, 4, 14159.22, 76850685, 456
4817, 80, 90, 370, 32, 0, 9.48%, 46, 0, 4, 15052.91, 76926341, 456
4823, 80, 91, 370, 32, 0, 9.48%, 46, 0, 4, 15290.10, 77006802, 456
4828, 80, 20, 370, 32, 0, 9.48%, 46, 0, 4, 15552.92, 77085310, 456
4833, 80, 95, 370, 32, 0, 9.48%, 46, 0, 4, 14839.25, 77162863, 456
4838, 80, 70, 370, 32, 0, 9.48%, 46, 0, 4, 15142.24, 77240848, 456
4843, 80, 141, 370, 32, 0, 9.48%, 46, 0, 4, 15785.38, 77323217, 456
4848, 80, 53, 370, 32, 0, 9.48%, 46, 0, 4, 15515.90, 77400898, 456
4853, 80, 84, 370, 31, 0, 9.48%, 46, 0, 4, 15486.68, 77480733, 456
4858, 80, 90, 370, 31, 0, 9.48%, 46, 0, 4, 15679.10, 77558246, 456
4863, 80, 53, 370, 31, 0, 9.48%, 46, 0, 4, 15453.62, 77638708, 456
4869, 80, 20, 370, 31, 0, 9.48%, 46, 0, 4, 15815.22, 77720026, 456
4874, 80, 20, 370, 31, 0, 9.48%, 46, 0, 4, 14813.89, 77796713, 456
4879, 80, 84, 370, 31, 0, 9.48%, 46, 0, 4, 15214.28, 77876336, 456
4884, 81, 95, 370, 31, 0, 9.48%, 46, 0, 4, 15613.46, 77957841, 456
4889, 81, 53, 370, 31, 0, 9.48%, 46, 0, 4, 15775.34, 78040242, 456
4894, 81, 53, 370, 31, 0, 9.48%, 46, 0, 4, 15187.35, 78117821, 456
4900, 81, 211, 370, 31, 0, 9.48%, 46, 0, 4, 15480.84, 78196971, 456
4905, 81, 56, 370, 31, 0, 9.48%, 46, 0, 4, 15148.44, 78275382, 456
4910, 81, 84, 370, 31, 0, 9.48%, 46, 0, 4, 15676.73, 78355788, 456
4915, 81, 90, 370, 31, 0, 9.48%, 46, 0, 4, 15817.79, 78438101, 456
4920, 81, 90, 370, 31, 0, 9.48%, 46, 0, 4, 15634.09, 78519381, 456
4925, 81, 95, 370, 31, 0, 9.48%, 46, 0, 4, 15870.27, 78601172, 456
4931, 81, 84, 370, 31, 0, 9.48%, 46, 0, 4, 15460.97, 78682025, 456
4936, 81, 84, 370, 31, 0, 9.48%, 46, 0, 4, 16117.29, 78765896, 456
4941, 81, 20, 370, 31, 0, 9.48%, 46, 0, 4, 15548.09, 78845380, 456
4946, 82, 9, 370, 31, 0, 9.48%, 46, 0, 4, 15806.23, 78926808, 456
4951, 82, 36, 370, 31, 0, 9.48%, 46, 0, 4, 15558.14, 79007055, 456
4956, 82, 95, 370, 31, 0, 9.48%, 46, 0, 4, 14985.76, 79083743, 456
4962, 82, 100, 370, 31, 0, 9.48%, 46, 0, 4, 15302.90, 79163161, 456
4967, 82, 84, 370, 31, 0, 9.48%, 46, 0, 4, 15961.86, 79245162, 456
4972, 82, 53, 370, 31, 0, 9.48%, 46, 0, 4, 15268.66, 79323995, 456
4977, 82, 92, 370, 31, 0, 9.48%, 46, 0, 4, 15764.27, 79404867, 456
4982, 82, 90, 370, 31, 0, 9.48%, 46, 0, 4, 15089.37, 79482718, 456
4987, 82, 95, 370, 30, 0, 9.48%, 46, 0, 4, 14852.99, 79551992, 456
4992, 82, 53, 370, 30, 0, 9.48%, 46, 0, 4, 14825.70, 79629831, 456
4998, 82, 84, 370, 30, 0, 9.48%, 46, 0, 4, 15703.23, 79711722, 456
5003, 82, 68, 370, 30, 0, 9.48%, 46, 0, 4, 15542.66, 79791357, 456
5008, 83, 20, 370, 30, 0, 9.48%, 46, 0, 4, 15381.23, 79871106, 456
5013, 83, 53, 370, 30, 0, 9.48%, 46, 0, 4, 15222.63, 79946765, 456
5018, 83, 84, 370, 30, 0, 9.48%, 46, 0, 4, 15509.56, 80028711, 456
5023, 83, 9, 370, 30, 0, 9.48%, 46, 0, 4, 15337.42, 80107374, 456
5028, 83, 36, 370, 30, 0, 9.48%, 46, 0, 4, 15490.13, 80187053, 456
5034, 83, 185, 370, 30, 0, 9.48%, 46, 0, 4, 15311.50, 80265140, 456
5039, 83, 194, 370, 30, 0, 9.48%, 46, 0, 4, 15216.88, 80343574, 456
5044, 83, 25, 370, 30, 0, 9.48%, 46, 0, 4, 15244.70, 80420193, 456
5049, 83, 53, 370, 30, 0, 9.48%, 46, 0, 4, 15712.91, 80502062, 456
5054, 83, 84, 370, 30, 0, 9.48%, 46, 0, 4, 15115.06, 80578109, 456
5059, 83, 53, 370, 30, 0, 9.48%, 46, 0, 4, 14631.56, 80654892, 456
5064, 83, 90, 370, 30, 0, 9.48%, 46, 0, 4, 15167.90, 80732945, 456
5070, 83, 95, 370, 30, 0, 9.48%, 46, 0, 4, 15300.37, 80812635, 456
5075, 84, 362, 370, 30, 0, 9.48%, 46, 0, 4, 2732.06, 80889056, 456
5080, 84, 84, 370, 29, 0, 9.48%, 46, 0, 4, 10868.22, 80948379, 456
5085, 84, 20, 370, 29, 0, 9.48%, 46, 0, 4, 13802.08, 81024737, 456
5090, 84, 84, 370, 29, 0, 9.48%, 46, 0, 4, 15339.35, 81106837, 456
5095, 84, 47, 370, 29, 0, 9.48%, 46, 0, 4, 15392.08, 81187091, 456
5101, 84, 100, 370, 29, 0, 9.48%, 46, 0, 4, 14409.10, 81259133, 456
5106, 84, 90, 370, 29, 0, 9.48%, 46, 0, 4, 15478.22, 81339233, 456
5111, 84, 20, 370, 29, 0, 9.48%, 46, 0, 4, 15665.28, 81421004, 456
5116, 84, 84, 370, 29, 0, 9.48%, 46, 0, 4, 14970.74, 81496272, 456
5121, 84, 194, 370, 29, 0, 9.48%, 46, 0, 4, 15212.72, 81575197, 456
5126, 84, 84, 370, 29, 0, 9.48%, 46, 0, 4, 15416.89, 81654650, 456
5132, 84, 91, 370, 29, 0, 9.48%, 46, 0, 4, 15399.71, 81733416, 456
5137, 84, 84, 370, 29, 0, 9.48%, 46, 0, 4, 15695.87, 81814449, 456
5142, 85, 84, 370, 29, 0, 9.48%, 46, 0, 4, 15608.64, 81894359, 456
5147, 85, 53, 370, 29, 0, 9.48%, 46, 0, 4, 15109.00, 81973037, 456
5152, 85, 84, 370, 29, 0, 9.48%, 46, 0, 4, 15085.70, 82048627, 456
5157, 85, 90, 370, 29, 0, 9.48%, 46, 0, 4, 15581.02, 82129323, 456
5162, 85, 151, 370, 29, 0, 9.48%, 46, 0, 4, 15073.07, 82203735, 456
5167, 85, 185, 370, 29, 0, 9.48%, 46, 0, 4, 15449.68, 82284294, 456
5172, 85, 84, 370, 29, 0, 9.48%, 46, 0, 4, 16043.08, 82366199, 456
5178, 85, 84, 370, 29, 0, 9.48%, 46, 0, 4, 15358.45, 82445988, 456
5183, 85, 53, 370, 29, 0, 9.48%, 46, 0, 4, 15668.96, 82526526, 456
5188, 85, 53, 370, 29, 0, 9.48%, 46, 0, 4, 15724.75, 82608328, 456
5193, 85, 25, 370, 29, 0, 9.48%, 46, 0, 4, 15753.21, 82689847, 456
5198, 85, 90, 370, 29, 0, 9.48%, 46, 0, 4, 15835.71, 82771758, 456
5203, 86, 84, 370, 29, 0, 9.48%, 46, 0, 4, 15538.53, 82852135, 456
5209, 86, 84, 370, 29, 0, 9.48%, 46, 0, 4, 14632.55, 82926191, 456
5214, 86, 90, 370, 29, 0, 9.48%, 46, 0, 4, 14628.70, 83001635, 456
5219, 86, 84, 370, 29, 0, 9.48%, 46, 0, 4, 15225.19, 83082711, 456
5224, 86, 230, 370, 29, 0, 9.48%, 46, 0, 4, 15315.19, 83159765, 456
5229, 86, 60, 370, 29, 0, 9.48%, 46, 0, 4, 15226.14, 83238584, 456
5234, 86, 20, 370, 29, 0, 9.48%, 46, 0, 4, 15928.77, 83319982, 456
5240, 86, 20, 370, 29, 0, 9.48%, 46, 0, 4, 15550.04, 83400043, 456
5245, 86, 90, 370, 29, 0, 9.48%, 46, 0, 4, 15557.76, 83479860, 456
5250, 86, 20, 370, 29, 0, 9.48%, 46, 0, 4, 15543.50, 83562022, 456
5255, 86, 84, 370, 29, 0, 9.48%, 46, 0, 4, 15453.17, 83642059, 456
5260, 86, 47, 370, 29, 0, 9.48%, 46, 0, 4, 15669.61, 83722931, 456
5265, 87, 91, 370, 29, 0, 9.48%, 46, 0, 4, 15370.21, 83802669, 456
5271, 87, 53, 370, 29, 0, 9.48%, 46, 0, 4, 15111.06, 83882522, 456
5276, 87, 126, 370, 29, 0, 9.48%, 46, 0, 4, 15367.17, 83962074, 456
5281, 87, 84, 370, 29, 0, 9.48%, 46, 0, 4, 15579.14, 84042145, 456
5286, 87, 9, 370, 29, 0, 9.48%, 46, 0, 4, 15591.80, 84121835, 456
5291, 87, 91, 370, 29, 0, 9.48%, 46, 0, 4, 15850.73, 84204543, 456
5296, 87, 84, 370, 29, 0, 9.48%, 46, 0, 4, 15790.34, 84284192, 456
5301, 87, 20, 370, 29, 0, 9.48%, 46, 0, 4, 15156.86, 84359664, 456
5307, 87, 53, 370, 29, 0, 9.48%, 46, 0, 4, 15664.81, 84440467, 456
5312, 87, 95, 370, 29, 0, 9.48%, 46, 0, 4, 15137.54, 84517940, 456
5317, 87, 95, 370, 29, 0, 9.48%, 46, 0, 4, 15540.90, 84597107, 456
5322, 87, 83, 370, 29, 0, 9.48%, 46, 0, 4, 15457.49, 84677066, 456
5327, 87, 84, 370, 29, 0, 9.48%, 46, 0, 4, 15482.35, 84756156, 456
5332, 88, 84, 370, 29, 0, 9.48%, 46, 0, 4, 15525.74, 84836572, 456
5338, 88, 84, 370, 29, 0, 9.48%, 46, 0, 4, 15591.68, 84916679, 456
5343, 88, 95, 370, 29, 0, 9.48%, 46, 0, 4, 15665.28, 84994740, 456
5348, 88, 92, 370, 29, 0, 9.48%, 46, 0, 4, 15493.32, 85071908, 456
5353, 88, 90, 370, 29, 0, 9.48%, 46, 0, 4, 15724.30, 85153970, 456
5358, 88, 20, 370, 29, 0, 9.48%, 46, 0, 4, 15567.64, 85231918, 456
5363, 88, 53, 370, 29, 0, 9.48%, 46, 0, 4, 14942.46, 85308556, 456
5368, 88, 95, 370, 29, 0, 9.48%, 46, 0, 4, 15975.02, 85391393, 456
5373, 88, 83, 370, 29, 0, 9.48%, 46, 0, 4, 15731.49, 85472200, 456
5379, 88, 56, 370, 29, 0, 9.48%, 46, 0, 4, 15757.75, 85553305, 456
5384, 88, 53, 370, 29, 0, 9.48%, 46, 0, 4, 14931.73, 85632188, 456
5389, 88, 53, 370, 29, 0, 9.48%, 46, 0, 4, 15419.54, 85712156, 456
5394, 89, 36, 370, 29, 0, 9.48%, 46, 0, 4, 15896.22, 85793497, 456
5399, 89, 84, 370, 29, 0, 9.48%, 46, 0, 4, 15734.10, 85874567, 456
5404, 89, 20, 370, 29, 0, 9.48%, 46, 0, 4, 15467.68, 85953763, 456
5410, 89, 47, 370, 29, 0, 9.48%, 46, 0, 4, 15657.64, 86035431, 456
5415, 89, 95, 370, 29, 0, 9.48%, 46, 0, 4, 15136.03, 86114342, 456
5420, 89, 368, 370, 29, 0, 9.48%, 46, 0, 4, 15282.95, 86193464, 456
5425, 89, 95, 370, 29, 0, 9.48%, 46, 0, 4, 15039.23, 86264922, 456
5430, 89, 53, 370, 29, 0, 9.48%, 46, 0, 4, 15184.46, 86344576, 456
5435, 89, 56, 370, 29, 0, 9.48%, 46, 0, 4, 15428.17, 86423622, 456
5440, 89, 84, 370, 29, 0, 9.48%, 46, 0, 4, 15613.66, 86502850, 456
5446, 89, 95, 370, 29, 0, 9.48%, 46, 0, 4, 15794.25, 86584393, 456
5451, 89, 56, 370, 29, 0, 9.48%, 46, 0, 4, 15948.52, 86667315, 456
5456, 89, 84, 370, 29, 0, 9.48%, 46, 0, 4, 15631.78, 86745502, 456
5461, 90, 84, 370, 29, 0, 9.48%, 46, 0, 4, 15198.89, 86824328, 456
5466, 90, 84, 370, 29, 0, 9.48%, 46, 0, 4, 15071.08, 86901403, 456
5471, 90, 84, 370, 29, 0, 9.48%, 46, 0, 4, 14677.16, 86978958, 456
5476, 90, 20, 370, 29, 0, 9.48%, 46, 0, 4, 15485.28, 87060365, 456
5482, 90, 212, 370, 29, 0, 9.48%, 46, 0, 4, 15479.74, 87140174, 456
5487, 90, 92, 370, 29, 0, 9.48%, 46, 0, 4, 15246.14, 87219829, 456
5492, 90, 84, 370, 29, 0, 9.48%, 46, 0, 4, 15631.75, 87300498, 456
5497, 90, 70, 370, 29, 0, 9.48%, 46, 0, 4, 15387.91, 87379203, 456
5502, 90, 84, 370, 29, 0, 9.48%, 46, 0, 4, 14976.99, 87457671, 456
5507, 90, 84, 370, 29, 0, 9.48%, 46, 0, 4, 16218.10, 87542208, 456
5513, 90, 84, 370, 29, 0, 9.48%, 46, 0, 4, 15572.03, 87621964, 456
5518, 90, 84, 370, 29, 0, 9.48%, 46, 0, 4, 14954.70, 87698795, 456
5523, 91, 369, 370, 29, 0, 9.48%, 46, 0, 4, 15111.80, 87776257, 456
5528, 91, 150, 370, 28, 0, 9.48%, 46, 0, 4, 14283.52, 87842039, 456
5533, 91, 280, 370, 28, 0, 9.48%, 46, 0, 4, 14114.83, 87913679, 456
5538, 91, 90, 370, 28, 0, 9.48%, 46, 0, 4, 15168.46, 87990773, 456
5543, 91, 263, 370, 28, 0, 9.48%, 46, 0, 4, 15437.73, 88071151, 456
5549, 91, 53, 370, 28, 0, 9.48%, 46, 0, 4, 15467.91, 88151890, 456
5554, 91, 84, 370, 28, 0, 9.48%, 46, 0, 4, 15866.95, 88234463, 456
5559, 91, 84, 370, 28, 0, 9.48%, 46, 0, 4, 15910.22, 88317097, 456
5564, 91, 95, 370, 28, 0, 9.48%, 46, 0, 4, 15714.70, 88398220, 456
5569, 91, 53, 370, 28, 0, 9.48%, 46, 0, 4, 15313.34, 88476518, 456
5574, 91, 92, 370, 28, 0, 9.48%, 46, 0, 4, 15106.57, 88552903, 456
5580, 91, 95, 370, 28, 0, 9.48%, 46, 0, 4, 14681.75, 88630206, 456
5585, 91, 84, 370, 28, 0, 9.48%, 46, 0, 4, 15412.68, 88710247, 456
5590, 92, 9, 370, 28, 0, 9.48%, 46, 0, 4, 15430.11, 88789081, 456
5595, 92, 90, 370, 28, 0, 9.48%, 46, 0, 4, 15094.81, 88866824, 456
5600, 92, 53, 370, 28, 0, 9.48%, 46, 0, 4, 15391.32, 88948399, 456
5605, 92, 150, 370, 28, 0, 9.48%, 46, 0, 4, 15011.26, 89025015, 456
5611, 92, 53, 370, 28, 0, 9.48%, 46, 0, 4, 14669.43, 89097990, 456
5616, 92, 53, 370, 28, 0, 9.48%, 46, 0, 4, 14950.42, 89176112, 456
5621, 92, 91, 370, 28, 0, 9.48%, 46, 0, 4, 15486.63, 89257572, 456
5626, 92, 8, 370, 28, 0, 9.48%, 46, 0, 4, 15494.99, 89337292, 456
5631, 92, 95, 370, 28, 0, 9.48%, 46, 0, 4, 15225.73, 89416152, 456
5636, 92, 84, 370, 28, 0, 9.48%, 46, 0, 4, 15826.84, 89497864, 456
5642, 92, 68, 370, 28, 0, 9.48%, 46, 0, 4, 15648.63, 89578337, 456
5647, 92, 84, 370, 28, 0, 9.48%, 46, 0, 4, 15767.26, 89658549, 456
5652, 92, 84, 370, 28, 0, 9.48%, 46, 0, 4, 15055.57, 89737543, 456
5657, 93, 36, 370, 28, 0, 9.48%, 46, 0, 4, 15880.82, 89819654, 456
5662, 93, 84, 370, 28, 0, 9.48%, 46, 0, 4, 15535.61, 89899512, 456
5667, 93, 90, 370, 28, 0, 9.48%, 46, 0, 4, 15469.87, 89980434, 456
5673, 93, 84, 370, 28, 0, 9.48%, 46, 0, 4, 14526.45, 90055330, 456
5678, 93, 90, 370, 28, 0, 9.48%, 46, 0, 4, 15455.91, 90136755, 456
5683, 93, 56, 370, 28, 0, 9.48%, 46, 0, 4, 15636.70, 90219241, 456
5688, 93, 84, 370, 28, 0, 9.48%, 46, 0, 4, 15640.31, 90300060, 456
5693, 93, 100, 370, 28, 0, 9.48%, 46, 0, 4, 15531.74, 90379557, 456
5698, 93, 84, 370, 28, 0, 9.48%, 46, 0, 4, 15356.92, 90458987, 456
5704, 93, 84, 370, 28, 0, 9.48%, 46, 0, 4, 15677.32, 90540219, 456
5709, 93, 84, 370, 28, 0, 9.48%, 46, 0, 4, 15591.13, 90619912, 456
5714, 93, 62, 370, 28, 0, 9.48%, 46, 0, 4, 15553.23, 90699393, 456
5719, 94, 53, 370, 28, 0, 9.48%, 46, 0, 4, 16042.16, 90782242, 456
5724, 94, 90, 370, 28, 0, 9.48%, 46, 0, 4, 15896.07, 90864224, 456
5729, 94, 84, 370, 28, 0, 9.48%, 46, 0, 4, 15831.62, 90946312, 456
5735, 94, 84, 370, 28, 0, 9.48%, 46, 0, 4, 15733.96, 91027102, 456
5740, 94, 53, 370, 28, 0, 9.48%, 46, 0, 4, 15363.18, 91107563, 456
5745, 94, 141, 370, 28, 0, 9.48%, 46, 0, 4, 15766.80, 91188328, 456
5750, 94, 95, 370, 28, 0, 9.48%, 46, 0, 4, 15436.08, 91268662, 456
5755, 94, 84, 370, 28, 0, 9.48%, 46, 0, 4, 15881.46, 91351514, 456
5761, 94, 84, 370, 28, 0, 9.48%, 46, 0, 4, 15841.99, 91432676, 456
5766, 94, 90, 370, 28, 0, 9.48%, 46, 0, 4, 15990.73, 91514420, 456
5771, 94, 95, 370, 28, 0, 9.48%, 46, 0, 4, 15736.85, 91594979, 456
5776, 94, 91, 370, 28, 0, 9.48%, 46, 0, 4, 16075.26, 91676667, 456
5781, 95, 95, 370, 28, 0, 9.48%, 46, 0, 4, 15048.60, 91753509, 456
5786, 95, 84, 370, 28, 0, 9.48%, 46, 0, 4, 15101.63, 91831529, 456
5791, 95, 91, 370, 28, 0, 9.48%, 46, 0, 4, 15746.93, 91913267, 456
5797, 95, 53, 370, 28, 0, 9.48%, 46, 0, 4, 15980.90, 91995420, 456
5802, 95, 25, 370, 28, 0, 9.48%, 46, 0, 4, 15595.56, 92073663, 456
5807, 95, 70, 370, 28, 0, 9.48%, 46, 0, 4, 15723.79, 92153519, 456
5812, 95, 84, 370, 28, 0, 9.48%, 46, 0, 4, 15856.99, 92236383, 456
5817, 95, 84, 370, 28, 0, 9.48%, 46, 0, 4, 15468.67, 92316163, 456
5822, 95, 84, 370, 28, 0, 9.48%, 46, 0, 4, 14683.71, 92391953, 456
5828, 95, 25, 370, 28, 0, 9.48%, 46, 0, 4, 14939.76, 92469425, 456
5833, 95, 20, 370, 28, 0, 9.48%, 46, 0, 4, 14745.44, 92544867, 456
5838, 95, 84, 370, 28, 0, 9.48%, 46, 0, 4, 15194.06, 92623815, 456
5843, 95, 91, 370, 28, 0, 9.48%, 46, 0, 4, 15766.96, 92705484, 456
5848, 96, 20, 370, 28, 0, 9.48%, 46, 0, 4, 15198.95, 92782072, 456
5853, 96, 84, 370, 28, 0, 9.48%, 46, 0, 4, 15053.63, 92858606, 456
5858, 96, 53, 370, 28, 0, 9.48%, 46, 0, 4, 15358.86, 92938270, 456
5864, 96, 297, 370, 28, 0, 9.48%, 46, 0, 4, 11442.11, 92997359, 456
5869, 96, 151, 370, 27, 0, 9.48%, 46, 0, 4, 13431.20, 93064607, 456
5874, 96, 47, 370, 27, 0, 9.48%, 46, 0, 4, 15264.31, 93145286, 456
5879, 96, 53, 370, 27, 0, 9.48%, 46, 0, 4, 14492.24, 93221336, 456
5884, 96, 84, 370, 27, 0, 9.48%, 46, 0, 4, 15912.47, 93304020, 456
5889, 96, 20, 370, 27, 0, 9.48%, 46, 0, 4, 15509.78, 93385563, 456
5895, 96, 152, 370, 27, 0, 9.48%, 46, 0, 4, 15347.70, 93462544, 456
5900, 96, 20, 370, 27, 0, 9.48%, 46, 0, 4, 15324.09, 93543065, 456
5905, 96, 25, 370, 27, 0, 9.48%, 46, 0, 4, 15320.28, 93622427, 456
5910, 96, 84, 370, 27, 0, 9.48%, 46, 0, 4, 15224.30, 93701872, 456
5915, 97, 83, 370, 27, 0, 9.48%, 46, 0, 4, 15272.83, 93780951, 456
5920, 97, 9, 370, 27, 0, 9.48%, 46, 0, 4, 15687.05, 93861131, 456
5925, 97, 95, 370, 27, 0, 9.48%, 46, 0, 4, 15526.96, 93938426, 456
5931, 97, 152, 370, 27, 0, 9.48%, 46, 0, 4, 14998.76, 94017610, 456
5936, 97, 90, 370, 27, 0, 9.48%, 46, 0, 4, 14918.33, 94093576, 456
5941, 97, 20, 370, 27, 0, 9.48%, 46, 0, 4, 14918.76, 94168570, 456
5946, 97, 185, 370, 27, 0, 9.48%, 46, 0, 4, 15024.12, 94246171, 456
5951, 97, 53, 370, 27, 0, 9.48%, 46, 0, 4, 15221.29, 94325577, 456
5956, 97, 84, 370, 26, 0, 9.48%, 46, 0, 4, 6775.00, 94373186, 456
5961, 97, 126, 370, 26, 0, 9.48%, 46, 0, 4, 13243.38, 94449681, 456
5967, 97, 20, 370, 26, 0, 9.48%, 46, 0, 4, 15262.27, 94531225, 456
5972, 97, 90, 370, 26, 0, 9.48%, 46, 0, 4, 15322.40, 94611521, 456
5977, 97, 84, 370, 26, 0, 9.48%, 46, 0, 4, 15360.54, 94691938, 456
5982, 97, 84, 370, 26, 0, 9.48%, 46, 0, 4, 15427.39, 94771890, 456
5987, 98, 126, 370, 26, 0, 9.48%, 46, 0, 4, 15545.14, 94852305, 456
5992, 98, 84, 370, 26, 0, 9.48%, 46, 0, 4, 15288.55, 94929281, 456
5998, 98, 84, 370, 26, 0, 9.48%, 46, 0, 4, 15829.94, 95010731, 456
6003, 98, 84, 370, 26, 0, 9.48%, 46, 0, 4, 14639.16, 95084251, 456
6008, 98, 53, 370, 26, 0, 9.48%, 46, 0, 4, 13773.15, 95146607, 456
6013, 98, 84, 370, 26, 0, 9.48%, 46, 0, 4, 14296.68, 95221010, 456
6018, 98, 96, 370, 26, 0, 9.48%, 46, 0, 4, 14987.13, 95299765, 456
6023, 98, 95, 370, 26, 0, 9.48%, 46, 0, 4, 15229.59, 95377606, 456
6028, 98, 53, 370, 26, 0, 9.48%, 46, 0, 4, 14999.90, 95453982, 456
6033, 98, 84, 370, 26, 0, 9.48%, 46, 0, 4, 14999.24, 95530452, 456
6039, 98, 100, 370, 26, 0, 9.48%, 46, 0, 4, 15191.41, 95610612, 456
6044, 98, 47, 370, 26, 0, 9.48%, 46, 0, 4, 15313.67, 95688157, 456
6049, 98, 84, 370, 26, 0, 9.48%, 46, 0, 4, 15623.29, 95769786, 456
6054, 99, 84, 370, 26, 0, 9.48%, 46, 0, 4, 15180.34, 95849403, 456
6059, 99, 84, 370, 26, 0, 9.48%, 46, 0, 4, 15465.49, 95931014, 456
6064, 99, 53, 370, 26, 0, 9.48%, 46, 0, 4, 15431.45, 96010827, 456
6069, 99, 60, 370, 26, 0, 9.48%, 46, 0, 4, 15247.24, 96088924, 456
6075, 99, 60, 370, 26, 0, 9.48%, 46, 0, 4, 15773.95, 96171620, 456
6080, 99, 84, 370, 26, 0, 9.48%, 46, 0, 4, 15614.73, 96251904, 456
6085, 99, 68, 370, 26, 0, 9.48%, 46, 0, 4, 15282.81, 96329653, 456
6090, 99, 53, 370, 26, 0, 9.48%, 46, 0, 4, 14879.00, 96407106, 456
6095, 99, 90, 370, 26, 0, 9.48%, 46, 0, 4, 14620.66, 96481274, 456
6101, 99, 47, 370, 26, 0, 9.48%, 46, 0, 4, 15858.57, 96564466, 456
6106, 99, 84, 370, 26, 0, 9.48%, 46, 0, 4, 15230.87, 96642912, 456
6111, 99, 84, 370, 26, 0, 9.48%, 46, 0, 4, 15559.49, 96722911, 456
6116, 100, 53, 370, 26, 0, 9.48%, 46, 0, 4, 15471.91, 96801052, 456
6121, 100, 47, 370, 26, 0, 9.48%, 46, 0, 4, 15565.16, 96881900, 456
6126, 100, 95, 370, 26, 0, 9.48%, 46, 0, 4, 15833.26, 96962471, 456
6131, 100, 62, 370, 26, 0, 9.48%, 46, 0, 4, 15801.51, 97042625, 456
6136, 100, 53, 370, 26, 0, 9.48%, 46, 0, 4, 15443.55, 97122171, 456
6142, 100, 47, 370, 25, 0, 9.48%, 46, 0, 4, 8013.84, 97168041, 456
6147, 100, 84, 370, 25, 0, 9.48%, 46, 0, 4, 13812.91, 97246898, 456
6152, 100, 90, 370, 25, 0, 9.48%, 46, 0, 4, 14857.27, 97324662, 456
6157, 100, 84, 370, 25, 0, 9.48%, 46, 0, 4, 15616.62, 97405842, 456
6162, 100, 90, 370, 25, 0, 9.48%, 46, 0, 4, 14938.46, 97481469, 456
6167, 100, 59, 370, 25, 0, 9.48%, 46, 0, 4, 14495.82, 97557449, 456
6172, 100, 90, 370, 25, 0, 9.48%, 46, 0, 4, 15198.28, 97635598, 456
6178, 100, 9, 370, 25, 0, 9.48%, 46, 0, 4, 15937.71, 97719127, 456
6183, 100, 126, 370, 25, 0, 9.48%, 46, 0, 4, 14584.35, 97789867, 456
6188, 101, 84, 370, 25, 0, 9.48%, 46, 0, 4, 15721.42, 97872627, 456
6193, 101, 25, 370, 25, 0, 9.48%, 46, 0, 4, 14743.60, 97950175, 456
6198, 101, 20, 370, 25, 0, 9.48%, 46, 0, 4, 15655.20, 98032667, 456
6203, 101, 90, 370, 25, 0, 9.48%, 46, 0, 4, 15833.56, 98114744, 456
6209, 101, 185, 370, 25, 0, 9.48%, 46, 0, 4, 15684.46, 98194997, 456
6214, 101, 53, 370, 25, 0, 9.48%, 46, 0, 4, 15031.15, 98271806, 456
6219, 101, 53, 370, 25, 0, 9.48%, 46, 0, 4, 14816.23, 98348723, 456
6224, 101, 53, 370, 25, 0, 9.48%, 46, 0, 4, 14912.94, 98425876, 456
6229, 101, 20, 370, 25, 0, 9.48%, 46, 0, 4, 15562.75, 98506892, 456
6234, 101, 59, 370, 25, 0, 9.48%, 46, 0, 4, 15251.46, 98583504, 456
6239, 101, 95, 370, 25, 0, 9.48%, 46, 0, 4, 15459.57, 98664676, 456
6245, 101, 84, 370, 25, 0, 9.48%, 46, 0, 4, 15875.55, 98746444, 456
6250, 102, 84, 370, 25, 0, 9.48%, 46, 0, 4, 15418.63, 98825406, 456
6255, 102, 36, 370, 25, 0, 9.48%, 46, 0, 4, 15436.38, 98904678, 456
6260, 102, 100, 370, 25, 0, 9.48%, 46, 0, 4, 15649.57, 98985531, 456
6265, 102, 92, 370, 25, 0, 9.48%, 46, 0, 4, 15770.99, 99066749, 456
6270, 102, 152, 370, 25, 0, 9.48%, 46, 0, 4, 15109.39, 99144988, 456
6276, 102, 92, 370, 25, 0, 9.48%, 46, 0, 4, 15262.25, 99224619, 456
6281, 102, 84, 370, 25, 0, 9.48%, 46, 0, 4, 15271.91, 99303599, 456
6286, 102, 348, 370, 25, 0, 9.48%, 46, 0, 4, 5537.51, 99361542, 456
6291, 102, 80, 370, 24, 0, 9.48%, 46, 0, 4, 12641.36, 99428359, 456
6296, 102, 84, 370, 24, 0, 9.48%, 46, 0, 4, 14998.60, 99508194, 456
6301, 102, 90, 370, 24, 0, 9.48%, 46, 0, 4, 15476.28, 99586175, 456
6306, 102, 84, 370, 24, 0, 9.48%, 46, 0, 4, 15490.76, 99666953, 456
6312, 102, 95, 370, 24, 0, 9.48%, 46, 0, 4, 15327.58, 99747025, 456
6317, 102, 84, 370, 23, 0, 9.48%, 46, 0, 4, 13332.77, 99812034, 456
6322, 103, 53, 370, 23, 0, 9.48%, 46, 0, 4, 15157.68, 99891776, 456
6327, 103, 53, 370, 23, 0, 9.48%, 46, 0, 4, 14298.97, 99965191, 456
6332, 103, 84, 370, 23, 0, 9.48%, 46, 0, 4, 15381.14, 100042607, 456
6337, 103, 185, 370, 23, 0, 9.48%, 46, 0, 4, 15941.41, 100125254, 456
6342, 103, 84, 370, 23, 0, 9.48%, 46, 0, 4, 15402.27, 100204594, 456
6348, 103, 9, 370, 23, 0, 9.48%, 46, 0, 4, 15646.07, 100285756, 456
6353, 103, 196, 370, 23, 0, 9.48%, 46, 0, 4, 15695.06, 100367365, 456
6358, 103, 95, 370, 23, 0, 9.48%, 46, 0, 4, 15476.28, 100446815, 456
6363, 103, 152, 370, 23, 0, 9.48%, 46, 0, 4, 15558.11, 100525861, 456
6368, 103, 84, 370, 23, 0, 9.48%, 46, 0, 4, 15954.38, 100607373, 456
6373, 103, 9, 370, 23, 0, 9.48%, 46, 0, 4, 15447.56, 100686576, 456
6379, 103, 47, 370, 23, 0, 9.48%, 46, 0, 4, 15404.94, 100765818, 456
6384, 104, 90, 370, 23, 0, 9.48%, 46, 0, 4, 15542.06, 100846254, 456
6389, 104, 263, 370, 23, 0, 9.48%, 46, 0, 4, 15814.63, 100927971, 456
6394, 104, 84, 370, 23, 0, 9.48%, 46, 0, 4, 15674.64, 101008222, 456
6399, 104, 90, 370, 23, 0, 9.48%, 46, 0, 4, 15776.34, 101088716, 456
6404, 104, 84, 370, 23, 0, 9.48%, 46, 0, 4, 15370.47, 101166845, 456
6410, 104, 84, 370, 23, 0, 9.48%, 46, 0, 4, 15168.46, 101245816, 456
6415, 104, 70, 370, 23, 0, 9.48%, 46, 0, 4, 15208.84, 101325032, 456
6420, 104, 84, 370, 23, 0, 9.48%, 46, 0, 4, 14736.67, 101400420, 456
6425, 104, 185, 370, 23, 0, 9.48%, 46, 0, 4, 14988.51, 101478561, 456
6430, 104, 84, 370, 23, 0, 9.48%, 46, 0, 4, 14871.69, 101554210, 456
6435, 104, 263, 370, 23, 0, 9.48%, 46, 0, 4, 15277.67, 101631952, 456
6441, 104, 53, 370, 23, 0, 9.48%, 46, 0, 4, 15226.44, 101710086, 456
6446, 104, 90, 370, 23, 0, 9.48%, 46, 0, 4, 15623.25, 101791053, 456
6451, 105, 84, 370, 23, 0, 9.48%, 46, 0, 4, 14945.43, 101867747, 456
6456, 105, 84, 370, 23, 0, 9.48%, 46, 0, 4, 14862.67, 101943790, 456
6461, 105, 141, 370, 23, 0, 9.48%, 46, 0, 4, 14570.57, 102020087, 456
6466, 105, 84, 370, 23, 0, 9.48%, 46, 0, 4, 15561.15, 102099748, 456
6472, 105, 84, 370, 23, 0, 9.48%, 46, 0, 4, 15576.77, 102178787, 456
6477, 105, 84, 370, 23, 0, 9.48%, 46, 0, 4, 15322.25, 102257784, 456
6482, 105, 84, 370, 23, 0, 9.48%, 46, 0, 4, 15524.16, 102337062, 456
6487, 105, 83, 370, 23, 0, 9.48%, 46, 0, 4, 15391.01, 102411215, 456
6492, 105, 84, 370, 23, 0, 9.48%, 46, 0, 4, 15619.48, 102489129, 456
6497, 105, 84, 370, 23, 0, 9.48%, 46, 0, 4, 15482.93, 102567098, 456
6502, 105, 9, 370, 23, 0, 9.48%, 46, 0, 4, 15335.81, 102645511, 456
6507, 105, 185, 370, 23, 0, 9.48%, 46, 0, 4, 15236.05, 102723059, 456
6513, 105, 84, 370, 23, 0, 9.48%, 46, 0, 4, 15669.74, 102802309, 456
6518, 106, 53, 370, 23, 0, 9.48%, 46, 0, 4, 14749.45, 102876733, 456
6523, 106, 84, 370, 23, 0, 9.48%, 46, 0, 4, 15075.52, 102953946, 456
6528, 106, 164, 370, 23, 0, 9.48%, 46, 0, 4, 14804.78, 103029785, 456
6533, 106, 84, 370, 23, 0, 9.48%, 46, 0, 4, 14975.10, 103107935, 456
6538, 106, 53, 370, 23, 0, 9.48%, 46, 0, 4, 14993.75, 103185904, 456
6543, 106, 307, 370, 23, 0, 9.48%, 46, 0, 4, 14559.17, 103263718, 456
6549, 106, 185, 370, 23, 0, 9.48%, 46, 0, 4, 13620.83, 103327278, 456
6554, 106, 68, 370, 23, 0, 9.48%, 46, 0, 4, 14457.63, 103403630, 456
6559, 106, 25, 370, 23, 0, 9.48%, 46, 0, 4, 15104.92, 103480786, 456
6564, 106, 70, 370, 23, 0, 9.48%, 46, 0, 4, 15512.26, 103559400, 456
6569, 106, 200, 370, 23, 0, 9.48%, 46, 0, 4, 15215.31, 103638199, 456
6574, 106, 305, 370, 23, 0, 9.48%, 46, 0, 4, 13220.22, 103706527, 456
6579, 106, 84, 370, 22, 0, 9.48%, 46, 0, 4, 14712.03, 103780748, 456
6584, 107, 84, 370, 22, 0, 9.48%, 46, 0, 4, 15655.08, 103861592, 456
6590, 107, 53, 370, 22, 0, 9.48%, 46, 0, 4, 15261.05, 103941778, 456
6595, 107, 124, 370, 22, 0, 9.48%, 46, 0, 4, 15559.32, 104021596, 456
6600, 107, 84, 370, 22, 0, 9.48%, 46, 0, 4, 15704.98, 104102076, 456
6605, 107, 84, 370, 22, 0, 9.48%, 46, 0, 4, 15087.44, 104178283, 456
6610, 107, 20, 370, 22, 0, 9.48%, 46, 0, 4, 15712.37, 104259479, 456
6615, 107, 95, 370, 22, 0, 9.48%, 46, 0, 4, 15225.23, 104337269, 456
6621, 107, 47, 370, 22, 0, 9.48%, 46, 0, 4, 14961.22, 104413204, 456
6626, 107, 84, 370, 22, 0, 9.48%, 46, 0, 4, 15468.55, 104492939, 456
6631, 107, 90, 370, 22, 0, 9.48%, 46, 0, 4, 15087.73, 104570223, 456
6636, 107, 84, 370, 22, 0, 9.48%, 46, 0, 4, 15489.09, 104650170, 456
6641, 107, 53, 370, 22, 0, 9.48%, 46, 0, 4, 15344.40, 104728002, 456
6646, 107, 84, 370, 22, 0, 9.48%, 46, 0, 4, 15554.29, 104806601, 456
6651, 108, 194, 370, 22, 0, 9.48%, 46, 0, 4, 15477.40, 104887240, 456
6657, 108, 20, 370, 22, 0, 9.48%, 46, 0, 4, 15425.69, 104965533, 456
6662, 108, 68, 370, 22, 0, 9.48%, 46, 0, 4, 15554.97, 105044228, 456
6667, 108, 95, 370, 22, 0, 9.48%, 46, 0, 4, 15728.55, 105125479, 456
6672, 108, 53, 370, 22, 0, 9.48%, 46, 0, 4, 15608.65, 105206790, 456
6677, 108, 56, 370, 22, 0, 9.48%, 46, 0, 4, 14948.47, 105282783, 456
6682, 108, 47, 370, 22, 0, 9.48%, 46, 0, 4, 14471.04, 105357264, 456
6687, 108, 84, 370, 22, 0, 9.48%, 46, 0, 4, 15224.14, 105436462, 456
6693, 108, 53, 370, 22, 0, 9.48%, 46, 0, 4, 14591.05, 105512973, 456
6698, 108, 90, 370, 22, 0, 9.48%, 46, 0, 4, 15259.57, 105591386, 456
6703, 108, 84, 370, 22, 0, 9.48%, 46, 0, 4, 15032.03, 105669371, 456
6708, 108, 25, 370, 22, 0, 9.48%, 46, 0, 4, 15819.69, 105752663, 456
6713, 109, 141, 370, 22, 0, 9.48%, 46, 0, 4, 14506.41, 105823377, 456
6718, 109, 84, 370, 22, 0, 9.48%, 46, 0, 4, 15282.27, 105902413, 456
6723, 109, 366, 370, 22, 0, 9.48%, 46, 0, 4, 12668.46, 105966586, 456
6729, 109, 62, 370, 22, 0, 9.48%, 46, 0, 4, 15184.91, 106047952, 456
6734, 109, 185, 370, 22, 0, 9.48%, 46, 0, 4, 15500.70, 106128899, 456
6739, 109, 185, 370, 22, 0, 9.48%, 46, 0, 4, 14592.35, 106202538, 456
6744, 109, 9, 370, 22, 0, 9.48%, 46, 0, 4, 15543.19, 106283017, 456
6749, 109, 9, 370, 22, 0, 9.48%, 46, 0, 4, 15514.78, 106363097, 456
6754, 109, 84, 370, 22, 0, 9.48%, 46, 0, 4, 15091.19, 106438902, 456
6759, 109, 53, 370, 22, 0, 9.48%, 46, 0, 4, 15168.77, 106517768, 456
6765, 109, 90, 370, 22, 0, 9.48%, 46, 0, 4, 15553.24, 106598986, 456
6770, 109, 90, 370, 22, 0, 9.48%, 46, 0, 4, 15282.43, 106678105, 456
6775, 109, 90, 370, 22, 0, 9.48%, 46, 0, 4, 15314.15, 106754154, 456
6780, 110, 91, 370, 22, 0, 9.48%, 46, 0, 4, 14604.80, 106829497, 456
6785, 110, 95, 370, 22, 0, 9.48%, 46, 0, 4, 15484.99, 106909562, 456
6790, 110, 84, 370, 22, 0, 9.48%, 46, 0, 4, 15386.19, 106985625, 456
6795, 110, 84, 370, 22, 0, 9.48%, 46, 0, 4, 15245.24, 107065072, 456
6800, 110, 16, 370, 22, 0, 9.48%, 46, 0, 4, 14520.79, 107139004, 456
6806, 110, 53, 370, 22, 0, 9.48%, 46, 0, 4, 14893.53, 107216695, 456
6811, 110, 84, 370, 22, 0, 9.48%, 46, 0, 4, 14889.40, 107294184, 456
6816, 110, 185, 370, 22, 0, 9.48%, 46, 0, 4, 14762.07, 107369944, 456
6821, 110, 53, 370, 22, 0, 9.48%, 46, 0, 4, 15554.62, 107451806, 456
6826, 110, 84, 370, 22, 0, 9.48%, 46, 0, 4, 15428.10, 107530067, 456
6831, 110, 359, 370, 22, 0, 9.48%, 46, 0, 4, 1225.11, 107601220, 456
6836, 110, 359, 370, 22, 0, 9.48%, 46, 0, 4, 6652.13, 107630203, 456
6841, 110, 84, 370, 21, 0, 9.48%, 46, 0, 4, 12888.33, 107700220, 456
6847, 110, 263, 370, 21, 0, 9.48%, 46, 0, 4, 14283.00, 107775500, 456
6852, 111, 47, 370, 21, 0, 9.48%, 46, 0, 4, 14900.63, 107852223, 456
6857, 111, 91, 370, 21, 0, 9.48%, 46, 0, 4, 15331.39, 107930291, 456
6862, 111, 90, 370, 21, 0, 9.48%, 46, 0, 4, 15715.12, 108012139, 456
6867, 111, 126, 370, 21, 0, 9.48%, 46, 0, 4, 15828.82, 108093795, 456
6872, 111, 92, 370, 21, 0, 9.48%, 46, 0, 4, 15752.95, 108173912, 456
6878, 111, 68, 370, 21, 0, 9.48%, 46, 0, 4, 15306.62, 108253108, 456
6883, 111, 53, 370, 21, 0, 9.48%, 46, 0, 4, 14811.84, 108329590, 456
6888, 111, 90, 370, 21, 0, 9.48%, 46, 0, 4, 15696.48, 108409808, 456
6893, 111, 198, 370, 21, 0, 9.48%, 46, 0, 4, 15202.28, 108488740, 456
6898, 111, 185, 370, 21, 0, 9.48%, 46, 0, 4, 15326.12, 108569025, 456
6903, 111, 141, 370, 21, 0, 9.48%, 46, 0, 4, 15470.64, 108647994, 456
6908, 111, 95, 370, 21, 0, 9.48%, 46, 0, 4, 14909.92, 108723139, 456
6914, 112, 53, 370, 21, 0, 9.48%, 46, 0, 4, 15314.15, 108801843, 456
6919, 112, 20, 370, 21, 0, 9.48%, 46, 0, 4, 15333.21, 108881533, 456
6924, 112, 25, 370, 21, 0, 9.48%, 46, 0, 4, 15388.42, 108961272, 456
6929, 112, 92, 370, 21, 0, 9.48%, 46, 0, 4, 15703.06, 109042153, 456
6934, 112, 25, 370, 21, 0, 9.48%, 46, 0, 4, 15390.19, 109120971, 456
6939, 112, 95, 370, 21, 0, 9.48%, 46, 0, 4, 15244.60, 109201179, 456
6945, 112, 185, 370, 21, 0, 9.48%, 46, 0, 4, 15120.80, 109279018, 456
6950, 112, 56, 370, 21, 0, 9.48%, 46, 0, 4, 15186.18, 109358563, 456
6955, 112, 90, 370, 21, 0, 9.48%, 46, 0, 4, 15440.42, 109436755, 456
6960, 112, 20, 370, 21, 0, 9.48%, 46, 0, 4, 14782.93, 109513446, 456
6965, 112, 90, 370, 21, 0, 9.48%, 46, 0, 4, 15525.89, 109594544, 456
6970, 112, 84, 370, 21, 0, 9.48%, 46, 0, 4, 15282.45, 109673602, 456
6975, 112, 124, 370, 21, 0, 9.48%, 46, 0, 4, 15561.23, 109752682, 456
6981, 113, 53, 371, 22, 0, 9.48%, 46, 0, 4, 15689.70, 109833600, 456
6986, 113, 95, 371, 22, 0, 9.48%, 46, 0, 4, 14894.62, 109908557, 456
6991, 113, 70, 371, 22, 0, 9.48%, 46, 0, 4, 15331.21, 109987516, 456
6996, 113, 71, 371, 22, 0, 9.48%, 46, 0, 4, 15629.13, 110065584, 456
7001, 113, 84, 371, 22, 0, 9.48%, 46, 0, 4, 14817.91, 110141671, 456
7006, 113, 84, 371, 22, 0, 9.48%, 46, 0, 4, 14337.02, 110215134, 456
7012, 113, 90, 371, 22, 0, 9.48%, 46, 0, 4, 15173.28, 110293694, 456
7017, 113, 91, 371, 22, 0, 9.48%, 46, 0, 4, 15218.05, 110371838, 456
7022, 113, 25, 371, 22, 0, 9.48%, 46, 0, 4, 15115.58, 110450651, 456
7027, 113, 84, 371, 22, 0, 9.48%, 46, 0, 4, 14930.60, 110525716, 456
7032, 113, 270, 371, 22, 0, 9.48%, 46, 0, 4, 14364.96, 110599879, 456
7037, 113, 20, 371, 22, 0, 9.48%, 46, 0, 4, 14132.52, 110672895, 456
7042, 113, 84, 371, 22, 0, 9.48%, 46, 0, 4, 14176.58, 110744211, 456
7047, 114, 20, 371, 22, 0, 9.48%, 46, 0, 4, 14833.08, 110821821, 456
7052, 114, 92, 371, 22, 0, 9.48%, 46, 0, 4, 15800.32, 110903270, 456
7058, 114, 152, 371, 22, 0, 9.48%, 46, 0, 4, 15742.24, 110984707, 456
7063, 114, 90, 371, 22, 0, 9.48%, 46, 0, 4, 15510.73, 111064998, 456
7068, 114, 53, 371, 22, 0, 9.48%, 46, 0, 4, 14777.32, 111141177, 456
7073, 114, 84, 371, 22, 0, 9.48%, 46, 0, 4, 15236.39, 111218660, 456
7078, 114, 20, 371, 22, 0, 9.48%, 46, 0, 4, 14169.59, 111292035, 456
7083, 114, 53, 371, 22, 0, 9.48%, 46, 0, 4, 14322.25, 111367121, 456
7089, 114, 56, 371, 22, 0, 9.48%, 46, 0, 4, 13925.69, 111438959, 456
7094, 114, 90, 371, 22, 0, 9.48%, 46, 0, 4, 15156.84, 111518236, 456
7099, 114, 185, 371, 22, 0, 9.48%, 46, 0, 4, 14913.39, 111596067, 456
7104, 114, 185, 371, 22, 0, 9.48%, 46, 0, 4, 15045.83, 111670161, 456
7109, 114, 56, 371, 21, 0, 9.48%, 46, 0, 4, 15027.14, 111747776, 456
7114, 115, 84, 371, 21, 0, 9.48%, 46, 0, 4, 15501.22, 111827366, 456
7120, 115, 145, 371, 21, 0, 9.48%, 46, 0, 4, 14818.24, 111905346, 456
7125, 115, 25, 371, 20, 0, 9.48%, 46, 0, 4, 15027.34, 111983387, 456
7130, 115, 20, 371, 20, 0, 9.48%, 46, 0, 4, 15254.64, 112063056, 456
7135, 115, 47, 371, 20, 0, 9.48%, 46, 0, 4, 15784.79, 112145655, 456
7140, 115, 68, 371, 20, 0, 9.48%, 46, 0, 4, 15288.80, 112220803, 456
7145, 115, 198, 371, 20, 0, 9.48%, 46, 0, 4, 15037.25, 112298642, 456
7150, 115, 20, 371, 20, 0, 9.48%, 46, 0, 4, 14498.68, 112373008, 456
7156, 115, 90, 371, 20, 0, 9.48%, 46, 0, 4, 14396.26, 112447556, 456
7161, 115, 84, 371, 20, 0, 9.48%, 46, 0, 4, 14887.59, 112524741, 456
7166, 115, 47, 371, 20, 0, 9.48%, 46, 0, 4, 15146.20, 112602517, 456
7171, 115, 20, 371, 20, 0, 9.48%, 46, 0, 4, 14849.13, 112678561, 456
7176, 115, 92, 371, 20, 0, 9.48%, 46, 0, 4, 14370.65, 112752179, 456
7181, 116, 53, 371, 19, 0, 9.48%, 46, 0, 4, 12406.30, 112813959, 456
7186, 116, 20, 371, 19, 0, 9.48%, 46, 0, 4, 14506.81, 112890747, 456
7191, 116, 9, 371, 19, 0, 9.48%, 46, 0, 4, 13643.58, 112953447, 456
7197, 116, 126, 371, 19, 0, 9.48%, 46, 0, 4, 16704.22, 113039861, 456
7198, 116, 59, 371, 19, 0, 9.48%, 46, 0, 4, 17692.08, 113058677, 456
