# relative_time, cycles_done, cur_item, corpus_count, pending_total, pending_favs, map_size, saved_crashes, saved_hangs, max_depth, execs_per_sec, total_execs, edges_found
61, 0, 114, 252, 217, 24, 13.64%, 0, 0, 5, 16776.38, 1170555, 995
66, 0, 151, 259, 218, 18, 13.64%, 0, 0, 5, 14610.56, 1238924, 995
71, 0, 197, 262, 212, 9, 13.64%, 0, 0, 5, 18010.24, 1344172, 995
76, 0, 90, 266, 206, 3, 13.64%, 0, 0, 5, 14135.42, 1410601, 995
81, 0, 216, 279, 216, 1, 13.64%, 0, 0, 6, 17939.59, 1497339, 995
86, 0, 216, 282, 219, 1, 13.64%, 0, 0, 6, 15279.71, 1574763, 995
91, 0, 218, 285, 220, 1, 13.64%, 0, 0, 6, 16809.80, 1668820, 995
96, 0, 34, 295, 228, 0, 13.64%, 0, 0, 6, 19784.89, 1759784, 995
101, 0, 265, 296, 228, 0, 13.64%, 0, 0, 6, 23953.89, 1884229, 995
106, 0, 0, 298, 228, 0, 13.64%, 0, 0, 6, 20368.39, 1980465, 995
112, 0, 280, 307, 237, 0, 13.64%, 0, 0, 7, 17709.21, 2072384, 995
117, 0, 195, 308, 237, 0, 13.64%, 0, 0, 7, 12383.08, 2126906, 995
122, 0, 284, 310, 236, 1, 13.65%, 0, 0, 7, 14907.17, 2203912, 996
127, 0, 171, 315, 240, 1, 13.65%, 0, 0, 7, 15225.62, 2274324, 996
132, 0, 308, 319, 243, 1, 13.65%, 0, 0, 7, 20982.52, 2390282, 996
137, 0, 151, 321, 244, 0, 13.65%, 0, 0, 7, 18544.59, 2468480, 996
142, 0, 118, 321, 241, 0, 13.65%, 0, 0, 7, 19552.13, 2564383, 996
147, 0, 0, 321, 241, 0, 13.65%, 0, 0, 7, 16890.01, 2643225, 996
152, 0, 0, 322, 239, 0, 13.65%, 0, 0, 7, 18929.55, 2743377, 996
158, 0, 118, 323, 239, 0, 13.65%, 0, 0, 7, 18694.50, 2835893, 996
163, 0, 308, 325, 241, 0, 13.65%, 0, 0, 7, 15410.55, 2905417, 996
168, 0, 118, 325, 241, 0, 13.65%, 0, 0, 7, 24135.67, 3023151, 996
173, 0, 151, 325, 238, 0, 13.65%, 0, 0, 7, 16236.51, 3099851, 996
178, 0, 38, 327, 239, 0, 13.65%, 0, 0, 7, 16401.03, 3178148, 996
183, 0, 0, 327, 237, 0, 13.65%, 0, 0, 7, 15189.93, 3261380, 996
188, 0, 181, 327, 235, 0, 13.65%, 0, 0, 7, 15748.10, 3339748, 996
193, 0, 67, 327, 234, 0, 13.65%, 0, 0, 7, 15818.12, 3425401, 996
198, 0, 0, 327, 233, 0, 13.65%, 0, 0, 7, 19476.78, 3521062, 996
204, 0, 183, 327, 231, 0, 13.65%, 0, 0, 7, 18885.30, 3621495, 996
209, 0, 17, 327, 231, 0, 13.65%, 0, 0, 7, 20865.83, 3724743, 996
214, 0, 118, 328, 230, 0, 13.65%, 0, 0, 7, 17385.95, 3813304, 996
219, 0, 118, 328, 229, 0, 13.65%, 0, 0, 7, 14731.43, 3889541, 996
224, 1, 0, 328, 228, 0, 13.65%, 0, 0, 7, 19491.59, 3991886, 996
229, 1, 0, 330, 224, 0, 13.65%, 0, 0, 7, 18582.79, 4085838, 996
234, 1, 274, 332, 223, 0, 13.65%, 0, 0, 7, 15595.38, 4165341, 996
239, 1, 106, 332, 218, 0, 13.65%, 0, 0, 7, 21628.90, 4273145, 996
244, 1, 305, 338, 219, 0, 13.65%, 0, 0, 8, 12995.13, 4335074, 996
249, 1, 305, 340, 221, 0, 13.65%, 0, 0, 8, 11098.78, 4384966, 996
254, 1, 305, 340, 221, 0, 13.65%, 0, 0, 8, 10647.67, 4439843, 996
259, 1, 323, 341, 216, 0, 13.65%, 0, 0, 8, 15650.17, 4523087, 996
265, 1, 118, 344, 215, 1, 13.68%, 0, 0, 8, 15480.45, 4612939, 998
270, 1, 10, 346, 212, 0, 13.68%, 0, 0, 8, 16972.87, 4698093, 998
275, 1, 335, 350, 214, 0, 13.68%, 0, 0, 9, 10525.31, 4744791, 998
280, 1, 335, 353, 217, 0, 13.68%, 0, 0, 9, 8391.08, 4780873, 998
285, 1, 302, 354, 216, 0, 13.68%, 0, 0, 9, 5311.42, 4824258, 998
290, 1, 331, 356, 214, 0, 13.68%, 0, 0, 9, 13852.61, 4898743, 998
295, 1, 57, 357, 210, 0, 13.68%, 0, 0, 9, 12968.58, 4965835, 998
300, 1, 0, 357, 205, 0, 13.68%, 0, 0, 9, 14958.31, 5043563, 998
305, 1, 349, 360, 208, 0, 13.68%, 0, 0, 10, 9996.69, 5090499, 998
310, 1, 349, 361, 209, 0, 13.68%, 0, 0, 10, 9319.75, 5136975, 998
316, 1, 349, 361, 209, 0, 13.68%, 0, 0, 10, 7337.55, 5173179, 998
321, 1, 347, 361, 205, 0, 13.68%, 0, 0, 10, 12623.49, 5244494, 998
326, 1, 118, 361, 204, 0, 13.68%, 0, 0, 10, 13157.48, 5316748, 998
331, 1, 87, 362, 199, 0, 13.68%, 0, 0, 10, 14960.88, 5400169, 998
336, 1, 78, 365, 200, 0, 13.68%, 0, 0, 10, 15861.18, 5477120, 998
341, 1, 130, 365, 195, 0, 13.68%, 0, 0, 10, 13357.57, 5544524, 998
346, 1, 118, 365, 192, 0, 13.68%, 0, 0, 10, 14858.09, 5624794, 998
351, 1, 333, 365, 190, 0, 13.68%, 0, 0, 10, 12318.83, 5687539, 998
356, 1, 359, 366, 188, 0, 13.68%, 0, 0, 10, 12592.70, 5753629, 998
361, 1, 118, 366, 183, 0, 13.68%, 0, 0, 10, 12703.45, 5810862, 998
366, 1, 340, 369, 184, 0, 13.68%, 0, 0, 10, 11402.53, 5868615, 998
371, 1, 181, 369, 177, 0, 13.68%, 0, 0, 10, 15048.77, 5954543, 998
377, 1, 43, 371, 177, 0, 13.68%, 0, 0, 10, 14970.93, 6027161, 998
382, 1, 307, 371, 172, 0, 13.68%, 0, 0, 10, 15127.35, 6098241, 998
387, 1, 286, 371, 168, 0, 13.68%, 0, 0, 10, 13418.58, 6157667, 998
392, 1, 43, 371, 162, 0, 13.68%, 0, 0, 10, 12878.32, 6223517, 998
397, 1, 43, 371, 160, 0, 13.68%, 0, 0, 10, 13019.86, 6290439, 998
402, 1, 353, 371, 158, 0, 13.68%, 0, 0, 10, 11215.85, 6348009, 998
407, 1, 312, 372, 155, 0, 13.68%, 0, 0, 10, 15055.08, 6425074, 998
412, 1, 339, 374, 156, 0, 13.68%, 0, 0, 10, 11337.25, 6483105, 998
417, 1, 34, 376, 153, 0, 13.68%, 0, 0, 10, 14173.11, 6551630, 998
422, 1, 70, 376, 151, 0, 13.68%, 0, 0, 10, 16136.16, 6630195, 998
427, 2, 395, 591, 358, 25, 14.27%, 0, 0, 10, 15588.10, 6700874, 1041
432, 2, 450, 591, 342, 9, 14.27%, 0, 0, 10, 13913.13, 6771256, 1041
437, 2, 550, 591, 334, 2, 14.27%, 0, 0, 10, 10059.52, 6818222, 1041
442, 2, 551, 591, 328, 0, 14.27%, 0, 0, 10, 10462.57, 6873977, 1041
448, 2, 271, 591, 323, 0, 14.27%, 0, 0, 10, 11571.67, 6928193, 1041
453, 2, 384, 592, 321, 0, 14.27%, 0, 0, 10, 13294.61, 6995164, 1041
458, 2, 10, 592, 315, 0, 14.27%, 0, 0, 10, 13197.71, 7062196, 1041
463, 2, 393, 592, 313, 0, 14.27%, 0, 0, 10, 16785.64, 7138309, 1041
468, 2, 357, 593, 313, 0, 14.27%, 0, 0, 10, 13164.70, 7203838, 1041
473, 2, 393, 594, 310, 0, 14.27%, 0, 0, 10, 17580.27, 7291095, 1041
478, 2, 352, 595, 308, 0, 14.27%, 0, 0, 10, 12754.61, 7354305, 1041
483, 2, 388, 596, 308, 0, 14.27%, 0, 0, 10, 9351.95, 7398076, 1041
488, 2, 148, 597, 305, 0, 14.27%, 0, 0, 10, 10327.58, 7448944, 1041
493, 2, 70, 597, 302, 0, 14.27%, 0, 0, 10, 12648.02, 7513261, 1041
498, 2, 368, 597, 299, 0, 14.27%, 0, 0, 10, 13536.99, 7586284, 1041
503, 2, 348, 597, 294, 0, 14.27%, 0, 0, 10, 13975.20, 7667505, 1041
509, 2, 338, 598, 292, 0, 14.27%, 0, 0, 10, 13919.15, 7730489, 1041
514, 2, 185, 598, 288, 0, 14.27%, 0, 0, 10, 12186.79, 7795414, 1041
519, 2, 186, 598, 286, 0, 14.27%, 0, 0, 10, 12749.48, 7858811, 1041
524, 2, 546, 598, 281, 0, 14.27%, 0, 0, 10, 12910.77, 7922140, 1041
529, 2, 370, 600, 281, 0, 14.27%, 0, 0, 10, 16243.16, 8014683, 1041
534, 2, 370, 601, 282, 0, 14.27%, 0, 0, 10, 9913.50, 8060772, 1041
539, 2, 51, 601, 280, 0, 14.27%, 0, 0, 10, 14643.48, 8130956, 1041
544, 2, 393, 601, 277, 0, 14.27%, 0, 0, 10, 13542.76, 8198868, 1041
549, 2, 599, 602, 277, 0, 14.27%, 0, 0, 10, 18745.68, 8299651, 1041
554, 2, 395, 602, 271, 0, 14.27%, 0, 0, 10, 13144.46, 8356938, 1041
560, 2, 595, 603, 269, 0, 14.27%, 0, 0, 11, 10499.69, 8410194, 1041
565, 2, 73, 603, 267, 0, 14.27%, 0, 0, 11, 11552.92, 8465227, 1041
570, 2, 29, 603, 262, 0, 14.27%, 0, 0, 11, 11455.46, 8523219, 1041
575, 2, 584, 603, 261, 0, 14.27%, 0, 0, 11, 13642.62, 8601070, 1041
580, 2, 594, 603, 258, 0, 14.27%, 0, 0, 11, 12094.40, 8663499, 1041
585, 2, 10, 603, 256, 0, 14.27%, 0, 0, 11, 11346.37, 8721521, 1041
590, 2, 118, 603, 252, 0, 14.27%, 0, 0, 11, 14973.31, 8800434, 1041
595, 2, 393, 603, 250, 0, 14.27%, 0, 0, 11, 13259.14, 8871193, 1041
600, 2, 2, 603, 250, 0, 14.27%, 0, 0, 11, 17793.72, 8961605, 1041
605, 2, 358, 603, 248, 0, 14.27%, 0, 0, 11, 12545.50, 9024523, 1041
611, 2, 183, 603, 244, 0, 14.27%, 0, 0, 11, 13580.38, 9096616, 1041
616, 2, 43, 603, 239, 0, 14.27%, 0, 0, 11, 13054.74, 9164998, 1041
621, 2, 411, 603, 237, 0, 14.27%, 0, 0, 11, 17183.19, 9258300, 1041
626, 2, 411, 604, 234, 0, 14.27%, 0, 0, 11, 12379.07, 9314313, 1041
631, 2, 57, 604, 232, 0, 14.27%, 0, 0, 11, 15876.44, 9394383, 1041
636, 2, 297, 604, 229, 0, 14.27%, 0, 0, 11, 12977.55, 9454735, 1041
641, 2, 51, 604, 226, 0, 14.27%, 0, 0, 11, 11954.59, 9505182, 1041
646, 2, 393, 604, 223, 0, 14.27%, 0, 0, 11, 16482.22, 9587439, 1041
651, 2, 10, 604, 222, 0, 14.27%, 0, 0, 11, 21096.21, 9700138, 1041
656, 2, 93, 604, 220, 0, 14.27%, 0, 0, 11, 15916.58, 9776316, 1041
661, 2, 255, 604, 217, 0, 14.27%, 0, 0, 11, 16846.06, 9855252, 1041
666, 2, 51, 604, 213, 0, 14.27%, 0, 0, 11, 15211.81, 9928780, 1041
671, 2, 510, 604, 209, 0, 14.27%, 0, 0, 11, 20682.04, 10039919, 1041
677, 2, 393, 604, 205, 0, 14.27%, 0, 0, 11, 18144.07, 10128421, 1041
682, 2, 136, 604, 202, 0, 14.27%, 0, 0, 11, 18575.32, 10220821, 1041
687, 2, 185, 604, 201, 0, 14.27%, 0, 0, 11, 15175.27, 10287972, 1041
692, 2, 601, 605, 199, 0, 14.27%, 0, 0, 11, 15388.65, 10376341, 1041
697, 2, 393, 605, 196, 0, 14.27%, 0, 0, 11, 10880.91, 10420320, 1041
702, 3, 36, 619, 208, 0, 14.27%, 0, 0, 11, 12936.23, 10487131, 1041
707, 3, 395, 619, 202, 0, 14.27%, 0, 0, 11, 12225.67, 10544864, 1041
712, 3, 36, 619, 200, 0, 14.27%, 0, 0, 11, 15174.45, 10616906, 1041
717, 3, 280, 619, 195, 0, 14.27%, 0, 0, 11, 13455.10, 10676326, 1041
722, 3, 81, 619, 194, 0, 14.27%, 0, 0, 11, 14240.13, 10738127, 1041
728, 3, 181, 619, 191, 0, 14.27%, 0, 0, 11, 21346.93, 10859263, 1041
733, 3, 36, 619, 189, 0, 14.27%, 0, 0, 11, 22012.38, 10956188, 1041
738, 3, 600, 619, 183, 0, 14.27%, 0, 0, 11, 14459.82, 11020687, 1041
743, 3, 67, 619, 178, 0, 14.27%, 0, 0, 11, 14278.44, 11084599, 1041
748, 3, 383, 619, 175, 0, 14.27%, 0, 0, 11, 14443.17, 11151217, 1041
753, 3, 259, 619, 174, 0, 14.27%, 0, 0, 11, 6543.85, 11204726, 1041
758, 3, 393, 619, 172, 0, 14.27%, 0, 0, 11, 11662.76, 11264404, 1041
763, 3, 379, 619, 170, 0, 14.27%, 0, 0, 11, 17299.30, 11359340, 1041
768, 3, 393, 619, 169, 0, 14.27%, 0, 0, 11, 22504.28, 11466506, 1041
773, 3, 118, 619, 168, 0, 14.27%, 0, 0, 11, 17407.55, 11550176, 1041
778, 3, 67, 619, 167, 0, 14.27%, 0, 0, 11, 18681.06, 11645800, 1041
783, 3, 29, 619, 166, 0, 14.27%, 0, 0, 11, 19530.21, 11746300, 1041
789, 3, 0, 619, 165, 0, 14.27%, 0, 0, 11, 17818.77, 11823817, 1041
794, 3, 422, 619, 162, 0, 14.27%, 0, 0, 11, 18229.20, 11926509, 1041
799, 3, 393, 619, 162, 0, 14.27%, 0, 0, 11, 23075.50, 12034923, 1041
804, 3, 57, 619, 159, 0, 14.27%, 0, 0, 11, 18443.28, 12134652, 1041
809, 3, 336, 619, 159, 0, 14.27%, 0, 0, 11, 19226.50, 12231500, 1041
814, 3, 181, 619, 153, 0, 14.27%, 0, 0, 11, 14345.57, 12303863, 1041
819, 3, 393, 619, 151, 0, 14.27%, 0, 0, 11, 15785.74, 12377425, 1041
824, 3, 10, 619, 148, 0, 14.27%, 0, 0, 11, 13548.71, 12454964, 1041
829, 3, 95, 619, 142, 0, 14.27%, 0, 0, 11, 14031.27, 12530213, 1041
834, 3, 393, 619, 142, 0, 14.27%, 0, 0, 11, 11541.88, 12584716, 1041
839, 3, 25, 619, 141, 0, 14.27%, 0, 0, 11, 15709.10, 12669691, 1041
845, 3, 192, 619, 138, 0, 14.27%, 0, 0, 11, 14056.85, 12749353, 1041
850, 3, 393, 619, 135, 0, 14.27%, 0, 0, 11, 17639.72, 12831872, 1041
855, 3, 393, 619, 133, 0, 14.27%, 0, 0, 11, 14848.84, 12915444, 1041
860, 3, 423, 619, 131, 0, 14.27%, 0, 0, 11, 16703.16, 13002765, 1041
865, 3, 0, 619, 129, 0, 14.27%, 0, 0, 11, 14659.53, 13077064, 1041
870, 3, 383, 619, 125, 0, 14.27%, 0, 0, 11, 14204.10, 13148574, 1041
875, 3, 118, 619, 124, 0, 14.27%, 0, 0, 11, 15551.38, 13233583, 1041
880, 3, 577, 619, 122, 0, 14.27%, 0, 0, 11, 15704.90, 13310096, 1041
885, 3, 393, 619, 120, 0, 14.27%, 0, 0, 11, 14373.79, 13379867, 1041
890, 3, 393, 619, 119, 0, 14.27%, 0, 0, 11, 19825.69, 13475462, 1041
896, 3, 393, 619, 119, 0, 14.27%, 0, 0, 11, 14852.19, 13544203, 1041
901, 3, 352, 619, 119, 0, 14.27%, 0, 0, 11, 14460.17, 13621595, 1041
906, 3, 57, 619, 117, 0, 14.27%, 0, 0, 11, 13369.10, 13690286, 1041
911, 3, 393, 619, 115, 0, 14.27%, 0, 0, 11, 18070.41, 13784407, 1041
916, 3, 126, 619, 112, 0, 14.27%, 0, 0, 11, 15267.87, 13860539, 1041
921, 3, 118, 619, 111, 0, 14.27%, 0, 0, 11, 16273.84, 13936142, 1041
926, 3, 339, 619, 110, 0, 14.27%, 0, 0, 11, 12786.24, 13995868, 1041
931, 3, 393, 619, 110, 0, 14.27%, 0, 0, 11, 18867.06, 14079348, 1041
936, 3, 598, 619, 110, 0, 14.27%, 0, 0, 11, 11193.31, 14132946, 1041
941, 3, 107, 619, 110, 0, 14.27%, 0, 0, 11, 19744.30, 14236136, 1041
947, 3, 0, 619, 107, 0, 14.27%, 0, 0, 11, 15321.03, 14304559, 1041
952, 3, 393, 619, 106, 0, 14.27%, 0, 0, 11, 19454.36, 14394673, 1041
957, 3, 359, 619, 104, 0, 14.27%, 0, 0, 11, 11801.36, 14446163, 1041
962, 4, 393, 628, 110, 0, 14.27%, 0, 0, 11, 17605.72, 14547646, 1041
967, 4, 423, 628, 108, 0, 14.27%, 0, 0, 11, 13105.15, 14605329, 1041
972, 4, 393, 628, 107, 0, 14.27%, 0, 0, 11, 18338.22, 14707211, 1041
977, 4, 51, 628, 107, 0, 14.27%, 0, 0, 11, 18572.87, 14794333, 1041
982, 4, 624, 628, 107, 0, 14.27%, 0, 0, 11, 2484.57, 14864244, 1041
987, 4, 118, 628, 106, 0, 14.27%, 0, 0, 11, 6574.24, 14898978, 1041
992, 4, 393, 628, 103, 0, 14.27%, 0, 0, 11, 17409.14, 14998877, 1041
998, 4, 214, 628, 102, 0, 14.27%, 0, 0, 11, 18489.16, 15093374, 1041
1003, 4, 67, 628, 101, 0, 14.27%, 0, 0, 11, 14560.76, 15169251, 1041
1008, 4, 185, 628, 100, 0, 14.27%, 0, 0, 11, 13451.40, 15237032, 1041
1013, 4, 107, 628, 99, 0, 14.27%, 0, 0, 11, 18574.09, 15336033, 1041
1018, 4, 393, 628, 98, 0, 14.27%, 0, 0, 11, 16435.01, 15414013, 1041
1023, 4, 525, 628, 97, 0, 14.27%, 0, 0, 11, 12956.83, 15475958, 1041
1028, 4, 393, 628, 96, 0, 14.27%, 0, 0, 11, 19709.58, 15569391, 1041
1033, 4, 335, 628, 96, 0, 14.27%, 0, 0, 11, 20964.65, 15681574, 1041
1038, 4, 95, 628, 96, 0, 14.27%, 0, 0, 11, 13507.77, 15741367, 1041
1043, 4, 95, 628, 94, 0, 14.27%, 0, 0, 11, 12671.24, 15804827, 1041
1048, 4, 393, 628, 94, 0, 14.27%, 0, 0, 11, 20240.44, 15906041, 1041
1053, 4, 393, 628, 93, 0, 14.27%, 0, 0, 11, 18457.65, 16003996, 1041
1059, 4, 344, 628, 91, 0, 14.27%, 0, 0, 11, 13836.12, 16076235, 1041
1064, 4, 0, 628, 90, 0, 14.27%, 0, 0, 11, 15456.06, 16156550, 1041
1069, 4, 347, 628, 89, 0, 14.27%, 0, 0, 11, 3686.58, 16237675, 1041
1074, 4, 398, 628, 87, 0, 14.27%, 0, 0, 11, 22583.09, 16343546, 1041
1079, 4, 621, 629, 87, 0, 14.27%, 0, 0, 11, 16195.61, 16424155, 1041
1084, 4, 542, 629, 84, 0, 14.27%, 0, 0, 11, 14010.79, 16493326, 1041
1089, 4, 393, 629, 82, 0, 14.27%, 0, 0, 11, 20073.70, 16586639, 1041
1094, 4, 583, 629, 81, 0, 14.27%, 0, 0, 11, 15602.20, 16670613, 1041
1099, 4, 115, 629, 78, 0, 14.27%, 0, 0, 11, 15362.09, 16743632, 1041
1104, 4, 184, 629, 77, 0, 14.27%, 0, 0, 11, 14205.78, 16815410, 1041
1109, 4, 118, 629, 75, 0, 14.27%, 0, 0, 11, 17672.38, 16905861, 1041
1115, 4, 393, 629, 71, 0, 14.27%, 0, 0, 11, 15989.36, 16991072, 1041
1120, 4, 393, 629, 70, 0, 14.27%, 0, 0, 11, 16975.33, 17075083, 1041
1125, 4, 446, 629, 69, 0, 14.27%, 0, 0, 11, 17765.10, 17178869, 1041
1130, 4, 393, 629, 66, 0, 14.27%, 0, 0, 11, 22624.07, 17293508, 1041
1135, 4, 589, 629, 65, 0, 14.27%, 0, 0, 11, 16348.31, 17376156, 1041
1140, 4, 2, 629, 64, 0, 14.27%, 0, 0, 11, 18406.12, 17467190, 1041
1145, 4, 118, 629, 63, 0, 14.27%, 0, 0, 11, 15600.60, 17546515, 1041
1150, 4, 602, 629, 62, 0, 14.27%, 0, 0, 11, 12532.73, 17609672, 1041
1155, 4, 118, 629, 62, 0, 14.27%, 0, 0, 11, 15311.43, 17693182, 1041
1160, 4, 359, 629, 62, 0, 14.27%, 0, 0, 11, 16620.28, 17776426, 1041
1165, 4, 393, 629, 62, 0, 14.27%, 0, 0, 11, 15685.22, 17857110, 1041
1171, 4, 2, 629, 62, 0, 14.27%, 0, 0, 11, 20549.04, 17971522, 1041
1176, 4, 119, 629, 58, 0, 14.27%, 0, 0, 11, 10737.41, 18013186, 1041
1181, 4, 118, 629, 58, 0, 14.27%, 0, 0, 11, 12776.58, 18069119, 1041
1186, 4, 67, 629, 58, 0, 14.27%, 0, 0, 11, 15711.04, 18143958, 1041
1191, 4, 115, 629, 57, 0, 14.27%, 0, 0, 11, 17556.53, 18237479, 1041
1196, 4, 0, 629, 55, 0, 14.27%, 0, 0, 11, 14540.60, 18312986, 1041
1201, 4, 95, 629, 54, 0, 14.27%, 0, 0, 11, 25673.54, 18455650, 1041
1206, 4, 118, 629, 53, 0, 14.27%, 0, 0, 11, 18866.50, 18536721, 1041
1212, 5, 95, 634, 54, 0, 14.27%, 0, 0, 11, 20638.99, 18636162, 1041
1217, 5, 384, 634, 54, 0, 14.27%, 0, 0, 11, 13453.04, 18682364, 1041
1222, 5, 28, 634, 52, 0, 14.27%, 0, 0, 11, 20313.29, 18771211, 1041
1227, 5, 86, 634, 52, 0, 14.27%, 0, 0, 11, 19568.98, 18862181, 1041
1232, 5, 450, 634, 52, 0, 14.27%, 0, 0, 11, 20291.74, 18970578, 1041
1237, 5, 339, 634, 50, 0, 14.27%, 0, 0, 11, 12815.95, 19031001, 1041
1242, 5, 393, 634, 47, 0, 14.27%, 0, 0, 11, 14547.49, 19103605, 1041
1247, 5, 373, 634, 47, 0, 14.27%, 0, 0, 11, 9580.62, 19148958, 1041
1252, 5, 506, 634, 46, 0, 14.27%, 0, 0, 11, 15614.79, 19235350, 1041
1258, 5, 623, 634, 45, 0, 14.27%, 0, 0, 11, 13220.37, 19290262, 1041
1263, 5, 633, 636, 46, 0, 14.27%, 0, 0, 11, 11851.62, 19349972, 1041
1268, 5, 160, 636, 45, 0, 14.27%, 0, 0, 11, 14310.01, 19414435, 1041
1273, 5, 419, 636, 44, 0, 14.27%, 0, 0, 11, 14567.55, 19490592, 1041
1278, 5, 344, 636, 43, 0, 14.27%, 0, 0, 11, 16588.01, 19562928, 1041
1283, 5, 576, 636, 43, 0, 14.27%, 0, 0, 11, 12603.13, 19630012, 1041
1288, 5, 337, 636, 41, 0, 14.27%, 0, 0, 11, 13545.11, 19698055, 1041
1293, 5, 51, 636, 41, 0, 14.27%, 0, 0, 11, 16612.18, 19783271, 1041
1298, 5, 357, 636, 41, 0, 14.27%, 0, 0, 11, 12477.09, 19841967, 1041
1304, 5, 118, 636, 41, 0, 14.27%, 0, 0, 11, 15471.72, 19920335, 1041
1309, 5, 36, 636, 41, 0, 14.27%, 0, 0, 11, 18827.30, 20011792, 1041
1314, 5, 2, 636, 41, 0, 14.27%, 0, 0, 11, 18216.34, 20102658, 1041
1319, 5, 351, 636, 40, 0, 14.27%, 0, 0, 11, 14484.50, 20168567, 1041
1324, 5, 360, 636, 40, 0, 14.27%, 0, 0, 11, 14497.45, 20250605, 1041
1329, 5, 184, 636, 40, 0, 14.27%, 0, 0, 11, 19474.85, 20339031, 1041
1334, 5, 402, 636, 40, 0, 14.27%, 0, 0, 11, 13513.05, 20399327, 1041
1339, 5, 624, 636, 39, 0, 14.27%, 0, 0, 11, 16473.32, 20478280, 1041
1344, 5, 634, 636, 39, 0, 14.27%, 0, 0, 11, 10253.98, 20526049, 1041
1349, 5, 43, 636, 38, 0, 14.27%, 0, 0, 11, 17067.40, 20614462, 1041
1355, 5, 10, 636, 38, 0, 14.27%, 0, 0, 11, 15626.27, 20704252, 1041
1360, 5, 43, 636, 37, 0, 14.27%, 0, 0, 11, 12034.94, 20760192, 1041
1365, 5, 394, 636, 37, 0, 14.27%, 0, 0, 11, 13386.50, 20834490, 1041
1370, 5, 25, 636, 35, 0, 14.27%, 0, 0, 11, 13231.05, 20902316, 1041
1375, 5, 51, 636, 35, 0, 14.27%, 0, 0, 11, 13708.38, 20976132, 1041
1380, 5, 337, 636, 35, 0, 14.27%, 0, 0, 11, 14639.76, 21049566, 1041
1385, 5, 51, 636, 35, 0, 14.27%, 0, 0, 11, 13973.83, 21126116, 1041
1390, 5, 121, 636, 35, 0, 14.27%, 0, 0, 11, 16663.07, 21205583, 1041
1395, 5, 393, 636, 34, 0, 14.27%, 0, 0, 11, 12915.53, 21266172, 1041
1400, 5, 450, 636, 34, 0, 14.27%, 0, 0, 11, 18500.74, 21361872, 1041
1406, 5, 118, 636, 34, 0, 14.27%, 0, 0, 11, 13888.07, 21429358, 1041
1411, 5, 411, 636, 34, 0, 14.27%, 0, 0, 11, 20385.34, 21540096, 1041
1416, 5, 43, 636, 33, 0, 14.27%, 0, 0, 11, 16414.67, 21618408, 1041
1421, 5, 411, 636, 32, 0, 14.27%, 0, 0, 11, 15465.85, 21696428, 1041
1426, 5, 463, 636, 31, 0, 14.27%, 0, 0, 11, 13325.38, 21762811, 1041
1431, 5, 51, 636, 30, 0, 14.27%, 0, 0, 11, 13604.86, 21821570, 1041
1436, 5, 294, 636, 27, 0, 14.27%, 0, 0, 11, 19895.22, 21920733, 1041
1441, 5, 422, 636, 27, 0, 14.27%, 0, 0, 11, 20442.38, 22027161, 1041
1446, 6, 632, 642, 32, 0, 14.27%, 0, 0, 11, 14845.71, 22098811, 1041
1451, 6, 51, 642, 30, 0, 14.27%, 0, 0, 11, 13205.12, 22159974, 1041
1456, 6, 43, 642, 30, 0, 14.27%, 0, 0, 11, 17048.26, 22246471, 1041
1461, 6, 199, 642, 30, 0, 14.27%, 0, 0, 11, 14307.76, 22313659, 1041
1467, 6, 316, 642, 30, 0, 14.27%, 0, 0, 11, 14642.60, 22395736, 1041
1472, 6, 237, 642, 29, 0, 14.27%, 0, 0, 11, 18960.94, 22497309, 1041
1477, 6, 115, 642, 27, 0, 14.27%, 0, 0, 11, 12932.41, 22557765, 1041
1482, 6, 10, 642, 27, 0, 14.27%, 0, 0, 11, 16190.02, 22640416, 1041
1487, 6, 183, 643, 26, 0, 14.27%, 0, 0, 11, 13390.50, 22708803, 1041
1492, 6, 384, 643, 26, 0, 14.27%, 0, 0, 11, 19423.50, 22816070, 1041
1497, 6, 83, 643, 24, 0, 14.27%, 0, 0, 11, 19576.00, 22899954, 1041
1502, 6, 118, 643, 23, 0, 14.27%, 0, 0, 11, 16948.66, 22986521, 1041
1508, 6, 43, 643, 23, 0, 14.27%, 0, 0, 11, 15827.04, 23057847, 1041
1513, 6, 118, 643, 22, 0, 14.27%, 0, 0, 11, 16937.07, 23136460, 1041
1518, 6, 384, 643, 22, 0, 14.27%, 0, 0, 11, 19461.64, 23223730, 1041
1523, 6, 332, 643, 21, 0, 14.27%, 0, 0, 11, 16027.50, 23308647, 1041
1528, 6, 181, 643, 20, 0, 14.27%, 0, 0, 11, 16582.91, 23386857, 1041
1533, 6, 393, 643, 20, 0, 14.27%, 0, 0, 11, 19131.20, 23479871, 1041
1538, 6, 383, 643, 20, 0, 14.27%, 0, 0, 11, 16209.17, 23560256, 1041
1543, 6, 554, 643, 19, 0, 14.27%, 0, 0, 11, 10921.13, 23613200, 1041
1548, 6, 113, 643, 19, 0, 14.27%, 0, 0, 11, 18508.73, 23709345, 1041
1553, 6, 183, 643, 19, 0, 14.27%, 0, 0, 11, 14191.70, 23773545, 1041
1558, 6, 144, 643, 19, 0, 14.27%, 0, 0, 11, 15172.98, 23841048, 1041
1563, 6, 598, 643, 19, 0, 14.27%, 0, 0, 11, 18077.54, 23940050, 1041
1569, 6, 344, 643, 19, 0, 14.27%, 0, 0, 11, 18000.53, 24020507, 1041
1574, 6, 283, 643, 19, 0, 14.27%, 0, 0, 11, 13584.39, 24091403, 1041
1579, 6, 347, 643, 19, 0, 14.27%, 0, 0, 11, 14341.55, 24166406, 1041
1584, 6, 0, 643, 19, 0, 14.27%, 0, 0, 11, 17568.55, 24255648, 1041
1589, 6, 383, 643, 19, 0, 14.27%, 0, 0, 11, 18516.01, 24346221, 1041
1594, 6, 393, 643, 18, 0, 14.27%, 0, 0, 11, 16617.98, 24434493, 1041
1599, 6, 422, 643, 18, 0, 14.27%, 0, 0, 11, 14803.13, 24509274, 1041
1604, 6, 69, 643, 18, 0, 14.27%, 0, 0, 11, 10916.36, 24570277, 1041
1609, 6, 181, 643, 17, 0, 14.27%, 0, 0, 11, 16176.50, 24648963, 1041
1614, 6, 0, 643, 16, 0, 14.27%, 0, 0, 11, 15230.69, 24724703, 1041
1620, 6, 487, 643, 16, 0, 14.27%, 0, 0, 11, 12057.59, 24778961, 1041
1625, 6, 183, 643, 16, 0, 14.27%, 0, 0, 11, 14438.77, 24862257, 1041
1630, 6, 393, 643, 15, 0, 14.27%, 0, 0, 11, 17279.56, 24954686, 1041
1635, 6, 402, 643, 15, 0, 14.27%, 0, 0, 11, 13010.72, 25016747, 1041
1640, 6, 393, 643, 15, 0, 14.27%, 0, 0, 11, 14764.49, 25089006, 1041
1645, 6, 51, 643, 15, 0, 14.27%, 0, 0, 11, 14826.90, 25167643, 1041
1650, 6, 212, 643, 15, 0, 14.27%, 0, 0, 11, 20920.07, 25205394, 1041
1655, 6, 67, 643, 15, 0, 14.27%, 0, 0, 11, 14320.47, 25267812, 1041
1660, 6, 10, 643, 15, 0, 14.27%, 0, 0, 11, 9697.81, 25316223, 1041
1666, 6, 327, 643, 15, 0, 14.27%, 0, 0, 11, 9296.29, 25367352, 1041
1671, 6, 21, 643, 15, 0, 14.27%, 0, 0, 11, 18261.89, 25460330, 1041
1676, 7, 393, 654, 26, 0, 14.27%, 0, 0, 11, 18381.66, 25548863, 1041
1681, 7, 639, 654, 26, 0, 14.27%, 0, 0, 11, 16783.45, 25637749, 1041
1686, 7, 258, 654, 25, 0, 14.27%, 0, 0, 11, 17922.05, 25720508, 1041
1691, 7, 384, 654, 25, 0, 14.27%, 0, 0, 11, 19887.22, 25818316, 1041
1696, 7, 10, 654, 25, 0, 14.27%, 0, 0, 11, 17968.17, 25910013, 1041
1701, 7, 183, 654, 24, 0, 14.27%, 0, 0, 11, 18096.14, 26004575, 1041
1706, 7, 84, 654, 24, 0, 14.27%, 0, 0, 11, 15182.18, 26067530, 1041
1712, 7, 393, 655, 24, 0, 14.27%, 0, 0, 11, 12840.50, 26133498, 1041
1717, 7, 43, 655, 24, 0, 14.27%, 0, 0, 11, 17272.01, 26213163, 1041
1722, 7, 638, 655, 24, 0, 14.27%, 0, 0, 11, 13200.21, 26278103, 1041
1727, 7, 43, 655, 24, 0, 14.27%, 0, 0, 11, 16795.90, 26364138, 1041
1732, 7, 217, 655, 24, 0, 14.27%, 0, 0, 11, 19513.42, 26459152, 1041
1737, 7, 597, 655, 24, 0, 14.27%, 0, 0, 11, 18015.87, 26547245, 1041
1742, 7, 393, 655, 24, 0, 14.27%, 0, 0, 11, 21857.77, 26657058, 1041
1747, 7, 0, 655, 24, 0, 14.27%, 0, 0, 11, 17217.66, 26732259, 1041
1752, 7, 353, 655, 24, 0, 14.27%, 0, 0, 11, 19193.27, 26830657, 1041
1757, 7, 217, 655, 24, 0, 14.27%, 0, 0, 11, 18754.13, 26908070, 1041
1763, 7, 343, 655, 24, 0, 14.27%, 0, 0, 11, 17467.65, 26997831, 1041
1768, 7, 10, 655, 24, 0, 14.27%, 0, 0, 11, 15369.31, 27069181, 1041
1773, 7, 604, 655, 24, 0, 14.27%, 0, 0, 11, 16792.17, 27164276, 1041
1778, 7, 349, 655, 24, 0, 14.27%, 0, 0, 11, 12427.75, 27224772, 1041
1783, 7, 335, 655, 24, 0, 14.27%, 0, 0, 11, 13545.12, 27301380, 1041
1788, 7, 43, 655, 24, 0, 14.27%, 0, 0, 11, 15657.23, 27383044, 1041
1793, 7, 393, 655, 24, 0, 14.27%, 0, 0, 11, 15172.65, 27454839, 1041
1798, 7, 121, 655, 24, 0, 14.27%, 0, 0, 11, 15719.90, 27530270, 1041
1804, 7, 526, 655, 24, 0, 14.27%, 0, 0, 11, 16689.17, 27625264, 1041
1809, 7, 654, 655, 24, 0, 14.27%, 0, 0, 11, 14202.16, 27696873, 1041
1814, 7, 297, 655, 23, 0, 14.27%, 0, 0, 11, 13905.76, 27781259, 1041
1819, 7, 393, 655, 23, 0, 14.27%, 0, 0, 11, 15203.83, 27857531, 1041
1824, 7, 25, 655, 23, 0, 14.27%, 0, 0, 11, 14047.01, 27935719, 1041
1829, 7, 0, 655, 23, 0, 14.27%, 0, 0, 11, 16606.89, 28018555, 1041
1834, 7, 107, 655, 22, 0, 14.27%, 0, 0, 11, 16945.32, 28107818, 1041
1840, 7, 10, 655, 22, 0, 14.27%, 0, 0, 11, 13917.04, 28173615, 1041
1845, 7, 99, 655, 22, 0, 14.27%, 0, 0, 11, 15914.21, 28262316, 1041
1850, 7, 118, 655, 22, 0, 14.27%, 0, 0, 11, 21949.55, 28375637, 1041
1855, 7, 393, 655, 22, 0, 14.27%, 0, 0, 11, 15813.30, 28461006, 1041
1860, 7, 0, 655, 22, 0, 14.27%, 0, 0, 11, 16326.36, 28541143, 1041
1865, 7, 349, 655, 22, 0, 14.27%, 0, 0, 11, 11954.22, 28602460, 1041
1870, 7, 422, 655, 22, 0, 14.27%, 0, 0, 11, 16542.73, 28684418, 1041
1875, 7, 650, 657, 24, 0, 14.27%, 0, 0, 11, 9232.21, 28731669, 1041
1881, 7, 181, 657, 23, 0, 14.27%, 0, 0, 11, 10749.93, 28776223, 1041
1886, 7, 166, 657, 23, 0, 14.27%, 0, 0, 11, 10834.31, 28830024, 1041
1891, 8, 658, 660, 24, 0, 14.27%, 0, 0, 11, 25901.93, 28899451, 1041
1896, 8, 10, 660, 22, 0, 14.27%, 0, 0, 11, 16507.90, 28950423, 1041
1901, 8, 411, 660, 22, 0, 14.27%, 0, 0, 11, 11122.75, 28996663, 1041
1906, 8, 107, 660, 20, 0, 14.27%, 0, 0, 11, 8109.00, 29049373, 1041
1911, 8, 25, 660, 20, 0, 14.27%, 0, 0, 11, 15346.35, 29135129, 1041
1916, 8, 393, 660, 20, 0, 14.27%, 0, 0, 11, 15557.71, 29216707, 1041
1921, 8, 393, 660, 20, 0, 14.27%, 0, 0, 11, 17985.18, 29310669, 1041
1927, 8, 360, 660, 20, 0, 14.27%, 0, 0, 11, 10692.56, 29365978, 1041
1932, 8, 215, 660, 20, 0, 14.27%, 0, 0, 11, 16437.61, 29449301, 1041
1937, 8, 351, 660, 20, 0, 14.27%, 0, 0, 11, 14143.23, 29512968, 1041
1942, 8, 599, 660, 20, 0, 14.27%, 0, 0, 11, 15485.90, 29592033, 1041
1947, 8, 419, 660, 20, 0, 14.27%, 0, 0, 11, 11792.85, 29647262, 1041
1952, 8, 411, 660, 20, 0, 14.27%, 0, 0, 11, 16242.83, 29734845, 1041
1957, 8, 393, 660, 20, 0, 14.27%, 0, 0, 11, 14426.03, 29803900, 1041
1962, 8, 51, 660, 20, 0, 14.27%, 0, 0, 11, 14635.67, 29876745, 1041
1967, 8, 195, 660, 19, 0, 14.27%, 0, 0, 11, 11739.53, 29931375, 1041
1972, 8, 529, 660, 19, 0, 14.27%, 0, 0, 11, 15367.65, 30012812, 1041
1977, 8, 95, 660, 19, 0, 14.27%, 0, 0, 11, 14217.12, 30071802, 1041
1982, 8, 118, 660, 19, 0, 14.27%, 0, 0, 11, 15575.81, 30156015, 1041
1988, 8, 602, 660, 19, 0, 14.27%, 0, 0, 11, 13198.20, 30219412, 1041
1993, 8, 2, 660, 19, 0, 14.27%, 0, 0, 11, 16067.74, 30296431, 1041
1998, 8, 69, 660, 19, 0, 14.27%, 0, 0, 11, 17055.63, 30375019, 1041
2003, 8, 419, 660, 19, 0, 14.27%, 0, 0, 11, 14582.29, 30450860, 1041
2008, 8, 637, 660, 19, 0, 14.27%, 0, 0, 11, 11376.72, 30502819, 1041
2013, 8, 107, 660, 17, 0, 14.27%, 0, 0, 11, 14230.46, 30586668, 1041
2018, 8, 383, 660, 16, 0, 14.27%, 0, 0, 11, 13369.57, 30654502, 1041
2023, 8, 10, 660, 16, 0, 14.27%, 0, 0, 11, 16399.18, 30741547, 1041
2028, 8, 423, 660, 16, 0, 14.27%, 0, 0, 11, 10617.95, 30798278, 1041
2033, 8, 393, 660, 16, 0, 14.27%, 0, 0, 11, 4137.69, 30849080, 1041
2038, 8, 334, 660, 16, 0, 14.27%, 0, 0, 11, 9293.83, 30907852, 1041
2044, 8, 29, 660, 16, 0, 14.27%, 0, 0, 11, 11840.15, 30971814, 1041
2049, 8, 51, 660, 14, 0, 14.27%, 0, 0, 11, 12239.96, 31033529, 1041
2054, 8, 184, 660, 14, 0, 14.27%, 0, 0, 11, 13021.54, 31105999, 1041
2059, 8, 423, 660, 14, 0, 14.27%, 0, 0, 11, 13376.77, 31176351, 1041
2064, 8, 184, 660, 14, 0, 14.27%, 0, 0, 11, 11328.26, 31236917, 1041
2069, 8, 185, 660, 14, 0, 14.27%, 0, 0, 11, 17021.59, 31314269, 1041
2074, 8, 184, 660, 14, 0, 14.27%, 0, 0, 11, 15372.74, 31391199, 1041
2079, 8, 485, 660, 14, 0, 14.27%, 0, 0, 11, 12520.36, 31453441, 1041
2084, 8, 118, 660, 14, 0, 14.27%, 0, 0, 11, 11899.71, 31517674, 1041
2089, 8, 29, 660, 13, 0, 14.27%, 0, 0, 11, 15215.32, 31591435, 1041
2094, 8, 393, 660, 13, 0, 14.27%, 0, 0, 11, 14381.49, 31667097, 1041
2100, 8, 410, 660, 13, 0, 14.27%, 0, 0, 11, 16040.70, 31754158, 1041
2105, 8, 595, 660, 13, 0, 14.27%, 0, 0, 11, 12317.08, 31821288, 1041
2110, 8, 118, 660, 12, 0, 14.27%, 0, 0, 11, 15273.69, 31899765, 1041
2115, 8, 334, 660, 12, 0, 14.27%, 0, 0, 11, 11564.45, 31957887, 1041
2120, 9, 97, 664, 16, 0, 14.27%, 0, 0, 11, 12968.91, 32019717, 1041
2125, 9, 335, 664, 16, 0, 14.27%, 0, 0, 11, 11103.52, 32080317, 1041
2130, 9, 57, 664, 15, 0, 14.27%, 0, 0, 11, 14747.06, 32155525, 1041
2135, 9, 580, 664, 13, 0, 14.27%, 0, 0, 11, 10336.41, 32210774, 1041
2140, 9, 395, 664, 13, 0, 14.27%, 0, 0, 11, 15822.19, 32282158, 1041
2145, 9, 56, 664, 13, 0, 14.27%, 0, 0, 11, 13401.41, 32347699, 1041
2150, 9, 200, 664, 13, 0, 14.27%, 0, 0, 11, 17032.30, 32432415, 1041
2155, 9, 25, 664, 13, 0, 14.27%, 0, 0, 11, 9921.69, 32474216, 1041
2160, 9, 95, 664, 13, 0, 14.27%, 0, 0, 11, 15094.61, 32548998, 1041
2165, 9, 359, 664, 13, 0, 14.27%, 0, 0, 11, 10381.00, 32601130, 1041
2170, 9, 43, 664, 13, 0, 14.27%, 0, 0, 11, 16328.29, 32677328, 1041
2176, 9, 183, 664, 12, 0, 14.27%, 0, 0, 11, 12129.54, 32737449, 1041
2181, 9, 150, 664, 12, 0, 14.27%, 0, 0, 11, 14602.31, 32813500, 1041
2186, 9, 393, 664, 12, 0, 14.27%, 0, 0, 11, 11440.61, 32874645, 1041
2191, 9, 653, 664, 12, 0, 14.27%, 0, 0, 11, 12900.07, 32947307, 1041
2196, 9, 645, 664, 11, 0, 14.27%, 0, 0, 11, 7618.95, 32983198, 1041
2201, 9, 51, 664, 10, 0, 14.27%, 0, 0, 11, 13593.93, 33061745, 1041
2206, 9, 393, 664, 9, 0, 14.27%, 0, 0, 11, 12838.54, 33130840, 1041
2211, 9, 51, 664, 9, 0, 14.27%, 0, 0, 11, 15227.33, 33209549, 1041
2216, 9, 66, 664, 9, 0, 14.27%, 0, 0, 11, 15997.66, 33284145, 1041
2222, 9, 395, 664, 9, 0, 14.27%, 0, 0, 11, 16965.47, 33370712, 1041
2227, 9, 95, 664, 9, 0, 14.27%, 0, 0, 11, 15428.10, 33447307, 1041
2232, 9, 393, 664, 9, 0, 14.27%, 0, 0, 11, 18501.07, 33540693, 1041
2237, 9, 10, 664, 9, 0, 14.27%, 0, 0, 11, 17605.50, 33624586, 1041
2242, 9, 393, 664, 9, 0, 14.27%, 0, 0, 11, 19282.65, 33717833, 1041
2247, 9, 215, 664, 9, 0, 14.27%, 0, 0, 11, 16378.70, 33799133, 1041
2252, 9, 613, 664, 8, 0, 14.27%, 0, 0, 11, 16718.88, 33883635, 1041
2257, 9, 656, 664, 8, 0, 14.27%, 0, 0, 11, 15975.37, 33970846, 1041
2262, 9, 395, 664, 8, 0, 14.27%, 0, 0, 11, 17182.63, 34056237, 1041
2267, 9, 395, 664, 8, 0, 14.27%, 0, 0, 11, 17369.18, 34137440, 1041
2272, 9, 393, 664, 8, 0, 14.27%, 0, 0, 11, 19139.06, 34239620, 1041
2277, 9, 454, 664, 7, 0, 14.27%, 0, 0, 11, 18097.06, 34324472, 1041
2283, 9, 21, 664, 7, 0, 14.27%, 0, 0, 11, 20214.64, 34430546, 1041
2288, 9, 119, 665, 8, 0, 14.27%, 0, 0, 11, 16013.40, 34499050, 1041
2293, 9, 393, 665, 7, 0, 14.27%, 0, 0, 11, 18798.05, 34588677, 1041
2298, 9, 95, 665, 6, 0, 14.27%, 0, 0, 11, 16042.78, 34663215, 1041
2303, 9, 338, 665, 6, 0, 14.27%, 0, 0, 11, 19186.94, 34763256, 1041
2308, 9, 43, 665, 6, 0, 14.27%, 0, 0, 11, 15505.64, 34826156, 1041
2313, 9, 181, 665, 6, 0, 14.27%, 0, 0, 11, 16488.18, 34915778, 1041
2318, 9, 384, 665, 6, 0, 14.27%, 0, 0, 11, 14486.97, 34986633, 1041
2323, 10, 393, 666, 7, 0, 14.27%, 0, 0, 11, 16867.72, 35076377, 1041
2328, 10, 25, 666, 7, 0, 14.27%, 0, 0, 11, 17066.65, 35154895, 1041
2333, 10, 122, 666, 7, 0, 14.27%, 0, 0, 11, 16789.34, 35242085, 1041
2339, 10, 273, 666, 7, 0, 14.27%, 0, 0, 11, 17413.12, 35331663, 1041
2344, 10, 107, 666, 7, 0, 14.27%, 0, 0, 11, 17689.30, 35420266, 1041
2349, 10, 357, 666, 7, 0, 14.27%, 0, 0, 11, 17615.85, 35503397, 1041
2354, 10, 417, 666, 7, 0, 14.27%, 0, 0, 11, 14266.02, 35570214, 1041
2359, 10, 601, 666, 7, 0, 14.27%, 0, 0, 11, 14322.83, 35634884, 1041
2364, 10, 332, 666, 7, 0, 14.27%, 0, 0, 11, 16130.24, 35716635, 1041
2369, 10, 10, 666, 6, 0, 14.27%, 0, 0, 11, 16965.19, 35798749, 1041
2374, 10, 395, 666, 6, 0, 14.27%, 0, 0, 11, 17904.21, 35888696, 1041
2380, 10, 393, 666, 6, 0, 14.27%, 0, 0, 11, 14946.63, 35955983, 1041
2385, 10, 78, 666, 6, 0, 14.27%, 0, 0, 11, 14895.87, 36039198, 1041
2390, 10, 633, 666, 6, 0, 14.27%, 0, 0, 11, 17041.71, 36129769, 1041
2395, 10, 442, 666, 6, 0, 14.27%, 0, 0, 11, 13519.91, 36195086, 1041
2400, 10, 545, 666, 6, 0, 14.27%, 0, 0, 11, 16830.12, 36290438, 1041
2405, 10, 393, 666, 6, 0, 14.27%, 0, 0, 11, 19497.10, 36401589, 1041
2410, 10, 184, 666, 6, 0, 14.27%, 0, 0, 11, 21156.05, 36501677, 1041
2415, 10, 69, 666, 6, 0, 14.27%, 0, 0, 11, 17857.26, 36594047, 1041
2420, 10, 411, 666, 6, 0, 14.27%, 0, 0, 11, 25730.85, 36740485, 1041
2426, 10, 43, 666, 6, 0, 14.27%, 0, 0, 11, 19267.85, 36837663, 1041
2431, 10, 340, 666, 6, 0, 14.27%, 0, 0, 11, 19999.33, 36944519, 1041
2436, 10, 118, 666, 6, 0, 14.27%, 0, 0, 11, 19568.39, 37036339, 1041
2441, 10, 319, 666, 6, 0, 14.27%, 0, 0, 11, 16851.33, 37122767, 1041
2446, 10, 601, 666, 6, 0, 14.27%, 0, 0, 11, 16233.55, 37209723, 1041
2451, 10, 119, 666, 5, 0, 14.27%, 0, 0, 11, 19388.23, 37300079, 1041
2456, 10, 57, 666, 5, 0, 14.27%, 0, 0, 11, 19666.15, 37400293, 1041
2461, 10, 51, 666, 5, 0, 14.27%, 0, 0, 11, 20329.12, 37500305, 1041
2466, 10, 318, 666, 4, 0, 14.27%, 0, 0, 11, 18069.61, 37598760, 1041
2471, 10, 184, 666, 4, 0, 14.27%, 0, 0, 11, 20537.76, 37706190, 1041
2476, 10, 442, 666, 4, 0, 14.27%, 0, 0, 11, 15756.54, 37782480, 1041
2481, 10, 601, 666, 4, 0, 14.27%, 0, 0, 11, 16668.29, 37857280, 1041
2487, 10, 51, 666, 4, 0, 14.27%, 0, 0, 11, 14221.43, 37922356, 1041
2492, 11, 51, 668, 6, 0, 14.27%, 0, 0, 11, 18326.86, 38014296, 1041
2497, 11, 340, 668, 6, 0, 14.27%, 0, 0, 11, 15339.53, 38089305, 1041
2502, 11, 402, 668, 6, 0, 14.27%, 0, 0, 11, 19846.34, 38185675, 1041
2507, 11, 393, 668, 6, 0, 14.27%, 0, 0, 11, 17097.26, 38252619, 1041
2512, 11, 337, 668, 6, 0, 14.27%, 0, 0, 11, 16939.05, 38340171, 1041
2517, 11, 107, 668, 6, 0, 14.27%, 0, 0, 11, 16557.72, 38410604, 1041
2522, 11, 340, 668, 5, 0, 14.27%, 0, 0, 11, 21653.29, 38519463, 1041
2527, 11, 648, 668, 5, 0, 14.27%, 0, 0, 11, 17386.15, 38598487, 1041
2532, 11, 130, 668, 4, 0, 14.27%, 0, 0, 11, 18948.16, 38695060, 1041
2537, 11, 188, 668, 4, 0, 14.27%, 0, 0, 11, 17744.51, 38774497, 1041
2543, 11, 67, 668, 4, 0, 14.27%, 0, 0, 11, 20967.44, 38878161, 1041
2548, 11, 348, 668, 4, 0, 14.27%, 0, 0, 11, 17134.95, 38964509, 1041
2553, 11, 126, 668, 3, 0, 14.27%, 0, 0, 11, 19395.25, 39054819, 1041
2558, 11, 344, 668, 3, 0, 14.27%, 0, 0, 11, 17016.93, 39136261, 1041
2563, 11, 612, 668, 3, 0, 14.27%, 0, 0, 11, 15336.68, 39212741, 1041
2568, 11, 384, 668, 3, 0, 14.27%, 0, 0, 11, 16771.94, 39289212, 1041
2573, 11, 302, 668, 3, 0, 14.27%, 0, 0, 11, 17060.78, 39375031, 1041
2578, 11, 69, 668, 3, 0, 14.27%, 0, 0, 11, 17085.05, 39456760, 1041
2583, 11, 482, 668, 3, 0, 14.27%, 0, 0, 11, 16849.14, 39552773, 1041
2589, 11, 587, 668, 3, 0, 14.27%, 0, 0, 11, 19207.47, 39655595, 1041
2594, 11, 402, 668, 3, 0, 14.27%, 0, 0, 11, 19104.90, 39750633, 1041
2599, 11, 99, 668, 3, 0, 14.27%, 0, 0, 11, 16662.38, 39828661, 1041
2604, 11, 28, 668, 3, 0, 14.27%, 0, 0, 11, 18795.22, 39922827, 1041
2609, 11, 184, 668, 3, 0, 14.27%, 0, 0, 11, 16102.18, 40001677, 1041
2614, 11, 118, 668, 3, 0, 14.27%, 0, 0, 11, 19733.84, 40119973, 1041
2619, 11, 552, 668, 2, 0, 14.27%, 0, 0, 11, 16147.67, 40197987, 1041
2624, 11, 107, 668, 2, 0, 14.27%, 0, 0, 11, 16437.50, 40283431, 1041
2629, 11, 359, 668, 2, 0, 14.27%, 0, 0, 11, 17565.67, 40372478, 1041
2634, 11, 365, 668, 2, 0, 14.27%, 0, 0, 11, 14127.42, 40443975, 1041
2640, 11, 639, 668, 2, 0, 14.27%, 0, 0, 11, 17047.58, 40530065, 1041
2645, 11, 43, 668, 2, 0, 14.27%, 0, 0, 11, 12776.30, 40584550, 1041
2650, 11, 381, 668, 2, 0, 14.27%, 0, 0, 11, 19786.30, 40697968, 1041
2655, 11, 51, 668, 2, 0, 14.27%, 0, 0, 11, 17039.87, 40788653, 1041
2660, 11, 335, 668, 2, 0, 14.27%, 0, 0, 11, 21927.31, 40896445, 1041
2665, 11, 118, 668, 2, 0, 14.27%, 0, 0, 11, 14378.84, 40960249, 1041
2670, 12, 392, 669, 3, 0, 14.27%, 0, 0, 11, 18439.61, 41052612, 1041
2675, 12, 185, 669, 3, 0, 14.27%, 0, 0, 11, 16202.51, 41136409, 1041
2680, 12, 118, 669, 3, 0, 14.27%, 0, 0, 11, 15298.25, 41217633, 1041
2686, 12, 436, 669, 3, 0, 14.27%, 0, 0, 11, 13415.91, 41278839, 1041
2691, 12, 70, 669, 3, 0, 14.27%, 0, 0, 11, 17208.62, 41376825, 1041
2696, 12, 580, 669, 3, 0, 14.27%, 0, 0, 11, 16779.81, 41459318, 1041
2701, 12, 367, 669, 3, 0, 14.27%, 0, 0, 11, 18172.89, 41546329, 1041
2706, 12, 411, 669, 3, 0, 14.27%, 0, 0, 11, 13648.32, 41603528, 1041
2711, 12, 105, 669, 3, 0, 14.27%, 0, 0, 11, 17392.00, 41697390, 1041
2716, 12, 344, 669, 3, 0, 14.27%, 0, 0, 11, 14542.75, 41751000, 1041
2721, 12, 323, 669, 3, 0, 14.27%, 0, 0, 11, 16560.67, 41846859, 1041
2726, 12, 393, 669, 3, 0, 14.27%, 0, 0, 11, 12111.66, 41904614, 1041
2732, 12, 99, 669, 3, 0, 14.27%, 0, 0, 11, 15701.27, 41995872, 1041
2737, 12, 339, 669, 3, 0, 14.27%, 0, 0, 11, 12597.91, 42063760, 1041
2742, 12, 51, 669, 3, 0, 14.27%, 0, 0, 11, 15425.44, 42135820, 1041
2747, 12, 393, 669, 3, 0, 14.27%, 0, 0, 11, 18610.39, 42228524, 1041
2752, 12, 107, 669, 2, 0, 14.27%, 0, 0, 11, 17309.23, 42306619, 1041
2757, 12, 602, 669, 2, 0, 14.27%, 0, 0, 11, 14710.43, 42375134, 1041
2762, 12, 210, 669, 2, 0, 14.27%, 0, 0, 11, 18900.37, 42469136, 1041
2767, 12, 321, 669, 2, 0, 14.27%, 0, 0, 11, 16381.73, 42550740, 1041
2773, 12, 118, 669, 2, 0, 14.27%, 0, 0, 11, 16008.77, 42642220, 1041
2778, 12, 51, 669, 1, 0, 14.27%, 0, 0, 11, 15894.52, 42710555, 1041
2783, 12, 600, 669, 1, 0, 14.27%, 0, 0, 11, 20835.24, 42828480, 1041
2788, 12, 337, 669, 1, 0, 14.27%, 0, 0, 11, 14985.87, 42891945, 1041
2793, 12, 371, 669, 1, 0, 14.27%, 0, 0, 11, 15179.70, 42977320, 1041
2798, 12, 36, 669, 1, 0, 14.27%, 0, 0, 11, 15329.63, 43057027, 1041
2803, 12, 36, 669, 1, 0, 14.27%, 0, 0, 11, 16605.57, 43151557, 1041
2808, 12, 393, 669, 1, 0, 14.27%, 0, 0, 11, 16445.23, 43233073, 1041
2813, 12, 395, 669, 1, 0, 14.27%, 0, 0, 11, 17228.19, 43321397, 1041
2819, 12, 395, 669, 1, 0, 14.27%, 0, 0, 11, 16989.09, 43403787, 1041
2824, 12, 284, 669, 1, 0, 14.27%, 0, 0, 11, 17593.56, 43500341, 1041
2829, 12, 297, 669, 1, 0, 14.27%, 0, 0, 11, 14679.18, 43565687, 1041
2834, 12, 599, 669, 1, 0, 14.27%, 0, 0, 11, 12727.26, 43635071, 1041
2839, 12, 95, 669, 1, 0, 14.27%, 0, 0, 11, 14859.61, 43703366, 1041
2844, 12, 420, 669, 1, 0, 14.27%, 0, 0, 11, 11561.92, 43769526, 1041
2849, 12, 344, 669, 1, 0, 14.27%, 0, 0, 11, 18268.10, 43874790, 1041
2854, 12, 384, 669, 1, 0, 14.27%, 0, 0, 11, 14126.21, 43947065, 1041
2860, 12, 107, 669, 1, 0, 14.27%, 0, 0, 11, 11832.28, 44010960, 1041
2865, 13, 0, 670, 2, 0, 14.27%, 0, 0, 11, 15680.86, 44102422, 1041
2870, 13, 424, 670, 2, 0, 14.27%, 0, 0, 11, 15282.95, 44180600, 1041
2875, 13, 28, 670, 2, 0, 14.27%, 0, 0, 11, 13877.01, 44254678, 1041
2880, 13, 2, 670, 2, 0, 14.27%, 0, 0, 11, 20087.54, 44357118, 1041
2885, 13, 612, 670, 2, 0, 14.27%, 0, 0, 11, 13189.78, 44418340, 1041
2890, 13, 95, 670, 2, 0, 14.27%, 0, 0, 11, 19590.11, 44521327, 1041
2895, 13, 51, 670, 2, 0, 14.27%, 0, 0, 11, 11511.26, 44571868, 1041
2900, 13, 393, 670, 2, 0, 14.27%, 0, 0, 11, 17779.26, 44665705, 1041
2906, 13, 95, 670, 2, 0, 14.27%, 0, 0, 11, 14898.56, 44740450, 1041
2911, 13, 184, 670, 2, 0, 14.27%, 0, 0, 11, 12604.22, 44802508, 1041
2916, 13, 383, 670, 2, 0, 14.27%, 0, 0, 11, 11162.24, 44853400, 1041
2921, 13, 575, 670, 2, 0, 14.27%, 0, 0, 11, 12672.09, 44920238, 1041
2926, 13, 29, 670, 2, 0, 14.27%, 0, 0, 11, 15919.09, 45002090, 1041
2931, 13, 393, 670, 2, 0, 14.27%, 0, 0, 11, 20151.21, 45103212, 1041
2936, 13, 69, 670, 2, 0, 14.27%, 0, 0, 11, 17048.41, 45183788, 1041
2941, 13, 118, 670, 2, 0, 14.27%, 0, 0, 11, 17951.22, 45266346, 1041
2946, 13, 393, 670, 2, 0, 14.27%, 0, 0, 11, 14494.79, 45336505, 1041
2951, 13, 25, 670, 2, 0, 14.27%, 0, 0, 11, 17607.20, 45434142, 1041
2956, 13, 36, 670, 2, 0, 14.27%, 0, 0, 11, 14623.85, 45506668, 1041
2961, 13, 402, 670, 2, 0, 14.27%, 0, 0, 11, 15367.94, 45576894, 1041
2967, 13, 393, 670, 2, 0, 14.27%, 0, 0, 11, 17364.99, 45667326, 1041
2972, 13, 546, 670, 2, 0, 14.27%, 0, 0, 11, 20265.56, 45771291, 1041
2977, 13, 183, 670, 2, 0, 14.27%, 0, 0, 11, 18370.04, 45856608, 1041
2982, 13, 125, 670, 2, 0, 14.27%, 0, 0, 11, 16102.21, 45933344, 1041
2987, 13, 317, 670, 2, 0, 14.27%, 0, 0, 11, 15264.41, 46008424, 1041
2992, 13, 393, 670, 2, 0, 14.27%, 0, 0, 11, 18163.26, 46109965, 1041
2997, 13, 393, 670, 2, 0, 14.27%, 0, 0, 11, 18508.66, 46191404, 1041
3002, 13, 393, 670, 2, 0, 14.27%, 0, 0, 11, 17677.67, 46277766, 1041
3007, 13, 66, 670, 2, 0, 14.27%, 0, 0, 11, 19904.10, 46368432, 1041
3012, 13, 185, 670, 1, 0, 14.27%, 0, 0, 11, 17373.33, 46448760, 1041
3017, 13, 218, 670, 1, 0, 14.27%, 0, 0, 11, 14238.43, 46513946, 1041
3022, 13, 591, 670, 1, 0, 14.27%, 0, 0, 11, 17302.83, 46602570, 1041
3027, 13, 43, 670, 1, 0, 14.27%, 0, 0, 11, 12766.24, 46654996, 1041
3033, 13, 393, 670, 1, 0, 14.27%, 0, 0, 11, 15198.44, 46742018, 1041
3038, 13, 360, 670, 1, 0, 14.27%, 0, 0, 11, 10231.09, 46787308, 1041
3043, 13, 10, 670, 1, 0, 14.27%, 0, 0, 11, 15776.30, 46864399, 1041
3048, 13, 600, 670, 1, 0, 14.27%, 0, 0, 11, 14430.39, 46936863, 1041
3053, 14, 133, 670, 1, 0, 14.27%, 0, 0, 11, 15957.88, 47021044, 1041
3058, 14, 67, 670, 1, 0, 14.27%, 0, 0, 11, 18574.95, 47114630, 1041
3063, 14, 57, 670, 1, 0, 14.27%, 0, 0, 11, 15568.18, 47190200, 1041
3068, 14, 124, 670, 1, 0, 14.27%, 0, 0, 11, 19283.19, 47279392, 1041
3073, 14, 565, 670, 1, 0, 14.27%, 0, 0, 11, 15214.83, 47349494, 1041
3078, 14, 447, 670, 1, 0, 14.27%, 0, 0, 11, 16223.73, 47427056, 1041
3083, 14, 247, 670, 1, 0, 14.27%, 0, 0, 11, 15403.52, 47505727, 1041
3088, 14, 632, 670, 1, 0, 14.27%, 0, 0, 11, 16197.81, 47589820, 1041
3093, 14, 381, 670, 1, 0, 14.27%, 0, 0, 11, 15830.51, 47672432, 1041
3099, 14, 393, 670, 1, 0, 14.27%, 0, 0, 11, 14355.00, 47743074, 1041
3104, 14, 0, 670, 1, 0, 14.27%, 0, 0, 11, 16979.91, 47836189, 1041
3109, 14, 235, 670, 1, 0, 14.27%, 0, 0, 11, 14578.14, 47902144, 1041
3114, 14, 602, 670, 1, 0, 14.27%, 0, 0, 11, 16582.71, 47997691, 1041
3119, 14, 327, 670, 1, 0, 14.27%, 0, 0, 11, 12539.79, 48059182, 1041
3124, 14, 185, 670, 1, 0, 14.27%, 0, 0, 11, 20538.46, 48150104, 1041
3129, 14, 592, 670, 1, 0, 14.27%, 0, 0, 11, 20062.64, 48249181, 1041
3135, 14, 118, 670, 1, 0, 14.27%, 0, 0, 11, 14397.30, 48315554, 1041
3140, 14, 653, 670, 1, 0, 14.27%, 0, 0, 11, 15769.02, 48401694, 1041
3145, 14, 181, 670, 1, 0, 14.27%, 0, 0, 11, 13294.18, 48467695, 1041
3150, 14, 51, 670, 1, 0, 14.27%, 0, 0, 11, 10643.93, 48518286, 1041
3155, 14, 370, 670, 1, 0, 14.27%, 0, 0, 11, 10296.57, 48576466, 1041
3160, 14, 69, 670, 1, 0, 14.27%, 0, 0, 11, 12509.22, 48639125, 1041
3165, 14, 670, 671, 2, 0, 14.27%, 0, 0, 11, 12083.05, 48705547, 1041
3170, 14, 21, 671, 1, 0, 14.27%, 0, 0, 11, 11189.59, 48766549, 1041
3176, 14, 86, 671, 1, 0, 14.27%, 0, 0, 11, 18618.70, 48869640, 1041
3181, 14, 411, 671, 1, 0, 14.27%, 0, 0, 11, 14953.92, 48942671, 1041
3186, 14, 10, 671, 1, 0, 14.27%, 0, 0, 11, 16912.24, 49033459, 1041
3191, 14, 51, 671, 0, 0, 14.27%, 0, 0, 11, 12997.04, 49095124, 1041
3196, 14, 181, 671, 0, 0, 14.27%, 0, 0, 11, 13523.40, 49162701, 1041
3201, 14, 95, 671, 0, 0, 14.27%, 0, 0, 11, 16205.55, 49247037, 1041
3206, 14, 393, 671, 0, 0, 14.27%, 0, 0, 11, 19314.21, 49355973, 1041
3211, 14, 10, 671, 0, 0, 14.27%, 0, 0, 11, 13781.54, 49423313, 1041
3216, 14, 43, 671, 0, 0, 14.27%, 0, 0, 11, 16829.10, 49510766, 1041
3221, 14, 360, 671, 0, 0, 14.27%, 0, 0, 11, 15819.37, 49594127, 1041
3226, 14, 58, 671, 0, 0, 14.27%, 0, 0, 11, 17284.78, 49674507, 1041
3231, 14, 10, 671, 0, 0, 14.27%, 0, 0, 11, 16228.23, 49759801, 1041
3237, 15, 368, 672, 1, 0, 14.27%, 0, 0, 11, 14355.71, 49831831, 1041
3242, 15, 423, 672, 1, 0, 14.27%, 0, 0, 11, 17493.80, 49920382, 1041
3247, 15, 51, 672, 1, 0, 14.27%, 0, 0, 11, 15383.77, 49998042, 1041
3252, 15, 29, 672, 1, 0, 14.27%, 0, 0, 11, 15446.61, 50071571, 1041
3257, 15, 69, 672, 1, 0, 14.27%, 0, 0, 11, 15608.19, 50151552, 1041
3262, 15, 118, 672, 1, 0, 14.27%, 0, 0, 11, 11865.55, 50208618, 1041
3267, 15, 645, 672, 1, 0, 14.27%, 0, 0, 11, 13676.51, 50290315, 1041
3272, 15, 450, 672, 1, 0, 14.27%, 0, 0, 11, 10493.34, 50341311, 1041
3278, 15, 51, 672, 1, 0, 14.27%, 0, 0, 11, 3219.30, 50391199, 1041
3283, 15, 130, 672, 1, 0, 14.27%, 0, 0, 11, 9910.74, 50437634, 1041
3288, 15, 183, 672, 1, 0, 14.27%, 0, 0, 11, 15591.15, 50520857, 1041
3293, 15, 368, 672, 1, 0, 14.27%, 0, 0, 11, 16252.21, 50600697, 1041
3298, 15, 373, 672, 1, 0, 14.27%, 0, 0, 11, 14685.78, 50673147, 1041
3303, 15, 522, 672, 1, 0, 14.27%, 0, 0, 11, 16258.80, 50749509, 1041
3308, 15, 360, 672, 1, 0, 14.27%, 0, 0, 11, 17062.80, 50841553, 1041
3313, 15, 10, 672, 1, 0, 14.27%, 0, 0, 11, 19121.12, 50919483, 1041
3318, 15, 655, 672, 1, 0, 14.27%, 0, 0, 11, 15771.17, 51001359, 1041
3323, 15, 383, 672, 1, 0, 14.27%, 0, 0, 11, 17984.70, 51089996, 1041
3328, 15, 353, 672, 1, 0, 14.27%, 0, 0, 11, 16886.98, 51187597, 1041
3334, 15, 423, 672, 1, 0, 14.27%, 0, 0, 11, 17107.30, 51271712, 1041
3339, 15, 454, 672, 1, 0, 14.27%, 0, 0, 11, 16176.06, 51356320, 1041
3344, 15, 21, 672, 1, 0, 14.27%, 0, 0, 11, 20624.93, 51463909, 1041
3349, 15, 95, 672, 1, 0, 14.27%, 0, 0, 11, 17955.71, 51554228, 1041
3354, 15, 384, 672, 1, 0, 14.27%, 0, 0, 11, 18380.90, 51646471, 1041
3359, 15, 10, 672, 1, 0, 14.27%, 0, 0, 11, 14776.58, 51713473, 1041
3364, 15, 671, 672, 1, 0, 14.27%, 0, 0, 11, 16640.08, 51805571, 1041
3369, 15, 83, 672, 0, 0, 14.27%, 0, 0, 11, 19329.17, 51912643, 1041
3375, 15, 43, 672, 0, 0, 14.27%, 0, 0, 11, 19889.33, 52007531, 1041
3380, 15, 450, 672, 0, 0, 14.27%, 0, 0, 11, 17337.34, 52093916, 1041
3385, 15, 346, 672, 0, 0, 14.27%, 0, 0, 11, 13957.83, 52158143, 1041
3390, 15, 10, 672, 0, 0, 14.27%, 0, 0, 11, 16307.49, 52248074, 1041
3395, 15, 67, 672, 0, 0, 14.27%, 0, 0, 11, 20900.13, 52354656, 1041
3400, 15, 28, 672, 0, 0, 14.27%, 0, 0, 11, 14409.94, 52424471, 1041
3405, 15, 599, 672, 0, 0, 14.27%, 0, 0, 11, 18020.06, 52525738, 1041
3410, 15, 602, 672, 0, 0, 14.27%, 0, 0, 11, 14880.14, 52598359, 1041
3415, 16, 511, 673, 1, 0, 14.27%, 0, 0, 11, 21383.04, 52708975, 1041
3420, 16, 21, 673, 1, 0, 14.27%, 0, 0, 11, 18149.12, 52792854, 1041
3425, 16, 395, 673, 1, 0, 14.27%, 0, 0, 11, 19973.97, 52890510, 1041
3431, 16, 51, 673, 1, 0, 14.27%, 0, 0, 11, 18178.13, 52982363, 1041
3436, 16, 454, 673, 1, 0, 14.27%, 0, 0, 11, 19344.67, 53076316, 1041
3441, 16, 422, 673, 1, 0, 14.27%, 0, 0, 11, 20535.06, 53170824, 1041
3446, 16, 183, 673, 1, 0, 14.27%, 0, 0, 11, 20637.77, 53275392, 1041
3451, 16, 36, 673, 1, 0, 14.27%, 0, 0, 11, 17998.44, 53359561, 1041
3456, 16, 270, 673, 1, 0, 14.27%, 0, 0, 11, 20502.49, 53469424, 1041
3461, 16, 393, 673, 0, 0, 14.27%, 0, 0, 11, 15913.06, 53545638, 1041
3466, 16, 95, 673, 0, 0, 14.27%, 0, 0, 11, 19486.53, 53656584, 1041
3471, 16, 411, 673, 0, 0, 14.27%, 0, 0, 11, 18389.62, 53748170, 1041
3476, 16, 57, 673, 0, 0, 14.27%, 0, 0, 11, 21731.61, 53859206, 1041
3481, 16, 0, 673, 0, 0, 14.27%, 0, 0, 11, 19402.41, 53952584, 1041
3487, 16, 393, 673, 0, 0, 14.27%, 0, 0, 11, 20652.92, 54055896, 1041
3492, 16, 183, 673, 0, 0, 14.27%, 0, 0, 11, 17871.18, 54140620, 1041
3497, 16, 69, 673, 0, 0, 14.27%, 0, 0, 11, 22178.85, 54255237, 1041
3502, 16, 595, 673, 0, 0, 14.27%, 0, 0, 11, 17992.17, 54337788, 1041
3507, 16, 562, 673, 0, 0, 14.27%, 0, 0, 11, 20494.16, 54435067, 1041
3512, 16, 67, 673, 0, 0, 14.27%, 0, 0, 11, 17037.41, 54520484, 1041
3517, 16, 393, 673, 0, 0, 14.27%, 0, 0, 11, 20288.42, 54625188, 1041
3522, 16, 393, 673, 0, 0, 14.27%, 0, 0, 11, 21540.45, 54730090, 1041
3527, 16, 0, 673, 0, 0, 14.27%, 0, 0, 11, 18678.40, 54822477, 1041
3532, 16, 25, 673, 0, 0, 14.27%, 0, 0, 11, 17156.81, 54900615, 1041
3538, 16, 339, 673, 0, 0, 14.27%, 0, 0, 11, 16872.62, 54991385, 1041
3543, 16, 57, 673, 0, 0, 14.27%, 0, 0, 11, 20923.58, 55095563, 1041
3548, 16, 350, 673, 0, 0, 14.27%, 0, 0, 11, 17518.37, 55181174, 1041
3553, 16, 69, 673, 0, 0, 14.27%, 0, 0, 11, 17351.98, 55259099, 1041
3558, 16, 121, 673, 0, 0, 14.27%, 0, 0, 11, 20114.74, 55367301, 1041
3563, 17, 124, 674, 1, 0, 14.27%, 0, 0, 11, 19671.09, 55456505, 1041
3568, 17, 36, 674, 1, 0, 14.27%, 0, 0, 11, 18580.46, 55551288, 1041
3573, 17, 25, 674, 1, 0, 14.27%, 0, 0, 11, 21311.05, 55655327, 1041
3578, 17, 602, 674, 1, 0, 14.27%, 0, 0, 11, 14942.65, 55735917, 1041
3583, 17, 193, 674, 1, 0, 14.27%, 0, 0, 11, 17691.64, 55824955, 1041
3588, 17, 393, 674, 1, 0, 14.27%, 0, 0, 11, 19142.44, 55922798, 1041
3594, 17, 318, 674, 1, 0, 14.27%, 0, 0, 11, 18880.92, 56019384, 1041
3599, 17, 576, 674, 1, 0, 14.27%, 0, 0, 11, 15926.24, 56093515, 1041
3600, 17, 298, 674, 1, 0, 14.27%, 0, 0, 11, 14512.76, 56101497, 1041
