# relative_time, cycles_done, cur_item, corpus_count, pending_total, pending_favs, map_size, saved_crashes, saved_hangs, max_depth, execs_per_sec, total_execs, edges_found
60, 1, 92, 151, 113, 0, 7.75%, 0, 0, 4, 19487.44, 1051365, 377
66, 1, 124, 151, 113, 0, 7.75%, 0, 0, 4, 16228.88, 1132545, 377
71, 2, 92, 185, 147, 0, 7.75%, 0, 0, 4, 16465.31, 1215451, 377
76, 2, 11, 185, 147, 0, 7.75%, 0, 0, 4, 16941.35, 1305179, 377
81, 2, 10, 185, 147, 0, 7.75%, 0, 0, 4, 18503.40, 1400779, 377
86, 2, 28, 185, 146, 0, 7.75%, 0, 0, 4, 16630.04, 1485856, 377
91, 2, 80, 185, 144, 0, 7.75%, 0, 0, 4, 17114.75, 1578064, 377
96, 2, 124, 185, 142, 0, 7.75%, 0, 0, 4, 15562.22, 1657650, 377
101, 2, 124, 185, 138, 0, 7.75%, 0, 0, 4, 16376.00, 1743400, 377
106, 2, 124, 185, 136, 0, 7.75%, 0, 0, 4, 14994.69, 1821414, 377
111, 3, 124, 206, 156, 0, 7.75%, 0, 0, 4, 12970.70, 1888833, 377
116, 3, 67, 206, 154, 0, 7.75%, 0, 0, 4, 15341.41, 1975215, 377
122, 3, 10, 206, 153, 0, 7.75%, 0, 0, 4, 16952.58, 2064204, 377
127, 3, 39, 206, 153, 0, 7.75%, 0, 0, 4, 15916.30, 2143582, 377
132, 3, 124, 206, 152, 0, 7.75%, 0, 0, 4, 20242.06, 2252018, 377
137, 3, 10, 206, 151, 0, 7.75%, 0, 0, 4, 14986.25, 2325797, 377
142, 3, 124, 206, 151, 0, 7.75%, 0, 0, 4, 16456.22, 2411658, 377
147, 3, 124, 206, 149, 0, 7.75%, 0, 0, 4, 18426.82, 2506338, 377
152, 3, 97, 207, 148, 0, 7.75%, 0, 0, 4, 19694.44, 2609265, 377
157, 4, 124, 222, 161, 0, 7.75%, 0, 0, 4, 20301.87, 2717619, 377
162, 4, 124, 222, 161, 0, 7.75%, 0, 0, 4, 20050.56, 2823255, 377
167, 4, 97, 222, 161, 0, 7.75%, 0, 0, 4, 18932.29, 2922632, 377
172, 4, 24, 222, 161, 0, 7.75%, 0, 0, 4, 20426.60, 3031162, 377
177, 4, 124, 222, 159, 0, 7.75%, 0, 0, 4, 20025.07, 3131566, 377
182, 4, 71, 222, 158, 0, 7.75%, 0, 0, 4, 23194.75, 3249208, 377
187, 4, 97, 222, 158, 0, 7.75%, 0, 0, 4, 19411.83, 3341767, 377
193, 4, 97, 222, 158, 0, 7.75%, 0, 0, 4, 23092.40, 3464342, 377
198, 4, 11, 222, 157, 0, 7.75%, 0, 0, 4, 22605.57, 3568402, 377
203, 4, 10, 222, 157, 0, 7.75%, 0, 0, 4, 20018.21, 3659705, 377
208, 5, 124, 234, 168, 0, 7.75%, 0, 0, 4, 16781.37, 3746699, 377
213, 5, 124, 234, 168, 0, 7.75%, 0, 0, 4, 17928.54, 3840256, 377
218, 5, 97, 234, 168, 0, 7.75%, 0, 0, 4, 19616.51, 3933677, 377
223, 5, 124, 234, 168, 0, 7.75%, 0, 0, 4, 21351.64, 4042650, 377
228, 5, 124, 234, 167, 0, 7.75%, 0, 0, 4, 19027.80, 4138394, 377
233, 5, 10, 234, 167, 0, 7.75%, 0, 0, 4, 18699.11, 4228865, 377
238, 5, 37, 234, 166, 0, 7.75%, 0, 0, 4, 19890.14, 4329763, 377
244, 5, 61, 234, 165, 0, 7.75%, 0, 0, 4, 19208.59, 4425790, 377
249, 5, 16, 234, 164, 0, 7.75%, 0, 0, 4, 18406.89, 4517794, 377
254, 5, 124, 234, 164, 0, 7.75%, 0, 0, 4, 18927.71, 4619554, 377
259, 5, 58, 234, 164, 0, 7.75%, 0, 0, 4, 21132.79, 4720779, 377
264, 6, 124, 235, 165, 0, 7.75%, 0, 0, 4, 21321.81, 4822915, 377
269, 6, 124, 235, 164, 0, 7.75%, 0, 0, 4, 21774.81, 4926836, 377
274, 6, 124, 235, 163, 0, 7.75%, 0, 0, 4, 18984.87, 5020029, 377
279, 6, 124, 235, 163, 0, 7.75%, 0, 0, 4, 20504.01, 5118707, 377
285, 6, 16, 235, 163, 0, 7.75%, 0, 0, 4, 19035.77, 5219709, 377
290, 6, 124, 235, 163, 0, 7.75%, 0, 0, 4, 18778.39, 5312841, 377
295, 6, 124, 235, 162, 0, 7.75%, 0, 0, 4, 18713.40, 5401805, 377
300, 6, 124, 235, 161, 0, 7.75%, 0, 0, 4, 19923.64, 5505290, 377
305, 6, 37, 235, 161, 0, 7.75%, 0, 0, 4, 18918.88, 5604788, 377
310, 6, 231, 235, 161, 0, 7.75%, 0, 0, 4, 18835.78, 5697638, 377
315, 7, 16, 243, 168, 0, 7.75%, 0, 0, 4, 18280.15, 5793483, 377
320, 7, 10, 243, 168, 0, 7.75%, 0, 0, 4, 19923.11, 5887430, 377
325, 7, 40, 243, 168, 0, 7.75%, 0, 0, 4, 19423.02, 5986020, 377
330, 7, 39, 243, 168, 0, 7.75%, 0, 0, 4, 20027.98, 6081545, 377
335, 7, 124, 243, 167, 0, 7.75%, 0, 0, 4, 18690.90, 6175072, 377
340, 7, 16, 243, 166, 0, 7.75%, 0, 0, 4, 21360.58, 6284884, 377
345, 7, 16, 243, 166, 0, 7.75%, 0, 0, 4, 21017.81, 6397806, 377
351, 7, 52, 243, 165, 0, 7.75%, 0, 0, 4, 17052.19, 6484166, 377
356, 7, 124, 243, 164, 0, 7.75%, 0, 0, 4, 16150.29, 6567573, 377
361, 7, 97, 243, 163, 0, 7.75%, 0, 0, 4, 21450.33, 6690776, 377
366, 7, 124, 243, 163, 0, 7.75%, 0, 0, 4, 20782.70, 6799799, 377
371, 8, 124, 245, 165, 0, 7.75%, 0, 0, 4, 21404.56, 6906194, 377
377, 8, 16, 245, 165, 0, 7.75%, 0, 0, 4, 17276.20, 6993635, 377
382, 8, 11, 245, 165, 0, 7.75%, 0, 0, 4, 22655.27, 7123084, 377
387, 8, 124, 245, 165, 0, 7.75%, 0, 0, 4, 22362.49, 7225879, 377
392, 8, 124, 245, 165, 0, 7.75%, 0, 0, 4, 21114.26, 7333019, 377
397, 8, 117, 245, 165, 0, 7.75%, 0, 0, 4, 18808.93, 7423572, 377
402, 8, 124, 245, 165, 0, 7.75%, 0, 0, 4, 22568.65, 7545217, 377
407, 8, 11, 245, 164, 0, 7.75%, 0, 0, 4, 18099.58, 7635103, 377
412, 8, 124, 245, 164, 0, 7.75%, 0, 0, 4, 20263.58, 7744245, 377
417, 8, 16, 245, 164, 0, 7.75%, 0, 0, 4, 21651.48, 7848977, 377
423, 8, 65, 245, 161, 0, 7.75%, 0, 0, 4, 20266.10, 7953488, 377
428, 9, 10, 245, 161, 0, 7.75%, 0, 0, 4, 21524.84, 8064767, 377
433, 9, 27, 245, 161, 0, 7.75%, 0, 0, 4, 19957.71, 8169137, 377
438, 9, 7, 245, 160, 0, 7.75%, 0, 0, 4, 22043.62, 8281814, 377
443, 9, 124, 245, 158, 0, 7.75%, 0, 0, 4, 20217.19, 8376061, 377
448, 9, 61, 245, 158, 0, 7.75%, 0, 0, 4, 20137.48, 8474598, 377
453, 9, 124, 245, 157, 0, 7.75%, 0, 0, 4, 19527.62, 8575527, 377
459, 9, 124, 245, 157, 0, 7.75%, 0, 0, 4, 19383.26, 8672600, 377
464, 9, 10, 245, 156, 0, 7.75%, 0, 0, 4, 25643.46, 8797333, 377
469, 9, 97, 245, 156, 0, 7.75%, 0, 0, 4, 20564.80, 8888121, 377
474, 9, 10, 245, 156, 0, 7.75%, 0, 0, 4, 17685.57, 8975424, 377
479, 9, 124, 245, 156, 0, 7.75%, 0, 0, 4, 26378.66, 9054603, 377
484, 10, 46, 251, 162, 0, 7.75%, 0, 0, 4, 26869.55, 9177693, 377
489, 10, 124, 251, 162, 0, 7.75%, 0, 0, 4, 23779.90, 9287402, 377
494, 10, 11, 251, 162, 0, 7.75%, 0, 0, 4, 25513.44, 9416539, 377
499, 10, 124, 251, 162, 0, 7.75%, 0, 0, 4, 24073.87, 9530812, 377
504, 10, 124, 251, 162, 0, 7.75%, 0, 0, 4, 22623.32, 9645889, 377
509, 10, 97, 251, 162, 0, 7.75%, 0, 0, 4, 25587.85, 9775166, 377
514, 10, 124, 251, 161, 0, 7.75%, 0, 0, 4, 26236.94, 9907062, 377
519, 10, 62, 251, 160, 0, 7.75%, 0, 0, 4, 24088.77, 10022577, 377
525, 10, 97, 251, 159, 0, 7.75%, 0, 0, 4, 24072.38, 10147549, 377
530, 10, 37, 251, 159, 0, 7.75%, 0, 0, 4, 23168.06, 10266143, 377
535, 11, 124, 260, 168, 0, 7.75%, 0, 0, 4, 23452.47, 10386807, 377
540, 11, 65, 260, 168, 0, 7.75%, 0, 0, 4, 24430.93, 10510207, 377
545, 11, 73, 260, 168, 0, 7.75%, 0, 0, 4, 24299.78, 10634663, 377
550, 11, 124, 260, 167, 0, 7.75%, 0, 0, 4, 22315.12, 10746972, 377
555, 11, 73, 260, 167, 0, 7.75%, 0, 0, 4, 26676.52, 10883743, 377
560, 11, 124, 260, 166, 0, 7.75%, 0, 0, 4, 22594.77, 10991189, 377
565, 11, 61, 260, 166, 0, 7.75%, 0, 0, 4, 23980.44, 11116621, 377
570, 11, 67, 260, 166, 0, 7.75%, 0, 0, 4, 26135.50, 11251236, 377
575, 11, 11, 260, 166, 0, 7.75%, 0, 0, 4, 24476.14, 11374506, 377
581, 11, 124, 260, 166, 0, 7.75%, 0, 0, 4, 25125.64, 11492712, 377
586, 11, 97, 260, 166, 0, 7.75%, 0, 0, 4, 22572.71, 11608826, 377
591, 12, 117, 261, 167, 0, 7.75%, 0, 0, 4, 20891.90, 11718116, 377
596, 12, 124, 261, 167, 0, 7.75%, 0, 0, 4, 23206.53, 11843107, 377
601, 12, 124, 261, 167, 0, 7.75%, 0, 0, 4, 27709.08, 11988652, 377
606, 12, 39, 261, 167, 0, 7.75%, 0, 0, 4, 22981.44, 12103120, 377
611, 12, 124, 261, 167, 0, 7.75%, 0, 0, 4, 23614.45, 12227007, 377
616, 12, 124, 261, 167, 0, 7.75%, 0, 0, 4, 20503.65, 12323605, 377
621, 12, 11, 261, 167, 0, 7.75%, 0, 0, 4, 20519.85, 12429785, 377
626, 12, 39, 261, 167, 0, 7.75%, 0, 0, 4, 19887.01, 12533458, 377
632, 12, 16, 261, 167, 0, 7.75%, 0, 0, 4, 16786.07, 12615868, 377
637, 12, 37, 261, 166, 0, 7.75%, 0, 0, 4, 16119.43, 12698840, 377
642, 12, 124, 261, 166, 0, 7.75%, 0, 0, 4, 18894.76, 12794165, 377
647, 12, 97, 261, 166, 0, 7.75%, 0, 0, 4, 22066.61, 12902074, 377
652, 13, 9, 262, 167, 0, 7.75%, 0, 0, 4, 21126.37, 13003968, 377
657, 13, 97, 262, 165, 0, 7.75%, 0, 0, 4, 18203.08, 13085812, 377
662, 13, 124, 262, 163, 0, 7.75%, 0, 0, 4, 18162.68, 13186749, 377
667, 13, 124, 262, 162, 0, 7.75%, 0, 0, 4, 23397.94, 13316797, 377
673, 13, 11, 262, 162, 0, 7.75%, 0, 0, 4, 24897.35, 13442339, 377
678, 13, 27, 262, 161, 0, 7.75%, 0, 0, 4, 24547.22, 13570205, 377
683, 13, 39, 262, 161, 0, 7.75%, 0, 0, 4, 26228.73, 13704267, 377
688, 13, 39, 262, 161, 0, 7.75%, 0, 0, 4, 23996.12, 13820392, 377
693, 13, 124, 262, 161, 0, 7.75%, 0, 0, 4, 26351.04, 13949049, 377
698, 13, 124, 262, 159, 0, 7.75%, 0, 0, 4, 22675.09, 14053329, 377
703, 13, 39, 262, 159, 0, 7.75%, 0, 0, 4, 23828.62, 14186596, 377
708, 13, 124, 262, 159, 0, 7.75%, 0, 0, 4, 23049.74, 14298705, 377
713, 14, 124, 262, 159, 0, 7.75%, 0, 0, 4, 22881.50, 14417877, 377
718, 14, 124, 262, 159, 0, 7.75%, 0, 0, 4, 23714.16, 14541934, 377
723, 14, 16, 262, 158, 0, 7.75%, 0, 0, 4, 22068.35, 14652084, 377
728, 14, 46, 262, 157, 0, 7.75%, 0, 0, 4, 26550.86, 14786506, 377
734, 14, 39, 262, 157, 0, 7.75%, 0, 0, 4, 27092.77, 14925932, 377
739, 14, 97, 262, 156, 0, 7.75%, 0, 0, 4, 26223.98, 15053550, 377
744, 14, 96, 262, 155, 0, 7.75%, 0, 0, 4, 24062.34, 15169606, 377
749, 14, 124, 262, 155, 0, 7.75%, 0, 0, 4, 21979.43, 15276299, 377
754, 14, 124, 262, 155, 0, 7.75%, 0, 0, 4, 22974.96, 15393418, 377
759, 14, 124, 262, 155, 0, 7.75%, 0, 0, 4, 23601.35, 15507919, 377
764, 14, 65, 262, 155, 0, 7.75%, 0, 0, 4, 23115.39, 15632291, 377
769, 15, 124, 262, 155, 0, 7.75%, 0, 0, 4, 24713.16, 15762966, 377
775, 15, 124, 262, 155, 0, 7.75%, 0, 0, 4, 23490.78, 15881333, 377
780, 15, 97, 262, 155, 0, 7.75%, 0, 0, 4, 24357.52, 16002231, 377
785, 15, 124, 262, 155, 0, 7.75%, 0, 0, 4, 25646.93, 16135875, 377
790, 15, 124, 262, 155, 0, 7.75%, 0, 0, 4, 24260.20, 16255993, 377
795, 15, 16, 262, 155, 0, 7.75%, 0, 0, 4, 22391.31, 16376932, 377
800, 15, 97, 262, 155, 0, 7.75%, 0, 0, 4, 24328.89, 16502904, 377
806, 15, 124, 262, 154, 0, 7.75%, 0, 0, 4, 26553.30, 16646416, 377
811, 15, 40, 262, 154, 0, 7.75%, 0, 0, 4, 23617.71, 16756388, 377
816, 15, 97, 262, 153, 0, 7.75%, 0, 0, 4, 21368.84, 16867157, 377
821, 15, 124, 262, 152, 0, 7.75%, 0, 0, 4, 25144.92, 16994963, 377
826, 16, 124, 262, 152, 0, 7.75%, 0, 0, 4, 24196.32, 17114164, 377
831, 16, 65, 262, 152, 0, 7.75%, 0, 0, 4, 19242.66, 17216449, 377
836, 16, 65, 262, 152, 0, 7.75%, 0, 0, 4, 20820.87, 17326978, 377
841, 16, 124, 262, 152, 0, 7.75%, 0, 0, 4, 23364.47, 17451510, 377
846, 16, 102, 262, 152, 0, 7.75%, 0, 0, 4, 22241.09, 17560248, 377
852, 16, 16, 262, 151, 0, 7.75%, 0, 0, 4, 23789.18, 17684824, 377
857, 16, 124, 262, 151, 0, 7.75%, 0, 0, 4, 20509.13, 17786414, 377
862, 16, 124, 262, 150, 0, 7.75%, 0, 0, 4, 24649.82, 17913126, 377
867, 16, 124, 262, 150, 0, 7.75%, 0, 0, 4, 22977.46, 18035867, 377
872, 16, 11, 262, 150, 0, 7.75%, 0, 0, 4, 26410.47, 18170468, 377
877, 16, 97, 262, 149, 0, 7.75%, 0, 0, 4, 21185.34, 18274443, 377
882, 17, 11, 264, 151, 0, 7.75%, 0, 0, 4, 22825.05, 18393204, 377
887, 17, 11, 264, 151, 0, 7.75%, 0, 0, 4, 21701.38, 18509021, 377
893, 17, 73, 264, 151, 0, 7.75%, 0, 0, 4, 22528.09, 18626077, 377
898, 17, 16, 264, 151, 0, 7.75%, 0, 0, 4, 21237.39, 18733256, 377
903, 17, 124, 264, 151, 0, 7.75%, 0, 0, 4, 24633.76, 18858578, 377
908, 17, 39, 264, 151, 0, 7.75%, 0, 0, 4, 22480.98, 18968442, 377
913, 17, 97, 264, 151, 0, 7.75%, 0, 0, 4, 22829.44, 19085959, 377
918, 17, 62, 264, 151, 0, 7.75%, 0, 0, 4, 21508.75, 19198894, 377
923, 17, 124, 264, 151, 0, 7.75%, 0, 0, 4, 24527.20, 19326936, 377
928, 17, 124, 264, 151, 0, 7.75%, 0, 0, 4, 23041.04, 19440858, 377
934, 17, 97, 264, 151, 0, 7.75%, 0, 0, 4, 25516.10, 19575532, 377
939, 18, 40, 264, 151, 0, 7.75%, 0, 0, 4, 25371.64, 19698198, 377
944, 18, 73, 264, 150, 0, 7.75%, 0, 0, 4, 20876.29, 19805641, 377
949, 18, 62, 264, 149, 0, 7.75%, 0, 0, 4, 21010.37, 19916702, 377
954, 18, 124, 264, 149, 0, 7.75%, 0, 0, 4, 24565.41, 20044469, 377
959, 18, 16, 264, 149, 0, 7.75%, 0, 0, 4, 23631.36, 20159013, 377
964, 18, 124, 264, 149, 0, 7.75%, 0, 0, 4, 27444.77, 20296948, 377
969, 18, 124, 264, 149, 0, 7.75%, 0, 0, 4, 26281.59, 20419537, 377
974, 18, 73, 264, 148, 0, 7.75%, 0, 0, 4, 23421.53, 20533700, 377
979, 18, 65, 264, 148, 0, 7.75%, 0, 0, 4, 23454.82, 20654764, 377
984, 18, 16, 264, 148, 0, 7.75%, 0, 0, 4, 22512.59, 20764121, 377
990, 18, 65, 264, 148, 0, 7.75%, 0, 0, 4, 23754.99, 20886750, 377
995, 19, 97, 264, 148, 0, 7.75%, 0, 0, 4, 22843.49, 21009304, 377
1000, 19, 46, 264, 148, 0, 7.75%, 0, 0, 4, 23215.40, 21128838, 377
1005, 19, 10, 264, 148, 0, 7.75%, 0, 0, 4, 23549.05, 21250530, 377
1010, 19, 124, 264, 146, 0, 7.75%, 0, 0, 4, 23570.72, 21366213, 377
1015, 19, 124, 264, 145, 0, 7.75%, 0, 0, 4, 23020.52, 21486060, 377
1020, 19, 124, 264, 144, 0, 7.75%, 0, 0, 4, 25924.10, 21614731, 377
1025, 19, 10, 264, 144, 0, 7.75%, 0, 0, 4, 20676.58, 21721037, 377
1030, 19, 39, 264, 144, 0, 7.75%, 0, 0, 4, 22583.97, 21838107, 377
1036, 19, 10, 264, 142, 0, 7.75%, 0, 0, 4, 21263.47, 21943512, 377
1041, 19, 125, 264, 141, 0, 7.75%, 0, 0, 4, 22559.92, 22060749, 377
1046, 19, 65, 264, 140, 0, 7.75%, 0, 0, 4, 22102.66, 22168511, 377
1051, 19, 124, 264, 139, 0, 7.75%, 0, 0, 4, 22555.79, 22286015, 377
1056, 20, 124, 264, 139, 0, 7.75%, 0, 0, 4, 18455.37, 22379697, 377
1061, 20, 97, 264, 139, 0, 7.75%, 0, 0, 4, 24834.78, 22504820, 377
1066, 20, 124, 264, 139, 0, 7.75%, 0, 0, 4, 24401.35, 22635728, 377
1071, 20, 124, 264, 139, 0, 7.75%, 0, 0, 4, 24940.28, 22775126, 377
1076, 20, 124, 264, 139, 0, 7.75%, 0, 0, 4, 26935.01, 22918877, 377
1082, 20, 124, 264, 139, 0, 7.75%, 0, 0, 4, 27806.49, 23059971, 377
1087, 20, 124, 264, 138, 0, 7.75%, 0, 0, 4, 25040.56, 23182200, 377
1092, 20, 65, 264, 138, 0, 7.75%, 0, 0, 4, 26815.41, 23327787, 377
1097, 20, 13, 264, 138, 0, 7.75%, 0, 0, 4, 26718.78, 23469530, 377
1102, 21, 124, 264, 136, 0, 7.75%, 0, 0, 4, 26014.19, 23592873, 377
1107, 21, 74, 264, 136, 0, 7.75%, 0, 0, 4, 24622.31, 23716615, 377
1112, 21, 97, 264, 136, 0, 7.75%, 0, 0, 4, 26556.87, 23857376, 377
1118, 21, 62, 264, 136, 0, 7.75%, 0, 0, 4, 24578.80, 23981408, 377
1123, 21, 37, 264, 136, 0, 7.75%, 0, 0, 4, 26792.94, 24120675, 377
1128, 21, 10, 264, 136, 0, 7.75%, 0, 0, 4, 26638.71, 24255306, 377
1133, 21, 124, 264, 136, 0, 7.75%, 0, 0, 4, 25311.55, 24382171, 377
1138, 21, 16, 264, 135, 0, 7.75%, 0, 0, 4, 25084.40, 24507225, 377
1143, 21, 97, 264, 135, 0, 7.75%, 0, 0, 4, 25167.98, 24644322, 377
1148, 21, 11, 264, 135, 0, 7.75%, 0, 0, 4, 26871.62, 24775657, 377
1153, 21, 97, 264, 134, 0, 7.75%, 0, 0, 4, 26099.28, 24910085, 377
1158, 22, 97, 264, 134, 0, 7.75%, 0, 0, 4, 26781.06, 25045359, 377
1164, 22, 124, 264, 134, 0, 7.75%, 0, 0, 4, 25734.16, 25173978, 377
1169, 22, 124, 264, 134, 0, 7.75%, 0, 0, 4, 25252.25, 25300000, 377
1174, 22, 243, 264, 134, 0, 7.75%, 0, 0, 4, 25364.46, 25430924, 377
1179, 22, 124, 264, 133, 0, 7.75%, 0, 0, 4, 25381.42, 25540388, 377
1184, 22, 124, 264, 131, 0, 7.75%, 0, 0, 4, 23057.21, 25653328, 377
1189, 22, 124, 264, 130, 0, 7.75%, 0, 0, 4, 26264.59, 25791078, 377
1194, 22, 10, 264, 130, 0, 7.75%, 0, 0, 4, 25528.17, 25918549, 377
1199, 22, 124, 264, 130, 0, 7.75%, 0, 0, 4, 26822.42, 26057356, 377
1205, 22, 124, 264, 128, 0, 7.75%, 0, 0, 4, 27705.83, 26187310, 377
1210, 23, 58, 264, 128, 0, 7.75%, 0, 0, 4, 24913.49, 26312890, 377
1215, 23, 16, 264, 128, 0, 7.75%, 0, 0, 4, 26417.77, 26458377, 377
1220, 23, 124, 264, 128, 0, 7.75%, 0, 0, 4, 27791.04, 26601662, 377
1225, 23, 124, 264, 128, 0, 7.75%, 0, 0, 4, 27323.28, 26736517, 377
1230, 23, 16, 264, 127, 0, 7.75%, 0, 0, 4, 25904.04, 26859093, 377
1235, 23, 124, 264, 127, 0, 7.75%, 0, 0, 4, 28076.14, 27001671, 377
1240, 23, 16, 264, 127, 0, 7.75%, 0, 0, 4, 27472.13, 27138981, 377
1245, 23, 46, 264, 127, 0, 7.75%, 0, 0, 4, 26357.44, 27274406, 377
1250, 23, 33, 264, 127, 0, 7.75%, 0, 0, 4, 22184.13, 27391346, 377
1256, 24, 124, 265, 127, 0, 7.75%, 0, 0, 4, 24257.57, 27513526, 377
1261, 24, 67, 265, 127, 0, 7.75%, 0, 0, 4, 29556.95, 27671221, 377
1266, 24, 124, 265, 127, 0, 7.75%, 0, 0, 4, 26895.95, 27806468, 377
1271, 24, 124, 265, 127, 0, 7.75%, 0, 0, 4, 26015.11, 27940527, 377
1276, 24, 124, 265, 127, 0, 7.75%, 0, 0, 4, 28439.70, 28091786, 377
1281, 24, 124, 265, 127, 0, 7.75%, 0, 0, 4, 23566.32, 28208860, 377
1286, 24, 16, 265, 127, 0, 7.75%, 0, 0, 4, 20675.11, 28318602, 377
1291, 24, 124, 265, 127, 0, 7.75%, 0, 0, 4, 24415.70, 28452334, 377
1296, 24, 35, 265, 127, 0, 7.75%, 0, 0, 4, 25701.59, 28591722, 377
1302, 24, 124, 265, 126, 0, 7.75%, 0, 0, 4, 27548.29, 28736850, 377
1307, 25, 117, 265, 126, 0, 7.75%, 0, 0, 4, 25689.06, 28864985, 377
1312, 25, 124, 265, 125, 0, 7.75%, 0, 0, 4, 25223.49, 28997581, 377
1317, 25, 96, 265, 124, 0, 7.75%, 0, 0, 4, 23315.31, 29115878, 377
1322, 25, 124, 265, 124, 0, 7.75%, 0, 0, 4, 30168.96, 29269650, 377
1327, 25, 16, 265, 124, 0, 7.75%, 0, 0, 4, 26114.38, 29397654, 377
1332, 25, 97, 265, 124, 0, 7.75%, 0, 0, 4, 28556.40, 29543554, 377
1338, 25, 124, 265, 124, 0, 7.75%, 0, 0, 4, 23987.04, 29655479, 377
1343, 25, 11, 265, 122, 0, 7.75%, 0, 0, 4, 24056.18, 29780474, 377
1348, 25, 37, 265, 121, 0, 7.75%, 0, 0, 4, 23665.19, 29904099, 377
1353, 25, 124, 265, 121, 0, 7.75%, 0, 0, 4, 26257.78, 30037012, 377
1358, 26, 16, 265, 121, 0, 7.75%, 0, 0, 4, 25934.70, 30168082, 377
1363, 26, 124, 265, 120, 0, 7.75%, 0, 0, 4, 27619.42, 30309071, 377
1368, 26, 124, 265, 120, 0, 7.75%, 0, 0, 4, 24808.21, 30430795, 377
1374, 26, 97, 265, 119, 0, 7.75%, 0, 0, 4, 24044.48, 30554459, 377
1379, 26, 97, 265, 119, 0, 7.75%, 0, 0, 4, 25395.56, 30681667, 377
1384, 26, 61, 265, 119, 0, 7.75%, 0, 0, 4, 27034.07, 30816562, 377
1389, 26, 124, 265, 118, 0, 7.75%, 0, 0, 4, 25730.02, 30940521, 377
1394, 26, 124, 265, 117, 0, 7.75%, 0, 0, 4, 25164.97, 31071926, 377
1399, 26, 37, 265, 117, 0, 7.75%, 0, 0, 4, 25962.33, 31198470, 377
1404, 26, 10, 265, 117, 0, 7.75%, 0, 0, 4, 21305.05, 31308562, 377
1409, 27, 67, 265, 117, 0, 7.75%, 0, 0, 4, 17121.58, 31385292, 377
1414, 27, 35, 265, 117, 0, 7.75%, 0, 0, 4, 20014.69, 31485594, 377
1419, 27, 124, 265, 117, 0, 7.75%, 0, 0, 4, 25899.78, 31617549, 377
1425, 27, 124, 265, 117, 0, 7.75%, 0, 0, 4, 25505.92, 31746160, 377
1430, 27, 10, 265, 116, 0, 7.75%, 0, 0, 4, 22354.24, 31857856, 377
1435, 27, 124, 265, 116, 0, 7.75%, 0, 0, 4, 23573.96, 31978697, 377
1440, 27, 11, 265, 116, 0, 7.75%, 0, 0, 4, 22180.16, 32093546, 377
1445, 27, 97, 265, 116, 0, 7.75%, 0, 0, 4, 24187.03, 32224994, 377
1450, 27, 124, 265, 116, 0, 7.75%, 0, 0, 4, 25663.84, 32351794, 377
1455, 27, 37, 265, 116, 0, 7.75%, 0, 0, 4, 26203.88, 32484843, 377
1460, 27, 124, 265, 116, 0, 7.75%, 0, 0, 4, 25340.75, 32614766, 377
1465, 28, 124, 265, 116, 0, 7.75%, 0, 0, 4, 23527.19, 32735061, 377
1470, 28, 124, 265, 116, 0, 7.75%, 0, 0, 4, 21861.25, 32846616, 377
1475, 28, 97, 265, 116, 0, 7.75%, 0, 0, 4, 22332.51, 32959810, 377
1480, 28, 80, 265, 116, 0, 7.75%, 0, 0, 4, 26628.55, 33095178, 377
1486, 28, 33, 265, 115, 0, 7.75%, 0, 0, 4, 24071.35, 33219946, 377
1491, 28, 124, 265, 115, 0, 7.75%, 0, 0, 4, 21675.24, 33326901, 377
1496, 28, 124, 265, 115, 0, 7.75%, 0, 0, 4, 25058.97, 33463287, 377
1501, 28, 65, 265, 114, 0, 7.75%, 0, 0, 4, 28003.99, 33609313, 377
1506, 28, 16, 265, 114, 0, 7.75%, 0, 0, 4, 25013.11, 33741450, 377
1511, 29, 124, 265, 113, 0, 7.75%, 0, 0, 4, 27307.40, 33881954, 377
1516, 29, 124, 265, 111, 0, 7.75%, 0, 0, 4, 24014.16, 34003435, 377
1522, 29, 124, 265, 110, 0, 7.75%, 0, 0, 4, 25294.06, 34132757, 377
1527, 29, 16, 265, 110, 0, 7.75%, 0, 0, 4, 23606.35, 34250231, 377
1532, 29, 124, 265, 110, 0, 7.75%, 0, 0, 4, 26255.48, 34389826, 377
1537, 29, 11, 265, 110, 0, 7.75%, 0, 0, 4, 25551.53, 34525182, 377
1542, 29, 124, 265, 110, 0, 7.75%, 0, 0, 4, 27436.15, 34667971, 377
1547, 29, 124, 265, 109, 0, 7.75%, 0, 0, 4, 25813.99, 34806931, 377
1553, 29, 11, 265, 109, 0, 7.75%, 0, 0, 4, 26181.88, 34942915, 377
1558, 29, 33, 265, 109, 0, 7.75%, 0, 0, 4, 23557.37, 35057901, 377
1563, 30, 124, 265, 108, 0, 7.75%, 0, 0, 4, 25422.04, 35186553, 377
1568, 30, 124, 265, 108, 0, 7.75%, 0, 0, 4, 25843.08, 35317929, 377
1573, 30, 124, 265, 107, 0, 7.75%, 0, 0, 4, 26578.42, 35453171, 377
1578, 30, 9, 265, 107, 0, 7.75%, 0, 0, 4, 26719.87, 35589401, 377
1583, 30, 124, 265, 107, 0, 7.75%, 0, 0, 4, 24142.89, 35709101, 377
1588, 30, 65, 265, 107, 0, 7.75%, 0, 0, 4, 24605.56, 35831430, 377
1594, 30, 97, 265, 107, 0, 7.75%, 0, 0, 4, 26964.82, 35976330, 377
1599, 30, 16, 265, 107, 0, 7.75%, 0, 0, 4, 25803.52, 36102486, 377
1604, 30, 62, 265, 107, 0, 7.75%, 0, 0, 4, 24310.54, 36221798, 377
1609, 30, 33, 265, 107, 0, 7.75%, 0, 0, 4, 25555.46, 36351307, 377
1614, 31, 52, 265, 105, 0, 7.75%, 0, 0, 4, 25843.50, 36474084, 377
1619, 31, 97, 265, 104, 0, 7.75%, 0, 0, 4, 23689.99, 36593620, 377
1624, 31, 124, 265, 104, 0, 7.75%, 0, 0, 4, 26805.54, 36737768, 377
1629, 31, 124, 265, 104, 0, 7.75%, 0, 0, 4, 25902.21, 36863069, 377
1635, 31, 124, 265, 104, 0, 7.75%, 0, 0, 4, 25385.36, 36992934, 377
1640, 31, 8, 265, 104, 0, 7.75%, 0, 0, 4, 26922.93, 37124110, 377
1645, 31, 36, 265, 104, 0, 7.75%, 0, 0, 4, 27169.14, 37263787, 377
1650, 31, 124, 265, 104, 0, 7.75%, 0, 0, 4, 25931.87, 37396476, 377
1655, 31, 124, 265, 103, 0, 7.75%, 0, 0, 4, 25933.62, 37529871, 377
1660, 31, 124, 265, 103, 0, 7.75%, 0, 0, 4, 27306.75, 37663036, 377
1665, 32, 96, 265, 103, 0, 7.75%, 0, 0, 4, 19526.62, 37754238, 377
1670, 32, 124, 265, 103, 0, 7.75%, 0, 0, 4, 17387.67, 37846302, 377
1676, 32, 97, 265, 103, 0, 7.75%, 0, 0, 4, 21558.87, 37963882, 377
1681, 32, 97, 265, 103, 0, 7.75%, 0, 0, 4, 21755.40, 38068218, 377
1686, 32, 124, 265, 103, 0, 7.75%, 0, 0, 4, 20317.35, 38181422, 377
1691, 32, 65, 265, 103, 0, 7.75%, 0, 0, 4, 20003.81, 38284307, 377
1696, 32, 97, 265, 103, 0, 7.75%, 0, 0, 4, 20283.72, 38386857, 377
1701, 32, 124, 265, 102, 0, 7.75%, 0, 0, 4, 21990.82, 38505352, 377
1706, 32, 124, 265, 102, 0, 7.75%, 0, 0, 4, 19058.81, 38599813, 377
1711, 32, 65, 265, 102, 0, 7.75%, 0, 0, 4, 20611.47, 38702157, 377
1716, 32, 97, 265, 102, 0, 7.75%, 0, 0, 4, 17968.20, 38793429, 377
1721, 32, 11, 265, 101, 0, 7.75%, 0, 0, 4, 22078.78, 38909396, 377
1727, 33, 131, 265, 101, 0, 7.75%, 0, 0, 4, 19614.07, 39003516, 377
1732, 33, 124, 265, 100, 0, 7.75%, 0, 0, 4, 17255.28, 39087880, 377
1737, 33, 11, 265, 100, 0, 7.75%, 0, 0, 4, 19853.07, 39187995, 377
1742, 33, 96, 265, 100, 0, 7.75%, 0, 0, 4, 27028.68, 39332460, 377
1747, 33, 61, 265, 100, 0, 7.75%, 0, 0, 4, 22783.00, 39441676, 377
1752, 33, 124, 265, 100, 0, 7.75%, 0, 0, 4, 24448.08, 39570661, 377
1757, 33, 124, 265, 100, 0, 7.75%, 0, 0, 4, 22446.09, 39686284, 377
1762, 33, 124, 265, 100, 0, 7.75%, 0, 0, 4, 24342.87, 39816754, 377
1768, 33, 257, 265, 100, 0, 7.75%, 0, 0, 4, 3623.00, 39917804, 377
1773, 33, 35, 265, 99, 0, 7.75%, 0, 0, 4, 32715.61, 40025185, 377
1778, 33, 124, 265, 99, 0, 7.75%, 0, 0, 4, 26713.35, 40151877, 377
1783, 34, 97, 265, 99, 0, 7.75%, 0, 0, 4, 25585.62, 40287519, 377
1788, 34, 62, 265, 99, 0, 7.75%, 0, 0, 4, 27292.39, 40420964, 377
1793, 34, 105, 265, 98, 0, 7.75%, 0, 0, 4, 24616.69, 40542588, 377
1798, 34, 124, 265, 97, 0, 7.75%, 0, 0, 4, 24241.04, 40662249, 377
1803, 34, 11, 265, 97, 0, 7.75%, 0, 0, 4, 25784.49, 40791230, 377
1809, 34, 62, 265, 97, 0, 7.75%, 0, 0, 4, 24827.34, 40914070, 377
1814, 34, 124, 265, 97, 0, 7.75%, 0, 0, 4, 24068.55, 41031541, 377
1819, 34, 224, 265, 97, 0, 7.75%, 0, 0, 4, 22773.80, 41142488, 377
1824, 34, 124, 265, 96, 0, 7.75%, 0, 0, 4, 22477.02, 41257347, 377
1829, 34, 16, 265, 96, 0, 7.75%, 0, 0, 4, 25895.04, 41386288, 377
1834, 35, 71, 265, 96, 0, 7.75%, 0, 0, 4, 26600.21, 41527170, 377
1839, 35, 124, 265, 96, 0, 7.75%, 0, 0, 4, 28307.86, 41668211, 377
1844, 35, 124, 265, 95, 0, 7.75%, 0, 0, 4, 26348.17, 41809604, 377
1849, 35, 24, 265, 95, 0, 7.75%, 0, 0, 4, 25633.63, 41935929, 377
1855, 35, 33, 265, 95, 0, 7.75%, 0, 0, 4, 27305.70, 42073455, 377
1860, 35, 16, 265, 95, 0, 7.75%, 0, 0, 4, 27904.19, 42215478, 377
1865, 35, 124, 265, 94, 0, 7.75%, 0, 0, 4, 25517.53, 42347416, 377
1870, 35, 124, 265, 94, 0, 7.75%, 0, 0, 4, 28307.64, 42494251, 377
1875, 35, 124, 265, 94, 0, 7.75%, 0, 0, 4, 26355.23, 42625313, 377
1880, 35, 124, 265, 94, 0, 7.75%, 0, 0, 4, 25273.03, 42751020, 377
1885, 36, 9, 265, 94, 0, 7.75%, 0, 0, 4, 24990.29, 42878547, 377
1891, 36, 124, 265, 94, 0, 7.75%, 0, 0, 4, 27054.24, 43017384, 377
1896, 36, 235, 265, 94, 0, 7.75%, 0, 0, 4, 2777.72, 43136779, 377
1901, 36, 24, 265, 93, 0, 7.75%, 0, 0, 4, 28616.96, 43224317, 377
1906, 36, 97, 265, 93, 0, 7.75%, 0, 0, 4, 23839.07, 43338148, 377
1911, 36, 124, 265, 93, 0, 7.75%, 0, 0, 4, 23549.21, 43461603, 377
1916, 36, 124, 265, 93, 0, 7.75%, 0, 0, 4, 24050.78, 43586184, 377
1921, 36, 11, 265, 93, 0, 7.75%, 0, 0, 4, 24514.06, 43716231, 377
1926, 36, 11, 265, 93, 0, 7.75%, 0, 0, 4, 23878.37, 43843827, 377
1932, 36, 124, 265, 93, 0, 7.75%, 0, 0, 4, 23914.90, 43969283, 377
1937, 37, 97, 265, 93, 0, 7.75%, 0, 0, 4, 24639.67, 44101653, 377
1942, 37, 96, 265, 93, 0, 7.75%, 0, 0, 4, 24265.86, 44227947, 377
1947, 37, 71, 265, 93, 0, 7.75%, 0, 0, 4, 25234.50, 44364857, 377
1952, 37, 124, 265, 93, 0, 7.75%, 0, 0, 4, 26901.63, 44503225, 377
1957, 37, 27, 265, 93, 0, 7.75%, 0, 0, 4, 25280.99, 44630163, 377
1962, 37, 97, 265, 93, 0, 7.75%, 0, 0, 4, 26216.75, 44766738, 377
1967, 37, 62, 265, 92, 0, 7.75%, 0, 0, 4, 36572.65, 44833177, 377
1972, 37, 117, 265, 92, 0, 7.75%, 0, 0, 4, 26846.34, 44959826, 377
1977, 37, 96, 265, 92, 0, 7.75%, 0, 0, 4, 25747.83, 45094223, 377
1982, 37, 11, 265, 91, 0, 7.75%, 0, 0, 4, 23991.02, 45214032, 377
1988, 38, 124, 265, 90, 0, 7.75%, 0, 0, 4, 23592.34, 45339512, 377
1993, 38, 97, 265, 90, 0, 7.75%, 0, 0, 4, 25617.43, 45475386, 377
1998, 38, 97, 265, 89, 0, 7.75%, 0, 0, 4, 26124.31, 45614883, 377
2003, 38, 124, 265, 89, 0, 7.75%, 0, 0, 4, 25374.72, 45743187, 377
2008, 38, 124, 265, 89, 0, 7.75%, 0, 0, 4, 26010.07, 45871525, 377
2013, 38, 124, 265, 89, 0, 7.75%, 0, 0, 4, 28266.63, 46016788, 377
2018, 38, 124, 265, 89, 0, 7.75%, 0, 0, 4, 24420.32, 46137740, 377
2024, 38, 33, 265, 89, 0, 7.75%, 0, 0, 4, 24177.56, 46266895, 377
2029, 38, 16, 265, 89, 0, 7.75%, 0, 0, 4, 23502.05, 46382050, 377
2034, 38, 124, 265, 89, 0, 7.75%, 0, 0, 4, 23155.29, 46498776, 377
2039, 39, 16, 265, 89, 0, 7.75%, 0, 0, 4, 23367.14, 46611911, 377
2044, 39, 46, 265, 88, 0, 7.75%, 0, 0, 4, 25365.85, 46748855, 377
2049, 39, 46, 265, 88, 0, 7.75%, 0, 0, 4, 24996.69, 46873926, 377
2055, 39, 97, 265, 88, 0, 7.75%, 0, 0, 4, 27344.32, 47017193, 377
2060, 39, 73, 265, 88, 0, 7.75%, 0, 0, 4, 26958.67, 47150778, 377
2065, 39, 124, 265, 88, 0, 7.75%, 0, 0, 4, 24981.09, 47280095, 377
2070, 39, 249, 265, 88, 0, 7.75%, 0, 0, 4, 1875.80, 47407681, 377
2075, 39, 65, 265, 87, 0, 7.75%, 0, 0, 4, 34650.71, 47497447, 377
2080, 39, 24, 265, 87, 0, 7.75%, 0, 0, 4, 26725.60, 47618847, 377
2085, 39, 124, 265, 87, 0, 7.75%, 0, 0, 4, 24400.88, 47741909, 377
2090, 39, 97, 265, 87, 0, 7.75%, 0, 0, 4, 20336.91, 47846403, 377
2095, 40, 97, 265, 86, 0, 7.75%, 0, 0, 4, 20244.49, 47948847, 377
2100, 40, 52, 265, 86, 0, 7.75%, 0, 0, 4, 25645.09, 48086426, 377
2105, 40, 124, 265, 86, 0, 7.75%, 0, 0, 4, 27939.35, 48226618, 377
2110, 40, 97, 265, 86, 0, 7.75%, 0, 0, 4, 25207.76, 48351654, 377
2115, 40, 124, 265, 86, 0, 7.75%, 0, 0, 4, 20425.58, 48457115, 377
2120, 40, 16, 265, 86, 0, 7.75%, 0, 0, 4, 17503.85, 48540390, 377
2126, 40, 62, 265, 86, 0, 7.75%, 0, 0, 4, 19798.53, 48640918, 377
2131, 40, 97, 265, 86, 0, 7.75%, 0, 0, 4, 19917.91, 48738314, 377
2136, 40, 16, 265, 86, 0, 7.75%, 0, 0, 4, 21154.37, 48852492, 377
2141, 40, 149, 265, 86, 0, 7.75%, 0, 0, 4, 21359.89, 48954134, 377
2146, 40, 124, 265, 83, 0, 7.75%, 0, 0, 4, 17183.93, 49041810, 377
2151, 41, 124, 265, 83, 0, 7.75%, 0, 0, 4, 19504.52, 49145760, 377
2156, 41, 124, 265, 83, 0, 7.75%, 0, 0, 4, 16780.07, 49229171, 377
2161, 41, 124, 265, 83, 0, 7.75%, 0, 0, 4, 22836.14, 49358521, 377
2167, 41, 65, 265, 82, 0, 7.75%, 0, 0, 4, 22909.08, 49477490, 377
2172, 41, 35, 265, 82, 0, 7.75%, 0, 0, 4, 25103.04, 49608739, 377
2177, 41, 124, 265, 82, 0, 7.75%, 0, 0, 4, 23981.15, 49731250, 377
2182, 41, 97, 265, 82, 0, 7.75%, 0, 0, 4, 22344.66, 49846961, 377
2187, 41, 124, 265, 82, 0, 7.75%, 0, 0, 4, 22952.38, 49970205, 377
2192, 41, 124, 265, 80, 0, 7.75%, 0, 0, 4, 24131.34, 50093295, 377
2198, 41, 124, 265, 80, 0, 7.75%, 0, 0, 4, 22958.43, 50210340, 377
2203, 42, 58, 265, 80, 0, 7.75%, 0, 0, 4, 23471.37, 50328848, 377
2208, 42, 124, 265, 80, 0, 7.75%, 0, 0, 4, 24634.38, 50461286, 377
2213, 42, 16, 265, 80, 0, 7.75%, 0, 0, 4, 26033.14, 50595781, 377
2218, 42, 124, 265, 80, 0, 7.75%, 0, 0, 4, 24727.38, 50718500, 377
2223, 42, 124, 265, 80, 0, 7.75%, 0, 0, 4, 26980.90, 50858638, 377
2228, 42, 124, 265, 80, 0, 7.75%, 0, 0, 4, 25436.44, 50982331, 377
2233, 42, 74, 265, 80, 0, 7.75%, 0, 0, 4, 26743.56, 51122386, 377
2238, 42, 124, 265, 80, 0, 7.75%, 0, 0, 4, 26548.93, 51245922, 377
2243, 42, 65, 265, 80, 0, 7.75%, 0, 0, 4, 25239.96, 51371156, 377
2248, 42, 124, 265, 80, 0, 7.75%, 0, 0, 4, 24817.46, 51500185, 377
2253, 43, 10, 265, 80, 0, 7.75%, 0, 0, 4, 25369.13, 51623012, 377
2259, 43, 124, 265, 80, 0, 7.75%, 0, 0, 4, 24454.34, 51752339, 377
2264, 43, 124, 265, 79, 0, 7.75%, 0, 0, 4, 23625.51, 51874112, 377
2269, 43, 73, 265, 79, 0, 7.75%, 0, 0, 4, 21443.89, 51978846, 377
2274, 43, 124, 265, 79, 0, 7.75%, 0, 0, 4, 23410.16, 52106895, 377
2279, 43, 124, 265, 79, 0, 7.75%, 0, 0, 4, 24493.69, 52230937, 377
2284, 43, 186, 265, 79, 0, 7.75%, 0, 0, 4, 24917.83, 52361304, 377
2289, 43, 52, 265, 78, 0, 7.75%, 0, 0, 4, 22734.47, 52473068, 377
2294, 43, 96, 265, 78, 0, 7.75%, 0, 0, 4, 24218.94, 52606114, 377
2300, 43, 97, 265, 77, 0, 7.75%, 0, 0, 4, 21917.90, 52719020, 377
2305, 44, 97, 265, 77, 0, 7.75%, 0, 0, 4, 22315.76, 52837898, 377
2310, 44, 124, 265, 77, 0, 7.75%, 0, 0, 4, 23939.97, 52962744, 377
2315, 44, 97, 265, 77, 0, 7.75%, 0, 0, 4, 26940.01, 53108078, 377
2320, 44, 124, 265, 77, 0, 7.75%, 0, 0, 4, 26967.34, 53245890, 377
2326, 44, 65, 266, 78, 0, 7.75%, 0, 0, 4, 27286.64, 53386913, 377
2331, 44, 124, 266, 77, 0, 7.75%, 0, 0, 4, 22369.47, 53495458, 377
2336, 44, 124, 266, 76, 0, 7.75%, 0, 0, 4, 24054.61, 53618336, 377
2341, 44, 96, 266, 76, 0, 7.75%, 0, 0, 4, 22654.73, 53736560, 377
2346, 44, 124, 266, 76, 0, 7.75%, 0, 0, 4, 22406.19, 53845476, 377
2351, 44, 124, 266, 75, 0, 7.75%, 0, 0, 4, 24317.18, 53968110, 377
2356, 45, 124, 266, 75, 0, 7.75%, 0, 0, 4, 21857.72, 54078899, 377
2361, 45, 124, 266, 75, 0, 7.75%, 0, 0, 4, 26071.60, 54215386, 377
2366, 45, 36, 266, 75, 0, 7.75%, 0, 0, 4, 23211.07, 54332865, 377
2371, 45, 97, 266, 75, 0, 7.75%, 0, 0, 4, 23595.67, 54458874, 377
2377, 45, 124, 266, 75, 0, 7.75%, 0, 0, 4, 22578.73, 54573220, 377
2382, 45, 124, 266, 75, 0, 7.75%, 0, 0, 4, 21541.94, 54682696, 377
2387, 45, 124, 266, 75, 0, 7.75%, 0, 0, 4, 22288.16, 54807071, 377
2392, 45, 124, 266, 75, 0, 7.75%, 0, 0, 4, 23634.28, 54927874, 377
2397, 45, 11, 266, 74, 0, 7.75%, 0, 0, 4, 25153.54, 55061350, 377
2402, 45, 97, 266, 74, 0, 7.75%, 0, 0, 4, 25196.30, 55194518, 377
2407, 46, 33, 266, 74, 0, 7.75%, 0, 0, 4, 21965.93, 55300941, 377
2413, 46, 124, 266, 74, 0, 7.75%, 0, 0, 4, 24009.76, 55428579, 377
2418, 46, 124, 266, 74, 0, 7.75%, 0, 0, 4, 25897.54, 55552279, 377
2423, 46, 97, 266, 74, 0, 7.75%, 0, 0, 4, 23847.33, 55668749, 377
2428, 46, 11, 266, 74, 0, 7.75%, 0, 0, 4, 26511.51, 55802635, 377
2433, 46, 65, 266, 74, 0, 7.75%, 0, 0, 4, 25004.54, 55930356, 377
2438, 46, 124, 266, 74, 0, 7.75%, 0, 0, 4, 23705.24, 56047222, 377
2443, 46, 124, 266, 74, 0, 7.75%, 0, 0, 4, 25759.18, 56181972, 377
2448, 46, 16, 266, 74, 0, 7.75%, 0, 0, 4, 24097.37, 56298228, 377
2453, 46, 124, 266, 74, 0, 7.75%, 0, 0, 4, 21963.50, 56405475, 377
2459, 47, 124, 266, 74, 0, 7.75%, 0, 0, 4, 25952.29, 56538271, 377
2464, 47, 124, 266, 74, 0, 7.75%, 0, 0, 4, 27484.71, 56678203, 377
2469, 47, 124, 266, 74, 0, 7.75%, 0, 0, 4, 23906.21, 56796882, 377
2474, 47, 46, 266, 74, 0, 7.75%, 0, 0, 4, 26604.63, 56937318, 377
2479, 47, 124, 266, 74, 0, 7.75%, 0, 0, 4, 24666.62, 57055873, 377
2484, 47, 62, 266, 74, 0, 7.75%, 0, 0, 4, 26252.27, 57185373, 377
2489, 47, 71, 266, 74, 0, 7.75%, 0, 0, 4, 23267.16, 57303213, 377
2494, 47, 124, 266, 74, 0, 7.75%, 0, 0, 4, 24419.75, 57425707, 377
2500, 47, 209, 266, 73, 0, 7.75%, 0, 0, 4, 21496.02, 57542124, 377
2505, 47, 16, 266, 72, 0, 7.75%, 0, 0, 4, 25873.77, 57677486, 377
2510, 48, 97, 266, 72, 0, 7.75%, 0, 0, 4, 25268.83, 57802716, 377
2515, 48, 124, 266, 71, 0, 7.75%, 0, 0, 4, 25526.79, 57929505, 377
2520, 48, 97, 266, 71, 0, 7.75%, 0, 0, 4, 26413.69, 58064609, 377
2525, 48, 65, 266, 71, 0, 7.75%, 0, 0, 4, 24774.17, 58187090, 377
2530, 48, 124, 266, 71, 0, 7.75%, 0, 0, 4, 25345.13, 58317407, 377
2535, 48, 62, 266, 71, 0, 7.75%, 0, 0, 4, 23191.85, 58442255, 377
2540, 48, 124, 266, 71, 0, 7.75%, 0, 0, 4, 24906.35, 58563203, 377
2546, 48, 124, 266, 71, 0, 7.75%, 0, 0, 4, 24068.89, 58686919, 377
2551, 48, 97, 266, 71, 0, 7.75%, 0, 0, 4, 27438.40, 58825345, 377
2556, 48, 124, 266, 71, 0, 7.75%, 0, 0, 4, 24738.32, 58950825, 377
2561, 49, 58, 267, 72, 0, 7.75%, 0, 0, 4, 25052.77, 59079182, 377
2566, 49, 124, 267, 72, 0, 7.75%, 0, 0, 4, 18906.17, 59179381, 377
2572, 49, 195, 267, 72, 0, 7.75%, 0, 0, 4, 21591.79, 59300431, 377
2577, 49, 124, 267, 71, 0, 7.75%, 0, 0, 4, 22280.01, 59418307, 377
2582, 49, 97, 267, 71, 0, 7.75%, 0, 0, 4, 22818.18, 59544036, 377
2587, 49, 9, 267, 71, 0, 7.75%, 0, 0, 4, 18961.37, 59639090, 377
2592, 49, 124, 267, 71, 0, 7.75%, 0, 0, 4, 21520.47, 59752095, 377
2597, 49, 65, 267, 71, 0, 7.75%, 0, 0, 4, 24199.95, 59883553, 377
2603, 49, 124, 267, 71, 0, 7.75%, 0, 0, 4, 25415.01, 60013162, 377
2608, 49, 10, 267, 71, 0, 7.75%, 0, 0, 4, 24215.59, 60130420, 377
2613, 50, 10, 267, 71, 0, 7.75%, 0, 0, 4, 23449.22, 60251238, 377
2618, 50, 124, 267, 71, 0, 7.75%, 0, 0, 4, 24452.57, 60375836, 377
2623, 50, 58, 267, 71, 0, 7.75%, 0, 0, 4, 26831.58, 60507588, 377
2628, 50, 124, 267, 71, 0, 7.75%, 0, 0, 4, 24142.26, 60625505, 377
2633, 50, 97, 267, 71, 0, 7.75%, 0, 0, 4, 22912.47, 60737475, 377
2639, 50, 24, 267, 71, 0, 7.75%, 0, 0, 4, 25080.58, 60865828, 377
2644, 50, 97, 267, 71, 0, 7.75%, 0, 0, 4, 25302.50, 60990528, 377
2649, 50, 97, 267, 71, 0, 7.75%, 0, 0, 4, 25490.83, 61109547, 377
2654, 50, 33, 267, 71, 0, 7.75%, 0, 0, 4, 24680.49, 61236518, 377
2659, 50, 35, 267, 71, 0, 7.75%, 0, 0, 4, 25298.35, 61377233, 377
2664, 51, 124, 267, 71, 0, 7.75%, 0, 0, 4, 27250.70, 61513567, 377
2669, 51, 16, 267, 71, 0, 7.75%, 0, 0, 4, 24259.91, 61622986, 377
2674, 51, 124, 267, 71, 0, 7.75%, 0, 0, 4, 26484.35, 61763690, 377
2679, 51, 97, 267, 71, 0, 7.75%, 0, 0, 4, 27911.86, 61903262, 377
2684, 51, 65, 267, 71, 0, 7.75%, 0, 0, 4, 23993.55, 62022170, 377
2690, 51, 201, 267, 71, 0, 7.75%, 0, 0, 4, 23460.00, 62140999, 377
2695, 51, 52, 267, 70, 0, 7.75%, 0, 0, 4, 22778.33, 62248451, 377
2700, 51, 24, 267, 70, 0, 7.75%, 0, 0, 4, 22351.80, 62360291, 377
2705, 51, 13, 267, 70, 0, 7.75%, 0, 0, 4, 21970.08, 62476775, 377
2710, 51, 124, 267, 69, 0, 7.75%, 0, 0, 4, 22063.90, 62583107, 377
2715, 52, 124, 267, 69, 0, 7.75%, 0, 0, 4, 26727.73, 62716674, 377
2720, 52, 206, 267, 69, 0, 7.75%, 0, 0, 4, 23857.59, 62829340, 377
2725, 52, 124, 267, 68, 0, 7.75%, 0, 0, 4, 25314.46, 62966939, 377
2730, 52, 199, 267, 68, 0, 7.75%, 0, 0, 4, 21505.74, 63074304, 377
2736, 52, 124, 267, 67, 0, 7.75%, 0, 0, 4, 26590.58, 63209474, 377
2741, 52, 124, 267, 67, 0, 7.75%, 0, 0, 4, 25556.16, 63335550, 377
2746, 52, 16, 267, 67, 0, 7.75%, 0, 0, 4, 22663.44, 63447187, 377
2751, 52, 124, 267, 67, 0, 7.75%, 0, 0, 4, 17420.43, 63535739, 377
2756, 52, 124, 267, 67, 0, 7.75%, 0, 0, 4, 23045.52, 63672523, 377
2761, 52, 11, 267, 67, 0, 7.75%, 0, 0, 4, 24721.79, 63800490, 377
2766, 52, 10, 267, 67, 0, 7.75%, 0, 0, 4, 22363.34, 63922568, 377
2772, 53, 124, 267, 67, 0, 7.75%, 0, 0, 4, 25834.13, 64062722, 377
2777, 53, 124, 267, 67, 0, 7.75%, 0, 0, 4, 23204.49, 64179857, 377
2782, 53, 124, 267, 67, 0, 7.75%, 0, 0, 4, 23418.55, 64301638, 377
2787, 53, 71, 267, 67, 0, 7.75%, 0, 0, 4, 23400.07, 64419747, 377
2792, 53, 62, 267, 67, 0, 7.75%, 0, 0, 4, 25765.17, 64551719, 377
2797, 53, 73, 267, 67, 0, 7.75%, 0, 0, 4, 23187.02, 64671816, 377
2802, 53, 124, 267, 67, 0, 7.75%, 0, 0, 4, 25077.87, 64802331, 377
2807, 53, 10, 267, 67, 0, 7.75%, 0, 0, 4, 24316.22, 64926054, 377
2812, 53, 73, 267, 67, 0, 7.75%, 0, 0, 4, 24065.07, 65050606, 377
2817, 54, 124, 267, 67, 0, 7.75%, 0, 0, 4, 22280.68, 65167104, 377
2822, 54, 124, 267, 67, 0, 7.75%, 0, 0, 4, 24294.42, 65297788, 377
2827, 54, 124, 267, 67, 0, 7.75%, 0, 0, 4, 22865.47, 65419374, 377
2832, 54, 97, 267, 67, 0, 7.75%, 0, 0, 4, 25382.29, 65552723, 377
2838, 54, 124, 267, 67, 0, 7.75%, 0, 0, 4, 23145.70, 65677234, 377
2843, 54, 124, 267, 67, 0, 7.75%, 0, 0, 4, 26168.03, 65815115, 377
2848, 54, 124, 267, 65, 0, 7.75%, 0, 0, 4, 33808.54, 65905212, 377
2853, 54, 58, 267, 65, 0, 7.75%, 0, 0, 4, 30798.53, 66051660, 377
2858, 54, 10, 267, 65, 0, 7.75%, 0, 0, 4, 26087.20, 66183667, 377
2863, 54, 124, 267, 65, 0, 7.75%, 0, 0, 4, 28419.07, 66329346, 377
2869, 55, 124, 267, 65, 0, 7.75%, 0, 0, 4, 23332.57, 66443841, 377
2874, 55, 124, 267, 65, 0, 7.75%, 0, 0, 4, 24533.57, 66568522, 377
2879, 55, 16, 267, 65, 0, 7.75%, 0, 0, 4, 26471.78, 66702602, 377
2884, 55, 97, 267, 65, 0, 7.75%, 0, 0, 4, 25858.19, 66829042, 377
2889, 55, 124, 267, 65, 0, 7.75%, 0, 0, 4, 25853.46, 66962459, 377
2894, 55, 16, 267, 65, 0, 7.75%, 0, 0, 4, 26804.32, 67094191, 377
2899, 55, 124, 267, 65, 0, 7.75%, 0, 0, 4, 24094.28, 67212181, 377
2904, 55, 256, 267, 65, 0, 7.75%, 0, 0, 4, 4138.80, 67345928, 377
2909, 55, 124, 267, 64, 0, 7.75%, 0, 0, 4, 31609.99, 67445376, 377
2914, 55, 124, 267, 64, 0, 7.75%, 0, 0, 4, 25785.48, 67572013, 377
2920, 56, 10, 267, 64, 0, 7.75%, 0, 0, 4, 26519.46, 67705904, 377
2925, 56, 124, 267, 63, 0, 7.75%, 0, 0, 4, 26703.88, 67842184, 377
2930, 56, 124, 267, 63, 0, 7.75%, 0, 0, 4, 25323.33, 67972279, 377
2935, 56, 11, 267, 63, 0, 7.75%, 0, 0, 4, 23111.88, 68084298, 377
2940, 56, 11, 267, 63, 0, 7.75%, 0, 0, 4, 22051.85, 68194030, 377
2945, 56, 10, 267, 63, 0, 7.75%, 0, 0, 4, 25768.96, 68332321, 377
2950, 56, 65, 267, 63, 0, 7.75%, 0, 0, 4, 25996.80, 68462214, 377
2956, 56, 97, 267, 63, 0, 7.75%, 0, 0, 4, 24024.35, 68586272, 377
2961, 56, 11, 267, 63, 0, 7.75%, 0, 0, 4, 24971.13, 68722006, 377
2966, 57, 124, 267, 63, 0, 7.75%, 0, 0, 4, 23803.28, 68838878, 377
2971, 57, 16, 267, 63, 0, 7.75%, 0, 0, 4, 24654.36, 68969684, 377
2976, 57, 124, 267, 63, 0, 7.75%, 0, 0, 4, 24012.97, 69097176, 377
2981, 57, 67, 267, 63, 0, 7.75%, 0, 0, 4, 25680.58, 69221937, 377
2986, 57, 124, 267, 63, 0, 7.75%, 0, 0, 4, 22825.72, 69340764, 377
2991, 57, 58, 267, 63, 0, 7.75%, 0, 0, 4, 25847.75, 69475059, 377
2996, 57, 124, 267, 63, 0, 7.75%, 0, 0, 4, 23137.89, 69596026, 377
3002, 57, 16, 267, 63, 0, 7.75%, 0, 0, 4, 25350.61, 69731370, 377
3007, 57, 124, 267, 62, 0, 7.75%, 0, 0, 4, 21797.51, 69840080, 377
3012, 57, 97, 267, 62, 0, 7.75%, 0, 0, 4, 25916.01, 69979967, 377
3017, 58, 13, 267, 62, 0, 7.75%, 0, 0, 4, 24803.12, 70106053, 377
3022, 58, 124, 267, 62, 0, 7.75%, 0, 0, 4, 24533.06, 70234487, 377
3027, 58, 261, 267, 62, 0, 7.75%, 0, 0, 4, 21123.27, 70347361, 377
3033, 58, 97, 267, 61, 0, 7.75%, 0, 0, 4, 38590.58, 70400117, 377
3038, 58, 96, 267, 61, 0, 7.75%, 0, 0, 4, 28180.24, 70535089, 377
3043, 58, 124, 267, 61, 0, 7.75%, 0, 0, 4, 25770.56, 70668596, 377
3048, 58, 124, 267, 61, 0, 7.75%, 0, 0, 4, 23710.80, 70783154, 377
3053, 58, 124, 267, 61, 0, 7.75%, 0, 0, 4, 24640.06, 70914535, 377
3058, 58, 124, 267, 61, 0, 7.75%, 0, 0, 4, 25874.52, 71041932, 377
3063, 58, 22, 267, 61, 0, 7.75%, 0, 0, 4, 24598.55, 71167189, 377
3069, 59, 9, 267, 61, 0, 7.75%, 0, 0, 4, 26073.89, 71303306, 377
3074, 59, 124, 267, 61, 0, 7.75%, 0, 0, 4, 25490.58, 71438278, 377
3079, 59, 124, 267, 61, 0, 7.75%, 0, 0, 4, 24552.29, 71555678, 377
3084, 59, 10, 267, 61, 0, 7.75%, 0, 0, 4, 23262.97, 71672217, 377
3089, 59, 62, 267, 60, 0, 7.75%, 0, 0, 4, 28935.55, 71815536, 377
3094, 59, 13, 267, 60, 0, 7.75%, 0, 0, 4, 24214.69, 71935542, 377
3099, 59, 97, 267, 60, 0, 7.75%, 0, 0, 4, 25978.91, 72061268, 377
3104, 59, 13, 267, 60, 0, 7.75%, 0, 0, 4, 24302.41, 72182497, 377
3109, 59, 10, 267, 60, 0, 7.75%, 0, 0, 4, 22430.17, 72288580, 377
3114, 59, 124, 267, 60, 0, 7.75%, 0, 0, 4, 26333.58, 72419638, 377
3120, 60, 124, 267, 60, 0, 7.75%, 0, 0, 4, 24389.74, 72543418, 377
3125, 60, 62, 267, 60, 0, 7.75%, 0, 0, 4, 24462.93, 72672509, 377
3130, 60, 124, 267, 60, 0, 7.75%, 0, 0, 4, 25176.23, 72799684, 377
3135, 60, 124, 267, 60, 0, 7.75%, 0, 0, 4, 25139.46, 72926253, 377
3140, 60, 97, 267, 60, 0, 7.75%, 0, 0, 4, 25518.25, 73053585, 377
3145, 60, 124, 267, 60, 0, 7.75%, 0, 0, 4, 25512.25, 73189823, 377
3150, 60, 124, 267, 60, 0, 7.75%, 0, 0, 4, 26144.91, 73322118, 377
3156, 60, 61, 267, 59, 0, 7.75%, 0, 0, 4, 24965.55, 73448162, 377
3161, 60, 97, 267, 59, 0, 7.75%, 0, 0, 4, 25341.48, 73575225, 377
3166, 60, 124, 267, 59, 0, 7.75%, 0, 0, 4, 24244.98, 73703612, 377
3171, 61, 8, 267, 59, 0, 7.75%, 0, 0, 4, 20861.90, 73812806, 377
3176, 61, 11, 267, 59, 0, 7.75%, 0, 0, 4, 18775.57, 73910769, 377
3181, 61, 97, 267, 59, 0, 7.75%, 0, 0, 4, 20627.31, 74011428, 377
3186, 61, 11, 267, 59, 0, 7.75%, 0, 0, 4, 23575.01, 74135946, 377
3191, 61, 97, 267, 59, 0, 7.75%, 0, 0, 4, 22634.00, 74247618, 377
3196, 61, 10, 267, 59, 0, 7.75%, 0, 0, 4, 19095.60, 74353504, 377
3201, 61, 124, 267, 59, 0, 7.75%, 0, 0, 4, 22320.60, 74479494, 377
3207, 61, 124, 267, 59, 0, 7.75%, 0, 0, 4, 23707.85, 74601654, 377
3212, 61, 124, 267, 59, 0, 7.75%, 0, 0, 4, 25940.28, 74731352, 377
3217, 61, 8, 267, 58, 0, 7.75%, 0, 0, 4, 20842.65, 74833721, 377
3222, 62, 124, 267, 58, 0, 7.75%, 0, 0, 4, 23530.30, 74961390, 377
3227, 62, 97, 267, 58, 0, 7.75%, 0, 0, 4, 25132.75, 75100354, 377
3232, 62, 117, 267, 57, 0, 7.75%, 0, 0, 4, 21422.26, 75202225, 377
3237, 62, 124, 267, 57, 0, 7.75%, 0, 0, 4, 24260.48, 75325827, 377
3242, 62, 65, 267, 56, 0, 7.75%, 0, 0, 4, 22655.31, 75440598, 377
3248, 62, 124, 267, 56, 0, 7.75%, 0, 0, 4, 23301.21, 75567904, 377
3253, 62, 124, 267, 56, 0, 7.75%, 0, 0, 4, 22598.74, 75682383, 377
3258, 62, 124, 267, 56, 0, 7.75%, 0, 0, 4, 22310.20, 75793810, 377
3263, 62, 124, 267, 56, 0, 7.75%, 0, 0, 4, 22704.58, 75911178, 377
3268, 62, 11, 267, 56, 0, 7.75%, 0, 0, 4, 23446.15, 76032615, 377
3273, 62, 124, 267, 56, 0, 7.75%, 0, 0, 4, 23070.52, 76152396, 377
3278, 63, 10, 267, 56, 0, 7.75%, 0, 0, 4, 23462.93, 76265510, 377
3283, 63, 124, 267, 56, 0, 7.75%, 0, 0, 4, 21828.37, 76375074, 377
3288, 63, 124, 267, 56, 0, 7.75%, 0, 0, 4, 26699.34, 76504214, 377
3293, 63, 124, 267, 56, 0, 7.75%, 0, 0, 4, 22172.25, 76606874, 377
3298, 63, 24, 267, 56, 0, 7.75%, 0, 0, 4, 22675.02, 76716370, 377
3304, 63, 58, 267, 56, 0, 7.75%, 0, 0, 4, 23964.29, 76835577, 377
3309, 63, 16, 267, 56, 0, 7.75%, 0, 0, 4, 27075.79, 76969562, 377
3314, 63, 124, 267, 56, 0, 7.75%, 0, 0, 4, 24266.50, 77088783, 377
3319, 63, 16, 267, 56, 0, 7.75%, 0, 0, 4, 26431.71, 77228943, 377
3324, 63, 124, 267, 56, 0, 7.75%, 0, 0, 4, 24388.37, 77353090, 377
3329, 64, 97, 267, 56, 0, 7.75%, 0, 0, 4, 21838.29, 77459317, 377
3334, 64, 24, 267, 56, 0, 7.75%, 0, 0, 4, 21694.71, 77573478, 377
3339, 64, 124, 267, 56, 0, 7.75%, 0, 0, 4, 23117.86, 77692298, 377
3344, 64, 62, 267, 56, 0, 7.75%, 0, 0, 4, 24551.80, 77814661, 377
3350, 64, 74, 267, 56, 0, 7.75%, 0, 0, 4, 25770.39, 77940632, 377
3355, 64, 124, 267, 56, 0, 7.75%, 0, 0, 4, 23977.80, 78053276, 377
3360, 64, 124, 267, 56, 0, 7.75%, 0, 0, 4, 23810.82, 78171910, 377
3365, 64, 36, 267, 56, 0, 7.75%, 0, 0, 4, 24850.88, 78299020, 377
3370, 64, 124, 267, 56, 0, 7.75%, 0, 0, 4, 24262.96, 78414162, 377
3375, 64, 124, 267, 56, 0, 7.75%, 0, 0, 4, 22811.20, 78539739, 377
3380, 65, 124, 267, 56, 0, 7.75%, 0, 0, 4, 22700.31, 78655538, 377
3385, 65, 124, 267, 56, 0, 7.75%, 0, 0, 4, 21059.84, 78760726, 377
3391, 65, 46, 267, 56, 0, 7.75%, 0, 0, 4, 23447.79, 78879244, 377
3396, 65, 117, 267, 56, 0, 7.75%, 0, 0, 4, 22511.94, 78995492, 377
3401, 65, 124, 267, 56, 0, 7.75%, 0, 0, 4, 23927.35, 79110172, 377
3406, 65, 124, 267, 56, 0, 7.75%, 0, 0, 4, 22237.56, 79227741, 377
3411, 65, 67, 267, 56, 0, 7.75%, 0, 0, 4, 21913.84, 79347183, 377
3416, 65, 11, 267, 56, 0, 7.75%, 0, 0, 4, 22510.73, 79464974, 377
3421, 65, 58, 267, 56, 0, 7.75%, 0, 0, 4, 25355.99, 79597648, 377
3427, 65, 16, 267, 56, 0, 7.75%, 0, 0, 4, 23262.56, 79717957, 377
3432, 66, 124, 267, 56, 0, 7.75%, 0, 0, 4, 26656.57, 79858493, 377
3437, 66, 10, 267, 56, 0, 7.75%, 0, 0, 4, 25214.31, 79988993, 377
3442, 66, 97, 267, 56, 0, 7.75%, 0, 0, 4, 26734.33, 80122676, 377
3447, 66, 124, 267, 56, 0, 7.75%, 0, 0, 4, 25493.01, 80248130, 377
3452, 66, 96, 267, 56, 0, 7.75%, 0, 0, 4, 23526.52, 80371876, 377
3457, 66, 124, 267, 56, 0, 7.75%, 0, 0, 4, 25770.18, 80504976, 377
3462, 66, 16, 267, 56, 0, 7.75%, 0, 0, 4, 26179.27, 80635268, 377
3467, 66, 73, 267, 56, 0, 7.75%, 0, 0, 4, 25561.94, 80764588, 377
3472, 66, 16, 267, 56, 0, 7.75%, 0, 0, 4, 23756.95, 80881792, 377
3477, 66, 124, 267, 56, 0, 7.75%, 0, 0, 4, 22981.14, 80999452, 377
3483, 67, 124, 267, 56, 0, 7.75%, 0, 0, 4, 23875.69, 81123112, 377
3488, 67, 11, 267, 56, 0, 7.75%, 0, 0, 4, 22586.50, 81237175, 377
3493, 67, 52, 267, 56, 0, 7.75%, 0, 0, 4, 24049.92, 81367687, 377
3498, 67, 124, 267, 56, 0, 7.75%, 0, 0, 4, 24540.16, 81483571, 377
3503, 67, 10, 267, 56, 0, 7.75%, 0, 0, 4, 23538.04, 81598802, 377
3508, 67, 13, 267, 56, 0, 7.75%, 0, 0, 4, 23048.18, 81712621, 377
3513, 67, 16, 267, 56, 0, 7.75%, 0, 0, 4, 24844.45, 81844539, 377
3518, 67, 16, 267, 56, 0, 7.75%, 0, 0, 4, 27126.19, 81984366, 377
3524, 67, 11, 267, 56, 0, 7.75%, 0, 0, 4, 23237.20, 82100702, 377
3529, 67, 124, 267, 56, 0, 7.75%, 0, 0, 4, 24576.04, 82216908, 377
3534, 68, 124, 267, 56, 0, 7.75%, 0, 0, 4, 21247.03, 82311056, 377
3539, 68, 124, 267, 55, 0, 7.75%, 0, 0, 4, 18303.49, 82406521, 377
3544, 68, 124, 267, 55, 0, 7.75%, 0, 0, 4, 22106.64, 82520200, 377
3549, 68, 97, 267, 55, 0, 7.75%, 0, 0, 4, 22633.50, 82633447, 377
3554, 68, 124, 267, 55, 0, 7.75%, 0, 0, 4, 22498.44, 82743055, 377
3559, 68, 124, 267, 55, 0, 7.75%, 0, 0, 4, 21423.04, 82852563, 377
3564, 68, 117, 267, 55, 0, 7.75%, 0, 0, 4, 20328.88, 82945734, 377
3569, 68, 97, 267, 55, 0, 7.75%, 0, 0, 4, 13488.15, 83017239, 377
3574, 68, 229, 267, 55, 0, 7.75%, 0, 0, 4, 10626.76, 83066534, 377
3580, 68, 117, 267, 54, 0, 7.75%, 0, 0, 4, 12261.12, 83129460, 377
3585, 68, 16, 267, 54, 0, 7.75%, 0, 0, 4, 13313.74, 83199088, 377
3590, 68, 61, 267, 54, 0, 7.75%, 0, 0, 4, 12412.73, 83261539, 377
3595, 68, 97, 267, 54, 0, 7.75%, 0, 0, 4, 16137.61, 83336981, 377
