# relative_time, cycles_done, cur_item, corpus_count, pending_total, pending_favs, map_size, saved_crashes, saved_hangs, max_depth, execs_per_sec, total_execs, edges_found
61, 0, 5, 72, 70, 19, 9.10%, 0, 0, 3, 6864.13, 417351, 477
66, 0, 5, 72, 70, 19, 9.10%, 0, 0, 3, 7108.00, 454109, 477
71, 0, 5, 74, 72, 19, 9.33%, 0, 0, 3, 7619.74, 495001, 489
76, 0, 69, 74, 71, 20, 9.33%, 0, 0, 3, 7292.82, 531403, 489
81, 0, 69, 75, 72, 20, 9.44%, 0, 0, 4, 7194.75, 568904, 495
87, 0, 69, 75, 72, 20, 9.44%, 0, 0, 4, 7023.72, 604140, 495
92, 0, 69, 80, 77, 20, 9.44%, 0, 0, 4, 6833.73, 637931, 495
97, 0, 69, 83, 80, 20, 9.44%, 0, 0, 4, 6394.75, 669881, 495
102, 0, 69, 84, 81, 20, 9.46%, 0, 0, 4, 6354.08, 701605, 496
107, 0, 69, 87, 84, 20, 10.32%, 0, 0, 4, 6624.71, 734704, 541
112, 0, 71, 87, 83, 21, 10.32%, 0, 0, 4, 6659.42, 769541, 541
117, 0, 71, 87, 83, 21, 10.32%, 0, 0, 4, 6238.54, 801209, 541
122, 0, 71, 87, 83, 21, 10.32%, 0, 0, 4, 5999.34, 831414, 541
127, 0, 68, 91, 86, 23, 10.76%, 0, 0, 4, 6273.96, 865044, 564
132, 0, 68, 91, 86, 23, 10.76%, 0, 0, 4, 6631.65, 898413, 564
138, 0, 68, 91, 86, 23, 10.76%, 0, 0, 4, 6681.39, 933201, 564
143, 0, 74, 91, 85, 22, 10.76%, 0, 0, 4, 6370.84, 965762, 564
148, 0, 74, 91, 85, 22, 10.76%, 0, 0, 4, 6526.73, 999406, 564
153, 0, 74, 91, 85, 22, 10.76%, 0, 0, 4, 6628.51, 1033834, 564
158, 0, 54, 91, 84, 21, 10.76%, 0, 0, 4, 6715.17, 1068719, 564
163, 0, 54, 91, 84, 21, 10.76%, 0, 0, 4, 6743.52, 1103274, 564
168, 0, 54, 91, 84, 21, 10.76%, 0, 0, 4, 6754.59, 1137702, 564
174, 0, 84, 109, 101, 20, 11.47%, 0, 0, 5, 6576.35, 1171297, 601
179, 0, 84, 112, 104, 20, 11.49%, 0, 0, 5, 6035.71, 1201740, 602
184, 0, 84, 112, 104, 20, 11.49%, 0, 0, 5, 6073.26, 1233366, 602
189, 0, 84, 112, 104, 20, 11.49%, 0, 0, 5, 5990.09, 1263801, 602
194, 0, 84, 112, 104, 20, 11.49%, 0, 0, 5, 6102.07, 1295448, 602
199, 0, 84, 122, 114, 20, 11.49%, 0, 0, 5, 6055.59, 1326432, 602
204, 0, 84, 130, 122, 20, 11.56%, 0, 0, 5, 5985.46, 1356362, 606
210, 0, 84, 135, 127, 20, 11.56%, 0, 0, 5, 5749.94, 1385944, 606
215, 0, 84, 137, 129, 20, 11.56%, 0, 0, 5, 5995.63, 1416492, 606
220, 0, 87, 137, 127, 31, 11.56%, 0, 0, 5, 6340.75, 1449103, 606
225, 0, 87, 137, 127, 31, 11.56%, 0, 0, 5, 6228.35, 1479946, 606
230, 0, 87, 137, 127, 31, 11.56%, 0, 0, 5, 6412.62, 1513992, 606
235, 0, 87, 137, 127, 31, 11.56%, 0, 0, 5, 6642.20, 1548516, 606
240, 0, 87, 137, 127, 31, 11.56%, 0, 0, 5, 6627.34, 1582436, 606
245, 0, 87, 137, 127, 31, 11.56%, 0, 0, 5, 6505.68, 1616331, 606
250, 0, 87, 137, 127, 31, 11.56%, 0, 0, 5, 6246.46, 1648444, 606
256, 0, 70, 137, 126, 30, 11.56%, 0, 0, 5, 6431.57, 1681782, 606
261, 0, 70, 138, 127, 30, 11.68%, 0, 0, 5, 6749.47, 1716463, 612
266, 0, 70, 138, 127, 30, 11.68%, 0, 0, 5, 7032.25, 1752004, 612
271, 0, 70, 143, 132, 30, 11.68%, 0, 0, 5, 6729.65, 1787133, 612
276, 0, 70, 144, 133, 30, 11.68%, 0, 0, 5, 6222.84, 1818362, 612
281, 0, 70, 144, 133, 30, 11.68%, 0, 0, 5, 6382.04, 1851042, 612
286, 0, 20, 144, 132, 30, 11.68%, 0, 0, 5, 6308.81, 1883942, 612
291, 0, 20, 144, 132, 30, 11.68%, 0, 0, 5, 6286.15, 1916314, 612
297, 0, 20, 144, 132, 30, 11.68%, 0, 0, 5, 6090.98, 1947349, 612
302, 0, 20, 144, 132, 30, 11.68%, 0, 0, 5, 5914.40, 1976426, 612
307, 0, 20, 144, 132, 30, 11.68%, 0, 0, 5, 6149.89, 2008647, 612
312, 0, 20, 144, 132, 30, 11.68%, 0, 0, 5, 6243.33, 2040902, 612
317, 0, 20, 144, 132, 30, 11.68%, 0, 0, 5, 6125.45, 2071938, 612
322, 0, 20, 144, 132, 30, 11.68%, 0, 0, 5, 6199.71, 2102994, 612
327, 0, 20, 144, 132, 30, 11.68%, 0, 0, 5, 6182.39, 2134762, 612
332, 0, 20, 144, 132, 30, 11.68%, 0, 0, 5, 6255.37, 2166338, 612
337, 0, 20, 144, 132, 30, 11.68%, 0, 0, 5, 6085.45, 2197312, 612
343, 0, 20, 144, 132, 30, 11.68%, 0, 0, 5, 6071.48, 2228287, 612
348, 0, 20, 144, 132, 30, 11.68%, 0, 0, 5, 6202.28, 2260405, 612
353, 0, 20, 144, 132, 30, 11.68%, 0, 0, 5, 6097.38, 2290773, 612
358, 0, 20, 144, 132, 30, 11.68%, 0, 0, 5, 6233.00, 2322469, 612
363, 0, 20, 144, 132, 30, 11.68%, 0, 0, 5, 6226.68, 2353540, 612
368, 0, 20, 144, 132, 30, 11.68%, 0, 0, 5, 6213.87, 2385754, 612
373, 0, 20, 144, 132, 30, 11.68%, 0, 0, 5, 6224.91, 2417966, 612
378, 0, 20, 144, 132, 30, 11.68%, 0, 0, 5, 6117.94, 2449614, 612
383, 0, 20, 144, 132, 30, 11.68%, 0, 0, 5, 6172.47, 2480543, 612
389, 0, 20, 144, 132, 30, 11.68%, 0, 0, 5, 6034.38, 2511428, 612
394, 0, 20, 144, 132, 30, 11.68%, 0, 0, 5, 5968.93, 2541009, 612
399, 0, 20, 144, 132, 30, 11.68%, 0, 0, 5, 5998.43, 2572106, 612
404, 0, 20, 144, 132, 30, 11.68%, 0, 0, 5, 6152.30, 2603771, 612
409, 0, 20, 144, 132, 30, 11.68%, 0, 0, 5, 6094.62, 2634831, 612
414, 0, 94, 144, 131, 29, 11.68%, 0, 0, 5, 6066.30, 2665269, 612
419, 0, 94, 144, 131, 29, 11.68%, 0, 0, 5, 6214.74, 2697666, 612
425, 0, 94, 144, 131, 29, 11.68%, 0, 0, 5, 6488.82, 2731500, 612
430, 0, 94, 144, 131, 29, 11.68%, 0, 0, 5, 6632.69, 2765284, 612
435, 0, 94, 144, 131, 29, 11.68%, 0, 0, 5, 6640.16, 2799070, 612
440, 0, 89, 144, 130, 28, 11.68%, 0, 0, 5, 6459.16, 2831794, 612
445, 0, 89, 144, 130, 28, 11.68%, 0, 0, 5, 6161.52, 2862570, 612
450, 0, 89, 144, 130, 28, 11.68%, 0, 0, 5, 5279.29, 2887625, 612
455, 0, 89, 144, 130, 28, 11.68%, 0, 0, 5, 6010.27, 2920152, 612
460, 0, 89, 144, 130, 28, 11.68%, 0, 0, 5, 6281.82, 2952540, 612
465, 0, 89, 144, 130, 28, 11.68%, 0, 0, 5, 6096.43, 2983845, 612
470, 0, 89, 144, 130, 28, 11.68%, 0, 0, 5, 4660.46, 3003177, 612
476, 0, 89, 144, 130, 28, 11.68%, 0, 0, 5, 4781.04, 3026997, 612
480, 0, 119, 144, 129, 27, 11.68%, 1, 0, 5, 5043.97, 3049784, 612
