# relative_time, cycles_done, cur_item, corpus_count, pending_total, pending_favs, map_size, saved_crashes, saved_hangs, max_depth, execs_per_sec, total_execs, edges_found
61, 0, 240, 259, 217, 0, 8.74%, 0, 0, 4, 20623.10, 1164703, 430
66, 0, 91, 259, 217, 0, 8.74%, 0, 0, 4, 24815.32, 1299451, 430
71, 0, 101, 260, 218, 0, 8.74%, 0, 0, 4, 23642.91, 1416012, 430
76, 0, 240, 262, 220, 0, 8.74%, 0, 0, 4, 24374.48, 1542519, 430
81, 0, 56, 263, 221, 0, 8.74%, 0, 0, 4, 24947.84, 1667522, 430
86, 1, 240, 263, 221, 0, 8.74%, 0, 0, 4, 23489.62, 1786659, 430
91, 1, 240, 263, 221, 0, 8.74%, 0, 0, 4, 20211.89, 1888990, 430
96, 1, 240, 263, 219, 0, 8.74%, 0, 0, 4, 20065.76, 1998577, 430
101, 1, 240, 263, 219, 0, 8.74%, 0, 0, 4, 20350.98, 2100069, 430
107, 1, 240, 263, 218, 0, 8.74%, 0, 0, 4, 23992.43, 2227706, 430
112, 1, 240, 263, 218, 0, 8.74%, 0, 0, 4, 19273.22, 2323156, 430
117, 1, 241, 263, 217, 0, 8.74%, 0, 0, 4, 24429.05, 2448602, 430
122, 1, 240, 263, 217, 0, 8.74%, 0, 0, 4, 19407.42, 2548738, 430
127, 1, 18, 263, 216, 0, 8.74%, 0, 0, 4, 22750.07, 2660718, 430
132, 1, 240, 263, 215, 0, 8.74%, 0, 0, 4, 21072.04, 2772253, 430
137, 1, 56, 263, 215, 0, 8.74%, 0, 0, 4, 22451.00, 2885462, 430
142, 1, 240, 263, 215, 0, 8.74%, 0, 0, 4, 20871.02, 2997237, 430
148, 2, 241, 316, 267, 0, 8.74%, 0, 0, 4, 21709.33, 3108737, 430
153, 2, 52, 316, 265, 0, 8.74%, 0, 0, 4, 16496.06, 3188971, 430
158, 2, 240, 316, 263, 0, 8.74%, 0, 0, 4, 20893.79, 3304276, 430
163, 2, 240, 316, 263, 0, 8.74%, 0, 0, 4, 20985.08, 3419064, 430
168, 2, 240, 316, 263, 0, 8.74%, 0, 0, 4, 22399.33, 3534019, 430
173, 2, 239, 316, 263, 0, 8.74%, 0, 0, 4, 22216.25, 3654595, 430
178, 2, 91, 316, 262, 0, 8.74%, 0, 0, 4, 19480.49, 3752866, 430
183, 2, 258, 316, 261, 0, 8.74%, 0, 0, 4, 21829.31, 3875828, 430
189, 2, 247, 316, 259, 0, 8.74%, 0, 0, 4, 21796.21, 3989768, 430
194, 2, 184, 316, 257, 0, 8.74%, 0, 0, 4, 16037.55, 4070722, 430
199, 2, 240, 316, 256, 0, 8.74%, 0, 0, 4, 18776.73, 4174341, 430
204, 2, 232, 316, 256, 0, 8.74%, 0, 0, 4, 20276.15, 4278140, 430
209, 3, 241, 330, 269, 0, 8.74%, 0, 0, 4, 19628.29, 4381416, 430
214, 3, 101, 330, 269, 0, 8.74%, 0, 0, 4, 18407.97, 4468904, 430
219, 3, 240, 330, 268, 0, 8.74%, 0, 0, 4, 16708.02, 4544827, 430
225, 3, 239, 330, 268, 0, 8.74%, 0, 0, 4, 19998.84, 4639920, 430
230, 3, 240, 330, 268, 0, 8.74%, 0, 0, 4, 21175.23, 4750014, 430
235, 3, 241, 330, 266, 0, 8.74%, 0, 0, 4, 19054.11, 4839855, 430
240, 3, 240, 330, 266, 0, 8.74%, 0, 0, 4, 20454.58, 4947738, 430
245, 3, 56, 330, 266, 0, 8.74%, 0, 0, 4, 19256.17, 5040834, 430
250, 3, 241, 330, 266, 0, 8.74%, 0, 0, 4, 20611.29, 5149112, 430
255, 3, 240, 330, 266, 0, 8.74%, 0, 0, 4, 21520.97, 5252121, 430
260, 3, 240, 330, 263, 0, 8.74%, 0, 0, 4, 21294.27, 5363904, 430
265, 3, 240, 330, 263, 0, 8.74%, 0, 0, 4, 21949.12, 5469669, 430
270, 3, 241, 330, 262, 0, 8.74%, 0, 0, 4, 19375.15, 5571141, 430
275, 3, 241, 330, 261, 0, 8.74%, 0, 0, 4, 18245.24, 5658468, 430
280, 4, 241, 338, 267, 0, 8.74%, 0, 0, 4, 16952.61, 5740448, 430
286, 4, 91, 338, 266, 0, 8.74%, 0, 0, 4, 18690.53, 5837387, 430
291, 4, 134, 338, 265, 0, 8.74%, 0, 0, 4, 19668.60, 5945499, 430
296, 4, 136, 338, 263, 0, 8.74%, 0, 0, 4, 22094.71, 6046119, 430
301, 4, 240, 338, 262, 0, 8.74%, 0, 0, 4, 20936.40, 6158455, 430
306, 4, 240, 338, 262, 0, 8.74%, 0, 0, 4, 20242.98, 6257112, 430
311, 4, 101, 338, 261, 0, 8.74%, 0, 0, 4, 22511.45, 6379123, 430
317, 4, 240, 338, 260, 0, 8.74%, 0, 0, 4, 21322.58, 6485713, 430
322, 4, 95, 338, 260, 0, 8.74%, 0, 0, 4, 21067.65, 6599489, 430
327, 4, 240, 338, 259, 0, 8.74%, 0, 0, 4, 20766.25, 6704429, 430
332, 4, 56, 338, 259, 0, 8.74%, 0, 0, 4, 19366.44, 6805289, 430
337, 4, 240, 338, 258, 0, 8.74%, 0, 0, 4, 21580.67, 6911278, 430
342, 4, 240, 338, 258, 0, 8.74%, 0, 0, 4, 19790.72, 7013951, 430
348, 4, 81, 338, 257, 0, 8.74%, 0, 0, 4, 22442.59, 7130231, 430
353, 5, 240, 338, 255, 0, 8.74%, 0, 0, 4, 20904.56, 7243496, 430
358, 5, 101, 338, 254, 0, 8.74%, 0, 0, 4, 22099.22, 7358949, 430
363, 5, 91, 338, 254, 0, 8.74%, 0, 0, 4, 18602.14, 7452494, 430
368, 5, 241, 338, 254, 0, 8.74%, 0, 0, 4, 19840.12, 7555240, 430
373, 5, 105, 338, 253, 0, 8.74%, 0, 0, 4, 18205.43, 7647764, 430
379, 5, 228, 338, 253, 0, 8.74%, 0, 0, 4, 21227.22, 7759004, 430
384, 5, 240, 338, 253, 0, 8.74%, 0, 0, 4, 21330.23, 7866264, 430
389, 5, 106, 338, 253, 0, 8.74%, 0, 0, 4, 23954.61, 7989025, 430
394, 5, 163, 338, 253, 0, 8.74%, 0, 0, 4, 20336.43, 8079323, 430
399, 5, 240, 338, 253, 0, 8.74%, 0, 0, 4, 20917.09, 8187206, 430
404, 5, 101, 338, 252, 0, 8.74%, 0, 0, 4, 18766.21, 8285041, 430
409, 5, 56, 338, 252, 0, 8.74%, 0, 0, 4, 19770.82, 8386893, 430
414, 5, 91, 338, 251, 0, 8.74%, 0, 0, 4, 21456.46, 8496780, 430
420, 6, 240, 338, 250, 0, 8.74%, 0, 0, 4, 22613.16, 8617365, 430
425, 6, 91, 338, 250, 0, 8.74%, 0, 0, 4, 21013.76, 8719011, 430
430, 6, 240, 338, 247, 0, 8.74%, 0, 0, 4, 22790.51, 8838317, 430
435, 6, 240, 338, 247, 0, 8.74%, 0, 0, 4, 21418.90, 8944456, 430
440, 6, 56, 338, 247, 0, 8.74%, 0, 0, 4, 23365.32, 9065918, 430
445, 6, 53, 338, 246, 0, 8.74%, 0, 0, 4, 20448.37, 9168599, 430
450, 6, 136, 338, 246, 0, 8.74%, 0, 0, 4, 18672.53, 9268202, 430
455, 6, 241, 338, 245, 0, 8.74%, 0, 0, 4, 18880.27, 9360554, 430
460, 6, 240, 338, 245, 0, 8.74%, 0, 0, 4, 19053.39, 9454760, 430
466, 6, 241, 338, 245, 0, 8.74%, 0, 0, 4, 18937.56, 9549704, 430
471, 6, 240, 338, 245, 0, 8.74%, 0, 0, 4, 19010.15, 9654846, 430
476, 6, 240, 338, 245, 0, 8.74%, 0, 0, 4, 12464.55, 9711398, 430
481, 6, 101, 338, 245, 0, 8.74%, 0, 0, 4, 17806.31, 9802131, 430
486, 6, 240, 338, 243, 0, 8.74%, 0, 0, 4, 20714.39, 9908819, 430
491, 7, 106, 338, 241, 0, 8.74%, 0, 0, 4, 20367.51, 10012467, 430
496, 7, 91, 338, 241, 0, 8.74%, 0, 0, 4, 20573.52, 10115037, 430
501, 7, 240, 338, 241, 0, 8.74%, 0, 0, 4, 19153.72, 10214045, 430
506, 7, 265, 338, 241, 0, 8.74%, 0, 0, 4, 21976.01, 10325844, 430
512, 7, 241, 338, 240, 0, 8.74%, 0, 0, 4, 18810.52, 10419830, 430
517, 7, 96, 338, 239, 0, 8.74%, 0, 0, 4, 17011.17, 10506637, 430
522, 7, 240, 338, 238, 0, 8.74%, 0, 0, 4, 15998.19, 10583182, 430
527, 7, 56, 338, 238, 0, 8.74%, 0, 0, 4, 17962.71, 10672738, 430
532, 7, 240, 338, 237, 0, 8.74%, 0, 0, 4, 19079.87, 10774084, 430
537, 7, 24, 338, 236, 0, 8.74%, 0, 0, 4, 20803.81, 10877100, 430
542, 7, 240, 338, 236, 0, 8.74%, 0, 0, 4, 19144.06, 10977438, 430
547, 7, 56, 338, 235, 0, 8.74%, 0, 0, 4, 18760.16, 11069725, 430
552, 7, 240, 338, 235, 0, 8.74%, 0, 0, 4, 18745.45, 11177687, 430
558, 7, 241, 338, 235, 0, 8.74%, 0, 0, 4, 22012.62, 11288725, 430
563, 7, 48, 338, 234, 0, 8.74%, 0, 0, 4, 18840.44, 11386333, 430
568, 8, 67, 351, 247, 0, 8.74%, 0, 0, 4, 20905.13, 11497481, 430
573, 8, 27, 351, 247, 0, 8.74%, 0, 0, 4, 18398.31, 11592491, 430
578, 8, 105, 351, 247, 0, 8.74%, 0, 0, 4, 22257.27, 11711882, 430
583, 8, 241, 351, 247, 0, 8.74%, 0, 0, 4, 21629.06, 11825597, 430
588, 8, 163, 351, 247, 0, 8.74%, 0, 0, 4, 24950.00, 11958249, 430
593, 8, 91, 351, 247, 0, 8.74%, 0, 0, 4, 21815.35, 12066241, 430
598, 8, 102, 351, 246, 0, 8.74%, 0, 0, 4, 24278.79, 12189777, 430
603, 8, 106, 351, 245, 0, 8.74%, 0, 0, 4, 19194.43, 12280410, 430
609, 8, 240, 351, 245, 0, 8.74%, 0, 0, 4, 22559.46, 12399602, 430
614, 8, 164, 351, 245, 0, 8.74%, 0, 0, 4, 21694.92, 12507997, 430
619, 8, 101, 351, 245, 0, 8.74%, 0, 0, 4, 22815.71, 12619143, 430
624, 8, 240, 351, 245, 0, 8.74%, 0, 0, 4, 20360.97, 12718690, 430
629, 8, 101, 352, 246, 0, 8.74%, 0, 0, 4, 21532.13, 12835327, 430
634, 8, 240, 352, 245, 0, 8.74%, 0, 0, 4, 19910.70, 12926390, 430
639, 8, 240, 352, 245, 0, 8.74%, 0, 0, 4, 20301.83, 13032541, 430
644, 9, 101, 352, 245, 0, 8.74%, 0, 0, 4, 19769.05, 13132186, 430
649, 9, 136, 352, 245, 0, 8.74%, 0, 0, 4, 23184.24, 13254522, 430
654, 9, 106, 352, 245, 0, 8.74%, 0, 0, 4, 21580.35, 13357802, 430
659, 9, 88, 352, 245, 0, 8.74%, 0, 0, 4, 22878.32, 13478019, 430
664, 9, 89, 353, 245, 0, 8.74%, 0, 0, 4, 19262.74, 13573195, 430
669, 9, 240, 353, 245, 0, 8.74%, 0, 0, 4, 21589.64, 13687175, 430
675, 9, 241, 353, 244, 0, 8.74%, 0, 0, 4, 22887.31, 13800129, 430
680, 9, 240, 353, 244, 0, 8.74%, 0, 0, 4, 22735.46, 13911425, 430
685, 9, 241, 353, 244, 0, 8.74%, 0, 0, 4, 22379.90, 14020397, 430
690, 9, 56, 353, 243, 0, 8.74%, 0, 0, 4, 21210.05, 14126414, 430
695, 9, 240, 353, 242, 0, 8.74%, 0, 0, 4, 19036.05, 14215422, 430
700, 9, 241, 353, 241, 0, 8.74%, 0, 0, 4, 25071.76, 14356019, 430
705, 9, 241, 353, 241, 0, 8.74%, 0, 0, 4, 20725.32, 14450936, 430
710, 9, 67, 353, 241, 0, 8.74%, 0, 0, 4, 22889.87, 14567553, 430
715, 10, 406, 416, 304, 13, 9.25%, 0, 0, 4, 19183.52, 14659822, 455
720, 10, 406, 416, 304, 13, 9.25%, 0, 0, 4, 24577.06, 14790265, 455
725, 10, 371, 419, 297, 4, 9.25%, 0, 0, 4, 19701.12, 14887962, 455
730, 10, 395, 426, 303, 3, 9.25%, 0, 0, 4, 19267.23, 14986196, 455
735, 10, 395, 427, 304, 3, 9.25%, 1, 0, 4, 17247.70, 15057604, 455
