# relative_time, cycles_done, cur_item, corpus_count, pending_total, pending_favs, map_size, saved_crashes, saved_hangs, max_depth, execs_per_sec, total_execs, edges_found
61, 1, 30, 100, 72, 0, 4.81%, 0, 0, 2, 19981.21, 1277507, 205
66, 1, 33, 100, 72, 0, 4.81%, 0, 0, 2, 19964.90, 1378556, 205
71, 1, 35, 100, 71, 0, 4.81%, 0, 0, 2, 18357.05, 1473739, 205
76, 1, 35, 100, 71, 0, 4.81%, 0, 0, 2, 17122.20, 1555585, 205
81, 1, 35, 100, 71, 0, 4.81%, 0, 0, 2, 17322.88, 1646394, 205
86, 1, 53, 102, 70, 0, 4.81%, 0, 0, 2, 19247.27, 1741933, 205
91, 1, 57, 102, 69, 0, 4.81%, 0, 0, 2, 21366.46, 1853079, 205
96, 1, 59, 103, 68, 0, 4.81%, 0, 0, 2, 21939.67, 1966542, 205
101, 1, 63, 104, 68, 0, 4.81%, 0, 0, 2, 19896.83, 2069517, 205
106, 1, 68, 105, 67, 0, 4.81%, 0, 0, 2, 21585.71, 2176497, 205
111, 1, 76, 105, 65, 0, 4.81%, 0, 0, 2, 20128.89, 2280585, 205
117, 1, 87, 105, 64, 0, 4.81%, 0, 0, 2, 18654.65, 2375967, 205
122, 1, 87, 105, 64, 0, 4.81%, 0, 0, 2, 15899.25, 2455381, 205
127, 1, 87, 105, 64, 0, 4.81%, 0, 0, 2, 16134.19, 2536590, 205
132, 1, 98, 109, 67, 0, 4.81%, 0, 0, 2, 16193.88, 2621162, 205
137, 1, 98, 109, 67, 0, 4.81%, 0, 0, 2, 18171.50, 2714971, 205
142, 1, 101, 111, 68, 0, 4.81%, 0, 0, 2, 13384.27, 2786037, 205
147, 1, 101, 111, 68, 0, 4.81%, 0, 0, 2, 11170.15, 2837857, 205
152, 1, 101, 111, 68, 0, 4.81%, 0, 0, 2, 10367.83, 2891446, 205
157, 1, 101, 111, 68, 0, 4.81%, 0, 0, 2, 10137.00, 2944115, 205
162, 1, 101, 111, 68, 0, 4.81%, 0, 0, 2, 10559.43, 2999844, 205
167, 1, 101, 111, 68, 0, 4.81%, 0, 0, 2, 11369.44, 3056312, 205
172, 1, 101, 111, 68, 0, 4.81%, 0, 0, 2, 9842.03, 3107232, 205
178, 1, 101, 111, 68, 0, 4.81%, 0, 0, 2, 10405.06, 3160139, 205
183, 1, 101, 111, 68, 0, 4.81%, 0, 0, 2, 9833.54, 3209590, 205
188, 1, 101, 111, 68, 0, 4.81%, 0, 0, 2, 12811.43, 3272127, 205
193, 1, 101, 111, 68, 0, 4.81%, 0, 0, 2, 12540.75, 3341436, 205
198, 1, 103, 118, 74, 0, 4.81%, 0, 0, 2, 9936.36, 3389730, 205
203, 1, 103, 118, 74, 0, 4.81%, 0, 0, 2, 8402.52, 3431458, 205
208, 1, 103, 118, 74, 0, 4.81%, 0, 0, 2, 9236.55, 3477202, 205
213, 1, 103, 118, 74, 0, 4.81%, 0, 0, 2, 8770.83, 3522131, 205
218, 1, 103, 118, 74, 0, 4.81%, 0, 0, 2, 8378.02, 3564112, 205
223, 1, 103, 118, 74, 0, 4.81%, 0, 0, 2, 7913.28, 3604010, 205
228, 1, 103, 118, 74, 0, 4.81%, 0, 0, 2, 8862.81, 3647976, 205
233, 1, 103, 118, 74, 0, 4.81%, 0, 0, 2, 8705.96, 3692950, 205
238, 1, 103, 118, 74, 0, 4.81%, 0, 0, 2, 8533.21, 3737334, 205
243, 1, 103, 118, 74, 0, 4.81%, 0, 0, 2, 8718.10, 3778482, 205
248, 1, 103, 118, 74, 0, 4.81%, 0, 0, 2, 9749.41, 3831057, 205
253, 1, 103, 118, 74, 0, 4.81%, 0, 0, 2, 7993.30, 3871373, 205
258, 1, 103, 118, 74, 0, 4.81%, 0, 0, 2, 8827.49, 3916720, 205
263, 1, 103, 118, 74, 0, 4.81%, 0, 0, 2, 8354.38, 3957489, 205
268, 1, 103, 118, 74, 0, 4.81%, 0, 0, 2, 9092.84, 4004125, 205
273, 1, 103, 118, 74, 0, 4.81%, 0, 0, 2, 8741.41, 4047212, 205
279, 1, 103, 118, 74, 0, 4.81%, 0, 0, 2, 13344.08, 4121018, 205
284, 1, 103, 118, 74, 0, 4.81%, 0, 0, 2, 10554.85, 4173898, 205
289, 1, 103, 118, 74, 0, 4.81%, 0, 0, 2, 8846.45, 4217292, 205
294, 1, 105, 121, 76, 0, 4.81%, 0, 0, 2, 6183.92, 4247112, 205
299, 1, 105, 121, 76, 0, 4.81%, 0, 0, 2, 5143.69, 4272455, 205
304, 1, 105, 121, 76, 0, 4.81%, 0, 0, 2, 5184.02, 4298177, 205
309, 1, 105, 121, 76, 0, 4.81%, 0, 0, 2, 4948.98, 4323645, 205
314, 1, 105, 121, 76, 0, 4.81%, 0, 0, 2, 4937.02, 4347693, 205
319, 1, 105, 121, 76, 0, 4.81%, 0, 0, 2, 4898.28, 4372725, 205
324, 1, 105, 121, 76, 0, 4.81%, 0, 0, 2, 4811.37, 4396110, 205
329, 1, 105, 121, 76, 0, 4.81%, 0, 0, 2, 5569.66, 4424687, 205
334, 1, 105, 121, 76, 0, 4.81%, 0, 0, 2, 5442.59, 4451724, 205
340, 1, 105, 121, 76, 0, 4.81%, 0, 0, 2, 5126.50, 4477683, 205
345, 1, 105, 121, 76, 0, 4.81%, 0, 0, 2, 5131.07, 4504051, 205
350, 1, 105, 121, 76, 0, 4.81%, 0, 0, 2, 5022.10, 4529969, 205
355, 1, 105, 121, 76, 0, 4.81%, 0, 0, 2, 4926.21, 4554825, 205
360, 1, 105, 121, 76, 0, 4.81%, 0, 0, 2, 4758.86, 4578774, 205
365, 1, 105, 121, 76, 0, 4.81%, 0, 0, 2, 4638.13, 4602048, 205
370, 1, 105, 121, 76, 0, 4.81%, 0, 0, 2, 4635.37, 4625484, 205
375, 1, 105, 121, 76, 0, 4.81%, 0, 0, 2, 4493.19, 4648734, 205
380, 1, 105, 121, 76, 0, 4.81%, 0, 0, 2, 4441.74, 4671282, 205
385, 1, 105, 121, 76, 0, 4.81%, 0, 0, 2, 4213.23, 4692258, 205
390, 1, 105, 121, 76, 0, 4.81%, 0, 0, 2, 4612.61, 4716198, 205
395, 1, 105, 121, 76, 0, 4.81%, 0, 0, 2, 4419.74, 4738054, 205
400, 1, 105, 121, 76, 0, 4.81%, 0, 0, 2, 4284.58, 4759449, 205
406, 1, 105, 121, 76, 0, 4.81%, 0, 0, 2, 5557.33, 4788400, 205
411, 1, 105, 121, 76, 0, 4.81%, 0, 0, 2, 5449.38, 4817156, 205
416, 1, 105, 121, 76, 0, 4.81%, 0, 0, 2, 5305.09, 4844688, 205
421, 1, 105, 121, 76, 0, 4.81%, 0, 0, 2, 5215.84, 4872018, 205
426, 1, 105, 121, 76, 0, 4.81%, 0, 0, 2, 5455.17, 4899073, 205
431, 1, 105, 121, 76, 0, 4.81%, 0, 0, 2, 5117.01, 4924754, 205
436, 1, 105, 121, 76, 0, 4.81%, 0, 0, 2, 4844.85, 4948945, 205
441, 1, 105, 121, 76, 0, 4.81%, 0, 0, 2, 4572.90, 4971975, 205
446, 1, 105, 121, 76, 0, 4.81%, 0, 0, 2, 4485.17, 4994065, 205
451, 1, 105, 121, 76, 0, 4.81%, 0, 0, 2, 4162.38, 5014706, 205
456, 1, 105, 121, 76, 0, 4.81%, 0, 0, 2, 6107.90, 5045839, 205
462, 1, 105, 121, 76, 0, 4.81%, 0, 0, 2, 6331.81, 5079863, 205
467, 1, 105, 121, 76, 0, 4.81%, 0, 0, 2, 6059.98, 5110064, 205
472, 1, 105, 121, 76, 0, 4.81%, 0, 0, 2, 5395.02, 5136775, 205
477, 1, 105, 121, 76, 0, 4.81%, 0, 0, 2, 4986.19, 5161390, 205
482, 1, 105, 121, 76, 0, 4.81%, 0, 0, 2, 4740.16, 5185615, 205
487, 1, 105, 121, 76, 0, 4.81%, 0, 0, 2, 4721.59, 5209235, 205
492, 1, 105, 121, 76, 0, 4.81%, 0, 0, 2, 4284.65, 5230361, 205
497, 1, 105, 121, 76, 0, 4.81%, 0, 0, 2, 4724.44, 5255383, 205
502, 1, 105, 121, 76, 0, 4.81%, 0, 0, 2, 5170.55, 5282483, 205
507, 1, 105, 121, 76, 0, 4.81%, 0, 0, 2, 5099.59, 5308889, 205
512, 1, 105, 121, 76, 0, 4.81%, 0, 0, 2, 4498.48, 5331113, 205
517, 1, 105, 121, 76, 0, 4.81%, 0, 0, 2, 4484.13, 5353915, 205
522, 1, 105, 121, 76, 0, 4.81%, 0, 0, 2, 4936.47, 5379396, 205
528, 1, 105, 121, 76, 0, 4.81%, 0, 0, 2, 5360.74, 5407396, 205
533, 1, 105, 121, 76, 0, 4.81%, 0, 0, 2, 5068.04, 5432830, 205
538, 1, 105, 121, 76, 0, 4.81%, 0, 0, 2, 4949.92, 5458132, 205
543, 1, 105, 121, 76, 0, 4.81%, 0, 0, 2, 4602.13, 5481552, 205
548, 1, 105, 121, 76, 0, 4.81%, 0, 0, 2, 4533.87, 5503966, 205
553, 1, 105, 121, 76, 0, 4.81%, 0, 0, 2, 3523.36, 5522229, 205
558, 1, 105, 121, 76, 0, 4.81%, 0, 0, 2, 3361.90, 5538261, 205
563, 1, 105, 121, 76, 0, 4.81%, 0, 0, 2, 4209.64, 5559082, 205
568, 1, 105, 121, 76, 0, 4.81%, 0, 0, 2, 20737.81, 5601904, 205
573, 1, 105, 121, 76, 0, 4.81%, 0, 0, 2, 8873.57, 5630738, 205
578, 1, 105, 121, 76, 0, 4.81%, 0, 0, 2, 9730.69, 5676522, 205
583, 1, 105, 121, 76, 0, 4.81%, 0, 0, 2, 8718.01, 5720672, 205
588, 1, 105, 121, 76, 0, 4.81%, 0, 0, 2, 7673.49, 5757892, 205
594, 1, 105, 121, 76, 0, 4.81%, 0, 0, 2, 6248.74, 5788315, 205
599, 1, 105, 121, 76, 0, 4.81%, 0, 0, 2, 5902.92, 5818362, 205
604, 1, 105, 121, 76, 0, 4.81%, 0, 0, 2, 5295.79, 5844475, 205
609, 1, 105, 121, 76, 0, 4.81%, 0, 0, 2, 4630.36, 5867650, 205
614, 1, 105, 121, 76, 0, 4.81%, 0, 0, 2, 4094.49, 5887906, 205
619, 1, 105, 121, 76, 0, 4.81%, 0, 0, 2, 5296.32, 5912207, 205
624, 1, 107, 124, 78, 0, 4.81%, 0, 0, 2, 4764.11, 5937364, 205
629, 1, 107, 124, 78, 0, 4.81%, 0, 0, 2, 4408.97, 5959291, 205
634, 1, 107, 124, 78, 0, 4.81%, 0, 0, 2, 4128.75, 5979330, 205
639, 1, 107, 124, 78, 0, 4.81%, 0, 0, 2, 4519.38, 6001144, 205
644, 1, 107, 124, 78, 0, 4.81%, 0, 0, 2, 4317.46, 6022834, 205
649, 1, 107, 124, 78, 0, 4.81%, 0, 0, 2, 5007.09, 6049011, 205
654, 1, 107, 124, 78, 0, 4.81%, 0, 0, 2, 4480.19, 6070800, 205
659, 1, 107, 124, 78, 0, 4.81%, 0, 0, 2, 4465.12, 6092907, 205
664, 1, 107, 124, 78, 0, 4.81%, 0, 0, 2, 5127.31, 6118241, 205
669, 1, 107, 124, 78, 0, 4.81%, 0, 0, 2, 5388.89, 6145925, 205
675, 1, 107, 124, 78, 0, 4.81%, 0, 0, 2, 5152.25, 6171785, 205
680, 1, 107, 124, 78, 0, 4.81%, 0, 0, 2, 5124.65, 6197993, 205
685, 1, 107, 124, 78, 0, 4.81%, 0, 0, 2, 5013.51, 6222917, 205
690, 1, 107, 124, 78, 0, 4.81%, 0, 0, 2, 5106.66, 6248725, 205
695, 1, 107, 124, 78, 0, 4.81%, 0, 0, 2, 4768.65, 6272260, 205
700, 1, 107, 124, 78, 0, 4.81%, 0, 0, 2, 4837.88, 6296838, 205
705, 1, 107, 124, 78, 0, 4.81%, 0, 0, 2, 4811.14, 6320520, 205
710, 1, 107, 124, 78, 0, 4.81%, 0, 0, 2, 4790.76, 6344650, 205
715, 1, 107, 124, 78, 0, 4.81%, 0, 0, 2, 4677.88, 6367586, 205
720, 1, 107, 124, 78, 0, 4.81%, 0, 0, 2, 4650.67, 6391115, 205
725, 1, 107, 124, 78, 0, 4.81%, 0, 0, 2, 4431.20, 6412865, 205
730, 1, 107, 124, 78, 0, 4.81%, 0, 0, 2, 4330.01, 6435323, 205
735, 1, 107, 124, 78, 0, 4.81%, 0, 0, 2, 4229.93, 6456857, 205
741, 1, 107, 124, 78, 0, 4.81%, 0, 0, 2, 4636.90, 6480257, 205
746, 1, 107, 124, 78, 0, 4.81%, 0, 0, 2, 5799.21, 6511199, 205
751, 1, 107, 124, 78, 0, 4.81%, 0, 0, 2, 5914.33, 6541515, 205
756, 1, 107, 124, 78, 0, 4.81%, 0, 0, 2, 5677.93, 6569524, 205
761, 1, 107, 124, 78, 0, 4.81%, 0, 0, 2, 5553.73, 6597691, 205
766, 1, 107, 124, 78, 0, 4.81%, 0, 0, 2, 5319.21, 6623951, 205
771, 1, 107, 124, 78, 0, 4.81%, 0, 0, 2, 4950.27, 6649028, 205
776, 1, 107, 124, 78, 0, 4.81%, 0, 0, 2, 4731.38, 6672455, 205
781, 1, 107, 124, 78, 0, 4.81%, 0, 0, 2, 4624.72, 6696017, 205
786, 1, 107, 124, 78, 0, 4.81%, 0, 0, 2, 4325.46, 6718215, 205
791, 1, 107, 124, 78, 0, 4.81%, 0, 0, 2, 4285.71, 6740031, 205
796, 1, 107, 124, 78, 0, 4.81%, 0, 0, 2, 6362.02, 6773385, 205
801, 1, 107, 124, 78, 0, 4.81%, 0, 0, 2, 6428.77, 6807022, 205
807, 1, 107, 124, 78, 0, 4.81%, 0, 0, 2, 5833.43, 6836006, 205
812, 1, 107, 124, 78, 0, 4.81%, 0, 0, 2, 5507.03, 6864060, 205
817, 1, 107, 124, 78, 0, 4.81%, 0, 0, 2, 5136.15, 6889697, 205
822, 1, 107, 124, 78, 0, 4.81%, 0, 0, 2, 4824.28, 6914103, 205
827, 1, 107, 124, 78, 0, 4.81%, 0, 0, 2, 4648.49, 6937624, 205
832, 1, 107, 124, 78, 0, 4.81%, 0, 0, 2, 4112.13, 6958580, 205
837, 1, 107, 124, 78, 0, 4.81%, 0, 0, 2, 4020.27, 6978146, 205
842, 1, 107, 124, 78, 0, 4.81%, 0, 0, 2, 4372.09, 6999677, 205
847, 1, 107, 124, 78, 0, 4.81%, 0, 0, 2, 4877.42, 7024941, 205
852, 1, 107, 124, 78, 0, 4.81%, 0, 0, 2, 4770.20, 7049855, 205
857, 1, 107, 124, 78, 0, 4.81%, 0, 0, 2, 4539.81, 7072643, 205
862, 1, 107, 124, 78, 0, 4.81%, 0, 0, 2, 4275.08, 7094628, 205
867, 1, 107, 124, 78, 0, 4.81%, 0, 0, 2, 5477.77, 7123099, 205
873, 1, 107, 124, 78, 0, 4.81%, 0, 0, 2, 5250.47, 7150459, 205
878, 1, 107, 124, 78, 0, 4.81%, 0, 0, 2, 5337.78, 7178157, 205
883, 1, 107, 124, 78, 0, 4.81%, 0, 0, 2, 4787.08, 7202139, 205
888, 1, 107, 124, 78, 0, 4.81%, 0, 0, 2, 4641.16, 7225583, 205
893, 1, 107, 124, 78, 0, 4.81%, 0, 0, 2, 4264.76, 7247079, 205
898, 1, 107, 124, 78, 0, 4.81%, 0, 0, 2, 4393.04, 7269271, 205
903, 1, 107, 124, 78, 0, 4.81%, 0, 0, 2, 4831.73, 7293037, 205
908, 1, 107, 124, 78, 0, 4.81%, 0, 0, 2, 4891.22, 7318989, 205
913, 1, 107, 124, 78, 0, 4.81%, 0, 0, 2, 12217.87, 7366045, 205
918, 1, 107, 124, 78, 0, 4.81%, 0, 0, 2, 8005.67, 7396505, 205
923, 1, 107, 124, 78, 0, 4.81%, 0, 0, 2, 9060.50, 7445148, 205
928, 1, 107, 124, 78, 0, 4.81%, 0, 0, 2, 8182.56, 7485802, 205
933, 1, 107, 124, 78, 0, 4.81%, 0, 0, 2, 6959.64, 7520566, 205
938, 1, 107, 124, 78, 0, 4.81%, 0, 0, 2, 6373.45, 7552347, 205
944, 1, 107, 124, 78, 0, 4.81%, 0, 0, 2, 5581.64, 7580626, 205
949, 1, 107, 124, 78, 0, 4.81%, 0, 0, 2, 5399.55, 7607607, 205
954, 1, 107, 124, 78, 0, 4.81%, 0, 0, 2, 4626.60, 7630154, 205
959, 1, 107, 124, 78, 0, 4.81%, 0, 0, 2, 4636.02, 7653482, 205
964, 1, 107, 124, 78, 0, 4.81%, 0, 0, 2, 6714.74, 7685809, 205
969, 1, 108, 124, 77, 0, 4.81%, 0, 0, 2, 7119.11, 7725589, 205
974, 1, 108, 124, 77, 0, 4.81%, 0, 0, 2, 6683.50, 7758855, 205
979, 1, 108, 124, 77, 0, 4.81%, 0, 0, 2, 7033.05, 7796066, 205
984, 1, 108, 124, 77, 0, 4.81%, 0, 0, 2, 7158.76, 7830868, 205
989, 1, 108, 124, 77, 0, 4.81%, 0, 0, 2, 7791.50, 7871142, 205
994, 1, 108, 124, 77, 0, 4.81%, 0, 0, 2, 6899.45, 7904884, 205
1000, 1, 108, 124, 77, 0, 4.81%, 0, 0, 2, 7096.51, 7940644, 205
1005, 1, 108, 124, 77, 0, 4.81%, 0, 0, 2, 6748.36, 7974170, 205
1010, 1, 108, 124, 77, 0, 4.81%, 0, 0, 2, 6389.40, 8006436, 205
1015, 1, 108, 124, 77, 0, 4.81%, 0, 0, 2, 6025.94, 8035948, 205
1020, 1, 108, 124, 77, 0, 4.81%, 0, 0, 2, 6342.13, 8067541, 205
1025, 1, 108, 124, 77, 0, 4.81%, 0, 0, 2, 7688.76, 8107483, 205
1030, 1, 108, 124, 77, 0, 4.81%, 0, 0, 2, 7975.94, 8148873, 205
1035, 1, 108, 124, 77, 0, 4.81%, 0, 0, 2, 6869.84, 8182303, 205
1040, 1, 108, 124, 77, 0, 4.81%, 0, 0, 2, 6704.91, 8216141, 205
1045, 1, 108, 124, 77, 0, 4.81%, 0, 0, 2, 6502.98, 8247548, 205
1050, 1, 108, 124, 77, 0, 4.81%, 0, 0, 2, 8694.70, 8296132, 205
1055, 1, 108, 124, 77, 0, 4.81%, 0, 0, 2, 7920.00, 8335342, 205
1060, 1, 108, 124, 77, 0, 4.81%, 0, 0, 2, 6997.94, 8370124, 205
1065, 1, 108, 124, 77, 0, 4.81%, 0, 0, 2, 6444.53, 8401531, 205
1070, 1, 108, 124, 77, 0, 4.81%, 0, 0, 2, 6664.65, 8436120, 205
1075, 1, 108, 124, 77, 0, 4.81%, 0, 0, 2, 6276.16, 8466971, 205
1080, 1, 108, 124, 77, 0, 4.81%, 0, 0, 2, 7284.95, 8503600, 205
1085, 1, 108, 124, 77, 0, 4.81%, 0, 0, 2, 7127.79, 8538786, 205
1091, 1, 108, 124, 77, 0, 4.81%, 0, 0, 2, 6605.58, 8572339, 205
1096, 1, 108, 124, 77, 0, 4.81%, 0, 0, 2, 6205.58, 8602727, 205
1101, 1, 108, 124, 77, 0, 4.81%, 0, 0, 2, 9803.29, 8653247, 205
1106, 1, 108, 124, 77, 0, 4.81%, 0, 0, 2, 11241.41, 8705038, 205
1111, 1, 108, 124, 77, 0, 4.81%, 0, 0, 2, 11262.99, 8764765, 205
1116, 1, 108, 124, 77, 0, 4.81%, 0, 0, 2, 8626.11, 8806505, 205
1121, 1, 108, 124, 77, 0, 4.81%, 0, 0, 2, 7299.39, 8842180, 205
1126, 1, 108, 124, 77, 0, 4.81%, 0, 0, 2, 6579.59, 8873908, 205
1131, 1, 110, 124, 76, 0, 4.81%, 0, 0, 2, 8606.80, 8915214, 205
1136, 1, 110, 124, 76, 0, 4.81%, 0, 0, 2, 15384.39, 8999693, 205
1141, 1, 110, 124, 76, 0, 4.81%, 0, 0, 2, 15964.09, 9083715, 205
1146, 1, 110, 124, 76, 0, 4.81%, 0, 0, 2, 18005.04, 9174103, 205
1151, 1, 115, 124, 75, 0, 4.81%, 0, 0, 2, 9158.32, 9212960, 205
1156, 1, 115, 124, 75, 0, 4.81%, 0, 0, 2, 5575.67, 9236877, 205
1162, 1, 115, 124, 75, 0, 4.81%, 0, 0, 2, 5126.91, 9262499, 205
1167, 1, 115, 124, 75, 0, 4.81%, 0, 0, 2, 4803.18, 9286852, 205
1172, 1, 115, 124, 75, 0, 4.81%, 0, 0, 2, 4914.82, 9312023, 205
1177, 1, 115, 124, 75, 0, 4.81%, 0, 0, 2, 4975.28, 9337582, 205
1182, 1, 115, 124, 75, 0, 4.81%, 0, 0, 2, 4782.05, 9360904, 205
1187, 1, 115, 124, 75, 0, 4.81%, 0, 0, 2, 5493.21, 9388192, 205
1192, 1, 115, 124, 75, 0, 4.81%, 0, 0, 2, 5261.88, 9415116, 205
1197, 1, 115, 124, 75, 0, 4.81%, 0, 0, 2, 5313.51, 9441542, 205
1202, 1, 115, 124, 75, 0, 4.81%, 0, 0, 2, 5182.50, 9468450, 205
1207, 1, 115, 124, 75, 0, 4.81%, 0, 0, 2, 5298.68, 9495541, 205
1212, 1, 115, 124, 75, 0, 4.81%, 0, 0, 2, 4887.57, 9520202, 205
1217, 1, 115, 124, 75, 0, 4.81%, 0, 0, 2, 5086.20, 9546424, 205
1222, 1, 115, 124, 75, 0, 4.81%, 0, 0, 2, 4979.54, 9571666, 205
1227, 1, 115, 124, 75, 0, 4.81%, 0, 0, 2, 4951.64, 9596348, 205
1233, 1, 115, 124, 75, 0, 4.81%, 0, 0, 2, 4733.21, 9620200, 205
1238, 1, 115, 124, 75, 0, 4.81%, 0, 0, 2, 4791.46, 9644236, 205
1243, 1, 115, 124, 75, 0, 4.81%, 0, 0, 2, 4600.83, 9667502, 205
1248, 1, 115, 124, 75, 0, 4.81%, 0, 0, 2, 4625.09, 9690962, 205
1253, 1, 115, 124, 75, 0, 4.81%, 0, 0, 2, 4365.55, 9713107, 205
1258, 1, 115, 124, 75, 0, 4.81%, 0, 0, 2, 4440.46, 9735856, 205
1263, 1, 115, 124, 75, 0, 4.81%, 0, 0, 2, 5693.29, 9764943, 205
1268, 1, 115, 124, 75, 0, 4.81%, 0, 0, 2, 6099.51, 9796891, 205
1273, 1, 115, 124, 75, 0, 4.81%, 0, 0, 2, 5580.70, 9825253, 205
1278, 1, 115, 124, 75, 0, 4.81%, 0, 0, 2, 5572.02, 9853774, 205
1283, 1, 115, 124, 75, 0, 4.81%, 0, 0, 2, 5067.74, 9879422, 205
1288, 1, 115, 124, 75, 0, 4.81%, 0, 0, 2, 5176.59, 9905617, 205
1293, 1, 115, 124, 75, 0, 4.81%, 0, 0, 2, 4855.39, 9929561, 205
1298, 1, 115, 124, 75, 0, 4.81%, 0, 0, 2, 4801.80, 9953593, 205
1303, 1, 115, 124, 75, 0, 4.81%, 0, 0, 2, 4450.60, 9975857, 205
1308, 1, 115, 124, 75, 0, 4.81%, 0, 0, 2, 4477.71, 9998417, 205
1313, 1, 115, 124, 75, 0, 4.81%, 0, 0, 2, 5875.30, 10028579, 205
1319, 1, 115, 124, 75, 0, 4.81%, 0, 0, 2, 6558.65, 10063817, 205
1324, 1, 115, 124, 75, 0, 4.81%, 0, 0, 2, 6179.56, 10094439, 205
1329, 1, 115, 124, 75, 0, 4.81%, 0, 0, 2, 5624.24, 10122569, 205
1334, 1, 115, 124, 75, 0, 4.81%, 0, 0, 2, 5219.99, 10148785, 205
1339, 1, 115, 124, 75, 0, 4.81%, 0, 0, 2, 4897.20, 10173445, 205
1344, 1, 115, 124, 75, 0, 4.81%, 0, 0, 2, 4655.79, 10197630, 205
1349, 1, 115, 124, 75, 0, 4.81%, 0, 0, 2, 4652.20, 10220994, 205
1354, 1, 115, 124, 75, 0, 4.81%, 0, 0, 2, 4639.33, 10245101, 205
1359, 1, 115, 124, 75, 0, 4.81%, 0, 0, 2, 5280.30, 10272609, 205
1364, 1, 115, 124, 75, 0, 4.81%, 0, 0, 2, 5062.85, 10297993, 205
1369, 1, 115, 124, 75, 0, 4.81%, 0, 0, 2, 4824.02, 10322144, 205
1374, 1, 115, 124, 75, 0, 4.81%, 0, 0, 2, 4448.15, 10344137, 205
1380, 1, 115, 124, 75, 0, 4.81%, 0, 0, 2, 5569.10, 10373518, 205
1385, 1, 115, 124, 75, 0, 4.81%, 0, 0, 2, 5507.81, 10401788, 205
1390, 1, 115, 124, 75, 0, 4.81%, 0, 0, 2, 5527.24, 10429641, 205
1395, 1, 115, 124, 75, 0, 4.81%, 0, 0, 2, 5074.83, 10454808, 205
1400, 1, 115, 124, 75, 0, 4.81%, 0, 0, 2, 4948.38, 10479756, 205
1405, 1, 115, 124, 75, 0, 4.81%, 0, 0, 2, 4604.66, 10502500, 205
1410, 1, 115, 124, 75, 0, 4.81%, 0, 0, 2, 4555.32, 10525188, 205
1415, 1, 115, 124, 75, 0, 4.81%, 0, 0, 2, 5314.79, 10552151, 205
1420, 1, 115, 124, 75, 0, 4.81%, 0, 0, 2, 8789.01, 10596559, 205
1425, 1, 115, 124, 75, 0, 4.81%, 0, 0, 2, 6369.33, 10627135, 205
1430, 1, 115, 124, 75, 0, 4.81%, 0, 0, 2, 9055.54, 10674193, 205
1436, 1, 115, 124, 75, 0, 4.81%, 0, 0, 2, 9338.91, 10721793, 205
1441, 1, 115, 124, 75, 0, 4.81%, 0, 0, 2, 8237.84, 10762789, 205
1446, 1, 115, 124, 75, 0, 4.81%, 0, 0, 2, 6999.03, 10796829, 205
1451, 1, 115, 124, 75, 0, 4.81%, 0, 0, 2, 6322.53, 10828687, 205
1456, 1, 115, 124, 75, 0, 4.81%, 0, 0, 2, 5945.12, 10857996, 205
1461, 1, 115, 124, 75, 0, 4.81%, 0, 0, 2, 5567.03, 10885933, 205
1466, 1, 115, 124, 75, 0, 4.81%, 0, 0, 2, 5087.70, 10910713, 205
1471, 1, 115, 124, 75, 0, 4.81%, 0, 0, 2, 4747.79, 10934543, 205
1476, 1, 115, 124, 75, 0, 4.81%, 0, 0, 2, 4486.39, 10956925, 205
1481, 1, 118, 125, 75, 0, 4.81%, 0, 0, 2, 12579.92, 11022282, 205
1486, 1, 118, 125, 75, 0, 4.81%, 0, 0, 2, 20049.07, 11129071, 205
1491, 1, 120, 125, 74, 0, 4.81%, 0, 0, 2, 12323.58, 11191572, 205
1496, 1, 120, 125, 74, 0, 4.81%, 0, 0, 2, 8954.64, 11231435, 205
1501, 1, 120, 125, 74, 0, 4.81%, 0, 0, 2, 9351.81, 11279680, 205
1507, 1, 120, 125, 74, 0, 4.81%, 0, 0, 2, 8525.81, 11321784, 205
1512, 1, 120, 125, 74, 0, 4.81%, 0, 0, 2, 7164.63, 11356728, 205
1517, 1, 120, 125, 74, 0, 4.81%, 0, 0, 2, 9322.32, 11403299, 205
1522, 1, 120, 125, 74, 0, 4.81%, 0, 0, 2, 8605.52, 11448215, 205
1527, 1, 120, 125, 74, 0, 4.81%, 0, 0, 2, 7913.08, 11489093, 205
1532, 1, 120, 125, 74, 0, 4.81%, 0, 0, 2, 9257.82, 11534221, 205
1537, 1, 120, 125, 74, 0, 4.81%, 0, 0, 2, 9616.44, 11584491, 205
1542, 1, 120, 125, 74, 0, 4.81%, 0, 0, 2, 7413.77, 11620651, 205
1547, 1, 120, 125, 74, 0, 4.81%, 0, 0, 2, 8513.06, 11667128, 205
1552, 1, 120, 125, 74, 0, 4.81%, 0, 0, 2, 8008.67, 11710892, 205
1557, 1, 120, 125, 74, 0, 4.81%, 0, 0, 2, 9677.57, 11760084, 205
1562, 1, 120, 125, 74, 0, 4.81%, 0, 0, 2, 12243.75, 11831156, 205
1567, 1, 120, 125, 74, 0, 4.81%, 0, 0, 2, 9237.90, 11876540, 205
1573, 1, 127, 128, 76, 0, 4.81%, 0, 0, 2, 8940.77, 11919070, 205
1578, 1, 127, 128, 76, 0, 4.81%, 0, 0, 2, 11573.57, 11981357, 205
1583, 1, 127, 128, 76, 0, 4.81%, 0, 0, 2, 10482.10, 12036134, 205
1588, 1, 127, 128, 76, 0, 4.81%, 0, 0, 2, 12211.83, 12096123, 205
1593, 1, 127, 128, 76, 0, 4.81%, 0, 0, 2, 10952.96, 12152287, 205
1598, 1, 127, 128, 76, 0, 4.81%, 0, 0, 2, 12609.21, 12220945, 205
1603, 1, 127, 128, 76, 0, 4.81%, 0, 0, 2, 11667.30, 12278347, 205
1608, 1, 127, 128, 76, 0, 4.81%, 0, 0, 2, 13325.26, 12344492, 205
1613, 1, 127, 128, 76, 0, 4.81%, 0, 0, 2, 13581.87, 12415558, 205
1618, 2, 0, 128, 75, 0, 4.81%, 0, 0, 2, 17137.60, 12496247, 205
1624, 2, 19, 128, 71, 0, 4.81%, 0, 0, 2, 29402.83, 12661884, 205
1629, 2, 24, 128, 70, 0, 4.81%, 0, 0, 2, 29956.86, 12816144, 205
1634, 2, 47, 128, 68, 0, 4.81%, 0, 0, 2, 25884.44, 12945934, 205
1639, 2, 67, 128, 67, 0, 4.81%, 0, 0, 2, 28381.41, 13089673, 205
1644, 2, 71, 128, 66, 0, 4.81%, 0, 0, 2, 25049.35, 13212314, 205
1649, 2, 72, 128, 65, 0, 4.81%, 0, 0, 2, 28105.07, 13353530, 205
1654, 2, 91, 128, 64, 0, 4.81%, 0, 0, 2, 13919.14, 13411145, 205
1659, 2, 91, 128, 64, 0, 4.81%, 0, 0, 2, 9256.28, 13452488, 205
1664, 2, 91, 128, 64, 0, 4.81%, 0, 0, 2, 8947.52, 13495370, 205
1669, 2, 91, 128, 64, 0, 4.81%, 0, 0, 2, 8634.81, 13538776, 205
1674, 2, 91, 128, 64, 0, 4.81%, 0, 0, 2, 7882.53, 13576254, 205
1680, 2, 91, 128, 64, 0, 4.81%, 0, 0, 2, 7916.59, 13617380, 205
1685, 2, 91, 128, 64, 0, 4.81%, 0, 0, 2, 7325.47, 13653855, 205
1690, 2, 91, 128, 64, 0, 4.81%, 0, 0, 2, 7519.75, 13690137, 205
1695, 2, 91, 128, 64, 0, 4.81%, 0, 0, 2, 9003.39, 13737255, 205
1700, 2, 91, 128, 64, 0, 4.81%, 0, 0, 2, 8828.15, 13781550, 205
1705, 2, 91, 128, 64, 0, 4.81%, 0, 0, 2, 7469.99, 13817553, 205
1710, 2, 91, 128, 64, 0, 4.81%, 0, 0, 2, 9570.37, 13865926, 205
1715, 2, 91, 128, 64, 0, 4.81%, 0, 0, 2, 9175.29, 13912806, 205
1720, 2, 91, 128, 64, 0, 4.81%, 0, 0, 2, 8043.18, 13952487, 205
1725, 2, 91, 128, 64, 0, 4.81%, 0, 0, 2, 7982.14, 13991681, 205
1730, 2, 91, 128, 64, 0, 4.81%, 0, 0, 2, 7434.55, 14029697, 205
1735, 2, 91, 128, 64, 0, 4.81%, 0, 0, 2, 8123.81, 14069970, 205
1740, 2, 91, 128, 64, 0, 4.81%, 0, 0, 2, 7949.89, 14110281, 205
1745, 2, 91, 128, 64, 0, 4.81%, 0, 0, 2, 7929.62, 14147756, 205
1750, 2, 91, 128, 64, 0, 4.81%, 0, 0, 2, 11549.68, 14211099, 205
1755, 2, 91, 128, 64, 0, 4.81%, 0, 0, 2, 12913.15, 14280078, 205
1760, 2, 91, 128, 64, 0, 4.81%, 0, 0, 2, 10590.38, 14331963, 205
1766, 2, 91, 128, 64, 0, 4.81%, 0, 0, 2, 8679.34, 14373124, 205
1771, 2, 91, 128, 64, 0, 4.81%, 0, 0, 2, 7574.78, 14410382, 205
1776, 2, 93, 128, 63, 0, 4.81%, 0, 0, 2, 8430.00, 14454711, 205
1781, 2, 93, 128, 63, 0, 4.81%, 0, 0, 2, 8599.73, 14499426, 205
1786, 2, 93, 128, 63, 0, 4.81%, 0, 0, 2, 8934.31, 14543657, 205
1791, 2, 93, 128, 63, 0, 4.81%, 0, 0, 2, 8400.06, 14587427, 205
1796, 2, 93, 128, 63, 0, 4.81%, 0, 0, 2, 8026.96, 14627261, 205
1801, 2, 93, 128, 63, 0, 4.81%, 0, 0, 2, 7771.35, 14667026, 205
1806, 2, 93, 128, 63, 0, 4.81%, 0, 0, 2, 7609.07, 14704410, 205
1811, 2, 93, 128, 63, 0, 4.81%, 0, 0, 2, 8859.11, 14750220, 205
1816, 2, 93, 128, 63, 0, 4.81%, 0, 0, 2, 8651.54, 14793674, 205
1821, 2, 93, 128, 63, 0, 4.81%, 0, 0, 2, 7942.17, 14834422, 205
1826, 2, 93, 128, 63, 0, 4.81%, 0, 0, 2, 9259.80, 14879424, 205
1831, 2, 93, 128, 63, 0, 4.81%, 0, 0, 2, 9433.80, 14928936, 205
1836, 2, 93, 128, 63, 0, 4.81%, 0, 0, 2, 8432.22, 14969962, 205
1841, 2, 93, 128, 63, 0, 4.81%, 0, 0, 2, 8207.75, 15011753, 205
1846, 2, 93, 128, 63, 0, 4.81%, 0, 0, 2, 8687.29, 15054097, 205
1851, 2, 93, 128, 63, 0, 4.81%, 0, 0, 2, 8038.48, 15095671, 205
1856, 2, 93, 128, 63, 0, 4.81%, 0, 0, 2, 7582.09, 15132844, 205
1861, 2, 93, 128, 63, 0, 4.81%, 0, 0, 2, 9962.58, 15188072, 205
1867, 2, 93, 128, 63, 0, 4.81%, 0, 0, 2, 13399.73, 15263040, 205
1872, 2, 93, 128, 63, 0, 4.81%, 0, 0, 2, 10838.59, 15318198, 205
1877, 2, 93, 128, 63, 0, 4.81%, 0, 0, 2, 8895.68, 15360376, 205
1882, 2, 93, 128, 63, 0, 4.81%, 0, 0, 2, 8145.74, 15400166, 205
1887, 2, 95, 128, 62, 0, 4.81%, 0, 0, 2, 8289.01, 15442322, 205
1892, 2, 95, 128, 62, 0, 4.81%, 0, 0, 2, 7633.98, 15481542, 205
1897, 2, 95, 128, 62, 0, 4.81%, 0, 0, 2, 8533.47, 15525119, 205
1902, 2, 95, 128, 62, 0, 4.81%, 0, 0, 2, 8298.78, 15568489, 205
1907, 2, 95, 128, 62, 0, 4.81%, 0, 0, 2, 8298.48, 15609989, 205
1912, 2, 95, 128, 62, 0, 4.81%, 0, 0, 2, 7307.13, 15647007, 205
1917, 2, 95, 128, 62, 0, 4.81%, 0, 0, 2, 7468.88, 15685261, 205
1922, 2, 95, 128, 62, 0, 4.81%, 0, 0, 2, 8083.58, 15725899, 205
1927, 2, 95, 128, 62, 0, 4.81%, 0, 0, 2, 8876.35, 15771232, 205
1933, 2, 95, 128, 62, 0, 4.81%, 0, 0, 2, 7780.44, 15810616, 205
1938, 2, 95, 128, 62, 0, 4.81%, 0, 0, 2, 7686.49, 15850086, 205
1943, 2, 95, 128, 62, 0, 4.81%, 0, 0, 2, 8653.08, 15897419, 205
1948, 2, 95, 128, 62, 0, 4.81%, 0, 0, 2, 8340.15, 15939982, 205
1953, 2, 95, 128, 62, 0, 4.81%, 0, 0, 2, 6948.65, 15974305, 205
1958, 2, 95, 128, 62, 0, 4.81%, 0, 0, 2, 8065.32, 16016757, 205
1963, 2, 95, 128, 62, 0, 4.81%, 0, 0, 2, 7272.60, 16052881, 205
1968, 2, 95, 128, 62, 0, 4.81%, 0, 0, 2, 8188.46, 16094785, 205
1973, 2, 95, 128, 62, 0, 4.81%, 0, 0, 2, 7099.10, 16129513, 205
1978, 2, 95, 128, 62, 0, 4.81%, 0, 0, 2, 7791.73, 16168387, 205
1983, 2, 95, 128, 62, 0, 4.81%, 0, 0, 2, 11113.01, 16227439, 205
1988, 2, 95, 128, 62, 0, 4.81%, 0, 0, 2, 12712.36, 16296095, 205
1993, 2, 95, 128, 62, 0, 4.81%, 0, 0, 2, 9891.60, 16344730, 205
1999, 2, 95, 128, 62, 0, 4.81%, 0, 0, 2, 8414.96, 16386900, 205
2004, 2, 95, 128, 62, 0, 4.81%, 0, 0, 2, 7637.37, 16423513, 205
2009, 2, 96, 128, 61, 0, 4.81%, 0, 0, 2, 17304.92, 16521560, 205
2014, 2, 96, 128, 61, 0, 4.81%, 0, 0, 2, 17332.57, 16610038, 205
2019, 2, 96, 128, 61, 0, 4.81%, 0, 0, 2, 19971.57, 16713503, 205
2024, 2, 104, 128, 60, 0, 4.81%, 0, 0, 2, 9869.31, 16753085, 205
2029, 2, 104, 128, 60, 0, 4.81%, 0, 0, 2, 5613.30, 16776539, 205
2034, 2, 104, 128, 60, 0, 4.81%, 0, 0, 2, 4672.05, 16798003, 205
2039, 2, 104, 128, 60, 0, 4.81%, 0, 0, 2, 4933.49, 16823435, 205
2044, 2, 104, 128, 60, 0, 4.81%, 0, 0, 2, 4405.29, 16845127, 205
2049, 2, 104, 128, 60, 0, 4.81%, 0, 0, 2, 4882.01, 16869597, 205
2054, 2, 104, 128, 60, 0, 4.81%, 0, 0, 2, 4610.66, 16892746, 205
2060, 2, 104, 128, 60, 0, 4.81%, 0, 0, 2, 4471.49, 16915425, 205
2065, 2, 104, 128, 60, 0, 4.81%, 0, 0, 2, 4703.40, 16938779, 205
2070, 2, 104, 128, 60, 0, 4.81%, 0, 0, 2, 5276.40, 16966730, 205
2075, 2, 104, 128, 60, 0, 4.81%, 0, 0, 2, 5192.35, 16992087, 205
2080, 2, 104, 128, 60, 0, 4.81%, 0, 0, 2, 5227.18, 17018505, 205
2085, 2, 104, 128, 60, 0, 4.81%, 0, 0, 2, 4797.06, 17041845, 205
2090, 2, 104, 128, 60, 0, 4.81%, 0, 0, 2, 4718.28, 17065984, 205
2095, 2, 104, 128, 60, 0, 4.81%, 0, 0, 2, 4534.86, 17088519, 205
2100, 2, 104, 128, 60, 0, 4.81%, 0, 0, 2, 4712.36, 17112344, 205
2105, 2, 104, 128, 60, 0, 4.81%, 0, 0, 2, 4621.46, 17135310, 205
2110, 2, 104, 128, 60, 0, 4.81%, 0, 0, 2, 4563.90, 17158597, 205
2115, 2, 104, 128, 60, 0, 4.81%, 0, 0, 2, 4509.18, 17181435, 205
2120, 2, 104, 128, 60, 0, 4.81%, 0, 0, 2, 4461.02, 17203965, 205
2125, 2, 104, 128, 60, 0, 4.81%, 0, 0, 2, 4389.97, 17225877, 205
2131, 2, 104, 128, 60, 0, 4.81%, 0, 0, 2, 4386.58, 17248017, 205
2136, 2, 104, 128, 60, 0, 4.81%, 0, 0, 2, 4223.78, 17269257, 205
2141, 2, 104, 128, 60, 0, 4.81%, 0, 0, 2, 4302.32, 17291243, 205
2146, 2, 104, 128, 60, 0, 4.81%, 0, 0, 2, 4186.82, 17312789, 205
2151, 2, 104, 128, 60, 0, 4.81%, 0, 0, 2, 3995.86, 17333149, 205
2156, 2, 104, 128, 60, 0, 4.81%, 0, 0, 2, 5392.56, 17360480, 205
2161, 2, 104, 128, 60, 0, 4.81%, 0, 0, 2, 5539.71, 17389528, 205
2166, 2, 104, 128, 60, 0, 4.81%, 0, 0, 2, 5590.82, 17417892, 205
2171, 2, 104, 128, 60, 0, 4.81%, 0, 0, 2, 5312.75, 17444958, 205
2176, 2, 104, 128, 60, 0, 4.81%, 0, 0, 2, 5118.73, 17470647, 205
2181, 2, 104, 128, 60, 0, 4.81%, 0, 0, 2, 4879.71, 17495962, 205
2186, 2, 104, 128, 60, 0, 4.81%, 0, 0, 2, 4777.13, 17519768, 205
2192, 2, 104, 128, 60, 0, 4.81%, 0, 0, 2, 4572.28, 17543625, 205
2197, 2, 104, 128, 60, 0, 4.81%, 0, 0, 2, 4527.86, 17566127, 205
2202, 2, 104, 128, 60, 0, 4.81%, 0, 0, 2, 4337.54, 17587882, 205
2207, 2, 104, 128, 60, 0, 4.81%, 0, 0, 2, 4333.17, 17610328, 205
2212, 2, 104, 128, 60, 0, 4.81%, 0, 0, 2, 4188.72, 17631649, 205
2217, 2, 104, 128, 60, 0, 4.81%, 0, 0, 2, 6340.66, 17666488, 205
2222, 2, 104, 128, 60, 0, 4.81%, 0, 0, 2, 5774.35, 17696260, 205
2227, 2, 104, 128, 60, 0, 4.81%, 0, 0, 2, 5916.00, 17726587, 205
2232, 2, 104, 128, 60, 0, 4.81%, 0, 0, 2, 5146.98, 17752567, 205
2237, 2, 104, 128, 60, 0, 4.81%, 0, 0, 2, 5011.70, 17777513, 205
2242, 2, 104, 128, 60, 0, 4.81%, 0, 0, 2, 4607.42, 17800625, 205
2247, 2, 104, 128, 60, 0, 4.81%, 0, 0, 2, 4555.60, 17823582, 205
2252, 2, 104, 128, 60, 0, 4.81%, 0, 0, 2, 4256.89, 17845053, 205
2257, 2, 104, 128, 60, 0, 4.81%, 0, 0, 2, 4143.89, 17865979, 205
2263, 2, 104, 128, 60, 0, 4.81%, 0, 0, 2, 4452.82, 17889987, 205
2268, 2, 104, 128, 60, 0, 4.81%, 0, 0, 2, 4850.29, 17914233, 205
2273, 2, 104, 128, 60, 0, 4.81%, 0, 0, 2, 4683.26, 17937921, 205
2278, 2, 104, 128, 60, 0, 4.81%, 0, 0, 2, 4695.47, 17961636, 205
2283, 2, 104, 128, 60, 0, 4.81%, 0, 0, 2, 4231.49, 17982894, 205
2288, 2, 104, 128, 60, 0, 4.81%, 0, 0, 2, 4237.61, 18004077, 205
2293, 2, 104, 128, 60, 0, 4.81%, 0, 0, 2, 4713.19, 18027952, 205
2298, 2, 104, 128, 60, 0, 4.81%, 0, 0, 2, 5303.98, 18055348, 205
2303, 2, 104, 128, 60, 0, 4.81%, 0, 0, 2, 5218.11, 18081808, 205
2308, 2, 104, 128, 60, 0, 4.81%, 0, 0, 2, 5062.56, 18107713, 205
2313, 2, 104, 128, 60, 0, 4.81%, 0, 0, 2, 4656.80, 18130996, 205
2318, 2, 104, 128, 60, 0, 4.81%, 0, 0, 2, 4549.60, 18153703, 205
2323, 2, 104, 128, 60, 0, 4.81%, 0, 0, 2, 4168.73, 18174523, 205
2328, 2, 104, 128, 60, 0, 4.81%, 0, 0, 2, 4236.34, 18195859, 205
2333, 2, 104, 128, 60, 0, 4.81%, 0, 0, 2, 4000.83, 18215843, 205
2339, 2, 104, 128, 60, 0, 4.81%, 0, 0, 2, 5032.10, 18243925, 205
2344, 2, 104, 128, 60, 0, 4.81%, 0, 0, 2, 8136.58, 18287374, 205
2349, 2, 104, 128, 60, 0, 4.81%, 0, 0, 2, 5865.26, 18315552, 205
2354, 2, 104, 128, 60, 0, 4.81%, 0, 0, 2, 8305.72, 18354104, 205
2359, 2, 104, 128, 60, 0, 4.81%, 0, 0, 2, 9364.44, 18404649, 205
2364, 2, 104, 128, 60, 0, 4.81%, 0, 0, 2, 8211.63, 18445740, 205
2369, 2, 104, 128, 60, 0, 4.81%, 0, 0, 2, 7349.65, 18482388, 205
2374, 2, 104, 128, 60, 0, 4.81%, 0, 0, 2, 6855.79, 18516992, 205
2379, 2, 104, 128, 60, 0, 4.81%, 0, 0, 2, 6270.80, 18548522, 205
2384, 2, 104, 128, 60, 0, 4.81%, 0, 0, 2, 5665.74, 18576497, 205
2389, 2, 104, 128, 60, 0, 4.81%, 0, 0, 2, 5466.17, 18604968, 205
2394, 2, 104, 128, 60, 0, 4.81%, 0, 0, 2, 4846.96, 18628652, 205
2399, 2, 104, 128, 60, 0, 4.81%, 0, 0, 2, 4767.09, 18652275, 205
2405, 2, 104, 128, 60, 0, 4.81%, 0, 0, 2, 4467.27, 18674657, 205
2410, 2, 104, 128, 60, 0, 4.81%, 0, 0, 2, 4395.60, 18696948, 205
2415, 2, 104, 128, 60, 0, 4.81%, 0, 0, 2, 4210.24, 18717740, 205
2420, 2, 104, 128, 60, 0, 4.81%, 0, 0, 2, 4109.01, 18738310, 205
2425, 2, 106, 128, 59, 0, 4.81%, 0, 0, 2, 6365.19, 18770891, 205
2430, 2, 106, 128, 59, 0, 4.81%, 0, 0, 2, 5592.95, 18799062, 205
2435, 2, 106, 128, 59, 0, 4.81%, 0, 0, 2, 4796.61, 18822110, 205
2440, 2, 106, 128, 59, 0, 4.81%, 0, 0, 2, 5158.51, 18849106, 205
2445, 2, 106, 128, 59, 0, 4.81%, 0, 0, 2, 4932.95, 18873573, 205
2450, 2, 106, 128, 59, 0, 4.81%, 0, 0, 2, 5228.14, 18902028, 205
2455, 2, 106, 128, 59, 0, 4.81%, 0, 0, 2, 4859.39, 18925226, 205
2461, 2, 106, 128, 59, 0, 4.81%, 0, 0, 2, 5708.20, 18954991, 205
2466, 2, 106, 128, 59, 0, 4.81%, 0, 0, 2, 5706.92, 18983671, 205
2471, 2, 106, 128, 59, 0, 4.81%, 0, 0, 2, 5458.64, 19010841, 205
2476, 2, 106, 128, 59, 0, 4.81%, 0, 0, 2, 5412.75, 19037769, 205
2481, 2, 106, 128, 59, 0, 4.81%, 0, 0, 2, 5287.09, 19065083, 205
2486, 2, 106, 128, 59, 0, 4.81%, 0, 0, 2, 5218.85, 19090861, 205
2491, 2, 106, 128, 59, 0, 4.81%, 0, 0, 2, 4966.94, 19115968, 205
2496, 2, 106, 128, 59, 0, 4.81%, 0, 0, 2, 4970.75, 19140645, 205
2501, 2, 106, 128, 59, 0, 4.81%, 0, 0, 2, 5097.95, 19167217, 205
2506, 2, 106, 128, 59, 0, 4.81%, 0, 0, 2, 4868.93, 19191651, 205
2511, 2, 106, 128, 59, 0, 4.81%, 0, 0, 2, 4636.69, 19215083, 205
2516, 2, 106, 128, 59, 0, 4.81%, 0, 0, 2, 4621.05, 19238083, 205
2521, 2, 106, 128, 59, 0, 4.81%, 0, 0, 2, 868.78, 19259872, 205
2526, 2, 106, 128, 59, 0, 4.81%, 0, 0, 2, 2516.37, 19274551, 205
2532, 2, 106, 128, 59, 0, 4.81%, 0, 0, 2, 3809.80, 19294614, 205
2537, 2, 106, 128, 59, 0, 4.81%, 0, 0, 2, 5952.15, 19327213, 205
2542, 2, 106, 128, 59, 0, 4.81%, 0, 0, 2, 5892.98, 19357867, 205
2547, 2, 106, 128, 59, 0, 4.81%, 0, 0, 2, 5737.81, 19386734, 205
2552, 2, 106, 128, 59, 0, 4.81%, 0, 0, 2, 5267.08, 19413545, 205
2557, 2, 106, 128, 59, 0, 4.81%, 0, 0, 2, 5306.70, 19440699, 205
2562, 2, 106, 128, 59, 0, 4.81%, 0, 0, 2, 4818.76, 19464921, 205
2567, 2, 106, 128, 59, 0, 4.81%, 0, 0, 2, 4700.00, 19488613, 205
2572, 2, 106, 128, 59, 0, 4.81%, 0, 0, 2, 4300.16, 19510955, 205
2577, 2, 106, 128, 59, 0, 4.81%, 0, 0, 2, 4399.73, 19533325, 205
2583, 2, 106, 128, 59, 0, 4.81%, 0, 0, 2, 5233.97, 19559297, 205
2588, 2, 106, 128, 59, 0, 4.81%, 0, 0, 2, 5634.02, 19589384, 205
2593, 2, 106, 128, 59, 0, 4.81%, 0, 0, 2, 5755.80, 19619674, 205
2598, 2, 106, 128, 59, 0, 4.81%, 0, 0, 2, 5592.51, 19648196, 205
2603, 2, 106, 128, 59, 0, 4.81%, 0, 0, 2, 5209.60, 19674590, 205
2608, 2, 106, 128, 59, 0, 4.81%, 0, 0, 2, 5114.65, 19700708, 205
2613, 2, 106, 128, 59, 0, 4.81%, 0, 0, 2, 4616.27, 19723910, 205
2618, 2, 106, 128, 59, 0, 4.81%, 0, 0, 2, 4232.37, 19745078, 205
2623, 2, 106, 128, 59, 0, 4.81%, 0, 0, 2, 4360.20, 19766304, 205
2628, 2, 106, 128, 59, 0, 4.81%, 0, 0, 2, 5145.79, 19792080, 205
2633, 2, 106, 128, 59, 0, 4.81%, 0, 0, 2, 4990.21, 19817574, 205
2638, 2, 106, 128, 59, 0, 4.81%, 0, 0, 2, 4974.60, 19842720, 205
2643, 2, 106, 128, 59, 0, 4.81%, 0, 0, 2, 4713.73, 19866566, 205
2648, 2, 106, 128, 59, 0, 4.81%, 0, 0, 2, 5336.92, 19894207, 205
2654, 2, 106, 128, 59, 0, 4.81%, 0, 0, 2, 4951.18, 19919965, 205
2659, 2, 106, 128, 59, 0, 4.81%, 0, 0, 2, 5194.95, 19946103, 205
2664, 2, 106, 128, 59, 0, 4.81%, 0, 0, 2, 4703.92, 19968809, 205
2669, 2, 106, 128, 59, 0, 4.81%, 0, 0, 2, 4821.38, 19992932, 205
2674, 2, 106, 128, 59, 0, 4.81%, 0, 0, 2, 4651.92, 20016319, 205
2679, 2, 106, 128, 59, 0, 4.81%, 0, 0, 2, 4789.06, 20040679, 205
2684, 2, 106, 128, 59, 0, 4.81%, 0, 0, 2, 5486.27, 20067323, 205
2689, 2, 106, 128, 59, 0, 4.81%, 0, 0, 2, 8749.09, 20109755, 205
2694, 2, 106, 128, 59, 0, 4.81%, 0, 0, 2, 6077.61, 20138940, 205
2699, 2, 106, 128, 59, 0, 4.81%, 0, 0, 2, 8368.61, 20180785, 205
2704, 2, 106, 128, 59, 0, 4.81%, 0, 0, 2, 8206.65, 20222570, 205
2709, 2, 106, 128, 59, 0, 4.81%, 0, 0, 2, 8205.59, 20266187, 205
2714, 2, 106, 128, 59, 0, 4.81%, 0, 0, 2, 7587.74, 20304029, 205
2719, 2, 106, 128, 59, 0, 4.81%, 0, 0, 2, 6231.38, 20334777, 205
2724, 2, 106, 128, 59, 0, 4.81%, 0, 0, 2, 5952.07, 20363147, 205
2729, 2, 106, 128, 59, 0, 4.81%, 0, 0, 2, 5693.39, 20390567, 205
2734, 2, 106, 128, 59, 0, 4.81%, 0, 0, 2, 5105.26, 20416229, 205
2739, 2, 106, 128, 59, 0, 4.81%, 0, 0, 2, 4834.40, 20439965, 205
2744, 2, 106, 128, 59, 0, 4.81%, 0, 0, 2, 4709.65, 20463551, 205
2749, 2, 106, 128, 59, 0, 4.81%, 0, 0, 2, 4939.81, 20489111, 205
2754, 2, 106, 128, 59, 0, 4.81%, 0, 0, 2, 4606.56, 20511081, 205
2759, 2, 111, 128, 58, 0, 4.81%, 0, 0, 2, 6513.18, 20549273, 205
2764, 2, 111, 128, 58, 0, 4.81%, 0, 0, 2, 5093.98, 20573881, 205
2770, 2, 111, 128, 58, 0, 4.81%, 0, 0, 2, 4959.49, 20597724, 205
2775, 2, 111, 128, 58, 0, 4.81%, 0, 0, 2, 4958.39, 20623384, 205
2780, 2, 111, 128, 58, 0, 4.81%, 0, 0, 2, 5189.22, 20648599, 205
2785, 2, 111, 128, 58, 0, 4.81%, 0, 0, 2, 5002.61, 20673263, 205
2790, 2, 111, 128, 58, 0, 4.81%, 0, 0, 2, 4932.20, 20697267, 205
2795, 2, 111, 128, 58, 0, 4.81%, 0, 0, 2, 5363.37, 20723955, 205
2800, 2, 111, 128, 58, 0, 4.81%, 0, 0, 2, 5511.40, 20751893, 205
2805, 2, 111, 128, 58, 0, 4.81%, 0, 0, 2, 5658.43, 20781035, 205
2810, 2, 111, 128, 58, 0, 4.81%, 0, 0, 2, 5514.53, 20808855, 205
2815, 2, 111, 128, 58, 0, 4.81%, 0, 0, 2, 5105.55, 20833733, 205
2820, 2, 111, 128, 58, 0, 4.81%, 0, 0, 2, 5412.36, 20861771, 205
2825, 2, 111, 128, 58, 0, 4.81%, 0, 0, 2, 5179.20, 20887079, 205
2831, 2, 111, 128, 58, 0, 4.81%, 0, 0, 2, 5084.98, 20913392, 205
2836, 2, 111, 128, 58, 0, 4.81%, 0, 0, 2, 4945.12, 20938016, 205
2841, 2, 111, 128, 58, 0, 4.81%, 0, 0, 2, 4929.75, 20962964, 205
2846, 2, 111, 128, 58, 0, 4.81%, 0, 0, 2, 4708.14, 20986229, 205
2851, 2, 111, 128, 58, 0, 4.81%, 0, 0, 2, 4661.44, 21009950, 205
2856, 2, 111, 128, 58, 0, 4.81%, 0, 0, 2, 4540.21, 21032399, 205
2861, 2, 111, 128, 58, 0, 4.81%, 0, 0, 2, 4469.88, 21054950, 205
2866, 2, 111, 128, 58, 0, 4.81%, 0, 0, 2, 5760.16, 21084147, 205
2871, 2, 111, 128, 58, 0, 4.81%, 0, 0, 2, 6001.46, 21115781, 205
2876, 2, 111, 128, 58, 0, 4.81%, 0, 0, 2, 5943.00, 21145392, 205
2881, 2, 111, 128, 58, 0, 4.81%, 0, 0, 2, 5827.74, 21175212, 205
2886, 2, 111, 128, 58, 0, 4.81%, 0, 0, 2, 5539.24, 21202362, 205
2891, 2, 111, 128, 58, 0, 4.81%, 0, 0, 2, 5275.18, 21229062, 205
2896, 2, 111, 128, 58, 0, 4.81%, 0, 0, 2, 5042.65, 21253712, 205
2901, 2, 111, 128, 58, 0, 4.81%, 0, 0, 2, 4897.50, 21278594, 205
2906, 2, 111, 128, 58, 0, 4.81%, 0, 0, 2, 4691.98, 21301812, 205
2911, 2, 111, 128, 58, 0, 4.81%, 0, 0, 2, 5218.37, 21327257, 205
2917, 2, 111, 128, 58, 0, 4.81%, 0, 0, 2, 6438.81, 21362153, 205
2922, 2, 111, 128, 58, 0, 4.81%, 0, 0, 2, 6320.30, 21395013, 205
2927, 2, 111, 128, 58, 0, 4.81%, 0, 0, 2, 6016.45, 21425477, 205
2932, 2, 111, 128, 58, 0, 4.81%, 0, 0, 2, 5333.59, 21452028, 205
2937, 2, 111, 128, 58, 0, 4.81%, 0, 0, 2, 5021.70, 21476657, 205
2942, 2, 111, 128, 58, 0, 4.81%, 0, 0, 2, 4773.74, 21500933, 205
2947, 2, 111, 128, 58, 0, 4.81%, 0, 0, 2, 4744.68, 21524677, 205
2952, 2, 111, 128, 58, 0, 4.81%, 0, 0, 2, 4844.90, 21549786, 205
2957, 2, 111, 128, 58, 0, 4.81%, 0, 0, 2, 5464.98, 21577427, 205
2962, 2, 111, 128, 58, 0, 4.81%, 0, 0, 2, 5143.78, 21603988, 205
2967, 2, 111, 128, 58, 0, 4.81%, 0, 0, 2, 4886.59, 21628291, 205
2972, 2, 111, 128, 58, 0, 4.81%, 0, 0, 2, 4514.68, 21651108, 205
2977, 2, 111, 128, 58, 0, 4.81%, 0, 0, 2, 5660.24, 21680455, 205
2982, 2, 111, 128, 58, 0, 4.81%, 0, 0, 2, 5526.55, 21708807, 205
2988, 2, 111, 128, 58, 0, 4.81%, 0, 0, 2, 5460.24, 21736162, 205
2993, 2, 111, 128, 58, 0, 4.81%, 0, 0, 2, 4936.72, 21760661, 205
2998, 2, 111, 128, 58, 0, 4.81%, 0, 0, 2, 5042.27, 21785849, 205
3003, 2, 111, 128, 58, 0, 4.81%, 0, 0, 2, 4652.22, 21808987, 205
3008, 2, 111, 128, 58, 0, 4.81%, 0, 0, 2, 4642.18, 21832550, 205
3013, 2, 111, 128, 58, 0, 4.81%, 0, 0, 2, 5333.21, 21861714, 205
3018, 2, 111, 128, 58, 0, 4.81%, 0, 0, 2, 7910.73, 21910553, 205
3023, 2, 111, 128, 58, 0, 4.81%, 0, 0, 2, 7131.15, 21941922, 205
3028, 2, 111, 128, 58, 0, 4.81%, 0, 0, 2, 9052.05, 21992679, 205
3033, 2, 111, 128, 58, 0, 4.81%, 0, 0, 2, 7836.16, 22029345, 205
3038, 2, 111, 128, 58, 0, 4.81%, 0, 0, 2, 7669.20, 22069548, 205
3043, 2, 111, 128, 58, 0, 4.81%, 0, 0, 2, 6472.93, 22102713, 205
3048, 2, 111, 128, 58, 0, 4.81%, 0, 0, 2, 6370.27, 22135166, 205
3054, 2, 111, 128, 58, 0, 4.81%, 0, 0, 2, 5575.79, 22162986, 205
3059, 2, 111, 128, 58, 0, 4.81%, 0, 0, 2, 5523.79, 22190958, 205
3064, 2, 111, 128, 58, 0, 4.81%, 0, 0, 2, 5113.61, 22216683, 205
3069, 2, 111, 128, 58, 0, 4.81%, 0, 0, 2, 4969.24, 22241799, 205
3074, 2, 111, 128, 58, 0, 4.81%, 0, 0, 2, 4400.45, 22263865, 205
3079, 2, 111, 128, 58, 0, 4.81%, 0, 0, 2, 4381.79, 22285335, 205
3084, 2, 111, 128, 58, 0, 4.81%, 0, 0, 2, 6224.00, 22316486, 205
3089, 2, 113, 128, 57, 0, 4.81%, 0, 0, 2, 5361.07, 22343269, 205
3094, 2, 113, 128, 57, 0, 4.81%, 0, 0, 2, 4504.18, 22364599, 205
3099, 2, 113, 128, 57, 0, 4.81%, 0, 0, 2, 4853.76, 22389920, 205
3104, 2, 113, 128, 57, 0, 4.81%, 0, 0, 2, 4701.02, 22413493, 205
3109, 2, 113, 128, 57, 0, 4.81%, 0, 0, 2, 4867.53, 22437202, 205
3114, 2, 113, 128, 57, 0, 4.81%, 0, 0, 2, 4804.38, 22461384, 205
3120, 2, 113, 128, 57, 0, 4.81%, 0, 0, 2, 4765.60, 22485123, 205
3125, 2, 113, 128, 57, 0, 4.81%, 0, 0, 2, 4762.95, 22509015, 205
3130, 2, 113, 128, 57, 0, 4.81%, 0, 0, 2, 4808.06, 22534097, 205
3135, 2, 113, 128, 57, 0, 4.81%, 0, 0, 2, 5023.93, 22558498, 205
3140, 2, 113, 128, 57, 0, 4.81%, 0, 0, 2, 5425.09, 22586477, 205
3145, 2, 113, 128, 57, 0, 4.81%, 0, 0, 2, 5111.16, 22612230, 205
3150, 2, 113, 128, 57, 0, 4.81%, 0, 0, 2, 5183.63, 22639242, 205
3155, 2, 113, 128, 57, 0, 4.81%, 0, 0, 2, 4946.33, 22663712, 205
3160, 2, 113, 128, 57, 0, 4.81%, 0, 0, 2, 4905.27, 22688339, 205
3165, 2, 113, 128, 57, 0, 4.81%, 0, 0, 2, 4563.47, 22710110, 205
3170, 2, 113, 128, 57, 0, 4.81%, 0, 0, 2, 4284.37, 22731610, 205
3175, 2, 113, 128, 57, 0, 4.81%, 0, 0, 2, 4374.03, 22753256, 205
3181, 2, 113, 128, 57, 0, 4.81%, 0, 0, 2, 4144.14, 22774436, 205
3186, 2, 113, 128, 57, 0, 4.81%, 0, 0, 2, 3974.71, 22794330, 205
3191, 2, 113, 128, 57, 0, 4.81%, 0, 0, 2, 4366.51, 22816505, 205
3196, 2, 113, 128, 57, 0, 4.81%, 0, 0, 2, 4285.30, 22838250, 205
3201, 2, 113, 128, 57, 0, 4.81%, 0, 0, 2, 4300.92, 22859836, 205
3206, 2, 113, 128, 57, 0, 4.81%, 0, 0, 2, 4234.39, 22880543, 205
3211, 2, 113, 128, 57, 0, 4.81%, 0, 0, 2, 5770.13, 22912387, 205
3216, 2, 113, 128, 57, 0, 4.81%, 0, 0, 2, 5834.97, 22942830, 205
3221, 2, 113, 128, 57, 0, 4.81%, 0, 0, 2, 5748.58, 22972178, 205
3226, 2, 113, 128, 57, 0, 4.81%, 0, 0, 2, 5324.85, 22999114, 205
3231, 2, 113, 128, 57, 0, 4.81%, 0, 0, 2, 4693.21, 23021788, 205
3236, 2, 113, 128, 57, 0, 4.81%, 0, 0, 2, 4630.05, 23045262, 205
3241, 2, 113, 128, 57, 0, 4.81%, 0, 0, 2, 4761.62, 23069210, 205
3247, 2, 113, 128, 57, 0, 4.81%, 0, 0, 2, 4370.63, 23091223, 205
3252, 2, 113, 128, 57, 0, 4.81%, 0, 0, 2, 4427.88, 23114006, 205
3257, 2, 113, 128, 57, 0, 4.81%, 0, 0, 2, 4365.28, 23136028, 205
3262, 2, 113, 128, 57, 0, 4.81%, 0, 0, 2, 4662.31, 23158787, 205
3267, 2, 113, 128, 57, 0, 4.81%, 0, 0, 2, 6420.73, 23194761, 205
3272, 2, 113, 128, 57, 0, 4.81%, 0, 0, 2, 6215.31, 23226813, 205
3277, 2, 113, 128, 57, 0, 4.81%, 0, 0, 2, 5448.22, 23253825, 205
3282, 2, 113, 128, 57, 0, 4.81%, 0, 0, 2, 5401.19, 23281385, 205
3287, 2, 113, 128, 57, 0, 4.81%, 0, 0, 2, 5196.77, 23307338, 205
3292, 2, 113, 128, 57, 0, 4.81%, 0, 0, 2, 4667.97, 23330849, 205
3297, 2, 113, 128, 57, 0, 4.81%, 0, 0, 2, 4625.07, 23353929, 205
3302, 2, 113, 128, 57, 0, 4.81%, 0, 0, 2, 4288.08, 23375463, 205
3307, 2, 113, 128, 57, 0, 4.81%, 0, 0, 2, 4593.47, 23400037, 205
3312, 2, 113, 128, 57, 0, 4.81%, 0, 0, 2, 4758.45, 23424455, 205
3317, 2, 113, 128, 57, 0, 4.81%, 0, 0, 2, 5044.01, 23450163, 205
3323, 2, 113, 128, 57, 0, 4.81%, 0, 0, 2, 4232.71, 23471106, 205
3328, 2, 113, 128, 57, 0, 4.81%, 0, 0, 2, 4374.22, 23494020, 205
3333, 2, 113, 128, 57, 0, 4.81%, 0, 0, 2, 4408.71, 23516547, 205
3338, 2, 113, 128, 57, 0, 4.81%, 0, 0, 2, 5526.20, 23546291, 205
3343, 2, 113, 128, 57, 0, 4.81%, 0, 0, 2, 5031.50, 23572027, 205
3348, 2, 113, 128, 57, 0, 4.81%, 0, 0, 2, 5240.24, 23598579, 205
3353, 2, 113, 128, 57, 0, 4.81%, 0, 0, 2, 4707.25, 23622315, 205
3358, 2, 113, 128, 57, 0, 4.81%, 0, 0, 2, 4460.10, 23644412, 205
3363, 2, 113, 128, 57, 0, 4.81%, 0, 0, 2, 4205.58, 23664921, 205
3368, 2, 113, 128, 57, 0, 4.81%, 0, 0, 2, 4366.56, 23687679, 205
3373, 2, 113, 128, 57, 0, 4.81%, 0, 0, 2, 4751.53, 23711599, 205
3379, 2, 113, 128, 57, 0, 4.81%, 0, 0, 2, 8335.46, 23751172, 205
3384, 2, 113, 128, 57, 0, 4.81%, 0, 0, 2, 6624.58, 23785756, 205
3389, 2, 113, 128, 57, 0, 4.81%, 0, 0, 2, 8746.88, 23825844, 205
3394, 2, 113, 128, 57, 0, 4.81%, 0, 0, 2, 9287.28, 23875298, 205
3399, 2, 113, 128, 57, 0, 4.81%, 0, 0, 2, 9145.30, 23921960, 205
3404, 2, 113, 128, 57, 0, 4.81%, 0, 0, 2, 7548.63, 23959228, 205
3409, 2, 113, 128, 57, 0, 4.81%, 0, 0, 2, 6510.88, 23991874, 205
3414, 2, 113, 128, 57, 0, 4.81%, 0, 0, 2, 5508.89, 24017763, 205
3419, 2, 113, 128, 57, 0, 4.81%, 0, 0, 2, 5485.80, 24045954, 205
3424, 2, 113, 128, 57, 0, 4.81%, 0, 0, 2, 5115.27, 24070961, 205
3429, 2, 113, 128, 57, 0, 4.81%, 0, 0, 2, 4895.30, 24095675, 205
3434, 2, 113, 128, 57, 0, 4.81%, 0, 0, 2, 4590.29, 24118816, 205
3439, 2, 113, 128, 57, 0, 4.81%, 0, 0, 2, 4306.67, 24140094, 205
3444, 2, 113, 128, 57, 0, 4.81%, 0, 0, 2, 4226.13, 24161276, 205
3449, 2, 113, 128, 57, 0, 4.81%, 0, 0, 2, 4297.49, 24182849, 205
3454, 2, 113, 128, 57, 0, 4.81%, 0, 0, 2, 6525.86, 24214563, 205
3460, 2, 122, 128, 56, 0, 4.81%, 0, 0, 2, 15376.38, 24294930, 205
3465, 2, 122, 128, 56, 0, 4.81%, 0, 0, 2, 17906.56, 24387040, 205
3470, 3, 0, 128, 55, 0, 4.81%, 0, 0, 2, 17607.93, 24484714, 205
3475, 3, 20, 128, 55, 0, 4.81%, 0, 0, 2, 20535.70, 24578398, 205
3480, 3, 46, 128, 53, 0, 4.81%, 0, 0, 2, 24252.65, 24703582, 205
3485, 3, 52, 128, 52, 0, 4.81%, 0, 0, 2, 20783.56, 24802094, 205
3490, 3, 75, 128, 51, 0, 4.81%, 0, 0, 2, 19885.17, 24903442, 205
3495, 3, 77, 128, 50, 0, 4.81%, 0, 0, 2, 21234.36, 25008915, 205
3500, 3, 77, 128, 50, 0, 4.81%, 0, 0, 2, 21456.43, 25123645, 205
3506, 3, 84, 128, 49, 0, 4.81%, 0, 0, 2, 19027.49, 25218113, 205
3511, 3, 85, 128, 48, 0, 4.81%, 0, 0, 2, 14181.93, 25292967, 205
3516, 3, 85, 128, 48, 0, 4.81%, 0, 0, 2, 11493.83, 25344074, 205
3521, 3, 85, 128, 48, 0, 4.81%, 0, 0, 2, 10617.30, 25397346, 205
3526, 3, 85, 128, 48, 0, 4.81%, 0, 0, 2, 9836.09, 25444864, 205
3531, 3, 85, 128, 48, 0, 4.81%, 0, 0, 2, 9906.53, 25497670, 205
3536, 3, 85, 128, 48, 0, 4.81%, 0, 0, 2, 9823.86, 25546249, 205
3541, 3, 85, 128, 48, 0, 4.81%, 0, 0, 2, 10228.14, 25600036, 205
3546, 3, 85, 128, 48, 0, 4.81%, 0, 0, 2, 9441.89, 25644379, 205
3551, 3, 85, 128, 48, 0, 4.81%, 0, 0, 2, 10278.77, 25697368, 205
3556, 3, 85, 128, 48, 0, 4.81%, 0, 0, 2, 10123.52, 25749516, 205
3561, 3, 85, 128, 48, 0, 4.81%, 0, 0, 2, 13236.73, 25821669, 205
3566, 3, 85, 128, 48, 0, 4.81%, 0, 0, 2, 12183.77, 25884442, 205
3572, 3, 85, 128, 48, 0, 4.81%, 0, 0, 2, 9841.78, 25933229, 205
3577, 3, 86, 128, 47, 0, 4.81%, 0, 0, 2, 14154.68, 26008262, 205
3582, 3, 86, 128, 47, 0, 4.81%, 0, 0, 2, 16697.40, 26086820, 205
3587, 3, 86, 128, 47, 0, 4.81%, 0, 0, 2, 18599.83, 26179123, 205
3592, 3, 90, 128, 46, 0, 4.81%, 0, 0, 2, 13176.61, 26249598, 205
3597, 3, 90, 128, 46, 0, 4.81%, 0, 0, 2, 9032.17, 26288839, 205
3600, 3, 91, 128, 46, 0, 4.81%, 0, 0, 2, 8627.63, 26307822, 205
