# relative_time, cycles_done, cur_item, corpus_count, pending_total, pending_favs, map_size, saved_crashes, saved_hangs, max_depth, execs_per_sec, total_execs, edges_found
61, 2, 9, 141, 107, 0, 5.66%, 0, 0, 3, 19951.44, 1233924, 245
66, 2, 9, 142, 106, 0, 5.66%, 0, 0, 3, 18814.84, 1339723, 245
71, 2, 50, 144, 106, 0, 5.66%, 0, 0, 4, 20054.98, 1449779, 245
76, 3, 8, 145, 106, 0, 5.66%, 0, 0, 4, 22302.64, 1561559, 245
81, 3, 9, 145, 106, 0, 5.66%, 0, 0, 4, 19859.79, 1656315, 245
87, 3, 9, 145, 106, 0, 5.66%, 0, 0, 4, 21164.98, 1767250, 245
92, 4, 9, 145, 105, 0, 5.66%, 0, 0, 4, 19663.15, 1866843, 245
97, 4, 50, 145, 101, 0, 5.66%, 0, 0, 4, 20337.89, 1970699, 245
102, 4, 50, 145, 100, 0, 5.66%, 0, 0, 4, 20541.07, 2072209, 245
107, 5, 4, 145, 97, 0, 5.66%, 0, 0, 4, 22007.34, 2183369, 245
112, 5, 4, 145, 94, 0, 5.66%, 0, 0, 4, 19344.35, 2273968, 245
117, 5, 98, 145, 93, 0, 5.66%, 0, 0, 4, 20273.07, 2377766, 245
122, 5, 15, 145, 92, 0, 5.66%, 0, 0, 4, 17926.93, 2457349, 245
127, 6, 142, 146, 93, 0, 5.66%, 0, 0, 5, 19472.48, 2567805, 245
132, 6, 139, 147, 93, 0, 5.66%, 0, 0, 5, 14436.93, 2632549, 245
138, 6, 9, 147, 91, 0, 5.66%, 0, 0, 5, 19631.99, 2744688, 245
143, 6, 53, 147, 91, 0, 5.66%, 0, 0, 5, 19796.43, 2842837, 245
148, 6, 145, 147, 91, 0, 5.66%, 0, 0, 5, 21584.20, 2953175, 245
153, 7, 5, 148, 90, 0, 5.66%, 0, 0, 6, 20176.79, 3037650, 245
158, 7, 50, 148, 89, 0, 5.66%, 0, 0, 6, 19922.00, 3140380, 245
163, 7, 50, 148, 88, 0, 5.66%, 0, 0, 6, 20075.99, 3241150, 245
168, 7, 8, 148, 87, 0, 5.66%, 0, 0, 6, 22436.00, 3357629, 245
174, 8, 50, 148, 87, 0, 5.66%, 0, 0, 6, 22486.07, 3462331, 245
179, 8, 15, 148, 87, 0, 5.66%, 0, 0, 6, 22066.25, 3576380, 245
184, 8, 9, 148, 85, 0, 5.66%, 0, 0, 6, 22313.37, 3686503, 245
189, 9, 4, 149, 86, 0, 5.66%, 0, 0, 6, 20388.98, 3797856, 245
194, 9, 9, 149, 86, 0, 5.66%, 0, 0, 6, 19024.52, 3893349, 245
199, 9, 5, 149, 85, 0, 5.66%, 0, 0, 6, 19686.62, 4001843, 245
205, 9, 5, 149, 85, 0, 5.66%, 0, 0, 6, 20633.59, 4103380, 245
210, 10, 30, 149, 85, 0, 5.66%, 0, 0, 6, 19383.71, 4210873, 245
215, 10, 5, 149, 82, 0, 5.66%, 0, 0, 6, 21496.17, 4324368, 245
220, 10, 53, 149, 80, 0, 5.66%, 0, 0, 6, 19472.67, 4420812, 245
225, 11, 8, 149, 79, 0, 5.66%, 0, 0, 6, 23400.92, 4542536, 245
230, 11, 35, 149, 78, 0, 5.66%, 0, 0, 6, 21461.22, 4653364, 245
235, 11, 114, 149, 76, 0, 5.66%, 0, 0, 6, 22310.99, 4769584, 245
240, 11, 31, 149, 75, 0, 5.66%, 0, 0, 6, 16801.88, 4854229, 245
246, 12, 8, 149, 75, 0, 5.66%, 0, 0, 6, 20925.98, 4967695, 245
251, 12, 9, 149, 75, 0, 5.66%, 0, 0, 6, 21712.19, 5084625, 245
256, 12, 4, 149, 75, 0, 5.66%, 0, 0, 6, 20502.97, 5187644, 245
261, 13, 79, 149, 75, 0, 5.66%, 0, 0, 6, 20909.65, 5294563, 245
266, 13, 111, 149, 73, 0, 5.66%, 0, 0, 6, 22156.08, 5407775, 245
271, 13, 5, 149, 73, 0, 5.66%, 0, 0, 6, 21466.83, 5515107, 245
276, 14, 9, 149, 73, 0, 5.66%, 0, 0, 6, 24714.97, 5644133, 245
281, 14, 53, 149, 73, 0, 5.66%, 0, 0, 6, 21200.63, 5749528, 245
286, 14, 9, 149, 71, 0, 5.66%, 0, 0, 6, 22451.92, 5865809, 245
291, 14, 31, 149, 71, 0, 5.66%, 0, 0, 6, 20567.88, 5964927, 245
297, 15, 9, 168, 90, 0, 5.66%, 0, 0, 6, 25209.61, 6093234, 245
302, 15, 50, 168, 90, 0, 5.66%, 0, 0, 6, 19679.05, 6186094, 245
307, 15, 8, 168, 89, 0, 5.66%, 0, 0, 6, 22784.06, 6304305, 245
312, 15, 50, 168, 89, 0, 5.66%, 0, 0, 6, 21431.12, 6411254, 245
317, 16, 153, 168, 88, 0, 5.66%, 0, 0, 6, 18176.43, 6501144, 245
322, 16, 58, 168, 86, 0, 5.66%, 0, 0, 6, 20218.84, 6604206, 245
327, 16, 8, 168, 86, 0, 5.66%, 0, 0, 6, 25121.97, 6732607, 245
332, 16, 5, 168, 85, 0, 5.66%, 0, 0, 6, 20909.26, 6831814, 245
338, 17, 50, 168, 85, 0, 5.66%, 0, 0, 6, 24251.92, 6962782, 245
343, 17, 9, 168, 84, 0, 5.66%, 0, 0, 6, 20402.20, 7059151, 245
348, 17, 9, 168, 83, 0, 5.66%, 0, 0, 6, 23004.14, 7182461, 245
353, 17, 31, 168, 83, 0, 5.66%, 0, 0, 6, 24142.07, 7297750, 245
358, 18, 5, 168, 83, 0, 5.66%, 0, 0, 6, 22768.38, 7419569, 245
363, 18, 50, 168, 82, 0, 5.66%, 0, 0, 6, 21335.26, 7524837, 245
368, 18, 5, 168, 81, 0, 5.66%, 0, 0, 6, 22963.43, 7650219, 245
374, 18, 5, 168, 80, 0, 5.66%, 0, 0, 6, 21056.92, 7754351, 245
379, 19, 50, 168, 80, 0, 5.66%, 0, 0, 6, 20477.72, 7858104, 245
384, 19, 9, 168, 79, 0, 5.66%, 0, 0, 6, 22457.92, 7973488, 245
389, 19, 9, 168, 79, 0, 5.66%, 0, 0, 6, 23432.25, 8102378, 245
394, 19, 83, 168, 78, 0, 5.66%, 0, 0, 6, 21269.53, 8203207, 245
399, 20, 9, 169, 78, 0, 5.66%, 0, 0, 6, 21494.01, 8314963, 245
404, 20, 50, 169, 78, 0, 5.66%, 0, 0, 6, 22784.14, 8433521, 245
409, 20, 5, 169, 78, 0, 5.66%, 0, 0, 6, 21367.76, 8547409, 245
414, 20, 9, 169, 77, 0, 5.66%, 0, 0, 6, 21842.13, 8648355, 245
420, 21, 8, 169, 75, 0, 5.66%, 0, 0, 6, 20786.47, 8760013, 245
425, 21, 9, 169, 75, 0, 5.66%, 0, 0, 6, 24479.15, 8884991, 245
430, 21, 9, 169, 73, 0, 5.66%, 0, 0, 6, 22049.36, 9000122, 245
435, 21, 8, 169, 73, 0, 5.66%, 0, 0, 6, 21776.13, 9109346, 245
440, 22, 9, 169, 73, 0, 5.66%, 0, 0, 6, 20036.18, 9213749, 245
445, 22, 5, 169, 73, 0, 5.66%, 0, 0, 6, 24132.81, 9339519, 245
450, 22, 9, 169, 73, 0, 5.66%, 0, 0, 6, 22095.87, 9456335, 245
456, 22, 8, 169, 73, 0, 5.66%, 0, 0, 6, 24356.64, 9580002, 245
461, 23, 30, 169, 73, 0, 5.66%, 0, 0, 6, 22160.08, 9689971, 245
466, 23, 5, 169, 72, 0, 5.66%, 0, 0, 6, 22304.42, 9805764, 245
471, 23, 5, 169, 71, 0, 5.66%, 0, 0, 6, 21486.90, 9922104, 245
476, 23, 167, 169, 69, 0, 5.66%, 0, 0, 6, 22201.70, 10037574, 245
481, 24, 8, 169, 68, 0, 5.66%, 0, 0, 6, 19329.10, 10131323, 245
486, 24, 9, 169, 67, 0, 5.66%, 0, 0, 6, 23949.95, 10261410, 245
491, 24, 50, 169, 67, 0, 5.66%, 0, 0, 6, 21853.00, 10371888, 245
497, 24, 111, 169, 67, 0, 5.66%, 0, 0, 6, 19802.50, 10469739, 245
502, 25, 11, 169, 67, 0, 5.66%, 0, 0, 6, 22559.96, 10583227, 245
507, 25, 5, 169, 66, 0, 5.66%, 0, 0, 6, 24115.72, 10710998, 245
512, 25, 9, 169, 66, 0, 5.66%, 0, 0, 6, 23103.61, 10817571, 245
517, 25, 51, 169, 64, 0, 5.66%, 0, 0, 6, 23529.63, 10942823, 245
522, 26, 8, 169, 63, 0, 5.66%, 0, 0, 6, 20469.10, 11040200, 245
527, 26, 5, 169, 61, 0, 5.66%, 0, 0, 6, 23028.08, 11163244, 245
533, 26, 9, 169, 61, 0, 5.66%, 0, 0, 6, 22170.35, 11271855, 245
538, 26, 148, 169, 61, 0, 5.66%, 0, 0, 6, 20659.12, 11387510, 245
543, 27, 50, 169, 59, 0, 5.66%, 0, 0, 6, 23149.46, 11491749, 245
548, 27, 9, 169, 59, 0, 5.66%, 0, 0, 6, 22188.28, 11609473, 245
553, 27, 9, 169, 57, 0, 5.66%, 0, 0, 6, 20986.66, 11714451, 245
558, 27, 5, 169, 57, 0, 5.66%, 0, 0, 6, 20310.22, 11820365, 245
564, 27, 15, 169, 57, 0, 5.66%, 0, 0, 6, 21715.56, 11929445, 245
569, 28, 9, 169, 57, 0, 5.66%, 0, 0, 6, 20996.03, 12040064, 245
574, 28, 9, 169, 56, 0, 5.66%, 0, 0, 6, 22163.50, 12151313, 245
579, 28, 8, 169, 55, 0, 5.66%, 0, 0, 6, 20433.38, 12259309, 245
584, 28, 9, 169, 55, 0, 5.66%, 0, 0, 6, 22142.61, 12372280, 245
589, 29, 9, 169, 55, 0, 5.66%, 0, 0, 6, 20208.75, 12478770, 245
595, 29, 8, 169, 55, 0, 5.66%, 0, 0, 6, 21954.83, 12593710, 245
600, 29, 5, 169, 54, 0, 5.66%, 0, 0, 6, 18683.08, 12691520, 245
605, 29, 9, 169, 54, 0, 5.66%, 0, 0, 6, 23290.86, 12808619, 245
610, 30, 9, 169, 54, 0, 5.66%, 0, 0, 6, 19679.49, 12911910, 245
615, 30, 30, 169, 54, 0, 5.66%, 0, 0, 6, 19388.46, 13012519, 245
620, 30, 5, 169, 54, 0, 5.66%, 0, 0, 6, 19751.53, 13120368, 245
626, 30, 74, 169, 54, 0, 5.66%, 0, 0, 6, 20301.28, 13226865, 245
631, 30, 5, 169, 52, 0, 5.66%, 0, 0, 6, 17976.13, 13316760, 245
636, 31, 9, 169, 52, 0, 5.66%, 0, 0, 6, 20715.92, 13424492, 245
641, 31, 114, 169, 52, 0, 5.66%, 0, 0, 6, 20460.36, 13533966, 245
646, 31, 9, 169, 52, 0, 5.66%, 0, 0, 6, 22216.99, 13649876, 245
651, 31, 9, 169, 52, 0, 5.66%, 0, 0, 6, 19695.06, 13750240, 245
656, 32, 9, 169, 52, 0, 5.66%, 0, 0, 6, 23476.29, 13870732, 245
661, 32, 5, 169, 51, 0, 5.66%, 0, 0, 6, 20790.95, 13973225, 245
666, 32, 9, 169, 51, 0, 5.66%, 0, 0, 6, 23020.11, 14092965, 245
671, 32, 51, 169, 51, 0, 5.66%, 0, 0, 6, 19584.07, 14186597, 245
677, 33, 30, 169, 51, 0, 5.66%, 0, 0, 6, 18358.60, 14277923, 245
682, 33, 4, 169, 50, 0, 5.66%, 0, 0, 6, 18585.68, 14376188, 245
687, 33, 8, 169, 50, 0, 5.66%, 0, 0, 6, 21060.62, 14486544, 245
692, 33, 5, 169, 50, 0, 5.66%, 0, 0, 6, 18994.33, 14580945, 245
697, 33, 114, 169, 48, 0, 5.66%, 0, 0, 6, 22213.44, 14697524, 245
702, 34, 9, 169, 48, 0, 5.66%, 0, 0, 6, 20753.57, 14794415, 245
707, 34, 4, 169, 47, 0, 5.66%, 0, 0, 6, 19356.31, 14893358, 245
713, 34, 4, 169, 47, 0, 5.66%, 0, 0, 6, 20064.82, 14994161, 245
718, 34, 8, 169, 47, 0, 5.66%, 0, 0, 6, 25318.24, 15128811, 245
723, 35, 5, 169, 46, 0, 5.66%, 0, 0, 6, 21516.69, 15230069, 245
728, 35, 5, 169, 46, 0, 5.66%, 0, 0, 6, 22671.91, 15350012, 245
733, 35, 8, 169, 46, 0, 5.66%, 0, 0, 6, 18938.82, 15444421, 245
738, 35, 97, 173, 50, 0, 5.66%, 0, 0, 6, 18199.92, 15536317, 245
744, 35, 5, 173, 49, 0, 5.66%, 0, 0, 6, 19908.53, 15629958, 245
749, 36, 9, 173, 49, 0, 5.66%, 0, 0, 6, 20277.39, 15739347, 245
754, 36, 50, 173, 49, 0, 5.66%, 0, 0, 6, 21020.25, 15845133, 245
759, 36, 9, 173, 49, 0, 5.66%, 0, 0, 6, 19282.78, 15946026, 245
764, 36, 51, 173, 49, 0, 5.66%, 0, 0, 6, 20193.22, 16051321, 245
769, 37, 31, 173, 49, 0, 5.66%, 0, 0, 6, 20212.34, 16162659, 245
775, 37, 5, 173, 49, 0, 5.66%, 0, 0, 6, 23336.39, 16281177, 245
780, 37, 79, 173, 49, 0, 5.66%, 0, 0, 6, 21463.55, 16395782, 245
785, 37, 31, 173, 49, 0, 5.66%, 0, 0, 6, 25056.80, 16522499, 245
790, 38, 67, 173, 49, 0, 5.66%, 0, 0, 6, 20427.53, 16627607, 245
795, 38, 5, 173, 49, 0, 5.66%, 0, 0, 6, 18550.88, 16721348, 245
800, 38, 9, 173, 49, 0, 5.66%, 0, 0, 6, 18410.41, 16817475, 245
806, 38, 9, 173, 48, 0, 5.66%, 0, 0, 6, 20006.60, 16919416, 245
811, 38, 9, 173, 46, 0, 5.66%, 0, 0, 6, 18388.78, 17011619, 245
816, 38, 8, 173, 46, 0, 5.66%, 0, 0, 6, 20819.94, 17122759, 245
821, 39, 8, 173, 46, 0, 5.66%, 0, 0, 6, 18828.77, 17218900, 245
826, 39, 9, 173, 46, 0, 5.66%, 0, 0, 6, 21749.03, 17338878, 245
831, 39, 9, 173, 46, 0, 5.66%, 0, 0, 6, 20898.89, 17451604, 245
836, 39, 9, 173, 46, 0, 5.66%, 0, 0, 6, 21663.51, 17563301, 245
841, 40, 8, 173, 46, 0, 5.66%, 0, 0, 6, 19554.57, 17660575, 245
847, 40, 9, 173, 46, 0, 5.66%, 0, 0, 6, 22129.62, 17781919, 245
852, 40, 9, 173, 46, 0, 5.66%, 0, 0, 6, 19812.36, 17880008, 245
857, 40, 31, 173, 46, 0, 5.66%, 0, 0, 6, 21447.44, 17985067, 245
862, 40, 50, 173, 46, 0, 5.66%, 0, 0, 6, 20410.61, 18084502, 245
867, 41, 8, 173, 46, 0, 5.66%, 0, 0, 6, 23097.97, 18208175, 245
872, 41, 9, 173, 45, 0, 5.66%, 0, 0, 6, 19736.95, 18303354, 245
877, 41, 9, 173, 45, 0, 5.66%, 0, 0, 6, 25795.35, 18442518, 245
882, 41, 9, 173, 45, 0, 5.66%, 0, 0, 6, 20862.54, 18538345, 245
888, 42, 5, 173, 45, 0, 5.66%, 0, 0, 6, 20733.42, 18643266, 245
893, 42, 8, 173, 45, 0, 5.66%, 0, 0, 6, 21410.29, 18758263, 245
898, 42, 9, 173, 45, 0, 5.66%, 0, 0, 6, 23572.62, 18881689, 245
903, 42, 8, 173, 45, 0, 5.66%, 0, 0, 6, 21714.01, 18985973, 245
908, 42, 9, 173, 45, 0, 5.66%, 0, 0, 6, 19798.02, 19092558, 245
913, 43, 8, 173, 45, 0, 5.66%, 0, 0, 6, 19259.30, 19191205, 245
919, 43, 5, 173, 44, 0, 5.66%, 0, 0, 6, 22476.57, 19304751, 245
924, 43, 9, 173, 44, 0, 5.66%, 0, 0, 6, 23418.85, 19424324, 245
929, 43, 5, 173, 44, 0, 5.66%, 0, 0, 6, 21661.73, 19538181, 245
934, 44, 9, 173, 44, 0, 5.66%, 0, 0, 6, 20533.68, 19637343, 245
939, 44, 9, 173, 43, 0, 5.66%, 0, 0, 6, 18786.89, 19734862, 245
944, 44, 5, 173, 43, 0, 5.66%, 0, 0, 6, 20794.53, 19843604, 245
949, 44, 5, 173, 43, 0, 5.66%, 0, 0, 6, 20810.39, 19949036, 245
955, 44, 8, 173, 43, 0, 5.66%, 0, 0, 6, 21235.44, 20053244, 245
960, 45, 8, 173, 43, 0, 5.66%, 0, 0, 6, 19854.18, 20155115, 245
965, 45, 51, 173, 43, 0, 5.66%, 0, 0, 6, 24088.92, 20276442, 245
970, 45, 5, 173, 43, 0, 5.66%, 0, 0, 6, 19113.98, 20372559, 245
975, 45, 5, 173, 43, 0, 5.66%, 0, 0, 6, 20517.00, 20480640, 245
980, 45, 8, 173, 43, 0, 5.66%, 0, 0, 6, 19052.67, 20580395, 245
985, 46, 32, 173, 42, 0, 5.66%, 0, 0, 6, 20985.87, 20689838, 245
991, 46, 171, 173, 42, 0, 5.66%, 0, 0, 6, 6980.21, 20761163, 245
996, 46, 39, 173, 41, 0, 5.66%, 0, 0, 6, 20059.33, 20870319, 245
1001, 46, 5, 173, 40, 0, 5.66%, 0, 0, 6, 17231.38, 20954772, 245
1006, 46, 5, 173, 40, 0, 5.66%, 0, 0, 6, 20363.32, 21069465, 245
1011, 47, 5, 173, 40, 0, 5.66%, 0, 0, 6, 21020.27, 21185705, 245
1016, 47, 9, 173, 40, 0, 5.66%, 0, 0, 6, 21979.34, 21295606, 245
1021, 47, 9, 173, 40, 0, 5.66%, 0, 0, 6, 19514.73, 21395816, 245
1026, 47, 30, 173, 40, 0, 5.66%, 0, 0, 6, 21518.34, 21513404, 245
1032, 47, 9, 173, 40, 0, 5.66%, 0, 0, 6, 19543.17, 21609288, 245
1037, 48, 5, 173, 39, 0, 5.66%, 0, 0, 6, 19787.26, 21711473, 245
1042, 48, 9, 173, 39, 0, 5.66%, 0, 0, 6, 19242.87, 21808592, 245
1047, 48, 8, 173, 38, 0, 5.66%, 0, 0, 6, 21400.76, 21921316, 245
1052, 48, 5, 173, 38, 0, 5.66%, 0, 0, 6, 20779.17, 22027533, 245
1057, 49, 4, 173, 38, 0, 5.66%, 0, 0, 6, 21764.08, 22142137, 245
1062, 49, 58, 173, 38, 0, 5.66%, 0, 0, 6, 20749.30, 22240135, 245
1068, 49, 9, 173, 38, 0, 5.66%, 0, 0, 6, 23182.88, 22356192, 245
1073, 49, 9, 173, 38, 0, 5.66%, 0, 0, 6, 19986.94, 22449187, 245
1078, 49, 67, 173, 38, 0, 5.66%, 0, 0, 6, 21531.76, 22562096, 245
1083, 50, 8, 173, 37, 0, 5.66%, 0, 0, 6, 20354.33, 22662492, 245
1088, 50, 50, 173, 37, 0, 5.66%, 0, 0, 6, 22839.04, 22782983, 245
1093, 50, 51, 173, 37, 0, 5.66%, 0, 0, 6, 20690.19, 22893818, 245
1098, 50, 9, 173, 37, 0, 5.66%, 0, 0, 6, 22108.26, 23006191, 245
1104, 51, 9, 173, 37, 0, 5.66%, 0, 0, 6, 22140.69, 23117779, 245
1109, 51, 5, 173, 37, 0, 5.66%, 0, 0, 6, 20958.12, 23224848, 245
1114, 51, 159, 173, 37, 0, 5.66%, 0, 0, 6, 6475.23, 23300111, 245
1119, 51, 9, 173, 36, 0, 5.66%, 0, 0, 6, 16540.54, 23402548, 245
1124, 51, 30, 173, 36, 0, 5.66%, 0, 0, 6, 18984.69, 23504003, 245
1129, 52, 8, 173, 36, 0, 5.66%, 0, 0, 6, 19171.64, 23608231, 245
1134, 52, 9, 173, 36, 0, 5.66%, 0, 0, 6, 20622.71, 23712997, 245
1139, 52, 8, 173, 36, 0, 5.66%, 0, 0, 6, 18938.81, 23811169, 245
1144, 52, 9, 173, 36, 0, 5.66%, 0, 0, 6, 24336.31, 23934868, 245
1150, 52, 5, 173, 36, 0, 5.66%, 0, 0, 6, 19992.76, 24036019, 245
1155, 53, 5, 173, 36, 0, 5.66%, 0, 0, 6, 18500.43, 24133627, 245
1160, 53, 5, 173, 36, 0, 5.66%, 0, 0, 6, 18591.37, 24234414, 245
1165, 53, 5, 173, 36, 0, 5.66%, 0, 0, 6, 23263.41, 24353147, 245
1170, 53, 4, 173, 36, 0, 5.66%, 0, 0, 6, 20058.09, 24457925, 245
1175, 53, 4, 173, 36, 0, 5.66%, 0, 0, 6, 21507.28, 24571722, 245
1181, 54, 50, 173, 36, 0, 5.66%, 0, 0, 6, 20517.29, 24680610, 245
1186, 54, 67, 173, 36, 0, 5.66%, 0, 0, 6, 22810.73, 24802252, 245
1191, 54, 8, 173, 36, 0, 5.66%, 0, 0, 6, 20038.17, 24906317, 245
1196, 54, 9, 173, 36, 0, 5.66%, 0, 0, 6, 20601.47, 25014719, 245
1201, 55, 8, 173, 36, 0, 5.66%, 0, 0, 6, 19566.76, 25115073, 245
1206, 55, 9, 173, 36, 0, 5.66%, 0, 0, 6, 23474.70, 25238105, 245
1212, 55, 105, 173, 36, 0, 5.66%, 0, 0, 6, 20788.79, 25339599, 245
1217, 55, 58, 173, 35, 0, 5.66%, 0, 0, 6, 20788.46, 25436402, 245
1222, 55, 79, 173, 35, 0, 5.66%, 0, 0, 6, 19612.39, 25534365, 245
1227, 56, 9, 173, 35, 0, 5.66%, 0, 0, 6, 21732.02, 25649504, 245
1232, 56, 5, 173, 35, 0, 5.66%, 0, 0, 6, 20702.02, 25750325, 245
1237, 56, 8, 173, 34, 0, 5.66%, 0, 0, 6, 23005.58, 25865205, 245
1242, 56, 50, 173, 34, 0, 5.66%, 0, 0, 6, 22318.75, 25973578, 245
1248, 57, 5, 173, 34, 0, 5.66%, 0, 0, 6, 21371.87, 26085106, 245
1253, 57, 8, 173, 34, 0, 5.66%, 0, 0, 6, 21294.15, 26188087, 245
1258, 57, 51, 173, 34, 0, 5.66%, 0, 0, 6, 23004.00, 26305727, 245
1263, 57, 51, 173, 34, 0, 5.66%, 0, 0, 6, 20164.58, 26399284, 245
1268, 57, 50, 173, 34, 0, 5.66%, 0, 0, 6, 23305.66, 26517439, 245
1273, 58, 5, 173, 34, 0, 5.66%, 0, 0, 6, 19141.78, 26607300, 245
1278, 58, 8, 173, 34, 0, 5.66%, 0, 0, 6, 20246.16, 26711534, 245
1283, 58, 5, 173, 34, 0, 5.66%, 0, 0, 6, 20680.79, 26814416, 245
1288, 58, 9, 173, 34, 0, 5.66%, 0, 0, 6, 20537.01, 26925557, 245
1294, 59, 9, 173, 34, 0, 5.66%, 0, 0, 6, 19888.52, 27024245, 245
1299, 59, 51, 173, 34, 0, 5.66%, 0, 0, 6, 20464.95, 27132111, 245
1304, 59, 9, 173, 34, 0, 5.66%, 0, 0, 6, 20022.18, 27233531, 245
1309, 59, 51, 173, 34, 0, 5.66%, 0, 0, 6, 19806.41, 27339082, 245
1314, 59, 36, 173, 34, 0, 5.66%, 0, 0, 6, 21772.56, 27452499, 245
1319, 60, 51, 173, 34, 0, 5.66%, 0, 0, 6, 19254.05, 27551475, 245
1325, 60, 9, 173, 34, 0, 5.66%, 0, 0, 6, 22955.20, 27669022, 245
1330, 60, 5, 173, 34, 0, 5.66%, 0, 0, 6, 19989.46, 27772271, 245
1335, 60, 51, 173, 34, 0, 5.66%, 0, 0, 6, 18400.90, 27863028, 245
1340, 60, 155, 173, 34, 0, 5.66%, 0, 0, 6, 5899.36, 27951251, 245
1345, 61, 8, 173, 33, 0, 5.66%, 0, 0, 6, 17777.38, 28060510, 245
1350, 61, 9, 173, 33, 0, 5.66%, 0, 0, 6, 17940.89, 28158627, 245
1356, 61, 5, 173, 33, 0, 5.66%, 0, 0, 6, 26052.44, 28294731, 245
1361, 61, 9, 173, 33, 0, 5.66%, 0, 0, 6, 20274.46, 28395372, 245
1366, 62, 4, 173, 33, 0, 5.66%, 0, 0, 6, 22920.74, 28516812, 245
1371, 62, 58, 173, 33, 0, 5.66%, 0, 0, 6, 19816.79, 28613516, 245
1376, 62, 5, 173, 33, 0, 5.66%, 0, 0, 6, 21130.30, 28719747, 245
1381, 62, 5, 173, 33, 0, 5.66%, 0, 0, 6, 17300.21, 28814075, 245
1386, 62, 8, 173, 33, 0, 5.66%, 0, 0, 6, 21295.88, 28923651, 245
1391, 62, 9, 173, 32, 0, 5.66%, 0, 0, 6, 17762.02, 29000852, 245
1396, 63, 9, 173, 32, 0, 5.66%, 0, 0, 6, 20720.60, 29104310, 245
1401, 63, 30, 173, 32, 0, 5.66%, 0, 0, 6, 19605.26, 29209382, 245
1406, 63, 5, 173, 32, 0, 5.66%, 0, 0, 6, 21663.77, 29321086, 245
1411, 63, 170, 173, 32, 0, 5.66%, 0, 0, 6, 5288.87, 29396052, 245
1417, 63, 5, 173, 31, 0, 5.66%, 0, 0, 6, 17667.03, 29493248, 245
1422, 64, 5, 173, 31, 0, 5.66%, 0, 0, 6, 19582.92, 29598970, 245
1427, 64, 9, 173, 31, 0, 5.66%, 0, 0, 6, 21208.93, 29714526, 245
1432, 64, 9, 173, 31, 0, 5.66%, 0, 0, 6, 19418.40, 29812085, 245
1437, 64, 9, 173, 31, 0, 5.66%, 0, 0, 6, 20605.22, 29922996, 245
1442, 64, 9, 173, 31, 0, 5.66%, 0, 0, 6, 18457.72, 30015142, 245
1448, 65, 8, 173, 31, 0, 5.66%, 0, 0, 6, 19897.41, 30122892, 245
1453, 65, 79, 173, 31, 0, 5.66%, 0, 0, 6, 21116.02, 30222768, 245
1458, 65, 51, 173, 31, 0, 5.66%, 0, 0, 6, 19688.34, 30321404, 245
1463, 65, 67, 173, 31, 0, 5.66%, 0, 0, 6, 18581.69, 30412766, 245
1468, 65, 5, 173, 31, 0, 5.66%, 0, 0, 6, 19902.27, 30514239, 245
1473, 66, 5, 173, 31, 0, 5.66%, 0, 0, 6, 19099.83, 30611385, 245
1478, 66, 5, 173, 31, 0, 5.66%, 0, 0, 6, 22536.39, 30732046, 245
1484, 66, 9, 173, 31, 0, 5.66%, 0, 0, 6, 21783.98, 30844141, 245
1489, 66, 9, 173, 31, 0, 5.66%, 0, 0, 6, 21907.97, 30964131, 245
1494, 67, 8, 173, 31, 0, 5.66%, 0, 0, 6, 19657.76, 31060463, 245
1499, 67, 166, 173, 31, 0, 5.66%, 0, 0, 6, 18665.52, 31160804, 245
1504, 67, 39, 173, 30, 0, 5.66%, 0, 0, 6, 19740.49, 31255794, 245
1509, 67, 89, 173, 30, 0, 5.66%, 0, 0, 6, 14387.00, 31329068, 245
1514, 67, 9, 173, 29, 0, 5.66%, 0, 0, 6, 18486.27, 31433184, 245
1519, 68, 51, 173, 29, 0, 5.66%, 0, 0, 6, 18410.11, 31530107, 245
1524, 68, 9, 173, 29, 0, 5.66%, 0, 0, 6, 20245.75, 31635188, 245
1530, 68, 50, 173, 29, 0, 5.66%, 0, 0, 6, 21931.25, 31749218, 245
1535, 68, 5, 173, 29, 0, 5.66%, 0, 0, 6, 23471.03, 31866217, 245
1540, 68, 102, 173, 29, 0, 5.66%, 0, 0, 6, 19399.92, 31966085, 245
1545, 69, 9, 173, 28, 0, 5.66%, 0, 0, 6, 21505.82, 32064138, 245
1550, 69, 8, 173, 28, 0, 5.66%, 0, 0, 6, 18843.16, 32160392, 245
1555, 69, 9, 173, 28, 0, 5.66%, 0, 0, 6, 20823.18, 32273435, 245
1560, 69, 9, 173, 28, 0, 5.66%, 0, 0, 6, 19339.24, 32375434, 245
1565, 70, 30, 173, 28, 0, 5.66%, 0, 0, 6, 23346.44, 32493099, 245
1571, 70, 5, 173, 27, 0, 5.66%, 0, 0, 6, 20715.43, 32591481, 245
1576, 70, 9, 173, 27, 0, 5.66%, 0, 0, 6, 20748.86, 32699731, 245
1581, 70, 4, 173, 27, 0, 5.66%, 0, 0, 6, 20339.51, 32809110, 245
1586, 70, 9, 173, 27, 0, 5.66%, 0, 0, 6, 21622.93, 32921522, 245
1591, 71, 33, 173, 27, 0, 5.66%, 0, 0, 6, 19732.83, 33025062, 245
1596, 71, 9, 173, 27, 0, 5.66%, 0, 0, 6, 21031.70, 33137438, 245
1602, 71, 114, 173, 27, 0, 5.66%, 0, 0, 6, 19589.68, 33239963, 245
1607, 71, 5, 173, 27, 0, 5.66%, 0, 0, 6, 21365.05, 33353269, 245
1612, 72, 5, 173, 27, 0, 5.66%, 0, 0, 6, 21839.65, 33466034, 245
1617, 72, 8, 173, 27, 0, 5.66%, 0, 0, 6, 22312.15, 33584045, 245
1622, 72, 9, 173, 27, 0, 5.66%, 0, 0, 6, 20127.63, 33682373, 245
1627, 72, 8, 173, 27, 0, 5.66%, 0, 0, 6, 21981.21, 33793236, 245
1632, 72, 5, 173, 27, 0, 5.66%, 0, 0, 6, 19855.73, 33888461, 245
1638, 73, 111, 173, 27, 0, 5.66%, 0, 0, 6, 19371.41, 33986262, 245
1643, 73, 50, 173, 27, 0, 5.66%, 0, 0, 6, 18497.78, 34078842, 245
1648, 73, 5, 173, 27, 0, 5.66%, 0, 0, 6, 21904.69, 34195507, 245
1653, 73, 149, 173, 27, 0, 5.66%, 0, 0, 6, 21679.29, 34295613, 245
1658, 74, 9, 173, 27, 0, 5.66%, 0, 0, 6, 21841.66, 34411760, 245
1663, 74, 5, 173, 27, 0, 5.66%, 0, 0, 6, 19946.82, 34508735, 245
1668, 74, 162, 173, 27, 0, 5.66%, 0, 0, 6, 11563.53, 34555858, 245
1673, 74, 9, 173, 26, 0, 5.66%, 0, 0, 6, 18360.90, 34655473, 245
1679, 74, 5, 173, 26, 0, 5.66%, 0, 0, 6, 19524.38, 34762276, 245
1684, 74, 5, 173, 26, 0, 5.66%, 0, 0, 6, 21630.90, 34869381, 245
1689, 75, 9, 173, 26, 0, 5.66%, 0, 0, 6, 19869.36, 34974290, 245
1694, 75, 8, 173, 26, 0, 5.66%, 0, 0, 6, 18122.26, 35066895, 245
1699, 75, 8, 173, 26, 0, 5.66%, 0, 0, 6, 19205.44, 35176280, 245
1704, 75, 111, 173, 26, 0, 5.66%, 0, 0, 6, 20822.23, 35282951, 245
1710, 75, 8, 173, 26, 0, 5.66%, 0, 0, 6, 21225.06, 35400207, 245
1715, 76, 8, 173, 26, 0, 5.66%, 0, 0, 6, 21339.73, 35505657, 245
1720, 76, 8, 173, 25, 0, 5.66%, 0, 0, 6, 20060.44, 35609448, 245
1725, 76, 9, 173, 25, 0, 5.66%, 0, 0, 6, 21333.34, 35717655, 245
1730, 76, 5, 173, 25, 0, 5.66%, 0, 0, 6, 20596.04, 35826779, 245
1735, 77, 50, 173, 25, 0, 5.66%, 0, 0, 6, 21004.33, 35936737, 245
1740, 77, 8, 173, 25, 0, 5.66%, 0, 0, 6, 18357.80, 36030242, 245
1745, 77, 9, 173, 25, 0, 5.66%, 0, 0, 6, 20892.61, 36136149, 245
1751, 77, 8, 173, 25, 0, 5.66%, 0, 0, 6, 18024.95, 36227388, 245
1756, 77, 58, 173, 25, 0, 5.66%, 0, 0, 6, 18472.32, 36323302, 245
1761, 78, 36, 173, 25, 0, 5.66%, 0, 0, 6, 17501.76, 36416231, 245
1766, 78, 30, 173, 25, 0, 5.66%, 0, 0, 6, 20735.05, 36525840, 245
1771, 78, 111, 173, 25, 0, 5.66%, 0, 0, 6, 19040.58, 36624979, 245
1776, 78, 58, 173, 25, 0, 5.66%, 0, 0, 6, 23050.97, 36744320, 245
1782, 79, 9, 173, 25, 0, 5.66%, 0, 0, 6, 21984.44, 36851174, 245
1787, 79, 87, 173, 25, 0, 5.66%, 0, 0, 6, 21475.43, 36963896, 245
1792, 79, 9, 173, 24, 0, 5.66%, 0, 0, 6, 20028.46, 37068020, 245
1797, 79, 4, 173, 24, 0, 5.66%, 0, 0, 6, 22077.80, 37180983, 245
1802, 79, 5, 173, 24, 0, 5.66%, 0, 0, 6, 19983.81, 37276168, 245
1807, 80, 9, 173, 24, 0, 5.66%, 0, 0, 6, 21701.33, 37394204, 245
1812, 80, 4, 173, 24, 0, 5.66%, 0, 0, 6, 20453.57, 37493610, 245
1817, 80, 9, 173, 24, 0, 5.66%, 0, 0, 6, 21957.96, 37601125, 245
1822, 80, 9, 173, 24, 0, 5.66%, 0, 0, 6, 19948.07, 37689429, 245
1828, 81, 9, 173, 24, 0, 5.66%, 0, 0, 6, 26199.59, 37824623, 245
1833, 81, 114, 173, 24, 0, 5.66%, 0, 0, 6, 25068.32, 37951047, 245
1838, 81, 8, 173, 24, 0, 5.66%, 0, 0, 6, 26509.13, 38088459, 245
1843, 81, 4, 173, 23, 0, 5.66%, 0, 0, 6, 20277.74, 38180114, 245
1848, 82, 9, 173, 23, 0, 5.66%, 0, 0, 6, 20765.55, 38290395, 245
1853, 82, 9, 173, 23, 0, 5.66%, 0, 0, 6, 20597.79, 38387667, 245
1858, 82, 5, 173, 23, 0, 5.66%, 0, 0, 6, 19923.72, 38491435, 245
1864, 82, 67, 173, 23, 0, 5.66%, 0, 0, 6, 18976.69, 38585356, 245
1869, 82, 67, 173, 23, 0, 5.66%, 0, 0, 6, 21266.69, 38703660, 245
1874, 83, 30, 173, 23, 0, 5.66%, 0, 0, 6, 18571.09, 38793498, 245
1879, 83, 110, 173, 23, 0, 5.66%, 0, 0, 6, 19307.68, 38896796, 245
1884, 83, 9, 173, 23, 0, 5.66%, 0, 0, 6, 21689.37, 39003160, 245
1889, 83, 39, 173, 23, 0, 5.66%, 0, 0, 6, 19463.70, 39105911, 245
1894, 83, 5, 173, 22, 0, 5.66%, 0, 0, 6, 20291.48, 39199573, 245
1899, 84, 9, 173, 22, 0, 5.66%, 0, 0, 6, 19730.90, 39309373, 245
1905, 84, 5, 173, 22, 0, 5.66%, 0, 0, 6, 20606.67, 39414578, 245
1910, 84, 15, 173, 22, 0, 5.66%, 0, 0, 6, 19500.56, 39521401, 245
1915, 84, 5, 173, 22, 0, 5.66%, 0, 0, 6, 21862.77, 39638278, 245
1920, 84, 9, 173, 22, 0, 5.66%, 0, 0, 6, 18441.44, 39732174, 245
1925, 85, 5, 173, 22, 0, 5.66%, 0, 0, 6, 23177.56, 39857450, 245
1930, 85, 9, 173, 22, 0, 5.66%, 0, 0, 6, 19379.80, 39953057, 245
1935, 85, 8, 173, 22, 0, 5.66%, 0, 0, 6, 18321.33, 40047741, 245
1941, 85, 5, 173, 22, 0, 5.66%, 0, 0, 6, 18689.30, 40145845, 245
1946, 86, 8, 173, 22, 0, 5.66%, 0, 0, 6, 20991.35, 40256544, 245
1951, 86, 156, 173, 22, 0, 5.66%, 0, 0, 6, 5775.47, 40334188, 245
1956, 86, 5, 173, 21, 0, 5.66%, 0, 0, 6, 17983.54, 40441630, 245
1961, 86, 8, 173, 21, 0, 5.66%, 0, 0, 6, 18394.75, 40534239, 245
1966, 86, 8, 173, 21, 0, 5.66%, 0, 0, 6, 21686.55, 40646305, 245
1971, 87, 5, 173, 21, 0, 5.66%, 0, 0, 6, 19649.03, 40745438, 245
1976, 87, 30, 173, 21, 0, 5.66%, 0, 0, 6, 20478.24, 40851303, 245
1982, 87, 9, 173, 21, 0, 5.66%, 0, 0, 6, 19366.58, 40949661, 245
1987, 87, 39, 173, 21, 0, 5.66%, 0, 0, 6, 21843.35, 41063491, 245
1992, 87, 9, 173, 21, 0, 5.66%, 0, 0, 6, 19123.45, 41156696, 245
1997, 88, 50, 173, 21, 0, 5.66%, 0, 0, 6, 19997.74, 41254777, 245
2002, 88, 9, 173, 21, 0, 5.66%, 0, 0, 6, 17728.16, 41343347, 245
2007, 88, 8, 173, 21, 0, 5.66%, 0, 0, 6, 22449.55, 41462207, 245
2013, 88, 8, 173, 21, 0, 5.66%, 0, 0, 6, 20661.40, 41563845, 245
2018, 88, 9, 173, 21, 0, 5.66%, 0, 0, 6, 21582.07, 41680328, 245
2023, 89, 4, 173, 21, 0, 5.66%, 0, 0, 6, 19050.84, 41771671, 245
2028, 89, 146, 173, 21, 0, 5.66%, 0, 0, 6, 19937.63, 41871219, 245
2033, 89, 5, 173, 20, 0, 5.66%, 0, 0, 6, 19083.13, 41950502, 245
2038, 89, 5, 173, 20, 0, 5.66%, 0, 0, 6, 21996.66, 42072037, 245
2043, 89, 9, 173, 20, 0, 5.66%, 0, 0, 6, 20026.83, 42168428, 245
2048, 90, 9, 173, 20, 0, 5.66%, 0, 0, 6, 20334.23, 42277957, 245
2053, 90, 5, 173, 20, 0, 5.66%, 0, 0, 6, 19442.46, 42377455, 245
2059, 90, 9, 173, 20, 0, 5.66%, 0, 0, 6, 19394.50, 42479789, 245
2064, 90, 9, 173, 20, 0, 5.66%, 0, 0, 6, 22894.16, 42589473, 245
2069, 91, 5, 173, 20, 0, 5.66%, 0, 0, 6, 20101.51, 42698115, 245
2074, 91, 9, 173, 20, 0, 5.66%, 0, 0, 6, 19894.05, 42796723, 245
2079, 91, 31, 173, 20, 0, 5.66%, 0, 0, 6, 18841.71, 42896472, 245
2084, 91, 8, 173, 20, 0, 5.66%, 0, 0, 6, 19253.50, 42997156, 245
2090, 91, 5, 173, 20, 0, 5.66%, 0, 0, 6, 18690.64, 43102446, 245
2095, 92, 5, 173, 20, 0, 5.66%, 0, 0, 6, 20727.15, 43211581, 245
2100, 92, 5, 173, 20, 0, 5.66%, 0, 0, 6, 18507.64, 43311523, 245
2105, 92, 31, 173, 20, 0, 5.66%, 0, 0, 6, 22292.33, 43427778, 245
2110, 92, 8, 173, 20, 0, 5.66%, 0, 0, 6, 19738.20, 43531908, 245
2115, 93, 9, 173, 20, 0, 5.66%, 0, 0, 6, 20514.80, 43643814, 245
2121, 93, 89, 173, 20, 0, 5.66%, 0, 0, 6, 15650.33, 43726929, 245
2126, 93, 30, 173, 20, 0, 5.66%, 0, 0, 6, 21086.63, 43843748, 245
2131, 93, 4, 173, 20, 0, 5.66%, 0, 0, 6, 19919.56, 43948181, 245
2136, 93, 9, 173, 20, 0, 5.66%, 0, 0, 6, 21722.33, 44059495, 245
2141, 94, 5, 173, 20, 0, 5.66%, 0, 0, 6, 19888.03, 44159099, 245
2146, 94, 5, 173, 20, 0, 5.66%, 0, 0, 6, 21946.42, 44272543, 245
2151, 94, 9, 173, 20, 0, 5.66%, 0, 0, 6, 19297.76, 44369885, 245
2156, 94, 171, 173, 20, 0, 5.66%, 0, 0, 6, 15925.05, 44453670, 245
2161, 94, 67, 173, 20, 0, 5.66%, 0, 0, 6, 16718.80, 44538313, 245
2167, 95, 9, 173, 20, 0, 5.66%, 0, 0, 6, 20090.84, 44643412, 245
2172, 95, 39, 173, 20, 0, 5.66%, 0, 0, 6, 20889.05, 44755554, 245
2177, 95, 8, 173, 20, 0, 5.66%, 0, 0, 6, 19161.12, 44848182, 245
2182, 95, 9, 173, 20, 0, 5.66%, 0, 0, 6, 19701.05, 44949309, 245
2187, 95, 39, 173, 20, 0, 5.66%, 0, 0, 6, 18219.63, 45040250, 245
2192, 96, 5, 173, 20, 0, 5.66%, 0, 0, 6, 19971.28, 45143813, 245
2198, 96, 131, 173, 20, 0, 5.66%, 0, 0, 6, 20470.66, 45252509, 245
2203, 96, 9, 173, 20, 0, 5.66%, 0, 0, 6, 19776.14, 45353810, 245
2208, 96, 5, 173, 19, 0, 5.66%, 0, 0, 6, 21403.98, 45466181, 245
2213, 96, 58, 173, 19, 0, 5.66%, 0, 0, 6, 21796.03, 45570326, 245
2218, 97, 5, 173, 19, 0, 5.66%, 0, 0, 6, 21486.53, 45678516, 245
2223, 97, 58, 173, 19, 0, 5.66%, 0, 0, 6, 20978.19, 45779745, 245
2228, 97, 9, 173, 19, 0, 5.66%, 0, 0, 6, 21011.32, 45890978, 245
2234, 97, 36, 173, 19, 0, 5.66%, 0, 0, 6, 18287.41, 45982997, 245
2239, 98, 5, 173, 19, 0, 5.66%, 0, 0, 6, 18461.83, 46082599, 245
2244, 98, 5, 173, 19, 0, 5.66%, 0, 0, 6, 21070.32, 46188787, 245
2249, 98, 79, 173, 19, 0, 5.66%, 0, 0, 6, 20498.16, 46300632, 245
2254, 98, 5, 173, 19, 0, 5.66%, 0, 0, 6, 20479.56, 46404077, 245
2260, 98, 5, 173, 19, 0, 5.66%, 0, 0, 6, 18484.73, 46506179, 245
2265, 99, 5, 173, 19, 0, 5.66%, 0, 0, 6, 20380.55, 46611102, 245
2270, 99, 50, 173, 19, 0, 5.66%, 0, 0, 6, 18779.33, 46710317, 245
2275, 99, 9, 173, 19, 0, 5.66%, 0, 0, 6, 20052.72, 46815981, 245
2280, 99, 5, 173, 19, 0, 5.66%, 0, 0, 6, 18679.06, 46918174, 245
2285, 100, 8, 173, 19, 0, 5.66%, 0, 0, 6, 20725.55, 47024682, 245
2290, 100, 9, 173, 19, 0, 5.66%, 0, 0, 6, 17153.36, 47110027, 245
2295, 100, 8, 173, 19, 0, 5.66%, 0, 0, 6, 17931.45, 47204704, 245
2300, 100, 8, 173, 19, 0, 5.66%, 0, 0, 6, 17631.30, 47299653, 245
2305, 100, 9, 173, 19, 0, 5.66%, 0, 0, 6, 19917.97, 47400556, 245
2310, 101, 9, 173, 19, 0, 5.66%, 0, 0, 6, 19440.97, 47500897, 245
2316, 101, 9, 173, 19, 0, 5.66%, 0, 0, 6, 20529.92, 47606790, 245
2321, 101, 9, 173, 19, 0, 5.66%, 0, 0, 6, 19801.07, 47709723, 245
2326, 101, 9, 173, 19, 0, 5.66%, 0, 0, 6, 21122.19, 47819219, 245
2331, 101, 9, 173, 19, 0, 5.66%, 0, 0, 6, 19710.51, 47920818, 245
2336, 102, 9, 173, 19, 0, 5.66%, 0, 0, 6, 20711.40, 48029867, 245
2341, 102, 8, 173, 19, 0, 5.66%, 0, 0, 6, 18062.91, 48123734, 245
2347, 102, 5, 173, 19, 0, 5.66%, 0, 0, 6, 22341.93, 48241193, 245
2352, 102, 5, 173, 19, 0, 5.66%, 0, 0, 6, 19263.68, 48336567, 245
2357, 102, 9, 173, 18, 0, 5.66%, 0, 0, 6, 18321.86, 48423339, 245
2362, 103, 5, 173, 18, 0, 5.66%, 0, 0, 6, 19318.44, 48519921, 245
2367, 103, 30, 173, 18, 0, 5.66%, 0, 0, 6, 20172.49, 48624784, 245
2372, 103, 5, 173, 18, 0, 5.66%, 0, 0, 6, 18851.13, 48720561, 245
2377, 103, 9, 173, 18, 0, 5.66%, 0, 0, 6, 21870.51, 48832916, 245
2383, 103, 9, 173, 18, 0, 5.66%, 0, 0, 6, 19800.72, 48934510, 245
2388, 104, 5, 173, 18, 0, 5.66%, 0, 0, 6, 20820.68, 49038795, 245
2393, 104, 9, 173, 18, 0, 5.66%, 0, 0, 6, 19560.68, 49135921, 245
2398, 104, 5, 173, 18, 0, 5.66%, 0, 0, 6, 21875.99, 49245908, 245
2403, 104, 8, 173, 18, 0, 5.66%, 0, 0, 6, 19436.25, 49341577, 245
2408, 105, 9, 173, 18, 0, 5.66%, 0, 0, 6, 21938.62, 49456576, 245
2413, 105, 5, 173, 18, 0, 5.66%, 0, 0, 6, 20606.56, 49552175, 245
2419, 105, 9, 173, 18, 0, 5.66%, 0, 0, 6, 19523.40, 49653594, 245
2424, 105, 15, 173, 18, 0, 5.66%, 0, 0, 6, 21012.19, 49761129, 245
2429, 105, 5, 173, 18, 0, 5.66%, 0, 0, 6, 20505.48, 49871594, 245
2434, 106, 5, 173, 17, 0, 5.66%, 0, 0, 6, 19463.15, 49959951, 245
2439, 106, 67, 173, 17, 0, 5.66%, 0, 0, 6, 17286.77, 50050688, 245
2444, 106, 5, 173, 17, 0, 5.66%, 0, 0, 6, 20681.16, 50160747, 245
2450, 106, 8, 173, 17, 0, 5.66%, 0, 0, 6, 19028.05, 50265278, 245
2455, 106, 5, 173, 17, 0, 5.66%, 0, 0, 6, 18155.00, 50357213, 245
2460, 107, 8, 173, 17, 0, 5.66%, 0, 0, 6, 18795.58, 50457123, 245
2465, 107, 5, 173, 17, 0, 5.66%, 0, 0, 6, 19985.59, 50557433, 245
2470, 107, 5, 173, 17, 0, 5.66%, 0, 0, 6, 20912.03, 50668767, 245
2475, 107, 4, 173, 17, 0, 5.66%, 0, 0, 6, 18485.63, 50761433, 245
2481, 107, 31, 173, 17, 0, 5.66%, 0, 0, 6, 18429.47, 50859414, 245
2486, 108, 110, 173, 17, 0, 5.66%, 0, 0, 6, 19422.04, 50960333, 245
2491, 108, 9, 173, 17, 0, 5.66%, 0, 0, 6, 19897.51, 51056379, 245
2496, 108, 9, 173, 17, 0, 5.66%, 0, 0, 6, 20398.28, 51158830, 245
2501, 108, 67, 173, 17, 0, 5.66%, 0, 0, 6, 18548.29, 51254130, 245
2506, 108, 3, 173, 17, 0, 5.66%, 0, 0, 6, 19948.22, 51357831, 245
2511, 109, 5, 173, 17, 0, 5.66%, 0, 0, 6, 18088.38, 51447182, 245
2516, 109, 9, 173, 17, 0, 5.66%, 0, 0, 6, 20111.31, 51552411, 245
2522, 109, 31, 173, 17, 0, 5.66%, 0, 0, 6, 18468.02, 51650323, 245
2527, 109, 9, 173, 17, 0, 5.66%, 0, 0, 6, 21960.10, 51770404, 245
2532, 110, 9, 173, 17, 0, 5.66%, 0, 0, 6, 19830.44, 51864550, 245
2537, 110, 5, 173, 17, 0, 5.66%, 0, 0, 6, 20446.04, 51963006, 245
2542, 110, 5, 173, 17, 0, 5.66%, 0, 0, 6, 19226.40, 52059324, 245
2547, 110, 8, 173, 17, 0, 5.66%, 0, 0, 6, 21481.60, 52170313, 245
2552, 110, 4, 173, 17, 0, 5.66%, 0, 0, 6, 20444.51, 52272502, 245
2557, 111, 9, 173, 17, 0, 5.66%, 0, 0, 6, 20749.86, 52382282, 245
2563, 111, 77, 173, 17, 0, 5.66%, 0, 0, 6, 21192.24, 52486836, 245
2568, 111, 8, 173, 17, 0, 5.66%, 0, 0, 6, 18437.92, 52587756, 245
2573, 111, 9, 173, 17, 0, 5.66%, 0, 0, 6, 18171.01, 52675826, 245
2578, 111, 110, 173, 16, 0, 5.66%, 0, 0, 6, 21190.35, 52778953, 245
2583, 112, 5, 173, 16, 0, 5.66%, 0, 0, 6, 19152.54, 52873677, 245
2588, 112, 8, 173, 16, 0, 5.66%, 0, 0, 6, 20856.40, 52988031, 245
2593, 112, 50, 173, 16, 0, 5.66%, 0, 0, 6, 18395.49, 53082359, 245
2598, 112, 5, 173, 16, 0, 5.66%, 0, 0, 6, 20330.27, 53185973, 245
2604, 113, 8, 173, 16, 0, 5.66%, 0, 0, 6, 20448.56, 53288743, 245
2609, 113, 9, 173, 16, 0, 5.66%, 0, 0, 6, 20576.33, 53395472, 245
2614, 113, 5, 173, 16, 0, 5.66%, 0, 0, 6, 20850.56, 53500668, 245
2619, 113, 51, 173, 16, 0, 5.66%, 0, 0, 6, 19504.75, 53604219, 245
2624, 113, 51, 173, 16, 0, 5.66%, 0, 0, 6, 19850.71, 53699298, 245
2629, 114, 5, 173, 16, 0, 5.66%, 0, 0, 6, 19548.09, 53804872, 245
2634, 114, 9, 173, 16, 0, 5.66%, 0, 0, 6, 19963.72, 53909476, 245
2639, 114, 15, 173, 16, 0, 5.66%, 0, 0, 6, 19066.66, 54006128, 245
2645, 114, 9, 173, 16, 0, 5.66%, 0, 0, 6, 20641.44, 54113199, 245
2650, 114, 8, 173, 16, 0, 5.66%, 0, 0, 6, 19944.18, 54219269, 245
2655, 115, 5, 173, 16, 0, 5.66%, 0, 0, 6, 16946.72, 54305956, 245
2660, 115, 9, 173, 16, 0, 5.66%, 0, 0, 6, 18769.96, 54406831, 245
2665, 115, 9, 173, 16, 0, 5.66%, 0, 0, 6, 21175.82, 54517914, 245
2670, 115, 51, 173, 16, 0, 5.66%, 0, 0, 6, 23877.83, 54644027, 245
2676, 116, 9, 173, 16, 0, 5.66%, 0, 0, 6, 21647.03, 54752844, 245
2681, 116, 5, 173, 16, 0, 5.66%, 0, 0, 6, 19597.83, 54852925, 245
2686, 116, 9, 173, 16, 0, 5.66%, 0, 0, 6, 20062.43, 54956706, 245
2691, 116, 50, 173, 15, 0, 5.66%, 0, 0, 6, 18225.53, 55051319, 245
2696, 116, 9, 173, 15, 0, 5.66%, 0, 0, 6, 22044.25, 55173225, 245
2701, 117, 8, 173, 15, 0, 5.66%, 0, 0, 6, 18745.91, 55265007, 245
2706, 117, 9, 173, 15, 0, 5.66%, 0, 0, 6, 20324.17, 55373412, 245
2712, 117, 5, 173, 15, 0, 5.66%, 0, 0, 6, 19101.23, 55471143, 245
2717, 117, 5, 173, 15, 0, 5.66%, 0, 0, 6, 22302.67, 55586151, 245
2722, 118, 39, 173, 15, 0, 5.66%, 0, 0, 6, 21093.40, 55696214, 245
2727, 118, 157, 173, 15, 0, 5.66%, 0, 0, 6, 5645.55, 55776914, 245
2732, 118, 9, 173, 14, 0, 5.66%, 0, 0, 6, 13777.11, 55853495, 245
2737, 118, 51, 173, 14, 0, 5.66%, 0, 0, 6, 21878.73, 55976542, 245
2742, 118, 5, 173, 14, 0, 5.66%, 0, 0, 6, 19228.37, 56069686, 245
2747, 119, 9, 173, 14, 0, 5.66%, 0, 0, 6, 22127.11, 56183313, 245
2753, 119, 9, 173, 14, 0, 5.66%, 0, 0, 6, 21222.75, 56285761, 245
2758, 119, 50, 173, 14, 0, 5.66%, 0, 0, 6, 23012.83, 56403604, 245
2763, 119, 50, 173, 14, 0, 5.66%, 0, 0, 6, 19776.76, 56498408, 245
2768, 119, 50, 173, 14, 0, 5.66%, 0, 0, 6, 21800.06, 56617823, 245
2773, 120, 5, 173, 14, 0, 5.66%, 0, 0, 6, 19453.23, 56712895, 245
2778, 120, 158, 173, 14, 0, 5.66%, 0, 0, 6, 4268.32, 56790834, 245
2784, 120, 8, 173, 13, 0, 5.66%, 0, 0, 6, 16141.09, 56875221, 245
2789, 120, 8, 173, 13, 0, 5.66%, 0, 0, 6, 17495.06, 56971106, 245
2794, 120, 67, 173, 13, 0, 5.66%, 0, 0, 6, 20173.19, 57077511, 245
2799, 121, 9, 173, 13, 0, 5.66%, 0, 0, 6, 18768.93, 57177800, 245
2804, 121, 5, 173, 13, 0, 5.66%, 0, 0, 6, 14616.51, 57250002, 245
2809, 121, 9, 173, 13, 0, 5.66%, 0, 0, 6, 11665.98, 57308416, 245
2814, 121, 5, 173, 13, 0, 5.66%, 0, 0, 6, 11673.29, 57364813, 245
2819, 121, 5, 173, 13, 0, 5.66%, 0, 0, 6, 10550.26, 57419735, 245
2825, 121, 5, 173, 13, 0, 5.66%, 0, 0, 6, 14921.71, 57501405, 245
2830, 122, 9, 173, 13, 0, 5.66%, 0, 0, 6, 18872.05, 57610160, 245
2835, 122, 9, 173, 13, 0, 5.66%, 0, 0, 6, 17520.16, 57705835, 245
2840, 122, 8, 173, 13, 0, 5.66%, 0, 0, 6, 17232.91, 57802455, 245
2845, 122, 5, 173, 13, 0, 5.66%, 0, 0, 6, 15703.09, 57876735, 245
2850, 122, 9, 173, 13, 0, 5.66%, 0, 0, 6, 18339.64, 57982637, 245
2855, 123, 5, 173, 13, 0, 5.66%, 0, 0, 6, 19601.48, 58089714, 245
2861, 123, 8, 173, 13, 0, 5.66%, 0, 0, 6, 17653.74, 58176123, 245
2866, 123, 9, 173, 13, 0, 5.66%, 0, 0, 6, 18695.95, 58274630, 245
2871, 123, 8, 173, 13, 0, 5.66%, 0, 0, 6, 19474.92, 58377874, 245
2876, 123, 9, 173, 13, 0, 5.66%, 0, 0, 6, 20906.27, 58486430, 245
2881, 124, 51, 173, 13, 0, 5.66%, 0, 0, 6, 14045.38, 58551259, 245
2886, 124, 5, 173, 13, 0, 5.66%, 0, 0, 6, 17697.24, 58640946, 245
2891, 124, 5, 173, 13, 0, 5.66%, 0, 0, 6, 18759.41, 58737054, 245
2897, 124, 8, 173, 13, 0, 5.66%, 0, 0, 6, 15039.48, 58816155, 245
2902, 124, 9, 173, 13, 0, 5.66%, 0, 0, 6, 12452.10, 58877600, 245
2907, 124, 5, 173, 13, 0, 5.66%, 0, 0, 6, 13791.29, 58950602, 245
2912, 124, 9, 173, 13, 0, 5.66%, 0, 0, 6, 13214.51, 59012956, 245
2917, 125, 5, 173, 13, 0, 5.66%, 0, 0, 6, 10040.58, 59058928, 245
2922, 125, 9, 173, 13, 0, 5.66%, 0, 0, 6, 11633.94, 59113726, 245
2927, 125, 50, 173, 13, 0, 5.66%, 0, 0, 6, 14203.74, 59187690, 245
2932, 125, 8, 173, 13, 0, 5.66%, 0, 0, 6, 12340.56, 59247201, 245
2937, 125, 5, 173, 13, 0, 5.66%, 0, 0, 6, 14405.39, 59320227, 245
2943, 125, 5, 173, 13, 0, 5.66%, 0, 0, 6, 14955.69, 59392049, 245
2948, 125, 5, 173, 13, 0, 5.66%, 0, 0, 6, 15307.00, 59472995, 245
2953, 126, 9, 173, 13, 0, 5.66%, 0, 0, 6, 14269.65, 59544981, 245
2958, 126, 9, 173, 13, 0, 5.66%, 0, 0, 6, 14481.34, 59619644, 245
2963, 126, 8, 173, 13, 0, 5.66%, 0, 0, 6, 15177.88, 59691762, 245
2968, 126, 51, 173, 13, 0, 5.66%, 0, 0, 6, 14414.41, 59764551, 245
2973, 126, 8, 173, 13, 0, 5.66%, 0, 0, 6, 14752.02, 59835866, 245
2978, 126, 51, 173, 13, 0, 5.66%, 0, 0, 6, 17862.52, 59925850, 245
2984, 127, 9, 173, 13, 0, 5.66%, 0, 0, 6, 14609.79, 59995553, 245
2989, 127, 5, 173, 13, 0, 5.66%, 0, 0, 6, 14783.15, 60072603, 245
2994, 127, 50, 173, 13, 0, 5.66%, 0, 0, 6, 14448.63, 60148000, 245
2999, 127, 8, 173, 13, 0, 5.66%, 0, 0, 6, 14421.21, 60224011, 245
3004, 127, 5, 173, 13, 0, 5.66%, 0, 0, 6, 14552.26, 60295088, 245
3009, 127, 15, 173, 13, 0, 5.66%, 0, 0, 6, 14766.84, 60370855, 245
3014, 127, 8, 173, 13, 0, 5.66%, 0, 0, 6, 14002.97, 60439218, 245
3019, 128, 9, 173, 13, 0, 5.66%, 0, 0, 6, 14381.19, 60515529, 245
3024, 128, 9, 173, 13, 0, 5.66%, 0, 0, 6, 15597.39, 60596371, 245
3030, 128, 9, 173, 13, 0, 5.66%, 0, 0, 6, 14067.66, 60667906, 245
3035, 128, 8, 173, 13, 0, 5.66%, 0, 0, 6, 17031.74, 60753179, 245
3040, 128, 50, 173, 13, 0, 5.66%, 0, 0, 6, 15056.11, 60828128, 245
3045, 128, 5, 173, 13, 0, 5.66%, 0, 0, 6, 15766.84, 60906997, 245
3050, 129, 8, 173, 13, 0, 5.66%, 0, 0, 6, 15221.18, 60987562, 245
3055, 129, 39, 173, 13, 0, 5.66%, 0, 0, 6, 13251.44, 61055115, 245
3060, 129, 9, 173, 13, 0, 5.66%, 0, 0, 6, 11753.15, 61115517, 245
3065, 129, 8, 173, 13, 0, 5.66%, 0, 0, 6, 12890.33, 61181598, 245
3070, 129, 8, 173, 13, 0, 5.66%, 0, 0, 6, 10908.58, 61237265, 245
3076, 129, 5, 173, 13, 0, 5.66%, 0, 0, 6, 13018.62, 61310967, 245
3081, 130, 51, 173, 13, 0, 5.66%, 0, 0, 6, 15010.11, 61397047, 245
3086, 130, 51, 173, 13, 0, 5.66%, 0, 0, 6, 17192.06, 61473472, 245
3091, 130, 50, 173, 13, 0, 5.66%, 0, 0, 6, 15565.38, 61556025, 245
3096, 130, 8, 173, 13, 0, 5.66%, 0, 0, 6, 14437.70, 61623093, 245
3101, 130, 5, 173, 13, 0, 5.66%, 0, 0, 6, 14394.13, 61696333, 245
3106, 130, 67, 173, 13, 0, 5.66%, 0, 0, 6, 15086.02, 61777343, 245
3111, 130, 5, 173, 13, 0, 5.66%, 0, 0, 6, 13118.79, 61845470, 245
3117, 131, 9, 173, 13, 0, 5.66%, 0, 0, 6, 14718.02, 61925531, 245
3122, 131, 9, 173, 13, 0, 5.66%, 0, 0, 6, 12802.11, 61987255, 245
3127, 131, 15, 173, 13, 0, 5.66%, 0, 0, 6, 16370.55, 62076607, 245
3132, 131, 8, 173, 13, 0, 5.66%, 0, 0, 6, 14423.24, 62149941, 245
3137, 131, 8, 173, 13, 0, 5.66%, 0, 0, 6, 15230.47, 62224784, 245
3142, 131, 5, 173, 13, 0, 5.66%, 0, 0, 6, 13645.27, 62292131, 245
3147, 132, 50, 173, 13, 0, 5.66%, 0, 0, 6, 14543.36, 62364484, 245
3152, 132, 79, 173, 13, 0, 5.66%, 0, 0, 6, 14691.61, 62439870, 245
3158, 132, 39, 173, 13, 0, 5.66%, 0, 0, 6, 14937.13, 62520234, 245
3163, 132, 50, 173, 13, 0, 5.66%, 0, 0, 6, 14214.92, 62588426, 245
3168, 132, 5, 173, 13, 0, 5.66%, 0, 0, 6, 14470.50, 62663046, 245
3173, 132, 9, 173, 13, 0, 5.66%, 0, 0, 6, 12808.61, 62721819, 245
3178, 132, 8, 173, 13, 0, 5.66%, 0, 0, 6, 15800.27, 62809926, 245
3183, 133, 114, 173, 13, 0, 5.66%, 0, 0, 6, 14588.16, 62880690, 245
3188, 133, 39, 173, 13, 0, 5.66%, 0, 0, 6, 15865.99, 62959973, 245
3193, 133, 5, 173, 13, 0, 5.66%, 0, 0, 6, 11862.67, 63016877, 245
3198, 133, 114, 173, 13, 0, 5.66%, 0, 0, 6, 13256.10, 63085456, 245
3204, 133, 50, 173, 13, 0, 5.66%, 0, 0, 6, 13509.81, 63154516, 245
3209, 133, 9, 173, 13, 0, 5.66%, 0, 0, 6, 14197.99, 63232312, 245
3214, 134, 5, 173, 13, 0, 5.66%, 0, 0, 6, 15886.26, 63313634, 245
3219, 134, 9, 173, 13, 0, 5.66%, 0, 0, 6, 13703.74, 63385024, 245
3224, 134, 9, 173, 13, 0, 5.66%, 0, 0, 6, 14340.01, 63456369, 245
3229, 134, 4, 173, 13, 0, 5.66%, 0, 0, 6, 13323.99, 63524196, 245
3234, 134, 9, 173, 13, 0, 5.66%, 0, 0, 6, 13714.85, 63594873, 245
3239, 134, 9, 173, 13, 0, 5.66%, 0, 0, 6, 13921.87, 63665564, 245
3245, 134, 9, 173, 13, 0, 5.66%, 0, 0, 6, 15412.26, 63741008, 245
3250, 135, 9, 173, 13, 0, 5.66%, 0, 0, 6, 15039.62, 63821288, 245
3255, 135, 9, 173, 13, 0, 5.66%, 0, 0, 6, 14003.56, 63888899, 245
3260, 135, 50, 173, 13, 0, 5.66%, 0, 0, 6, 14460.24, 63966460, 245
3265, 135, 5, 173, 13, 0, 5.66%, 0, 0, 6, 14920.98, 64041924, 245
3270, 135, 9, 173, 13, 0, 5.66%, 0, 0, 6, 12032.19, 64101319, 245
3275, 135, 50, 173, 13, 0, 5.66%, 0, 0, 6, 14885.81, 64179915, 245
3280, 136, 114, 173, 13, 0, 5.66%, 0, 0, 6, 13645.89, 64250488, 245
3286, 136, 9, 173, 13, 0, 5.66%, 0, 0, 6, 16358.08, 64337914, 245
3291, 136, 8, 173, 13, 0, 5.66%, 0, 0, 6, 12112.32, 64400779, 245
3296, 136, 3, 173, 13, 0, 5.66%, 0, 0, 6, 15121.29, 64480516, 245
3301, 136, 5, 173, 13, 0, 5.66%, 0, 0, 6, 12897.39, 64546270, 245
3306, 136, 67, 173, 13, 0, 5.66%, 0, 0, 6, 15666.45, 64627871, 245
3311, 137, 51, 173, 13, 0, 5.66%, 0, 0, 6, 14016.68, 64697398, 245
3316, 137, 9, 173, 13, 0, 5.66%, 0, 0, 6, 11945.10, 64755995, 245
3322, 137, 9, 173, 13, 0, 5.66%, 0, 0, 6, 13042.12, 64827214, 245
3327, 137, 114, 173, 13, 0, 5.66%, 0, 0, 6, 14465.02, 64902893, 245
3332, 137, 51, 173, 13, 0, 5.66%, 0, 0, 6, 14179.93, 64975929, 245
3337, 137, 9, 173, 13, 0, 5.66%, 0, 0, 6, 16090.09, 65059645, 245
3342, 137, 9, 173, 13, 0, 5.66%, 0, 0, 6, 15394.12, 65136053, 245
3347, 138, 58, 173, 13, 0, 5.66%, 0, 0, 6, 14306.03, 65208178, 245
3352, 138, 5, 173, 13, 0, 5.66%, 0, 0, 6, 14035.77, 65282470, 245
3357, 138, 8, 173, 13, 0, 5.66%, 0, 0, 6, 15022.35, 65365071, 245
3362, 138, 8, 173, 13, 0, 5.66%, 0, 0, 6, 14219.15, 65437052, 245
3368, 138, 9, 173, 13, 0, 5.66%, 0, 0, 6, 14487.97, 65513635, 245
3373, 138, 9, 173, 13, 0, 5.66%, 0, 0, 6, 14279.83, 65589306, 245
3378, 139, 9, 173, 13, 0, 5.66%, 0, 0, 6, 16177.67, 65664650, 245
3383, 139, 9, 173, 13, 0, 5.66%, 0, 0, 6, 13828.88, 65730852, 245
3388, 139, 15, 173, 13, 0, 5.66%, 0, 0, 6, 19095.34, 65825969, 245
3393, 139, 5, 173, 13, 0, 5.66%, 0, 0, 6, 16134.82, 65904361, 245
3398, 139, 4, 173, 13, 0, 5.66%, 0, 0, 6, 15485.10, 65980790, 245
3403, 139, 50, 173, 13, 0, 5.66%, 0, 0, 6, 14638.47, 66052810, 245
3408, 139, 9, 173, 13, 0, 5.66%, 0, 0, 6, 14493.47, 66124405, 245
3414, 140, 30, 173, 13, 0, 5.66%, 0, 0, 6, 14873.49, 66197504, 245
3419, 140, 8, 173, 13, 0, 5.66%, 0, 0, 6, 12906.87, 66264317, 245
3424, 140, 114, 173, 13, 0, 5.66%, 0, 0, 6, 14497.23, 66338432, 245
3429, 140, 8, 173, 13, 0, 5.66%, 0, 0, 6, 13579.21, 66410060, 245
3434, 140, 30, 173, 13, 0, 5.66%, 0, 0, 6, 12656.25, 66478676, 245
3439, 140, 8, 173, 13, 0, 5.66%, 0, 0, 6, 12763.61, 66543464, 245
3445, 141, 9, 173, 13, 0, 5.66%, 0, 0, 6, 14929.81, 66617141, 245
3450, 141, 4, 173, 13, 0, 5.66%, 0, 0, 6, 14165.83, 66689666, 245
3455, 141, 84, 173, 13, 0, 5.66%, 0, 0, 6, 12199.19, 66751438, 245
3460, 141, 5, 173, 12, 0, 5.66%, 0, 0, 6, 14595.75, 66832395, 245
3465, 141, 51, 173, 12, 0, 5.66%, 0, 0, 6, 14021.76, 66898606, 245
3470, 141, 4, 173, 12, 0, 5.66%, 0, 0, 6, 13424.32, 66970892, 245
3475, 141, 9, 173, 12, 0, 5.66%, 0, 0, 6, 14954.01, 67048643, 245
3480, 142, 51, 173, 12, 0, 5.66%, 0, 0, 6, 13956.35, 67128106, 245
3485, 142, 9, 173, 12, 0, 5.66%, 0, 0, 6, 15137.66, 67205691, 245
3490, 142, 50, 173, 12, 0, 5.66%, 0, 0, 6, 14073.94, 67281573, 245
3495, 142, 8, 173, 12, 0, 5.66%, 0, 0, 6, 14213.94, 67353708, 245
3500, 142, 110, 173, 12, 0, 5.66%, 0, 0, 6, 13942.36, 67427704, 245
3505, 142, 39, 173, 12, 0, 5.66%, 0, 0, 6, 17795.42, 67517720, 245
3511, 143, 114, 173, 12, 0, 5.66%, 0, 0, 6, 15314.47, 67592784, 245
3516, 143, 5, 173, 12, 0, 5.66%, 0, 0, 6, 13638.81, 67664142, 245
3521, 143, 51, 173, 12, 0, 5.66%, 0, 0, 6, 12334.18, 67727658, 245
3526, 143, 5, 173, 12, 0, 5.66%, 0, 0, 6, 14541.16, 67808294, 245
3531, 143, 51, 173, 12, 0, 5.66%, 0, 0, 6, 13986.70, 67884864, 245
3536, 143, 50, 173, 12, 0, 5.66%, 0, 0, 6, 15292.61, 67967142, 245
3541, 143, 9, 173, 12, 0, 5.66%, 0, 0, 6, 14833.38, 68042611, 245
3546, 144, 5, 173, 12, 0, 5.66%, 0, 0, 6, 15897.64, 68127341, 245
3551, 144, 4, 173, 12, 0, 5.66%, 0, 0, 6, 13984.51, 68196281, 245
3557, 144, 39, 173, 12, 0, 5.66%, 0, 0, 6, 14129.39, 68268954, 245
3562, 144, 9, 173, 12, 0, 5.66%, 0, 0, 6, 13575.81, 68335725, 245
3567, 144, 5, 173, 12, 0, 5.66%, 0, 0, 6, 11636.34, 68395813, 245
3572, 144, 8, 173, 12, 0, 5.66%, 0, 0, 6, 10929.79, 68451611, 245
3577, 145, 9, 173, 12, 0, 5.66%, 0, 0, 6, 15429.70, 68535587, 245
3582, 145, 9, 173, 12, 0, 5.66%, 0, 0, 6, 13118.55, 68602415, 245
3587, 145, 58, 173, 12, 0, 5.66%, 0, 0, 6, 15831.50, 68682375, 245
3592, 145, 51, 173, 12, 0, 5.66%, 0, 0, 6, 14285.63, 68749979, 245
3598, 145, 9, 173, 12, 0, 5.66%, 0, 0, 6, 16152.50, 68836761, 245
3600, 145, 5, 173, 12, 0, 5.66%, 0, 0, 6, 15306.95, 68861661, 245
