# relative_time, cycles_done, cur_item, corpus_count, pending_total, pending_favs, map_size, saved_crashes, saved_hangs, max_depth, execs_per_sec, total_execs, edges_found
60, 0, 192, 259, 216, 0, 8.74%, 0, 0, 4, 20432.88, 1229418, 430
65, 0, 132, 259, 213, 0, 8.74%, 0, 0, 4, 27712.13, 1358351, 430
70, 0, 74, 259, 213, 0, 8.74%, 0, 0, 4, 29339.44, 1506329, 430
75, 0, 0, 262, 214, 0, 8.74%, 0, 0, 4, 30592.85, 1666046, 430
80, 0, 135, 264, 213, 0, 8.74%, 0, 0, 4, 27954.51, 1804236, 430
85, 0, 254, 269, 218, 0, 8.74%, 0, 0, 5, 22171.21, 1916702, 430
91, 0, 74, 269, 217, 0, 8.74%, 0, 0, 5, 23568.56, 2036682, 430
96, 0, 176, 270, 217, 0, 8.74%, 0, 0, 5, 27442.52, 2179617, 430
101, 0, 132, 270, 216, 0, 8.74%, 0, 0, 5, 25735.49, 2298020, 430
106, 0, 74, 271, 215, 0, 8.74%, 0, 0, 5, 28794.70, 2443089, 430
111, 0, 257, 273, 216, 0, 8.74%, 0, 0, 5, 20980.20, 2558050, 430
116, 0, 74, 273, 215, 0, 8.74%, 0, 0, 5, 21854.34, 2646682, 430
121, 0, 71, 275, 216, 0, 8.74%, 0, 0, 5, 26647.67, 2796172, 430
127, 0, 74, 275, 215, 0, 8.74%, 0, 0, 5, 25570.71, 2914040, 430
132, 0, 135, 276, 214, 0, 8.74%, 0, 0, 5, 27264.30, 3055053, 430
137, 0, 194, 276, 213, 0, 8.74%, 0, 0, 5, 22887.92, 3164228, 430
142, 0, 88, 277, 208, 0, 8.74%, 0, 0, 5, 25055.72, 3295405, 430
147, 0, 41, 277, 208, 0, 8.74%, 0, 0, 5, 26020.54, 3426616, 430
152, 1, 266, 282, 209, 0, 8.74%, 0, 0, 6, 18759.85, 3530691, 430
157, 1, 63, 283, 205, 0, 8.74%, 0, 0, 6, 20571.97, 3622652, 430
162, 1, 124, 284, 201, 0, 8.74%, 0, 0, 6, 21875.69, 3732184, 430
167, 1, 272, 286, 202, 0, 8.74%, 0, 0, 6, 14391.59, 3793845, 430
172, 1, 271, 287, 201, 0, 8.74%, 0, 0, 6, 16331.29, 3871589, 430
177, 1, 162, 288, 198, 0, 8.74%, 0, 0, 6, 20386.80, 3966585, 430
183, 1, 74, 288, 195, 0, 8.74%, 0, 0, 6, 24639.21, 4097188, 430
188, 1, 74, 290, 194, 0, 8.74%, 0, 0, 6, 23119.12, 4208235, 430
193, 1, 141, 290, 188, 0, 8.74%, 0, 0, 6, 23584.64, 4329468, 430
198, 1, 280, 297, 192, 0, 8.74%, 0, 0, 7, 16952.63, 4416083, 430
203, 1, 280, 297, 192, 0, 8.74%, 0, 0, 7, 11089.45, 4465836, 430
208, 1, 34, 297, 187, 0, 8.74%, 0, 0, 7, 20802.97, 4578761, 430
213, 1, 292, 299, 189, 0, 8.74%, 0, 0, 7, 11701.72, 4631972, 430
218, 1, 0, 299, 185, 0, 8.74%, 0, 0, 7, 17345.59, 4720962, 430
224, 1, 155, 299, 181, 0, 8.74%, 0, 0, 7, 17588.14, 4820539, 430
229, 1, 183, 299, 179, 0, 8.74%, 0, 0, 7, 13329.14, 4889862, 430
234, 1, 244, 299, 174, 0, 8.74%, 0, 0, 7, 15758.24, 4977335, 430
239, 1, 34, 299, 170, 0, 8.74%, 0, 0, 7, 21064.84, 5083383, 430
244, 1, 0, 300, 167, 0, 8.74%, 0, 0, 7, 19554.75, 5178739, 430
249, 1, 74, 301, 164, 0, 8.74%, 0, 0, 7, 18998.02, 5277416, 430
254, 1, 281, 302, 161, 0, 8.74%, 0, 0, 7, 18510.68, 5381137, 430
259, 1, 20, 304, 159, 0, 8.74%, 0, 0, 7, 18620.48, 5464790, 430
264, 1, 173, 305, 156, 0, 8.74%, 0, 0, 7, 21557.02, 5576286, 430
269, 1, 282, 306, 152, 0, 8.74%, 0, 0, 8, 17699.20, 5668617, 430
274, 1, 62, 306, 146, 0, 8.74%, 0, 0, 8, 16231.29, 5744232, 430
280, 1, 285, 306, 145, 0, 8.74%, 0, 0, 8, 21192.66, 5858268, 430
285, 1, 34, 306, 143, 0, 8.74%, 0, 0, 8, 14183.22, 5930001, 430
290, 1, 0, 306, 142, 0, 8.74%, 0, 0, 8, 24915.29, 6073556, 430
295, 1, 180, 306, 139, 0, 8.74%, 0, 0, 8, 16072.38, 6152781, 430
300, 1, 302, 308, 140, 0, 8.74%, 0, 0, 8, 12509.07, 6217607, 430
305, 1, 302, 310, 142, 0, 8.74%, 0, 0, 8, 9386.95, 6260620, 430
310, 1, 302, 311, 143, 0, 8.74%, 0, 0, 8, 8942.50, 6306850, 430
315, 1, 302, 311, 143, 0, 8.74%, 0, 0, 8, 8616.40, 6349685, 430
321, 1, 309, 312, 138, 0, 8.74%, 0, 0, 8, 14976.68, 6432799, 430
326, 2, 135, 354, 175, 0, 8.74%, 0, 0, 8, 13496.78, 6493700, 430
331, 2, 59, 354, 172, 0, 8.74%, 0, 0, 8, 13588.18, 6567758, 430
336, 2, 132, 354, 167, 0, 8.74%, 0, 0, 8, 13482.79, 6638374, 430
341, 2, 182, 354, 165, 0, 8.74%, 0, 0, 8, 10772.61, 6713764, 430
346, 2, 132, 354, 162, 0, 8.74%, 0, 0, 8, 19813.10, 6822081, 430
351, 2, 288, 354, 157, 0, 8.74%, 0, 0, 8, 18075.71, 6901409, 430
357, 2, 351, 354, 152, 0, 8.74%, 0, 0, 8, 14452.83, 6970186, 430
362, 2, 339, 354, 150, 0, 8.74%, 0, 0, 8, 13136.90, 7034803, 430
367, 2, 345, 354, 149, 0, 8.74%, 0, 0, 8, 10165.18, 7089710, 430
372, 2, 298, 354, 144, 0, 8.74%, 0, 0, 8, 13245.66, 7164783, 430
377, 2, 74, 354, 138, 0, 8.74%, 0, 0, 8, 16775.96, 7239533, 430
382, 2, 74, 354, 136, 0, 8.74%, 0, 0, 8, 19507.90, 7342559, 430
387, 2, 307, 354, 131, 0, 8.74%, 0, 0, 8, 15447.18, 7421802, 430
392, 2, 349, 354, 130, 0, 8.74%, 0, 0, 8, 3803.78, 7474119, 430
397, 2, 135, 354, 128, 0, 8.74%, 0, 0, 8, 16461.89, 7556754, 430
402, 2, 74, 354, 126, 0, 8.74%, 0, 0, 8, 18270.15, 7653210, 430
408, 2, 323, 354, 123, 0, 8.74%, 0, 0, 8, 15687.10, 7733877, 430
413, 2, 0, 354, 119, 0, 8.74%, 0, 0, 8, 18723.41, 7843022, 430
418, 2, 288, 354, 116, 0, 8.74%, 0, 0, 8, 17086.87, 7918523, 430
423, 2, 293, 354, 112, 0, 8.74%, 0, 0, 8, 18011.31, 8019735, 430
428, 2, 343, 355, 112, 0, 8.74%, 0, 0, 8, 10105.69, 8061559, 430
433, 2, 309, 355, 111, 0, 8.74%, 0, 0, 8, 17421.56, 8152301, 430
438, 2, 351, 356, 110, 0, 8.74%, 0, 0, 8, 14925.69, 8226931, 430
443, 2, 351, 356, 110, 0, 8.74%, 0, 0, 8, 11216.06, 8281780, 430
448, 2, 342, 357, 110, 0, 8.74%, 0, 0, 8, 11368.50, 8351451, 430
454, 2, 0, 357, 109, 0, 8.74%, 0, 0, 8, 10765.34, 8402213, 430
459, 2, 0, 357, 106, 0, 8.74%, 0, 0, 8, 15462.86, 8486761, 430
464, 2, 232, 357, 104, 0, 8.74%, 0, 0, 8, 13603.31, 8563676, 430
469, 2, 305, 357, 102, 0, 8.74%, 0, 0, 8, 12683.71, 8622686, 430
474, 2, 132, 357, 100, 0, 8.74%, 0, 0, 8, 13974.38, 8688311, 430
479, 2, 309, 357, 100, 0, 8.74%, 0, 0, 8, 8810.34, 8728825, 430
484, 2, 0, 357, 99, 0, 8.74%, 0, 0, 8, 19655.67, 8843859, 430
489, 2, 354, 357, 96, 0, 8.74%, 0, 0, 8, 17923.67, 8940997, 430
494, 2, 56, 357, 94, 0, 8.74%, 0, 0, 8, 20195.12, 9031102, 430
500, 2, 168, 357, 93, 0, 8.74%, 0, 0, 8, 22835.83, 9160061, 430
505, 2, 136, 357, 88, 0, 8.74%, 0, 0, 8, 22069.92, 9267218, 430
510, 2, 0, 357, 86, 0, 8.74%, 0, 0, 8, 23739.09, 9376448, 430
515, 2, 356, 357, 85, 0, 8.74%, 0, 0, 8, 10509.49, 9451252, 430
520, 2, 296, 357, 84, 0, 8.74%, 0, 0, 8, 10730.36, 9504801, 430
525, 2, 332, 357, 83, 0, 8.74%, 0, 0, 8, 12493.76, 9565475, 430
530, 2, 280, 357, 81, 0, 8.74%, 0, 0, 8, 19367.32, 9669619, 430
535, 2, 339, 357, 80, 0, 8.74%, 0, 0, 8, 19199.10, 9780320, 430
540, 3, 0, 357, 77, 0, 8.74%, 0, 0, 8, 18133.51, 9867826, 430
545, 3, 209, 357, 76, 0, 8.74%, 0, 0, 8, 20058.48, 9976658, 430
551, 3, 144, 358, 71, 0, 8.74%, 0, 0, 8, 21729.97, 10077619, 430
556, 3, 352, 358, 71, 0, 8.74%, 0, 0, 8, 13656.56, 10135955, 430
561, 3, 0, 358, 68, 0, 8.74%, 0, 0, 8, 21562.02, 10234699, 430
566, 3, 307, 358, 68, 0, 8.74%, 0, 0, 8, 12442.75, 10294423, 430
571, 3, 349, 358, 67, 0, 8.74%, 0, 0, 8, 16605.21, 10393964, 430
576, 3, 0, 358, 66, 0, 8.74%, 0, 0, 8, 11819.19, 10444459, 430
581, 3, 74, 358, 64, 0, 8.74%, 0, 0, 8, 19304.69, 10556883, 430
587, 3, 18, 358, 61, 0, 8.74%, 0, 0, 8, 21517.19, 10676912, 430
592, 3, 74, 358, 60, 0, 8.74%, 0, 0, 8, 24654.50, 10793138, 430
597, 3, 309, 358, 59, 0, 8.74%, 0, 0, 8, 15658.77, 10866891, 430
602, 3, 118, 358, 57, 0, 8.74%, 0, 0, 8, 15261.75, 10951802, 430
607, 3, 306, 358, 54, 0, 8.74%, 0, 0, 8, 15217.23, 11037498, 430
612, 3, 0, 358, 52, 0, 8.74%, 0, 0, 8, 22518.80, 11158449, 430
617, 3, 124, 358, 51, 0, 8.74%, 0, 0, 8, 21265.93, 11254126, 430
622, 3, 179, 358, 51, 0, 8.74%, 0, 0, 8, 21629.35, 11374306, 430
627, 3, 334, 358, 50, 0, 8.74%, 0, 0, 8, 18067.26, 11447771, 430
633, 3, 0, 358, 48, 0, 8.74%, 0, 0, 8, 20678.78, 11546420, 430
638, 3, 329, 358, 46, 0, 8.74%, 0, 0, 8, 21833.96, 11661716, 430
643, 3, 56, 359, 45, 0, 8.74%, 0, 0, 8, 24272.73, 11781568, 430
648, 3, 74, 359, 43, 0, 8.74%, 0, 0, 8, 22901.12, 11877474, 430
653, 3, 340, 360, 44, 0, 8.74%, 0, 0, 9, 22748.72, 11978274, 430
658, 3, 351, 360, 44, 0, 8.74%, 0, 0, 9, 14366.21, 12036268, 430
663, 3, 97, 360, 44, 0, 8.74%, 0, 0, 9, 20066.76, 12128407, 430
668, 3, 74, 360, 43, 0, 8.74%, 0, 0, 9, 22194.34, 12234081, 430
673, 3, 0, 360, 43, 0, 8.74%, 0, 0, 9, 24199.01, 12376860, 430
678, 3, 135, 360, 43, 0, 8.74%, 0, 0, 9, 26060.67, 12508919, 430
684, 3, 132, 360, 43, 0, 8.74%, 0, 0, 9, 18290.97, 12598521, 430
689, 3, 202, 360, 42, 0, 8.74%, 0, 0, 9, 16002.37, 12678905, 430
694, 3, 359, 360, 42, 0, 8.74%, 0, 0, 9, 12496.68, 12746226, 430
699, 3, 340, 360, 41, 0, 8.74%, 0, 0, 9, 16871.00, 12845583, 430
704, 3, 164, 361, 41, 0, 8.74%, 0, 0, 9, 20748.76, 12958686, 430
709, 3, 341, 361, 40, 0, 8.74%, 0, 0, 9, 3940.63, 13060403, 430
714, 4, 421, 427, 104, 12, 9.25%, 0, 0, 9, 13466.66, 13136783, 455
719, 4, 421, 432, 109, 12, 9.25%, 0, 0, 9, 22023.28, 13252389, 455
724, 4, 418, 442, 117, 10, 9.25%, 0, 0, 9, 21560.13, 13367348, 455
729, 4, 417, 452, 122, 5, 9.25%, 0, 0, 9, 23765.00, 13486892, 455
735, 4, 417, 454, 124, 5, 9.25%, 0, 0, 9, 21564.05, 13594315, 455
737, 4, 57, 454, 123, 4, 9.25%, 0, 0, 9, 20756.01, 13649096, 455
