# relative_time, cycles_done, cur_item, corpus_count, pending_total, pending_favs, map_size, saved_crashes, saved_hangs, max_depth, execs_per_sec, total_execs, edges_found
61, 0, 37, 121, 120, 42, 7.64%, 0, 0, 3, 12280.44, 780596, 1195
66, 0, 140, 163, 161, 80, 7.96%, 0, 0, 4, 13011.00, 848790, 1245
72, 0, 140, 163, 161, 80, 7.96%, 0, 0, 4, 13045.18, 916443, 1245
77, 0, 140, 163, 161, 80, 7.96%, 0, 0, 4, 13116.53, 982237, 1245
82, 0, 140, 163, 161, 80, 7.96%, 0, 0, 4, 12834.36, 1048024, 1245
87, 0, 140, 163, 161, 80, 7.96%, 0, 0, 4, 12967.60, 1113786, 1245
92, 0, 140, 163, 161, 80, 7.96%, 0, 0, 4, 12684.33, 1179648, 1245
98, 0, 140, 163, 161, 80, 7.96%, 0, 0, 4, 13114.84, 1249155, 1245
103, 0, 140, 163, 161, 80, 7.96%, 0, 0, 4, 12797.93, 1313053, 1245
108, 0, 140, 163, 161, 80, 7.96%, 0, 0, 4, 13071.70, 1378846, 1245
113, 0, 140, 163, 161, 80, 7.96%, 0, 0, 4, 13213.44, 1448249, 1245
118, 0, 140, 163, 161, 80, 7.96%, 0, 0, 4, 13351.95, 1517762, 1245
123, 0, 140, 163, 161, 80, 7.96%, 0, 0, 4, 13103.53, 1583559, 1245
128, 0, 140, 163, 161, 80, 7.96%, 0, 0, 4, 13085.45, 1649450, 1245
133, 0, 140, 163, 161, 80, 7.96%, 0, 0, 4, 13158.80, 1715166, 1245
138, 0, 140, 167, 165, 80, 7.96%, 0, 0, 4, 12977.57, 1782646, 1245
143, 0, 140, 171, 169, 80, 8.06%, 0, 0, 4, 12343.48, 1843882, 1262
149, 0, 10, 185, 182, 88, 8.64%, 0, 0, 4, 13840.35, 1915949, 1352
154, 0, 10, 185, 182, 88, 8.64%, 0, 0, 4, 15946.90, 1999707, 1352
159, 0, 10, 185, 182, 88, 8.64%, 0, 0, 4, 15865.78, 2083353, 1352
164, 0, 10, 185, 182, 88, 8.64%, 0, 0, 4, 16212.54, 2168196, 1352
169, 0, 10, 185, 182, 88, 8.64%, 0, 0, 4, 15927.65, 2250716, 1352
175, 0, 10, 185, 182, 88, 8.64%, 0, 0, 4, 16567.24, 2336800, 1352
180, 0, 10, 185, 182, 88, 8.64%, 0, 0, 4, 15963.77, 2418246, 1352
185, 0, 10, 185, 182, 88, 8.64%, 0, 0, 4, 16327.44, 2504203, 1352
190, 0, 41, 196, 192, 96, 8.72%, 0, 0, 4, 14263.17, 2577060, 1365
195, 0, 41, 196, 192, 96, 8.72%, 0, 0, 4, 14511.25, 2653199, 1365
200, 0, 41, 196, 192, 96, 8.72%, 0, 0, 4, 13795.41, 2719710, 1365
206, 0, 41, 196, 192, 96, 8.72%, 0, 0, 4, 14419.88, 2793849, 1365
211, 0, 147, 197, 192, 96, 8.73%, 0, 0, 4, 13532.49, 2863491, 1366
216, 0, 147, 197, 192, 96, 8.73%, 0, 0, 4, 12630.44, 2928254, 1366
221, 0, 147, 197, 192, 96, 8.73%, 0, 0, 4, 12373.39, 2989658, 1366
226, 0, 147, 197, 192, 96, 8.73%, 0, 0, 4, 12342.93, 3054434, 1366
231, 0, 147, 197, 192, 96, 8.73%, 0, 0, 4, 12399.71, 3119118, 1366
237, 0, 147, 197, 192, 96, 8.73%, 0, 0, 4, 12380.19, 3183886, 1366
242, 0, 147, 197, 192, 96, 8.73%, 0, 0, 4, 12366.27, 3248658, 1366
247, 0, 147, 197, 192, 96, 8.73%, 0, 0, 4, 12518.71, 3313380, 1366
252, 0, 147, 197, 192, 96, 8.73%, 0, 0, 4, 12590.71, 3378073, 1366
257, 0, 147, 197, 192, 96, 8.73%, 0, 0, 4, 12509.96, 3442797, 1366
263, 0, 147, 197, 192, 96, 8.73%, 0, 0, 4, 12529.38, 3507549, 1366
268, 0, 147, 197, 192, 96, 8.73%, 0, 0, 4, 12602.39, 3572317, 1366
273, 0, 147, 197, 192, 96, 8.73%, 0, 0, 4, 12894.30, 3637079, 1366
275, 0, 147, 197, 192, 96, 8.73%, 0, 0, 4, 13727.36, 3661802, 1366
