# relative_time, cycles_done, cur_item, corpus_count, pending_total, pending_favs, map_size, saved_crashes, saved_hangs, max_depth, execs_per_sec, total_execs, edges_found
61, 0, 49, 136, 106, 0, 5.66%, 0, 0, 3, 19140.49, 1263848, 245
66, 0, 0, 138, 105, 0, 5.66%, 0, 0, 3, 19903.33, 1372950, 245
71, 0, 48, 139, 104, 0, 5.66%, 0, 0, 3, 19631.17, 1471996, 245
76, 1, 48, 139, 98, 0, 5.66%, 0, 0, 3, 16229.64, 1558744, 245
81, 1, 72, 139, 93, 0, 5.66%, 0, 0, 3, 23274.71, 1673875, 245
86, 1, 2, 139, 90, 0, 5.66%, 0, 0, 3, 18823.70, 1760628, 245
91, 1, 85, 139, 89, 0, 5.66%, 0, 0, 3, 17464.60, 1852204, 245
97, 1, 138, 142, 88, 0, 5.66%, 0, 0, 3, 13942.81, 1926072, 245
102, 1, 138, 143, 89, 0, 5.66%, 0, 0, 3, 16211.72, 2009483, 245
107, 1, 108, 143, 86, 0, 5.66%, 0, 0, 3, 18507.35, 2104470, 245
112, 1, 101, 143, 84, 0, 5.66%, 0, 0, 3, 14909.77, 2181203, 245
117, 1, 81, 143, 81, 0, 5.66%, 0, 0, 3, 13339.56, 2255160, 245
122, 1, 49, 144, 75, 0, 5.66%, 0, 0, 3, 20696.27, 2359205, 245
127, 1, 2, 144, 74, 0, 5.66%, 0, 0, 3, 16327.61, 2430126, 245
132, 1, 91, 144, 70, 0, 5.66%, 0, 0, 3, 21421.44, 2558926, 245
137, 1, 142, 144, 66, 0, 5.66%, 0, 0, 3, 17031.84, 2637296, 245
142, 1, 136, 145, 62, 0, 5.66%, 0, 0, 3, 16495.94, 2718261, 245
147, 1, 99, 145, 60, 0, 5.66%, 0, 0, 3, 15269.79, 2796973, 245
152, 1, 2, 145, 59, 0, 5.66%, 0, 0, 3, 18436.89, 2890072, 245
157, 2, 17, 148, 57, 0, 5.66%, 0, 0, 3, 17356.60, 2981686, 245
162, 2, 108, 148, 52, 0, 5.66%, 0, 0, 3, 23366.87, 3101432, 245
168, 2, 48, 148, 49, 0, 5.66%, 0, 0, 3, 20102.75, 3205744, 245
173, 2, 48, 151, 48, 0, 5.66%, 0, 0, 3, 18999.42, 3307669, 245
178, 2, 2, 152, 47, 0, 5.66%, 0, 0, 4, 21253.99, 3421498, 245
183, 2, 108, 152, 44, 0, 5.66%, 0, 0, 4, 20811.38, 3534651, 245
188, 2, 48, 152, 39, 0, 5.66%, 0, 0, 4, 18411.13, 3624985, 245
193, 2, 2, 152, 36, 0, 5.66%, 0, 0, 4, 18927.28, 3722715, 245
198, 2, 119, 152, 33, 0, 5.66%, 0, 0, 4, 18951.32, 3822799, 245
203, 2, 48, 153, 31, 0, 5.66%, 0, 0, 4, 20400.23, 3918093, 245
208, 2, 106, 153, 29, 0, 5.66%, 0, 0, 4, 19805.13, 4012208, 245
213, 2, 153, 156, 28, 0, 5.66%, 0, 0, 5, 20724.50, 4122426, 245
218, 2, 155, 157, 27, 0, 5.66%, 0, 0, 6, 17316.73, 4204429, 245
223, 2, 2, 157, 25, 0, 5.66%, 0, 0, 6, 19974.99, 4307107, 245
228, 2, 154, 157, 23, 0, 5.66%, 0, 0, 6, 23377.27, 4431835, 245
233, 3, 103, 157, 21, 0, 5.66%, 0, 0, 6, 26675.08, 4566546, 245
239, 3, 98, 157, 20, 0, 5.66%, 0, 0, 6, 23119.08, 4670895, 245
244, 3, 154, 157, 18, 0, 5.66%, 0, 0, 6, 18738.25, 4770714, 245
249, 3, 2, 157, 18, 0, 5.66%, 0, 0, 6, 23469.69, 4889061, 245
254, 3, 40, 157, 16, 0, 5.66%, 0, 0, 6, 20829.48, 4990111, 245
259, 3, 88, 157, 16, 0, 5.66%, 0, 0, 6, 21948.66, 5101720, 245
264, 3, 2, 157, 16, 0, 5.66%, 0, 0, 6, 23035.10, 5210504, 245
269, 3, 87, 157, 14, 0, 5.66%, 0, 0, 6, 22427.83, 5318895, 245
274, 3, 0, 157, 11, 0, 5.66%, 0, 0, 6, 20562.30, 5413023, 245
279, 3, 2, 157, 10, 0, 5.66%, 0, 0, 6, 24853.46, 5539241, 245
284, 3, 67, 157, 8, 0, 5.66%, 0, 0, 6, 25043.34, 5675674, 245
290, 3, 2, 157, 8, 0, 5.66%, 0, 0, 6, 26802.15, 5803699, 245
295, 3, 0, 157, 7, 0, 5.66%, 0, 0, 6, 25604.84, 5935788, 245
300, 4, 166, 175, 24, 0, 5.66%, 0, 0, 6, 20139.28, 6026213, 245
305, 4, 32, 175, 22, 0, 5.66%, 0, 0, 6, 11343.10, 6091057, 245
310, 4, 2, 175, 22, 0, 5.66%, 0, 0, 6, 16829.43, 6188051, 245
315, 4, 174, 175, 22, 0, 5.66%, 0, 0, 6, 9849.64, 6243281, 245
320, 4, 169, 175, 21, 0, 5.66%, 0, 0, 6, 24102.99, 6372727, 245
325, 4, 164, 175, 20, 0, 5.66%, 0, 0, 6, 9300.31, 6427467, 245
330, 4, 171, 175, 19, 0, 5.66%, 0, 0, 6, 11560.15, 6487957, 245
335, 4, 163, 175, 17, 0, 5.66%, 0, 0, 6, 17114.33, 6594614, 245
341, 4, 173, 175, 16, 0, 5.66%, 0, 0, 6, 1770.75, 6704590, 245
346, 4, 173, 175, 16, 0, 5.66%, 0, 0, 6, 10858.43, 6752955, 245
351, 4, 9, 175, 13, 0, 5.66%, 0, 0, 6, 21015.48, 6868776, 245
356, 4, 88, 175, 12, 0, 5.66%, 0, 0, 6, 21106.11, 6988608, 245
361, 4, 2, 175, 12, 0, 5.66%, 0, 0, 6, 26231.12, 7127241, 245
366, 4, 165, 175, 11, 0, 5.66%, 0, 0, 6, 9264.25, 7185380, 245
371, 4, 159, 175, 9, 0, 5.66%, 0, 0, 6, 10751.69, 7238813, 245
376, 4, 100, 175, 7, 0, 5.66%, 0, 0, 6, 18456.93, 7350891, 245
381, 4, 67, 175, 7, 0, 5.66%, 0, 0, 6, 24589.69, 7469763, 245
387, 4, 48, 175, 7, 0, 5.66%, 0, 0, 6, 22863.65, 7586859, 245
392, 4, 48, 175, 7, 0, 5.66%, 0, 0, 6, 27501.91, 7723521, 245
397, 4, 48, 175, 7, 0, 5.66%, 0, 0, 6, 20185.20, 7800162, 245
402, 5, 175, 176, 8, 0, 5.66%, 0, 0, 6, 24999.04, 7947346, 245
407, 5, 32, 176, 7, 0, 5.66%, 0, 0, 6, 22271.77, 8051026, 245
412, 5, 2, 176, 6, 0, 5.66%, 0, 0, 6, 25126.62, 8183656, 245
417, 5, 67, 176, 6, 0, 5.66%, 0, 0, 6, 18989.03, 8283894, 245
422, 5, 164, 176, 6, 0, 5.66%, 0, 0, 6, 15701.45, 8359153, 245
427, 5, 2, 176, 6, 0, 5.66%, 0, 0, 6, 22529.79, 8483286, 245
432, 5, 101, 176, 5, 0, 5.66%, 0, 0, 6, 23010.72, 8607006, 245
437, 5, 48, 176, 5, 0, 5.66%, 0, 0, 6, 21051.68, 8700122, 245
443, 5, 155, 176, 5, 0, 5.66%, 0, 0, 6, 27367.48, 8851453, 245
448, 5, 48, 176, 5, 0, 5.66%, 0, 0, 6, 26207.84, 8981132, 245
453, 5, 48, 176, 5, 0, 5.66%, 0, 0, 6, 27786.54, 9131097, 245
458, 5, 2, 176, 5, 0, 5.66%, 0, 0, 6, 25701.74, 9252736, 245
463, 5, 48, 176, 4, 0, 5.66%, 0, 0, 6, 24255.91, 9374935, 245
468, 5, 172, 176, 4, 0, 5.66%, 0, 0, 6, 11090.12, 9457421, 245
473, 6, 67, 176, 3, 0, 5.66%, 0, 0, 6, 16755.68, 9538751, 245
478, 6, 168, 176, 3, 0, 5.66%, 0, 0, 6, 11749.64, 9603898, 245
483, 6, 79, 176, 2, 0, 5.66%, 0, 0, 6, 22128.45, 9722905, 245
489, 6, 173, 176, 2, 0, 5.66%, 0, 0, 6, 16849.46, 9810467, 245
494, 6, 81, 176, 2, 0, 5.66%, 0, 0, 6, 16477.96, 9882059, 245
499, 6, 92, 176, 2, 0, 5.66%, 0, 0, 6, 16059.65, 9959691, 245
504, 6, 32, 176, 2, 0, 5.66%, 0, 0, 6, 22320.20, 10084872, 245
509, 6, 0, 176, 2, 0, 5.66%, 0, 0, 6, 20331.33, 10174829, 245
514, 6, 48, 176, 2, 0, 5.66%, 0, 0, 6, 23672.09, 10300790, 245
519, 6, 172, 176, 2, 0, 5.66%, 0, 0, 6, 18715.86, 10398917, 245
524, 6, 166, 176, 2, 0, 5.66%, 0, 0, 6, 15160.02, 10475217, 245
529, 6, 166, 176, 2, 0, 5.66%, 0, 0, 6, 17829.42, 10576499, 245
534, 6, 2, 176, 2, 0, 5.66%, 0, 0, 6, 21485.18, 10686924, 245
540, 6, 126, 176, 2, 0, 5.66%, 0, 0, 6, 17139.05, 10772840, 245
545, 6, 2, 176, 1, 0, 5.66%, 0, 0, 6, 19183.23, 10872101, 245
550, 6, 168, 176, 1, 0, 5.66%, 0, 0, 6, 13633.20, 10940589, 245
555, 7, 2, 176, 1, 0, 5.66%, 0, 0, 6, 18845.05, 11045932, 245
560, 7, 48, 176, 1, 0, 5.66%, 0, 0, 6, 20893.91, 11153889, 245
565, 7, 0, 176, 1, 0, 5.66%, 0, 0, 6, 22613.97, 11267495, 245
570, 7, 2, 176, 1, 0, 5.66%, 0, 0, 6, 21735.10, 11383399, 245
575, 7, 48, 176, 1, 0, 5.66%, 0, 0, 6, 22879.98, 11508138, 245
580, 7, 2, 176, 1, 0, 5.66%, 0, 0, 6, 23919.90, 11621600, 245
585, 7, 2, 176, 1, 0, 5.66%, 0, 0, 6, 22908.39, 11729876, 245
590, 7, 67, 176, 1, 0, 5.66%, 0, 0, 6, 25861.14, 11862499, 245
596, 7, 171, 176, 1, 0, 5.66%, 0, 0, 6, 20677.13, 11973742, 245
601, 7, 48, 176, 1, 0, 5.66%, 0, 0, 6, 21342.91, 12062988, 245
606, 7, 81, 176, 1, 0, 5.66%, 0, 0, 6, 14847.66, 12141374, 245
611, 7, 2, 176, 1, 0, 5.66%, 0, 0, 6, 16425.06, 12223057, 245
616, 8, 101, 176, 1, 0, 5.66%, 0, 0, 6, 14470.84, 12305157, 245
621, 8, 167, 176, 1, 0, 5.66%, 0, 0, 6, 16675.92, 12396885, 245
626, 8, 172, 176, 1, 0, 5.66%, 0, 0, 6, 21119.22, 12508293, 245
631, 8, 40, 177, 2, 0, 5.66%, 0, 0, 6, 19744.64, 12590716, 245
636, 8, 42, 178, 3, 0, 5.66%, 0, 0, 6, 19971.56, 12697765, 245
642, 8, 178, 179, 4, 0, 5.66%, 0, 0, 6, 5130.43, 12800774, 245
647, 8, 49, 179, 3, 0, 5.66%, 0, 0, 6, 14255.06, 12875194, 245
652, 8, 177, 179, 3, 0, 5.66%, 0, 0, 6, 7778.49, 12959483, 245
657, 8, 48, 179, 2, 0, 5.66%, 0, 0, 6, 15030.97, 13040271, 245
662, 8, 176, 179, 2, 0, 5.66%, 0, 0, 6, 4102.82, 13143228, 245
667, 8, 48, 179, 1, 0, 5.66%, 0, 0, 6, 14923.76, 13224699, 245
672, 8, 2, 179, 1, 0, 5.66%, 0, 0, 6, 15416.56, 13303612, 245
677, 8, 2, 179, 1, 0, 5.66%, 0, 0, 6, 18784.58, 13408086, 245
682, 8, 101, 179, 0, 0, 5.66%, 0, 0, 6, 19298.21, 13508007, 245
688, 8, 90, 179, 0, 0, 5.66%, 0, 0, 6, 16510.24, 13589412, 245
693, 8, 162, 179, 0, 0, 5.66%, 0, 0, 6, 23500.34, 13715304, 245
698, 9, 67, 179, 0, 0, 5.66%, 0, 0, 6, 25558.02, 13843252, 245
703, 9, 40, 179, 0, 0, 5.66%, 0, 0, 6, 25192.08, 13965916, 245
708, 9, 173, 179, 0, 0, 5.66%, 0, 0, 6, 16868.65, 14052352, 245
713, 9, 163, 179, 0, 0, 5.66%, 0, 0, 6, 20937.32, 14154158, 245
718, 9, 169, 179, 0, 0, 5.66%, 0, 0, 6, 20187.11, 14251579, 245
723, 9, 163, 179, 0, 0, 5.66%, 0, 0, 6, 18402.74, 14337625, 245
729, 9, 168, 179, 0, 0, 5.66%, 0, 0, 6, 13485.33, 14402416, 245
734, 9, 138, 179, 0, 0, 5.66%, 0, 0, 6, 14151.64, 14467646, 245
739, 9, 38, 179, 0, 0, 5.66%, 0, 0, 6, 21814.93, 14581591, 245
744, 9, 67, 179, 0, 0, 5.66%, 0, 0, 6, 21894.47, 14688797, 245
749, 9, 2, 179, 0, 0, 5.66%, 0, 0, 6, 23976.08, 14803712, 245
754, 9, 128, 179, 0, 0, 5.66%, 0, 0, 6, 23168.34, 14926435, 245
759, 9, 53, 179, 0, 0, 5.66%, 0, 0, 6, 21639.18, 15028664, 245
764, 10, 2, 179, 0, 0, 5.66%, 0, 0, 6, 23417.41, 15150542, 245
769, 10, 178, 179, 0, 0, 5.66%, 0, 0, 6, 21839.79, 15253692, 245
775, 10, 141, 179, 0, 0, 5.66%, 0, 0, 6, 21201.12, 15351274, 245
780, 10, 173, 179, 0, 0, 5.66%, 0, 0, 6, 13429.82, 15408368, 245
785, 10, 2, 179, 0, 0, 5.66%, 0, 0, 6, 19940.27, 15523530, 245
790, 10, 48, 179, 0, 0, 5.66%, 0, 0, 6, 18978.75, 15615914, 245
795, 10, 166, 179, 0, 0, 5.66%, 0, 0, 6, 15915.43, 15703226, 245
800, 10, 178, 179, 0, 0, 5.66%, 0, 0, 6, 15966.66, 15793482, 245
805, 10, 2, 179, 0, 0, 5.66%, 0, 0, 6, 22671.93, 15923243, 245
810, 10, 139, 179, 0, 0, 5.66%, 0, 0, 6, 22200.29, 16029812, 245
815, 10, 122, 179, 0, 0, 5.66%, 0, 0, 6, 18135.09, 16125331, 245
820, 10, 159, 179, 0, 0, 5.66%, 0, 0, 6, 22745.45, 16242808, 245
825, 10, 48, 179, 0, 0, 5.66%, 0, 0, 6, 16073.04, 16321040, 245
831, 10, 48, 179, 0, 0, 5.66%, 0, 0, 6, 24080.03, 16456480, 245
836, 10, 67, 179, 0, 0, 5.66%, 0, 0, 6, 19308.47, 16557435, 245
841, 11, 9, 179, 0, 0, 5.66%, 0, 0, 6, 22565.37, 16664169, 245
846, 11, 2, 179, 0, 0, 5.66%, 0, 0, 6, 16734.71, 16739192, 245
851, 11, 48, 179, 0, 0, 5.66%, 0, 0, 6, 17567.39, 16825112, 245
856, 11, 168, 179, 0, 0, 5.66%, 0, 0, 6, 19613.68, 16933455, 245
861, 11, 48, 179, 0, 0, 5.66%, 0, 0, 6, 24316.97, 17040922, 245
866, 11, 2, 179, 0, 0, 5.66%, 0, 0, 6, 17566.21, 17125599, 245
872, 11, 161, 179, 0, 0, 5.66%, 0, 0, 6, 23292.22, 17253557, 245
877, 11, 70, 179, 0, 0, 5.66%, 0, 0, 6, 19296.19, 17348589, 245
882, 11, 83, 179, 0, 0, 5.66%, 0, 0, 6, 18443.96, 17442871, 245
887, 11, 48, 179, 0, 0, 5.66%, 0, 0, 6, 16984.34, 17540466, 245
892, 11, 165, 179, 0, 0, 5.66%, 0, 0, 6, 19189.33, 17650087, 245
897, 11, 90, 179, 0, 0, 5.66%, 0, 0, 6, 14485.81, 17719550, 245
902, 11, 67, 179, 0, 0, 5.66%, 0, 0, 6, 21695.96, 17840419, 245
907, 12, 2, 179, 0, 0, 5.66%, 0, 0, 6, 22410.61, 17955794, 245
912, 12, 2, 179, 0, 0, 5.66%, 0, 0, 6, 20393.31, 18048393, 245
917, 12, 166, 179, 0, 0, 5.66%, 0, 0, 6, 18901.09, 18150122, 245
923, 12, 67, 179, 0, 0, 5.66%, 0, 0, 6, 22105.25, 18258945, 245
928, 12, 2, 179, 0, 0, 5.66%, 0, 0, 6, 22391.77, 18362987, 245
933, 12, 71, 179, 0, 0, 5.66%, 0, 0, 6, 24412.80, 18485893, 245
938, 12, 48, 179, 0, 0, 5.66%, 0, 0, 6, 22413.79, 18595191, 245
943, 12, 104, 179, 0, 0, 5.66%, 0, 0, 6, 24136.62, 18724189, 245
948, 12, 2, 179, 0, 0, 5.66%, 0, 0, 6, 18071.97, 18801040, 245
953, 12, 164, 179, 0, 0, 5.66%, 0, 0, 6, 21380.26, 18929493, 245
958, 12, 162, 179, 0, 0, 5.66%, 0, 0, 6, 20285.14, 19031262, 245
963, 12, 167, 179, 0, 0, 5.66%, 0, 0, 6, 20077.76, 19139906, 245
969, 13, 48, 179, 0, 0, 5.66%, 0, 0, 6, 22871.19, 19240438, 245
974, 13, 2, 179, 0, 0, 5.66%, 0, 0, 6, 26608.21, 19365571, 245
979, 13, 156, 179, 0, 0, 5.66%, 0, 0, 6, 20164.34, 19458638, 245
984, 13, 40, 179, 0, 0, 5.66%, 0, 0, 6, 20271.01, 19549921, 245
989, 13, 173, 179, 0, 0, 5.66%, 0, 0, 6, 12646.79, 19605984, 245
994, 13, 2, 179, 0, 0, 5.66%, 0, 0, 6, 20466.18, 19721249, 245
999, 13, 0, 179, 0, 0, 5.66%, 0, 0, 6, 20459.90, 19815797, 245
1004, 13, 2, 179, 0, 0, 5.66%, 0, 0, 6, 23607.42, 19941115, 245
1009, 13, 176, 179, 0, 0, 5.66%, 0, 0, 6, 15458.30, 20015418, 245
1015, 13, 167, 179, 0, 0, 5.66%, 0, 0, 6, 13467.97, 20082467, 245
1020, 13, 166, 179, 0, 0, 5.66%, 0, 0, 6, 22033.73, 20197842, 245
1025, 13, 171, 179, 0, 0, 5.66%, 0, 0, 6, 16656.01, 20275749, 245
1030, 13, 166, 179, 0, 0, 5.66%, 0, 0, 6, 14698.17, 20342282, 245
1035, 13, 40, 179, 0, 0, 5.66%, 0, 0, 6, 21146.33, 20449186, 245
1040, 13, 171, 179, 0, 0, 5.66%, 0, 0, 6, 19884.47, 20549086, 245
1045, 13, 0, 179, 0, 0, 5.66%, 0, 0, 6, 18319.25, 20632010, 245
1050, 14, 67, 179, 0, 0, 5.66%, 0, 0, 6, 16641.17, 20715446, 245
1055, 14, 2, 179, 0, 0, 5.66%, 0, 0, 6, 19661.10, 20813796, 245
1060, 14, 63, 179, 0, 0, 5.66%, 0, 0, 6, 23088.39, 20918719, 245
1065, 14, 106, 179, 0, 0, 5.66%, 0, 0, 6, 18617.94, 21016856, 245
1070, 14, 48, 179, 0, 0, 5.66%, 0, 0, 6, 23266.48, 21124772, 245
1075, 14, 2, 179, 0, 0, 5.66%, 0, 0, 6, 18726.69, 21219374, 245
1081, 14, 96, 179, 0, 0, 5.66%, 0, 0, 6, 14479.05, 21285624, 245
1086, 14, 48, 179, 0, 0, 5.66%, 0, 0, 6, 17048.15, 21367633, 245
1091, 14, 177, 179, 0, 0, 5.66%, 0, 0, 6, 13197.16, 21433986, 245
1096, 14, 32, 179, 0, 0, 5.66%, 0, 0, 6, 20426.81, 21548745, 245
1101, 14, 154, 179, 0, 0, 5.66%, 0, 0, 6, 17977.06, 21642274, 245
1106, 14, 150, 179, 0, 0, 5.66%, 0, 0, 6, 18326.17, 21742652, 245
1111, 14, 2, 179, 0, 0, 5.66%, 0, 0, 6, 22007.13, 21856471, 245
1116, 14, 171, 179, 0, 0, 5.66%, 0, 0, 6, 15361.79, 21944329, 245
1121, 15, 32, 179, 0, 0, 5.66%, 0, 0, 6, 19699.14, 22040791, 245
1126, 15, 48, 179, 0, 0, 5.66%, 0, 0, 6, 20796.01, 22149647, 245
1131, 15, 40, 179, 0, 0, 5.66%, 0, 0, 6, 24343.44, 22275661, 245
1136, 15, 166, 179, 0, 0, 5.66%, 0, 0, 6, 15333.63, 22349880, 245
1141, 15, 21, 179, 0, 0, 5.66%, 0, 0, 6, 16561.19, 22433005, 245
1147, 15, 48, 179, 0, 0, 5.66%, 0, 0, 6, 22126.24, 22559305, 245
1152, 15, 178, 179, 0, 0, 5.66%, 0, 0, 6, 15414.47, 22638152, 245
1157, 15, 48, 179, 0, 0, 5.66%, 0, 0, 6, 20149.28, 22743523, 245
1162, 15, 156, 179, 0, 0, 5.66%, 0, 0, 6, 17977.42, 22825210, 245
1167, 15, 21, 179, 0, 0, 5.66%, 0, 0, 6, 23202.77, 22955082, 245
1172, 15, 171, 179, 0, 0, 5.66%, 0, 0, 6, 19650.77, 23059520, 245
1177, 15, 48, 179, 0, 0, 5.66%, 0, 0, 6, 17119.00, 23140550, 245
1182, 15, 48, 179, 0, 0, 5.66%, 0, 0, 6, 22724.89, 23266584, 245
1187, 16, 48, 179, 0, 0, 5.66%, 0, 0, 6, 20042.41, 23364223, 245
1192, 16, 48, 179, 0, 0, 5.66%, 0, 0, 6, 21308.27, 23469897, 245
1197, 16, 124, 179, 0, 0, 5.66%, 0, 0, 6, 20651.13, 23579088, 245
1203, 16, 106, 179, 0, 0, 5.66%, 0, 0, 6, 22327.87, 23699863, 245
1208, 16, 2, 179, 0, 0, 5.66%, 0, 0, 6, 20316.30, 23788937, 245
1213, 16, 176, 179, 0, 0, 5.66%, 0, 0, 6, 15328.67, 23866658, 245
1218, 16, 0, 179, 0, 0, 5.66%, 0, 0, 6, 15036.86, 23942410, 245
1223, 16, 176, 179, 0, 0, 5.66%, 0, 0, 6, 19013.89, 24034731, 245
1228, 16, 32, 179, 0, 0, 5.66%, 0, 0, 6, 14694.04, 24092316, 245
1233, 16, 2, 179, 0, 0, 5.66%, 0, 0, 6, 23471.25, 24220468, 245
1238, 16, 48, 179, 0, 0, 5.66%, 0, 0, 6, 23327.24, 24334325, 245
1243, 16, 171, 179, 0, 0, 5.66%, 0, 0, 6, 18883.69, 24440836, 245
1248, 16, 2, 179, 0, 0, 5.66%, 0, 0, 6, 21829.15, 24542237, 245
1254, 17, 2, 179, 0, 0, 5.66%, 0, 0, 6, 17861.08, 24638475, 245
1259, 17, 42, 179, 0, 0, 5.66%, 0, 0, 6, 16717.62, 24728091, 245
1264, 17, 104, 179, 0, 0, 5.66%, 0, 0, 6, 14545.28, 24799972, 245
1269, 17, 169, 179, 0, 0, 5.66%, 0, 0, 6, 20234.38, 24908745, 245
1274, 17, 94, 179, 0, 0, 5.66%, 0, 0, 6, 16782.47, 24987710, 245
1279, 17, 40, 179, 0, 0, 5.66%, 0, 0, 6, 22355.52, 25088829, 245
1284, 17, 48, 179, 0, 0, 5.66%, 0, 0, 6, 20552.08, 25205025, 245
1289, 17, 154, 179, 0, 0, 5.66%, 0, 0, 6, 18980.78, 25300224, 245
1295, 17, 42, 179, 0, 0, 5.66%, 0, 0, 6, 21789.89, 25421270, 245
1300, 17, 67, 179, 0, 0, 5.66%, 0, 0, 6, 22583.04, 25530120, 245
1305, 17, 2, 179, 0, 0, 5.66%, 0, 0, 6, 23141.88, 25650638, 245
1310, 17, 174, 179, 0, 0, 5.66%, 0, 0, 6, 16098.81, 25732042, 245
1315, 17, 2, 179, 0, 0, 5.66%, 0, 0, 6, 17578.64, 25816229, 245
1320, 17, 2, 179, 0, 0, 5.66%, 0, 0, 6, 21229.54, 25924584, 245
1325, 18, 90, 179, 0, 0, 5.66%, 0, 0, 6, 18623.78, 26023061, 245
1330, 18, 173, 179, 0, 0, 5.66%, 0, 0, 6, 13681.97, 26089707, 245
1335, 18, 152, 179, 0, 0, 5.66%, 0, 0, 6, 17205.05, 26183950, 245
1341, 18, 156, 179, 0, 0, 5.66%, 0, 0, 6, 19680.28, 26294507, 245
1346, 18, 177, 179, 0, 0, 5.66%, 0, 0, 6, 14970.90, 26378396, 245
1351, 18, 101, 179, 0, 0, 5.66%, 0, 0, 6, 15644.60, 26458487, 245
1356, 18, 48, 179, 0, 0, 5.66%, 0, 0, 6, 14754.25, 26532492, 245
1361, 18, 2, 179, 0, 0, 5.66%, 0, 0, 6, 19644.27, 26630848, 245
1366, 18, 152, 179, 0, 0, 5.66%, 0, 0, 6, 16343.08, 26717364, 245
1371, 18, 101, 179, 0, 0, 5.66%, 0, 0, 6, 19370.09, 26820368, 245
1376, 18, 2, 179, 0, 0, 5.66%, 0, 0, 6, 18826.66, 26915430, 245
1381, 18, 2, 179, 0, 0, 5.66%, 0, 0, 6, 18089.17, 26998723, 245
1386, 18, 149, 179, 0, 0, 5.66%, 0, 0, 6, 19269.43, 27115262, 245
1391, 18, 169, 179, 0, 0, 5.66%, 0, 0, 6, 19894.94, 27222298, 245
1396, 18, 67, 179, 0, 0, 5.66%, 0, 0, 6, 18709.98, 27306653, 245
1401, 19, 145, 179, 0, 0, 5.66%, 0, 0, 6, 20541.56, 27408024, 245
1407, 19, 167, 179, 0, 0, 5.66%, 0, 0, 6, 16549.33, 27496973, 245
1412, 19, 141, 179, 0, 0, 5.66%, 0, 0, 6, 22583.00, 27630097, 245
1417, 19, 101, 179, 0, 0, 5.66%, 0, 0, 6, 18043.16, 27723240, 245
1422, 19, 48, 179, 0, 0, 5.66%, 0, 0, 6, 23133.92, 27842281, 245
1427, 19, 2, 179, 0, 0, 5.66%, 0, 0, 6, 22517.02, 27960261, 245
1432, 19, 2, 179, 0, 0, 5.66%, 0, 0, 6, 26815.57, 28099458, 245
1437, 19, 49, 179, 0, 0, 5.66%, 0, 0, 6, 23898.31, 28208605, 245
1443, 19, 9, 179, 0, 0, 5.66%, 0, 0, 6, 23063.43, 28323777, 245
1448, 19, 48, 179, 0, 0, 5.66%, 0, 0, 6, 20902.35, 28421952, 245
1453, 19, 48, 179, 0, 0, 5.66%, 0, 0, 6, 20943.51, 28528135, 245
1458, 19, 2, 179, 0, 0, 5.66%, 0, 0, 6, 17070.60, 28612243, 245
1463, 20, 171, 179, 0, 0, 5.66%, 0, 0, 6, 21203.78, 28736281, 245
1468, 20, 67, 179, 0, 0, 5.66%, 0, 0, 6, 19966.52, 28818509, 245
1473, 20, 171, 179, 0, 0, 5.66%, 0, 0, 6, 16319.15, 28908106, 245
1478, 20, 39, 179, 0, 0, 5.66%, 0, 0, 6, 21689.22, 29019861, 245
1483, 20, 145, 179, 0, 0, 5.66%, 0, 0, 6, 20409.95, 29126895, 245
1488, 20, 2, 179, 0, 0, 5.66%, 0, 0, 6, 16578.72, 29201064, 245
1494, 20, 4, 179, 0, 0, 5.66%, 0, 0, 6, 20412.33, 29309750, 245
1499, 20, 2, 179, 0, 0, 5.66%, 0, 0, 6, 21587.29, 29406213, 245
1504, 20, 48, 179, 0, 0, 5.66%, 0, 0, 6, 22733.00, 29525838, 245
1509, 20, 171, 179, 0, 0, 5.66%, 0, 0, 6, 12949.69, 29583482, 245
1514, 20, 176, 179, 0, 0, 5.66%, 0, 0, 6, 14025.72, 29654002, 245
1519, 20, 40, 179, 0, 0, 5.66%, 0, 0, 6, 14455.26, 29718154, 245
1524, 20, 169, 179, 0, 0, 5.66%, 0, 0, 6, 15942.43, 29804021, 245
1529, 20, 2, 179, 0, 0, 5.66%, 0, 0, 6, 21951.59, 29908290, 245
1534, 20, 174, 179, 0, 0, 5.66%, 0, 0, 6, 16989.29, 29998288, 245
1539, 21, 164, 179, 0, 0, 5.66%, 0, 0, 6, 19516.43, 30087656, 245
1544, 21, 152, 179, 0, 0, 5.66%, 0, 0, 6, 19321.33, 30189942, 245
1549, 21, 48, 179, 0, 0, 5.66%, 0, 0, 6, 20953.01, 30295371, 245
1554, 21, 121, 179, 0, 0, 5.66%, 0, 0, 6, 19801.21, 30408536, 245
1560, 21, 153, 179, 0, 0, 5.66%, 0, 0, 6, 18006.08, 30485123, 245
1565, 21, 2, 179, 0, 0, 5.66%, 0, 0, 6, 20503.73, 30587419, 245
1570, 21, 48, 179, 0, 0, 5.66%, 0, 0, 6, 20565.12, 30695768, 245
1575, 21, 178, 179, 0, 0, 5.66%, 0, 0, 6, 19581.23, 30802765, 245
1580, 21, 32, 179, 0, 0, 5.66%, 0, 0, 6, 18083.17, 30875580, 245
1585, 21, 2, 179, 0, 0, 5.66%, 0, 0, 6, 21826.34, 31000609, 245
1590, 21, 2, 179, 0, 0, 5.66%, 0, 0, 6, 23646.95, 31113082, 245
1595, 21, 48, 179, 0, 0, 5.66%, 0, 0, 6, 21188.94, 31220691, 245
1600, 22, 48, 179, 0, 0, 5.66%, 0, 0, 6, 20113.04, 31308320, 245
1605, 22, 169, 179, 0, 0, 5.66%, 0, 0, 6, 20727.01, 31423273, 245
1610, 22, 2, 179, 0, 0, 5.66%, 0, 0, 6, 20708.57, 31513415, 245
1615, 22, 26, 179, 0, 0, 5.66%, 0, 0, 6, 20499.49, 31624920, 245
1620, 22, 96, 179, 0, 0, 5.66%, 0, 0, 6, 21275.74, 31735765, 245
1625, 22, 2, 179, 0, 0, 5.66%, 0, 0, 6, 19135.41, 31827196, 245
1630, 22, 165, 179, 0, 0, 5.66%, 0, 0, 6, 16337.01, 31911232, 245
1635, 22, 96, 179, 0, 0, 5.66%, 0, 0, 6, 17414.87, 32004487, 245
1641, 22, 154, 179, 0, 0, 5.66%, 0, 0, 6, 19244.46, 32093029, 245
1646, 22, 2, 179, 0, 0, 5.66%, 0, 0, 6, 18739.83, 32191616, 245
1651, 22, 2, 179, 0, 0, 5.66%, 0, 0, 6, 22557.41, 32305893, 245
1656, 22, 168, 179, 0, 0, 5.66%, 0, 0, 6, 17502.74, 32404320, 245
1661, 22, 48, 179, 0, 0, 5.66%, 0, 0, 6, 21655.10, 32513846, 245
1666, 23, 158, 179, 0, 0, 5.66%, 0, 0, 6, 17500.09, 32599772, 245
1671, 23, 166, 179, 0, 0, 5.66%, 0, 0, 6, 17797.14, 32705990, 245
1676, 23, 171, 179, 0, 0, 5.66%, 0, 0, 6, 17948.05, 32797561, 245
1681, 23, 100, 179, 0, 0, 5.66%, 0, 0, 6, 16208.57, 32870479, 245
1687, 23, 2, 179, 0, 0, 5.66%, 0, 0, 6, 18969.31, 32978479, 245
1692, 23, 109, 179, 0, 0, 5.66%, 0, 0, 6, 21965.03, 33077667, 245
1697, 23, 156, 179, 0, 0, 5.66%, 0, 0, 6, 15647.38, 33157717, 245
1702, 23, 32, 179, 0, 0, 5.66%, 0, 0, 6, 18940.41, 33262972, 245
1707, 23, 48, 179, 0, 0, 5.66%, 0, 0, 6, 21112.88, 33379524, 245
1712, 23, 43, 179, 0, 0, 5.66%, 0, 0, 6, 20109.12, 33483726, 245
1717, 23, 67, 179, 0, 0, 5.66%, 0, 0, 6, 22997.85, 33600448, 245
1722, 23, 100, 179, 0, 0, 5.66%, 0, 0, 6, 18799.62, 33698683, 245
1727, 23, 169, 179, 0, 0, 5.66%, 0, 0, 6, 17582.53, 33796272, 245
1732, 23, 34, 179, 0, 0, 5.66%, 0, 0, 6, 17959.53, 33880183, 245
1737, 24, 157, 179, 0, 0, 5.66%, 0, 0, 6, 17656.66, 33975366, 245
1742, 24, 32, 179, 0, 0, 5.66%, 0, 0, 6, 23682.19, 34098126, 245
1748, 24, 154, 179, 0, 0, 5.66%, 0, 0, 6, 16586.81, 34172581, 245
1753, 24, 175, 179, 0, 0, 5.66%, 0, 0, 6, 14834.23, 34238136, 245
1758, 24, 32, 179, 0, 0, 5.66%, 0, 0, 6, 16118.85, 34321108, 245
1763, 24, 101, 179, 0, 0, 5.66%, 0, 0, 6, 13544.57, 34389997, 245
1768, 24, 48, 179, 0, 0, 5.66%, 0, 0, 6, 16670.38, 34488716, 245
1773, 24, 90, 179, 0, 0, 5.66%, 0, 0, 6, 19578.55, 34598201, 245
1778, 24, 165, 179, 0, 0, 5.66%, 0, 0, 6, 16350.51, 34678641, 245
1783, 24, 106, 179, 0, 0, 5.66%, 0, 0, 6, 23906.23, 34815787, 245
1788, 24, 154, 179, 0, 0, 5.66%, 0, 0, 6, 19610.25, 34908010, 245
1794, 24, 48, 179, 0, 0, 5.66%, 0, 0, 6, 24476.44, 35029731, 245
1799, 24, 2, 179, 0, 0, 5.66%, 0, 0, 6, 20965.02, 35125396, 245
1804, 24, 177, 179, 0, 0, 5.66%, 0, 0, 6, 19208.79, 35224278, 245
1809, 25, 48, 179, 0, 0, 5.66%, 0, 0, 6, 21231.73, 35322571, 245
1814, 25, 48, 179, 0, 0, 5.66%, 0, 0, 6, 17665.13, 35400099, 245
1819, 25, 156, 179, 0, 0, 5.66%, 0, 0, 6, 19359.30, 35498809, 245
1824, 25, 81, 179, 0, 0, 5.66%, 0, 0, 6, 17221.56, 35588714, 245
1829, 25, 153, 179, 0, 0, 5.66%, 0, 0, 6, 13447.49, 35643628, 245
1834, 25, 2, 179, 0, 0, 5.66%, 0, 0, 6, 24005.05, 35786229, 245
1839, 25, 48, 179, 0, 0, 5.66%, 0, 0, 6, 19217.80, 35866385, 245
1844, 25, 112, 179, 0, 0, 5.66%, 0, 0, 6, 13586.73, 35935150, 245
1850, 25, 167, 179, 0, 0, 5.66%, 0, 0, 6, 15253.89, 36021344, 245
1855, 25, 165, 179, 0, 0, 5.66%, 0, 0, 6, 17691.98, 36122640, 245
1860, 25, 32, 179, 0, 0, 5.66%, 0, 0, 6, 16705.69, 36199562, 245
1865, 25, 2, 179, 0, 0, 5.66%, 0, 0, 6, 23718.38, 36339240, 245
1870, 25, 156, 179, 0, 0, 5.66%, 0, 0, 6, 20656.50, 36442815, 245
1875, 25, 145, 179, 0, 0, 5.66%, 0, 0, 6, 18119.82, 36540911, 245
1880, 25, 32, 179, 0, 0, 5.66%, 0, 0, 6, 14423.73, 36600292, 245
1885, 25, 67, 179, 0, 0, 5.66%, 0, 0, 6, 20816.76, 36727437, 245
1890, 26, 86, 179, 0, 0, 5.66%, 0, 0, 6, 20031.51, 36824563, 245
1895, 26, 40, 179, 0, 0, 5.66%, 0, 0, 6, 17954.85, 36917588, 245
1901, 26, 2, 179, 0, 0, 5.66%, 0, 0, 6, 21012.94, 37027286, 245
1906, 26, 173, 179, 0, 0, 5.66%, 0, 0, 6, 17401.73, 37127793, 245
1911, 26, 24, 179, 0, 0, 5.66%, 0, 0, 6, 17403.78, 37204008, 245
1916, 26, 4, 179, 0, 0, 5.66%, 0, 0, 6, 15400.85, 37278543, 245
1921, 26, 48, 179, 0, 0, 5.66%, 0, 0, 6, 23467.70, 37411040, 245
1926, 26, 124, 179, 0, 0, 5.66%, 0, 0, 6, 23107.15, 37533680, 245
1931, 26, 173, 179, 0, 0, 5.66%, 0, 0, 6, 13289.65, 37596914, 245
1936, 26, 86, 179, 0, 0, 5.66%, 0, 0, 6, 12939.71, 37662621, 245
1941, 26, 2, 179, 0, 0, 5.66%, 0, 0, 6, 19958.34, 37764128, 245
1947, 26, 177, 179, 0, 0, 5.66%, 0, 0, 6, 17017.19, 37860132, 245
1952, 26, 48, 179, 0, 0, 5.66%, 0, 0, 6, 23852.35, 37987417, 245
1957, 26, 2, 179, 0, 0, 5.66%, 0, 0, 6, 20116.86, 38086681, 245
1962, 27, 86, 179, 0, 0, 5.66%, 0, 0, 6, 20163.04, 38195130, 245
1967, 27, 99, 179, 0, 0, 5.66%, 0, 0, 6, 18168.73, 38286274, 245
1972, 27, 96, 179, 0, 0, 5.66%, 0, 0, 6, 20816.05, 38390361, 245
1977, 27, 2, 179, 0, 0, 5.66%, 0, 0, 6, 14849.01, 38456176, 245
1982, 27, 48, 179, 0, 0, 5.66%, 0, 0, 6, 24066.60, 38583027, 245
1987, 27, 48, 179, 0, 0, 5.66%, 0, 0, 6, 21327.26, 38682391, 245
1992, 27, 67, 179, 0, 0, 5.66%, 0, 0, 6, 19667.07, 38774756, 245
1997, 27, 171, 179, 0, 0, 5.66%, 0, 0, 6, 13531.19, 38842853, 245
2002, 27, 2, 179, 0, 0, 5.66%, 0, 0, 6, 22176.18, 38953926, 245
2007, 27, 48, 179, 0, 0, 5.66%, 0, 0, 6, 19872.21, 39044602, 245
2013, 27, 170, 179, 0, 0, 5.66%, 0, 0, 6, 20004.05, 39150164, 245
2018, 27, 48, 179, 0, 0, 5.66%, 0, 0, 6, 17974.62, 39227496, 245
2023, 27, 2, 179, 0, 0, 5.66%, 0, 0, 6, 22547.53, 39353225, 245
2028, 28, 2, 179, 0, 0, 5.66%, 0, 0, 6, 20856.31, 39453206, 245
2033, 28, 92, 179, 0, 0, 5.66%, 0, 0, 6, 21999.79, 39571175, 245
2038, 28, 167, 179, 0, 0, 5.66%, 0, 0, 6, 14804.80, 39638409, 245
2043, 28, 167, 179, 0, 0, 5.66%, 0, 0, 6, 18722.18, 39734862, 245
2048, 28, 2, 179, 0, 0, 5.66%, 0, 0, 6, 16867.96, 39806143, 245
2053, 28, 48, 179, 0, 0, 5.66%, 0, 0, 6, 20745.90, 39905753, 245
2058, 28, 126, 179, 0, 0, 5.66%, 0, 0, 6, 14644.40, 39972485, 245
2063, 28, 48, 179, 0, 0, 5.66%, 0, 0, 6, 21856.70, 40081297, 245
2068, 28, 171, 179, 0, 0, 5.66%, 0, 0, 6, 15276.30, 40159384, 245
2073, 28, 0, 179, 0, 0, 5.66%, 0, 0, 6, 23533.60, 40273497, 245
2078, 28, 40, 179, 0, 0, 5.66%, 0, 0, 6, 23613.26, 40394250, 245
2083, 28, 166, 179, 0, 0, 5.66%, 0, 0, 6, 18398.99, 40487028, 245
2088, 28, 48, 179, 0, 0, 5.66%, 0, 0, 6, 16678.40, 40561807, 245
2093, 28, 48, 179, 0, 0, 5.66%, 0, 0, 6, 18312.09, 40655398, 245
2099, 28, 165, 179, 0, 0, 5.66%, 0, 0, 6, 20426.82, 40760214, 245
2104, 29, 2, 179, 0, 0, 5.66%, 0, 0, 6, 21439.23, 40862486, 245
2109, 29, 32, 179, 0, 0, 5.66%, 0, 0, 6, 20039.42, 40963377, 245
2114, 29, 174, 179, 0, 0, 5.66%, 0, 0, 6, 12960.51, 41018650, 245
2119, 29, 67, 179, 0, 0, 5.66%, 0, 0, 6, 20701.44, 41125012, 245
2124, 29, 2, 179, 0, 0, 5.66%, 0, 0, 6, 24500.41, 41249471, 245
2129, 29, 67, 179, 0, 0, 5.66%, 0, 0, 6, 20495.72, 41340792, 245
2134, 29, 40, 179, 0, 0, 5.66%, 0, 0, 6, 17082.47, 41424362, 245
2139, 29, 173, 179, 0, 0, 5.66%, 0, 0, 6, 15579.55, 41511627, 245
2144, 29, 2, 179, 0, 0, 5.66%, 0, 0, 6, 18940.02, 41598407, 245
2149, 29, 48, 179, 0, 0, 5.66%, 0, 0, 6, 20473.87, 41696681, 245
2154, 29, 48, 179, 0, 0, 5.66%, 0, 0, 6, 20817.57, 41788694, 245
2159, 29, 173, 179, 0, 0, 5.66%, 0, 0, 6, 20276.68, 41888145, 245
2165, 29, 174, 179, 0, 0, 5.66%, 0, 0, 6, 14938.43, 41952212, 245
2170, 29, 160, 179, 0, 0, 5.66%, 0, 0, 6, 11840.60, 42007181, 245
2175, 30, 87, 179, 0, 0, 5.66%, 0, 0, 6, 15723.38, 42101549, 245
2180, 30, 48, 179, 0, 0, 5.66%, 0, 0, 6, 18097.84, 42191191, 245
2185, 30, 48, 179, 0, 0, 5.66%, 0, 0, 6, 20481.33, 42298832, 245
2190, 30, 48, 179, 0, 0, 5.66%, 0, 0, 6, 23854.94, 42420429, 245
2195, 30, 42, 179, 0, 0, 5.66%, 0, 0, 6, 21256.96, 42531507, 245
2200, 30, 171, 179, 0, 0, 5.66%, 0, 0, 6, 17557.17, 42622545, 245
2205, 30, 160, 179, 0, 0, 5.66%, 0, 0, 6, 16177.34, 42704502, 245
2210, 30, 39, 179, 0, 0, 5.66%, 0, 0, 6, 18584.31, 42801378, 245
2215, 30, 2, 179, 0, 0, 5.66%, 0, 0, 6, 20166.94, 42898068, 245
2220, 30, 173, 179, 0, 0, 5.66%, 0, 0, 6, 14685.58, 42970629, 245
2225, 30, 153, 179, 0, 0, 5.66%, 0, 0, 6, 18245.06, 43068488, 245
2231, 30, 170, 179, 0, 0, 5.66%, 0, 0, 6, 13344.34, 43137760, 245
2236, 30, 155, 179, 0, 0, 5.66%, 0, 0, 6, 15743.66, 43222877, 245
2241, 30, 154, 179, 0, 0, 5.66%, 0, 0, 6, 18887.92, 43327705, 245
2246, 31, 32, 179, 0, 0, 5.66%, 0, 0, 6, 20314.71, 43440818, 245
2251, 31, 102, 179, 0, 0, 5.66%, 0, 0, 6, 22134.61, 43554194, 245
2256, 31, 171, 179, 0, 0, 5.66%, 0, 0, 6, 14743.38, 43624805, 245
2261, 31, 157, 179, 0, 0, 5.66%, 0, 0, 6, 17022.20, 43717109, 245
2266, 31, 67, 179, 0, 0, 5.66%, 0, 0, 6, 19232.54, 43826113, 245
2271, 31, 126, 179, 0, 0, 5.66%, 0, 0, 6, 19379.22, 43930479, 245
2276, 31, 48, 179, 0, 0, 5.66%, 0, 0, 6, 17503.15, 44015133, 245
2281, 31, 83, 179, 0, 0, 5.66%, 0, 0, 6, 21313.74, 44121690, 245
2286, 31, 48, 179, 0, 0, 5.66%, 0, 0, 6, 17570.93, 44206625, 245
2291, 31, 115, 179, 0, 0, 5.66%, 0, 0, 6, 19950.40, 44309566, 245
2296, 31, 48, 179, 0, 0, 5.66%, 0, 0, 6, 17938.91, 44404390, 245
2301, 31, 48, 179, 0, 0, 5.66%, 0, 0, 6, 20611.72, 44511016, 245
2307, 31, 101, 179, 0, 0, 5.66%, 0, 0, 6, 16853.51, 44602018, 245
2312, 31, 173, 179, 0, 0, 5.66%, 0, 0, 6, 18085.21, 44694079, 245
2317, 31, 169, 179, 0, 0, 5.66%, 0, 0, 6, 12328.45, 44748284, 245
2322, 32, 164, 179, 0, 0, 5.66%, 0, 0, 6, 18182.02, 44842834, 245
2327, 32, 2, 179, 0, 0, 5.66%, 0, 0, 6, 21358.79, 44949545, 245
2332, 32, 143, 179, 0, 0, 5.66%, 0, 0, 6, 21826.25, 45056899, 245
2337, 32, 48, 179, 0, 0, 5.66%, 0, 0, 6, 20100.78, 45164311, 245
2342, 32, 164, 179, 0, 0, 5.66%, 0, 0, 6, 16070.19, 45244411, 245
2347, 32, 48, 179, 0, 0, 5.66%, 0, 0, 6, 17696.25, 45335414, 245
2352, 32, 42, 179, 0, 0, 5.66%, 0, 0, 6, 19768.45, 45433380, 245
2357, 32, 0, 179, 0, 0, 5.66%, 0, 0, 6, 18121.43, 45517096, 245
2362, 32, 166, 179, 0, 0, 5.66%, 0, 0, 6, 18594.25, 45603706, 245
2367, 32, 48, 179, 0, 0, 5.66%, 0, 0, 6, 13306.55, 45661252, 245
2373, 32, 2, 179, 0, 0, 5.66%, 0, 0, 6, 22535.02, 45784045, 245
2378, 32, 0, 179, 0, 0, 5.66%, 0, 0, 6, 18865.67, 45874057, 245
2383, 33, 93, 179, 0, 0, 5.66%, 0, 0, 6, 22179.58, 45990349, 245
2388, 33, 67, 179, 0, 0, 5.66%, 0, 0, 6, 19162.91, 46076651, 245
2393, 33, 178, 179, 0, 0, 5.66%, 0, 0, 6, 15049.65, 46151128, 245
2398, 33, 2, 179, 0, 0, 5.66%, 0, 0, 6, 21250.99, 46246854, 245
2403, 33, 48, 179, 0, 0, 5.66%, 0, 0, 6, 22665.98, 46352333, 245
2409, 33, 48, 179, 0, 0, 5.66%, 0, 0, 6, 20491.31, 46438193, 245
2414, 33, 141, 179, 0, 0, 5.66%, 0, 0, 6, 20373.95, 46542132, 245
2419, 33, 2, 179, 0, 0, 5.66%, 0, 0, 6, 20288.36, 46634201, 245
2424, 33, 164, 179, 0, 0, 5.66%, 0, 0, 6, 21772.18, 46751521, 245
2429, 33, 2, 179, 0, 0, 5.66%, 0, 0, 6, 22712.47, 46853484, 245
2434, 33, 176, 179, 0, 0, 5.66%, 0, 0, 6, 21599.12, 46971916, 245
2439, 33, 48, 179, 0, 0, 5.66%, 0, 0, 6, 19275.79, 47047193, 245
2444, 33, 140, 179, 0, 0, 5.66%, 0, 0, 6, 24086.55, 47179521, 245
2449, 34, 101, 179, 0, 0, 5.66%, 0, 0, 6, 20600.22, 47272380, 245
2454, 34, 140, 179, 0, 0, 5.66%, 0, 0, 6, 16938.86, 47353299, 245
2460, 34, 32, 179, 0, 0, 5.66%, 0, 0, 6, 16105.35, 47428534, 245
2465, 34, 48, 179, 0, 0, 5.66%, 0, 0, 6, 17690.19, 47510527, 245
2470, 34, 133, 179, 0, 0, 5.66%, 0, 0, 6, 14077.27, 47573431, 245
2475, 34, 2, 179, 0, 0, 5.66%, 0, 0, 6, 19905.97, 47687673, 245
2480, 34, 111, 179, 0, 0, 5.66%, 0, 0, 6, 15355.39, 47756009, 245
2485, 34, 21, 179, 0, 0, 5.66%, 0, 0, 6, 19708.64, 47869327, 245
2490, 34, 53, 179, 0, 0, 5.66%, 0, 0, 6, 20511.96, 47973752, 245
2496, 34, 48, 179, 0, 0, 5.66%, 0, 0, 6, 16208.21, 48046701, 245
2501, 34, 2, 179, 0, 0, 5.66%, 0, 0, 6, 20625.79, 48152667, 245
2506, 34, 176, 179, 0, 0, 5.66%, 0, 0, 6, 13867.52, 48229266, 245
2511, 34, 145, 179, 0, 0, 5.66%, 0, 0, 6, 20666.37, 48344855, 245
2516, 34, 2, 179, 0, 0, 5.66%, 0, 0, 6, 18478.49, 48437865, 245
2521, 34, 2, 179, 0, 0, 5.66%, 0, 0, 6, 19782.51, 48541652, 245
2526, 34, 167, 179, 0, 0, 5.66%, 0, 0, 6, 15348.12, 48626640, 245
2531, 35, 2, 179, 0, 0, 5.66%, 0, 0, 6, 17894.06, 48718759, 245
2537, 35, 173, 179, 0, 0, 5.66%, 0, 0, 6, 15201.67, 48807923, 245
2542, 35, 32, 179, 0, 0, 5.66%, 0, 0, 6, 21756.13, 48911055, 245
2547, 35, 48, 179, 0, 0, 5.66%, 0, 0, 6, 22462.08, 49022894, 245
2552, 35, 48, 179, 0, 0, 5.66%, 0, 0, 6, 24512.63, 49147670, 245
2557, 35, 172, 179, 0, 0, 5.66%, 0, 0, 6, 18361.24, 49242334, 245
2562, 35, 2, 179, 0, 0, 5.66%, 0, 0, 6, 20263.05, 49331476, 245
2567, 35, 48, 179, 0, 0, 5.66%, 0, 0, 6, 18898.25, 49417659, 245
2572, 35, 162, 179, 0, 0, 5.66%, 0, 0, 6, 21154.31, 49530461, 245
2577, 35, 32, 179, 0, 0, 5.66%, 0, 0, 6, 18585.78, 49614818, 245
2582, 35, 169, 179, 0, 0, 5.66%, 0, 0, 6, 14682.11, 49688301, 245
2587, 35, 173, 179, 0, 0, 5.66%, 0, 0, 6, 13108.76, 49757678, 245
2593, 35, 133, 179, 0, 0, 5.66%, 0, 0, 6, 15980.24, 49834378, 245
2598, 36, 145, 179, 0, 0, 5.66%, 0, 0, 6, 16636.92, 49926145, 245
2603, 36, 48, 179, 0, 0, 5.66%, 0, 0, 6, 23035.29, 50032950, 245
2608, 36, 64, 179, 0, 0, 5.66%, 0, 0, 6, 21080.09, 50145328, 245
2613, 36, 2, 179, 0, 0, 5.66%, 0, 0, 6, 24724.62, 50267729, 245
2618, 36, 2, 179, 0, 0, 5.66%, 0, 0, 6, 16792.40, 50347288, 245
2623, 36, 48, 179, 0, 0, 5.66%, 0, 0, 6, 22426.45, 50457892, 245
2628, 36, 2, 179, 0, 0, 5.66%, 0, 0, 6, 18626.38, 50539017, 245
2633, 36, 2, 179, 0, 0, 5.66%, 0, 0, 6, 22106.68, 50660243, 245
2638, 36, 90, 179, 0, 0, 5.66%, 0, 0, 6, 19572.16, 50756918, 245
2644, 36, 48, 179, 0, 0, 5.66%, 0, 0, 6, 24576.35, 50883910, 245
2649, 36, 2, 179, 0, 0, 5.66%, 0, 0, 6, 20278.75, 50975343, 245
2654, 37, 48, 179, 0, 0, 5.66%, 0, 0, 6, 19537.18, 51062827, 245
2659, 37, 96, 179, 0, 0, 5.66%, 0, 0, 6, 15829.09, 51141401, 245
2664, 37, 176, 179, 0, 0, 5.66%, 0, 0, 6, 17861.02, 51243172, 245
2669, 37, 48, 179, 0, 0, 5.66%, 0, 0, 6, 22627.34, 51355128, 245
2674, 37, 176, 179, 0, 0, 5.66%, 0, 0, 6, 23717.16, 51473729, 245
2679, 37, 48, 179, 0, 0, 5.66%, 0, 0, 6, 19340.29, 51548951, 245
2684, 37, 109, 179, 0, 0, 5.66%, 0, 0, 6, 18791.75, 51639322, 245
2689, 37, 172, 179, 0, 0, 5.66%, 0, 0, 6, 13958.46, 51706312, 245
2695, 37, 67, 179, 0, 0, 5.66%, 0, 0, 6, 18874.44, 51807091, 245
2700, 37, 101, 179, 0, 0, 5.66%, 0, 0, 6, 16099.88, 51890144, 245
2705, 37, 95, 179, 0, 0, 5.66%, 0, 0, 6, 22582.95, 52029919, 245
2710, 37, 2, 179, 0, 0, 5.66%, 0, 0, 6, 24490.96, 52149286, 245
2715, 37, 96, 179, 0, 0, 5.66%, 0, 0, 6, 23001.43, 52276211, 245
2720, 37, 174, 179, 0, 0, 5.66%, 0, 0, 6, 14122.32, 52335361, 245
2725, 38, 138, 179, 0, 0, 5.66%, 0, 0, 6, 19892.22, 52441327, 245
2731, 38, 2, 179, 0, 0, 5.66%, 0, 0, 6, 22760.31, 52556894, 245
2736, 38, 160, 179, 0, 0, 5.66%, 0, 0, 6, 19601.70, 52661072, 245
2741, 38, 130, 179, 0, 0, 5.66%, 0, 0, 6, 18770.20, 52756887, 245
2746, 38, 69, 179, 0, 0, 5.66%, 0, 0, 6, 15307.79, 52838451, 245
2751, 38, 85, 179, 0, 0, 5.66%, 0, 0, 6, 16891.22, 52933662, 245
2756, 38, 166, 179, 0, 0, 5.66%, 0, 0, 6, 13858.09, 53012397, 245
2761, 38, 93, 179, 0, 0, 5.66%, 0, 0, 6, 21233.48, 53137357, 245
2766, 38, 48, 179, 0, 0, 5.66%, 0, 0, 6, 18549.84, 53228306, 245
2771, 38, 48, 179, 0, 0, 5.66%, 0, 0, 6, 22245.45, 53346648, 245
2776, 38, 2, 179, 0, 0, 5.66%, 0, 0, 6, 19512.79, 53444680, 245
2782, 39, 81, 179, 0, 0, 5.66%, 0, 0, 6, 20775.86, 53551798, 245
2787, 39, 42, 179, 0, 0, 5.66%, 0, 0, 6, 19444.08, 53636891, 245
2792, 39, 48, 179, 0, 0, 5.66%, 0, 0, 6, 21989.63, 53750678, 245
2797, 39, 40, 179, 0, 0, 5.66%, 0, 0, 6, 19033.05, 53852503, 245
2802, 39, 140, 179, 0, 0, 5.66%, 0, 0, 6, 15904.99, 53930922, 245
2807, 39, 9, 179, 0, 0, 5.66%, 0, 0, 6, 11791.98, 53989919, 245
2812, 39, 32, 179, 0, 0, 5.66%, 0, 0, 6, 15634.59, 54072957, 245
2817, 39, 101, 179, 0, 0, 5.66%, 0, 0, 6, 12054.35, 54133377, 245
2822, 39, 163, 179, 0, 0, 5.66%, 0, 0, 6, 14682.59, 54207321, 245
2827, 39, 142, 179, 0, 0, 5.66%, 0, 0, 6, 13544.63, 54273777, 245
2832, 39, 67, 179, 0, 0, 5.66%, 0, 0, 6, 19508.01, 54361864, 245
2838, 39, 9, 179, 0, 0, 5.66%, 0, 0, 6, 13793.45, 54426485, 245
2843, 39, 2, 179, 0, 0, 5.66%, 0, 0, 6, 21202.78, 54538157, 245
2848, 39, 48, 179, 0, 0, 5.66%, 0, 0, 6, 22474.00, 54645383, 245
2853, 39, 48, 179, 0, 0, 5.66%, 0, 0, 6, 18970.95, 54737720, 245
2858, 40, 67, 179, 0, 0, 5.66%, 0, 0, 6, 17674.24, 54825743, 245
2863, 40, 162, 179, 0, 0, 5.66%, 0, 0, 6, 16803.22, 54919372, 245
2868, 40, 173, 179, 0, 0, 5.66%, 0, 0, 6, 18892.73, 55017750, 245
2873, 40, 2, 179, 0, 0, 5.66%, 0, 0, 6, 15661.12, 55087494, 245
2878, 40, 48, 179, 0, 0, 5.66%, 0, 0, 6, 14867.68, 55162994, 245
2883, 40, 2, 179, 0, 0, 5.66%, 0, 0, 6, 18199.87, 55249658, 245
2888, 40, 36, 179, 0, 0, 5.66%, 0, 0, 6, 18612.89, 55340813, 245
2894, 40, 106, 179, 0, 0, 5.66%, 0, 0, 6, 18246.17, 55432258, 245
2899, 40, 2, 179, 0, 0, 5.66%, 0, 0, 6, 14550.32, 55496313, 245
2904, 40, 93, 179, 0, 0, 5.66%, 0, 0, 6, 15409.07, 55577733, 245
2909, 40, 169, 179, 0, 0, 5.66%, 0, 0, 6, 11760.75, 55630927, 245
2914, 40, 9, 179, 0, 0, 5.66%, 0, 0, 6, 12046.55, 55685925, 245
2919, 40, 2, 179, 0, 0, 5.66%, 0, 0, 6, 16587.57, 55771810, 245
2924, 40, 2, 179, 0, 0, 5.66%, 0, 0, 6, 18552.73, 55859365, 245
2929, 40, 2, 179, 0, 0, 5.66%, 0, 0, 6, 17879.47, 55933347, 245
2934, 40, 101, 179, 0, 0, 5.66%, 0, 0, 6, 12177.51, 55988627, 245
2939, 41, 48, 179, 0, 0, 5.66%, 0, 0, 6, 13102.12, 56046033, 245
2944, 41, 164, 179, 0, 0, 5.66%, 0, 0, 6, 13737.45, 56118241, 245
2950, 41, 167, 179, 0, 0, 5.66%, 0, 0, 6, 9580.60, 56163022, 245
2955, 41, 175, 179, 0, 0, 5.66%, 0, 0, 6, 17859.15, 56263523, 245
2960, 41, 48, 179, 0, 0, 5.66%, 0, 0, 6, 14064.40, 56323490, 245
2965, 41, 2, 179, 0, 0, 5.66%, 0, 0, 6, 16196.32, 56416343, 245
2970, 41, 48, 179, 0, 0, 5.66%, 0, 0, 6, 16953.80, 56500057, 245
2975, 41, 168, 179, 0, 0, 5.66%, 0, 0, 6, 13656.38, 56570365, 245
2980, 41, 81, 179, 0, 0, 5.66%, 0, 0, 6, 14393.29, 56642505, 245
2985, 41, 2, 179, 0, 0, 5.66%, 0, 0, 6, 16872.64, 56727198, 245
2990, 41, 108, 179, 0, 0, 5.66%, 0, 0, 6, 17931.38, 56813141, 245
2995, 41, 101, 179, 0, 0, 5.66%, 0, 0, 6, 14749.41, 56892280, 245
3001, 41, 48, 179, 0, 0, 5.66%, 0, 0, 6, 16095.19, 56962994, 245
3006, 41, 48, 179, 0, 0, 5.66%, 0, 0, 6, 15922.64, 57042122, 245
3011, 41, 169, 179, 0, 0, 5.66%, 0, 0, 6, 13306.22, 57109333, 245
3016, 41, 173, 179, 0, 0, 5.66%, 0, 0, 6, 12104.45, 57169891, 245
3021, 41, 121, 179, 0, 0, 5.66%, 0, 0, 6, 10682.30, 57218546, 245
3026, 41, 2, 179, 0, 0, 5.66%, 0, 0, 6, 14602.06, 57300619, 245
3031, 42, 161, 179, 0, 0, 5.66%, 0, 0, 6, 16886.81, 57386303, 245
3036, 42, 100, 179, 0, 0, 5.66%, 0, 0, 6, 13292.26, 57460738, 245
3041, 42, 49, 179, 0, 0, 5.66%, 0, 0, 6, 14081.23, 57524955, 245
3046, 42, 2, 179, 0, 0, 5.66%, 0, 0, 6, 19987.48, 57638891, 245
3051, 42, 39, 179, 0, 0, 5.66%, 0, 0, 6, 16182.88, 57716875, 245
3056, 42, 167, 179, 0, 0, 5.66%, 0, 0, 6, 11473.49, 57775806, 245
3061, 42, 96, 179, 0, 0, 5.66%, 0, 0, 6, 15297.87, 57865694, 245
3066, 42, 48, 179, 0, 0, 5.66%, 0, 0, 6, 10549.04, 57911330, 245
3071, 42, 91, 179, 0, 0, 5.66%, 0, 0, 6, 14522.96, 57999159, 245
3077, 42, 2, 179, 0, 0, 5.66%, 0, 0, 6, 15808.34, 58091191, 245
3082, 42, 80, 179, 0, 0, 5.66%, 0, 0, 6, 18177.28, 58175032, 245
3087, 42, 2, 179, 0, 0, 5.66%, 0, 0, 6, 17438.34, 58264149, 245
3092, 42, 2, 179, 0, 0, 5.66%, 0, 0, 6, 18623.76, 58355253, 245
3097, 42, 2, 179, 0, 0, 5.66%, 0, 0, 6, 16995.43, 58445115, 245
3102, 42, 32, 179, 0, 0, 5.66%, 0, 0, 6, 18978.77, 58544402, 245
3107, 43, 115, 179, 0, 0, 5.66%, 0, 0, 6, 13858.61, 58611232, 245
3112, 43, 101, 179, 0, 0, 5.66%, 0, 0, 6, 12947.54, 58679351, 245
3117, 43, 2, 179, 0, 0, 5.66%, 0, 0, 6, 12679.67, 58739261, 245
3122, 43, 106, 179, 0, 0, 5.66%, 0, 0, 6, 19393.69, 58841902, 245
3127, 43, 2, 179, 0, 0, 5.66%, 0, 0, 6, 14173.63, 58908820, 245
3132, 43, 48, 179, 0, 0, 5.66%, 0, 0, 6, 18251.57, 58995262, 245
3137, 43, 112, 179, 0, 0, 5.66%, 0, 0, 6, 17586.80, 59086579, 245
3143, 43, 159, 179, 0, 0, 5.66%, 0, 0, 6, 14180.89, 59144881, 245
3148, 43, 49, 179, 0, 0, 5.66%, 0, 0, 6, 16414.34, 59232078, 245
3153, 43, 168, 179, 0, 0, 5.66%, 0, 0, 6, 16768.80, 59317154, 245
3158, 43, 94, 179, 0, 0, 5.66%, 0, 0, 6, 10439.19, 59360189, 245
3163, 43, 157, 179, 0, 0, 5.66%, 0, 0, 6, 15313.08, 59442142, 245
3168, 43, 2, 179, 0, 0, 5.66%, 0, 0, 6, 14017.82, 59509929, 245
3173, 43, 152, 179, 0, 0, 5.66%, 0, 0, 6, 18909.31, 59621911, 245
3178, 43, 48, 179, 0, 0, 5.66%, 0, 0, 6, 15235.97, 59690693, 245
3183, 43, 159, 179, 0, 0, 5.66%, 0, 0, 6, 20363.05, 59800998, 245
3188, 43, 171, 179, 0, 0, 5.66%, 0, 0, 6, 11332.36, 59846643, 245
3193, 44, 48, 179, 0, 0, 5.66%, 0, 0, 6, 14194.80, 59913993, 245
3198, 44, 2, 179, 0, 0, 5.66%, 0, 0, 6, 11487.14, 59966600, 245
3203, 44, 145, 179, 0, 0, 5.66%, 0, 0, 6, 15465.64, 60057369, 245
3209, 44, 173, 179, 0, 0, 5.66%, 0, 0, 6, 13671.76, 60124787, 245
3214, 44, 163, 179, 0, 0, 5.66%, 0, 0, 6, 13043.22, 60182302, 245
3219, 44, 2, 179, 0, 0, 5.66%, 0, 0, 6, 16109.57, 60255155, 245
3224, 44, 48, 179, 0, 0, 5.66%, 0, 0, 6, 17015.57, 60341097, 245
3229, 44, 169, 179, 0, 0, 5.66%, 0, 0, 6, 13475.10, 60406633, 245
3234, 44, 86, 179, 0, 0, 5.66%, 0, 0, 6, 14525.42, 60481121, 245
3239, 44, 67, 179, 0, 0, 5.66%, 0, 0, 6, 15407.89, 60549859, 245
3244, 44, 99, 179, 0, 0, 5.66%, 0, 0, 6, 17094.72, 60642673, 245
3249, 44, 81, 179, 0, 0, 5.66%, 0, 0, 6, 12432.20, 60702460, 245
3254, 44, 86, 179, 0, 0, 5.66%, 0, 0, 6, 12478.47, 60763076, 245
3259, 44, 94, 179, 0, 0, 5.66%, 0, 0, 6, 13846.93, 60834955, 245
3264, 44, 48, 179, 0, 0, 5.66%, 0, 0, 6, 16955.40, 60908719, 245
3269, 44, 109, 179, 0, 0, 5.66%, 0, 0, 6, 17060.86, 60983603, 245
3274, 44, 167, 179, 0, 0, 5.66%, 0, 0, 6, 17572.18, 61080891, 245
3280, 44, 87, 179, 0, 0, 5.66%, 0, 0, 6, 13491.60, 61136089, 245
3285, 44, 172, 179, 0, 0, 5.66%, 0, 0, 6, 13983.21, 61217539, 245
3290, 44, 48, 179, 0, 0, 5.66%, 0, 0, 6, 10653.54, 61260906, 245
3295, 45, 169, 179, 0, 0, 5.66%, 0, 0, 6, 14667.27, 61341866, 245
3300, 45, 0, 179, 0, 0, 5.66%, 0, 0, 6, 14455.46, 61400909, 245
3305, 45, 153, 179, 0, 0, 5.66%, 0, 0, 6, 14825.75, 61475021, 245
3310, 45, 176, 179, 0, 0, 5.66%, 0, 0, 6, 11221.33, 61531460, 245
3315, 45, 48, 179, 0, 0, 5.66%, 0, 0, 6, 11858.46, 61587728, 245
3320, 45, 156, 179, 0, 0, 5.66%, 0, 0, 6, 10473.37, 61637969, 245
3325, 45, 83, 179, 0, 0, 5.66%, 0, 0, 6, 17267.08, 61732750, 245
3330, 45, 139, 179, 0, 0, 5.66%, 0, 0, 6, 20025.02, 61834216, 245
3335, 45, 48, 179, 0, 0, 5.66%, 0, 0, 6, 18308.88, 61925294, 245
3340, 45, 2, 179, 0, 0, 5.66%, 0, 0, 6, 17104.31, 62004607, 245
3345, 45, 2, 179, 0, 0, 5.66%, 0, 0, 6, 16331.62, 62092929, 245
3351, 45, 48, 179, 0, 0, 5.66%, 0, 0, 6, 13893.78, 62156884, 245
3356, 45, 2, 179, 0, 0, 5.66%, 0, 0, 6, 18319.63, 62262413, 245
3361, 45, 48, 179, 0, 0, 5.66%, 0, 0, 6, 21480.64, 62369714, 245
3366, 45, 48, 179, 0, 0, 5.66%, 0, 0, 6, 14081.06, 62434610, 245
3371, 45, 168, 179, 0, 0, 5.66%, 0, 0, 6, 13669.65, 62509266, 245
3376, 45, 48, 179, 0, 0, 5.66%, 0, 0, 6, 10941.42, 62561243, 245
3381, 45, 2, 179, 0, 0, 5.66%, 0, 0, 6, 15332.82, 62640564, 245
3386, 46, 173, 179, 0, 0, 5.66%, 0, 0, 6, 11461.00, 62703122, 245
3391, 46, 115, 179, 0, 0, 5.66%, 0, 0, 6, 16254.34, 62774671, 245
3396, 46, 48, 179, 0, 0, 5.66%, 0, 0, 6, 16198.48, 62862348, 245
3401, 46, 67, 179, 0, 0, 5.66%, 0, 0, 6, 18095.23, 62954255, 245
3406, 46, 2, 179, 0, 0, 5.66%, 0, 0, 6, 16429.34, 63039313, 245
3411, 46, 48, 179, 0, 0, 5.66%, 0, 0, 6, 17256.49, 63127333, 245
3417, 46, 145, 179, 0, 0, 5.66%, 0, 0, 6, 12976.50, 63199087, 245
3422, 46, 2, 179, 0, 0, 5.66%, 0, 0, 6, 17341.08, 63298087, 245
3427, 46, 174, 179, 0, 0, 5.66%, 0, 0, 6, 10728.29, 63352549, 245
3432, 46, 32, 179, 0, 0, 5.66%, 0, 0, 6, 10617.75, 63400095, 245
3437, 46, 2, 179, 0, 0, 5.66%, 0, 0, 6, 10938.05, 63453260, 245
3442, 46, 2, 179, 0, 0, 5.66%, 0, 0, 6, 12836.44, 63521088, 245
3447, 46, 157, 179, 0, 0, 5.66%, 0, 0, 6, 12701.34, 63590238, 245
3452, 46, 171, 179, 0, 0, 5.66%, 0, 0, 6, 13749.07, 63668541, 245
3458, 46, 21, 179, 0, 0, 5.66%, 0, 0, 6, 13079.79, 63731979, 245
3463, 46, 145, 179, 0, 0, 5.66%, 0, 0, 6, 17430.01, 63835338, 245
3468, 46, 0, 179, 0, 0, 5.66%, 0, 0, 6, 15522.70, 63903128, 245
3473, 46, 2, 179, 0, 0, 5.66%, 0, 0, 6, 19526.55, 63999546, 245
3478, 47, 48, 179, 0, 0, 5.66%, 0, 0, 6, 15624.26, 64071605, 245
3483, 47, 166, 179, 0, 0, 5.66%, 0, 0, 6, 11816.08, 64129362, 245
3488, 47, 2, 179, 0, 0, 5.66%, 0, 0, 6, 14474.84, 64202495, 245
3493, 47, 170, 179, 0, 0, 5.66%, 0, 0, 6, 12122.05, 64262206, 245
3498, 47, 48, 179, 0, 0, 5.66%, 0, 0, 6, 14589.07, 64332287, 245
3503, 47, 2, 179, 0, 0, 5.66%, 0, 0, 6, 18447.63, 64426535, 245
3508, 47, 154, 179, 0, 0, 5.66%, 0, 0, 6, 15315.62, 64504366, 245
3514, 47, 107, 179, 0, 0, 5.66%, 0, 0, 6, 16004.24, 64594845, 245
3519, 47, 67, 179, 0, 0, 5.66%, 0, 0, 6, 15101.33, 64660634, 245
3524, 47, 2, 179, 0, 0, 5.66%, 0, 0, 6, 11299.93, 64713915, 245
3529, 47, 171, 179, 0, 0, 5.66%, 0, 0, 6, 10067.18, 64764626, 245
3534, 47, 48, 179, 0, 0, 5.66%, 0, 0, 6, 13637.78, 64835911, 245
3539, 47, 142, 179, 0, 0, 5.66%, 0, 0, 6, 15201.37, 64917016, 245
3544, 47, 155, 179, 0, 0, 5.66%, 0, 0, 6, 16945.23, 65011163, 245
3549, 47, 2, 179, 0, 0, 5.66%, 0, 0, 6, 14887.96, 65083134, 245
3554, 47, 48, 179, 0, 0, 5.66%, 0, 0, 6, 17453.06, 65166481, 245
3559, 47, 143, 179, 0, 0, 5.66%, 0, 0, 6, 16061.94, 65242833, 245
3565, 47, 172, 179, 0, 0, 5.66%, 0, 0, 6, 12577.61, 65310452, 245
3570, 47, 2, 179, 0, 0, 5.66%, 0, 0, 6, 14024.34, 65368291, 245
3575, 48, 48, 179, 0, 0, 5.66%, 0, 0, 6, 15765.61, 65452193, 245
3580, 48, 48, 179, 0, 0, 5.66%, 0, 0, 6, 15896.39, 65532233, 245
3585, 48, 2, 179, 0, 0, 5.66%, 0, 0, 6, 16558.58, 65616105, 245
3590, 48, 132, 179, 0, 0, 5.66%, 0, 0, 6, 11988.28, 65668064, 245
3595, 48, 171, 179, 0, 0, 5.66%, 0, 0, 6, 10765.73, 65728688, 245
3597, 48, 48, 179, 0, 0, 5.66%, 0, 0, 6, 12312.98, 65746647, 245
