# relative_time, cycles_done, cur_item, corpus_count, pending_total, pending_favs, map_size, saved_crashes, saved_hangs, max_depth, execs_per_sec, total_execs, edges_found
61, 0, 6, 77, 62, 16, 8.23%, 0, 0, 4, 5976.23, 342441, 474
66, 0, 30, 77, 54, 8, 8.23%, 0, 0, 4, 5392.46, 369389, 474
71, 0, 0, 77, 45, 0, 8.23%, 0, 0, 4, 5339.04, 396441, 474
76, 0, 38, 77, 45, 0, 8.23%, 0, 0, 4, 6576.65, 414182, 474
81, 0, 77, 78, 46, 1, 8.33%, 0, 0, 4, 5619.50, 441492, 480
86, 0, 38, 78, 45, 0, 8.33%, 0, 0, 4, 5680.68, 470263, 480
91, 0, 0, 78, 45, 0, 8.33%, 0, 0, 4, 6566.18, 504186, 480
96, 0, 0, 78, 45, 0, 8.33%, 0, 0, 4, 9015.83, 554166, 480
101, 0, 0, 78, 45, 0, 8.33%, 0, 0, 4, 6646.02, 584352, 480
107, 0, 75, 82, 48, 0, 8.33%, 0, 0, 4, 6285.49, 616314, 480
112, 0, 75, 83, 49, 0, 8.80%, 0, 0, 4, 5980.54, 634742, 507
117, 0, 75, 85, 51, 0, 8.80%, 0, 0, 4, 6037.10, 664398, 507
122, 0, 82, 92, 57, 1, 9.29%, 0, 0, 5, 12416.25, 737464, 535
127, 0, 82, 99, 64, 1, 9.62%, 0, 0, 5, 7842.06, 770508, 554
132, 0, 82, 100, 65, 1, 9.63%, 0, 0, 5, 6267.46, 799460, 555
137, 0, 82, 103, 68, 1, 9.70%, 0, 0, 5, 6255.11, 830789, 559
144, 0, 89, 105, 69, 13, 9.81%, 0, 0, 6, 102.81, 856705, 565
149, 0, 89, 106, 70, 13, 9.91%, 0, 0, 6, 5777.05, 885984, 571
154, 0, 96, 107, 69, 12, 9.91%, 0, 0, 6, 5868.71, 915345, 571
159, 0, 88, 107, 66, 9, 9.91%, 0, 0, 6, 5391.79, 942816, 571
164, 0, 94, 122, 78, 6, 11.23%, 0, 0, 6, 5384.77, 968907, 647
169, 0, 94, 132, 88, 6, 11.39%, 0, 0, 6, 5811.75, 999597, 656
174, 0, 94, 134, 90, 6, 11.70%, 0, 0, 6, 5855.09, 1029753, 674
175, 0, 94, 135, 91, 6, 11.70%, 0, 0, 6, 5848.59, 1034187, 674
