# relative_time, cycles_done, cur_item, corpus_count, pending_total, pending_favs, map_size, saved_crashes, saved_hangs, max_depth, execs_per_sec, total_execs, edges_found
61, 4, 46, 82, 63, 0, 4.81%, 0, 0, 5, 18543.68, 1225758, 205
66, 4, 29, 82, 63, 0, 4.81%, 0, 0, 5, 19208.11, 1325327, 205
71, 5, 6, 84, 65, 0, 4.81%, 0, 0, 5, 18746.09, 1423192, 205
76, 5, 4, 84, 65, 0, 4.81%, 0, 0, 5, 19125.53, 1519956, 205
82, 5, 29, 84, 64, 0, 4.81%, 0, 0, 5, 18754.00, 1618298, 205
87, 6, 3, 86, 66, 0, 4.81%, 0, 0, 5, 19300.78, 1719811, 205
92, 6, 29, 86, 66, 0, 4.81%, 0, 0, 5, 18985.71, 1818511, 205
97, 7, 29, 87, 67, 0, 4.81%, 0, 0, 5, 19265.99, 1915147, 205
102, 7, 29, 87, 65, 0, 4.81%, 0, 0, 5, 18524.35, 2011675, 205
107, 7, 29, 87, 65, 0, 4.81%, 0, 0, 5, 18767.03, 2109357, 205
112, 8, 46, 89, 66, 0, 4.81%, 0, 0, 5, 18353.75, 2201791, 205
118, 8, 29, 89, 65, 0, 4.81%, 0, 0, 5, 19830.58, 2306584, 205
123, 8, 29, 89, 64, 0, 4.81%, 0, 0, 5, 18649.87, 2401032, 205
128, 9, 29, 89, 63, 0, 4.81%, 0, 0, 5, 18910.56, 2498720, 205
133, 9, 22, 89, 63, 0, 4.81%, 0, 0, 5, 19496.22, 2598999, 205
138, 9, 29, 89, 63, 0, 4.81%, 0, 0, 5, 19986.50, 2701043, 205
143, 10, 29, 95, 69, 0, 4.81%, 0, 0, 5, 19256.44, 2798360, 205
148, 10, 3, 95, 69, 0, 4.81%, 0, 0, 5, 21451.59, 2908638, 205
154, 10, 25, 95, 69, 0, 4.81%, 0, 0, 5, 19497.18, 3003147, 205
159, 11, 41, 95, 68, 0, 4.81%, 0, 0, 5, 21372.33, 3115665, 205
164, 11, 29, 95, 68, 0, 4.81%, 0, 0, 5, 19691.18, 3208637, 205
169, 11, 29, 95, 67, 0, 4.81%, 0, 0, 5, 18766.27, 3308205, 205
174, 12, 26, 95, 67, 0, 4.81%, 0, 0, 5, 18125.48, 3395613, 205
179, 12, 29, 95, 66, 0, 4.81%, 0, 0, 5, 20043.13, 3501094, 205
184, 12, 29, 95, 66, 0, 4.81%, 0, 0, 5, 18209.30, 3589383, 205
189, 13, 29, 95, 65, 0, 4.81%, 0, 0, 5, 22855.62, 3716438, 205
194, 13, 29, 95, 63, 0, 4.81%, 0, 0, 5, 20125.45, 3812737, 205
200, 14, 94, 102, 69, 0, 4.81%, 0, 0, 5, 23192.80, 3936808, 205
205, 14, 29, 102, 67, 0, 4.81%, 0, 0, 5, 20977.71, 4034396, 205
210, 14, 33, 102, 67, 0, 4.81%, 0, 0, 5, 23100.30, 4161378, 205
215, 14, 29, 102, 67, 0, 4.81%, 0, 0, 5, 20879.60, 4265174, 205
220, 15, 28, 102, 66, 0, 4.81%, 0, 0, 5, 21510.02, 4377511, 205
225, 15, 26, 102, 65, 0, 4.81%, 0, 0, 5, 21931.34, 4487757, 205
230, 15, 29, 102, 65, 0, 4.81%, 0, 0, 5, 20159.11, 4591018, 205
235, 16, 29, 102, 65, 0, 4.81%, 0, 0, 5, 21967.70, 4704123, 205
240, 16, 29, 102, 65, 0, 4.81%, 0, 0, 5, 19811.57, 4803390, 205
245, 16, 29, 102, 65, 0, 4.81%, 0, 0, 5, 21004.32, 4910253, 205
251, 17, 29, 102, 65, 0, 4.81%, 0, 0, 5, 20603.03, 5017954, 205
256, 17, 29, 102, 64, 0, 4.81%, 0, 0, 5, 20865.64, 5124217, 205
261, 17, 29, 102, 64, 0, 4.81%, 0, 0, 5, 20005.31, 5230887, 205
266, 18, 6, 102, 64, 0, 4.81%, 0, 0, 5, 22575.60, 5344990, 205
271, 18, 29, 102, 64, 0, 4.81%, 0, 0, 5, 20952.94, 5454557, 205
276, 18, 26, 102, 64, 0, 4.81%, 0, 0, 5, 22153.60, 5568119, 205
282, 19, 3, 102, 64, 0, 4.81%, 0, 0, 5, 20493.79, 5676278, 205
287, 19, 26, 102, 63, 0, 4.81%, 0, 0, 5, 23252.61, 5798376, 205
292, 20, 29, 105, 66, 0, 4.81%, 0, 0, 5, 18338.81, 5889806, 205
297, 20, 29, 105, 66, 0, 4.81%, 0, 0, 5, 21376.78, 6003893, 205
302, 20, 26, 105, 66, 0, 4.81%, 0, 0, 5, 19589.43, 6101493, 205
307, 21, 29, 105, 65, 0, 4.81%, 0, 0, 5, 22449.74, 6219654, 205
312, 21, 29, 105, 65, 0, 4.81%, 0, 0, 5, 18562.70, 6306561, 205
318, 21, 29, 105, 65, 0, 4.81%, 0, 0, 5, 20763.70, 6417153, 205
323, 22, 6, 105, 65, 0, 4.81%, 0, 0, 5, 19953.77, 6516631, 205
328, 22, 85, 105, 65, 0, 4.81%, 0, 0, 5, 19472.12, 6620381, 205
333, 22, 26, 105, 63, 0, 4.81%, 0, 0, 5, 15371.00, 6691262, 205
338, 22, 33, 105, 63, 0, 4.81%, 0, 0, 5, 18392.46, 6792400, 205
343, 23, 29, 105, 63, 0, 4.81%, 0, 0, 5, 19303.93, 6891793, 205
348, 23, 28, 105, 63, 0, 4.81%, 0, 0, 5, 18385.03, 6988286, 205
354, 23, 22, 105, 63, 0, 4.81%, 0, 0, 5, 16430.49, 7070452, 205
359, 24, 29, 105, 62, 0, 4.81%, 0, 0, 5, 16168.15, 7154576, 205
364, 24, 6, 105, 62, 0, 4.81%, 0, 0, 5, 15419.30, 7232545, 205
369, 24, 29, 105, 62, 0, 4.81%, 0, 0, 5, 16326.48, 7317212, 205
374, 24, 29, 105, 62, 0, 4.81%, 0, 0, 5, 16071.17, 7398068, 205
379, 25, 29, 105, 62, 0, 4.81%, 0, 0, 5, 17744.64, 7489403, 205
384, 25, 29, 105, 61, 0, 4.81%, 0, 0, 5, 15045.73, 7564379, 205
390, 25, 29, 105, 60, 0, 4.81%, 0, 0, 5, 20207.67, 7676935, 205
395, 25, 29, 105, 60, 0, 4.81%, 0, 0, 5, 18783.07, 7767048, 205
400, 26, 29, 105, 60, 0, 4.81%, 0, 0, 5, 16253.11, 7845050, 205
405, 26, 22, 105, 60, 0, 4.81%, 0, 0, 5, 16762.47, 7929020, 205
410, 26, 26, 105, 60, 0, 4.81%, 0, 0, 5, 14056.03, 8002979, 205
415, 27, 6, 105, 60, 0, 4.81%, 0, 0, 5, 14911.38, 8080309, 205
420, 27, 42, 105, 60, 0, 4.81%, 0, 0, 5, 15788.04, 8166382, 205
425, 27, 25, 105, 60, 0, 4.81%, 0, 0, 5, 21394.17, 8276421, 205
431, 28, 3, 105, 60, 0, 4.81%, 0, 0, 5, 20167.52, 8389299, 205
436, 28, 29, 105, 60, 0, 4.81%, 0, 0, 5, 17884.45, 8478615, 205
441, 28, 41, 105, 60, 0, 4.81%, 0, 0, 5, 17235.66, 8567561, 205
446, 28, 33, 105, 60, 0, 4.81%, 0, 0, 5, 17173.90, 8655334, 205
451, 29, 28, 105, 60, 0, 4.81%, 0, 0, 5, 15348.94, 8733462, 205
456, 29, 29, 105, 60, 0, 4.81%, 0, 0, 5, 17684.21, 8828021, 205
461, 29, 29, 105, 60, 0, 4.81%, 0, 0, 5, 17029.10, 8923001, 205
467, 30, 29, 105, 60, 0, 4.81%, 0, 0, 5, 18259.69, 9021883, 205
472, 30, 29, 105, 60, 0, 4.81%, 0, 0, 5, 17116.64, 9107852, 205
477, 30, 3, 105, 60, 0, 4.81%, 0, 0, 5, 17244.31, 9199181, 205
482, 31, 29, 105, 60, 0, 4.81%, 0, 0, 5, 17191.14, 9284414, 205
487, 31, 29, 105, 60, 0, 4.81%, 0, 0, 5, 16842.05, 9375372, 205
492, 31, 29, 105, 60, 0, 4.81%, 0, 0, 5, 18260.52, 9469128, 205
497, 32, 29, 105, 60, 0, 4.81%, 0, 0, 5, 19149.82, 9564177, 205
503, 32, 29, 105, 60, 0, 4.81%, 0, 0, 5, 19410.70, 9667655, 205
508, 32, 29, 105, 60, 0, 4.81%, 0, 0, 5, 18894.44, 9769696, 205
513, 33, 29, 105, 60, 0, 4.81%, 0, 0, 5, 17167.39, 9853759, 205
518, 33, 25, 105, 60, 0, 4.81%, 0, 0, 5, 18219.58, 9950150, 205
523, 33, 29, 105, 60, 0, 4.81%, 0, 0, 5, 15908.95, 10027932, 205
528, 33, 29, 105, 60, 0, 4.81%, 0, 0, 5, 17397.00, 10120925, 205
533, 34, 25, 105, 60, 0, 4.81%, 0, 0, 5, 16141.31, 10205543, 205
538, 34, 29, 105, 60, 0, 4.81%, 0, 0, 5, 17803.56, 10296744, 205
544, 34, 29, 105, 59, 0, 4.81%, 0, 0, 5, 14534.99, 10369016, 205
549, 35, 29, 105, 57, 0, 4.81%, 0, 0, 5, 16180.49, 10456675, 205
554, 35, 6, 105, 57, 0, 4.81%, 0, 0, 5, 12448.72, 10512488, 205
559, 35, 29, 105, 57, 0, 4.81%, 0, 0, 5, 11667.87, 10572372, 205
564, 35, 26, 105, 56, 0, 4.81%, 0, 0, 5, 16055.83, 10650067, 205
569, 36, 29, 105, 55, 0, 4.81%, 0, 0, 5, 16071.38, 10740886, 205
574, 36, 29, 105, 55, 0, 4.81%, 0, 0, 5, 18805.21, 10841768, 205
579, 36, 29, 105, 55, 0, 4.81%, 0, 0, 5, 20686.81, 10950736, 205
584, 37, 29, 105, 53, 0, 4.81%, 0, 0, 5, 19445.39, 11050275, 205
589, 37, 29, 105, 53, 0, 4.81%, 0, 0, 5, 20724.06, 11162104, 205
595, 37, 29, 105, 53, 0, 4.81%, 0, 0, 5, 20806.38, 11267079, 205
600, 38, 26, 105, 53, 0, 4.81%, 0, 0, 5, 20837.50, 11376969, 205
605, 38, 29, 105, 53, 0, 4.81%, 0, 0, 5, 23259.85, 11494069, 205
610, 38, 29, 105, 53, 0, 4.81%, 0, 0, 5, 18151.43, 11582376, 205
615, 39, 29, 105, 53, 0, 4.81%, 0, 0, 5, 12142.80, 11638898, 205
620, 39, 29, 105, 53, 0, 4.81%, 0, 0, 5, 13727.07, 11710672, 205
625, 39, 29, 105, 53, 0, 4.81%, 0, 0, 5, 13730.30, 11777878, 205
630, 39, 6, 105, 53, 0, 4.81%, 0, 0, 5, 16022.48, 11859650, 205
635, 40, 29, 108, 56, 0, 4.81%, 0, 0, 5, 10528.82, 11909427, 205
640, 40, 25, 108, 55, 0, 4.81%, 0, 0, 5, 15250.05, 12001488, 205
646, 40, 29, 108, 55, 0, 4.81%, 0, 0, 5, 19325.66, 12104290, 205
651, 40, 28, 108, 55, 0, 4.81%, 0, 0, 5, 18730.88, 12206633, 205
656, 41, 29, 108, 55, 0, 4.81%, 0, 0, 5, 19088.52, 12306041, 205
661, 41, 29, 108, 55, 0, 4.81%, 0, 0, 5, 16924.24, 12393688, 205
666, 41, 29, 108, 55, 0, 4.81%, 0, 0, 5, 19206.98, 12498693, 205
671, 42, 29, 108, 55, 0, 4.81%, 0, 0, 5, 19010.68, 12598898, 205
677, 42, 29, 108, 55, 0, 4.81%, 0, 0, 5, 20579.68, 12707156, 205
682, 42, 29, 108, 55, 0, 4.81%, 0, 0, 5, 19309.62, 12809759, 205
687, 43, 29, 108, 54, 0, 4.81%, 0, 0, 5, 22279.65, 12933496, 205
692, 43, 29, 108, 54, 0, 4.81%, 0, 0, 5, 19898.85, 13036698, 205
697, 44, 29, 108, 54, 0, 4.81%, 0, 0, 5, 22672.85, 13156792, 205
703, 44, 29, 108, 53, 0, 4.81%, 0, 0, 5, 21638.23, 13268065, 205
708, 44, 12, 108, 52, 0, 4.81%, 0, 0, 5, 20681.34, 13371519, 205
713, 45, 26, 108, 51, 0, 4.81%, 0, 0, 5, 19670.90, 13469778, 205
718, 45, 29, 108, 51, 0, 4.81%, 0, 0, 5, 21876.20, 13584623, 205
723, 45, 29, 108, 51, 0, 4.81%, 0, 0, 5, 21139.43, 13689095, 205
728, 46, 28, 108, 51, 0, 4.81%, 0, 0, 5, 20972.80, 13796570, 205
733, 46, 29, 108, 51, 0, 4.81%, 0, 0, 5, 20451.72, 13900040, 205
739, 46, 6, 108, 51, 0, 4.81%, 0, 0, 5, 23321.95, 14018897, 205
744, 47, 3, 108, 51, 0, 4.81%, 0, 0, 5, 22026.60, 14129057, 205
749, 47, 29, 108, 51, 0, 4.81%, 0, 0, 5, 22225.30, 14241057, 205
754, 48, 29, 108, 51, 0, 4.81%, 0, 0, 5, 22184.78, 14352020, 205
759, 48, 26, 108, 51, 0, 4.81%, 0, 0, 5, 24406.33, 14476245, 205
764, 48, 29, 108, 51, 0, 4.81%, 0, 0, 5, 21325.10, 14580668, 205
769, 49, 22, 108, 51, 0, 4.81%, 0, 0, 5, 20874.23, 14692392, 205
775, 49, 3, 108, 51, 0, 4.81%, 0, 0, 5, 20647.01, 14796187, 205
780, 49, 29, 108, 51, 0, 4.81%, 0, 0, 5, 20499.21, 14904804, 205
785, 50, 6, 108, 51, 0, 4.81%, 0, 0, 5, 20727.83, 15011057, 205
790, 50, 29, 108, 51, 0, 4.81%, 0, 0, 5, 21504.70, 15123804, 205
795, 51, 29, 108, 51, 0, 4.81%, 0, 0, 5, 21953.16, 15234622, 205
800, 51, 29, 108, 51, 0, 4.81%, 0, 0, 5, 20552.43, 15340016, 205
805, 51, 6, 108, 51, 0, 4.81%, 0, 0, 5, 20655.95, 15445118, 205
811, 52, 29, 108, 51, 0, 4.81%, 0, 0, 5, 20709.61, 15554885, 205
816, 52, 26, 108, 51, 0, 4.81%, 0, 0, 5, 20276.33, 15657305, 205
821, 52, 29, 108, 50, 0, 4.81%, 0, 0, 5, 21561.34, 15770677, 205
826, 53, 29, 108, 50, 0, 4.81%, 0, 0, 5, 22356.73, 15878392, 205
831, 53, 29, 108, 50, 0, 4.81%, 0, 0, 5, 16558.35, 15964520, 205
836, 53, 29, 108, 50, 0, 4.81%, 0, 0, 5, 14853.58, 16032269, 205
841, 54, 29, 108, 50, 0, 4.81%, 0, 0, 5, 16843.04, 16114685, 205
846, 54, 29, 108, 50, 0, 4.81%, 0, 0, 5, 19921.43, 16221095, 205
852, 54, 29, 108, 50, 0, 4.81%, 0, 0, 5, 19759.25, 16328189, 205
857, 55, 29, 108, 50, 0, 4.81%, 0, 0, 5, 22992.33, 16448446, 205
862, 55, 29, 108, 50, 0, 4.81%, 0, 0, 5, 19781.45, 16548905, 205
867, 55, 29, 108, 50, 0, 4.81%, 0, 0, 5, 23848.52, 16673778, 205
872, 56, 29, 108, 50, 0, 4.81%, 0, 0, 5, 22658.88, 16787910, 205
878, 56, 29, 108, 50, 0, 4.81%, 0, 0, 5, 23163.16, 16909943, 205
883, 57, 55, 108, 50, 0, 4.81%, 0, 0, 5, 18256.98, 17000533, 205
888, 57, 34, 108, 49, 0, 4.81%, 0, 0, 5, 18489.57, 17095096, 205
893, 57, 3, 108, 49, 0, 4.81%, 0, 0, 5, 16145.85, 17179545, 205
898, 58, 22, 108, 49, 0, 4.81%, 0, 0, 5, 21786.21, 17289043, 205
903, 58, 29, 108, 49, 0, 4.81%, 0, 0, 5, 22503.94, 17405793, 205
908, 58, 29, 108, 49, 0, 4.81%, 0, 0, 5, 23002.82, 17521090, 205
914, 59, 46, 108, 49, 0, 4.81%, 0, 0, 5, 22631.31, 17634134, 205
919, 59, 29, 108, 49, 0, 4.81%, 0, 0, 5, 24253.74, 17761101, 205
924, 59, 29, 108, 47, 0, 4.81%, 0, 0, 5, 21263.68, 17858305, 205
929, 60, 22, 108, 47, 0, 4.81%, 0, 0, 5, 22284.54, 17974457, 205
934, 60, 29, 108, 47, 0, 4.81%, 0, 0, 5, 22503.05, 18086478, 205
939, 61, 26, 108, 47, 0, 4.81%, 0, 0, 5, 22552.34, 18202235, 205
944, 61, 29, 108, 47, 0, 4.81%, 0, 0, 5, 21864.79, 18308815, 205
950, 61, 29, 108, 47, 0, 4.81%, 0, 0, 5, 21579.66, 18421795, 205
955, 62, 29, 108, 47, 0, 4.81%, 0, 0, 5, 22197.35, 18531522, 205
960, 62, 33, 108, 47, 0, 4.81%, 0, 0, 5, 21482.07, 18641511, 205
965, 62, 29, 108, 47, 0, 4.81%, 0, 0, 5, 22760.70, 18757168, 205
970, 63, 29, 108, 47, 0, 4.81%, 0, 0, 5, 22074.65, 18874882, 205
975, 63, 29, 108, 47, 0, 4.81%, 0, 0, 5, 22345.96, 18989868, 205
980, 64, 29, 108, 47, 0, 4.81%, 0, 0, 5, 21882.27, 19101729, 205
985, 64, 29, 108, 47, 0, 4.81%, 0, 0, 5, 22642.15, 19218815, 205
991, 64, 29, 108, 47, 0, 4.81%, 0, 0, 5, 21757.94, 19335728, 205
996, 65, 29, 108, 47, 0, 4.81%, 0, 0, 5, 23880.92, 19449575, 205
1001, 65, 29, 108, 47, 0, 4.81%, 0, 0, 5, 24382.66, 19576501, 205
1006, 66, 29, 108, 47, 0, 4.81%, 0, 0, 5, 20601.44, 19673997, 205
1011, 66, 29, 108, 47, 0, 4.81%, 0, 0, 5, 19036.96, 19777162, 205
1016, 66, 29, 108, 46, 0, 4.81%, 0, 0, 5, 22865.52, 19896684, 205
1021, 67, 34, 108, 46, 0, 4.81%, 0, 0, 5, 21189.28, 20007315, 205
1027, 67, 29, 108, 45, 0, 4.81%, 0, 0, 5, 25240.40, 20140034, 205
1032, 68, 29, 108, 45, 0, 4.81%, 0, 0, 5, 22006.15, 20256293, 205
1037, 68, 29, 108, 45, 0, 4.81%, 0, 0, 5, 22077.07, 20369714, 205
1042, 68, 29, 108, 45, 0, 4.81%, 0, 0, 5, 20892.44, 20479581, 205
1047, 69, 29, 108, 45, 0, 4.81%, 0, 0, 5, 24181.46, 20605829, 205
1052, 69, 26, 108, 45, 0, 4.81%, 0, 0, 5, 21716.52, 20715329, 205
1057, 70, 29, 108, 45, 0, 4.81%, 0, 0, 5, 24405.06, 20846844, 205
1063, 70, 29, 108, 45, 0, 4.81%, 0, 0, 5, 22880.87, 20961000, 205
1068, 70, 29, 108, 45, 0, 4.81%, 0, 0, 5, 21776.34, 21072269, 205
1073, 71, 28, 108, 45, 0, 4.81%, 0, 0, 5, 22326.20, 21182870, 205
1078, 71, 29, 108, 45, 0, 4.81%, 0, 0, 5, 21876.16, 21295201, 205
1083, 71, 29, 108, 45, 0, 4.81%, 0, 0, 5, 21759.06, 21403094, 205
1088, 72, 29, 108, 45, 0, 4.81%, 0, 0, 5, 22748.58, 21518417, 205
1093, 72, 29, 108, 45, 0, 4.81%, 0, 0, 5, 23414.01, 21629874, 205
1099, 73, 29, 108, 45, 0, 4.81%, 0, 0, 5, 22800.40, 21748397, 205
1104, 73, 3, 108, 45, 0, 4.81%, 0, 0, 5, 21483.41, 21854735, 205
1109, 73, 28, 108, 45, 0, 4.81%, 0, 0, 5, 22995.66, 21975551, 205
1114, 74, 22, 108, 45, 0, 4.81%, 0, 0, 5, 21874.18, 22083416, 205
1119, 74, 42, 108, 45, 0, 4.81%, 0, 0, 5, 22831.43, 22198701, 205
1124, 75, 29, 108, 45, 0, 4.81%, 0, 0, 5, 22368.17, 22303357, 205
1129, 75, 28, 108, 45, 0, 4.81%, 0, 0, 5, 21353.19, 22412104, 205
1134, 75, 29, 108, 45, 0, 4.81%, 0, 0, 5, 23000.28, 22525275, 205
1140, 76, 22, 108, 45, 0, 4.81%, 0, 0, 5, 22219.02, 22641911, 205
1145, 76, 29, 108, 45, 0, 4.81%, 0, 0, 5, 22907.87, 22756303, 205
1150, 76, 6, 108, 45, 0, 4.81%, 0, 0, 5, 21734.53, 22869555, 205
1155, 77, 29, 108, 45, 0, 4.81%, 0, 0, 5, 23246.61, 22990645, 205
1160, 77, 29, 108, 45, 0, 4.81%, 0, 0, 5, 21524.96, 23104782, 205
1165, 78, 28, 108, 45, 0, 4.81%, 0, 0, 5, 22482.06, 23217347, 205
1171, 78, 25, 108, 45, 0, 4.81%, 0, 0, 5, 21354.50, 23330336, 205
1176, 78, 29, 108, 45, 0, 4.81%, 0, 0, 5, 23374.47, 23443223, 205
1181, 79, 6, 108, 44, 0, 4.81%, 0, 0, 5, 21628.22, 23555556, 205
1186, 79, 29, 108, 44, 0, 4.81%, 0, 0, 5, 22535.09, 23670299, 205
1191, 80, 103, 108, 44, 0, 4.81%, 0, 0, 5, 18780.22, 23769279, 205
1197, 80, 29, 108, 43, 0, 4.81%, 0, 0, 5, 19795.11, 23863140, 205
1202, 80, 29, 108, 43, 0, 4.81%, 0, 0, 5, 20656.54, 23973499, 205
1207, 81, 29, 108, 43, 0, 4.81%, 0, 0, 5, 21800.46, 24092429, 205
1212, 81, 29, 108, 43, 0, 4.81%, 0, 0, 5, 19459.88, 24191401, 205
1217, 81, 28, 108, 43, 0, 4.81%, 0, 0, 5, 23935.03, 24316211, 205
1222, 82, 29, 108, 43, 0, 4.81%, 0, 0, 5, 21294.76, 24420752, 205
1227, 82, 29, 108, 42, 0, 4.81%, 0, 0, 5, 24016.83, 24544280, 205
1233, 82, 34, 108, 42, 0, 4.81%, 0, 0, 5, 21058.78, 24649845, 205
1238, 83, 29, 108, 41, 0, 4.81%, 0, 0, 5, 20089.38, 24749789, 205
1243, 83, 29, 108, 41, 0, 4.81%, 0, 0, 5, 20832.49, 24859123, 205
1248, 84, 29, 108, 41, 0, 4.81%, 0, 0, 5, 25128.61, 24991410, 205
1253, 84, 29, 108, 41, 0, 4.81%, 0, 0, 5, 21608.01, 25090153, 205
1258, 84, 29, 108, 41, 0, 4.81%, 0, 0, 5, 23043.95, 25212073, 205
1263, 85, 29, 108, 41, 0, 4.81%, 0, 0, 5, 21357.02, 25315764, 205
1268, 85, 29, 108, 41, 0, 4.81%, 0, 0, 5, 21974.99, 25430116, 205
1274, 85, 29, 108, 41, 0, 4.81%, 0, 0, 5, 21822.26, 25541134, 205
1279, 86, 29, 108, 41, 0, 4.81%, 0, 0, 5, 22439.44, 25659288, 205
1284, 86, 29, 108, 41, 0, 4.81%, 0, 0, 5, 20611.62, 25759968, 205
1289, 87, 29, 108, 41, 0, 4.81%, 0, 0, 5, 22142.19, 25878324, 205
1294, 87, 29, 108, 41, 0, 4.81%, 0, 0, 5, 22216.70, 25980744, 205
1299, 87, 29, 108, 41, 0, 4.81%, 0, 0, 5, 22672.60, 26099193, 205
1304, 88, 46, 108, 41, 0, 4.81%, 0, 0, 5, 21130.28, 26201231, 205
1310, 88, 29, 108, 41, 0, 4.81%, 0, 0, 5, 19874.79, 26310818, 205
1315, 89, 6, 108, 41, 0, 4.81%, 0, 0, 5, 21350.72, 26415346, 205
1320, 89, 29, 108, 41, 0, 4.81%, 0, 0, 5, 22605.29, 26538420, 205
1325, 89, 25, 108, 41, 0, 4.81%, 0, 0, 5, 21644.06, 26646017, 205
1330, 90, 29, 108, 41, 0, 4.81%, 0, 0, 5, 21327.57, 26755769, 205
1335, 90, 29, 108, 40, 0, 4.81%, 0, 0, 5, 20452.95, 26848254, 205
1340, 90, 29, 108, 40, 0, 4.81%, 0, 0, 5, 22137.82, 26971625, 205
1346, 91, 29, 108, 40, 0, 4.81%, 0, 0, 5, 22054.99, 27083316, 205
1351, 91, 28, 108, 39, 0, 4.81%, 0, 0, 5, 22372.21, 27202237, 205
1356, 92, 29, 108, 39, 0, 4.81%, 0, 0, 5, 24245.17, 27327952, 205
1361, 92, 6, 108, 39, 0, 4.81%, 0, 0, 5, 21716.38, 27447710, 205
1366, 92, 3, 108, 39, 0, 4.81%, 0, 0, 5, 21981.08, 27559923, 205
1371, 93, 29, 108, 39, 0, 4.81%, 0, 0, 5, 19193.90, 27663691, 205
1376, 93, 29, 108, 39, 0, 4.81%, 0, 0, 5, 21601.74, 27776357, 205
1382, 93, 29, 108, 39, 0, 4.81%, 0, 0, 5, 20558.75, 27883682, 205
1387, 94, 60, 108, 39, 0, 4.81%, 0, 0, 5, 23148.40, 28005112, 205
1392, 94, 29, 108, 38, 0, 4.81%, 0, 0, 5, 21845.76, 28119772, 205
1397, 95, 29, 108, 38, 0, 4.81%, 0, 0, 5, 22415.49, 28232963, 205
1402, 95, 29, 108, 38, 0, 4.81%, 0, 0, 5, 22445.30, 28359128, 205
1407, 96, 29, 108, 38, 0, 4.81%, 0, 0, 5, 23134.43, 28478917, 205
1412, 96, 3, 108, 38, 0, 4.81%, 0, 0, 5, 21102.78, 28586302, 205
1418, 96, 29, 108, 38, 0, 4.81%, 0, 0, 5, 23504.08, 28710895, 205
1423, 97, 29, 108, 38, 0, 4.81%, 0, 0, 5, 21850.05, 28818587, 205
1428, 97, 29, 108, 38, 0, 4.81%, 0, 0, 5, 22937.91, 28936895, 205
1433, 97, 29, 108, 38, 0, 4.81%, 0, 0, 5, 20694.66, 29036156, 205
1438, 98, 6, 108, 38, 0, 4.81%, 0, 0, 5, 22922.57, 29154028, 205
1443, 98, 29, 108, 38, 0, 4.81%, 0, 0, 5, 21422.49, 29259680, 205
1448, 99, 29, 108, 38, 0, 4.81%, 0, 0, 5, 22306.06, 29374513, 205
1454, 99, 26, 108, 38, 0, 4.81%, 0, 0, 5, 21999.38, 29484404, 205
1459, 99, 26, 108, 38, 0, 4.81%, 0, 0, 5, 23622.69, 29609002, 205
1464, 100, 29, 108, 38, 0, 4.81%, 0, 0, 5, 23116.96, 29724404, 205
1469, 100, 29, 108, 38, 0, 4.81%, 0, 0, 5, 22443.01, 29842385, 205
1474, 101, 26, 108, 38, 0, 4.81%, 0, 0, 5, 22373.00, 29952673, 205
1479, 101, 29, 108, 38, 0, 4.81%, 0, 0, 5, 21697.82, 30067495, 205
1485, 101, 22, 108, 38, 0, 4.81%, 0, 0, 5, 23552.72, 30188827, 205
1490, 102, 29, 109, 39, 0, 4.81%, 0, 0, 5, 22093.03, 30300274, 205
1495, 102, 29, 109, 39, 0, 4.81%, 0, 0, 5, 20619.35, 30403373, 205
1500, 102, 29, 109, 39, 0, 4.81%, 0, 0, 5, 21411.52, 30516180, 205
1505, 103, 3, 109, 39, 0, 4.81%, 0, 0, 5, 21159.01, 30622499, 205
1510, 103, 29, 109, 39, 0, 4.81%, 0, 0, 5, 20821.71, 30734173, 205
1515, 104, 28, 109, 39, 0, 4.81%, 0, 0, 5, 22121.64, 30848507, 205
1521, 104, 29, 109, 39, 0, 4.81%, 0, 0, 5, 20515.02, 30959250, 205
1526, 104, 29, 109, 38, 0, 4.81%, 0, 0, 5, 21523.90, 31060160, 205
1531, 105, 29, 109, 38, 0, 4.81%, 0, 0, 5, 22165.88, 31180596, 205
1536, 105, 29, 109, 38, 0, 4.81%, 0, 0, 5, 24348.36, 31305648, 205
1541, 105, 29, 109, 38, 0, 4.81%, 0, 0, 5, 20534.44, 31413522, 205
1546, 106, 29, 109, 38, 0, 4.81%, 0, 0, 5, 24574.21, 31545031, 205
1552, 106, 29, 109, 38, 0, 4.81%, 0, 0, 5, 20713.76, 31648850, 205
1557, 107, 19, 109, 37, 0, 4.81%, 0, 0, 5, 22417.46, 31769116, 205
1562, 107, 29, 109, 37, 0, 4.81%, 0, 0, 5, 21491.01, 31879293, 205
1567, 107, 29, 109, 37, 0, 4.81%, 0, 0, 5, 23019.22, 32003719, 205
1572, 108, 29, 109, 37, 0, 4.81%, 0, 0, 5, 21574.46, 32112985, 205
1577, 108, 26, 109, 37, 0, 4.81%, 0, 0, 5, 22344.66, 32231123, 205
1582, 109, 29, 112, 40, 0, 4.81%, 0, 0, 5, 22213.61, 32346231, 205
1588, 109, 6, 112, 40, 0, 4.81%, 0, 0, 5, 24914.73, 32471706, 205
1593, 109, 29, 112, 40, 0, 4.81%, 0, 0, 5, 23164.60, 32592512, 205
1598, 110, 29, 112, 40, 0, 4.81%, 0, 0, 5, 26250.23, 32726567, 205
1603, 110, 29, 112, 39, 0, 4.81%, 0, 0, 5, 16169.19, 32812502, 205
1608, 111, 29, 112, 39, 0, 4.81%, 0, 0, 5, 22837.13, 32940275, 205
1613, 111, 29, 112, 39, 0, 4.81%, 0, 0, 5, 21122.34, 33043109, 205
1618, 111, 91, 112, 39, 0, 4.81%, 0, 0, 5, 21162.26, 33152061, 205
1623, 111, 29, 112, 38, 0, 4.81%, 0, 0, 5, 19374.54, 33235335, 205
1629, 112, 29, 112, 38, 0, 4.81%, 0, 0, 5, 23619.57, 33361880, 205
1634, 112, 29, 112, 38, 0, 4.81%, 0, 0, 5, 22689.31, 33473373, 205
1639, 113, 6, 112, 38, 0, 4.81%, 0, 0, 5, 24122.04, 33597014, 205
1644, 113, 29, 112, 38, 0, 4.81%, 0, 0, 5, 22532.67, 33704362, 205
1649, 113, 29, 112, 38, 0, 4.81%, 0, 0, 5, 23162.87, 33826051, 205
1654, 114, 29, 112, 38, 0, 4.81%, 0, 0, 5, 23874.51, 33945247, 205
1659, 114, 29, 112, 38, 0, 4.81%, 0, 0, 5, 22932.35, 34065907, 205
1665, 115, 37, 112, 38, 0, 4.81%, 0, 0, 5, 23584.83, 34180261, 205
1670, 115, 29, 112, 37, 0, 4.81%, 0, 0, 5, 21652.31, 34293576, 205
1675, 115, 42, 112, 37, 0, 4.81%, 0, 0, 5, 22413.72, 34403910, 205
1680, 116, 29, 112, 37, 0, 4.81%, 0, 0, 5, 23526.48, 34527762, 205
1685, 116, 6, 112, 37, 0, 4.81%, 0, 0, 5, 23364.81, 34642072, 205
1690, 117, 29, 112, 37, 0, 4.81%, 0, 0, 5, 24629.54, 34776414, 205
1695, 117, 29, 112, 37, 0, 4.81%, 0, 0, 5, 23356.40, 34892645, 205
1700, 117, 29, 112, 37, 0, 4.81%, 0, 0, 5, 22784.70, 35009971, 205
1706, 118, 29, 112, 37, 0, 4.81%, 0, 0, 5, 23564.96, 35129045, 205
1711, 118, 29, 112, 37, 0, 4.81%, 0, 0, 5, 22575.97, 35245523, 205
1716, 119, 29, 112, 37, 0, 4.81%, 0, 0, 5, 22904.40, 35364370, 205
1721, 119, 29, 112, 37, 0, 4.81%, 0, 0, 5, 22247.89, 35477565, 205
1726, 119, 29, 112, 37, 0, 4.81%, 0, 0, 5, 23589.08, 35597782, 205
1731, 120, 26, 112, 37, 0, 4.81%, 0, 0, 5, 20010.89, 35698561, 205
1736, 120, 64, 112, 37, 0, 4.81%, 0, 0, 5, 21694.45, 35811846, 205
1742, 120, 3, 112, 36, 0, 4.81%, 0, 0, 5, 20478.95, 35921849, 205
1747, 121, 47, 112, 36, 0, 4.81%, 0, 0, 5, 22046.28, 36037064, 205
1752, 121, 29, 112, 35, 0, 4.81%, 0, 0, 5, 21165.96, 36149061, 205
1757, 122, 29, 112, 34, 0, 4.81%, 0, 0, 5, 23157.17, 36275395, 205
1762, 122, 29, 112, 34, 0, 4.81%, 0, 0, 5, 21420.07, 36386217, 205
1767, 122, 29, 112, 34, 0, 4.81%, 0, 0, 5, 23007.93, 36505199, 205
1772, 123, 46, 112, 34, 0, 4.81%, 0, 0, 5, 20978.75, 36611981, 205
1778, 123, 29, 112, 34, 0, 4.81%, 0, 0, 5, 24663.26, 36745731, 205
1783, 124, 29, 112, 34, 0, 4.81%, 0, 0, 5, 22372.28, 36859401, 205
1788, 124, 25, 112, 34, 0, 4.81%, 0, 0, 5, 24220.27, 36984018, 205
1793, 124, 29, 112, 33, 0, 4.81%, 0, 0, 5, 18595.02, 37065449, 205
1798, 125, 29, 112, 33, 0, 4.81%, 0, 0, 5, 21380.32, 37175456, 205
1803, 125, 29, 112, 33, 0, 4.81%, 0, 0, 5, 21133.87, 37281704, 205
1808, 125, 29, 112, 33, 0, 4.81%, 0, 0, 5, 23248.04, 37399090, 205
1814, 126, 29, 112, 32, 0, 4.81%, 0, 0, 5, 20907.67, 37499523, 205
1819, 126, 46, 112, 32, 0, 4.81%, 0, 0, 5, 21896.45, 37613305, 205
1824, 126, 29, 112, 32, 0, 4.81%, 0, 0, 5, 23272.56, 37727763, 205
1829, 127, 29, 112, 32, 0, 4.81%, 0, 0, 5, 22318.55, 37841446, 205
1834, 127, 29, 112, 32, 0, 4.81%, 0, 0, 5, 22574.94, 37955430, 205
1840, 128, 29, 112, 32, 0, 4.81%, 0, 0, 5, 22236.72, 38073060, 205
1845, 128, 28, 112, 32, 0, 4.81%, 0, 0, 5, 21744.29, 38179943, 205
1850, 128, 29, 112, 32, 0, 4.81%, 0, 0, 5, 19904.02, 38284141, 205
1855, 129, 29, 112, 32, 0, 4.81%, 0, 0, 5, 20515.84, 38390065, 205
1860, 129, 29, 112, 32, 0, 4.81%, 0, 0, 5, 22596.55, 38515579, 205
1865, 129, 29, 112, 32, 0, 4.81%, 0, 0, 5, 23657.62, 38635193, 205
1870, 130, 28, 112, 32, 0, 4.81%, 0, 0, 5, 21777.84, 38749380, 205
1876, 130, 29, 112, 32, 0, 4.81%, 0, 0, 5, 22616.03, 38866505, 205
1881, 131, 29, 112, 32, 0, 4.81%, 0, 0, 5, 23557.05, 38985070, 205
1886, 131, 29, 112, 32, 0, 4.81%, 0, 0, 5, 22901.50, 39099285, 205
1891, 131, 26, 112, 32, 0, 4.81%, 0, 0, 5, 20660.87, 39206923, 205
1896, 132, 29, 112, 32, 0, 4.81%, 0, 0, 5, 21915.29, 39319473, 205
1901, 132, 26, 112, 32, 0, 4.81%, 0, 0, 5, 21088.51, 39437950, 205
1906, 133, 28, 112, 32, 0, 4.81%, 0, 0, 5, 22495.37, 39556165, 205
1912, 133, 29, 112, 32, 0, 4.81%, 0, 0, 5, 20144.69, 39662806, 205
1917, 133, 29, 112, 32, 0, 4.81%, 0, 0, 5, 21489.18, 39775159, 205
1922, 134, 29, 112, 32, 0, 4.81%, 0, 0, 5, 21048.38, 39888239, 205
1927, 134, 29, 112, 31, 0, 4.81%, 0, 0, 5, 21605.78, 39994730, 205
1932, 134, 29, 112, 31, 0, 4.81%, 0, 0, 5, 19894.66, 40096387, 205
1937, 135, 29, 112, 31, 0, 4.81%, 0, 0, 5, 23337.81, 40220849, 205
1942, 135, 26, 112, 31, 0, 4.81%, 0, 0, 5, 20543.94, 40324571, 205
1948, 136, 29, 112, 31, 0, 4.81%, 0, 0, 5, 21756.66, 40440652, 205
1953, 136, 33, 112, 31, 0, 4.81%, 0, 0, 5, 20092.05, 40541951, 205
1958, 136, 6, 112, 31, 0, 4.81%, 0, 0, 5, 22657.86, 40660287, 205
1963, 137, 29, 112, 31, 0, 4.81%, 0, 0, 5, 20820.14, 40766400, 205
1968, 137, 29, 112, 31, 0, 4.81%, 0, 0, 5, 24620.56, 40895812, 205
1973, 137, 42, 112, 31, 0, 4.81%, 0, 0, 5, 20248.31, 40990276, 205
1978, 138, 29, 112, 31, 0, 4.81%, 0, 0, 5, 21299.22, 41102309, 205
1983, 138, 29, 112, 31, 0, 4.81%, 0, 0, 5, 22502.47, 41214341, 205
1989, 139, 22, 112, 31, 0, 4.81%, 0, 0, 5, 23107.99, 41333679, 205
1994, 139, 29, 112, 31, 0, 4.81%, 0, 0, 5, 22513.04, 41444134, 205
1999, 139, 29, 112, 31, 0, 4.81%, 0, 0, 5, 23207.68, 41565163, 205
2004, 140, 29, 112, 31, 0, 4.81%, 0, 0, 5, 21320.58, 41668047, 205
2009, 140, 28, 112, 31, 0, 4.81%, 0, 0, 5, 23267.09, 41793034, 205
2014, 140, 29, 112, 31, 0, 4.81%, 0, 0, 5, 21874.52, 41902327, 205
2020, 141, 3, 112, 31, 0, 4.81%, 0, 0, 5, 23016.68, 42017969, 205
2025, 141, 42, 112, 31, 0, 4.81%, 0, 0, 5, 21529.30, 42125037, 205
2030, 142, 29, 112, 31, 0, 4.81%, 0, 0, 5, 21129.46, 42240187, 205
2035, 142, 29, 112, 31, 0, 4.81%, 0, 0, 5, 21449.03, 42343994, 205
2040, 142, 75, 112, 31, 0, 4.81%, 0, 0, 5, 17904.10, 42438936, 205
2045, 143, 28, 112, 30, 0, 4.81%, 0, 0, 5, 21764.05, 42551938, 205
2050, 143, 29, 112, 30, 0, 4.81%, 0, 0, 5, 21439.01, 42663701, 205
2056, 143, 29, 112, 30, 0, 4.81%, 0, 0, 5, 21944.27, 42778264, 205
2061, 144, 29, 112, 30, 0, 4.81%, 0, 0, 5, 22317.50, 42894953, 205
2066, 144, 29, 112, 30, 0, 4.81%, 0, 0, 5, 25708.73, 43024917, 205
2071, 145, 29, 112, 30, 0, 4.81%, 0, 0, 5, 22286.88, 43142426, 205
2076, 145, 22, 112, 30, 0, 4.81%, 0, 0, 5, 22414.79, 43255771, 205
2081, 145, 29, 112, 30, 0, 4.81%, 0, 0, 5, 22560.51, 43377371, 205
2086, 146, 29, 112, 30, 0, 4.81%, 0, 0, 5, 22876.00, 43491541, 205
2091, 146, 29, 112, 29, 0, 4.81%, 0, 0, 5, 15724.15, 43573382, 205
2096, 146, 6, 112, 29, 0, 4.81%, 0, 0, 5, 21620.65, 43688116, 205
2102, 147, 29, 112, 29, 0, 4.81%, 0, 0, 5, 19886.88, 43793019, 205
2107, 147, 10, 112, 29, 0, 4.81%, 0, 0, 5, 22080.27, 43913885, 205
2112, 148, 29, 112, 29, 0, 4.81%, 0, 0, 5, 21264.25, 44024209, 205
2117, 148, 29, 112, 29, 0, 4.81%, 0, 0, 5, 22055.87, 44141866, 205
2122, 148, 29, 112, 29, 0, 4.81%, 0, 0, 5, 20813.20, 44247470, 205
2127, 149, 29, 112, 29, 0, 4.81%, 0, 0, 5, 21996.31, 44361760, 205
2133, 149, 29, 112, 29, 0, 4.81%, 0, 0, 5, 21417.36, 44471450, 205
2138, 149, 3, 112, 29, 0, 4.81%, 0, 0, 5, 22227.72, 44588892, 205
2143, 150, 29, 112, 29, 0, 4.81%, 0, 0, 5, 20989.54, 44693680, 205
2148, 150, 29, 112, 29, 0, 4.81%, 0, 0, 5, 22809.52, 44813742, 205
2153, 151, 29, 112, 29, 0, 4.81%, 0, 0, 5, 19953.63, 44909308, 205
2158, 151, 28, 112, 29, 0, 4.81%, 0, 0, 5, 21737.87, 45022032, 205
2163, 151, 28, 112, 29, 0, 4.81%, 0, 0, 5, 20847.15, 45127810, 205
2168, 152, 29, 112, 29, 0, 4.81%, 0, 0, 5, 22420.61, 45244552, 205
2173, 152, 29, 112, 29, 0, 4.81%, 0, 0, 5, 21937.22, 45352790, 205
2179, 152, 29, 112, 29, 0, 4.81%, 0, 0, 5, 22664.23, 45468442, 205
2184, 153, 29, 112, 29, 0, 4.81%, 0, 0, 5, 22137.22, 45577027, 205
2189, 153, 29, 112, 29, 0, 4.81%, 0, 0, 5, 22265.63, 45692588, 205
2194, 154, 29, 112, 29, 0, 4.81%, 0, 0, 5, 23869.49, 45808121, 205
2199, 154, 29, 112, 29, 0, 4.81%, 0, 0, 5, 23283.52, 45925954, 205
2204, 154, 29, 112, 29, 0, 4.81%, 0, 0, 5, 22595.20, 46036081, 205
2210, 155, 29, 112, 29, 0, 4.81%, 0, 0, 5, 20544.89, 46143967, 205
2215, 155, 29, 112, 29, 0, 4.81%, 0, 0, 5, 20952.91, 46249622, 205
2220, 156, 29, 112, 29, 0, 4.81%, 0, 0, 5, 20645.76, 46359206, 205
2225, 156, 29, 112, 29, 0, 4.81%, 0, 0, 5, 22620.51, 46473281, 205
2230, 156, 3, 112, 29, 0, 4.81%, 0, 0, 5, 21088.21, 46584434, 205
2235, 157, 29, 112, 29, 0, 4.81%, 0, 0, 5, 21073.63, 46691972, 205
2241, 157, 29, 112, 29, 0, 4.81%, 0, 0, 5, 22171.69, 46809039, 205
2246, 157, 29, 112, 29, 0, 4.81%, 0, 0, 5, 21456.33, 46918474, 205
2251, 158, 29, 112, 29, 0, 4.81%, 0, 0, 5, 22228.22, 47034881, 205
2256, 158, 28, 112, 29, 0, 4.81%, 0, 0, 5, 21794.24, 47144990, 205
2261, 159, 26, 112, 29, 0, 4.81%, 0, 0, 5, 20976.48, 47259858, 205
2266, 159, 29, 112, 29, 0, 4.81%, 0, 0, 5, 21816.90, 47372937, 205
2272, 159, 29, 112, 29, 0, 4.81%, 0, 0, 5, 18540.90, 47469710, 205
2277, 160, 26, 112, 29, 0, 4.81%, 0, 0, 5, 22486.34, 47588201, 205
2282, 160, 29, 112, 29, 0, 4.81%, 0, 0, 5, 20377.65, 47690992, 205
2287, 160, 29, 112, 29, 0, 4.81%, 0, 0, 5, 21864.43, 47807020, 205
2292, 161, 6, 112, 29, 0, 4.81%, 0, 0, 5, 20787.29, 47912517, 205
2297, 161, 29, 112, 29, 0, 4.81%, 0, 0, 5, 22166.51, 48028067, 205
2302, 162, 29, 112, 29, 0, 4.81%, 0, 0, 5, 22016.87, 48142104, 205
2308, 162, 29, 112, 29, 0, 4.81%, 0, 0, 5, 25826.06, 48274460, 205
2313, 162, 26, 112, 29, 0, 4.81%, 0, 0, 5, 21999.69, 48382365, 205
2318, 163, 26, 112, 29, 0, 4.81%, 0, 0, 5, 22243.40, 48495574, 205
2323, 163, 33, 112, 29, 0, 4.81%, 0, 0, 5, 22553.57, 48609313, 205
2328, 164, 26, 112, 29, 0, 4.81%, 0, 0, 5, 24489.31, 48734315, 205
2333, 164, 29, 112, 29, 0, 4.81%, 0, 0, 5, 20951.64, 48835247, 205
2338, 164, 3, 112, 29, 0, 4.81%, 0, 0, 5, 22365.69, 48950947, 205
2344, 165, 29, 112, 29, 0, 4.81%, 0, 0, 5, 21099.04, 49057736, 205
2349, 165, 29, 112, 29, 0, 4.81%, 0, 0, 5, 22449.70, 49177674, 205
2354, 165, 26, 112, 29, 0, 4.81%, 0, 0, 5, 21237.75, 49282034, 205
2359, 166, 29, 112, 29, 0, 4.81%, 0, 0, 5, 22334.10, 49400929, 205
2364, 166, 29, 112, 29, 0, 4.81%, 0, 0, 5, 21907.61, 49510191, 205
2369, 167, 29, 112, 29, 0, 4.81%, 0, 0, 5, 23954.60, 49634831, 205
2374, 167, 29, 112, 29, 0, 4.81%, 0, 0, 5, 23842.61, 49749582, 205
2379, 167, 29, 112, 28, 0, 4.81%, 0, 0, 5, 20880.74, 49845661, 205
2385, 168, 41, 112, 28, 0, 4.81%, 0, 0, 5, 21564.63, 49955788, 205
2390, 168, 29, 112, 28, 0, 4.81%, 0, 0, 5, 20011.86, 50061913, 205
2395, 168, 29, 112, 28, 0, 4.81%, 0, 0, 5, 22280.40, 50175156, 205
2400, 169, 29, 112, 28, 0, 4.81%, 0, 0, 5, 21873.74, 50287248, 205
2405, 169, 29, 112, 28, 0, 4.81%, 0, 0, 5, 22594.02, 50398861, 205
2410, 170, 28, 112, 28, 0, 4.81%, 0, 0, 5, 21961.04, 50513139, 205
2415, 170, 41, 112, 27, 0, 4.81%, 0, 0, 5, 21102.30, 50622790, 205
2421, 170, 29, 112, 27, 0, 4.81%, 0, 0, 5, 20398.39, 50730412, 205
2426, 171, 6, 112, 27, 0, 4.81%, 0, 0, 5, 22586.96, 50845289, 205
2431, 171, 29, 112, 27, 0, 4.81%, 0, 0, 5, 20355.39, 50946828, 205
2436, 171, 29, 112, 27, 0, 4.81%, 0, 0, 5, 22657.32, 51067033, 205
2441, 172, 29, 112, 27, 0, 4.81%, 0, 0, 5, 21803.71, 51183316, 205
2446, 172, 29, 112, 27, 0, 4.81%, 0, 0, 5, 23038.31, 51300398, 205
2452, 173, 29, 112, 27, 0, 4.81%, 0, 0, 5, 19678.57, 51407585, 205
2457, 173, 29, 112, 27, 0, 4.81%, 0, 0, 5, 22450.38, 51527265, 205
2462, 173, 29, 112, 27, 0, 4.81%, 0, 0, 5, 20831.58, 51638248, 205
2467, 174, 29, 112, 27, 0, 4.81%, 0, 0, 5, 19500.94, 51743548, 205
2472, 174, 29, 112, 27, 0, 4.81%, 0, 0, 5, 20120.90, 51845273, 205
2477, 174, 29, 112, 27, 0, 4.81%, 0, 0, 5, 22568.58, 51970806, 205
2483, 175, 29, 112, 27, 0, 4.81%, 0, 0, 5, 19653.73, 52067306, 205
2488, 175, 29, 112, 27, 0, 4.81%, 0, 0, 5, 22144.57, 52184238, 205
2493, 176, 29, 112, 27, 0, 4.81%, 0, 0, 5, 20798.99, 52291057, 205
2498, 176, 29, 112, 27, 0, 4.81%, 0, 0, 5, 24244.80, 52422576, 205
2503, 176, 28, 112, 27, 0, 4.81%, 0, 0, 5, 23825.14, 52542442, 205
2508, 177, 29, 112, 27, 0, 4.81%, 0, 0, 5, 22834.80, 52661430, 205
2513, 177, 29, 112, 27, 0, 4.81%, 0, 0, 5, 20560.95, 52760654, 205
2519, 178, 28, 112, 27, 0, 4.81%, 0, 0, 5, 20512.90, 52867234, 205
2524, 178, 29, 112, 26, 0, 4.81%, 0, 0, 5, 25875.87, 52924580, 205
2529, 178, 6, 112, 26, 0, 4.81%, 0, 0, 5, 15983.66, 52985665, 205
2534, 178, 29, 112, 26, 0, 4.81%, 0, 0, 5, 16806.07, 53071451, 205
2539, 179, 3, 112, 26, 0, 4.81%, 0, 0, 5, 20490.42, 53182244, 205
2544, 179, 29, 112, 26, 0, 4.81%, 0, 0, 5, 20111.92, 53283264, 205
2549, 179, 28, 112, 26, 0, 4.81%, 0, 0, 5, 20620.34, 53395292, 205
2554, 180, 29, 112, 26, 0, 4.81%, 0, 0, 5, 22395.41, 53500569, 205
2559, 180, 26, 112, 26, 0, 4.81%, 0, 0, 5, 19527.15, 53599060, 205
2565, 180, 28, 112, 26, 0, 4.81%, 0, 0, 5, 18669.67, 53691864, 205
2570, 181, 29, 112, 26, 0, 4.81%, 0, 0, 5, 18695.18, 53792119, 205
2575, 181, 29, 112, 26, 0, 4.81%, 0, 0, 5, 16436.54, 53868375, 205
2580, 181, 28, 112, 25, 0, 4.81%, 0, 0, 5, 15571.56, 53953776, 205
2585, 181, 29, 112, 25, 0, 4.81%, 0, 0, 5, 17832.64, 54039580, 205
2590, 182, 26, 112, 25, 0, 4.81%, 0, 0, 5, 17279.15, 54119920, 205
2595, 182, 29, 112, 25, 0, 4.81%, 0, 0, 5, 19201.53, 54219131, 205
2601, 182, 29, 112, 25, 0, 4.81%, 0, 0, 5, 19730.80, 54321056, 205
2606, 183, 28, 112, 24, 0, 4.81%, 0, 0, 5, 19177.64, 54420090, 205
2611, 183, 29, 112, 24, 0, 4.81%, 0, 0, 5, 19994.72, 54523701, 205
2616, 183, 29, 112, 24, 0, 4.81%, 0, 0, 5, 15103.83, 54600743, 205
2621, 184, 29, 112, 23, 0, 4.81%, 0, 0, 5, 14679.67, 54669601, 205
2626, 184, 29, 112, 23, 0, 4.81%, 0, 0, 5, 19826.62, 54776197, 205
2631, 184, 29, 112, 23, 0, 4.81%, 0, 0, 5, 17258.53, 54871016, 205
2636, 185, 29, 112, 23, 0, 4.81%, 0, 0, 5, 21598.06, 54984874, 205
2642, 185, 29, 112, 23, 0, 4.81%, 0, 0, 5, 19949.30, 55090403, 205
2647, 185, 29, 112, 23, 0, 4.81%, 0, 0, 5, 20878.24, 55200388, 205
2652, 186, 29, 112, 23, 0, 4.81%, 0, 0, 5, 16049.48, 55280782, 205
2657, 186, 29, 112, 23, 0, 4.81%, 0, 0, 5, 18031.84, 55366887, 205
2662, 186, 33, 112, 23, 0, 4.81%, 0, 0, 5, 15132.67, 55437531, 205
2667, 187, 29, 112, 23, 0, 4.81%, 0, 0, 5, 17429.82, 55526040, 205
2672, 187, 29, 112, 23, 0, 4.81%, 0, 0, 5, 18962.09, 55625213, 205
2677, 187, 29, 112, 23, 0, 4.81%, 0, 0, 5, 22394.52, 55743577, 205
2682, 188, 29, 112, 23, 0, 4.81%, 0, 0, 5, 19628.49, 55839143, 205
2687, 188, 29, 112, 23, 0, 4.81%, 0, 0, 5, 20953.49, 55953604, 205
2692, 188, 29, 112, 23, 0, 4.81%, 0, 0, 5, 18980.45, 56048692, 205
2698, 189, 28, 112, 23, 0, 4.81%, 0, 0, 5, 17381.50, 56144875, 205
2703, 189, 6, 112, 23, 0, 4.81%, 0, 0, 5, 16832.58, 56229202, 205
2708, 189, 29, 112, 23, 0, 4.81%, 0, 0, 5, 19984.59, 56335437, 205
2713, 190, 29, 112, 23, 0, 4.81%, 0, 0, 5, 19379.87, 56434337, 205
2718, 190, 6, 112, 23, 0, 4.81%, 0, 0, 5, 14451.22, 56508598, 205
2723, 190, 29, 112, 23, 0, 4.81%, 0, 0, 5, 17741.13, 56598145, 205
2729, 190, 29, 112, 23, 0, 4.81%, 0, 0, 5, 18688.33, 56683734, 205
2734, 191, 28, 112, 23, 0, 4.81%, 0, 0, 5, 16121.75, 56763003, 205
2739, 191, 29, 112, 23, 0, 4.81%, 0, 0, 5, 17349.96, 56843744, 205
2744, 191, 29, 112, 23, 0, 4.81%, 0, 0, 5, 18940.64, 56944314, 205
2749, 192, 29, 112, 23, 0, 4.81%, 0, 0, 5, 20457.62, 57052818, 205
2754, 192, 29, 112, 23, 0, 4.81%, 0, 0, 5, 18343.58, 57146148, 205
2759, 192, 6, 112, 23, 0, 4.81%, 0, 0, 5, 21373.94, 57257125, 205
2764, 193, 29, 112, 23, 0, 4.81%, 0, 0, 5, 15620.79, 57333704, 205
2769, 193, 29, 112, 23, 0, 4.81%, 0, 0, 5, 19211.81, 57431589, 205
2775, 193, 28, 112, 23, 0, 4.81%, 0, 0, 5, 19214.42, 57526026, 205
2780, 194, 46, 112, 23, 0, 4.81%, 0, 0, 5, 18335.05, 57616920, 205
2785, 194, 33, 112, 23, 0, 4.81%, 0, 0, 5, 19389.89, 57713615, 205
2790, 194, 29, 112, 23, 0, 4.81%, 0, 0, 5, 18603.73, 57809822, 205
2795, 195, 29, 112, 23, 0, 4.81%, 0, 0, 5, 18115.91, 57904278, 205
2800, 195, 29, 112, 23, 0, 4.81%, 0, 0, 5, 19420.46, 58005190, 205
2805, 195, 29, 112, 23, 0, 4.81%, 0, 0, 5, 20850.76, 58111793, 205
2811, 196, 29, 112, 23, 0, 4.81%, 0, 0, 5, 18976.08, 58212534, 205
2816, 196, 29, 112, 23, 0, 4.81%, 0, 0, 5, 20931.02, 58318618, 205
2821, 196, 22, 112, 23, 0, 4.81%, 0, 0, 5, 21314.71, 58432905, 205
2826, 197, 29, 112, 23, 0, 4.81%, 0, 0, 5, 22951.60, 58551630, 205
2831, 197, 29, 112, 23, 0, 4.81%, 0, 0, 5, 21840.33, 58662620, 205
2836, 198, 29, 112, 23, 0, 4.81%, 0, 0, 5, 22135.15, 58772817, 205
2841, 198, 6, 112, 23, 0, 4.81%, 0, 0, 5, 19873.48, 58875902, 205
2847, 198, 29, 112, 23, 0, 4.81%, 0, 0, 5, 21806.50, 58992871, 205
2852, 199, 29, 112, 23, 0, 4.81%, 0, 0, 5, 20189.45, 59098817, 205
2857, 199, 29, 112, 23, 0, 4.81%, 0, 0, 5, 21169.79, 59212737, 205
2862, 199, 29, 112, 22, 0, 4.81%, 0, 0, 5, 16084.57, 59278052, 205
2867, 200, 29, 112, 22, 0, 4.81%, 0, 0, 5, 20860.09, 59391982, 205
2872, 200, 29, 112, 22, 0, 4.81%, 0, 0, 5, 18325.02, 59484491, 205
2877, 200, 3, 112, 22, 0, 4.81%, 0, 0, 5, 22471.02, 59607223, 205
2882, 201, 29, 112, 22, 0, 4.81%, 0, 0, 5, 20387.61, 59710561, 205
2887, 201, 29, 112, 22, 0, 4.81%, 0, 0, 5, 22455.78, 59827499, 205
2893, 201, 29, 112, 22, 0, 4.81%, 0, 0, 5, 20714.49, 59934769, 205
2898, 202, 29, 112, 22, 0, 4.81%, 0, 0, 5, 22884.00, 60052018, 205
2903, 202, 29, 112, 22, 0, 4.81%, 0, 0, 5, 21087.20, 60157459, 205
2908, 203, 29, 112, 22, 0, 4.81%, 0, 0, 5, 22663.71, 60276216, 205
2913, 203, 29, 112, 22, 0, 4.81%, 0, 0, 5, 20803.27, 60379586, 205
2918, 203, 29, 112, 22, 0, 4.81%, 0, 0, 5, 22160.65, 60492551, 205
2923, 204, 29, 112, 22, 0, 4.81%, 0, 0, 5, 21031.27, 60597098, 205
2928, 204, 29, 112, 22, 0, 4.81%, 0, 0, 5, 20363.04, 60698928, 205
2934, 204, 29, 112, 22, 0, 4.81%, 0, 0, 5, 19090.07, 60791530, 205
2939, 205, 29, 112, 22, 0, 4.81%, 0, 0, 5, 23621.74, 60914846, 205
2944, 205, 29, 112, 22, 0, 4.81%, 0, 0, 5, 21385.83, 61022827, 205
2949, 206, 29, 112, 22, 0, 4.81%, 0, 0, 5, 21780.08, 61136514, 205
2954, 206, 28, 112, 22, 0, 4.81%, 0, 0, 5, 22664.37, 61241763, 205
2959, 206, 29, 112, 22, 0, 4.81%, 0, 0, 5, 22496.06, 61353693, 205
2964, 207, 29, 112, 22, 0, 4.81%, 0, 0, 5, 20834.11, 61456896, 205
2969, 207, 29, 112, 22, 0, 4.81%, 0, 0, 5, 20820.57, 61567185, 205
2975, 207, 29, 112, 22, 0, 4.81%, 0, 0, 5, 20198.88, 61665021, 205
2980, 208, 42, 112, 22, 0, 4.81%, 0, 0, 5, 20937.21, 61775633, 205
2985, 208, 29, 112, 22, 0, 4.81%, 0, 0, 5, 20927.77, 61877401, 205
2990, 208, 29, 112, 22, 0, 4.81%, 0, 0, 5, 19938.79, 61981459, 205
2995, 209, 29, 112, 22, 0, 4.81%, 0, 0, 5, 20666.66, 62083185, 205
3000, 209, 29, 112, 22, 0, 4.81%, 0, 0, 5, 23447.49, 62209306, 205
3005, 210, 29, 112, 22, 0, 4.81%, 0, 0, 5, 25648.88, 62335501, 205
3010, 210, 29, 112, 22, 0, 4.81%, 0, 0, 5, 24328.47, 62463386, 205
3016, 210, 28, 112, 22, 0, 4.81%, 0, 0, 5, 22988.87, 62576572, 205
3021, 211, 29, 112, 22, 0, 4.81%, 0, 0, 5, 21593.12, 62687811, 205
3026, 211, 3, 112, 22, 0, 4.81%, 0, 0, 5, 19577.73, 62790841, 205
3031, 211, 28, 112, 22, 0, 4.81%, 0, 0, 5, 14568.19, 62855210, 205
3036, 212, 28, 112, 22, 0, 4.81%, 0, 0, 5, 16844.59, 62945498, 205
3041, 212, 29, 112, 22, 0, 4.81%, 0, 0, 5, 17293.81, 63038758, 205
3046, 212, 29, 112, 22, 0, 4.81%, 0, 0, 5, 19006.66, 63138552, 205
3052, 213, 29, 112, 22, 0, 4.81%, 0, 0, 5, 16550.38, 63222829, 205
3057, 213, 29, 112, 22, 0, 4.81%, 0, 0, 5, 21382.63, 63329966, 205
3062, 213, 29, 112, 22, 0, 4.81%, 0, 0, 5, 17477.14, 63415894, 205
3067, 214, 29, 112, 22, 0, 4.81%, 0, 0, 5, 19430.32, 63512760, 205
3072, 214, 29, 112, 22, 0, 4.81%, 0, 0, 5, 18020.10, 63608555, 205
3077, 214, 29, 112, 22, 0, 4.81%, 0, 0, 5, 18117.82, 63694146, 205
3082, 215, 29, 112, 22, 0, 4.81%, 0, 0, 5, 19465.54, 63801889, 205
3088, 215, 29, 112, 22, 0, 4.81%, 0, 0, 5, 20600.47, 63907092, 205
3093, 215, 26, 112, 22, 0, 4.81%, 0, 0, 5, 18018.30, 63992526, 205
3098, 216, 29, 112, 22, 0, 4.81%, 0, 0, 5, 20655.05, 64106434, 205
3103, 216, 3, 112, 22, 0, 4.81%, 0, 0, 5, 20806.96, 64209865, 205
3108, 216, 29, 112, 22, 0, 4.81%, 0, 0, 5, 20970.35, 64315054, 205
3113, 217, 29, 112, 22, 0, 4.81%, 0, 0, 5, 20249.26, 64410568, 205
3118, 217, 29, 112, 22, 0, 4.81%, 0, 0, 5, 21190.56, 64520915, 205
3123, 217, 29, 112, 22, 0, 4.81%, 0, 0, 5, 17347.48, 64601130, 205
3128, 218, 29, 112, 22, 0, 4.81%, 0, 0, 5, 16262.93, 64683665, 205
3134, 218, 28, 112, 22, 0, 4.81%, 0, 0, 5, 18763.43, 64770167, 205
3139, 218, 6, 112, 22, 0, 4.81%, 0, 0, 5, 20404.75, 64878998, 205
3144, 219, 29, 112, 22, 0, 4.81%, 0, 0, 5, 19123.04, 64976231, 205
3149, 219, 29, 112, 22, 0, 4.81%, 0, 0, 5, 21096.50, 65086808, 205
3154, 219, 29, 112, 22, 0, 4.81%, 0, 0, 5, 19204.34, 65185119, 205
3159, 220, 29, 112, 22, 0, 4.81%, 0, 0, 5, 19409.53, 65291996, 205
3164, 220, 29, 112, 22, 0, 4.81%, 0, 0, 5, 17947.10, 65374411, 205
3169, 220, 29, 112, 22, 0, 4.81%, 0, 0, 5, 15762.77, 65452506, 205
3175, 220, 29, 112, 22, 0, 4.81%, 0, 0, 5, 17277.79, 65538420, 205
3180, 221, 29, 112, 22, 0, 4.81%, 0, 0, 5, 14669.90, 65614789, 205
3185, 221, 29, 112, 22, 0, 4.81%, 0, 0, 5, 13781.28, 65690716, 205
3190, 221, 22, 112, 22, 0, 4.81%, 0, 0, 5, 19112.48, 65796388, 205
3195, 222, 29, 112, 22, 0, 4.81%, 0, 0, 5, 17949.47, 65887726, 205
3201, 222, 29, 112, 22, 0, 4.81%, 0, 0, 5, 18573.28, 65983887, 205
3206, 222, 22, 112, 22, 0, 4.81%, 0, 0, 5, 19631.18, 66082662, 205
3211, 223, 29, 112, 22, 0, 4.81%, 0, 0, 5, 19706.56, 66188724, 205
3216, 223, 26, 112, 22, 0, 4.81%, 0, 0, 5, 20468.45, 66293474, 205
3221, 223, 3, 112, 22, 0, 4.81%, 0, 0, 5, 19544.07, 66397178, 205
3226, 224, 29, 112, 22, 0, 4.81%, 0, 0, 5, 18141.81, 66495465, 205
3231, 224, 29, 112, 22, 0, 4.81%, 0, 0, 5, 14540.51, 66564760, 205
3237, 224, 29, 112, 22, 0, 4.81%, 0, 0, 5, 17108.61, 66656017, 205
3242, 225, 34, 112, 22, 0, 4.81%, 0, 0, 5, 19691.56, 66760967, 205
3247, 225, 29, 112, 22, 0, 4.81%, 0, 0, 5, 17208.37, 66843793, 205
3252, 225, 28, 112, 22, 0, 4.81%, 0, 0, 5, 17940.97, 66940375, 205
3257, 226, 29, 112, 22, 0, 4.81%, 0, 0, 5, 20593.23, 67047961, 205
3262, 226, 29, 112, 22, 0, 4.81%, 0, 0, 5, 17970.78, 67131517, 205
3268, 226, 29, 112, 22, 0, 4.81%, 0, 0, 5, 21386.81, 67240772, 205
3273, 227, 29, 112, 22, 0, 4.81%, 0, 0, 5, 21904.05, 67352134, 205
3278, 227, 29, 112, 22, 0, 4.81%, 0, 0, 5, 20528.01, 67454398, 205
3283, 227, 29, 112, 22, 0, 4.81%, 0, 0, 5, 23363.25, 67570629, 205
3288, 228, 29, 112, 22, 0, 4.81%, 0, 0, 5, 23198.16, 67685124, 205
3293, 228, 41, 112, 22, 0, 4.81%, 0, 0, 5, 19998.97, 67775856, 205
3298, 229, 29, 112, 22, 0, 4.81%, 0, 0, 5, 25520.80, 67905409, 205
3303, 229, 28, 112, 22, 0, 4.81%, 0, 0, 5, 20734.09, 68005757, 205
3308, 229, 29, 112, 21, 0, 4.81%, 0, 0, 5, 20786.77, 68114282, 205
3313, 230, 29, 112, 21, 0, 4.81%, 0, 0, 5, 17506.66, 68195145, 205
3318, 230, 29, 112, 21, 0, 4.81%, 0, 0, 5, 17990.39, 68289697, 205
3323, 230, 29, 112, 21, 0, 4.81%, 0, 0, 5, 15922.42, 68363130, 205
3329, 230, 29, 112, 21, 0, 4.81%, 0, 0, 5, 18054.51, 68460404, 205
3334, 231, 29, 112, 21, 0, 4.81%, 0, 0, 5, 17055.62, 68544205, 205
3339, 231, 29, 112, 21, 0, 4.81%, 0, 0, 5, 19619.05, 68650455, 205
3344, 231, 26, 112, 21, 0, 4.81%, 0, 0, 5, 19918.14, 68747934, 205
3349, 232, 6, 112, 21, 0, 4.81%, 0, 0, 5, 22058.48, 68864845, 205
3354, 232, 29, 112, 21, 0, 4.81%, 0, 0, 5, 18348.99, 68951737, 205
3359, 232, 29, 112, 21, 0, 4.81%, 0, 0, 5, 18966.19, 69048234, 205
3364, 233, 29, 112, 21, 0, 4.81%, 0, 0, 5, 19265.91, 69135911, 205
3369, 233, 29, 112, 21, 0, 4.81%, 0, 0, 5, 19473.78, 69236670, 205
3375, 233, 29, 112, 21, 0, 4.81%, 0, 0, 5, 19895.90, 69330196, 205
3380, 234, 29, 112, 21, 0, 4.81%, 0, 0, 5, 23331.04, 69447494, 205
3385, 234, 29, 112, 21, 0, 4.81%, 0, 0, 5, 20853.57, 69549593, 205
3390, 235, 41, 112, 21, 0, 4.81%, 0, 0, 5, 20949.24, 69658785, 205
3395, 235, 29, 112, 21, 0, 4.81%, 0, 0, 5, 22283.62, 69772056, 205
3400, 235, 29, 112, 21, 0, 4.81%, 0, 0, 5, 20869.93, 69883553, 205
3406, 236, 22, 112, 21, 0, 4.81%, 0, 0, 5, 22451.09, 69997503, 205
3411, 236, 29, 112, 21, 0, 4.81%, 0, 0, 5, 15344.18, 70069278, 205
3416, 236, 29, 112, 21, 0, 4.81%, 0, 0, 5, 17420.53, 70159827, 205
3421, 237, 26, 112, 21, 0, 4.81%, 0, 0, 5, 17129.41, 70245118, 205
3426, 237, 29, 112, 21, 0, 4.81%, 0, 0, 5, 18768.29, 70341307, 205
3431, 237, 29, 112, 21, 0, 4.81%, 0, 0, 5, 17432.25, 70425845, 205
3436, 237, 29, 112, 21, 0, 4.81%, 0, 0, 5, 15504.71, 70506390, 205
3441, 238, 29, 112, 21, 0, 4.81%, 0, 0, 5, 14439.33, 70581582, 205
3447, 238, 29, 112, 21, 0, 4.81%, 0, 0, 5, 17678.15, 70672882, 205
3452, 238, 29, 112, 21, 0, 4.81%, 0, 0, 5, 19636.89, 70777133, 205
3457, 239, 29, 112, 21, 0, 4.81%, 0, 0, 5, 20113.83, 70880661, 205
3462, 239, 29, 112, 21, 0, 4.81%, 0, 0, 5, 20422.26, 70992174, 205
3467, 240, 29, 112, 21, 0, 4.81%, 0, 0, 5, 20351.20, 71098108, 205
3472, 240, 29, 112, 21, 0, 4.81%, 0, 0, 5, 15152.69, 71168781, 205
3478, 240, 29, 112, 21, 0, 4.81%, 0, 0, 5, 18942.80, 71268985, 205
3483, 240, 29, 112, 21, 0, 4.81%, 0, 0, 5, 16023.97, 71351530, 205
3488, 241, 29, 112, 21, 0, 4.81%, 0, 0, 5, 18494.72, 71448296, 205
3493, 241, 29, 112, 21, 0, 4.81%, 0, 0, 5, 17421.87, 71535587, 205
3498, 241, 29, 112, 21, 0, 4.81%, 0, 0, 5, 20725.96, 71645500, 205
3503, 242, 29, 112, 21, 0, 4.81%, 0, 0, 5, 17562.72, 71725255, 205
3508, 242, 29, 112, 21, 0, 4.81%, 0, 0, 5, 15271.24, 71801068, 205
3514, 242, 3, 112, 21, 0, 4.81%, 0, 0, 5, 16815.87, 71885060, 205
3519, 243, 29, 112, 21, 0, 4.81%, 0, 0, 5, 17823.80, 71981211, 205
3524, 243, 28, 112, 21, 0, 4.81%, 0, 0, 5, 17192.96, 72069106, 205
3529, 243, 26, 112, 21, 0, 4.81%, 0, 0, 5, 17757.96, 72167428, 205
3534, 243, 22, 112, 21, 0, 4.81%, 0, 0, 5, 19464.93, 72259028, 205
3539, 244, 6, 112, 21, 0, 4.81%, 0, 0, 5, 16448.91, 72343354, 205
3544, 244, 29, 112, 21, 0, 4.81%, 0, 0, 5, 14619.77, 72411837, 205
3549, 244, 6, 112, 21, 0, 4.81%, 0, 0, 5, 17630.57, 72509033, 205
3555, 245, 25, 112, 21, 0, 4.81%, 0, 0, 5, 17664.65, 72603223, 205
3560, 245, 29, 112, 21, 0, 4.81%, 0, 0, 5, 17379.78, 72693276, 205
3565, 245, 29, 112, 21, 0, 4.81%, 0, 0, 5, 16542.58, 72779361, 205
3570, 246, 29, 112, 21, 0, 4.81%, 0, 0, 5, 16928.51, 72867702, 205
3575, 246, 29, 112, 21, 0, 4.81%, 0, 0, 5, 17354.13, 72953547, 205
3580, 246, 29, 112, 21, 0, 4.81%, 0, 0, 5, 17345.24, 73031345, 205
3585, 246, 6, 112, 21, 0, 4.81%, 0, 0, 5, 18571.05, 73130077, 205
3591, 247, 29, 112, 21, 0, 4.81%, 0, 0, 5, 17897.09, 73223782, 205
3596, 247, 29, 112, 21, 0, 4.81%, 0, 0, 5, 20048.78, 73328775, 205
3600, 247, 29, 112, 21, 0, 4.81%, 0, 0, 5, 20525.34, 73406865, 205
