# relative_time, cycles_done, cur_item, corpus_count, pending_total, pending_favs, map_size, saved_crashes, saved_hangs, max_depth, execs_per_sec, total_execs, edges_found
61, 1, 66, 155, 121, 0, 7.75%, 0, 0, 3, 17201.07, 1036081, 377
67, 1, 71, 155, 121, 0, 7.75%, 0, 0, 3, 16474.66, 1122381, 377
72, 1, 110, 155, 120, 0, 7.75%, 0, 0, 3, 16545.80, 1208831, 377
77, 2, 110, 199, 164, 0, 7.75%, 0, 0, 3, 16500.94, 1295869, 377
82, 2, 110, 199, 162, 0, 7.75%, 0, 0, 3, 19718.77, 1395916, 377
87, 2, 110, 199, 162, 0, 7.75%, 0, 0, 3, 15577.26, 1473039, 377
92, 2, 90, 199, 160, 0, 7.75%, 0, 0, 3, 16458.06, 1564810, 377
97, 2, 71, 199, 158, 0, 7.75%, 0, 0, 3, 14437.18, 1640385, 377
103, 2, 7, 199, 158, 0, 7.75%, 0, 0, 3, 16299.85, 1726967, 377
108, 2, 110, 199, 158, 0, 7.75%, 0, 0, 3, 15433.67, 1805886, 377
113, 2, 110, 199, 158, 0, 7.75%, 0, 0, 3, 15242.29, 1882864, 377
118, 2, 110, 199, 158, 0, 7.75%, 0, 0, 3, 15745.66, 1961919, 377
123, 3, 71, 221, 179, 0, 7.75%, 0, 0, 3, 19336.15, 2059003, 377
128, 3, 110, 221, 179, 0, 7.75%, 0, 0, 3, 20185.93, 2165976, 377
133, 3, 110, 221, 179, 0, 7.75%, 0, 0, 3, 19562.81, 2260424, 377
138, 3, 7, 221, 177, 0, 7.75%, 0, 0, 3, 16781.42, 2336936, 377
143, 3, 112, 221, 177, 0, 7.75%, 0, 0, 3, 15349.30, 2411998, 377
148, 3, 110, 221, 177, 0, 7.75%, 0, 0, 3, 18326.96, 2509319, 377
153, 3, 71, 221, 177, 0, 7.75%, 0, 0, 3, 19361.07, 2606268, 377
158, 3, 110, 221, 177, 0, 7.75%, 0, 0, 3, 18687.63, 2702222, 377
164, 3, 112, 221, 177, 0, 7.75%, 0, 0, 3, 17993.41, 2797367, 377
169, 4, 110, 241, 197, 0, 7.75%, 0, 0, 3, 18232.17, 2893320, 377
174, 4, 112, 241, 197, 0, 7.75%, 0, 0, 3, 20420.16, 3001569, 377
179, 4, 110, 241, 196, 0, 7.75%, 0, 0, 3, 22404.37, 3112272, 377
184, 4, 145, 241, 196, 0, 7.75%, 0, 0, 3, 23989.25, 3232770, 377
189, 4, 71, 241, 196, 0, 7.75%, 0, 0, 3, 21071.16, 3333702, 377
194, 4, 9, 241, 195, 0, 7.75%, 0, 0, 3, 21689.73, 3441725, 377
199, 4, 109, 241, 195, 0, 7.75%, 0, 0, 3, 21411.44, 3550464, 377
204, 4, 110, 241, 194, 0, 7.75%, 0, 0, 3, 22714.93, 3666442, 377
210, 4, 110, 241, 194, 0, 7.75%, 0, 0, 3, 17120.85, 3751880, 377
215, 4, 112, 241, 194, 0, 7.75%, 0, 0, 3, 17717.34, 3842246, 377
220, 4, 112, 241, 194, 0, 7.75%, 0, 0, 3, 20891.70, 3940026, 377
225, 5, 59, 247, 199, 0, 7.75%, 0, 0, 3, 20868.73, 4045084, 377
230, 5, 64, 247, 199, 0, 7.75%, 0, 0, 3, 18544.06, 4135816, 377
235, 5, 110, 247, 199, 0, 7.75%, 0, 0, 3, 21091.95, 4248617, 377
240, 5, 9, 247, 199, 0, 7.75%, 0, 0, 3, 19010.44, 4339077, 377
245, 5, 110, 247, 199, 0, 7.75%, 0, 0, 3, 21530.20, 4447044, 377
250, 5, 71, 247, 199, 0, 7.75%, 0, 0, 3, 21010.59, 4551034, 377
256, 5, 112, 247, 199, 0, 7.75%, 0, 0, 3, 20811.26, 4660062, 377
261, 5, 82, 247, 199, 0, 7.75%, 0, 0, 3, 22337.25, 4772729, 377
266, 5, 112, 247, 199, 0, 7.75%, 0, 0, 3, 22288.94, 4876920, 377
271, 5, 54, 247, 199, 0, 7.75%, 0, 0, 3, 22106.64, 4988642, 377
276, 5, 64, 247, 199, 0, 7.75%, 0, 0, 3, 18069.20, 5078259, 377
281, 5, 55, 247, 199, 0, 7.75%, 0, 0, 3, 21630.51, 5184556, 377
286, 6, 64, 254, 206, 0, 7.75%, 0, 0, 3, 18644.60, 5276719, 377
291, 6, 64, 254, 206, 0, 7.75%, 0, 0, 3, 18587.71, 5375353, 377
296, 6, 69, 254, 206, 0, 7.75%, 0, 0, 3, 19702.58, 5474723, 377
301, 6, 147, 254, 205, 0, 7.75%, 0, 0, 3, 21543.36, 5577895, 377
306, 6, 58, 254, 205, 0, 7.75%, 0, 0, 3, 19674.94, 5680135, 377
311, 6, 110, 254, 204, 0, 7.75%, 0, 0, 3, 19667.41, 5771037, 377
317, 6, 110, 254, 203, 0, 7.75%, 0, 0, 3, 18090.35, 5869145, 377
322, 6, 110, 254, 202, 0, 7.75%, 0, 0, 3, 20213.90, 5973937, 377
327, 6, 13, 254, 202, 0, 7.75%, 0, 0, 3, 19039.97, 6073503, 377
332, 6, 59, 254, 202, 0, 7.75%, 0, 0, 3, 18097.90, 6167968, 377
337, 6, 112, 254, 202, 0, 7.75%, 0, 0, 3, 17328.59, 6253468, 377
342, 6, 110, 254, 202, 0, 7.75%, 0, 0, 3, 22318.69, 6373939, 377
347, 6, 71, 254, 202, 0, 7.75%, 0, 0, 3, 20409.41, 6474018, 377
352, 7, 110, 258, 206, 0, 7.75%, 0, 0, 3, 18288.74, 6568436, 377
358, 7, 69, 258, 206, 0, 7.75%, 0, 0, 3, 21592.99, 6678526, 377
363, 7, 62, 258, 206, 0, 7.75%, 0, 0, 3, 21777.70, 6792182, 377
368, 7, 112, 258, 206, 0, 7.75%, 0, 0, 3, 19350.25, 6890632, 377
373, 7, 15, 258, 206, 0, 7.75%, 0, 0, 3, 19910.85, 6993579, 377
378, 7, 110, 258, 206, 0, 7.75%, 0, 0, 3, 19557.16, 7099081, 377
383, 7, 69, 258, 206, 0, 7.75%, 0, 0, 3, 21053.87, 7207449, 377
388, 7, 71, 258, 206, 0, 7.75%, 0, 0, 3, 21874.04, 7316242, 377
393, 7, 112, 258, 206, 0, 7.75%, 0, 0, 3, 21383.88, 7428386, 377
398, 7, 131, 258, 206, 0, 7.75%, 0, 0, 3, 17403.81, 7508807, 377
404, 7, 71, 258, 205, 0, 7.75%, 0, 0, 3, 20992.48, 7619973, 377
409, 7, 64, 258, 205, 0, 7.75%, 0, 0, 3, 19952.52, 7716608, 377
414, 8, 110, 258, 205, 0, 7.75%, 0, 0, 3, 20235.25, 7821134, 377
419, 8, 15, 258, 204, 0, 7.75%, 0, 0, 3, 21490.49, 7930968, 377
424, 8, 71, 258, 204, 0, 7.75%, 0, 0, 3, 21463.56, 8047284, 377
429, 8, 110, 258, 203, 0, 7.75%, 0, 0, 3, 21678.38, 8155289, 377
434, 8, 112, 258, 202, 0, 7.75%, 0, 0, 3, 22871.41, 8266484, 377
439, 8, 9, 258, 202, 0, 7.75%, 0, 0, 3, 21484.59, 8363753, 377
444, 8, 15, 258, 202, 0, 7.75%, 0, 0, 3, 20055.84, 8464654, 377
449, 8, 110, 258, 201, 0, 7.75%, 0, 0, 3, 20109.50, 8559120, 377
454, 8, 109, 258, 201, 0, 7.75%, 0, 0, 3, 21411.25, 8661455, 377
459, 8, 59, 258, 201, 0, 7.75%, 0, 0, 3, 18069.40, 8748990, 377
464, 8, 64, 258, 201, 0, 7.75%, 0, 0, 3, 21137.68, 8856138, 377
469, 8, 60, 258, 201, 0, 7.75%, 0, 0, 3, 22572.45, 8963542, 377
475, 8, 110, 258, 200, 0, 7.75%, 0, 0, 3, 14334.58, 9031605, 377
480, 9, 110, 264, 206, 0, 7.75%, 0, 0, 3, 14029.95, 9094318, 377
485, 9, 71, 264, 206, 0, 7.75%, 0, 0, 3, 19398.47, 9201865, 377
490, 9, 71, 264, 206, 0, 7.75%, 0, 0, 3, 21978.51, 9308658, 377
495, 9, 64, 264, 206, 0, 7.75%, 0, 0, 3, 24305.03, 9439447, 377
500, 9, 110, 264, 206, 0, 7.75%, 0, 0, 3, 27084.88, 9573128, 377
505, 9, 110, 264, 205, 0, 7.75%, 0, 0, 3, 25479.37, 9693739, 377
510, 9, 112, 264, 205, 0, 7.75%, 0, 0, 3, 25865.46, 9825021, 377
515, 9, 112, 264, 205, 0, 7.75%, 0, 0, 3, 25454.38, 9952212, 377
520, 9, 110, 264, 205, 0, 7.75%, 0, 0, 3, 26568.09, 10079951, 377
525, 9, 58, 264, 205, 0, 7.75%, 0, 0, 3, 26728.19, 10209970, 377
530, 9, 60, 264, 204, 0, 7.75%, 0, 0, 3, 24556.61, 10331309, 377
536, 9, 110, 264, 203, 0, 7.75%, 0, 0, 3, 23404.12, 10452787, 377
541, 9, 64, 264, 203, 0, 7.75%, 0, 0, 3, 22332.75, 10564183, 377
546, 10, 59, 273, 212, 0, 7.75%, 0, 0, 3, 23195.15, 10687047, 377
551, 10, 59, 273, 212, 0, 7.75%, 0, 0, 3, 25457.40, 10813515, 377
556, 10, 58, 273, 212, 0, 7.75%, 0, 0, 3, 28307.47, 10959736, 377
561, 10, 64, 273, 212, 0, 7.75%, 0, 0, 3, 25042.22, 11081055, 377
566, 10, 110, 273, 212, 0, 7.75%, 0, 0, 3, 24521.24, 11210996, 377
571, 10, 110, 273, 212, 0, 7.75%, 0, 0, 3, 26071.42, 11349532, 377
576, 10, 60, 273, 212, 0, 7.75%, 0, 0, 3, 24940.03, 11480476, 377
581, 10, 71, 273, 211, 0, 7.75%, 0, 0, 3, 23399.35, 11589026, 377
586, 10, 110, 273, 211, 0, 7.75%, 0, 0, 3, 26173.62, 11723804, 377
591, 10, 61, 273, 210, 0, 7.75%, 0, 0, 3, 22683.44, 11841437, 377
597, 10, 71, 273, 210, 0, 7.75%, 0, 0, 3, 22444.54, 11956265, 377
602, 10, 110, 273, 210, 0, 7.75%, 0, 0, 3, 27289.10, 12095064, 377
607, 10, 64, 273, 210, 0, 7.75%, 0, 0, 3, 22042.26, 12201224, 377
612, 11, 60, 275, 212, 0, 7.75%, 0, 0, 3, 22262.36, 12318915, 377
617, 11, 64, 275, 212, 0, 7.75%, 0, 0, 3, 21557.78, 12419182, 377
622, 11, 110, 275, 212, 0, 7.75%, 0, 0, 3, 21682.72, 12532842, 377
627, 11, 9, 275, 212, 0, 7.75%, 0, 0, 3, 20302.77, 12639726, 377
632, 11, 59, 275, 211, 0, 7.75%, 0, 0, 3, 16075.51, 12717090, 377
637, 11, 60, 275, 211, 0, 7.75%, 0, 0, 3, 15775.22, 12797103, 377
643, 11, 112, 275, 211, 0, 7.75%, 0, 0, 3, 21113.78, 12901542, 377
648, 11, 9, 275, 211, 0, 7.75%, 0, 0, 3, 22501.61, 13012119, 377
653, 11, 110, 275, 211, 0, 7.75%, 0, 0, 3, 23217.99, 13129318, 377
658, 11, 59, 275, 211, 0, 7.75%, 0, 0, 3, 25200.57, 13256447, 377
663, 11, 82, 275, 210, 0, 7.75%, 0, 0, 3, 23674.10, 13375042, 377
668, 11, 59, 275, 210, 0, 7.75%, 0, 0, 3, 23054.88, 13496133, 377
673, 11, 110, 275, 210, 0, 7.75%, 0, 0, 3, 25522.34, 13632294, 377
679, 11, 59, 275, 210, 0, 7.75%, 0, 0, 3, 25430.61, 13759922, 377
684, 12, 60, 275, 210, 0, 7.75%, 0, 0, 3, 24919.81, 13890856, 377
689, 12, 110, 275, 210, 0, 7.75%, 0, 0, 3, 23757.46, 14010160, 377
694, 12, 110, 275, 210, 0, 7.75%, 0, 0, 3, 25609.73, 14138940, 377
699, 12, 71, 275, 210, 0, 7.75%, 0, 0, 3, 22452.99, 14246520, 377
704, 12, 64, 275, 209, 0, 7.75%, 0, 0, 3, 23828.63, 14376628, 377
709, 12, 64, 275, 209, 0, 7.75%, 0, 0, 3, 26379.78, 14511774, 377
714, 12, 110, 275, 209, 0, 7.75%, 0, 0, 3, 23593.12, 14626165, 377
719, 12, 64, 275, 209, 0, 7.75%, 0, 0, 3, 25425.87, 14753062, 377
724, 12, 110, 275, 209, 0, 7.75%, 0, 0, 3, 24005.66, 14873679, 377
730, 12, 112, 275, 209, 0, 7.75%, 0, 0, 3, 25234.95, 14998652, 377
735, 12, 60, 275, 209, 0, 7.75%, 0, 0, 3, 25997.06, 15129992, 377
740, 12, 110, 275, 208, 0, 7.75%, 0, 0, 3, 28750.19, 15271131, 377
745, 13, 112, 275, 208, 0, 7.75%, 0, 0, 3, 24402.07, 15386441, 377
750, 13, 110, 275, 207, 0, 7.75%, 0, 0, 3, 22036.90, 15492138, 377
755, 13, 59, 275, 206, 0, 7.75%, 0, 0, 3, 15495.42, 15593108, 377
760, 13, 64, 275, 206, 0, 7.75%, 0, 0, 3, 23029.05, 15719071, 377
765, 13, 110, 275, 206, 0, 7.75%, 0, 0, 3, 22368.91, 15839735, 377
770, 13, 15, 275, 206, 0, 7.75%, 0, 0, 3, 21879.65, 15958696, 377
776, 13, 110, 275, 204, 0, 7.75%, 0, 0, 3, 22145.16, 16069538, 377
781, 13, 110, 275, 203, 0, 7.75%, 0, 0, 3, 23517.64, 16189229, 377
786, 13, 110, 275, 203, 0, 7.75%, 0, 0, 3, 25626.86, 16315062, 377
791, 13, 112, 275, 203, 0, 7.75%, 0, 0, 3, 23333.05, 16432016, 377
796, 13, 110, 275, 203, 0, 7.75%, 0, 0, 3, 24320.47, 16558580, 377
801, 13, 64, 275, 202, 0, 7.75%, 0, 0, 3, 24071.52, 16680479, 377
806, 13, 110, 275, 202, 0, 7.75%, 0, 0, 3, 23851.33, 16804885, 377
812, 13, 110, 275, 202, 0, 7.75%, 0, 0, 3, 23167.98, 16922536, 377
817, 14, 110, 275, 202, 0, 7.75%, 0, 0, 3, 22831.70, 17044848, 377
822, 14, 64, 275, 202, 0, 7.75%, 0, 0, 3, 25210.64, 17175834, 377
827, 14, 9, 275, 202, 0, 7.75%, 0, 0, 3, 22228.84, 17284349, 377
832, 14, 59, 275, 202, 0, 7.75%, 0, 0, 3, 20706.26, 17393925, 377
837, 14, 71, 275, 202, 0, 7.75%, 0, 0, 3, 22102.12, 17503307, 377
842, 14, 112, 275, 202, 0, 7.75%, 0, 0, 3, 24592.26, 17631919, 377
847, 14, 64, 275, 202, 0, 7.75%, 0, 0, 3, 22904.48, 17751300, 377
853, 14, 64, 275, 202, 0, 7.75%, 0, 0, 3, 25225.36, 17881801, 377
858, 14, 110, 275, 202, 0, 7.75%, 0, 0, 3, 21362.85, 17985031, 377
863, 14, 112, 275, 201, 0, 7.75%, 0, 0, 3, 24183.15, 18109098, 377
868, 14, 61, 275, 201, 0, 7.75%, 0, 0, 3, 23401.92, 18220111, 377
873, 14, 110, 275, 201, 0, 7.75%, 0, 0, 3, 25639.45, 18359881, 377
878, 14, 110, 275, 201, 0, 7.75%, 0, 0, 3, 24719.46, 18487136, 377
883, 15, 64, 277, 203, 0, 7.75%, 0, 0, 3, 24358.38, 18607509, 377
888, 15, 112, 277, 203, 0, 7.75%, 0, 0, 3, 23248.16, 18727413, 377
893, 15, 110, 277, 203, 0, 7.75%, 0, 0, 3, 22961.03, 18840618, 377
898, 15, 112, 277, 203, 0, 7.75%, 0, 0, 3, 19892.36, 18942932, 377
904, 15, 60, 277, 203, 0, 7.75%, 0, 0, 3, 24148.12, 19066279, 377
909, 15, 110, 277, 203, 0, 7.75%, 0, 0, 3, 23486.50, 19186856, 377
914, 15, 110, 277, 201, 0, 7.75%, 0, 0, 3, 24197.68, 19310750, 377
919, 15, 64, 277, 201, 0, 7.75%, 0, 0, 3, 24190.24, 19432145, 377
924, 15, 71, 277, 201, 0, 7.75%, 0, 0, 3, 24512.82, 19549300, 377
929, 15, 64, 277, 201, 0, 7.75%, 0, 0, 3, 25402.75, 19675149, 377
935, 15, 60, 277, 201, 0, 7.75%, 0, 0, 3, 24828.77, 19804130, 377
940, 15, 112, 277, 201, 0, 7.75%, 0, 0, 3, 21627.88, 19910374, 377
945, 15, 110, 277, 201, 0, 7.75%, 0, 0, 3, 23247.29, 20035690, 377
950, 16, 71, 277, 201, 0, 7.75%, 0, 0, 3, 23934.34, 20161703, 377
955, 16, 59, 277, 201, 0, 7.75%, 0, 0, 3, 25700.99, 20285521, 377
960, 16, 112, 277, 201, 0, 7.75%, 0, 0, 3, 23477.68, 20393316, 377
965, 16, 112, 277, 201, 0, 7.75%, 0, 0, 3, 25124.82, 20521439, 377
970, 16, 64, 277, 201, 0, 7.75%, 0, 0, 3, 23904.60, 20637681, 377
975, 16, 112, 277, 201, 0, 7.75%, 0, 0, 3, 25947.24, 20777499, 377
980, 16, 64, 277, 200, 0, 7.75%, 0, 0, 3, 21362.85, 20884109, 377
986, 16, 112, 277, 200, 0, 7.75%, 0, 0, 3, 21539.00, 20994884, 377
991, 16, 112, 277, 199, 0, 7.75%, 0, 0, 3, 22187.73, 21106867, 377
996, 16, 69, 277, 199, 0, 7.75%, 0, 0, 3, 25840.38, 21242027, 377
1001, 16, 9, 277, 198, 0, 7.75%, 0, 0, 3, 22357.39, 21350001, 377
1006, 16, 50, 277, 198, 0, 7.75%, 0, 0, 3, 22795.72, 21469740, 377
1011, 16, 59, 277, 198, 0, 7.75%, 0, 0, 3, 22657.92, 21586797, 377
1016, 16, 64, 277, 198, 0, 7.75%, 0, 0, 3, 23077.18, 21711300, 377
1021, 17, 64, 277, 198, 0, 7.75%, 0, 0, 3, 25134.11, 21832917, 377
1026, 17, 110, 277, 198, 0, 7.75%, 0, 0, 3, 23353.88, 21956974, 377
1032, 17, 60, 277, 198, 0, 7.75%, 0, 0, 3, 25015.48, 22088462, 377
1037, 17, 64, 277, 198, 0, 7.75%, 0, 0, 3, 23998.79, 22214256, 377
1042, 17, 112, 277, 198, 0, 7.75%, 0, 0, 3, 23995.42, 22337271, 377
1047, 17, 64, 277, 198, 0, 7.75%, 0, 0, 3, 22785.38, 22455785, 377
1052, 17, 59, 277, 198, 0, 7.75%, 0, 0, 3, 24776.72, 22577753, 377
1057, 17, 110, 277, 198, 0, 7.75%, 0, 0, 3, 18517.24, 22671628, 377
1062, 17, 110, 277, 198, 0, 7.75%, 0, 0, 3, 22859.87, 22781157, 377
1067, 17, 60, 277, 198, 0, 7.75%, 0, 0, 3, 26001.80, 22928622, 377
1072, 17, 64, 277, 198, 0, 7.75%, 0, 0, 3, 24400.59, 23059054, 377
1077, 17, 110, 277, 198, 0, 7.75%, 0, 0, 3, 26924.99, 23197574, 377
1082, 18, 60, 277, 198, 0, 7.75%, 0, 0, 3, 27394.41, 23338448, 377
1088, 18, 61, 277, 198, 0, 7.75%, 0, 0, 3, 25606.29, 23473907, 377
1093, 18, 110, 277, 198, 0, 7.75%, 0, 0, 3, 28701.81, 23620017, 377
1098, 18, 61, 277, 198, 0, 7.75%, 0, 0, 3, 25456.37, 23755256, 377
1103, 18, 110, 277, 198, 0, 7.75%, 0, 0, 3, 28972.41, 23908242, 377
1108, 18, 9, 277, 197, 0, 7.75%, 0, 0, 3, 24398.01, 24030156, 377
1113, 18, 64, 277, 197, 0, 7.75%, 0, 0, 3, 25334.27, 24164459, 377
1118, 18, 69, 277, 197, 0, 7.75%, 0, 0, 3, 26767.01, 24298998, 377
1123, 18, 110, 277, 197, 0, 7.75%, 0, 0, 3, 26900.64, 24443633, 377
1128, 18, 110, 277, 197, 0, 7.75%, 0, 0, 3, 23715.77, 24555611, 377
1133, 18, 112, 277, 197, 0, 7.75%, 0, 0, 3, 22454.70, 24671511, 377
1138, 18, 110, 277, 197, 0, 7.75%, 0, 0, 3, 24243.22, 24801626, 377
1144, 19, 64, 277, 196, 0, 7.75%, 0, 0, 3, 28127.25, 24956516, 377
1149, 19, 112, 277, 195, 0, 7.75%, 0, 0, 3, 23772.09, 25071344, 377
1154, 19, 112, 277, 193, 0, 7.75%, 0, 0, 3, 25942.96, 25205182, 377
1159, 19, 9, 277, 193, 0, 7.75%, 0, 0, 3, 25972.79, 25338962, 377
1164, 19, 110, 277, 192, 0, 7.75%, 0, 0, 3, 25316.13, 25473563, 377
1169, 19, 110, 277, 191, 0, 7.75%, 0, 0, 3, 25068.33, 25596500, 377
1174, 19, 64, 277, 191, 0, 7.75%, 0, 0, 3, 27465.28, 25744008, 377
1179, 19, 71, 277, 191, 0, 7.75%, 0, 0, 3, 27283.90, 25875404, 377
1185, 19, 9, 277, 191, 0, 7.75%, 0, 0, 3, 28466.45, 26020972, 377
1190, 19, 60, 277, 191, 0, 7.75%, 0, 0, 3, 27740.54, 26161833, 377
1195, 19, 62, 277, 191, 0, 7.75%, 0, 0, 3, 27287.99, 26293708, 377
1200, 19, 71, 277, 190, 0, 7.75%, 0, 0, 3, 25732.64, 26420730, 377
1205, 20, 110, 277, 190, 0, 7.75%, 0, 0, 3, 27088.96, 26561440, 377
1211, 20, 60, 277, 190, 0, 7.75%, 0, 0, 3, 28622.37, 26703279, 377
1216, 20, 71, 277, 190, 0, 7.75%, 0, 0, 3, 27878.35, 26851422, 377
1221, 20, 110, 277, 190, 0, 7.75%, 0, 0, 3, 25852.18, 26981828, 377
1226, 20, 110, 277, 190, 0, 7.75%, 0, 0, 3, 25296.15, 27116672, 377
1231, 20, 112, 277, 190, 0, 7.75%, 0, 0, 3, 29344.36, 27264971, 377
1236, 20, 64, 277, 190, 0, 7.75%, 0, 0, 3, 27418.49, 27407571, 377
1241, 20, 110, 277, 190, 0, 7.75%, 0, 0, 3, 27618.05, 27539085, 377
1247, 20, 60, 277, 189, 0, 7.75%, 0, 0, 3, 23664.36, 27658812, 377
1252, 20, 110, 277, 189, 0, 7.75%, 0, 0, 3, 25017.17, 27793425, 377
1257, 20, 71, 277, 189, 0, 7.75%, 0, 0, 3, 23859.53, 27917602, 377
1262, 21, 110, 278, 190, 0, 7.75%, 0, 0, 3, 27893.53, 28063485, 377
1267, 21, 110, 278, 189, 0, 7.75%, 0, 0, 3, 25404.36, 28193558, 377
1272, 21, 62, 278, 189, 0, 7.75%, 0, 0, 3, 29138.81, 28347104, 377
1277, 21, 60, 278, 189, 0, 7.75%, 0, 0, 3, 26766.18, 28489095, 377
1283, 21, 112, 278, 189, 0, 7.75%, 0, 0, 3, 26114.79, 28622127, 377
1288, 21, 5, 278, 189, 0, 7.75%, 0, 0, 3, 23850.53, 28745252, 377
1293, 21, 112, 278, 189, 0, 7.75%, 0, 0, 3, 28737.33, 28898253, 377
1298, 21, 69, 278, 189, 0, 7.75%, 0, 0, 3, 26796.25, 29031235, 377
1303, 21, 61, 278, 189, 0, 7.75%, 0, 0, 3, 25880.76, 29167614, 377
1308, 21, 61, 278, 189, 0, 7.75%, 0, 0, 3, 26292.44, 29305265, 377
1313, 21, 109, 278, 189, 0, 7.75%, 0, 0, 3, 24670.70, 29434819, 377
1318, 21, 59, 278, 189, 0, 7.75%, 0, 0, 3, 26332.99, 29570746, 377
1323, 22, 15, 278, 189, 0, 7.75%, 0, 0, 3, 27724.21, 29706422, 377
1329, 22, 64, 278, 189, 0, 7.75%, 0, 0, 3, 27362.77, 29846649, 377
1334, 22, 110, 278, 187, 0, 7.75%, 0, 0, 3, 26466.18, 29985499, 377
1339, 22, 110, 278, 187, 0, 7.75%, 0, 0, 3, 25404.36, 30115937, 377
1344, 22, 59, 278, 187, 0, 7.75%, 0, 0, 3, 26039.01, 30253548, 377
1349, 22, 110, 278, 186, 0, 7.75%, 0, 0, 3, 25596.01, 30381238, 377
1355, 22, 110, 278, 185, 0, 7.75%, 0, 0, 3, 26090.81, 30513741, 377
1360, 22, 110, 278, 185, 0, 7.75%, 0, 0, 3, 27091.14, 30652042, 377
1365, 22, 64, 278, 185, 0, 7.75%, 0, 0, 3, 29159.59, 30799835, 377
1370, 22, 64, 278, 185, 0, 7.75%, 0, 0, 3, 25352.64, 30919267, 377
1375, 22, 110, 278, 185, 0, 7.75%, 0, 0, 3, 26809.47, 31056530, 377
1380, 22, 110, 278, 185, 0, 7.75%, 0, 0, 3, 26608.27, 31189908, 377
1385, 23, 110, 278, 184, 0, 7.75%, 0, 0, 3, 25808.75, 31325943, 377
1391, 23, 64, 278, 183, 0, 7.75%, 0, 0, 3, 26215.80, 31455109, 377
1396, 23, 110, 278, 183, 0, 7.75%, 0, 0, 3, 26160.04, 31591818, 377
1401, 23, 71, 278, 183, 0, 7.75%, 0, 0, 3, 26117.93, 31719299, 377
1406, 23, 110, 278, 183, 0, 7.75%, 0, 0, 3, 21593.79, 31833732, 377
1411, 23, 70, 278, 183, 0, 7.75%, 0, 0, 3, 18616.18, 31923838, 377
1416, 23, 110, 278, 183, 0, 7.75%, 0, 0, 3, 19514.91, 32028276, 377
1421, 23, 110, 278, 183, 0, 7.75%, 0, 0, 3, 24341.17, 32159596, 377
1427, 23, 59, 278, 183, 0, 7.75%, 0, 0, 3, 24464.98, 32291201, 377
1432, 23, 69, 278, 183, 0, 7.75%, 0, 0, 3, 21398.45, 32401019, 377
1437, 23, 71, 278, 183, 0, 7.75%, 0, 0, 3, 25172.54, 32534624, 377
1442, 23, 71, 278, 183, 0, 7.75%, 0, 0, 3, 23566.20, 32649577, 377
1447, 23, 112, 278, 183, 0, 7.75%, 0, 0, 3, 24442.74, 32775470, 377
1452, 24, 110, 278, 183, 0, 7.75%, 0, 0, 3, 25864.18, 32904548, 377
1457, 24, 54, 278, 183, 0, 7.75%, 0, 0, 3, 25395.57, 33031909, 377
1462, 24, 60, 278, 183, 0, 7.75%, 0, 0, 3, 26188.97, 33170516, 377
1467, 24, 59, 278, 183, 0, 7.75%, 0, 0, 3, 24831.48, 33299183, 377
1472, 24, 58, 278, 183, 0, 7.75%, 0, 0, 3, 26057.13, 33434757, 377
1477, 24, 112, 278, 182, 0, 7.75%, 0, 0, 3, 23094.98, 33550724, 377
1482, 24, 112, 278, 182, 0, 7.75%, 0, 0, 3, 26989.71, 33693361, 377
1487, 24, 60, 278, 182, 0, 7.75%, 0, 0, 3, 25692.70, 33833210, 377
1493, 24, 59, 278, 182, 0, 7.75%, 0, 0, 3, 23367.00, 33947062, 377
1498, 24, 110, 278, 182, 0, 7.75%, 0, 0, 3, 24004.85, 34074712, 377
1503, 24, 110, 278, 182, 0, 7.75%, 0, 0, 3, 26013.29, 34206134, 377
1508, 24, 110, 278, 182, 0, 7.75%, 0, 0, 3, 24686.09, 34332182, 377
1513, 25, 82, 278, 182, 0, 7.75%, 0, 0, 3, 27162.71, 34466441, 377
1518, 25, 110, 278, 182, 0, 7.75%, 0, 0, 3, 27118.52, 34601173, 377
1523, 25, 110, 278, 182, 0, 7.75%, 0, 0, 3, 24987.15, 34724986, 377
1528, 25, 71, 278, 180, 0, 7.75%, 0, 0, 3, 22999.18, 34839153, 377
1534, 25, 71, 278, 180, 0, 7.75%, 0, 0, 3, 27512.34, 34982402, 377
1539, 25, 59, 278, 180, 0, 7.75%, 0, 0, 3, 27099.41, 35120403, 377
1544, 25, 60, 278, 180, 0, 7.75%, 0, 0, 3, 28146.13, 35258702, 377
1549, 25, 112, 278, 180, 0, 7.75%, 0, 0, 3, 27188.04, 35392647, 377
1554, 25, 59, 278, 180, 0, 7.75%, 0, 0, 3, 25150.20, 35519680, 377
1559, 25, 60, 278, 180, 0, 7.75%, 0, 0, 3, 25862.21, 35648428, 377
1564, 25, 60, 278, 180, 0, 7.75%, 0, 0, 3, 26886.37, 35788435, 377
1569, 25, 64, 278, 180, 0, 7.75%, 0, 0, 3, 25986.71, 35920559, 377
1575, 26, 81, 278, 180, 0, 7.75%, 0, 0, 3, 25633.73, 36052872, 377
1580, 26, 110, 278, 180, 0, 7.75%, 0, 0, 3, 25172.77, 36178783, 377
1585, 26, 60, 278, 180, 0, 7.75%, 0, 0, 3, 25504.91, 36305222, 377
1590, 26, 110, 278, 180, 0, 7.75%, 0, 0, 3, 24913.53, 36420531, 377
1595, 26, 110, 278, 180, 0, 7.75%, 0, 0, 3, 27996.51, 36568990, 377
1600, 26, 59, 278, 180, 0, 7.75%, 0, 0, 3, 27515.45, 36698660, 377
1605, 26, 64, 278, 180, 0, 7.75%, 0, 0, 3, 26653.75, 36838124, 377
1610, 26, 59, 278, 180, 0, 7.75%, 0, 0, 3, 27295.96, 36982345, 377
1615, 26, 110, 278, 180, 0, 7.75%, 0, 0, 3, 24873.14, 37104389, 377
1620, 26, 59, 278, 180, 0, 7.75%, 0, 0, 3, 23956.41, 37221143, 377
1626, 26, 59, 278, 180, 0, 7.75%, 0, 0, 3, 25110.23, 37351833, 377
1631, 26, 60, 278, 179, 0, 7.75%, 0, 0, 3, 24453.10, 37473904, 377
1636, 27, 112, 278, 179, 0, 7.75%, 0, 0, 3, 25970.84, 37609423, 377
1641, 27, 110, 278, 179, 0, 7.75%, 0, 0, 3, 26428.81, 37743333, 377
1646, 27, 95, 278, 179, 0, 7.75%, 0, 0, 3, 27936.64, 37893888, 377
1651, 27, 64, 278, 178, 0, 7.75%, 0, 0, 3, 27604.23, 38027596, 377
1656, 27, 64, 278, 178, 0, 7.75%, 0, 0, 3, 26066.58, 38161316, 377
1661, 27, 110, 278, 178, 0, 7.75%, 0, 0, 3, 26337.07, 38294455, 377
1666, 27, 64, 278, 177, 0, 7.75%, 0, 0, 3, 19833.68, 38393987, 377
1672, 27, 64, 278, 177, 0, 7.75%, 0, 0, 3, 20610.58, 38502746, 377
1677, 27, 110, 278, 177, 0, 7.75%, 0, 0, 3, 22743.13, 38625512, 377
1682, 27, 112, 278, 177, 0, 7.75%, 0, 0, 3, 22591.81, 38740485, 377
1687, 27, 110, 278, 177, 0, 7.75%, 0, 0, 3, 21655.46, 38849538, 377
1692, 27, 71, 278, 177, 0, 7.75%, 0, 0, 3, 20110.99, 38950656, 377
1697, 27, 60, 278, 177, 0, 7.75%, 0, 0, 3, 18254.39, 39043665, 377
1702, 28, 112, 278, 176, 0, 7.75%, 0, 0, 3, 20899.50, 39157430, 377
1707, 28, 64, 278, 176, 0, 7.75%, 0, 0, 3, 19213.04, 39256736, 377
1712, 28, 82, 278, 176, 0, 7.75%, 0, 0, 3, 21439.33, 39366686, 377
1718, 28, 110, 278, 176, 0, 7.75%, 0, 0, 3, 19118.67, 39460868, 377
1723, 28, 110, 278, 176, 0, 7.75%, 0, 0, 3, 23361.96, 39584926, 377
1728, 28, 112, 278, 175, 0, 7.75%, 0, 0, 3, 21563.23, 39689720, 377
1733, 28, 110, 278, 175, 0, 7.75%, 0, 0, 3, 18443.72, 39771306, 377
1738, 28, 60, 278, 175, 0, 7.75%, 0, 0, 3, 22512.34, 39888957, 377
1743, 28, 60, 278, 175, 0, 7.75%, 0, 0, 3, 27115.49, 40032565, 377
1748, 28, 64, 278, 175, 0, 7.75%, 0, 0, 3, 24458.15, 40143902, 377
1753, 28, 110, 278, 175, 0, 7.75%, 0, 0, 3, 25853.92, 40280739, 377
1758, 28, 112, 278, 175, 0, 7.75%, 0, 0, 3, 25109.16, 40407781, 377
1763, 28, 110, 278, 175, 0, 7.75%, 0, 0, 3, 26743.39, 40543169, 377
1768, 28, 110, 278, 175, 0, 7.75%, 0, 0, 3, 24314.64, 40669022, 377
1774, 29, 110, 278, 175, 0, 7.75%, 0, 0, 3, 29682.76, 40824509, 377
1779, 29, 110, 278, 175, 0, 7.75%, 0, 0, 3, 24784.72, 40947944, 377
1784, 29, 61, 278, 174, 0, 7.75%, 0, 0, 3, 25215.81, 41079823, 377
1789, 29, 64, 278, 174, 0, 7.75%, 0, 0, 3, 25832.32, 41213958, 377
1794, 29, 60, 278, 174, 0, 7.75%, 0, 0, 3, 25606.12, 41339675, 377
1799, 29, 15, 278, 174, 0, 7.75%, 0, 0, 3, 24462.29, 41460223, 377
1804, 29, 60, 278, 174, 0, 7.75%, 0, 0, 3, 25584.37, 41593218, 377
1809, 29, 71, 278, 174, 0, 7.75%, 0, 0, 3, 22840.67, 41715860, 377
1814, 29, 62, 278, 174, 0, 7.75%, 0, 0, 3, 22179.65, 41833473, 377
1820, 29, 112, 278, 174, 0, 7.75%, 0, 0, 3, 22884.03, 41949699, 377
1825, 29, 110, 278, 174, 0, 7.75%, 0, 0, 3, 24531.96, 42073000, 377
1830, 29, 60, 278, 173, 0, 7.75%, 0, 0, 3, 24012.23, 42194163, 377
1835, 30, 69, 278, 173, 0, 7.75%, 0, 0, 3, 25546.41, 42326950, 377
1840, 30, 59, 278, 173, 0, 7.75%, 0, 0, 3, 25338.73, 42449135, 377
1845, 30, 109, 278, 173, 0, 7.75%, 0, 0, 3, 26326.12, 42585831, 377
1850, 30, 112, 278, 173, 0, 7.75%, 0, 0, 3, 25210.86, 42711594, 377
1855, 30, 110, 278, 173, 0, 7.75%, 0, 0, 3, 26948.18, 42848365, 377
1861, 30, 71, 278, 173, 0, 7.75%, 0, 0, 3, 25774.89, 42982727, 377
1866, 30, 59, 278, 173, 0, 7.75%, 0, 0, 3, 24932.11, 43110803, 377
1871, 30, 59, 278, 173, 0, 7.75%, 0, 0, 3, 27622.67, 43251875, 377
1876, 30, 60, 278, 173, 0, 7.75%, 0, 0, 3, 26605.11, 43388656, 377
1881, 30, 112, 278, 173, 0, 7.75%, 0, 0, 3, 26374.12, 43516927, 377
1886, 30, 112, 278, 173, 0, 7.75%, 0, 0, 3, 24813.02, 43644628, 377
1891, 30, 64, 278, 173, 0, 7.75%, 0, 0, 3, 26767.94, 43784868, 377
1896, 31, 60, 278, 173, 0, 7.75%, 0, 0, 3, 25253.13, 43914479, 377
1901, 31, 82, 278, 173, 0, 7.75%, 0, 0, 3, 21002.47, 44023944, 377
1907, 31, 60, 278, 173, 0, 7.75%, 0, 0, 3, 23845.03, 44147057, 377
1912, 31, 58, 278, 173, 0, 7.75%, 0, 0, 3, 24549.19, 44277872, 377
1917, 31, 64, 278, 172, 0, 7.75%, 0, 0, 3, 24326.73, 44404511, 377
1922, 31, 110, 278, 172, 0, 7.75%, 0, 0, 3, 25726.13, 44534096, 377
1927, 31, 110, 278, 172, 0, 7.75%, 0, 0, 3, 27284.50, 44673818, 377
1932, 31, 110, 278, 172, 0, 7.75%, 0, 0, 3, 23700.56, 44791254, 377
1937, 31, 110, 278, 172, 0, 7.75%, 0, 0, 3, 23484.87, 44913290, 377
1943, 31, 110, 278, 172, 0, 7.75%, 0, 0, 3, 27482.83, 45064614, 377
1948, 31, 64, 278, 172, 0, 7.75%, 0, 0, 3, 26345.01, 45204791, 377
1953, 31, 112, 278, 172, 0, 7.75%, 0, 0, 3, 28438.67, 45354858, 377
1958, 32, 71, 278, 172, 0, 7.75%, 0, 0, 3, 26761.73, 45491153, 377
1963, 32, 110, 278, 171, 0, 7.75%, 0, 0, 3, 32199.14, 45616460, 377
1968, 32, 112, 278, 171, 0, 7.75%, 0, 0, 3, 26303.71, 45740036, 377
1973, 32, 110, 278, 171, 0, 7.75%, 0, 0, 3, 23424.00, 45857549, 377
1978, 32, 110, 278, 171, 0, 7.75%, 0, 0, 3, 23452.60, 45983298, 377
1983, 32, 71, 278, 171, 0, 7.75%, 0, 0, 3, 27427.54, 46125015, 377
1988, 32, 110, 278, 171, 0, 7.75%, 0, 0, 3, 25038.72, 46248523, 377
1994, 32, 71, 278, 171, 0, 7.75%, 0, 0, 3, 28646.89, 46405449, 377
1999, 32, 110, 278, 171, 0, 7.75%, 0, 0, 3, 24691.05, 46529410, 377
2004, 32, 60, 278, 171, 0, 7.75%, 0, 0, 3, 26879.72, 46674167, 377
2009, 32, 59, 278, 171, 0, 7.75%, 0, 0, 3, 27871.15, 46815801, 377
2014, 32, 110, 278, 171, 0, 7.75%, 0, 0, 3, 27160.83, 46956464, 377
2019, 33, 110, 278, 171, 0, 7.75%, 0, 0, 3, 24707.85, 47081226, 377
2024, 33, 110, 278, 171, 0, 7.75%, 0, 0, 3, 27083.66, 47222806, 377
2029, 33, 9, 278, 171, 0, 7.75%, 0, 0, 3, 24784.13, 47346597, 377
2035, 33, 110, 278, 171, 0, 7.75%, 0, 0, 3, 22236.72, 47456902, 377
2040, 33, 60, 278, 171, 0, 7.75%, 0, 0, 3, 24075.54, 47583612, 377
2045, 33, 110, 278, 171, 0, 7.75%, 0, 0, 3, 27849.17, 47729554, 377
2050, 33, 110, 278, 171, 0, 7.75%, 0, 0, 3, 25726.49, 47849762, 377
2055, 33, 110, 278, 171, 0, 7.75%, 0, 0, 3, 26770.49, 47989250, 377
2060, 33, 110, 278, 171, 0, 7.75%, 0, 0, 3, 26673.76, 48123685, 377
2066, 33, 110, 278, 171, 0, 7.75%, 0, 0, 3, 26106.71, 48258823, 377
2071, 33, 110, 278, 171, 0, 7.75%, 0, 0, 3, 25358.59, 48386560, 377
2076, 33, 64, 278, 171, 0, 7.75%, 0, 0, 3, 26878.86, 48536551, 377
2081, 34, 60, 278, 171, 0, 7.75%, 0, 0, 3, 26246.53, 48670458, 377
2086, 34, 112, 278, 171, 0, 7.75%, 0, 0, 3, 26005.11, 48804932, 377
2091, 34, 59, 278, 171, 0, 7.75%, 0, 0, 3, 22726.34, 48919393, 377
2096, 34, 59, 278, 171, 0, 7.75%, 0, 0, 3, 22838.95, 49034753, 377
2101, 34, 110, 278, 171, 0, 7.75%, 0, 0, 3, 24853.14, 49165258, 377
2107, 34, 112, 278, 171, 0, 7.75%, 0, 0, 3, 24443.55, 49295079, 377
2112, 34, 58, 278, 171, 0, 7.75%, 0, 0, 3, 25117.89, 49421614, 377
2117, 34, 64, 278, 171, 0, 7.75%, 0, 0, 3, 18480.34, 49515516, 377
2122, 34, 110, 278, 171, 0, 7.75%, 0, 0, 3, 17843.62, 49613282, 377
2127, 34, 71, 278, 169, 0, 7.75%, 0, 0, 3, 19101.62, 49721487, 377
2132, 34, 110, 278, 169, 0, 7.75%, 0, 0, 3, 25705.09, 49850761, 377
2137, 34, 110, 278, 169, 0, 7.75%, 0, 0, 3, 21030.95, 49955340, 377
2142, 34, 60, 278, 169, 0, 7.75%, 0, 0, 3, 23382.39, 50067874, 377
2147, 35, 110, 278, 169, 0, 7.75%, 0, 0, 3, 17848.33, 50155942, 377
2153, 35, 110, 278, 169, 0, 7.75%, 0, 0, 3, 18218.83, 50262020, 377
2158, 35, 110, 278, 169, 0, 7.75%, 0, 0, 3, 16497.75, 50337811, 377
2163, 35, 64, 278, 169, 0, 7.75%, 0, 0, 3, 23383.29, 50468747, 377
2168, 35, 64, 278, 168, 0, 7.75%, 0, 0, 3, 25957.24, 50611883, 377
2173, 35, 110, 278, 168, 0, 7.75%, 0, 0, 3, 28397.77, 50757975, 377
2178, 35, 112, 278, 168, 0, 7.75%, 0, 0, 3, 24700.50, 50875498, 377
2183, 35, 110, 278, 168, 0, 7.75%, 0, 0, 3, 26445.39, 51008704, 377
2188, 35, 59, 278, 168, 0, 7.75%, 0, 0, 3, 25740.99, 51143006, 377
2193, 35, 59, 278, 167, 0, 7.75%, 0, 0, 3, 24291.02, 51266325, 377
2198, 35, 110, 278, 167, 0, 7.75%, 0, 0, 3, 26508.63, 51402076, 377
2204, 35, 71, 278, 167, 0, 7.75%, 0, 0, 3, 27633.40, 51543546, 377
2209, 35, 71, 278, 166, 0, 7.75%, 0, 0, 3, 25525.78, 51668279, 377
2214, 36, 110, 278, 165, 0, 7.75%, 0, 0, 3, 24222.99, 51788588, 377
2219, 36, 71, 278, 165, 0, 7.75%, 0, 0, 3, 26272.72, 51918845, 377
2224, 36, 54, 278, 165, 0, 7.75%, 0, 0, 3, 26246.49, 52051461, 377
2229, 36, 82, 278, 165, 0, 7.75%, 0, 0, 3, 24126.86, 52170536, 377
2234, 36, 110, 278, 165, 0, 7.75%, 0, 0, 3, 27165.45, 52315126, 377
2239, 36, 82, 278, 165, 0, 7.75%, 0, 0, 3, 24635.44, 52437512, 377
2244, 36, 59, 278, 165, 0, 7.75%, 0, 0, 3, 26262.01, 52571611, 377
2249, 36, 110, 278, 165, 0, 7.75%, 0, 0, 3, 25977.86, 52701582, 377
2254, 36, 71, 278, 165, 0, 7.75%, 0, 0, 3, 27319.61, 52841836, 377
2259, 36, 60, 278, 165, 0, 7.75%, 0, 0, 3, 25182.22, 52964156, 377
2264, 36, 110, 278, 165, 0, 7.75%, 0, 0, 3, 25002.53, 53091954, 377
2270, 36, 110, 278, 165, 0, 7.75%, 0, 0, 3, 24078.00, 53220820, 377
2275, 37, 62, 278, 165, 0, 7.75%, 0, 0, 3, 25811.45, 53355752, 377
2280, 37, 60, 278, 165, 0, 7.75%, 0, 0, 3, 24070.51, 53477440, 377
2285, 37, 63, 278, 165, 0, 7.75%, 0, 0, 3, 25283.74, 53611959, 377
2290, 37, 60, 278, 164, 0, 7.75%, 0, 0, 3, 24000.06, 53732819, 377
2295, 37, 110, 278, 164, 0, 7.75%, 0, 0, 3, 25842.22, 53868239, 377
2300, 37, 71, 278, 164, 0, 7.75%, 0, 0, 3, 25934.68, 53998743, 377
2306, 37, 110, 278, 164, 0, 7.75%, 0, 0, 3, 24909.62, 54125804, 377
2311, 37, 59, 278, 164, 0, 7.75%, 0, 0, 3, 24797.06, 54251090, 377
2316, 37, 64, 278, 164, 0, 7.75%, 0, 0, 3, 27123.90, 54400735, 377
2321, 37, 82, 278, 164, 0, 7.75%, 0, 0, 3, 24848.11, 54521689, 377
2326, 37, 70, 278, 164, 0, 7.75%, 0, 0, 3, 29611.51, 54681695, 377
2331, 37, 110, 278, 164, 0, 7.75%, 0, 0, 3, 21946.46, 54787553, 377
2336, 38, 270, 278, 164, 0, 7.75%, 0, 0, 3, 24944.59, 54919450, 377
2341, 38, 112, 278, 163, 0, 7.75%, 0, 0, 3, 34664.74, 55021181, 377
2347, 38, 59, 278, 163, 0, 7.75%, 0, 0, 3, 27214.09, 55142084, 377
2352, 38, 112, 278, 163, 0, 7.75%, 0, 0, 3, 26455.72, 55272633, 377
2357, 38, 64, 278, 162, 0, 7.75%, 0, 0, 3, 25467.88, 55404551, 377
2362, 38, 110, 278, 162, 0, 7.75%, 0, 0, 3, 25485.50, 55534062, 377
2367, 38, 112, 278, 162, 0, 7.75%, 0, 0, 3, 26380.55, 55670554, 377
2372, 38, 64, 278, 162, 0, 7.75%, 0, 0, 3, 24985.63, 55802875, 377
2377, 38, 71, 278, 162, 0, 7.75%, 0, 0, 3, 22481.76, 55922281, 377
2382, 38, 64, 278, 162, 0, 7.75%, 0, 0, 3, 22981.97, 56044273, 377
2388, 38, 60, 278, 162, 0, 7.75%, 0, 0, 3, 25276.61, 56175548, 377
2393, 38, 59, 278, 160, 0, 7.75%, 0, 0, 3, 25306.91, 56304533, 377
2398, 38, 110, 278, 160, 0, 7.75%, 0, 0, 3, 24646.30, 56438543, 377
2403, 39, 110, 278, 160, 0, 7.75%, 0, 0, 3, 24841.24, 56567047, 377
2408, 39, 61, 278, 160, 0, 7.75%, 0, 0, 3, 23085.89, 56679171, 377
2413, 39, 112, 278, 160, 0, 7.75%, 0, 0, 3, 25526.22, 56810180, 377
2418, 39, 9, 278, 160, 0, 7.75%, 0, 0, 3, 27928.02, 56955931, 377
2424, 39, 71, 278, 160, 0, 7.75%, 0, 0, 3, 25089.69, 57080927, 377
2429, 39, 62, 278, 160, 0, 7.75%, 0, 0, 3, 26475.42, 57224282, 377
2434, 39, 112, 278, 160, 0, 7.75%, 0, 0, 3, 26529.38, 57364689, 377
2439, 39, 64, 278, 160, 0, 7.75%, 0, 0, 3, 26146.79, 57489317, 377
2444, 39, 71, 278, 160, 0, 7.75%, 0, 0, 3, 26437.98, 57626121, 377
2449, 39, 112, 278, 159, 0, 7.75%, 0, 0, 3, 24448.11, 57743884, 377
2454, 39, 60, 278, 159, 0, 7.75%, 0, 0, 3, 22274.25, 57850275, 377
2459, 39, 62, 278, 159, 0, 7.75%, 0, 0, 3, 24642.11, 57977562, 377
2465, 40, 71, 278, 159, 0, 7.75%, 0, 0, 3, 26351.50, 58111564, 377
2470, 40, 110, 278, 159, 0, 7.75%, 0, 0, 3, 24299.20, 58231123, 377
2475, 40, 112, 278, 159, 0, 7.75%, 0, 0, 3, 25645.71, 58366193, 377
2480, 40, 112, 278, 159, 0, 7.75%, 0, 0, 3, 27187.03, 58501349, 377
2485, 40, 110, 278, 159, 0, 7.75%, 0, 0, 3, 24957.99, 58622832, 377
2490, 40, 61, 278, 159, 0, 7.75%, 0, 0, 3, 23965.28, 58744049, 377
2495, 40, 60, 278, 159, 0, 7.75%, 0, 0, 3, 27299.03, 58886499, 377
2501, 40, 60, 278, 159, 0, 7.75%, 0, 0, 3, 27555.29, 59021045, 377
2506, 40, 134, 278, 159, 0, 7.75%, 0, 0, 3, 27413.82, 59158158, 377
2511, 40, 110, 278, 159, 0, 7.75%, 0, 0, 3, 23835.76, 59272536, 377
2516, 40, 112, 278, 159, 0, 7.75%, 0, 0, 3, 25317.98, 59403859, 377
2521, 40, 64, 278, 159, 0, 7.75%, 0, 0, 3, 26405.64, 59537461, 377
2526, 41, 60, 278, 159, 0, 7.75%, 0, 0, 3, 28051.06, 59685287, 377
2531, 41, 110, 278, 158, 0, 7.75%, 0, 0, 3, 23962.84, 59801326, 377
2537, 41, 64, 278, 157, 0, 7.75%, 0, 0, 3, 24191.99, 59935611, 377
2542, 41, 59, 278, 157, 0, 7.75%, 0, 0, 3, 26932.30, 60066673, 377
2547, 41, 110, 278, 156, 0, 7.75%, 0, 0, 3, 25066.20, 60193831, 377
2552, 41, 112, 278, 156, 0, 7.75%, 0, 0, 3, 24819.15, 60319523, 377
2557, 41, 112, 278, 156, 0, 7.75%, 0, 0, 3, 25365.54, 60447030, 377
2562, 41, 112, 278, 156, 0, 7.75%, 0, 0, 3, 25135.10, 60567311, 377
2567, 41, 110, 278, 156, 0, 7.75%, 0, 0, 3, 20971.38, 60674902, 377
2572, 41, 112, 278, 156, 0, 7.75%, 0, 0, 3, 22627.56, 60790335, 377
2577, 41, 61, 278, 156, 0, 7.75%, 0, 0, 3, 26450.59, 60928598, 377
2582, 41, 64, 278, 156, 0, 7.75%, 0, 0, 3, 24142.87, 61052659, 377
2587, 41, 59, 278, 156, 0, 7.75%, 0, 0, 3, 20204.49, 61149439, 377
2592, 42, 110, 280, 158, 0, 7.75%, 0, 0, 3, 17257.19, 61245493, 377
2598, 42, 60, 280, 158, 0, 7.75%, 0, 0, 3, 23266.03, 61371819, 377
2603, 42, 60, 280, 158, 0, 7.75%, 0, 0, 3, 25673.53, 61505664, 377
2608, 42, 50, 280, 158, 0, 7.75%, 0, 0, 3, 23920.67, 61626503, 377
2613, 42, 60, 280, 158, 0, 7.75%, 0, 0, 3, 26721.02, 61766296, 377
2618, 42, 71, 280, 158, 0, 7.75%, 0, 0, 3, 24193.77, 61887336, 377
2623, 42, 60, 280, 158, 0, 7.75%, 0, 0, 3, 25881.67, 62018593, 377
2628, 42, 64, 280, 158, 0, 7.75%, 0, 0, 3, 23583.70, 62140350, 377
2633, 42, 59, 280, 158, 0, 7.75%, 0, 0, 3, 20820.07, 62252742, 377
2638, 42, 71, 280, 158, 0, 7.75%, 0, 0, 3, 26443.95, 62390705, 377
2643, 42, 64, 280, 158, 0, 7.75%, 0, 0, 3, 26794.57, 62529876, 377
2649, 42, 64, 280, 158, 0, 7.75%, 0, 0, 3, 26095.52, 62662727, 377
2654, 42, 59, 280, 158, 0, 7.75%, 0, 0, 3, 26262.96, 62795319, 377
2659, 43, 110, 280, 158, 0, 7.75%, 0, 0, 3, 25955.77, 62927491, 377
2664, 43, 112, 280, 158, 0, 7.75%, 0, 0, 3, 27218.00, 63065982, 377
2669, 43, 112, 280, 158, 0, 7.75%, 0, 0, 3, 23745.07, 63189355, 377
2674, 43, 112, 280, 158, 0, 7.75%, 0, 0, 3, 23446.61, 63310484, 377
2679, 43, 71, 280, 158, 0, 7.75%, 0, 0, 3, 26143.88, 63446614, 377
2684, 43, 110, 280, 158, 0, 7.75%, 0, 0, 3, 25610.83, 63576510, 377
2689, 43, 110, 280, 158, 0, 7.75%, 0, 0, 3, 22470.51, 63684624, 377
2694, 43, 110, 280, 158, 0, 7.75%, 0, 0, 3, 24561.62, 63809971, 377
2699, 43, 59, 280, 158, 0, 7.75%, 0, 0, 3, 25082.42, 63939624, 377
2705, 43, 59, 280, 158, 0, 7.75%, 0, 0, 3, 23110.83, 64051256, 377
2710, 43, 59, 280, 158, 0, 7.75%, 0, 0, 3, 22387.56, 64156787, 377
2715, 43, 59, 280, 158, 0, 7.75%, 0, 0, 3, 24453.61, 64282984, 377
2720, 44, 110, 280, 158, 0, 7.75%, 0, 0, 3, 22342.03, 64392151, 377
2725, 44, 110, 280, 158, 0, 7.75%, 0, 0, 3, 24408.86, 64516239, 377
2730, 44, 71, 280, 158, 0, 7.75%, 0, 0, 3, 24314.13, 64633066, 377
2735, 44, 112, 280, 158, 0, 7.75%, 0, 0, 3, 26119.20, 64768815, 377
2740, 44, 59, 280, 158, 0, 7.75%, 0, 0, 3, 25824.22, 64900800, 377
2746, 44, 112, 280, 158, 0, 7.75%, 0, 0, 3, 25826.73, 65034515, 377
2751, 44, 110, 280, 157, 0, 7.75%, 0, 0, 3, 20964.67, 65138601, 377
2756, 44, 59, 280, 157, 0, 7.75%, 0, 0, 3, 26363.88, 65269742, 377
2761, 44, 110, 280, 157, 0, 7.75%, 0, 0, 3, 26125.76, 65393523, 377
2766, 44, 110, 280, 157, 0, 7.75%, 0, 0, 3, 26980.30, 65532273, 377
2771, 44, 110, 280, 156, 0, 7.75%, 0, 0, 3, 26247.05, 65662592, 377
2776, 44, 112, 280, 156, 0, 7.75%, 0, 0, 3, 23704.66, 65784744, 377
2781, 45, 64, 280, 156, 0, 7.75%, 0, 0, 3, 25023.02, 65921379, 377
2786, 45, 110, 280, 156, 0, 7.75%, 0, 0, 3, 25904.77, 66060905, 377
2791, 45, 112, 280, 156, 0, 7.75%, 0, 0, 3, 26097.44, 66187817, 377
2796, 45, 59, 280, 156, 0, 7.75%, 0, 0, 3, 28018.12, 66327689, 377
2802, 45, 60, 280, 156, 0, 7.75%, 0, 0, 3, 25073.65, 66450143, 377
2807, 45, 110, 280, 156, 0, 7.75%, 0, 0, 3, 24464.30, 66580098, 377
2812, 45, 110, 280, 155, 0, 7.75%, 0, 0, 3, 22914.91, 66703140, 377
2817, 45, 110, 280, 155, 0, 7.75%, 0, 0, 3, 24083.28, 66832417, 377
2822, 45, 59, 280, 155, 0, 7.75%, 0, 0, 3, 26075.66, 66966574, 377
2827, 45, 64, 280, 155, 0, 7.75%, 0, 0, 3, 24416.35, 67094076, 377
2832, 45, 60, 280, 155, 0, 7.75%, 0, 0, 3, 26639.15, 67231856, 377
2837, 45, 110, 280, 155, 0, 7.75%, 0, 0, 3, 25208.91, 67364032, 377
2843, 46, 54, 280, 154, 0, 7.75%, 0, 0, 3, 26620.00, 67504274, 377
2848, 46, 110, 280, 154, 0, 7.75%, 0, 0, 3, 22899.61, 67625519, 377
2853, 46, 81, 280, 154, 0, 7.75%, 0, 0, 3, 26109.91, 67759371, 377
2858, 46, 110, 280, 154, 0, 7.75%, 0, 0, 3, 24484.57, 67885063, 377
2863, 46, 71, 280, 154, 0, 7.75%, 0, 0, 3, 27847.83, 68028866, 377
2868, 46, 71, 280, 154, 0, 7.75%, 0, 0, 3, 24364.76, 68149386, 377
2873, 46, 110, 280, 154, 0, 7.75%, 0, 0, 3, 23676.89, 68270346, 377
2879, 46, 64, 280, 154, 0, 7.75%, 0, 0, 3, 24170.10, 68399819, 377
2884, 46, 60, 280, 153, 0, 7.75%, 0, 0, 3, 25876.10, 68536028, 377
2889, 46, 112, 280, 153, 0, 7.75%, 0, 0, 3, 25068.47, 68668062, 377
2894, 46, 112, 280, 153, 0, 7.75%, 0, 0, 3, 25466.94, 68801773, 377
2899, 46, 64, 280, 153, 0, 7.75%, 0, 0, 3, 26065.70, 68935158, 377
2904, 47, 64, 280, 153, 0, 7.75%, 0, 0, 3, 24160.81, 69060635, 377
2909, 47, 112, 280, 153, 0, 7.75%, 0, 0, 3, 25852.21, 69198560, 377
2914, 47, 110, 280, 153, 0, 7.75%, 0, 0, 3, 27603.66, 69335352, 377
2919, 47, 112, 280, 153, 0, 7.75%, 0, 0, 3, 25468.49, 69463490, 377
2925, 47, 110, 280, 153, 0, 7.75%, 0, 0, 3, 25525.91, 69602973, 377
2930, 47, 112, 280, 153, 0, 7.75%, 0, 0, 3, 24572.95, 69728046, 377
2935, 47, 15, 280, 153, 0, 7.75%, 0, 0, 3, 23409.75, 69840107, 377
2940, 47, 110, 280, 153, 0, 7.75%, 0, 0, 3, 25416.73, 69966951, 377
2945, 47, 110, 280, 153, 0, 7.75%, 0, 0, 3, 28248.59, 70115184, 377
2950, 47, 112, 280, 153, 0, 7.75%, 0, 0, 3, 27164.22, 70245624, 377
2955, 47, 112, 280, 153, 0, 7.75%, 0, 0, 3, 27995.20, 70389838, 377
2961, 48, 112, 280, 153, 0, 7.75%, 0, 0, 3, 27880.24, 70529063, 377
2966, 48, 110, 280, 153, 0, 7.75%, 0, 0, 3, 25581.26, 70656333, 377
2971, 48, 82, 280, 153, 0, 7.75%, 0, 0, 3, 23821.08, 70773825, 377
2976, 48, 110, 280, 153, 0, 7.75%, 0, 0, 3, 27534.35, 70920415, 377
2981, 48, 60, 280, 153, 0, 7.75%, 0, 0, 3, 26022.71, 71051041, 377
2986, 48, 71, 280, 153, 0, 7.75%, 0, 0, 3, 26885.91, 71191695, 377
2991, 48, 110, 280, 153, 0, 7.75%, 0, 0, 3, 23728.17, 71310374, 377
2997, 48, 58, 280, 153, 0, 7.75%, 0, 0, 3, 22367.15, 71432957, 377
3002, 48, 112, 280, 152, 0, 7.75%, 0, 0, 3, 25629.24, 71568718, 377
3007, 48, 64, 280, 151, 0, 7.75%, 0, 0, 3, 21409.26, 71677381, 377
3012, 48, 60, 280, 151, 0, 7.75%, 0, 0, 3, 25813.06, 71808531, 377
3017, 48, 110, 280, 151, 0, 7.75%, 0, 0, 3, 24402.01, 71930405, 377
3022, 49, 59, 280, 151, 0, 7.75%, 0, 0, 3, 27831.37, 72081177, 377
3027, 49, 64, 280, 151, 0, 7.75%, 0, 0, 3, 26193.07, 72208363, 377
3032, 49, 110, 280, 151, 0, 7.75%, 0, 0, 3, 27094.27, 72349238, 377
3037, 49, 69, 280, 151, 0, 7.75%, 0, 0, 3, 26935.62, 72490684, 377
3042, 49, 71, 280, 151, 0, 7.75%, 0, 0, 3, 26332.58, 72619424, 377
3047, 49, 110, 280, 151, 0, 7.75%, 0, 0, 3, 23276.30, 72735012, 377
3052, 49, 110, 280, 151, 0, 7.75%, 0, 0, 3, 25801.53, 72870085, 377
3058, 49, 112, 280, 150, 0, 7.75%, 0, 0, 3, 21886.33, 72989324, 377
3063, 49, 110, 280, 150, 0, 7.75%, 0, 0, 3, 25961.98, 73128443, 377
3068, 49, 64, 280, 150, 0, 7.75%, 0, 0, 3, 23430.28, 73255207, 377
3073, 49, 112, 280, 150, 0, 7.75%, 0, 0, 3, 25264.24, 73393425, 377
3078, 49, 112, 280, 150, 0, 7.75%, 0, 0, 3, 24004.61, 73514180, 377
3083, 50, 60, 280, 150, 0, 7.75%, 0, 0, 3, 24598.55, 73639565, 377
3088, 50, 110, 280, 150, 0, 7.75%, 0, 0, 3, 23748.78, 73756721, 377
3094, 50, 59, 280, 150, 0, 7.75%, 0, 0, 3, 26418.99, 73894985, 377
3099, 50, 64, 280, 150, 0, 7.75%, 0, 0, 3, 24575.18, 74014290, 377
3104, 50, 59, 280, 150, 0, 7.75%, 0, 0, 3, 24567.99, 74143194, 377
3109, 50, 59, 280, 150, 0, 7.75%, 0, 0, 3, 25453.16, 74271798, 377
3114, 50, 71, 280, 150, 0, 7.75%, 0, 0, 3, 24432.54, 74392135, 377
3119, 50, 110, 280, 150, 0, 7.75%, 0, 0, 3, 25673.67, 74521346, 377
3124, 50, 109, 280, 150, 0, 7.75%, 0, 0, 3, 24474.28, 74637595, 377
3129, 50, 59, 280, 150, 0, 7.75%, 0, 0, 3, 23861.77, 74764145, 377
3134, 50, 59, 280, 150, 0, 7.75%, 0, 0, 3, 25308.92, 74896883, 377
3139, 50, 69, 280, 150, 0, 7.75%, 0, 0, 3, 25142.01, 75024851, 377
3145, 51, 64, 280, 150, 0, 7.75%, 0, 0, 3, 23977.39, 75150684, 377
3150, 51, 112, 280, 150, 0, 7.75%, 0, 0, 3, 22727.97, 75264147, 377
3155, 51, 110, 280, 150, 0, 7.75%, 0, 0, 3, 24111.08, 75392155, 377
3160, 51, 110, 280, 150, 0, 7.75%, 0, 0, 3, 27245.36, 75530897, 377
3165, 51, 110, 280, 150, 0, 7.75%, 0, 0, 3, 25863.08, 75662188, 377
3170, 51, 61, 280, 150, 0, 7.75%, 0, 0, 3, 25301.70, 75789728, 377
3175, 51, 64, 280, 150, 0, 7.75%, 0, 0, 3, 18610.28, 75873577, 377
3180, 51, 69, 280, 150, 0, 7.75%, 0, 0, 3, 19709.30, 75959891, 377
3186, 51, 64, 280, 150, 0, 7.75%, 0, 0, 3, 24308.13, 76088124, 377
3191, 51, 60, 280, 150, 0, 7.75%, 0, 0, 3, 20499.86, 76187967, 377
3196, 51, 94, 280, 150, 0, 7.75%, 0, 0, 3, 22957.22, 76314476, 377
3201, 51, 64, 280, 150, 0, 7.75%, 0, 0, 3, 23115.09, 76429188, 377
3206, 51, 110, 280, 150, 0, 7.75%, 0, 0, 3, 23273.72, 76550777, 377
3211, 52, 71, 280, 150, 0, 7.75%, 0, 0, 3, 25302.89, 76676852, 377
3216, 52, 64, 280, 150, 0, 7.75%, 0, 0, 3, 21521.75, 76784880, 377
3222, 52, 112, 280, 150, 0, 7.75%, 0, 0, 3, 22775.01, 76901436, 377
3227, 52, 64, 280, 150, 0, 7.75%, 0, 0, 3, 26318.60, 77041036, 377
3232, 52, 59, 280, 150, 0, 7.75%, 0, 0, 3, 20878.72, 77147926, 377
3237, 52, 52, 280, 150, 0, 7.75%, 0, 0, 3, 22138.41, 77263882, 377
3242, 52, 110, 280, 150, 0, 7.75%, 0, 0, 3, 23602.56, 77391165, 377
3247, 52, 110, 280, 150, 0, 7.75%, 0, 0, 3, 22094.43, 77500889, 377
3252, 52, 64, 280, 150, 0, 7.75%, 0, 0, 3, 23249.11, 77624845, 377
3257, 52, 110, 280, 150, 0, 7.75%, 0, 0, 3, 21592.17, 77734283, 377
3262, 52, 59, 280, 150, 0, 7.75%, 0, 0, 3, 23606.21, 77860284, 377
3267, 52, 71, 280, 150, 0, 7.75%, 0, 0, 3, 23059.55, 77978536, 377
3273, 52, 59, 280, 150, 0, 7.75%, 0, 0, 3, 24453.24, 78112451, 377
3278, 53, 110, 280, 150, 0, 7.75%, 0, 0, 3, 21323.25, 78218929, 377
3283, 53, 167, 280, 150, 0, 7.75%, 0, 0, 3, 21472.72, 78335454, 377
3288, 53, 110, 280, 149, 0, 7.75%, 0, 0, 3, 24477.89, 78465489, 377
3293, 53, 110, 280, 149, 0, 7.75%, 0, 0, 3, 23752.88, 78586194, 377
3298, 53, 110, 280, 149, 0, 7.75%, 0, 0, 3, 21950.51, 78695503, 377
3303, 53, 110, 280, 148, 0, 7.75%, 0, 0, 3, 23868.46, 78817961, 377
3308, 53, 112, 280, 148, 0, 7.75%, 0, 0, 3, 25161.49, 78944901, 377
3314, 53, 59, 280, 148, 0, 7.75%, 0, 0, 3, 25869.24, 79086909, 377
3319, 53, 9, 280, 148, 0, 7.75%, 0, 0, 3, 26115.50, 79215276, 377
3324, 53, 64, 280, 148, 0, 7.75%, 0, 0, 3, 25173.77, 79345789, 377
3329, 53, 64, 280, 148, 0, 7.75%, 0, 0, 3, 24827.05, 79473868, 377
3334, 53, 71, 280, 148, 0, 7.75%, 0, 0, 3, 27523.83, 79609611, 377
3339, 54, 110, 280, 148, 0, 7.75%, 0, 0, 3, 21714.48, 79707547, 377
3344, 54, 110, 280, 148, 0, 7.75%, 0, 0, 3, 23348.69, 79827261, 377
3349, 54, 110, 280, 148, 0, 7.75%, 0, 0, 3, 22333.60, 79939745, 377
3354, 54, 110, 280, 148, 0, 7.75%, 0, 0, 3, 24108.63, 80062011, 377
3359, 54, 112, 280, 148, 0, 7.75%, 0, 0, 3, 22226.57, 80172616, 377
3364, 54, 60, 280, 148, 0, 7.75%, 0, 0, 3, 23536.76, 80294310, 377
3370, 54, 60, 280, 148, 0, 7.75%, 0, 0, 3, 25612.46, 80418282, 377
3375, 54, 112, 280, 148, 0, 7.75%, 0, 0, 3, 25236.00, 80541418, 377
3380, 54, 110, 280, 148, 0, 7.75%, 0, 0, 3, 24939.23, 80655669, 377
3385, 54, 60, 280, 148, 0, 7.75%, 0, 0, 3, 25688.72, 80783369, 377
3390, 54, 60, 280, 146, 0, 7.75%, 0, 0, 3, 25176.85, 80908712, 377
3395, 54, 71, 280, 146, 0, 7.75%, 0, 0, 3, 26190.73, 81039224, 377
3400, 54, 110, 280, 146, 0, 7.75%, 0, 0, 3, 24908.59, 81160874, 377
3405, 55, 110, 280, 146, 0, 7.75%, 0, 0, 3, 23562.40, 81278167, 377
3410, 55, 112, 280, 146, 0, 7.75%, 0, 0, 3, 22304.35, 81391624, 377
3415, 55, 112, 280, 146, 0, 7.75%, 0, 0, 3, 19980.67, 81489757, 377
3420, 55, 112, 280, 146, 0, 7.75%, 0, 0, 3, 21123.26, 81598807, 377
3425, 55, 112, 280, 146, 0, 7.75%, 0, 0, 3, 24527.59, 81734382, 377
3431, 55, 110, 280, 146, 0, 7.75%, 0, 0, 3, 25331.29, 81865404, 377
3436, 55, 110, 280, 146, 0, 7.75%, 0, 0, 3, 28070.90, 82008129, 377
3441, 55, 9, 280, 146, 0, 7.75%, 0, 0, 3, 25184.44, 82135467, 377
3446, 55, 59, 280, 146, 0, 7.75%, 0, 0, 3, 24699.13, 82270044, 377
3451, 55, 112, 280, 146, 0, 7.75%, 0, 0, 3, 26431.20, 82400514, 377
3456, 55, 59, 280, 145, 0, 7.75%, 0, 0, 3, 23394.85, 82520430, 377
3462, 55, 110, 280, 145, 0, 7.75%, 0, 0, 3, 25860.53, 82656470, 377
3467, 56, 81, 280, 145, 0, 7.75%, 0, 0, 3, 23899.57, 82775639, 377
3472, 56, 110, 280, 145, 0, 7.75%, 0, 0, 3, 23173.34, 82895251, 377
3477, 56, 60, 280, 145, 0, 7.75%, 0, 0, 3, 25572.71, 83030212, 377
3482, 56, 60, 280, 145, 0, 7.75%, 0, 0, 3, 24074.21, 83152864, 377
3487, 56, 110, 280, 145, 0, 7.75%, 0, 0, 3, 21525.44, 83262884, 377
3492, 56, 110, 280, 144, 0, 7.75%, 0, 0, 3, 24156.76, 83385877, 377
3497, 56, 59, 280, 144, 0, 7.75%, 0, 0, 3, 22919.22, 83506841, 377
3502, 56, 110, 280, 144, 0, 7.75%, 0, 0, 3, 26332.22, 83639639, 377
3508, 56, 61, 280, 144, 0, 7.75%, 0, 0, 3, 24286.37, 83765919, 377
3513, 56, 112, 280, 144, 0, 7.75%, 0, 0, 3, 21524.39, 83873693, 377
3518, 56, 71, 280, 144, 0, 7.75%, 0, 0, 3, 22317.50, 83992037, 377
3523, 56, 64, 280, 143, 0, 7.75%, 0, 0, 3, 20949.52, 84099822, 377
3528, 57, 110, 280, 143, 0, 7.75%, 0, 0, 3, 21667.93, 84213103, 377
3533, 57, 110, 280, 143, 0, 7.75%, 0, 0, 3, 18571.38, 84309850, 377
3538, 57, 110, 280, 143, 0, 7.75%, 0, 0, 3, 19869.06, 84409920, 377
3543, 57, 110, 280, 143, 0, 7.75%, 0, 0, 3, 19543.01, 84520052, 377
3548, 57, 110, 280, 143, 0, 7.75%, 0, 0, 3, 21883.04, 84635349, 377
3553, 57, 64, 280, 143, 0, 7.75%, 0, 0, 3, 23789.90, 84756547, 377
3559, 57, 110, 280, 143, 0, 7.75%, 0, 0, 3, 23147.12, 84874975, 377
3564, 57, 71, 280, 143, 0, 7.75%, 0, 0, 3, 17246.25, 84946705, 377
3569, 57, 110, 280, 143, 0, 7.75%, 0, 0, 3, 14866.36, 85027260, 377
3574, 57, 110, 280, 143, 0, 7.75%, 0, 0, 3, 4949.22, 85063617, 377
3579, 57, 60, 280, 143, 0, 7.75%, 0, 0, 3, 10618.47, 85124112, 377
3584, 57, 59, 280, 143, 0, 7.75%, 0, 0, 3, 13484.92, 85195364, 377
3589, 57, 110, 280, 143, 0, 7.75%, 0, 0, 3, 13422.38, 85264287, 377
3594, 57, 110, 280, 143, 0, 7.75%, 0, 0, 3, 13851.62, 85331834, 377
3596, 57, 112, 280, 143, 0, 7.75%, 0, 0, 3, 15899.37, 85354587, 377
