# relative_time, cycles_done, cur_item, corpus_count, pending_total, pending_favs, map_size, saved_crashes, saved_hangs, max_depth, execs_per_sec, total_execs, edges_found
61, 0, 215, 280, 262, 58, 14.14%, 0, 0, 5, 21200.80, 1339029, 1032
66, 0, 194, 295, 276, 59, 14.16%, 0, 0, 5, 25326.90, 1463912, 1033
71, 0, 194, 303, 284, 59, 14.18%, 0, 0, 5, 21446.31, 1575893, 1035
76, 0, 285, 316, 295, 61, 14.21%, 0, 0, 6, 27004.38, 1711367, 1037
81, 0, 186, 324, 297, 55, 14.21%, 0, 0, 6, 21919.82, 1831701, 1037
86, 0, 181, 333, 303, 52, 14.21%, 0, 0, 6, 30330.15, 1991926, 1037
91, 0, 310, 341, 309, 50, 14.21%, 0, 0, 6, 24182.06, 2112548, 1037
96, 0, 289, 349, 315, 48, 14.21%, 0, 0, 6, 21354.24, 2215194, 1037
101, 0, 72, 355, 320, 48, 14.25%, 0, 0, 6, 20610.13, 2316661, 1040
106, 0, 218, 366, 325, 42, 14.25%, 0, 0, 6, 25846.69, 2459874, 1040
112, 0, 218, 367, 326, 42, 14.25%, 0, 0, 6, 18698.59, 2552118, 1040
117, 0, 52, 371, 326, 37, 14.25%, 0, 0, 6, 23607.97, 2678133, 1040
122, 0, 173, 377, 329, 34, 14.25%, 0, 0, 6, 17702.37, 2762994, 1040
127, 0, 378, 392, 341, 32, 14.27%, 0, 0, 6, 21122.61, 2875333, 1041
132, 0, 378, 395, 344, 32, 14.27%, 0, 0, 6, 18724.65, 2974520, 1041
137, 0, 213, 403, 350, 30, 14.27%, 0, 0, 6, 25842.64, 3112969, 1041
142, 0, 285, 418, 353, 19, 14.27%, 0, 0, 6, 17427.11, 3202059, 1041
147, 0, 211, 423, 354, 15, 14.27%, 0, 0, 6, 22886.11, 3313209, 1041
152, 0, 214, 430, 360, 14, 14.27%, 0, 0, 6, 21672.14, 3410216, 1041
157, 0, 269, 435, 364, 13, 14.27%, 0, 0, 6, 20835.39, 3515057, 1041
162, 0, 302, 441, 369, 13, 14.27%, 0, 0, 6, 20455.83, 3614322, 1041
167, 0, 432, 442, 369, 13, 14.27%, 0, 0, 6, 25836.06, 3746030, 1041
172, 0, 352, 445, 368, 10, 14.27%, 0, 0, 6, 19340.64, 3833341, 1041
178, 0, 210, 450, 369, 8, 14.27%, 0, 0, 6, 19759.27, 3944615, 1041
183, 0, 246, 450, 367, 6, 14.27%, 0, 0, 6, 20476.04, 4036860, 1041
188, 0, 309, 452, 364, 1, 14.27%, 0, 0, 7, 22458.78, 4150927, 1041
193, 0, 285, 453, 364, 1, 14.27%, 0, 0, 7, 21628.08, 4250110, 1041
198, 0, 211, 453, 364, 1, 14.27%, 0, 0, 7, 25126.66, 4381440, 1041
203, 0, 169, 453, 363, 0, 14.27%, 0, 0, 7, 24828.02, 4492797, 1041
208, 0, 211, 453, 363, 0, 14.27%, 0, 0, 7, 27219.43, 4632337, 1041
213, 0, 211, 455, 365, 0, 14.27%, 0, 0, 7, 18696.13, 4743019, 1041
218, 0, 211, 455, 365, 0, 14.27%, 0, 0, 7, 23586.36, 4856575, 1041
223, 0, 211, 456, 366, 0, 14.27%, 0, 0, 7, 28431.76, 4998701, 1041
228, 0, 211, 456, 366, 0, 14.27%, 0, 0, 7, 28545.30, 5140242, 1041
233, 0, 404, 456, 366, 0, 14.27%, 0, 0, 7, 26000.85, 5262228, 1041
238, 0, 211, 456, 366, 0, 14.27%, 0, 0, 7, 24163.59, 5386048, 1041
243, 0, 211, 456, 366, 0, 14.27%, 0, 0, 7, 23340.83, 5488874, 1041
248, 0, 378, 456, 366, 0, 14.27%, 0, 0, 7, 26384.75, 5614195, 1041
253, 0, 211, 456, 366, 0, 14.27%, 0, 0, 7, 21534.31, 5712089, 1041
259, 0, 211, 456, 366, 0, 14.27%, 0, 0, 7, 22851.36, 5831969, 1041
264, 0, 309, 456, 366, 0, 14.27%, 0, 0, 7, 17370.53, 5907456, 1041
269, 0, 211, 457, 367, 0, 14.27%, 0, 0, 7, 24064.49, 6044254, 1041
274, 0, 211, 458, 368, 0, 14.27%, 0, 0, 7, 21794.41, 6147943, 1041
279, 0, 211, 459, 369, 0, 14.27%, 0, 0, 7, 22687.61, 6265975, 1041
284, 0, 268, 459, 369, 0, 14.27%, 0, 0, 7, 22748.49, 6371348, 1041
289, 0, 211, 459, 369, 0, 14.27%, 0, 0, 7, 24432.10, 6506301, 1041
294, 0, 211, 459, 369, 0, 14.27%, 0, 0, 7, 25767.15, 6633107, 1041
299, 0, 211, 459, 369, 0, 14.27%, 0, 0, 7, 24648.04, 6753232, 1041
304, 0, 211, 460, 370, 0, 14.27%, 0, 0, 7, 25123.30, 6875133, 1041
309, 0, 211, 462, 372, 0, 14.27%, 0, 0, 7, 25531.37, 7005632, 1041
314, 0, 211, 462, 372, 0, 14.27%, 0, 0, 7, 27402.59, 7136639, 1041
319, 0, 211, 462, 372, 0, 14.27%, 0, 0, 7, 29363.88, 7297479, 1041
324, 0, 211, 462, 372, 0, 14.27%, 0, 0, 7, 27048.97, 7413079, 1041
329, 0, 211, 462, 372, 0, 14.27%, 0, 0, 7, 25663.96, 7556449, 1041
335, 1, 309, 462, 372, 0, 14.27%, 0, 0, 7, 19992.00, 7649938, 1041
340, 1, 211, 464, 373, 0, 14.27%, 0, 0, 7, 25237.21, 7781191, 1041
345, 1, 211, 465, 373, 0, 14.27%, 0, 0, 7, 21632.18, 7883236, 1041
350, 1, 211, 465, 372, 0, 14.27%, 0, 0, 7, 23286.93, 8007169, 1041
355, 1, 211, 465, 371, 0, 14.27%, 0, 0, 7, 20811.52, 8098401, 1041
360, 1, 246, 465, 371, 0, 14.27%, 0, 0, 7, 6778.75, 8193749, 1041
365, 1, 254, 466, 371, 0, 14.27%, 0, 0, 7, 17444.54, 8292572, 1041
370, 1, 211, 466, 370, 0, 14.27%, 0, 0, 7, 20370.90, 8396413, 1041
375, 1, 309, 466, 370, 0, 14.27%, 0, 0, 7, 21098.37, 8508763, 1041
380, 1, 131, 466, 370, 0, 14.27%, 0, 0, 7, 18081.13, 8604416, 1041
385, 1, 246, 467, 369, 0, 14.27%, 0, 0, 7, 19202.97, 8693405, 1041
391, 1, 211, 467, 369, 0, 14.27%, 0, 0, 7, 18502.59, 8795590, 1041
396, 1, 211, 467, 369, 0, 14.27%, 0, 0, 7, 19780.79, 8896620, 1041
401, 1, 211, 467, 369, 0, 14.27%, 0, 0, 7, 19570.39, 9005561, 1041
406, 1, 309, 467, 369, 0, 14.27%, 0, 0, 7, 23086.81, 9123714, 1041
411, 1, 129, 467, 369, 0, 14.27%, 0, 0, 7, 20722.85, 9231222, 1041
416, 1, 224, 468, 370, 0, 14.27%, 0, 0, 7, 25847.72, 9367644, 1041
421, 1, 326, 468, 370, 0, 14.27%, 0, 0, 7, 18615.40, 9464335, 1041
426, 1, 309, 468, 369, 0, 14.27%, 0, 0, 7, 19789.74, 9565655, 1041
431, 1, 309, 470, 371, 0, 14.27%, 0, 0, 7, 17249.37, 9652149, 1041
436, 1, 211, 470, 371, 0, 14.27%, 0, 0, 7, 20916.38, 9759589, 1041
441, 1, 310, 470, 371, 0, 14.27%, 0, 0, 7, 20449.40, 9872884, 1041
446, 1, 211, 471, 372, 0, 14.27%, 0, 0, 7, 24975.92, 10008606, 1041
451, 1, 224, 471, 372, 0, 14.27%, 0, 0, 7, 19093.61, 10112807, 1041
456, 1, 268, 471, 372, 0, 14.27%, 0, 0, 7, 20828.85, 10214823, 1041
462, 1, 186, 471, 372, 0, 14.27%, 0, 0, 7, 20030.31, 10320977, 1041
467, 1, 167, 471, 372, 0, 14.27%, 0, 0, 7, 27318.63, 10463438, 1041
472, 1, 211, 471, 372, 0, 14.27%, 0, 0, 7, 18593.24, 10550780, 1041
477, 1, 378, 472, 373, 0, 14.27%, 0, 0, 7, 24219.25, 10680228, 1041
482, 1, 180, 472, 373, 0, 14.27%, 0, 0, 7, 19495.66, 10777990, 1041
487, 1, 83, 472, 373, 0, 14.27%, 0, 0, 7, 20429.27, 10882339, 1041
492, 1, 445, 472, 373, 0, 14.27%, 0, 0, 7, 15075.26, 10957782, 1041
497, 1, 129, 476, 377, 0, 14.27%, 0, 0, 7, 22558.51, 11084263, 1041
502, 1, 285, 476, 377, 0, 14.27%, 0, 0, 7, 21603.45, 11195174, 1041
507, 2, 211, 590, 491, 0, 14.27%, 0, 0, 7, 23105.10, 11313020, 1041
512, 2, 309, 590, 491, 0, 14.27%, 0, 0, 7, 21035.97, 11408477, 1041
517, 2, 211, 590, 491, 0, 14.27%, 0, 0, 7, 23879.27, 11529467, 1041
522, 2, 309, 590, 491, 0, 14.27%, 0, 0, 7, 22054.63, 11642268, 1041
528, 2, 309, 590, 491, 0, 14.27%, 0, 0, 7, 24666.64, 11761317, 1041
533, 2, 211, 590, 491, 0, 14.27%, 0, 0, 7, 20761.40, 11857808, 1041
538, 2, 211, 590, 491, 0, 14.27%, 0, 0, 7, 23155.41, 11981276, 1041
543, 2, 309, 590, 491, 0, 14.27%, 0, 0, 7, 21875.54, 12082874, 1041
548, 2, 309, 590, 491, 0, 14.27%, 0, 0, 7, 24303.09, 12207731, 1041
553, 2, 268, 590, 491, 0, 14.27%, 0, 0, 7, 18172.17, 12289664, 1041
558, 2, 97, 590, 490, 0, 14.27%, 0, 0, 7, 19164.29, 12390035, 1041
563, 2, 292, 590, 490, 0, 14.27%, 0, 0, 7, 14310.44, 12463457, 1041
568, 2, 211, 590, 489, 0, 14.27%, 0, 0, 7, 24183.28, 12598978, 1041
573, 2, 309, 590, 489, 0, 14.27%, 0, 0, 7, 24094.69, 12726960, 1041
579, 2, 309, 590, 489, 0, 14.27%, 0, 0, 7, 21687.81, 12829362, 1041
584, 2, 39, 590, 489, 0, 14.27%, 0, 0, 7, 23280.58, 12928996, 1041
589, 2, 211, 590, 488, 0, 14.27%, 0, 0, 7, 21748.92, 13033692, 1041
594, 2, 211, 590, 488, 0, 14.27%, 0, 0, 7, 21017.54, 13125952, 1041
599, 2, 445, 590, 488, 0, 14.27%, 0, 0, 7, 18451.63, 13223192, 1041
604, 2, 309, 590, 488, 0, 14.27%, 0, 0, 7, 20018.97, 13319000, 1041
609, 2, 211, 590, 488, 0, 14.27%, 0, 0, 7, 25579.94, 13455109, 1041
614, 2, 211, 590, 488, 0, 14.27%, 0, 0, 7, 22071.66, 13552644, 1041
619, 2, 211, 590, 488, 0, 14.27%, 0, 0, 7, 22908.14, 13672041, 1041
624, 2, 309, 590, 488, 0, 14.27%, 0, 0, 7, 21455.71, 13771915, 1041
629, 2, 285, 590, 488, 0, 14.27%, 0, 0, 7, 22983.90, 13892840, 1041
634, 2, 268, 590, 488, 0, 14.27%, 0, 0, 7, 16006.99, 13965484, 1041
639, 2, 309, 590, 488, 0, 14.27%, 0, 0, 7, 20047.64, 14079461, 1041
645, 2, 210, 590, 488, 0, 14.27%, 0, 0, 7, 23086.35, 14195137, 1041
650, 2, 211, 590, 487, 0, 14.27%, 0, 0, 7, 19846.44, 14290863, 1041
655, 2, 211, 590, 487, 0, 14.27%, 0, 0, 7, 21724.72, 14396052, 1041
660, 2, 309, 590, 487, 0, 14.27%, 0, 0, 7, 22318.04, 14487995, 1041
665, 2, 285, 590, 487, 0, 14.27%, 0, 0, 7, 18167.89, 14575228, 1041
670, 2, 211, 590, 486, 0, 14.27%, 0, 0, 7, 19425.15, 14672159, 1041
675, 2, 285, 590, 485, 0, 14.27%, 0, 0, 7, 17787.29, 14761316, 1041
680, 2, 309, 590, 485, 0, 14.27%, 0, 0, 7, 18544.43, 14865751, 1041
685, 2, 309, 590, 485, 0, 14.27%, 0, 0, 7, 19773.98, 14963970, 1041
690, 2, 285, 590, 485, 0, 14.27%, 0, 0, 7, 18890.75, 15067168, 1041
695, 2, 83, 590, 485, 0, 14.27%, 0, 0, 7, 15537.35, 15144700, 1041
700, 2, 211, 590, 485, 0, 14.27%, 0, 0, 7, 19330.72, 15257514, 1041
705, 2, 211, 590, 485, 0, 14.27%, 0, 0, 7, 19480.54, 15354999, 1041
710, 3, 206, 601, 496, 0, 14.27%, 0, 0, 7, 16502.37, 15441207, 1041
716, 3, 211, 601, 496, 0, 14.27%, 0, 0, 7, 20429.52, 15548766, 1041
721, 3, 211, 601, 496, 0, 14.27%, 0, 0, 7, 19744.56, 15650623, 1041
726, 3, 285, 601, 496, 0, 14.27%, 0, 0, 7, 24414.91, 15781845, 1041
731, 3, 160, 601, 496, 0, 14.27%, 0, 0, 7, 21088.85, 15892493, 1041
736, 3, 285, 601, 496, 0, 14.27%, 0, 0, 7, 24978.21, 16018435, 1041
741, 3, 310, 601, 496, 0, 14.27%, 0, 0, 7, 19800.22, 16113382, 1041
746, 3, 160, 601, 496, 0, 14.27%, 0, 0, 7, 23438.40, 16229943, 1041
751, 3, 211, 601, 495, 0, 14.27%, 0, 0, 7, 16477.37, 16308956, 1041
756, 3, 211, 601, 495, 0, 14.27%, 0, 0, 7, 18407.40, 16410038, 1041
761, 3, 327, 601, 495, 0, 14.27%, 0, 0, 7, 17307.90, 16505823, 1041
767, 3, 186, 601, 495, 0, 14.27%, 0, 0, 7, 21121.11, 16622774, 1041
772, 3, 285, 601, 495, 0, 14.27%, 0, 0, 7, 22395.04, 16735185, 1041
777, 3, 211, 601, 495, 0, 14.27%, 0, 0, 7, 20729.42, 16838262, 1041
782, 3, 211, 601, 494, 0, 14.27%, 0, 0, 7, 20223.49, 16934389, 1041
787, 3, 211, 601, 494, 0, 14.27%, 0, 0, 7, 21818.54, 17040494, 1041
792, 3, 211, 601, 494, 0, 14.27%, 0, 0, 7, 17076.99, 17125418, 1041
797, 3, 211, 601, 494, 0, 14.27%, 0, 0, 7, 24858.46, 17259466, 1041
802, 3, 309, 601, 494, 0, 14.27%, 0, 0, 7, 21065.30, 17350911, 1041
808, 3, 83, 601, 494, 0, 14.27%, 0, 0, 7, 26030.57, 17493408, 1041
813, 3, 211, 601, 494, 0, 14.27%, 0, 0, 7, 20179.70, 17586072, 1041
818, 3, 283, 601, 494, 0, 14.27%, 0, 0, 7, 20606.25, 17683384, 1041
823, 3, 309, 601, 494, 0, 14.27%, 0, 0, 7, 19020.75, 17766403, 1041
828, 3, 72, 601, 494, 0, 14.27%, 0, 0, 7, 21144.62, 17877129, 1041
833, 3, 160, 601, 494, 0, 14.27%, 0, 0, 7, 19619.97, 17963312, 1041
838, 3, 184, 601, 494, 0, 14.27%, 0, 0, 7, 24644.30, 18092618, 1041
843, 3, 268, 601, 494, 0, 14.27%, 0, 0, 7, 19530.50, 18178351, 1041
848, 3, 211, 601, 494, 0, 14.27%, 0, 0, 7, 25596.91, 18312243, 1041
853, 3, 211, 601, 494, 0, 14.27%, 0, 0, 7, 20507.57, 18397273, 1041
858, 3, 224, 601, 494, 0, 14.27%, 0, 0, 7, 21709.16, 18503642, 1041
863, 3, 211, 601, 494, 0, 14.27%, 0, 0, 7, 21863.05, 18602034, 1041
868, 3, 197, 601, 493, 0, 14.27%, 0, 0, 7, 20537.64, 18702133, 1041
873, 3, 211, 601, 493, 0, 14.27%, 0, 0, 7, 17775.26, 18790187, 1041
879, 3, 211, 601, 493, 0, 14.27%, 0, 0, 7, 20551.71, 18888538, 1041
884, 3, 309, 601, 493, 0, 14.27%, 0, 0, 7, 18575.32, 18974117, 1041
889, 3, 215, 601, 493, 0, 14.27%, 0, 0, 7, 18390.32, 19079681, 1041
894, 3, 378, 601, 493, 0, 14.27%, 0, 0, 7, 21788.30, 19183477, 1041
899, 3, 224, 601, 493, 0, 14.27%, 0, 0, 7, 20744.32, 19295415, 1041
904, 3, 160, 601, 493, 0, 14.27%, 0, 0, 7, 17562.90, 19376140, 1041
909, 4, 378, 607, 499, 0, 14.27%, 0, 0, 7, 15769.37, 19453262, 1041
914, 4, 174, 608, 500, 0, 14.27%, 0, 0, 7, 18580.75, 19547071, 1041
920, 4, 211, 608, 500, 0, 14.27%, 0, 0, 7, 19837.03, 19655632, 1041
925, 4, 211, 608, 500, 0, 14.27%, 0, 0, 7, 19185.82, 19747125, 1041
930, 4, 211, 608, 500, 0, 14.27%, 0, 0, 7, 18922.53, 19856065, 1041
935, 4, 309, 608, 500, 0, 14.27%, 0, 0, 7, 16182.61, 19929240, 1041
940, 4, 39, 608, 500, 0, 14.27%, 0, 0, 7, 20200.66, 20044963, 1041
945, 4, 211, 608, 500, 0, 14.27%, 0, 0, 7, 22108.37, 20156904, 1041
950, 4, 174, 608, 500, 0, 14.27%, 0, 0, 7, 21515.73, 20280954, 1041
955, 4, 173, 608, 500, 0, 14.27%, 0, 0, 7, 23176.05, 20392725, 1041
960, 4, 211, 608, 500, 0, 14.27%, 0, 0, 7, 19459.78, 20493499, 1041
965, 4, 310, 608, 499, 0, 14.27%, 0, 0, 7, 18335.20, 20586514, 1041
970, 4, 268, 608, 499, 0, 14.27%, 0, 0, 7, 18300.02, 20689254, 1041
975, 4, 211, 608, 499, 0, 14.27%, 0, 0, 7, 24369.25, 20816267, 1041
981, 4, 63, 608, 499, 0, 14.27%, 0, 0, 7, 18368.65, 20915374, 1041
986, 4, 167, 608, 499, 0, 14.27%, 0, 0, 7, 22283.83, 21032658, 1041
991, 4, 107, 608, 499, 0, 14.27%, 0, 0, 7, 19654.61, 21127689, 1041
996, 4, 186, 608, 499, 0, 14.27%, 0, 0, 7, 20939.85, 21235481, 1041
1001, 4, 182, 608, 499, 0, 14.27%, 0, 0, 7, 18336.62, 21332159, 1041
1006, 4, 378, 608, 497, 0, 14.27%, 0, 0, 7, 17045.65, 21410561, 1041
1011, 4, 211, 608, 497, 0, 14.27%, 0, 0, 7, 18529.41, 21512578, 1041
1016, 4, 211, 608, 497, 0, 14.27%, 0, 0, 7, 17904.92, 21609938, 1041
1021, 4, 211, 608, 497, 0, 14.27%, 0, 0, 7, 17899.40, 21692636, 1041
1026, 4, 167, 608, 497, 0, 14.27%, 0, 0, 7, 26659.87, 21835302, 1041
1031, 4, 211, 608, 496, 0, 14.27%, 0, 0, 7, 21831.06, 21941648, 1041
1036, 4, 285, 608, 496, 0, 14.27%, 0, 0, 7, 16456.82, 22021093, 1041
1041, 4, 268, 608, 496, 0, 14.27%, 0, 0, 7, 17537.65, 22110350, 1041
1046, 4, 211, 608, 496, 0, 14.27%, 0, 0, 7, 22836.07, 22228215, 1041
1051, 4, 211, 608, 496, 0, 14.27%, 0, 0, 7, 20373.60, 22333398, 1041
1057, 4, 211, 608, 496, 0, 14.27%, 0, 0, 7, 17794.60, 22418171, 1041
1062, 4, 211, 608, 496, 0, 14.27%, 0, 0, 7, 21331.17, 22527551, 1041
1067, 4, 211, 608, 495, 0, 14.27%, 0, 0, 7, 20659.83, 22626825, 1041
1072, 4, 309, 608, 495, 0, 14.27%, 0, 0, 7, 20858.33, 22736227, 1041
1077, 4, 211, 608, 495, 0, 14.27%, 0, 0, 7, 23020.49, 22863185, 1041
1082, 4, 211, 608, 495, 0, 14.27%, 0, 0, 7, 18874.44, 22957877, 1041
1087, 4, 285, 608, 495, 0, 14.27%, 0, 0, 7, 22028.47, 23071951, 1041
1092, 4, 224, 608, 494, 0, 14.27%, 0, 0, 7, 18428.69, 23163646, 1041
1097, 4, 186, 608, 494, 0, 14.27%, 0, 0, 7, 23671.46, 23291868, 1041
1102, 4, 211, 608, 493, 0, 14.27%, 0, 0, 7, 20625.21, 23389132, 1041
1108, 5, 309, 612, 497, 0, 14.27%, 0, 0, 7, 24149.11, 23508667, 1041
1113, 5, 211, 612, 497, 0, 14.27%, 0, 0, 7, 21237.47, 23610102, 1041
1118, 5, 211, 612, 496, 0, 14.27%, 0, 0, 7, 23171.33, 23723977, 1041
1123, 5, 309, 612, 496, 0, 14.27%, 0, 0, 7, 22875.03, 23838536, 1041
1128, 5, 211, 612, 496, 0, 14.27%, 0, 0, 7, 22661.39, 23956899, 1041
1133, 5, 211, 612, 496, 0, 14.27%, 0, 0, 7, 20753.18, 24054695, 1041
1138, 5, 309, 612, 496, 0, 14.27%, 0, 0, 7, 24338.48, 24176954, 1041
1143, 5, 174, 612, 495, 0, 14.27%, 0, 0, 7, 19145.43, 24265942, 1041
1148, 5, 211, 612, 494, 0, 14.27%, 0, 0, 7, 22194.59, 24386766, 1041
1153, 5, 211, 612, 493, 0, 14.27%, 0, 0, 7, 17398.51, 24470062, 1041
1158, 5, 211, 612, 493, 0, 14.27%, 0, 0, 7, 19174.53, 24565892, 1041
1163, 5, 211, 612, 493, 0, 14.27%, 0, 0, 7, 21447.82, 24663501, 1041
1168, 5, 97, 612, 492, 0, 14.27%, 0, 0, 7, 20605.25, 24770945, 1041
1174, 5, 310, 612, 492, 0, 14.27%, 0, 0, 7, 11297.55, 24834528, 1041
1179, 5, 309, 612, 491, 0, 14.27%, 0, 0, 7, 17323.18, 24932477, 1041
1184, 5, 173, 613, 492, 0, 14.27%, 0, 0, 7, 17620.72, 25015081, 1041
1189, 5, 309, 613, 492, 0, 14.27%, 0, 0, 7, 19452.35, 25123759, 1041
1194, 5, 309, 613, 492, 0, 14.27%, 0, 0, 7, 20674.68, 25219876, 1041
1199, 5, 211, 613, 492, 0, 14.27%, 0, 0, 7, 20454.49, 25328324, 1041
1204, 5, 285, 613, 492, 0, 14.27%, 0, 0, 7, 18753.68, 25416391, 1041
1209, 5, 211, 613, 492, 0, 14.27%, 0, 0, 7, 19955.41, 25521286, 1041
1214, 5, 211, 613, 492, 0, 14.27%, 0, 0, 7, 16817.05, 25600834, 1041
1219, 5, 211, 613, 492, 0, 14.27%, 0, 0, 7, 19826.75, 25710529, 1041
1224, 5, 211, 613, 491, 0, 14.27%, 0, 0, 7, 20944.96, 25812368, 1041
1230, 5, 309, 613, 491, 0, 14.27%, 0, 0, 7, 17988.11, 25904798, 1041
1235, 5, 211, 613, 491, 0, 14.27%, 0, 0, 7, 19532.44, 26004144, 1041
1240, 5, 211, 613, 491, 0, 14.27%, 0, 0, 7, 19277.74, 26107252, 1041
1245, 5, 211, 613, 491, 0, 14.27%, 0, 0, 7, 18306.52, 26195477, 1041
1250, 5, 211, 613, 491, 0, 14.27%, 0, 0, 7, 18295.32, 26298429, 1041
1255, 5, 309, 613, 491, 0, 14.27%, 0, 0, 7, 21863.77, 26415192, 1041
1260, 5, 309, 613, 491, 0, 14.27%, 0, 0, 7, 21458.18, 26541589, 1041
1265, 5, 211, 613, 491, 0, 14.27%, 0, 0, 7, 23748.56, 26653711, 1041
1270, 5, 224, 613, 491, 0, 14.27%, 0, 0, 7, 20236.17, 26757559, 1041
1275, 5, 72, 613, 491, 0, 14.27%, 0, 0, 7, 21253.98, 26863806, 1041
1280, 5, 309, 613, 491, 0, 14.27%, 0, 0, 7, 22023.61, 26977167, 1041
1285, 5, 211, 613, 491, 0, 14.27%, 0, 0, 7, 20790.62, 27075530, 1041
1290, 5, 211, 613, 491, 0, 14.27%, 0, 0, 7, 19357.54, 27179790, 1041
1295, 5, 197, 613, 491, 0, 14.27%, 0, 0, 7, 18674.60, 27262006, 1041
1301, 5, 445, 613, 491, 0, 14.27%, 0, 0, 7, 15629.05, 27344632, 1041
1306, 5, 268, 613, 491, 0, 14.27%, 0, 0, 7, 23643.86, 27469376, 1041
1311, 5, 211, 613, 491, 0, 14.27%, 0, 0, 7, 19040.92, 27568086, 1041
1316, 6, 211, 621, 499, 0, 14.27%, 0, 0, 7, 19341.66, 27662064, 1041
1321, 6, 327, 621, 497, 0, 14.27%, 0, 0, 7, 17648.47, 27758767, 1041
1326, 6, 37, 621, 497, 0, 14.27%, 0, 0, 7, 24855.89, 27888273, 1041
1331, 6, 211, 621, 497, 0, 14.27%, 0, 0, 7, 20059.77, 27988049, 1041
1336, 6, 211, 621, 497, 0, 14.27%, 0, 0, 7, 25089.17, 28123252, 1041
1341, 6, 211, 621, 497, 0, 14.27%, 0, 0, 7, 20986.14, 28231156, 1041
1347, 6, 211, 621, 497, 0, 14.27%, 0, 0, 7, 24771.55, 28368791, 1041
1352, 6, 160, 621, 497, 0, 14.27%, 0, 0, 7, 20529.99, 28474497, 1041
1357, 6, 309, 621, 497, 0, 14.27%, 0, 0, 7, 20124.07, 28568051, 1041
1362, 6, 221, 621, 497, 0, 14.27%, 0, 0, 7, 17661.09, 28654700, 1041
1367, 6, 211, 621, 497, 0, 14.27%, 0, 0, 7, 23788.93, 28784644, 1041
1372, 6, 309, 621, 496, 0, 14.27%, 0, 0, 7, 19576.21, 28884738, 1041
1377, 6, 211, 621, 496, 0, 14.27%, 0, 0, 7, 23158.85, 29004989, 1041
1382, 6, 309, 621, 495, 0, 14.27%, 0, 0, 7, 17766.52, 29092254, 1041
1387, 6, 215, 621, 495, 0, 14.27%, 0, 0, 7, 22417.37, 29211537, 1041
1392, 6, 211, 621, 494, 0, 14.27%, 0, 0, 7, 20981.20, 29311565, 1041
1397, 6, 211, 621, 494, 0, 14.27%, 0, 0, 7, 23617.45, 29438535, 1041
1402, 6, 211, 621, 494, 0, 14.27%, 0, 0, 7, 22257.57, 29546693, 1041
1407, 6, 211, 621, 493, 0, 14.27%, 0, 0, 7, 25512.68, 29682662, 1041
1413, 6, 211, 621, 493, 0, 14.27%, 0, 0, 7, 21673.09, 29783144, 1041
1418, 6, 211, 621, 493, 0, 14.27%, 0, 0, 7, 21550.26, 29886154, 1041
1423, 6, 211, 621, 493, 0, 14.27%, 0, 0, 7, 21409.11, 29993569, 1041
1428, 6, 211, 621, 493, 0, 14.27%, 0, 0, 7, 19025.95, 30090020, 1041
1433, 6, 268, 621, 493, 0, 14.27%, 0, 0, 7, 22067.25, 30197182, 1041
1438, 6, 268, 621, 493, 0, 14.27%, 0, 0, 7, 25141.30, 30327428, 1041
1443, 6, 97, 621, 492, 0, 14.27%, 0, 0, 7, 18960.78, 30415213, 1041
1448, 6, 211, 621, 492, 0, 14.27%, 0, 0, 7, 21996.95, 30529752, 1041
1453, 6, 211, 621, 492, 0, 14.27%, 0, 0, 7, 21104.96, 30626348, 1041
1458, 6, 309, 621, 492, 0, 14.27%, 0, 0, 7, 22150.36, 30739870, 1041
1463, 6, 309, 621, 492, 0, 14.27%, 0, 0, 7, 19671.63, 30827188, 1041
1468, 6, 399, 621, 492, 0, 14.27%, 0, 0, 7, 23595.55, 30952600, 1041
1473, 6, 129, 621, 491, 0, 14.27%, 0, 0, 7, 19855.39, 31049057, 1041
1479, 6, 211, 621, 491, 0, 14.27%, 0, 0, 7, 24871.13, 31163861, 1041
1484, 6, 10, 621, 491, 0, 14.27%, 0, 0, 7, 24592.80, 31272854, 1041
1489, 6, 410, 621, 491, 0, 14.27%, 0, 0, 7, 23352.41, 31388048, 1041
1494, 6, 309, 621, 490, 0, 14.27%, 0, 0, 7, 24406.17, 31495420, 1041
1499, 6, 211, 621, 490, 0, 14.27%, 0, 0, 7, 23000.74, 31611296, 1041
1504, 6, 309, 621, 490, 0, 14.27%, 0, 0, 7, 18865.15, 31691174, 1041
1509, 7, 131, 629, 498, 0, 14.27%, 0, 0, 7, 22211.88, 31800888, 1041
1514, 7, 211, 629, 498, 0, 14.27%, 0, 0, 7, 20209.77, 31892653, 1041
1519, 7, 378, 629, 497, 0, 14.27%, 0, 0, 7, 19317.63, 32003945, 1041
1524, 7, 211, 629, 497, 0, 14.27%, 0, 0, 7, 20172.71, 32096175, 1041
1529, 7, 129, 629, 497, 0, 14.27%, 0, 0, 7, 23020.41, 32224531, 1041
1534, 7, 211, 629, 497, 0, 14.27%, 0, 0, 7, 18139.00, 32313815, 1041
1539, 7, 285, 629, 497, 0, 14.27%, 0, 0, 7, 19947.12, 32422978, 1041
1545, 7, 378, 629, 497, 0, 14.27%, 0, 0, 7, 23135.67, 32537781, 1041
1550, 7, 309, 629, 497, 0, 14.27%, 0, 0, 7, 19216.19, 32642253, 1041
1555, 7, 211, 629, 496, 0, 14.27%, 0, 0, 7, 20002.88, 32739644, 1041
1560, 7, 268, 629, 495, 0, 14.27%, 0, 0, 7, 17501.70, 32829141, 1041
1565, 7, 211, 629, 495, 0, 14.27%, 0, 0, 7, 17894.10, 32917636, 1041
1570, 7, 397, 629, 495, 0, 14.27%, 0, 0, 7, 19805.40, 33024605, 1041
1575, 7, 211, 629, 494, 0, 14.27%, 0, 0, 7, 22267.76, 33134661, 1041
1580, 7, 89, 629, 494, 0, 14.27%, 0, 0, 7, 20722.96, 33243228, 1041
1585, 7, 211, 629, 494, 0, 14.27%, 0, 0, 7, 21090.22, 33354527, 1041
1590, 7, 211, 629, 494, 0, 14.27%, 0, 0, 7, 18067.61, 33449529, 1041
1595, 7, 309, 629, 494, 0, 14.27%, 0, 0, 7, 15989.15, 33534703, 1041
1600, 7, 378, 629, 494, 0, 14.27%, 0, 0, 7, 17218.20, 33635880, 1041
1605, 7, 378, 629, 494, 0, 14.27%, 0, 0, 7, 20173.30, 33737416, 1041
1610, 7, 132, 629, 494, 0, 14.27%, 0, 0, 7, 19703.51, 33849366, 1041
1616, 7, 174, 629, 494, 0, 14.27%, 0, 0, 7, 14093.08, 33915298, 1041
1621, 7, 211, 629, 494, 0, 14.27%, 0, 0, 7, 16300.93, 34013394, 1041
1626, 7, 160, 629, 494, 0, 14.27%, 0, 0, 7, 19190.80, 34117248, 1041
1631, 7, 309, 629, 494, 0, 14.27%, 0, 0, 7, 14952.66, 34193452, 1041
1636, 7, 211, 629, 494, 0, 14.27%, 0, 0, 7, 20894.66, 34303684, 1041
1641, 7, 206, 629, 493, 0, 14.27%, 0, 0, 7, 17102.77, 34389121, 1041
1646, 7, 268, 629, 493, 0, 14.27%, 0, 0, 7, 15381.01, 34471921, 1041
1652, 7, 378, 629, 493, 0, 14.27%, 0, 0, 7, 15150.72, 34548351, 1041
1657, 7, 445, 629, 493, 0, 14.27%, 0, 0, 7, 11551.05, 34617995, 1041
1662, 7, 211, 629, 493, 0, 14.27%, 0, 0, 7, 14928.46, 34698270, 1041
1667, 7, 268, 629, 493, 0, 14.27%, 0, 0, 7, 23465.51, 34833740, 1041
1672, 7, 211, 629, 492, 0, 14.27%, 0, 0, 7, 21762.83, 34934151, 1041
1677, 7, 268, 629, 492, 0, 14.27%, 0, 0, 7, 25727.53, 35061020, 1041
1682, 7, 39, 629, 491, 0, 14.27%, 0, 0, 7, 19793.07, 35151921, 1041
1687, 7, 211, 629, 490, 0, 14.27%, 0, 0, 7, 23620.49, 35274528, 1041
1692, 7, 211, 629, 490, 0, 14.27%, 0, 0, 7, 21048.80, 35379226, 1041
1698, 7, 186, 629, 490, 0, 14.27%, 0, 0, 7, 21897.32, 35491490, 1041
1703, 7, 129, 629, 490, 0, 14.27%, 0, 0, 7, 19781.22, 35581630, 1041
1708, 7, 378, 629, 490, 0, 14.27%, 0, 0, 7, 22499.64, 35712118, 1041
1713, 7, 211, 629, 490, 0, 14.27%, 0, 0, 7, 22413.69, 35820115, 1041
1718, 8, 309, 638, 499, 0, 14.27%, 0, 0, 7, 22508.78, 35930162, 1041
1723, 8, 226, 638, 498, 0, 14.27%, 0, 0, 7, 22751.68, 36040797, 1041
1728, 8, 167, 638, 497, 0, 14.27%, 0, 0, 7, 23512.64, 36159735, 1041
1733, 8, 176, 638, 497, 0, 14.27%, 0, 0, 7, 22677.07, 36264390, 1041
1739, 8, 169, 638, 497, 0, 14.27%, 0, 0, 7, 24760.42, 36398324, 1041
1744, 8, 174, 638, 497, 0, 14.27%, 0, 0, 7, 21671.27, 36497919, 1041
1749, 8, 174, 638, 497, 0, 14.27%, 0, 0, 7, 22214.10, 36610829, 1041
1754, 8, 211, 638, 497, 0, 14.27%, 0, 0, 7, 21216.00, 36715803, 1041
1759, 8, 49, 638, 497, 0, 14.27%, 0, 0, 7, 18576.09, 36810589, 1041
1764, 8, 211, 638, 497, 0, 14.27%, 0, 0, 7, 21646.57, 36917752, 1041
1769, 8, 378, 638, 497, 0, 14.27%, 0, 0, 7, 21719.41, 37040486, 1041
1774, 8, 268, 638, 497, 0, 14.27%, 0, 0, 7, 18022.93, 37129447, 1041
1779, 8, 211, 638, 497, 0, 14.27%, 0, 0, 7, 15489.00, 37208791, 1041
1784, 8, 39, 638, 496, 0, 14.27%, 0, 0, 7, 16350.71, 37290159, 1041
1789, 8, 211, 638, 496, 0, 14.27%, 0, 0, 7, 18248.76, 37392333, 1041
1794, 8, 211, 638, 496, 0, 14.27%, 0, 0, 7, 16361.32, 37466018, 1041
1799, 8, 309, 638, 495, 0, 14.27%, 0, 0, 7, 19525.71, 37584056, 1041
1805, 8, 129, 638, 495, 0, 14.27%, 0, 0, 7, 22906.69, 37693094, 1041
1810, 8, 211, 638, 495, 0, 14.27%, 0, 0, 7, 20886.65, 37808432, 1041
1815, 8, 174, 638, 495, 0, 14.27%, 0, 0, 7, 20999.08, 37905565, 1041
1820, 8, 311, 638, 495, 0, 14.27%, 0, 0, 7, 18792.09, 38002365, 1041
1825, 8, 211, 638, 495, 0, 14.27%, 0, 0, 7, 19693.58, 38096451, 1041
1830, 8, 309, 639, 496, 0, 14.27%, 0, 0, 7, 20549.68, 38208560, 1041
1835, 8, 445, 639, 496, 0, 14.27%, 0, 0, 7, 19468.99, 38308481, 1041
1840, 8, 285, 639, 496, 0, 14.27%, 0, 0, 7, 21392.95, 38423682, 1041
1845, 8, 211, 639, 495, 0, 14.27%, 0, 0, 7, 25709.86, 38557142, 1041
1850, 8, 197, 639, 494, 0, 14.27%, 0, 0, 7, 19754.19, 38661648, 1041
1855, 8, 362, 639, 494, 0, 14.27%, 0, 0, 7, 21754.66, 38767300, 1041
1860, 8, 309, 639, 494, 0, 14.27%, 0, 0, 7, 19760.23, 38877978, 1041
1865, 8, 180, 639, 494, 0, 14.27%, 0, 0, 7, 19375.08, 38972885, 1041
1870, 8, 211, 639, 494, 0, 14.27%, 0, 0, 7, 15785.60, 39061061, 1041
1876, 8, 311, 639, 494, 0, 14.27%, 0, 0, 7, 19881.36, 39165055, 1041
1881, 8, 211, 639, 494, 0, 14.27%, 0, 0, 7, 14924.78, 39246314, 1041
1886, 8, 167, 639, 493, 0, 14.27%, 0, 0, 7, 19737.82, 39350763, 1041
1891, 8, 309, 639, 493, 0, 14.27%, 0, 0, 7, 16812.98, 39441734, 1041
1896, 8, 174, 639, 493, 0, 14.27%, 0, 0, 7, 18377.61, 39533858, 1041
1901, 8, 211, 639, 492, 0, 14.27%, 0, 0, 7, 19064.18, 39634077, 1041
1906, 8, 211, 639, 491, 0, 14.27%, 0, 0, 7, 24022.05, 39753038, 1041
1911, 8, 211, 639, 491, 0, 14.27%, 0, 0, 7, 19881.66, 39857889, 1041
1917, 8, 97, 639, 491, 0, 14.27%, 0, 0, 7, 21610.49, 39968176, 1041
1922, 9, 211, 641, 493, 0, 14.27%, 0, 0, 7, 17094.64, 40055763, 1041
1927, 9, 309, 641, 493, 0, 14.27%, 0, 0, 7, 23161.39, 40177221, 1041
1932, 9, 285, 641, 493, 0, 14.27%, 0, 0, 7, 19218.98, 40265525, 1041
1937, 9, 309, 641, 493, 0, 14.27%, 0, 0, 7, 22884.79, 40386283, 1041
1942, 9, 309, 641, 493, 0, 14.27%, 0, 0, 7, 19393.07, 40477132, 1041
1947, 9, 174, 641, 493, 0, 14.27%, 0, 0, 7, 23657.64, 40597890, 1041
1952, 9, 378, 641, 493, 0, 14.27%, 0, 0, 7, 18464.24, 40679817, 1041
1957, 9, 215, 641, 493, 0, 14.27%, 0, 0, 7, 17290.25, 40763325, 1041
1962, 9, 197, 641, 493, 0, 14.27%, 0, 0, 7, 19960.22, 40862852, 1041
1967, 9, 211, 641, 492, 0, 14.27%, 0, 0, 7, 18664.01, 40957575, 1041
1972, 9, 211, 641, 492, 0, 14.27%, 0, 0, 7, 16965.33, 41038393, 1041
1978, 9, 211, 641, 492, 0, 14.27%, 0, 0, 7, 20184.73, 41137071, 1041
1983, 9, 404, 641, 491, 0, 14.27%, 0, 0, 7, 19502.48, 41231956, 1041
1988, 9, 211, 641, 491, 0, 14.27%, 0, 0, 7, 21040.00, 41340339, 1041
1993, 9, 224, 641, 491, 0, 14.27%, 0, 0, 7, 20713.25, 41437695, 1041
1998, 9, 129, 641, 491, 0, 14.27%, 0, 0, 7, 23658.45, 41561361, 1041
2003, 9, 97, 641, 491, 0, 14.27%, 0, 0, 7, 20256.63, 41654244, 1041
2008, 9, 211, 641, 491, 0, 14.27%, 0, 0, 7, 22664.11, 41763658, 1041
2013, 9, 285, 641, 491, 0, 14.27%, 0, 0, 7, 19837.37, 41862001, 1041
2018, 9, 378, 641, 491, 0, 14.27%, 0, 0, 7, 19335.75, 41949130, 1041
2023, 9, 220, 641, 491, 0, 14.27%, 0, 0, 7, 19385.68, 42053933, 1041
2028, 9, 211, 641, 490, 0, 14.27%, 0, 0, 7, 20855.06, 42160812, 1041
2033, 9, 99, 641, 490, 0, 14.27%, 0, 0, 7, 17881.73, 42237262, 1041
2038, 9, 211, 641, 490, 0, 14.27%, 0, 0, 7, 18949.98, 42334281, 1041
2043, 9, 169, 641, 490, 0, 14.27%, 0, 0, 7, 15589.64, 42404600, 1041
2048, 9, 309, 641, 490, 0, 14.27%, 0, 0, 7, 17972.81, 42500326, 1041
2053, 9, 378, 641, 490, 0, 14.27%, 0, 0, 7, 18946.22, 42584556, 1041
2058, 9, 211, 641, 490, 0, 14.27%, 0, 0, 7, 21218.31, 42695571, 1041
2063, 9, 107, 641, 490, 0, 14.27%, 0, 0, 7, 19605.62, 42778116, 1041
2069, 9, 285, 641, 490, 0, 14.27%, 0, 0, 7, 21682.46, 42891161, 1041
2074, 9, 211, 641, 490, 0, 14.27%, 0, 0, 7, 18422.01, 42978582, 1041
2079, 9, 211, 641, 490, 0, 14.27%, 0, 0, 7, 22022.70, 43091919, 1041
2084, 9, 211, 641, 490, 0, 14.27%, 0, 0, 7, 22285.82, 43191422, 1041
2089, 9, 194, 641, 490, 0, 14.27%, 0, 0, 7, 21586.87, 43301187, 1041
2094, 9, 39, 641, 490, 0, 14.27%, 0, 0, 7, 19768.37, 43392515, 1041
2099, 9, 211, 641, 490, 0, 14.27%, 0, 0, 7, 22663.91, 43509083, 1041
2104, 9, 169, 641, 490, 0, 14.27%, 0, 0, 7, 22645.25, 43614047, 1041
2109, 9, 211, 641, 490, 0, 14.27%, 0, 0, 7, 20241.27, 43716247, 1041
2114, 9, 268, 641, 490, 0, 14.27%, 0, 0, 7, 21247.29, 43814515, 1041
2119, 9, 285, 641, 490, 0, 14.27%, 0, 0, 7, 20568.98, 43920990, 1041
2124, 9, 210, 641, 490, 0, 14.27%, 0, 0, 7, 20641.35, 44019893, 1041
2130, 10, 211, 645, 494, 0, 14.27%, 0, 0, 7, 16422.51, 44104263, 1041
2135, 10, 211, 645, 494, 0, 14.27%, 0, 0, 7, 14288.05, 44169662, 1041
2140, 10, 309, 645, 494, 0, 14.27%, 0, 0, 7, 16364.36, 44266066, 1041
2145, 10, 211, 645, 494, 0, 14.27%, 0, 0, 7, 18420.84, 44368323, 1041
2150, 10, 211, 645, 494, 0, 14.27%, 0, 0, 7, 16183.79, 44461376, 1041
2155, 10, 211, 645, 492, 0, 14.27%, 0, 0, 7, 15356.69, 44537551, 1041
2160, 10, 211, 645, 492, 0, 14.27%, 0, 0, 7, 15060.94, 44629669, 1041
2165, 10, 268, 645, 492, 0, 14.27%, 0, 0, 7, 17400.66, 44717754, 1041
2170, 10, 211, 645, 492, 0, 14.27%, 0, 0, 7, 17392.11, 44815412, 1041
2175, 10, 89, 645, 491, 0, 14.27%, 0, 0, 7, 20689.42, 44917898, 1041
2180, 10, 309, 645, 491, 0, 14.27%, 0, 0, 7, 16981.72, 45006611, 1041
2185, 10, 211, 645, 490, 0, 14.27%, 0, 0, 7, 20899.66, 45108588, 1041
2190, 10, 211, 645, 490, 0, 14.27%, 0, 0, 7, 15437.24, 45182569, 1041
2196, 10, 197, 645, 490, 0, 14.27%, 0, 0, 7, 20620.13, 45302883, 1041
2201, 10, 160, 645, 490, 0, 14.27%, 0, 0, 7, 18172.37, 45399984, 1041
2206, 10, 211, 645, 490, 0, 14.27%, 0, 0, 7, 18062.41, 45492823, 1041
2211, 10, 378, 645, 490, 0, 14.27%, 0, 0, 7, 20328.36, 45605132, 1041
2216, 10, 309, 645, 489, 0, 14.27%, 0, 0, 7, 21560.88, 45715379, 1041
2221, 10, 427, 645, 489, 0, 14.27%, 0, 0, 7, 18016.50, 45809617, 1041
2226, 10, 39, 645, 488, 0, 14.27%, 0, 0, 7, 18169.75, 45907749, 1041
2231, 10, 309, 645, 486, 0, 14.27%, 0, 0, 7, 19594.84, 46012461, 1041
2236, 10, 211, 645, 486, 0, 14.27%, 0, 0, 7, 22919.17, 46128508, 1041
2242, 10, 219, 645, 485, 0, 14.27%, 0, 0, 7, 17272.29, 46213202, 1041
2247, 10, 309, 645, 485, 0, 14.27%, 0, 0, 7, 26061.46, 46366009, 1041
2252, 10, 309, 645, 484, 0, 14.27%, 0, 0, 7, 20034.17, 46463460, 1041
2257, 10, 211, 645, 484, 0, 14.27%, 0, 0, 7, 21893.13, 46570451, 1041
2262, 10, 378, 645, 484, 0, 14.27%, 0, 0, 7, 22888.95, 46691398, 1041
2267, 10, 37, 645, 484, 0, 14.27%, 0, 0, 7, 27066.85, 46837627, 1041
2273, 10, 309, 645, 483, 0, 14.27%, 0, 0, 7, 24036.20, 46952227, 1041
2278, 10, 211, 645, 482, 0, 14.27%, 0, 0, 7, 23086.78, 47060805, 1041
2283, 10, 220, 645, 481, 0, 14.27%, 0, 0, 7, 22723.16, 47174211, 1041
2288, 10, 211, 645, 481, 0, 14.27%, 0, 0, 7, 24543.42, 47305357, 1041
2293, 10, 285, 645, 481, 0, 14.27%, 0, 0, 7, 20086.83, 47406018, 1041
2298, 10, 174, 645, 481, 0, 14.27%, 0, 0, 7, 24021.16, 47528976, 1041
2303, 10, 211, 645, 481, 0, 14.27%, 0, 0, 7, 21156.10, 47624075, 1041
2308, 10, 107, 645, 481, 0, 14.27%, 0, 0, 7, 24837.26, 47758277, 1041
2313, 10, 211, 645, 481, 0, 14.27%, 0, 0, 7, 20914.29, 47855970, 1041
2318, 10, 211, 645, 481, 0, 14.27%, 0, 0, 7, 22979.03, 47962705, 1041
2323, 10, 211, 645, 481, 0, 14.27%, 0, 0, 7, 19485.05, 48045621, 1041
2328, 10, 107, 645, 481, 0, 14.27%, 0, 0, 7, 24038.99, 48172782, 1041
2333, 11, 211, 647, 483, 0, 14.27%, 0, 0, 7, 18833.65, 48259672, 1041
2338, 11, 211, 647, 483, 0, 14.27%, 0, 0, 7, 22717.80, 48374941, 1041
2343, 11, 309, 647, 482, 0, 14.27%, 0, 0, 7, 18579.64, 48469583, 1041
2349, 11, 309, 647, 482, 0, 14.27%, 0, 0, 7, 25776.71, 48611776, 1041
2354, 11, 211, 647, 482, 0, 14.27%, 0, 0, 7, 24319.92, 48718725, 1041
2359, 11, 268, 647, 481, 0, 14.27%, 0, 0, 7, 23462.19, 48838105, 1041
2364, 11, 211, 647, 481, 0, 14.27%, 0, 0, 7, 19768.74, 48929018, 1041
2369, 11, 211, 647, 481, 0, 14.27%, 0, 0, 7, 22527.27, 49042935, 1041
2374, 11, 211, 647, 481, 0, 14.27%, 0, 0, 7, 18275.14, 49137128, 1041
2379, 11, 97, 647, 481, 0, 14.27%, 0, 0, 7, 21611.32, 49248109, 1041
2384, 11, 211, 647, 481, 0, 14.27%, 0, 0, 7, 24293.56, 49360081, 1041
2389, 11, 129, 647, 481, 0, 14.27%, 0, 0, 7, 23857.05, 49492076, 1041
2394, 11, 169, 647, 481, 0, 14.27%, 0, 0, 7, 23369.21, 49600458, 1041
2399, 11, 309, 647, 481, 0, 14.27%, 0, 0, 7, 26800.26, 49739590, 1041
2405, 11, 211, 647, 481, 0, 14.27%, 0, 0, 7, 23909.19, 49854341, 1041
2410, 11, 309, 647, 481, 0, 14.27%, 0, 0, 7, 21466.37, 49966291, 1041
2415, 11, 211, 647, 481, 0, 14.27%, 0, 0, 7, 27885.51, 50110088, 1041
2420, 11, 72, 647, 481, 0, 14.27%, 0, 0, 7, 25243.95, 50242376, 1041
2425, 11, 167, 647, 481, 0, 14.27%, 0, 0, 7, 27054.59, 50382110, 1041
2430, 11, 268, 647, 481, 0, 14.27%, 0, 0, 7, 25211.69, 50517775, 1041
2435, 11, 160, 647, 481, 0, 14.27%, 0, 0, 7, 23753.59, 50635675, 1041
2441, 11, 219, 647, 480, 0, 14.27%, 0, 0, 7, 23405.94, 50762686, 1041
2446, 11, 211, 647, 479, 0, 14.27%, 0, 0, 7, 26183.52, 50901262, 1041
2451, 11, 211, 647, 479, 0, 14.27%, 0, 0, 7, 22826.24, 51024115, 1041
2456, 11, 378, 647, 479, 0, 14.27%, 0, 0, 7, 25911.64, 51165275, 1041
2461, 11, 211, 647, 479, 0, 14.27%, 0, 0, 7, 21554.07, 51274757, 1041
2466, 11, 211, 647, 479, 0, 14.27%, 0, 0, 7, 26311.60, 51413672, 1041
2471, 11, 211, 647, 479, 0, 14.27%, 0, 0, 7, 20258.75, 51512227, 1041
2476, 11, 211, 647, 479, 0, 14.27%, 0, 0, 7, 25581.94, 51642106, 1041
2481, 11, 211, 647, 478, 0, 14.27%, 0, 0, 7, 21157.95, 51743238, 1041
2486, 11, 131, 647, 478, 0, 14.27%, 0, 0, 7, 27231.37, 51876114, 1041
2491, 11, 158, 647, 478, 0, 14.27%, 0, 0, 7, 22652.83, 51984434, 1041
2497, 11, 186, 647, 478, 0, 14.27%, 0, 0, 7, 23445.63, 52102054, 1041
2502, 11, 211, 647, 478, 0, 14.27%, 0, 0, 7, 15447.88, 52174256, 1041
2507, 12, 211, 649, 480, 0, 14.27%, 0, 0, 7, 23262.33, 52302662, 1041
2512, 12, 211, 649, 479, 0, 14.27%, 0, 0, 7, 18085.10, 52383062, 1041
2517, 12, 224, 649, 479, 0, 14.27%, 0, 0, 7, 22394.60, 52506270, 1041
2522, 12, 181, 649, 479, 0, 14.27%, 0, 0, 7, 20682.47, 52603053, 1041
2527, 12, 174, 649, 479, 0, 14.27%, 0, 0, 7, 25462.49, 52736415, 1041
2532, 12, 211, 649, 479, 0, 14.27%, 0, 0, 7, 22644.61, 52849306, 1041
2537, 12, 378, 649, 478, 0, 14.27%, 0, 0, 7, 26284.60, 52986861, 1041
2542, 12, 211, 649, 478, 0, 14.27%, 0, 0, 7, 24524.92, 53105981, 1041
2547, 12, 378, 649, 478, 0, 14.27%, 0, 0, 7, 24365.65, 53235065, 1041
2552, 12, 211, 649, 478, 0, 14.27%, 0, 0, 7, 23461.20, 53360103, 1041
2558, 12, 129, 649, 478, 0, 14.27%, 0, 0, 7, 25293.59, 53481579, 1041
2563, 12, 211, 649, 478, 0, 14.27%, 0, 0, 7, 21419.02, 53584099, 1041
2568, 12, 211, 649, 478, 0, 14.27%, 0, 0, 7, 26608.35, 53729059, 1041
2573, 12, 211, 649, 478, 0, 14.27%, 0, 0, 7, 25265.37, 53849741, 1041
2578, 12, 309, 649, 478, 0, 14.27%, 0, 0, 7, 27707.72, 53990066, 1041
2583, 12, 211, 649, 478, 0, 14.27%, 0, 0, 7, 24124.03, 54105028, 1041
2588, 12, 211, 649, 477, 0, 14.27%, 0, 0, 7, 25902.56, 54242152, 1041
2593, 12, 72, 649, 477, 0, 14.27%, 0, 0, 7, 25611.10, 54365295, 1041
2598, 12, 211, 649, 477, 0, 14.27%, 0, 0, 7, 26998.67, 54506685, 1041
2603, 12, 211, 649, 477, 0, 14.27%, 0, 0, 7, 25625.73, 54628116, 1041
2608, 12, 378, 649, 477, 0, 14.27%, 0, 0, 7, 25868.85, 54761661, 1041
2613, 12, 211, 649, 477, 0, 14.27%, 0, 0, 7, 25226.93, 54874763, 1041
2619, 12, 10, 649, 477, 0, 14.27%, 0, 0, 7, 23597.00, 55001667, 1041
2624, 12, 213, 649, 477, 0, 14.27%, 0, 0, 7, 23790.87, 55108574, 1041
2629, 12, 99, 649, 476, 0, 14.27%, 0, 0, 7, 25596.73, 55244694, 1041
2634, 12, 197, 649, 475, 0, 14.27%, 0, 0, 7, 25447.45, 55369658, 1041
2639, 12, 445, 649, 475, 0, 14.27%, 0, 0, 7, 22411.85, 55485396, 1041
2644, 12, 224, 649, 475, 0, 14.27%, 0, 0, 7, 23994.70, 55599326, 1041
2649, 12, 31, 649, 475, 0, 14.27%, 0, 0, 7, 25176.51, 55728878, 1041
2654, 12, 211, 649, 474, 0, 14.27%, 0, 0, 7, 23587.84, 55845250, 1041
2659, 12, 211, 649, 474, 0, 14.27%, 0, 0, 7, 24514.24, 55976849, 1041
2664, 12, 197, 649, 474, 0, 14.27%, 0, 0, 7, 21876.47, 56071305, 1041
2670, 12, 268, 649, 474, 0, 14.27%, 0, 0, 7, 19772.36, 56172317, 1041
2675, 12, 158, 649, 474, 0, 14.27%, 0, 0, 7, 16897.24, 56250622, 1041
2680, 12, 211, 649, 474, 0, 14.27%, 0, 0, 7, 16917.21, 56338573, 1041
2685, 13, 97, 650, 475, 0, 14.27%, 0, 0, 7, 20175.70, 56446866, 1041
2690, 13, 378, 650, 475, 0, 14.27%, 0, 0, 7, 19795.14, 56553870, 1041
2695, 13, 131, 650, 475, 0, 14.27%, 0, 0, 7, 22006.84, 56671798, 1041
2700, 13, 211, 650, 475, 0, 14.27%, 0, 0, 7, 17711.32, 56758041, 1041
2705, 13, 309, 650, 475, 0, 14.27%, 0, 0, 7, 19743.52, 56856440, 1041
2711, 13, 169, 650, 475, 0, 14.27%, 0, 0, 7, 20033.23, 56967895, 1041
2716, 13, 378, 650, 475, 0, 14.27%, 0, 0, 7, 22583.20, 57083385, 1041
2721, 13, 174, 650, 475, 0, 14.27%, 0, 0, 7, 21825.53, 57202056, 1041
2726, 13, 99, 650, 475, 0, 14.27%, 0, 0, 7, 21803.50, 57309304, 1041
2731, 13, 309, 650, 475, 0, 14.27%, 0, 0, 7, 20214.33, 57419682, 1041
2736, 13, 211, 650, 475, 0, 14.27%, 0, 0, 7, 22435.04, 57531357, 1041
2741, 13, 211, 650, 475, 0, 14.27%, 0, 0, 7, 19816.60, 57634925, 1041
2746, 13, 309, 650, 475, 0, 14.27%, 0, 0, 7, 25195.84, 57761089, 1041
2751, 13, 211, 650, 475, 0, 14.27%, 0, 0, 7, 22399.85, 57871400, 1041
2756, 13, 211, 650, 475, 0, 14.27%, 0, 0, 7, 25762.35, 58002409, 1041
2761, 13, 378, 650, 474, 0, 14.27%, 0, 0, 7, 21909.86, 58117523, 1041
2766, 13, 211, 650, 474, 0, 14.27%, 0, 0, 7, 24777.70, 58254018, 1041
2772, 13, 211, 650, 474, 0, 14.27%, 0, 0, 7, 19860.96, 58354072, 1041
2777, 13, 211, 650, 474, 0, 14.27%, 0, 0, 7, 26365.65, 58495473, 1041
2782, 13, 127, 650, 473, 0, 14.27%, 0, 0, 7, 25143.39, 58632628, 1041
2787, 13, 211, 650, 473, 0, 14.27%, 0, 0, 7, 26243.52, 58762674, 1041
2792, 13, 197, 650, 473, 0, 14.27%, 0, 0, 7, 23509.71, 58878049, 1041
2797, 13, 211, 650, 473, 0, 14.27%, 0, 0, 7, 23978.65, 58995993, 1041
2802, 13, 211, 650, 473, 0, 14.27%, 0, 0, 7, 22699.94, 59117899, 1041
2808, 13, 211, 650, 473, 0, 14.27%, 0, 0, 7, 27849.08, 59266589, 1041
2813, 13, 268, 650, 473, 0, 14.27%, 0, 0, 7, 19108.71, 59355562, 1041
2818, 13, 327, 650, 473, 0, 14.27%, 0, 0, 7, 21508.13, 59473384, 1041
2823, 13, 211, 650, 473, 0, 14.27%, 0, 0, 7, 17893.97, 59558835, 1041
2828, 13, 285, 650, 473, 0, 14.27%, 0, 0, 7, 21531.87, 59666713, 1041
2833, 13, 167, 650, 473, 0, 14.27%, 0, 0, 7, 16452.11, 59741277, 1041
2838, 13, 211, 650, 473, 0, 14.27%, 0, 0, 7, 21999.91, 59855798, 1041
2843, 13, 211, 650, 473, 0, 14.27%, 0, 0, 7, 22666.07, 59953794, 1041
2848, 13, 211, 650, 473, 0, 14.27%, 0, 0, 7, 23084.79, 60072234, 1041
2853, 13, 211, 650, 473, 0, 14.27%, 0, 0, 7, 14037.70, 60130935, 1041
2858, 13, 211, 650, 473, 0, 14.27%, 0, 0, 7, 19416.67, 60227744, 1041
2863, 13, 211, 650, 473, 0, 14.27%, 0, 0, 7, 22258.29, 60339256, 1041
2868, 13, 327, 650, 473, 0, 14.27%, 0, 0, 7, 21882.33, 60456413, 1041
2873, 13, 309, 650, 473, 0, 14.27%, 0, 0, 7, 21218.79, 60559992, 1041
2878, 14, 211, 651, 474, 0, 14.27%, 0, 0, 7, 24120.45, 60684466, 1041
2884, 14, 378, 651, 474, 0, 14.27%, 0, 0, 7, 23316.78, 60792419, 1041
2889, 14, 211, 651, 474, 0, 14.27%, 0, 0, 7, 21601.74, 60906293, 1041
2894, 14, 211, 651, 474, 0, 14.27%, 0, 0, 7, 16486.95, 60976545, 1041
2899, 14, 211, 651, 473, 0, 14.27%, 0, 0, 7, 17225.22, 61066230, 1041
2904, 14, 220, 651, 473, 0, 14.27%, 0, 0, 7, 19704.78, 61151760, 1041
2909, 14, 311, 651, 473, 0, 14.27%, 0, 0, 7, 18979.19, 61245493, 1041
2914, 14, 309, 651, 473, 0, 14.27%, 0, 0, 7, 16944.05, 61323004, 1041
2919, 14, 211, 651, 473, 0, 14.27%, 0, 0, 7, 19324.40, 61427295, 1041
2924, 14, 174, 651, 472, 0, 14.27%, 0, 0, 7, 20359.64, 61526594, 1041
2930, 14, 197, 651, 472, 0, 14.27%, 0, 0, 7, 22676.55, 61663876, 1041
2935, 14, 362, 651, 472, 0, 14.27%, 0, 0, 7, 23867.96, 61778617, 1041
2940, 14, 211, 651, 472, 0, 14.27%, 0, 0, 7, 20726.86, 61890876, 1041
2945, 14, 309, 651, 472, 0, 14.27%, 0, 0, 7, 23043.64, 62002182, 1041
2950, 14, 378, 651, 471, 0, 14.27%, 0, 0, 7, 20242.10, 62111221, 1041
2955, 14, 211, 651, 471, 0, 14.27%, 0, 0, 7, 18749.29, 62203394, 1041
2960, 14, 362, 651, 470, 0, 14.27%, 0, 0, 7, 18544.75, 62302521, 1041
2965, 14, 176, 651, 470, 0, 14.27%, 0, 0, 7, 22081.04, 62419275, 1041
2970, 14, 178, 651, 469, 0, 14.27%, 0, 0, 7, 20560.29, 62531257, 1041
2975, 14, 211, 651, 469, 0, 14.27%, 0, 0, 7, 21002.40, 62631764, 1041
2980, 14, 309, 651, 469, 0, 14.27%, 0, 0, 7, 20854.04, 62741474, 1041
2985, 14, 129, 651, 469, 0, 14.27%, 0, 0, 7, 22932.33, 62858687, 1041
2991, 14, 285, 651, 469, 0, 14.27%, 0, 0, 7, 18348.85, 62960596, 1041
2996, 14, 211, 651, 469, 0, 14.27%, 0, 0, 7, 23640.75, 63092604, 1041
3001, 14, 378, 651, 469, 0, 14.27%, 0, 0, 7, 18646.84, 63188578, 1041
3006, 14, 37, 651, 468, 0, 14.27%, 0, 0, 7, 23306.20, 63308737, 1041
3011, 14, 211, 651, 468, 0, 14.27%, 0, 0, 7, 20127.26, 63411825, 1041
3016, 14, 211, 651, 467, 0, 14.27%, 0, 0, 7, 23812.06, 63526347, 1041
3021, 14, 309, 651, 467, 0, 14.27%, 0, 0, 7, 17792.49, 63627019, 1041
3026, 14, 224, 651, 467, 0, 14.27%, 0, 0, 7, 20367.06, 63733962, 1041
3031, 14, 268, 651, 467, 0, 14.27%, 0, 0, 7, 19888.83, 63834907, 1041
3036, 14, 174, 651, 467, 0, 14.27%, 0, 0, 7, 19777.07, 63935252, 1041
3041, 14, 213, 651, 467, 0, 14.27%, 0, 0, 7, 18977.96, 64031591, 1041
3046, 14, 97, 651, 467, 0, 14.27%, 0, 0, 7, 26369.30, 64166552, 1041
3051, 14, 211, 651, 467, 0, 14.27%, 0, 0, 7, 20267.56, 64260424, 1041
3056, 14, 211, 651, 466, 0, 14.27%, 0, 0, 7, 24900.56, 64382043, 1041
3062, 14, 160, 651, 466, 0, 14.27%, 0, 0, 7, 20872.91, 64493968, 1041
3067, 14, 309, 651, 466, 0, 14.27%, 0, 0, 7, 24145.81, 64623729, 1041
3072, 15, 211, 651, 466, 0, 14.27%, 0, 0, 7, 18995.62, 64723254, 1041
3077, 15, 211, 651, 466, 0, 14.27%, 0, 0, 7, 21470.12, 64841122, 1041
3082, 15, 285, 651, 466, 0, 14.27%, 0, 0, 7, 21655.84, 64952597, 1041
3087, 15, 211, 651, 466, 0, 14.27%, 0, 0, 7, 26723.50, 65094851, 1041
3092, 15, 211, 651, 465, 0, 14.27%, 0, 0, 7, 21983.25, 65195312, 1041
3097, 15, 440, 651, 465, 0, 14.27%, 0, 0, 7, 19111.56, 65284961, 1041
3102, 15, 211, 651, 464, 0, 14.27%, 0, 0, 7, 17966.95, 65375656, 1041
3107, 15, 186, 651, 463, 0, 14.27%, 0, 0, 7, 24277.64, 65504210, 1041
3112, 15, 378, 651, 463, 0, 14.27%, 0, 0, 7, 20890.43, 65606634, 1041
3117, 15, 66, 651, 463, 0, 14.27%, 0, 0, 7, 23086.20, 65725148, 1041
3123, 15, 378, 651, 463, 0, 14.27%, 0, 0, 7, 22631.94, 65839416, 1041
3128, 15, 211, 651, 463, 0, 14.27%, 0, 0, 7, 26060.13, 65976593, 1041
3133, 15, 211, 651, 463, 0, 14.27%, 0, 0, 7, 22639.62, 66082528, 1041
3138, 15, 211, 651, 463, 0, 14.27%, 0, 0, 7, 24520.74, 66210989, 1041
3143, 15, 56, 651, 463, 0, 14.27%, 0, 0, 7, 14180.37, 66272674, 1041
3148, 15, 362, 651, 463, 0, 14.27%, 0, 0, 7, 17658.73, 66357246, 1041
3153, 15, 309, 651, 463, 0, 14.27%, 0, 0, 7, 18906.69, 66465288, 1041
3158, 15, 211, 651, 463, 0, 14.27%, 0, 0, 7, 19988.07, 66555646, 1041
3164, 15, 97, 651, 463, 0, 14.27%, 0, 0, 7, 26179.62, 66692555, 1041
3169, 15, 211, 651, 463, 0, 14.27%, 0, 0, 7, 24432.32, 66811306, 1041
3174, 15, 309, 651, 463, 0, 14.27%, 0, 0, 7, 24044.62, 66933253, 1041
3179, 15, 211, 651, 463, 0, 14.27%, 0, 0, 7, 21064.22, 67022538, 1041
3184, 15, 211, 651, 463, 0, 14.27%, 0, 0, 7, 21068.37, 67132723, 1041
3189, 15, 309, 651, 463, 0, 14.27%, 0, 0, 7, 21697.40, 67239613, 1041
3194, 15, 160, 651, 463, 0, 14.27%, 0, 0, 7, 21735.64, 67353878, 1041
3199, 15, 211, 651, 463, 0, 14.27%, 0, 0, 7, 22663.19, 67467381, 1041
3204, 15, 197, 651, 462, 0, 14.27%, 0, 0, 7, 18021.39, 67557108, 1041
3209, 15, 211, 651, 462, 0, 14.27%, 0, 0, 7, 18823.97, 67644083, 1041
3214, 15, 52, 651, 462, 0, 14.27%, 0, 0, 7, 20794.36, 67753506, 1041
3219, 15, 309, 651, 462, 0, 14.27%, 0, 0, 7, 21197.60, 67850663, 1041
3224, 15, 211, 651, 462, 0, 14.27%, 0, 0, 7, 22575.86, 67968619, 1041
3229, 15, 211, 651, 462, 0, 14.27%, 0, 0, 7, 23133.60, 68070906, 1041
3234, 15, 309, 651, 461, 0, 14.27%, 0, 0, 7, 21565.01, 68181850, 1041
3239, 15, 174, 651, 461, 0, 14.27%, 0, 0, 7, 22155.40, 68288276, 1041
3244, 15, 211, 651, 461, 0, 14.27%, 0, 0, 7, 22901.85, 68404293, 1041
3249, 15, 176, 651, 461, 0, 14.27%, 0, 0, 7, 25008.79, 68534399, 1041
3255, 15, 72, 651, 460, 0, 14.27%, 0, 0, 7, 21567.71, 68647147, 1041
3260, 15, 211, 651, 460, 0, 14.27%, 0, 0, 7, 24418.61, 68763127, 1041
3265, 16, 309, 653, 462, 0, 14.27%, 0, 0, 7, 21066.54, 68875489, 1041
3270, 16, 83, 653, 462, 0, 14.27%, 0, 0, 7, 4105.06, 68946099, 1041
3275, 16, 309, 653, 462, 0, 14.27%, 0, 0, 7, 8007.34, 69003693, 1041
3280, 16, 309, 653, 462, 0, 14.27%, 0, 0, 7, 17319.28, 69089774, 1041
3285, 16, 378, 653, 462, 0, 14.27%, 0, 0, 7, 18704.79, 69193730, 1041
3290, 16, 211, 653, 462, 0, 14.27%, 0, 0, 7, 21014.80, 69306817, 1041
3295, 16, 309, 653, 462, 0, 14.27%, 0, 0, 7, 23670.66, 69437870, 1041
3300, 16, 362, 653, 462, 0, 14.27%, 0, 0, 7, 29069.49, 69586773, 1041
3306, 16, 129, 653, 462, 0, 14.27%, 0, 0, 7, 22960.22, 69702804, 1041
3311, 16, 378, 653, 462, 0, 14.27%, 0, 0, 7, 26371.71, 69832933, 1041
3316, 16, 268, 653, 462, 0, 14.27%, 0, 0, 7, 24959.31, 69961564, 1041
3321, 16, 309, 653, 462, 0, 14.27%, 0, 0, 7, 26834.66, 70094470, 1041
3326, 16, 211, 653, 461, 0, 14.27%, 0, 0, 7, 22853.43, 70201766, 1041
3331, 16, 211, 653, 461, 0, 14.27%, 0, 0, 7, 25026.43, 70336467, 1041
3336, 16, 211, 653, 461, 0, 14.27%, 0, 0, 7, 19732.79, 70436332, 1041
3341, 16, 362, 653, 461, 0, 14.27%, 0, 0, 7, 21974.61, 70557450, 1041
3346, 16, 211, 653, 461, 0, 14.27%, 0, 0, 7, 23456.07, 70681476, 1041
3351, 16, 211, 653, 461, 0, 14.27%, 0, 0, 7, 24691.93, 70810818, 1041
3356, 16, 211, 653, 461, 0, 14.27%, 0, 0, 7, 23677.07, 70933858, 1041
3362, 16, 285, 653, 461, 0, 14.27%, 0, 0, 7, 27519.98, 71083606, 1041
3367, 16, 83, 653, 461, 0, 14.27%, 0, 0, 7, 22315.27, 71197702, 1041
3372, 16, 211, 653, 461, 0, 14.27%, 0, 0, 7, 23634.71, 71315356, 1041
3377, 16, 211, 653, 461, 0, 14.27%, 0, 0, 7, 22358.38, 71441209, 1041
3382, 16, 211, 653, 461, 0, 14.27%, 0, 0, 7, 25663.04, 71578316, 1041
3387, 16, 211, 653, 461, 0, 14.27%, 0, 0, 7, 26393.97, 71700959, 1041
3392, 16, 211, 653, 461, 0, 14.27%, 0, 0, 7, 27025.64, 71837612, 1041
3397, 16, 211, 653, 461, 0, 14.27%, 0, 0, 7, 23839.35, 71946344, 1041
3402, 16, 107, 653, 461, 0, 14.27%, 0, 0, 7, 27955.59, 72081793, 1041
3407, 16, 211, 653, 461, 0, 14.27%, 0, 0, 7, 24162.61, 72196668, 1041
3412, 16, 160, 653, 461, 0, 14.27%, 0, 0, 7, 26601.13, 72337113, 1041
3417, 16, 327, 653, 461, 0, 14.27%, 0, 0, 7, 25409.99, 72450134, 1041
3423, 16, 211, 653, 461, 0, 14.27%, 0, 0, 7, 26414.18, 72585121, 1041
3428, 16, 5, 653, 461, 0, 14.27%, 0, 0, 7, 23014.93, 72693456, 1041
3433, 16, 174, 653, 461, 0, 14.27%, 0, 0, 7, 24375.67, 72819441, 1041
3438, 17, 211, 655, 463, 0, 14.27%, 0, 0, 7, 27019.70, 72961211, 1041
3443, 17, 211, 655, 463, 0, 14.27%, 0, 0, 7, 27394.92, 73091626, 1041
3448, 17, 108, 655, 463, 0, 14.27%, 0, 0, 7, 28102.52, 73226939, 1041
3453, 17, 211, 655, 463, 0, 14.27%, 0, 0, 7, 25049.08, 73350136, 1041
3458, 17, 309, 655, 463, 0, 14.27%, 0, 0, 7, 22322.24, 73458319, 1041
3463, 17, 211, 655, 463, 0, 14.27%, 0, 0, 7, 24774.31, 73590882, 1041
3468, 17, 378, 655, 463, 0, 14.27%, 0, 0, 7, 23825.59, 73703036, 1041
3474, 17, 268, 655, 463, 0, 14.27%, 0, 0, 7, 27892.03, 73855513, 1041
3479, 17, 214, 655, 463, 0, 14.27%, 0, 0, 7, 25209.37, 73970581, 1041
3484, 17, 211, 655, 463, 0, 14.27%, 0, 0, 7, 26944.98, 74111541, 1041
3489, 17, 309, 655, 462, 0, 14.27%, 0, 0, 7, 24927.91, 74231747, 1041
3494, 17, 160, 655, 462, 0, 14.27%, 0, 0, 7, 28179.61, 74378140, 1041
3499, 17, 211, 655, 461, 0, 14.27%, 0, 0, 7, 28580.68, 74518295, 1041
3504, 17, 211, 655, 461, 0, 14.27%, 0, 0, 7, 28361.46, 74663519, 1041
3509, 17, 156, 655, 461, 0, 14.27%, 0, 0, 7, 26081.99, 74797856, 1041
3514, 17, 211, 655, 459, 0, 14.27%, 0, 0, 7, 22580.47, 74908936, 1041
3520, 17, 211, 655, 458, 0, 14.27%, 0, 0, 7, 27470.78, 75050893, 1041
3525, 17, 211, 655, 458, 0, 14.27%, 0, 0, 7, 26093.57, 75188966, 1041
3530, 17, 309, 655, 458, 0, 14.27%, 0, 0, 7, 22934.28, 75298604, 1041
3535, 17, 211, 655, 458, 0, 14.27%, 0, 0, 7, 24673.88, 75430690, 1041
3540, 17, 496, 655, 458, 0, 14.27%, 0, 0, 7, 23655.33, 75555039, 1041
3545, 17, 160, 655, 458, 0, 14.27%, 0, 0, 7, 25451.68, 75688852, 1041
3550, 17, 211, 655, 458, 0, 14.27%, 0, 0, 7, 24088.56, 75806473, 1041
3555, 17, 221, 655, 456, 0, 14.27%, 0, 0, 7, 24169.84, 75933109, 1041
3561, 17, 167, 655, 456, 0, 14.27%, 0, 0, 7, 25898.77, 76056871, 1041
3566, 17, 309, 655, 456, 0, 14.27%, 0, 0, 7, 22534.43, 76172748, 1041
3571, 17, 107, 655, 455, 0, 14.27%, 0, 0, 7, 24799.74, 76302286, 1041
3576, 17, 378, 655, 454, 0, 14.27%, 0, 0, 7, 20271.09, 76399981, 1041
3581, 17, 211, 655, 454, 0, 14.27%, 0, 0, 7, 26460.22, 76544413, 1041
3586, 17, 211, 655, 454, 0, 14.27%, 0, 0, 7, 25621.95, 76677590, 1041
3591, 17, 211, 655, 454, 0, 14.27%, 0, 0, 7, 25603.45, 76807070, 1041
3596, 18, 211, 655, 454, 0, 14.27%, 0, 0, 7, 21724.02, 76923346, 1041
3599, 18, 211, 655, 454, 0, 14.27%, 0, 0, 7, 21073.18, 76972835, 1041
