# relative_time, cycles_done, cur_item, corpus_count, pending_total, pending_favs, map_size, saved_crashes, saved_hangs, max_depth, execs_per_sec, total_execs, edges_found
61, 0, 19, 120, 89, 0, 7.44%, 0, 0, 6, 15880.64, 1085510, 362
66, 0, 14, 121, 87, 0, 7.44%, 0, 0, 6, 14907.09, 1160165, 362
71, 0, 53, 121, 86, 0, 7.44%, 0, 0, 6, 19669.22, 1265274, 362
76, 1, 0, 121, 86, 0, 7.44%, 0, 0, 6, 18284.68, 1353322, 362
81, 1, 0, 121, 82, 0, 7.44%, 0, 0, 6, 18655.11, 1448260, 362
86, 1, 109, 128, 87, 0, 7.44%, 0, 0, 6, 15565.09, 1526279, 362
91, 1, 15, 130, 86, 0, 7.44%, 0, 0, 6, 16222.93, 1608209, 362
96, 1, 129, 137, 93, 0, 7.44%, 0, 0, 7, 14620.40, 1681368, 362
101, 1, 129, 139, 95, 0, 7.44%, 0, 0, 7, 13019.69, 1744636, 362
106, 1, 126, 143, 97, 0, 7.44%, 0, 0, 7, 11185.03, 1798960, 362
111, 1, 127, 147, 100, 0, 7.44%, 0, 0, 7, 11768.14, 1859468, 362
116, 1, 83, 148, 100, 0, 7.44%, 0, 0, 7, 11462.39, 1915118, 362
122, 1, 148, 152, 103, 0, 7.44%, 0, 0, 7, 14932.01, 1995525, 362
127, 1, 148, 153, 104, 0, 7.44%, 0, 0, 7, 12558.65, 2055050, 362
132, 1, 137, 156, 105, 0, 7.44%, 0, 0, 8, 12539.68, 2122194, 362
137, 1, 137, 159, 108, 0, 7.44%, 0, 0, 8, 11409.16, 2176776, 362
142, 1, 137, 161, 110, 0, 7.44%, 0, 0, 8, 10870.63, 2230465, 362
147, 1, 160, 161, 106, 0, 7.44%, 0, 0, 8, 8783.55, 2271065, 362
152, 1, 160, 164, 109, 0, 7.44%, 0, 0, 9, 8374.21, 2309806, 362
157, 1, 0, 165, 108, 0, 7.44%, 0, 0, 9, 12192.00, 2369435, 362
162, 1, 145, 169, 111, 0, 7.44%, 0, 0, 9, 11221.16, 2430688, 362
167, 1, 145, 169, 111, 0, 7.44%, 0, 0, 9, 10086.97, 2479903, 362
172, 1, 0, 169, 109, 0, 7.44%, 0, 0, 9, 10749.23, 2530523, 362
177, 1, 138, 169, 106, 0, 7.44%, 0, 0, 9, 14654.73, 2610911, 362
183, 1, 169, 171, 104, 0, 7.44%, 0, 0, 9, 12064.11, 2663469, 362
188, 1, 0, 171, 101, 0, 7.44%, 0, 0, 9, 19531.24, 2764982, 362
193, 1, 167, 172, 98, 0, 7.44%, 0, 0, 9, 14813.98, 2840533, 362
198, 1, 8, 172, 95, 0, 7.44%, 0, 0, 9, 14363.19, 2897395, 362
203, 1, 161, 174, 93, 0, 7.44%, 0, 0, 9, 17923.21, 2995502, 362
208, 1, 151, 174, 87, 0, 7.44%, 0, 0, 9, 9865.39, 3054069, 362
214, 1, 151, 178, 91, 0, 7.44%, 0, 0, 9, 12683.01, 3124391, 362
219, 1, 0, 178, 85, 0, 7.44%, 0, 0, 9, 11393.21, 3181220, 362
224, 1, 118, 178, 82, 0, 7.44%, 0, 0, 9, 11892.94, 3237892, 362
229, 1, 0, 178, 77, 0, 7.44%, 0, 0, 9, 12625.23, 3301104, 362
234, 1, 0, 178, 73, 0, 7.44%, 0, 0, 9, 13791.51, 3369161, 362
239, 2, 166, 240, 128, 5, 7.75%, 0, 0, 9, 13392.35, 3439021, 377
244, 2, 160, 240, 123, 1, 7.75%, 0, 0, 9, 9635.60, 3483146, 377
249, 2, 152, 240, 119, 0, 7.75%, 0, 0, 9, 10344.17, 3535063, 377
254, 2, 0, 240, 114, 0, 7.75%, 0, 0, 9, 14926.29, 3612423, 377
259, 2, 168, 240, 111, 0, 7.75%, 0, 0, 9, 11725.36, 3671963, 377
264, 2, 160, 240, 106, 0, 7.75%, 0, 0, 9, 10190.80, 3724883, 377
269, 2, 0, 240, 102, 0, 7.75%, 0, 0, 9, 14080.40, 3801636, 377
274, 2, 0, 240, 100, 0, 7.75%, 0, 0, 9, 13373.30, 3867767, 377
279, 2, 0, 240, 95, 0, 7.75%, 0, 0, 9, 14956.30, 3946038, 377
285, 2, 0, 240, 94, 0, 7.75%, 0, 0, 9, 17167.43, 4041156, 377
290, 2, 188, 240, 92, 0, 7.75%, 0, 0, 9, 16993.18, 4128044, 377
295, 2, 163, 240, 87, 0, 7.75%, 0, 0, 9, 14535.68, 4207951, 377
300, 2, 147, 240, 84, 0, 7.75%, 0, 0, 9, 11841.81, 4267334, 377
305, 2, 0, 240, 83, 0, 7.75%, 0, 0, 9, 16096.73, 4354639, 377
310, 2, 103, 240, 79, 0, 7.75%, 0, 0, 9, 18825.79, 4458733, 377
315, 2, 0, 240, 76, 0, 7.75%, 0, 0, 9, 13786.80, 4514822, 377
320, 2, 188, 240, 73, 0, 7.75%, 0, 0, 9, 15945.26, 4594360, 377
325, 2, 159, 240, 70, 0, 7.75%, 0, 0, 9, 12972.35, 4655605, 377
330, 2, 0, 240, 66, 0, 7.75%, 0, 0, 9, 14920.72, 4727230, 377
335, 2, 166, 240, 65, 0, 7.75%, 0, 0, 9, 18853.11, 4831516, 377
340, 2, 188, 240, 62, 0, 7.75%, 0, 0, 9, 15240.21, 4902746, 377
346, 3, 0, 249, 68, 0, 7.75%, 0, 0, 9, 19327.71, 4999915, 377
351, 3, 180, 249, 65, 0, 7.75%, 0, 0, 9, 20152.62, 5102399, 377
356, 3, 0, 249, 62, 0, 7.75%, 0, 0, 9, 16509.76, 5175072, 377
361, 3, 0, 249, 61, 0, 7.75%, 0, 0, 9, 25627.11, 5257598, 377
366, 3, 177, 249, 58, 0, 7.75%, 0, 0, 9, 17520.00, 5340341, 377
371, 3, 0, 249, 58, 0, 7.75%, 0, 0, 9, 18143.51, 5444275, 377
376, 3, 131, 249, 56, 0, 7.75%, 0, 0, 9, 13337.09, 5507659, 377
381, 3, 167, 249, 54, 0, 7.75%, 0, 0, 9, 13046.40, 5584119, 377
386, 3, 248, 249, 54, 0, 7.75%, 0, 0, 9, 4916.60, 5658971, 377
391, 3, 208, 249, 50, 0, 7.75%, 0, 0, 9, 14357.87, 5739987, 377
396, 3, 241, 250, 50, 0, 7.75%, 0, 0, 9, 6564.73, 5782363, 377
401, 3, 241, 251, 51, 0, 7.75%, 0, 0, 9, 7986.56, 5823971, 377
407, 3, 205, 251, 49, 0, 7.75%, 0, 0, 9, 15269.02, 5892027, 377
412, 3, 15, 251, 45, 0, 7.75%, 0, 0, 9, 15818.51, 5969507, 377
417, 3, 0, 251, 43, 0, 7.75%, 0, 0, 9, 10970.59, 6011691, 377
422, 3, 170, 252, 43, 0, 7.75%, 0, 0, 9, 11497.07, 6084615, 377
427, 3, 159, 252, 43, 0, 7.75%, 0, 0, 9, 16500.92, 6173143, 377
432, 3, 0, 252, 42, 0, 7.75%, 0, 0, 9, 19252.87, 6273001, 377
437, 3, 250, 252, 41, 0, 7.75%, 0, 0, 9, 6254.32, 6322025, 377
442, 3, 161, 252, 39, 0, 7.75%, 0, 0, 9, 13487.99, 6406640, 377
447, 3, 249, 252, 39, 0, 7.75%, 0, 0, 9, 4707.65, 6463068, 377
452, 3, 188, 252, 37, 0, 7.75%, 0, 0, 9, 12917.49, 6528760, 377
458, 3, 114, 252, 36, 0, 7.75%, 0, 0, 9, 15934.22, 6614496, 377
463, 4, 0, 257, 41, 0, 7.75%, 0, 0, 9, 13413.83, 6679755, 377
468, 4, 53, 257, 40, 0, 7.75%, 0, 0, 9, 10430.85, 6733767, 377
473, 4, 254, 257, 40, 0, 7.75%, 0, 0, 9, 12843.31, 6804153, 377
478, 4, 205, 257, 39, 0, 7.75%, 0, 0, 9, 13801.93, 6863925, 377
483, 4, 188, 258, 39, 0, 7.75%, 0, 0, 10, 2445.27, 6915863, 377
488, 4, 192, 258, 37, 0, 7.75%, 0, 0, 10, 12987.74, 6965631, 377
493, 4, 247, 258, 36, 0, 7.75%, 0, 0, 10, 11228.37, 7029987, 377
498, 4, 257, 263, 40, 0, 7.75%, 0, 0, 11, 10012.64, 7084651, 377
504, 4, 257, 263, 40, 0, 7.75%, 0, 0, 11, 8756.44, 7127762, 377
509, 4, 257, 263, 40, 0, 7.75%, 0, 0, 11, 8280.59, 7168198, 377
514, 4, 257, 263, 40, 0, 7.75%, 0, 0, 11, 8418.79, 7210688, 377
519, 4, 258, 263, 39, 0, 7.75%, 0, 0, 11, 8230.35, 7252559, 377
524, 4, 260, 263, 38, 0, 7.75%, 0, 0, 11, 8051.40, 7296167, 377
529, 4, 255, 263, 36, 0, 7.75%, 0, 0, 11, 2879.42, 7362183, 377
534, 4, 5, 263, 34, 0, 7.75%, 0, 0, 11, 13326.31, 7434334, 377
539, 4, 243, 263, 34, 0, 7.75%, 0, 0, 11, 12574.56, 7510772, 377
544, 4, 259, 264, 34, 0, 7.75%, 0, 0, 12, 8355.94, 7547533, 377
550, 4, 5, 264, 31, 0, 7.75%, 0, 0, 12, 13011.05, 7617681, 377
555, 4, 0, 264, 28, 0, 7.75%, 0, 0, 12, 11052.68, 7682109, 377
560, 4, 263, 265, 29, 0, 7.75%, 0, 0, 13, 6560.84, 7725162, 377
565, 4, 264, 265, 28, 0, 7.75%, 0, 0, 13, 1686.31, 7780402, 377
570, 4, 264, 265, 28, 0, 7.75%, 0, 0, 13, 6244.55, 7816033, 377
575, 4, 262, 265, 27, 0, 7.75%, 0, 0, 13, 8717.44, 7865887, 377
580, 4, 167, 265, 26, 0, 7.75%, 0, 0, 13, 10209.52, 7913640, 377
585, 4, 0, 265, 26, 0, 7.75%, 0, 0, 13, 11850.18, 7967125, 377
590, 4, 258, 265, 25, 0, 7.75%, 0, 0, 13, 9284.10, 8011546, 377
596, 4, 259, 265, 25, 0, 7.75%, 0, 0, 13, 9571.52, 8062329, 377
601, 4, 261, 265, 23, 0, 7.75%, 0, 0, 13, 10780.74, 8125472, 377
606, 4, 167, 265, 22, 0, 7.75%, 0, 0, 13, 10469.59, 8175894, 377
611, 4, 181, 265, 22, 0, 7.75%, 0, 0, 13, 10999.63, 8227150, 377
616, 4, 241, 265, 22, 0, 7.75%, 0, 0, 13, 12480.95, 8301278, 377
621, 4, 205, 265, 22, 0, 7.75%, 0, 0, 13, 16669.40, 8394055, 377
626, 4, 0, 265, 21, 0, 7.75%, 0, 0, 13, 17106.90, 8480252, 377
631, 4, 0, 265, 21, 0, 7.75%, 0, 0, 13, 15578.02, 8557768, 377
636, 5, 188, 268, 23, 0, 7.75%, 0, 0, 13, 12807.06, 8616906, 377
641, 5, 265, 268, 23, 0, 7.75%, 0, 0, 13, 14934.25, 8691112, 377
646, 5, 240, 268, 21, 0, 7.75%, 0, 0, 13, 11312.07, 8745297, 377
651, 5, 260, 268, 20, 0, 7.75%, 0, 0, 13, 9661.36, 8798889, 377
656, 5, 5, 268, 19, 0, 7.75%, 0, 0, 13, 10027.49, 8851895, 377
661, 5, 262, 268, 18, 0, 7.75%, 0, 0, 13, 10451.06, 8904729, 377
667, 5, 188, 268, 17, 0, 7.75%, 0, 0, 13, 14833.32, 8975716, 377
672, 5, 78, 268, 15, 0, 7.75%, 0, 0, 13, 11960.34, 9036167, 377
677, 5, 261, 268, 15, 0, 7.75%, 0, 0, 13, 18485.45, 9138153, 377
682, 5, 5, 268, 14, 0, 7.75%, 0, 0, 13, 19355.89, 9226095, 377
687, 5, 166, 268, 14, 0, 7.75%, 0, 0, 13, 15185.45, 9306131, 377
692, 5, 259, 268, 11, 0, 7.75%, 0, 0, 13, 13739.71, 9382853, 377
697, 5, 160, 268, 11, 0, 7.75%, 0, 0, 13, 11938.29, 9444833, 377
702, 5, 258, 268, 11, 0, 7.75%, 0, 0, 13, 13429.95, 9520673, 377
708, 5, 167, 268, 10, 0, 7.75%, 0, 0, 13, 17011.79, 9593609, 377
713, 5, 167, 268, 9, 0, 7.75%, 0, 0, 13, 12479.66, 9652522, 377
718, 5, 0, 268, 9, 0, 7.75%, 0, 0, 13, 11563.84, 9715834, 377
723, 5, 209, 268, 9, 0, 7.75%, 0, 0, 13, 13944.96, 9786413, 377
728, 5, 267, 268, 8, 0, 7.75%, 0, 0, 13, 18198.05, 9884785, 377
733, 5, 258, 268, 8, 0, 7.75%, 0, 0, 13, 11498.87, 9944649, 377
738, 5, 205, 268, 8, 0, 7.75%, 0, 0, 13, 14191.52, 10007395, 377
744, 6, 259, 268, 7, 0, 7.75%, 0, 0, 13, 12630.76, 10079483, 377
749, 6, 15, 268, 6, 0, 7.75%, 0, 0, 13, 15844.55, 10164575, 377
754, 6, 0, 268, 6, 0, 7.75%, 0, 0, 13, 12099.04, 10225493, 377
759, 6, 249, 268, 6, 0, 7.75%, 0, 0, 13, 9345.50, 10276647, 377
764, 6, 261, 268, 6, 0, 7.75%, 0, 0, 13, 11681.01, 10346299, 377
769, 6, 19, 268, 6, 0, 7.75%, 0, 0, 13, 17705.54, 10438136, 377
774, 6, 264, 268, 6, 0, 7.75%, 0, 0, 13, 11816.64, 10493454, 377
779, 6, 0, 268, 6, 0, 7.75%, 0, 0, 13, 13609.41, 10559939, 377
784, 6, 261, 268, 5, 0, 7.75%, 0, 0, 13, 12928.22, 10625664, 377
789, 6, 260, 268, 5, 0, 7.75%, 0, 0, 13, 17459.53, 10712133, 377
794, 6, 57, 268, 5, 0, 7.75%, 0, 0, 13, 15446.95, 10782572, 377
799, 6, 256, 269, 6, 0, 7.75%, 0, 0, 13, 6651.19, 10841282, 377
804, 6, 30, 269, 5, 0, 7.75%, 0, 0, 13, 13675.43, 10906736, 377
810, 6, 268, 269, 5, 0, 7.75%, 0, 0, 13, 6209.96, 10945743, 377
815, 6, 161, 269, 4, 0, 7.75%, 0, 0, 13, 13670.04, 11022756, 377
820, 6, 28, 269, 4, 0, 7.75%, 0, 0, 13, 15675.30, 11109240, 377
825, 6, 188, 269, 4, 0, 7.75%, 0, 0, 13, 17246.91, 11193489, 377
830, 6, 161, 269, 3, 0, 7.75%, 0, 0, 13, 17518.32, 11282152, 377
835, 6, 239, 269, 3, 0, 7.75%, 0, 0, 13, 17356.65, 11376753, 377
840, 6, 244, 269, 3, 0, 7.75%, 0, 0, 13, 10271.50, 11422443, 377
845, 6, 254, 269, 3, 0, 7.75%, 0, 0, 13, 11647.47, 11485399, 377
850, 6, 260, 269, 3, 0, 7.75%, 0, 0, 13, 8458.71, 11526605, 377
856, 7, 257, 270, 4, 0, 7.75%, 0, 0, 13, 9923.41, 11584121, 377
861, 7, 188, 270, 4, 0, 7.75%, 0, 0, 13, 17529.91, 11678087, 377
866, 7, 188, 270, 4, 0, 7.75%, 0, 0, 13, 19255.72, 11773023, 377
871, 7, 0, 270, 2, 0, 7.75%, 0, 0, 13, 19563.69, 11868927, 377
876, 7, 157, 270, 2, 0, 7.75%, 0, 0, 13, 14494.19, 11925298, 377
881, 7, 14, 270, 2, 0, 7.75%, 0, 0, 13, 15931.35, 12010265, 377
886, 7, 142, 270, 1, 0, 7.75%, 0, 0, 13, 15762.95, 12082074, 377
891, 7, 15, 270, 1, 0, 7.75%, 0, 0, 13, 16683.03, 12165541, 377
896, 7, 255, 270, 1, 0, 7.75%, 0, 0, 13, 13690.12, 12241004, 377
901, 7, 249, 270, 1, 0, 7.75%, 0, 0, 13, 9443.01, 12283762, 377
906, 7, 261, 270, 1, 0, 7.75%, 0, 0, 13, 11579.13, 12357916, 377
911, 7, 158, 270, 1, 0, 7.75%, 0, 0, 13, 16919.30, 12458470, 377
916, 7, 243, 270, 1, 0, 7.75%, 0, 0, 13, 13802.72, 12525284, 377
921, 7, 250, 270, 1, 0, 7.75%, 0, 0, 13, 13045.96, 12603038, 377
927, 7, 5, 270, 1, 0, 7.75%, 0, 0, 13, 20415.78, 12712552, 377
932, 7, 0, 270, 1, 0, 7.75%, 0, 0, 13, 17752.77, 12800702, 377
937, 7, 259, 270, 1, 0, 7.75%, 0, 0, 13, 12301.71, 12856968, 377
942, 7, 161, 270, 1, 0, 7.75%, 0, 0, 13, 19549.79, 12956924, 377
947, 7, 259, 270, 1, 0, 7.75%, 0, 0, 13, 20306.39, 13054217, 377
952, 8, 14, 270, 1, 0, 7.75%, 0, 0, 13, 17711.85, 13129593, 377
957, 8, 53, 270, 1, 0, 7.75%, 0, 0, 13, 18269.98, 13214871, 377
962, 8, 160, 270, 1, 0, 7.75%, 0, 0, 13, 13426.89, 13270068, 377
967, 8, 165, 270, 1, 0, 7.75%, 0, 0, 13, 15229.28, 13353086, 377
973, 8, 257, 270, 0, 0, 7.75%, 0, 0, 13, 16772.07, 13449530, 377
978, 8, 268, 270, 0, 0, 7.75%, 0, 0, 13, 12370.85, 13510545, 377
983, 8, 205, 270, 0, 0, 7.75%, 0, 0, 13, 20233.65, 13603967, 377
988, 8, 153, 270, 0, 0, 7.75%, 0, 0, 13, 16196.04, 13683509, 377
993, 8, 49, 270, 0, 0, 7.75%, 0, 0, 13, 18997.36, 13779143, 377
998, 8, 268, 270, 0, 0, 7.75%, 0, 0, 13, 12188.30, 13840973, 377
1003, 8, 0, 270, 0, 0, 7.75%, 0, 0, 13, 16235.54, 13921687, 377
1008, 8, 157, 270, 0, 0, 7.75%, 0, 0, 13, 15730.88, 14000651, 377
1013, 8, 5, 270, 0, 0, 7.75%, 0, 0, 13, 19359.16, 14109379, 377
1018, 8, 250, 270, 0, 0, 7.75%, 0, 0, 13, 15771.41, 14190339, 377
1024, 8, 205, 270, 0, 0, 7.75%, 0, 0, 13, 20318.93, 14300365, 377
1029, 8, 256, 270, 0, 0, 7.75%, 0, 0, 13, 18016.98, 14395724, 377
1034, 9, 261, 270, 0, 0, 7.75%, 0, 0, 13, 12085.88, 14451067, 377
1039, 9, 263, 270, 0, 0, 7.75%, 0, 0, 13, 17209.04, 14541711, 377
1044, 9, 0, 270, 0, 0, 7.75%, 0, 0, 13, 14416.15, 14599565, 377
1049, 9, 247, 270, 0, 0, 7.75%, 0, 0, 13, 15350.05, 14684028, 377
1054, 9, 174, 270, 0, 0, 7.75%, 0, 0, 13, 16090.38, 14762263, 377
1059, 9, 55, 270, 0, 0, 7.75%, 0, 0, 13, 18040.85, 14859601, 377
1064, 9, 0, 270, 0, 0, 7.75%, 0, 0, 13, 15737.17, 14940913, 377
1070, 9, 114, 270, 0, 0, 7.75%, 0, 0, 13, 18862.55, 15039746, 377
1075, 9, 176, 270, 0, 0, 7.75%, 0, 0, 13, 16988.53, 15127143, 377
1080, 9, 42, 270, 0, 0, 7.75%, 0, 0, 13, 17984.24, 15213831, 377
1085, 9, 158, 270, 0, 0, 7.75%, 0, 0, 13, 14140.93, 15279371, 377
1090, 9, 190, 270, 0, 0, 7.75%, 0, 0, 13, 17463.34, 15357367, 377
1095, 9, 168, 270, 0, 0, 7.75%, 0, 0, 13, 11367.78, 15408897, 377
1100, 9, 246, 270, 0, 0, 7.75%, 0, 0, 13, 15793.42, 15492817, 377
1105, 9, 173, 270, 0, 0, 7.75%, 0, 0, 13, 16536.58, 15575283, 377
1110, 9, 148, 270, 0, 0, 7.75%, 0, 0, 13, 17455.79, 15663345, 377
1115, 10, 0, 270, 0, 0, 7.75%, 0, 0, 13, 17449.90, 15757925, 377
1121, 10, 247, 270, 0, 0, 7.75%, 0, 0, 13, 12442.78, 15826911, 377
1126, 10, 0, 270, 0, 0, 7.75%, 0, 0, 13, 15142.47, 15906541, 377
1131, 10, 262, 270, 0, 0, 7.75%, 0, 0, 13, 15269.18, 16003774, 377
1136, 10, 241, 270, 0, 0, 7.75%, 0, 0, 13, 13828.99, 16075911, 377
1141, 10, 259, 270, 0, 0, 7.75%, 0, 0, 13, 12923.18, 16148298, 377
1146, 10, 249, 270, 0, 0, 7.75%, 0, 0, 13, 18418.98, 16246417, 377
1151, 10, 0, 270, 0, 0, 7.75%, 0, 0, 13, 18723.04, 16323951, 377
1156, 10, 177, 270, 0, 0, 7.75%, 0, 0, 13, 14440.92, 16397076, 377
1161, 10, 188, 270, 0, 0, 7.75%, 0, 0, 13, 16344.02, 16475515, 377
1166, 10, 239, 270, 0, 0, 7.75%, 0, 0, 13, 15257.35, 16546287, 377
1172, 10, 258, 270, 0, 0, 7.75%, 0, 0, 13, 16033.94, 16634727, 377
1177, 10, 0, 270, 0, 0, 7.75%, 0, 0, 13, 18572.71, 16722332, 377
1182, 10, 258, 270, 0, 0, 7.75%, 0, 0, 13, 16079.34, 16805272, 377
1187, 11, 261, 270, 0, 0, 7.75%, 0, 0, 13, 10179.52, 16848929, 377
1192, 11, 0, 270, 0, 0, 7.75%, 0, 0, 13, 18729.81, 16943390, 377
1197, 11, 263, 270, 0, 0, 7.75%, 0, 0, 13, 12240.00, 17004563, 377
1202, 11, 249, 270, 0, 0, 7.75%, 0, 0, 13, 10609.53, 17062547, 377
1207, 11, 244, 270, 0, 0, 7.75%, 0, 0, 13, 15911.74, 17141872, 377
1213, 11, 19, 270, 0, 0, 7.75%, 0, 0, 13, 18702.77, 17232296, 377
1218, 11, 245, 270, 0, 0, 7.75%, 0, 0, 13, 20183.04, 17324140, 377
1223, 11, 188, 270, 0, 0, 7.75%, 0, 0, 13, 20168.81, 17410440, 377
1228, 11, 0, 270, 0, 0, 7.75%, 0, 0, 13, 19009.26, 17502405, 377
1233, 11, 0, 270, 0, 0, 7.75%, 0, 0, 13, 15442.87, 17572149, 377
1238, 11, 258, 270, 0, 0, 7.75%, 0, 0, 13, 15794.45, 17658878, 377
1243, 11, 15, 270, 0, 0, 7.75%, 0, 0, 13, 18603.37, 17750046, 377
1248, 11, 261, 270, 0, 0, 7.75%, 0, 0, 13, 15775.34, 17832783, 377
1253, 11, 260, 270, 0, 0, 7.75%, 0, 0, 13, 12897.82, 17899173, 377
1259, 11, 264, 270, 0, 0, 7.75%, 0, 0, 13, 12327.94, 17970245, 377
1264, 12, 170, 271, 1, 0, 7.75%, 0, 0, 13, 13965.70, 18037828, 377
1269, 12, 14, 271, 1, 0, 7.75%, 0, 0, 13, 11987.76, 18089806, 377
1274, 12, 261, 271, 1, 0, 7.75%, 0, 0, 13, 12165.27, 18157352, 377
1279, 12, 0, 271, 0, 0, 7.75%, 0, 0, 13, 12092.13, 18212309, 377
1284, 12, 251, 271, 0, 0, 7.75%, 0, 0, 13, 14747.87, 18290014, 377
1289, 12, 0, 271, 0, 0, 7.75%, 0, 0, 13, 17507.05, 18382997, 377
1294, 12, 170, 271, 0, 0, 7.75%, 0, 0, 13, 16124.44, 18471013, 377
1299, 12, 205, 271, 0, 0, 7.75%, 0, 0, 13, 12681.88, 18523261, 377
1304, 12, 138, 271, 0, 0, 7.75%, 0, 0, 13, 14530.69, 18604223, 377
1309, 12, 156, 271, 0, 0, 7.75%, 0, 0, 13, 16280.70, 18696190, 377
1314, 12, 251, 271, 0, 0, 7.75%, 0, 0, 13, 18733.01, 18792898, 377
1320, 12, 257, 271, 0, 0, 7.75%, 0, 0, 13, 15381.65, 18860717, 377
1325, 12, 188, 271, 0, 0, 7.75%, 0, 0, 13, 15267.64, 18925739, 377
1330, 12, 163, 271, 0, 0, 7.75%, 0, 0, 13, 14503.50, 19007185, 377
1335, 12, 259, 271, 0, 0, 7.75%, 0, 0, 13, 14563.32, 19081757, 377
1340, 12, 205, 271, 0, 0, 7.75%, 0, 0, 13, 15802.88, 19155414, 377
1345, 12, 153, 271, 0, 0, 7.75%, 0, 0, 13, 14616.93, 19235525, 377
1350, 12, 260, 271, 0, 0, 7.75%, 0, 0, 13, 12864.52, 19294737, 377
1355, 13, 142, 271, 0, 0, 7.75%, 0, 0, 13, 14989.66, 19367843, 377
1360, 13, 185, 271, 0, 0, 7.75%, 0, 0, 13, 19791.89, 19469377, 377
1365, 13, 159, 271, 0, 0, 7.75%, 0, 0, 13, 16709.74, 19554521, 377
1370, 13, 255, 271, 0, 0, 7.75%, 0, 0, 13, 16093.66, 19642807, 377
1375, 13, 9, 271, 0, 0, 7.75%, 0, 0, 13, 19845.91, 19736483, 377
1380, 13, 52, 271, 0, 0, 7.75%, 0, 0, 13, 19619.96, 19836317, 377
1386, 13, 205, 271, 0, 0, 7.75%, 0, 0, 13, 14463.08, 19896055, 377
1391, 13, 250, 271, 0, 0, 7.75%, 0, 0, 13, 15458.57, 19986631, 377
1396, 13, 264, 271, 0, 0, 7.75%, 0, 0, 13, 16267.91, 20066543, 377
1401, 13, 165, 271, 0, 0, 7.75%, 0, 0, 13, 13308.21, 20123247, 377
1406, 13, 216, 271, 0, 0, 7.75%, 0, 0, 13, 17579.02, 20207154, 377
1411, 13, 0, 271, 0, 0, 7.75%, 0, 0, 13, 18597.31, 20301174, 377
1416, 14, 154, 271, 0, 0, 7.75%, 0, 0, 13, 12630.63, 20354267, 377
1421, 14, 0, 271, 0, 0, 7.75%, 0, 0, 13, 14321.88, 20424765, 377
1426, 14, 263, 271, 0, 0, 7.75%, 0, 0, 13, 10582.11, 20475335, 377
1432, 14, 260, 271, 0, 0, 7.75%, 0, 0, 13, 17738.92, 20560666, 377
1437, 14, 0, 271, 0, 0, 7.75%, 0, 0, 13, 15190.16, 20626639, 377
1442, 14, 163, 271, 0, 0, 7.75%, 0, 0, 13, 11757.70, 20675187, 377
1447, 14, 190, 271, 0, 0, 7.75%, 0, 0, 13, 16101.13, 20754986, 377
1452, 14, 244, 271, 0, 0, 7.75%, 0, 0, 13, 17705.77, 20841803, 377
1457, 14, 53, 271, 0, 0, 7.75%, 0, 0, 13, 17286.86, 20912927, 377
1462, 14, 0, 271, 0, 0, 7.75%, 0, 0, 13, 18052.26, 21008257, 377
1467, 14, 171, 271, 0, 0, 7.75%, 0, 0, 13, 15955.85, 21087868, 377
1472, 14, 255, 271, 0, 0, 7.75%, 0, 0, 13, 14147.65, 21164977, 377
1478, 14, 0, 271, 0, 0, 7.75%, 0, 0, 13, 17882.82, 21248861, 377
1483, 14, 0, 271, 0, 0, 7.75%, 0, 0, 13, 15374.28, 21320709, 377
1488, 14, 0, 271, 0, 0, 7.75%, 0, 0, 13, 14365.08, 21386292, 377
1493, 15, 259, 271, 0, 0, 7.75%, 0, 0, 13, 15995.34, 21479991, 377
1498, 15, 254, 271, 0, 0, 7.75%, 0, 0, 13, 8986.14, 21514817, 377
1503, 15, 117, 271, 0, 0, 7.75%, 0, 0, 13, 20507.71, 21627870, 377
1508, 15, 154, 271, 0, 0, 7.75%, 0, 0, 13, 18719.77, 21727135, 377
1513, 15, 268, 271, 0, 0, 7.75%, 0, 0, 13, 11450.60, 21783460, 377
1518, 15, 154, 271, 0, 0, 7.75%, 0, 0, 13, 11849.73, 21839339, 377
1524, 15, 268, 271, 0, 0, 7.75%, 0, 0, 13, 12797.63, 21922758, 377
1529, 15, 263, 271, 0, 0, 7.75%, 0, 0, 13, 12147.90, 21986269, 377
1534, 15, 170, 271, 0, 0, 7.75%, 0, 0, 13, 14376.49, 22063370, 377
1539, 15, 262, 271, 0, 0, 7.75%, 0, 0, 13, 13902.54, 22136804, 377
1544, 15, 234, 271, 0, 0, 7.75%, 0, 0, 13, 19665.09, 22237065, 377
1549, 15, 261, 271, 0, 0, 7.75%, 0, 0, 13, 15202.38, 22317232, 377
1554, 15, 260, 271, 0, 0, 7.75%, 0, 0, 13, 12716.73, 22383470, 377
1559, 15, 231, 271, 0, 0, 7.75%, 0, 0, 13, 14728.01, 22467139, 377
1564, 15, 0, 271, 0, 0, 7.75%, 0, 0, 13, 18814.26, 22563867, 377
1569, 15, 270, 271, 0, 0, 7.75%, 0, 0, 13, 12701.27, 22625838, 377
1575, 16, 53, 271, 0, 0, 7.75%, 0, 0, 13, 12101.32, 22682489, 377
1580, 16, 88, 271, 0, 0, 7.75%, 0, 0, 13, 18325.76, 22771057, 377
1585, 16, 264, 271, 0, 0, 7.75%, 0, 0, 13, 14936.07, 22852877, 377
1590, 16, 141, 271, 0, 0, 7.75%, 0, 0, 13, 15912.90, 22928787, 377
1595, 16, 153, 271, 0, 0, 7.75%, 0, 0, 13, 16072.53, 23008816, 377
1600, 16, 261, 271, 0, 0, 7.75%, 0, 0, 13, 15144.50, 23077673, 377
1605, 16, 8, 271, 0, 0, 7.75%, 0, 0, 13, 16318.03, 23148370, 377
1610, 16, 170, 271, 0, 0, 7.75%, 0, 0, 13, 17426.95, 23237534, 377
1615, 16, 258, 271, 0, 0, 7.75%, 0, 0, 13, 13372.23, 23300515, 377
1620, 16, 5, 271, 0, 0, 7.75%, 0, 0, 13, 14669.28, 23363418, 377
1626, 16, 170, 271, 0, 0, 7.75%, 0, 0, 13, 13305.34, 23435093, 377
1631, 16, 268, 271, 0, 0, 7.75%, 0, 0, 13, 10608.19, 23487313, 377
1636, 16, 155, 271, 0, 0, 7.75%, 0, 0, 13, 13070.31, 23549507, 377
1641, 16, 20, 271, 0, 0, 7.75%, 0, 0, 13, 17634.41, 23646951, 377
1646, 16, 262, 271, 0, 0, 7.75%, 0, 0, 13, 12358.38, 23712671, 377
1651, 16, 133, 271, 0, 0, 7.75%, 0, 0, 13, 14312.65, 23792331, 377
1656, 17, 14, 271, 0, 0, 7.75%, 0, 0, 13, 19943.75, 23899690, 377
1662, 17, 155, 271, 0, 0, 7.75%, 0, 0, 13, 17237.15, 23982880, 377
1667, 17, 14, 271, 0, 0, 7.75%, 0, 0, 13, 19083.43, 24079025, 377
1672, 17, 168, 271, 0, 0, 7.75%, 0, 0, 13, 13220.84, 24144459, 377
1677, 17, 268, 271, 0, 0, 7.75%, 0, 0, 13, 10024.17, 24190539, 377
1682, 17, 0, 271, 0, 0, 7.75%, 0, 0, 13, 11729.29, 24239811, 377
1687, 17, 156, 271, 0, 0, 7.75%, 0, 0, 13, 14457.57, 24320812, 377
1692, 17, 205, 271, 0, 0, 7.75%, 0, 0, 13, 14911.80, 24401442, 377
1697, 17, 166, 271, 0, 0, 7.75%, 0, 0, 13, 13850.79, 24469591, 377
1702, 17, 257, 271, 0, 0, 7.75%, 0, 0, 13, 9540.05, 24516450, 377
1707, 17, 256, 271, 0, 0, 7.75%, 0, 0, 13, 7884.68, 24551836, 377
1713, 17, 260, 271, 0, 0, 7.75%, 0, 0, 13, 12797.83, 24629723, 377
1718, 17, 188, 271, 0, 0, 7.75%, 0, 0, 13, 12212.74, 24683053, 377
1723, 17, 168, 271, 0, 0, 7.75%, 0, 0, 13, 11091.71, 24737942, 377
1728, 17, 247, 271, 0, 0, 7.75%, 0, 0, 13, 10685.19, 24794499, 377
1733, 17, 163, 271, 0, 0, 7.75%, 0, 0, 13, 12149.79, 24858857, 377
1738, 18, 0, 271, 0, 0, 7.75%, 0, 0, 13, 11584.72, 24917380, 377
1743, 18, 49, 271, 0, 0, 7.75%, 0, 0, 13, 14634.10, 24991808, 377
1748, 18, 165, 271, 0, 0, 7.75%, 0, 0, 13, 15476.31, 25074404, 377
1753, 18, 103, 271, 0, 0, 7.75%, 0, 0, 13, 13726.86, 25145321, 377
1758, 18, 159, 271, 0, 0, 7.75%, 0, 0, 13, 16301.05, 25234633, 377
1763, 18, 177, 271, 0, 0, 7.75%, 0, 0, 13, 16808.35, 25319863, 377
1769, 18, 246, 271, 0, 0, 7.75%, 0, 0, 13, 10480.80, 25363301, 377
1774, 18, 268, 271, 0, 0, 7.75%, 0, 0, 13, 12541.32, 25442583, 377
1779, 18, 170, 271, 0, 0, 7.75%, 0, 0, 13, 11251.37, 25497769, 377
1784, 18, 258, 271, 0, 0, 7.75%, 0, 0, 13, 11900.58, 25571488, 377
1789, 18, 16, 271, 0, 0, 7.75%, 0, 0, 13, 16097.11, 25641805, 377
1794, 18, 257, 271, 0, 0, 7.75%, 0, 0, 13, 12591.45, 25707805, 377
1799, 18, 257, 271, 0, 0, 7.75%, 0, 0, 13, 12172.66, 25763671, 377
1804, 18, 205, 271, 0, 0, 7.75%, 0, 0, 13, 13694.36, 25835628, 377
1809, 18, 270, 271, 0, 0, 7.75%, 0, 0, 13, 13204.17, 25907601, 377
1815, 18, 177, 271, 0, 0, 7.75%, 0, 0, 13, 9756.07, 25952382, 377
1820, 18, 134, 271, 0, 0, 7.75%, 0, 0, 13, 6951.46, 26027739, 377
1825, 19, 168, 271, 0, 0, 7.75%, 0, 0, 13, 11752.32, 26093357, 377
1830, 19, 268, 271, 0, 0, 7.75%, 0, 0, 13, 8945.01, 26138079, 377
1835, 19, 257, 271, 0, 0, 7.75%, 0, 0, 13, 14340.38, 26210465, 377
1840, 19, 258, 271, 0, 0, 7.75%, 0, 0, 13, 13805.85, 26280329, 377
1845, 19, 0, 271, 0, 0, 7.75%, 0, 0, 13, 17843.54, 26368859, 377
1850, 19, 0, 271, 0, 0, 7.75%, 0, 0, 13, 20087.90, 26458303, 377
1855, 19, 158, 271, 0, 0, 7.75%, 0, 0, 13, 15225.59, 26530063, 377
1860, 19, 198, 271, 0, 0, 7.75%, 0, 0, 13, 17013.99, 26616507, 377
1866, 19, 160, 271, 0, 0, 7.75%, 0, 0, 13, 13123.26, 26683756, 377
1871, 19, 5, 271, 0, 0, 7.75%, 0, 0, 13, 13446.43, 26750433, 377
1876, 19, 0, 271, 0, 0, 7.75%, 0, 0, 13, 14311.34, 26822843, 377
1881, 19, 156, 271, 0, 0, 7.75%, 0, 0, 13, 16564.77, 26919570, 377
1886, 19, 204, 271, 0, 0, 7.75%, 0, 0, 13, 14180.42, 26997593, 377
1891, 19, 254, 271, 0, 0, 7.75%, 0, 0, 13, 14468.32, 27071417, 377
1896, 19, 257, 271, 0, 0, 7.75%, 0, 0, 13, 12241.71, 27131425, 377
1901, 20, 117, 271, 0, 0, 7.75%, 0, 0, 13, 16549.77, 27214787, 377
1906, 20, 270, 271, 0, 0, 7.75%, 0, 0, 13, 11338.45, 27270049, 377
1911, 20, 168, 271, 0, 0, 7.75%, 0, 0, 13, 9995.82, 27320610, 377
1916, 20, 161, 271, 0, 0, 7.75%, 0, 0, 13, 12654.42, 27380999, 377
1921, 20, 161, 271, 0, 0, 7.75%, 0, 0, 13, 17633.53, 27467592, 377
1926, 20, 69, 271, 0, 0, 7.75%, 0, 0, 13, 15494.41, 27532957, 377
1932, 20, 260, 271, 0, 0, 7.75%, 0, 0, 13, 11968.69, 27596939, 377
1937, 20, 188, 271, 0, 0, 7.75%, 0, 0, 13, 16156.54, 27669767, 377
1942, 20, 166, 271, 0, 0, 7.75%, 0, 0, 13, 19683.57, 27772179, 377
1947, 20, 0, 271, 0, 0, 7.75%, 0, 0, 13, 18204.47, 27846478, 377
1952, 20, 258, 271, 0, 0, 7.75%, 0, 0, 13, 15664.45, 27935625, 377
1957, 20, 163, 271, 0, 0, 7.75%, 0, 0, 13, 15852.94, 28015064, 377
1962, 20, 156, 271, 0, 0, 7.75%, 0, 0, 13, 15924.55, 28087243, 377
1967, 20, 262, 271, 0, 0, 7.75%, 0, 0, 13, 15356.23, 28160319, 377
1972, 20, 0, 271, 0, 0, 7.75%, 0, 0, 13, 17476.52, 28239115, 377
1977, 20, 49, 271, 0, 0, 7.75%, 0, 0, 13, 15428.58, 28310358, 377
1983, 21, 141, 271, 0, 0, 7.75%, 0, 0, 13, 13721.29, 28379957, 377
1988, 21, 263, 271, 0, 0, 7.75%, 0, 0, 13, 13758.47, 28458521, 377
1993, 21, 209, 271, 0, 0, 7.75%, 0, 0, 13, 11858.41, 28516637, 377
1998, 21, 162, 271, 0, 0, 7.75%, 0, 0, 13, 13530.55, 28588883, 377
2003, 21, 188, 271, 0, 0, 7.75%, 0, 0, 13, 19082.37, 28687438, 377
2008, 21, 260, 271, 0, 0, 7.75%, 0, 0, 13, 13528.18, 28758187, 377
2013, 21, 170, 271, 0, 0, 7.75%, 0, 0, 13, 14744.09, 28839967, 377
2018, 21, 163, 271, 0, 0, 7.75%, 0, 0, 13, 15120.29, 28909706, 377
2023, 21, 180, 271, 0, 0, 7.75%, 0, 0, 13, 15422.30, 28985859, 377
2028, 21, 0, 271, 0, 0, 7.75%, 0, 0, 13, 22066.75, 29097569, 377
2033, 21, 257, 271, 0, 0, 7.75%, 0, 0, 13, 12751.01, 29161399, 377
2039, 21, 190, 271, 0, 0, 7.75%, 0, 0, 13, 14353.87, 29229714, 377
2044, 21, 175, 271, 0, 0, 7.75%, 0, 0, 13, 15817.45, 29312943, 377
2049, 21, 205, 271, 0, 0, 7.75%, 0, 0, 13, 12030.27, 29368639, 377
2054, 21, 161, 271, 0, 0, 7.75%, 0, 0, 13, 11837.73, 29440305, 377
2059, 22, 127, 271, 0, 0, 7.75%, 0, 0, 13, 15950.56, 29519311, 377
2064, 22, 205, 271, 0, 0, 7.75%, 0, 0, 13, 15535.86, 29598364, 377
2069, 22, 53, 271, 0, 0, 7.75%, 0, 0, 13, 13445.04, 29662777, 377
2074, 22, 205, 271, 0, 0, 7.75%, 0, 0, 13, 12218.96, 29725091, 377
2079, 22, 159, 271, 0, 0, 7.75%, 0, 0, 13, 13968.80, 29805399, 377
2084, 22, 0, 271, 0, 0, 7.75%, 0, 0, 13, 15928.55, 29891211, 377
2089, 22, 270, 271, 0, 0, 7.75%, 0, 0, 13, 14793.10, 29977447, 377
2095, 22, 264, 271, 0, 0, 7.75%, 0, 0, 13, 10963.60, 30027491, 377
2100, 22, 159, 271, 0, 0, 7.75%, 0, 0, 13, 9699.22, 30070768, 377
2105, 22, 264, 271, 0, 0, 7.75%, 0, 0, 13, 9831.84, 30120805, 377
2110, 22, 0, 271, 0, 0, 7.75%, 0, 0, 13, 16288.62, 30200401, 377
2115, 22, 261, 271, 0, 0, 7.75%, 0, 0, 13, 11727.52, 30256821, 377
2120, 22, 205, 271, 0, 0, 7.75%, 0, 0, 13, 16013.47, 30339449, 377
2125, 22, 0, 271, 0, 0, 7.75%, 0, 0, 13, 15543.43, 30413619, 377
2130, 22, 243, 271, 0, 0, 7.75%, 0, 0, 13, 10881.67, 30465352, 377
2136, 22, 8, 271, 0, 0, 7.75%, 0, 0, 13, 13454.69, 30530687, 377
2141, 23, 0, 271, 0, 0, 7.75%, 0, 0, 13, 17883.70, 30621056, 377
2146, 23, 0, 271, 0, 0, 7.75%, 0, 0, 13, 12989.45, 30677495, 377
2151, 23, 159, 271, 0, 0, 7.75%, 0, 0, 13, 13006.12, 30740215, 377
2156, 23, 16, 271, 0, 0, 7.75%, 0, 0, 13, 12403.88, 30803095, 377
2161, 23, 187, 271, 0, 0, 7.75%, 0, 0, 13, 14135.97, 30876548, 377
2166, 23, 256, 271, 0, 0, 7.75%, 0, 0, 13, 10324.38, 30928411, 377
2171, 23, 14, 271, 0, 0, 7.75%, 0, 0, 13, 8605.04, 30970870, 377
2176, 23, 140, 271, 0, 0, 7.75%, 0, 0, 13, 15623.81, 31060371, 377
2181, 23, 159, 271, 0, 0, 7.75%, 0, 0, 13, 16595.72, 31142181, 377
2186, 23, 0, 271, 0, 0, 7.75%, 0, 0, 13, 16711.94, 31223141, 377
2191, 23, 204, 271, 0, 0, 7.75%, 0, 0, 13, 16459.90, 31308846, 377
2197, 23, 205, 271, 0, 0, 7.75%, 0, 0, 13, 17812.25, 31395707, 377
2202, 23, 17, 271, 0, 0, 7.75%, 0, 0, 13, 15844.33, 31459929, 377
2207, 23, 107, 271, 0, 0, 7.75%, 0, 0, 13, 17136.36, 31547307, 377
2212, 24, 260, 271, 0, 0, 7.75%, 0, 0, 13, 13503.17, 31624124, 377
2217, 24, 163, 271, 0, 0, 7.75%, 0, 0, 13, 17581.55, 31711463, 377
2222, 24, 0, 271, 0, 0, 7.75%, 0, 0, 13, 13684.06, 31769261, 377
2227, 24, 140, 271, 0, 0, 7.75%, 0, 0, 13, 15824.36, 31845169, 377
2232, 24, 260, 271, 0, 0, 7.75%, 0, 0, 13, 13573.43, 31917093, 377
2237, 24, 0, 271, 0, 0, 7.75%, 0, 0, 13, 13944.91, 31982459, 377
2242, 24, 157, 271, 0, 0, 7.75%, 0, 0, 13, 14646.22, 32059996, 377
2247, 24, 263, 271, 0, 0, 7.75%, 0, 0, 13, 13277.05, 32129673, 377
2253, 24, 0, 271, 0, 0, 7.75%, 0, 0, 13, 19338.38, 32219744, 377
2258, 24, 268, 271, 0, 0, 7.75%, 0, 0, 13, 16915.86, 32304942, 377
2263, 24, 262, 271, 0, 0, 7.75%, 0, 0, 13, 12327.56, 32357113, 377
2268, 24, 262, 271, 0, 0, 7.75%, 0, 0, 13, 16609.89, 32440882, 377
2273, 24, 258, 271, 0, 0, 7.75%, 0, 0, 13, 12057.02, 32494159, 377
2278, 24, 209, 271, 0, 0, 7.75%, 0, 0, 13, 19054.26, 32582008, 377
2283, 24, 0, 271, 0, 0, 7.75%, 0, 0, 13, 14890.05, 32655487, 377
2288, 25, 188, 271, 0, 0, 7.75%, 0, 0, 13, 18967.38, 32751763, 377
2293, 25, 259, 271, 0, 0, 7.75%, 0, 0, 13, 13212.71, 32814776, 377
2298, 25, 249, 271, 0, 0, 7.75%, 0, 0, 13, 13425.18, 32871371, 377
2303, 25, 0, 271, 0, 0, 7.75%, 0, 0, 13, 14580.81, 32934171, 377
2308, 25, 150, 271, 0, 0, 7.75%, 0, 0, 13, 15485.05, 33016790, 377
2314, 25, 167, 271, 0, 0, 7.75%, 0, 0, 13, 14504.84, 33097707, 377
2319, 25, 269, 271, 0, 0, 7.75%, 0, 0, 13, 12569.87, 33158968, 377
2324, 25, 261, 271, 0, 0, 7.75%, 0, 0, 13, 15771.73, 33240799, 377
2329, 25, 138, 271, 0, 0, 7.75%, 0, 0, 13, 15630.41, 33308587, 377
2334, 25, 0, 271, 0, 0, 7.75%, 0, 0, 13, 17254.62, 33385481, 377
2339, 25, 170, 271, 0, 0, 7.75%, 0, 0, 13, 13620.86, 33457645, 377
2344, 25, 50, 271, 0, 0, 7.75%, 0, 0, 13, 15108.97, 33524594, 377
2350, 25, 261, 271, 0, 0, 7.75%, 0, 0, 13, 4921.25, 33633914, 377
2355, 25, 0, 271, 0, 0, 7.75%, 0, 0, 13, 14295.14, 33707351, 377
2360, 25, 264, 271, 0, 0, 7.75%, 0, 0, 13, 10802.74, 33765650, 377
2365, 25, 126, 271, 0, 0, 7.75%, 0, 0, 13, 11421.68, 33832821, 377
2370, 25, 97, 271, 0, 0, 7.75%, 0, 0, 13, 14302.29, 33916985, 377
2375, 26, 162, 271, 0, 0, 7.75%, 0, 0, 13, 15702.76, 33999731, 377
2380, 26, 256, 271, 0, 0, 7.75%, 0, 0, 13, 13493.32, 34075601, 377
2385, 26, 258, 271, 0, 0, 7.75%, 0, 0, 13, 12751.48, 34131921, 377
2390, 26, 247, 271, 0, 0, 7.75%, 0, 0, 13, 10105.59, 34179017, 377
2395, 26, 180, 271, 0, 0, 7.75%, 0, 0, 13, 12949.97, 34240475, 377
2400, 26, 126, 271, 0, 0, 7.75%, 0, 0, 13, 15492.68, 34323812, 377
2405, 26, 161, 271, 0, 0, 7.75%, 0, 0, 13, 15420.12, 34400735, 377
2411, 26, 177, 271, 0, 0, 7.75%, 0, 0, 13, 16866.94, 34486219, 377
2416, 26, 142, 271, 0, 0, 7.75%, 0, 0, 13, 12612.43, 34540785, 377
2421, 26, 257, 271, 0, 0, 7.75%, 0, 0, 13, 11355.84, 34601642, 377
2426, 26, 205, 271, 0, 0, 7.75%, 0, 0, 13, 16930.71, 34679071, 377
2431, 26, 188, 271, 0, 0, 7.75%, 0, 0, 13, 17265.91, 34770732, 377
2436, 26, 168, 271, 0, 0, 7.75%, 0, 0, 13, 9897.34, 34808123, 377
2441, 26, 170, 271, 0, 0, 7.75%, 0, 0, 13, 12259.79, 34878669, 377
2446, 26, 185, 271, 0, 0, 7.75%, 0, 0, 13, 16201.64, 34962359, 377
2451, 26, 15, 271, 0, 0, 7.75%, 0, 0, 13, 15937.88, 35042959, 377
2456, 26, 268, 271, 0, 0, 7.75%, 0, 0, 13, 8861.76, 35076733, 377
2461, 27, 156, 271, 0, 0, 7.75%, 0, 0, 13, 13157.04, 35142627, 377
2466, 27, 250, 271, 0, 0, 7.75%, 0, 0, 13, 13802.41, 35215085, 377
2472, 27, 109, 271, 0, 0, 7.75%, 0, 0, 13, 14139.75, 35288845, 377
2477, 27, 246, 271, 0, 0, 7.75%, 0, 0, 13, 16093.28, 35377801, 377
2482, 27, 255, 271, 0, 0, 7.75%, 0, 0, 13, 13648.46, 35443371, 377
2487, 27, 257, 271, 0, 0, 7.75%, 0, 0, 13, 14281.50, 35509079, 377
2492, 27, 157, 271, 0, 0, 7.75%, 0, 0, 13, 16334.02, 35586381, 377
2497, 27, 121, 271, 0, 0, 7.75%, 0, 0, 13, 12639.82, 35639565, 377
2502, 27, 190, 271, 0, 0, 7.75%, 0, 0, 13, 19356.38, 35744115, 377
2507, 27, 262, 271, 0, 0, 7.75%, 0, 0, 13, 12219.97, 35802291, 377
2512, 27, 152, 271, 0, 0, 7.75%, 0, 0, 13, 15011.69, 35878505, 377
2517, 27, 156, 271, 0, 0, 7.75%, 0, 0, 13, 14609.13, 35952422, 377
2522, 27, 0, 271, 0, 0, 7.75%, 0, 0, 13, 16683.79, 36032109, 377
2528, 27, 205, 271, 0, 0, 7.75%, 0, 0, 13, 12055.16, 36081607, 377
2533, 27, 246, 271, 0, 0, 7.75%, 0, 0, 13, 11136.69, 36136710, 377
2538, 27, 254, 271, 0, 0, 7.75%, 0, 0, 13, 9398.57, 36183899, 377
2543, 28, 263, 271, 0, 0, 7.75%, 0, 0, 13, 14210.58, 36273715, 377
2548, 28, 257, 271, 0, 0, 7.75%, 0, 0, 13, 11083.91, 36324195, 377
2553, 28, 156, 271, 0, 0, 7.75%, 0, 0, 13, 13870.79, 36398046, 377
2558, 28, 121, 271, 0, 0, 7.75%, 0, 0, 13, 14358.45, 36473711, 377
2563, 28, 0, 271, 0, 0, 7.75%, 0, 0, 13, 15172.28, 36552357, 377
2568, 28, 262, 271, 0, 0, 7.75%, 0, 0, 13, 14476.74, 36624853, 377
2574, 28, 105, 271, 0, 0, 7.75%, 0, 0, 13, 12285.68, 36682947, 377
2579, 28, 146, 271, 0, 0, 7.75%, 0, 0, 13, 16004.76, 36763756, 377
2584, 28, 180, 271, 0, 0, 7.75%, 0, 0, 13, 16574.66, 36841012, 377
2589, 28, 107, 271, 0, 0, 7.75%, 0, 0, 13, 16265.08, 36924109, 377
2594, 28, 246, 271, 0, 0, 7.75%, 0, 0, 13, 12184.35, 36990073, 377
2599, 28, 0, 271, 0, 0, 7.75%, 0, 0, 13, 14680.06, 37061783, 377
2604, 28, 257, 271, 0, 0, 7.75%, 0, 0, 13, 15607.59, 37146796, 377
2609, 28, 157, 271, 0, 0, 7.75%, 0, 0, 13, 15907.49, 37226641, 377
2614, 29, 176, 273, 2, 0, 7.75%, 0, 0, 13, 15701.05, 37322677, 377
2620, 29, 0, 273, 2, 0, 7.75%, 0, 0, 13, 16944.94, 37416185, 377
2625, 29, 259, 273, 1, 0, 7.75%, 0, 0, 13, 10614.92, 37465075, 377
2630, 29, 170, 273, 1, 0, 7.75%, 0, 0, 13, 14113.79, 37543707, 377
2635, 29, 261, 273, 1, 0, 7.75%, 0, 0, 13, 12947.78, 37611327, 377
2640, 29, 188, 273, 0, 0, 7.75%, 0, 0, 13, 10730.78, 37659461, 377
2645, 29, 262, 273, 0, 0, 7.75%, 0, 0, 13, 10742.63, 37717258, 377
2650, 29, 166, 273, 0, 0, 7.75%, 0, 0, 13, 14562.58, 37797760, 377
2655, 29, 157, 273, 0, 0, 7.75%, 0, 0, 13, 15887.21, 37875628, 377
2660, 29, 188, 273, 0, 0, 7.75%, 0, 0, 13, 15925.11, 37954575, 377
2665, 29, 188, 273, 0, 0, 7.75%, 0, 0, 13, 16714.27, 38043169, 377
2670, 29, 244, 273, 0, 0, 7.75%, 0, 0, 13, 16345.93, 38124410, 377
2676, 29, 262, 273, 0, 0, 7.75%, 0, 0, 13, 14576.03, 38185977, 377
2681, 30, 246, 273, 0, 0, 7.75%, 0, 0, 13, 15303.84, 38257290, 377
2686, 30, 156, 273, 0, 0, 7.75%, 0, 0, 13, 15978.34, 38326237, 377
2691, 30, 128, 273, 0, 0, 7.75%, 0, 0, 13, 15144.63, 38392077, 377
2696, 30, 205, 273, 0, 0, 7.75%, 0, 0, 13, 15967.92, 38465544, 377
2701, 30, 205, 273, 0, 0, 7.75%, 0, 0, 13, 13512.38, 38521161, 377
2706, 30, 260, 273, 0, 0, 7.75%, 0, 0, 13, 11149.25, 38584206, 377
2711, 30, 146, 273, 0, 0, 7.75%, 0, 0, 13, 13175.99, 38651460, 377
2717, 30, 188, 273, 0, 0, 7.75%, 0, 0, 13, 13839.89, 38719363, 377
2722, 30, 151, 273, 0, 0, 7.75%, 0, 0, 13, 13586.74, 38783219, 377
2727, 30, 161, 273, 0, 0, 7.75%, 0, 0, 13, 14610.82, 38863707, 377
2732, 30, 168, 273, 0, 0, 7.75%, 0, 0, 13, 17354.96, 38955334, 377
2737, 30, 249, 273, 0, 0, 7.75%, 0, 0, 13, 12471.56, 39015798, 377
2742, 30, 0, 273, 0, 0, 7.75%, 0, 0, 13, 18781.98, 39107817, 377
2747, 30, 159, 273, 0, 0, 7.75%, 0, 0, 13, 18847.25, 39203541, 377
2752, 30, 0, 273, 0, 0, 7.75%, 0, 0, 13, 16195.24, 39278508, 377
2757, 31, 168, 273, 0, 0, 7.75%, 0, 0, 13, 13211.22, 39343169, 377
2762, 31, 168, 273, 0, 0, 7.75%, 0, 0, 13, 13093.02, 39406133, 377
2768, 31, 138, 273, 0, 0, 7.75%, 0, 0, 13, 14195.28, 39480471, 377
2773, 31, 249, 273, 0, 0, 7.75%, 0, 0, 13, 11664.14, 39545031, 377
2778, 31, 262, 273, 0, 0, 7.75%, 0, 0, 13, 9007.09, 39585375, 377
2783, 31, 249, 273, 0, 0, 7.75%, 0, 0, 13, 12024.56, 39656554, 377
2788, 31, 263, 273, 0, 0, 7.75%, 0, 0, 13, 11970.60, 39711703, 377
2793, 31, 261, 273, 0, 0, 7.75%, 0, 0, 13, 11823.36, 39768839, 377
2798, 31, 155, 273, 0, 0, 7.75%, 0, 0, 13, 12756.05, 39832109, 377
2803, 31, 259, 273, 0, 0, 7.75%, 0, 0, 13, 13385.81, 39909835, 377
2809, 31, 167, 273, 0, 0, 7.75%, 0, 0, 13, 14987.90, 39985259, 377
2814, 31, 156, 273, 0, 0, 7.75%, 0, 0, 13, 13061.89, 40048905, 377
2819, 31, 263, 273, 0, 0, 7.75%, 0, 0, 13, 12683.76, 40113755, 377
2824, 31, 266, 273, 0, 0, 7.75%, 0, 0, 13, 11034.04, 40164573, 377
2829, 31, 254, 273, 0, 0, 7.75%, 0, 0, 13, 10536.60, 40219721, 377
2834, 31, 135, 273, 0, 0, 7.75%, 0, 0, 13, 16921.70, 40324104, 377
2839, 31, 205, 273, 0, 0, 7.75%, 0, 0, 13, 16575.47, 40404377, 377
2844, 31, 0, 273, 0, 0, 7.75%, 0, 0, 13, 17666.47, 40498305, 377
2849, 32, 205, 273, 0, 0, 7.75%, 0, 0, 13, 14924.47, 40571091, 377
2855, 32, 170, 273, 0, 0, 7.75%, 0, 0, 13, 14862.12, 40652203, 377
2860, 32, 205, 273, 0, 0, 7.75%, 0, 0, 13, 14659.62, 40718865, 377
2865, 32, 0, 273, 0, 0, 7.75%, 0, 0, 13, 15080.51, 40788762, 377
2870, 32, 166, 273, 0, 0, 7.75%, 0, 0, 13, 13741.99, 40866593, 377
2875, 32, 141, 273, 0, 0, 7.75%, 0, 0, 13, 13625.11, 40938535, 377
2880, 32, 0, 273, 0, 0, 7.75%, 0, 0, 13, 15013.74, 41007709, 377
2885, 32, 262, 273, 0, 0, 7.75%, 0, 0, 13, 14651.21, 41080601, 377
2890, 32, 257, 273, 0, 0, 7.75%, 0, 0, 13, 16155.16, 41156627, 377
2895, 32, 259, 273, 0, 0, 7.75%, 0, 0, 13, 13418.06, 41216121, 377
2900, 32, 167, 273, 0, 0, 7.75%, 0, 0, 13, 14544.09, 41283641, 377
2906, 32, 257, 273, 0, 0, 7.75%, 0, 0, 13, 13038.24, 41349867, 377
2911, 32, 51, 273, 0, 0, 7.75%, 0, 0, 13, 15757.94, 41433825, 377
2916, 32, 263, 273, 0, 0, 7.75%, 0, 0, 13, 11232.49, 41494367, 377
2921, 32, 162, 273, 0, 0, 7.75%, 0, 0, 13, 13360.33, 41562514, 377
2926, 33, 137, 273, 0, 0, 7.75%, 0, 0, 13, 16456.36, 41652327, 377
2931, 33, 248, 273, 0, 0, 7.75%, 0, 0, 13, 13621.63, 41724634, 377
2936, 33, 166, 273, 0, 0, 7.75%, 0, 0, 13, 14953.72, 41802849, 377
2941, 33, 0, 273, 0, 0, 7.75%, 0, 0, 13, 15349.06, 41870837, 377
2946, 33, 254, 273, 0, 0, 7.75%, 0, 0, 13, 16189.27, 41959341, 377
2951, 33, 167, 273, 0, 0, 7.75%, 0, 0, 13, 12486.43, 42017793, 377
2956, 33, 0, 273, 0, 0, 7.75%, 0, 0, 13, 10927.65, 42075141, 377
2962, 33, 167, 273, 0, 0, 7.75%, 0, 0, 13, 12304.18, 42145155, 377
2967, 33, 261, 273, 0, 0, 7.75%, 0, 0, 13, 12683.16, 42208663, 377
2972, 33, 264, 273, 0, 0, 7.75%, 0, 0, 13, 13689.88, 42272170, 377
2977, 33, 271, 273, 0, 0, 7.75%, 0, 0, 13, 13678.68, 42330949, 377
2982, 33, 257, 273, 0, 0, 7.75%, 0, 0, 13, 10268.93, 42378581, 377
2987, 33, 153, 273, 0, 0, 7.75%, 0, 0, 13, 10559.38, 42433977, 377
2992, 33, 9, 273, 0, 0, 7.75%, 0, 0, 13, 17887.01, 42517375, 377
2997, 33, 154, 273, 0, 0, 7.75%, 0, 0, 13, 14879.40, 42591221, 377
3002, 33, 167, 273, 0, 0, 7.75%, 0, 0, 13, 13228.36, 42663007, 377
3007, 33, 180, 273, 0, 0, 7.75%, 0, 0, 13, 16246.80, 42741841, 377
3012, 34, 162, 273, 0, 0, 7.75%, 0, 0, 13, 17429.18, 42834975, 377
3017, 34, 170, 273, 0, 0, 7.75%, 0, 0, 13, 12289.51, 42891197, 377
3023, 34, 256, 273, 0, 0, 7.75%, 0, 0, 13, 13780.14, 42967022, 377
3028, 34, 0, 273, 0, 0, 7.75%, 0, 0, 13, 14582.54, 43028640, 377
3033, 34, 204, 273, 0, 0, 7.75%, 0, 0, 13, 17800.14, 43122057, 377
3038, 34, 205, 273, 0, 0, 7.75%, 0, 0, 13, 15549.47, 43196822, 377
3043, 34, 258, 273, 0, 0, 7.75%, 0, 0, 13, 13348.15, 43268097, 377
3048, 34, 262, 273, 0, 0, 7.75%, 0, 0, 13, 11014.37, 43323485, 377
3053, 34, 258, 273, 0, 0, 7.75%, 0, 0, 13, 13271.14, 43391658, 377
3058, 34, 155, 273, 0, 0, 7.75%, 0, 0, 13, 17992.56, 43479711, 377
3063, 34, 109, 273, 0, 0, 7.75%, 0, 0, 13, 15640.88, 43553052, 377
3068, 34, 259, 273, 0, 0, 7.75%, 0, 0, 13, 13320.50, 43620291, 377
3073, 34, 190, 273, 0, 0, 7.75%, 0, 0, 13, 14111.75, 43698253, 377
3078, 34, 169, 273, 0, 0, 7.75%, 0, 0, 13, 14300.93, 43778756, 377
3084, 35, 240, 273, 0, 0, 7.75%, 0, 0, 13, 16547.20, 43875056, 377
3089, 35, 102, 273, 0, 0, 7.75%, 0, 0, 13, 10508.90, 43919539, 377
3094, 35, 259, 273, 0, 0, 7.75%, 0, 0, 13, 14547.53, 44006493, 377
3099, 35, 16, 273, 0, 0, 7.75%, 0, 0, 13, 16977.84, 44084727, 377
3104, 35, 107, 273, 0, 0, 7.75%, 0, 0, 13, 15950.74, 44160553, 377
3109, 35, 264, 273, 0, 0, 7.75%, 0, 0, 13, 13067.98, 44233571, 377
3114, 35, 55, 273, 0, 0, 7.75%, 0, 0, 13, 14602.80, 44301151, 377
3119, 35, 269, 273, 0, 0, 7.75%, 0, 0, 13, 13189.75, 44369677, 377
3124, 35, 247, 273, 0, 0, 7.75%, 0, 0, 13, 10830.24, 44426435, 377
3129, 35, 261, 273, 0, 0, 7.75%, 0, 0, 13, 11999.77, 44488621, 377
3134, 35, 168, 273, 0, 0, 7.75%, 0, 0, 13, 15560.33, 44568469, 377
3140, 35, 0, 273, 0, 0, 7.75%, 0, 0, 13, 17034.54, 44647669, 377
3145, 35, 0, 273, 0, 0, 7.75%, 0, 0, 13, 15094.19, 44722970, 377
3150, 35, 0, 273, 0, 0, 7.75%, 0, 0, 13, 16422.99, 44805705, 377
3155, 36, 0, 273, 0, 0, 7.75%, 0, 0, 13, 17284.96, 44895188, 377
3160, 36, 264, 273, 0, 0, 7.75%, 0, 0, 13, 15627.66, 44980322, 377
3165, 36, 0, 273, 0, 0, 7.75%, 0, 0, 13, 17015.31, 45054653, 377
3170, 36, 0, 273, 0, 0, 7.75%, 0, 0, 13, 13171.12, 45115725, 377
3175, 36, 138, 273, 0, 0, 7.75%, 0, 0, 13, 13783.99, 45184850, 377
3180, 36, 5, 273, 0, 0, 7.75%, 0, 0, 13, 13285.15, 45255711, 377
3186, 36, 161, 273, 0, 0, 7.75%, 0, 0, 13, 13918.68, 45323307, 377
3191, 36, 0, 273, 0, 0, 7.75%, 0, 0, 13, 17449.20, 45403121, 377
3196, 36, 132, 273, 0, 0, 7.75%, 0, 0, 13, 14981.39, 45470861, 377
3201, 36, 0, 273, 0, 0, 7.75%, 0, 0, 13, 14493.76, 45536907, 377
3206, 36, 162, 273, 0, 0, 7.75%, 0, 0, 13, 13243.90, 45613362, 377
3211, 36, 241, 273, 0, 0, 7.75%, 0, 0, 13, 11545.16, 45681376, 377
3216, 36, 268, 273, 0, 0, 7.75%, 0, 0, 13, 12318.98, 45746828, 377
3221, 37, 19, 273, 0, 0, 7.75%, 0, 0, 13, 13660.99, 45807955, 377
3226, 37, 121, 273, 0, 0, 7.75%, 0, 0, 13, 16135.09, 45888749, 377
3231, 37, 0, 273, 0, 0, 7.75%, 0, 0, 13, 15440.73, 45967683, 377
3237, 37, 114, 273, 0, 0, 7.75%, 0, 0, 13, 14781.02, 46030299, 377
3242, 37, 143, 273, 0, 0, 7.75%, 0, 0, 13, 11278.88, 46079103, 377
3247, 37, 0, 273, 0, 0, 7.75%, 0, 0, 13, 15131.82, 46148071, 377
3252, 37, 115, 273, 0, 0, 7.75%, 0, 0, 13, 14981.48, 46224627, 377
3257, 37, 127, 273, 0, 0, 7.75%, 0, 0, 13, 10921.23, 46273761, 377
3262, 37, 117, 273, 0, 0, 7.75%, 0, 0, 13, 17141.86, 46374740, 377
3267, 37, 238, 273, 0, 0, 7.75%, 0, 0, 13, 12644.89, 46426939, 377
3272, 37, 167, 273, 0, 0, 7.75%, 0, 0, 13, 14064.31, 46502698, 377
3278, 37, 205, 273, 0, 0, 7.75%, 0, 0, 13, 13512.20, 46561704, 377
3283, 37, 241, 273, 0, 0, 7.75%, 0, 0, 13, 12576.94, 46629475, 377
3288, 37, 159, 273, 0, 0, 7.75%, 0, 0, 13, 14619.68, 46706685, 377
3293, 37, 136, 273, 0, 0, 7.75%, 0, 0, 13, 13567.01, 46774439, 377
3298, 37, 0, 273, 0, 0, 7.75%, 0, 0, 13, 13111.42, 46840421, 377
3303, 37, 249, 273, 0, 0, 7.75%, 0, 0, 13, 9675.51, 46886697, 377
3308, 38, 0, 273, 0, 0, 7.75%, 0, 0, 13, 16742.55, 46981051, 377
3313, 38, 258, 273, 0, 0, 7.75%, 0, 0, 13, 15863.73, 47057576, 377
3318, 38, 255, 273, 0, 0, 7.75%, 0, 0, 13, 10076.54, 47101329, 377
3323, 38, 254, 273, 0, 0, 7.75%, 0, 0, 13, 13115.12, 47179013, 377
3328, 38, 268, 273, 0, 0, 7.75%, 0, 0, 13, 9909.82, 47226444, 377
3334, 38, 156, 273, 0, 0, 7.75%, 0, 0, 13, 11677.43, 47284777, 377
3339, 38, 205, 273, 0, 0, 7.75%, 0, 0, 13, 12198.76, 47342948, 377
3344, 38, 240, 273, 0, 0, 7.75%, 0, 0, 13, 11044.38, 47407297, 377
3349, 38, 255, 273, 0, 0, 7.75%, 0, 0, 13, 12401.03, 47472255, 377
3354, 38, 0, 273, 0, 0, 7.75%, 0, 0, 13, 13005.79, 47530301, 377
3359, 38, 257, 273, 0, 0, 7.75%, 0, 0, 13, 12248.97, 47595591, 377
3364, 38, 209, 273, 0, 0, 7.75%, 0, 0, 13, 11163.29, 47653280, 377
3369, 38, 0, 273, 0, 0, 7.75%, 0, 0, 13, 15077.75, 47726159, 377
3374, 38, 170, 273, 0, 0, 7.75%, 0, 0, 13, 11732.91, 47788956, 377
3380, 38, 263, 273, 0, 0, 7.75%, 0, 0, 13, 9251.24, 47837236, 377
3385, 38, 156, 273, 0, 0, 7.75%, 0, 0, 13, 13749.70, 47922272, 377
3390, 39, 0, 273, 0, 0, 7.75%, 0, 0, 13, 16118.82, 48009645, 377
3395, 39, 256, 273, 0, 0, 7.75%, 0, 0, 13, 11224.65, 48070345, 377
3400, 39, 264, 273, 0, 0, 7.75%, 0, 0, 13, 11300.05, 48140082, 377
3405, 39, 0, 273, 0, 0, 7.75%, 0, 0, 13, 16604.41, 48227147, 377
3411, 39, 53, 273, 0, 0, 7.75%, 0, 0, 13, 14091.58, 48293237, 377
3416, 39, 142, 273, 0, 0, 7.75%, 0, 0, 13, 13644.96, 48367813, 377
3421, 39, 0, 273, 0, 0, 7.75%, 0, 0, 13, 14210.17, 48435468, 377
3426, 39, 258, 273, 0, 0, 7.75%, 0, 0, 13, 11161.60, 48495395, 377
3431, 39, 218, 273, 0, 0, 7.75%, 0, 0, 13, 11304.97, 48555013, 377
3436, 39, 257, 273, 0, 0, 7.75%, 0, 0, 13, 12379.42, 48629355, 377
3441, 39, 260, 273, 0, 0, 7.75%, 0, 0, 13, 12154.29, 48692431, 377
3446, 39, 167, 273, 0, 0, 7.75%, 0, 0, 13, 15030.00, 48771169, 377
3452, 39, 142, 273, 0, 0, 7.75%, 0, 0, 13, 12859.44, 48829794, 377
3457, 39, 168, 273, 0, 0, 7.75%, 0, 0, 13, 14196.25, 48913551, 377
3462, 39, 261, 273, 0, 0, 7.75%, 0, 0, 13, 13946.34, 48981947, 377
3467, 40, 156, 273, 0, 0, 7.75%, 0, 0, 13, 17357.32, 49065097, 377
3472, 40, 262, 273, 0, 0, 7.75%, 0, 0, 13, 14972.27, 49141360, 377
3477, 40, 0, 273, 0, 0, 7.75%, 0, 0, 13, 17252.17, 49219659, 377
3482, 40, 261, 273, 0, 0, 7.75%, 0, 0, 13, 13075.37, 49286689, 377
3487, 40, 258, 273, 0, 0, 7.75%, 0, 0, 13, 15431.39, 49353767, 377
3492, 40, 143, 273, 0, 0, 7.75%, 0, 0, 13, 16383.92, 49428560, 377
3497, 40, 170, 273, 0, 0, 7.75%, 0, 0, 13, 17862.32, 49514845, 377
3502, 40, 252, 273, 0, 0, 7.75%, 0, 0, 13, 15710.06, 49588596, 377
3508, 40, 256, 273, 0, 0, 7.75%, 0, 0, 13, 11623.88, 49641649, 377
3513, 40, 166, 273, 0, 0, 7.75%, 0, 0, 13, 11851.44, 49699357, 377
3518, 40, 5, 273, 0, 0, 7.75%, 0, 0, 13, 15298.37, 49775492, 377
3523, 40, 257, 273, 0, 0, 7.75%, 0, 0, 13, 14768.07, 49848458, 377
3528, 40, 155, 273, 0, 0, 7.75%, 0, 0, 13, 14752.23, 49911983, 377
3533, 40, 258, 273, 0, 0, 7.75%, 0, 0, 13, 13248.67, 49982237, 377
3538, 40, 170, 273, 0, 0, 7.75%, 0, 0, 13, 8497.12, 50018707, 377
3543, 40, 259, 273, 0, 0, 7.75%, 0, 0, 13, 12985.10, 50095163, 377
3548, 41, 261, 273, 0, 0, 7.75%, 0, 0, 13, 11781.12, 50151095, 377
3554, 41, 264, 273, 0, 0, 7.75%, 0, 0, 13, 9553.28, 50199878, 377
3559, 41, 0, 273, 0, 0, 7.75%, 0, 0, 13, 17093.11, 50284766, 377
3564, 41, 257, 273, 0, 0, 7.75%, 0, 0, 13, 12251.88, 50345001, 377
3569, 41, 153, 273, 0, 0, 7.75%, 0, 0, 13, 1874.69, 50381908, 377
3574, 41, 205, 273, 0, 0, 7.75%, 0, 0, 13, 12435.67, 50435148, 377
3579, 41, 52, 273, 0, 0, 7.75%, 0, 0, 13, 5526.70, 50462367, 377
3584, 41, 142, 273, 0, 0, 7.75%, 0, 0, 13, 7839.77, 50505021, 377
3590, 41, 262, 273, 0, 0, 7.75%, 0, 0, 13, 9817.49, 50557741, 377
3595, 41, 222, 273, 0, 0, 7.75%, 0, 0, 13, 7286.51, 50591175, 377
3600, 41, 255, 273, 0, 0, 7.75%, 0, 0, 13, 9025.24, 50639681, 377
