# relative_time, cycles_done, cur_item, corpus_count, pending_total, pending_favs, map_size, saved_crashes, saved_hangs, max_depth, execs_per_sec, total_execs, edges_found
60, 0, 204, 224, 185, 0, 8.74%, 0, 0, 5, 14517.35, 1222225, 430
66, 0, 123, 229, 190, 0, 8.74%, 0, 0, 5, 19094.12, 1315969, 430
71, 0, 149, 231, 191, 0, 8.74%, 0, 0, 5, 21537.45, 1425925, 430
76, 0, 38, 238, 198, 0, 8.74%, 0, 0, 5, 23307.66, 1551960, 430
81, 0, 38, 238, 197, 0, 8.74%, 0, 0, 5, 23228.33, 1671187, 430
86, 0, 122, 240, 199, 0, 8.74%, 0, 0, 5, 22025.21, 1784323, 430
91, 0, 149, 241, 200, 0, 8.74%, 0, 0, 5, 23108.07, 1903944, 430
96, 1, 38, 242, 201, 0, 8.74%, 0, 0, 5, 21321.14, 2015321, 430
102, 1, 150, 245, 204, 0, 8.74%, 0, 0, 5, 23210.18, 2138350, 430
107, 1, 2, 246, 205, 0, 8.74%, 0, 0, 5, 19955.38, 2231146, 430
112, 1, 114, 248, 207, 0, 8.74%, 0, 0, 5, 22827.73, 2352187, 430
117, 1, 2, 248, 207, 0, 8.74%, 0, 0, 5, 24063.01, 2468547, 430
122, 1, 2, 248, 207, 0, 8.74%, 0, 0, 5, 24809.98, 2583860, 430
127, 1, 122, 248, 207, 0, 8.74%, 0, 0, 5, 21657.46, 2694716, 430
132, 1, 241, 249, 207, 0, 8.74%, 0, 0, 5, 21082.64, 2797276, 430
137, 1, 241, 251, 209, 0, 8.74%, 0, 0, 5, 15398.23, 2868122, 430
142, 1, 241, 252, 210, 0, 8.74%, 0, 0, 5, 14236.25, 2935862, 430
147, 1, 241, 252, 210, 0, 8.74%, 0, 0, 5, 14101.45, 3008654, 430
152, 1, 123, 252, 209, 0, 8.74%, 0, 0, 5, 20676.85, 3106906, 430
157, 1, 122, 253, 208, 0, 8.74%, 0, 0, 5, 18901.48, 3204966, 430
162, 2, 35, 305, 259, 0, 8.74%, 0, 0, 5, 22083.10, 3318697, 430
168, 2, 11, 305, 258, 0, 8.74%, 0, 0, 5, 22738.71, 3441548, 430
173, 2, 2, 305, 258, 0, 8.74%, 0, 0, 5, 22216.57, 3551481, 430
178, 2, 11, 305, 256, 0, 8.74%, 0, 0, 5, 22394.11, 3670313, 430
183, 2, 123, 305, 255, 0, 8.74%, 0, 0, 5, 22949.82, 3781618, 430
188, 2, 152, 305, 254, 0, 8.74%, 0, 0, 5, 20716.66, 3887532, 430
193, 2, 202, 305, 253, 0, 8.74%, 0, 0, 5, 22543.64, 4004131, 430
198, 2, 38, 305, 252, 0, 8.74%, 0, 0, 5, 23941.46, 4130011, 430
203, 2, 67, 305, 251, 0, 8.74%, 0, 0, 5, 20418.91, 4234053, 430
208, 2, 126, 305, 251, 0, 8.74%, 0, 0, 5, 20841.88, 4342057, 430
214, 2, 232, 305, 250, 0, 8.74%, 0, 0, 5, 21733.53, 4457291, 430
219, 3, 150, 319, 263, 0, 8.74%, 0, 0, 5, 18792.73, 4554510, 430
224, 3, 202, 319, 263, 0, 8.74%, 0, 0, 5, 16711.52, 4638748, 430
229, 3, 149, 319, 262, 0, 8.74%, 0, 0, 5, 18174.77, 4737230, 430
234, 3, 2, 320, 262, 0, 8.74%, 0, 0, 5, 21902.49, 4846655, 430
239, 3, 2, 320, 262, 0, 8.74%, 0, 0, 5, 19141.92, 4942666, 430
244, 3, 123, 321, 262, 0, 8.74%, 0, 0, 5, 22435.82, 5066507, 430
249, 3, 11, 321, 262, 0, 8.74%, 0, 0, 5, 18600.33, 5157647, 430
255, 3, 202, 321, 262, 0, 8.74%, 0, 0, 5, 22783.51, 5279580, 430
260, 3, 81, 321, 261, 0, 8.74%, 0, 0, 5, 20535.88, 5382825, 430
265, 3, 35, 321, 261, 0, 8.74%, 0, 0, 5, 24552.88, 5514622, 430
270, 3, 2, 321, 261, 0, 8.74%, 0, 0, 5, 23889.75, 5629676, 430
275, 3, 38, 321, 261, 0, 8.74%, 0, 0, 5, 24240.82, 5757738, 430
280, 3, 121, 321, 260, 0, 8.74%, 0, 0, 5, 17970.78, 5835620, 430
285, 3, 118, 321, 260, 0, 8.74%, 0, 0, 5, 17130.59, 5925552, 430
290, 4, 2, 323, 260, 0, 8.74%, 0, 0, 5, 20364.90, 6028221, 430
296, 4, 38, 323, 260, 0, 8.74%, 0, 0, 5, 22260.00, 6140363, 430
301, 4, 149, 323, 259, 0, 8.74%, 0, 0, 5, 21212.32, 6243587, 430
306, 4, 303, 323, 259, 0, 8.74%, 0, 0, 5, 21458.60, 6356030, 430
311, 4, 57, 323, 258, 0, 8.74%, 0, 0, 5, 20319.05, 6442356, 430
316, 4, 119, 323, 257, 0, 8.74%, 0, 0, 5, 23753.55, 6575077, 430
321, 4, 48, 323, 256, 0, 8.74%, 0, 0, 5, 24893.80, 6691793, 430
326, 4, 202, 323, 253, 0, 8.74%, 0, 0, 5, 25129.67, 6824702, 430
331, 4, 126, 323, 253, 0, 8.74%, 0, 0, 5, 22543.68, 6929136, 430
336, 4, 149, 323, 252, 0, 8.74%, 0, 0, 5, 21029.62, 7040296, 430
341, 4, 2, 323, 252, 0, 8.74%, 0, 0, 5, 20066.89, 7136693, 430
347, 4, 149, 323, 252, 0, 8.74%, 0, 0, 5, 23671.55, 7268519, 430
352, 4, 123, 323, 252, 0, 8.74%, 0, 0, 5, 22367.69, 7380058, 430
357, 5, 2, 323, 252, 0, 8.74%, 0, 0, 5, 21368.05, 7494901, 430
362, 5, 150, 323, 251, 0, 8.74%, 0, 0, 5, 22131.21, 7604921, 430
367, 5, 123, 323, 251, 0, 8.74%, 0, 0, 5, 23350.07, 7727461, 430
372, 5, 2, 323, 251, 0, 8.74%, 0, 0, 5, 23262.89, 7841868, 430
377, 5, 150, 323, 251, 0, 8.74%, 0, 0, 5, 20544.14, 7948232, 430
383, 5, 2, 323, 251, 0, 8.74%, 0, 0, 5, 20535.92, 8049696, 430
388, 5, 35, 323, 251, 0, 8.74%, 0, 0, 5, 20371.55, 8155028, 430
393, 5, 122, 323, 251, 0, 8.74%, 0, 0, 5, 22254.19, 8267789, 430
398, 5, 149, 323, 251, 0, 8.74%, 0, 0, 5, 19161.14, 8367754, 430
403, 5, 231, 323, 250, 0, 8.74%, 0, 0, 5, 22566.61, 8479643, 430
408, 5, 35, 323, 248, 0, 8.74%, 0, 0, 5, 19675.69, 8582458, 430
413, 5, 11, 323, 247, 0, 8.74%, 0, 0, 5, 22728.43, 8696883, 430
418, 5, 38, 323, 246, 0, 8.74%, 0, 0, 5, 21207.08, 8806459, 430
423, 6, 126, 323, 246, 0, 8.74%, 0, 0, 5, 23104.92, 8924869, 430
428, 6, 123, 323, 246, 0, 8.74%, 0, 0, 5, 18601.29, 9022913, 430
434, 6, 149, 323, 246, 0, 8.74%, 0, 0, 5, 22249.81, 9138290, 430
439, 6, 38, 323, 245, 0, 8.74%, 0, 0, 5, 20443.82, 9247499, 430
444, 6, 123, 323, 245, 0, 8.74%, 0, 0, 5, 21626.06, 9362128, 430
449, 6, 35, 323, 243, 0, 8.74%, 0, 0, 5, 23709.99, 9493230, 430
454, 6, 35, 323, 243, 0, 8.74%, 0, 0, 5, 25085.91, 9619694, 430
459, 6, 121, 323, 243, 0, 8.74%, 0, 0, 5, 18458.41, 9706045, 430
464, 6, 2, 323, 242, 0, 8.74%, 0, 0, 5, 17622.15, 9796144, 430
469, 6, 35, 323, 241, 0, 8.74%, 0, 0, 5, 18177.08, 9896656, 430
474, 6, 202, 323, 240, 0, 8.74%, 0, 0, 5, 20953.91, 10009502, 430
479, 6, 202, 323, 240, 0, 8.74%, 0, 0, 5, 15662.13, 10085428, 430
484, 6, 150, 323, 240, 0, 8.74%, 0, 0, 5, 13422.14, 10144250, 430
490, 7, 146, 323, 240, 0, 8.74%, 0, 0, 5, 21708.04, 10262242, 430
495, 7, 81, 323, 238, 0, 8.74%, 0, 0, 5, 22632.05, 10379383, 430
500, 7, 274, 323, 237, 0, 8.74%, 0, 0, 5, 20526.46, 10481531, 430
505, 7, 123, 323, 236, 0, 8.74%, 0, 0, 5, 22270.96, 10598734, 430
510, 7, 149, 323, 235, 0, 8.74%, 0, 0, 5, 19002.31, 10690495, 430
515, 7, 48, 323, 235, 0, 8.74%, 0, 0, 5, 24425.74, 10820808, 430
520, 7, 149, 323, 235, 0, 8.74%, 0, 0, 5, 18794.82, 10908392, 430
525, 7, 2, 323, 235, 0, 8.74%, 0, 0, 5, 15346.64, 10984492, 430
530, 7, 123, 323, 235, 0, 8.74%, 0, 0, 5, 17507.38, 11072993, 430
535, 7, 149, 323, 235, 0, 8.74%, 0, 0, 5, 18977.14, 11172169, 430
541, 7, 11, 323, 234, 0, 8.74%, 0, 0, 5, 19658.81, 11270011, 430
546, 7, 150, 323, 233, 0, 8.74%, 0, 0, 5, 20374.60, 11374140, 430
551, 8, 123, 323, 233, 0, 8.74%, 0, 0, 5, 19516.98, 11467993, 430
556, 8, 149, 323, 232, 0, 8.74%, 0, 0, 5, 21796.67, 11581852, 430
561, 8, 11, 323, 230, 0, 8.74%, 0, 0, 5, 19288.34, 11676100, 430
566, 8, 202, 323, 229, 0, 8.74%, 0, 0, 5, 22106.34, 11792602, 430
572, 8, 5, 323, 229, 0, 8.74%, 0, 0, 5, 22540.22, 11904843, 430
577, 8, 204, 323, 229, 0, 8.74%, 0, 0, 5, 21878.37, 12014644, 430
582, 8, 35, 323, 228, 0, 8.74%, 0, 0, 5, 20747.10, 12114895, 430
587, 8, 149, 323, 227, 0, 8.74%, 0, 0, 5, 23480.37, 12236068, 430
592, 8, 35, 323, 226, 0, 8.74%, 0, 0, 5, 22066.44, 12343992, 430
597, 8, 41, 323, 225, 0, 8.74%, 0, 0, 5, 26181.47, 12481830, 430
602, 8, 114, 323, 225, 0, 8.74%, 0, 0, 5, 21728.33, 12583428, 430
607, 9, 204, 335, 237, 0, 8.74%, 0, 0, 5, 20593.73, 12689855, 430
612, 9, 152, 335, 237, 0, 8.74%, 0, 0, 5, 20545.53, 12790722, 430
617, 9, 35, 335, 236, 0, 8.74%, 0, 0, 5, 23012.47, 12915387, 430
622, 9, 174, 336, 237, 0, 8.74%, 0, 0, 5, 20754.01, 13017981, 430
628, 9, 122, 336, 236, 0, 8.74%, 0, 0, 5, 23178.37, 13143287, 430
633, 9, 114, 336, 236, 0, 8.74%, 0, 0, 5, 24104.51, 13262850, 430
638, 9, 38, 336, 236, 0, 8.74%, 0, 0, 5, 23817.11, 13383880, 430
643, 9, 123, 336, 235, 0, 8.74%, 0, 0, 5, 21529.16, 13498123, 430
648, 9, 150, 336, 233, 0, 8.74%, 0, 0, 5, 19337.45, 13597804, 430
653, 9, 39, 336, 232, 0, 8.74%, 0, 0, 5, 21517.76, 13714075, 430
659, 9, 149, 336, 232, 0, 8.74%, 0, 0, 5, 23767.74, 13846486, 430
664, 9, 150, 336, 232, 0, 8.74%, 0, 0, 5, 24363.38, 13969033, 430
669, 9, 35, 336, 231, 0, 8.74%, 0, 0, 5, 19565.98, 14066574, 430
674, 9, 123, 336, 231, 0, 8.74%, 0, 0, 5, 24415.24, 14201369, 430
679, 9, 202, 336, 231, 0, 8.74%, 0, 0, 5, 21239.04, 14309847, 430
685, 9, 202, 336, 231, 0, 8.74%, 0, 0, 5, 24001.90, 14441926, 430
690, 10, 349, 400, 295, 13, 9.25%, 0, 0, 5, 23683.20, 14560910, 455
695, 10, 364, 402, 294, 10, 9.25%, 0, 0, 5, 25712.23, 14697428, 455
700, 10, 389, 409, 297, 7, 9.25%, 0, 0, 5, 18970.36, 14783005, 455
705, 10, 123, 414, 296, 2, 9.25%, 0, 0, 5, 22704.19, 14895610, 455
710, 10, 152, 418, 298, 0, 9.25%, 0, 0, 5, 24310.16, 15011826, 455
715, 10, 149, 418, 298, 0, 9.25%, 0, 0, 5, 26352.05, 15158410, 455
720, 10, 204, 418, 297, 0, 9.25%, 0, 0, 5, 21097.16, 15264138, 455
725, 10, 149, 418, 297, 0, 9.25%, 0, 0, 5, 24898.03, 15396948, 455
730, 10, 336, 418, 297, 0, 9.25%, 0, 0, 5, 24420.66, 15520224, 455
736, 10, 123, 418, 297, 0, 9.25%, 0, 0, 5, 26590.21, 15660112, 455
741, 10, 2, 418, 297, 0, 9.25%, 0, 0, 5, 22934.74, 15778201, 455
742, 10, 95, 418, 297, 0, 9.25%, 0, 0, 5, 21564.24, 15811532, 455
