# relative_time, cycles_done, cur_item, corpus_count, pending_total, pending_favs, map_size, saved_crashes, saved_hangs, max_depth, execs_per_sec, total_execs, edges_found
61, 3, 77, 87, 64, 0, 4.81%, 0, 0, 3, 9197.18, 978122, 205
66, 3, 26, 88, 62, 0, 4.81%, 0, 0, 3, 16842.69, 1070648, 205
71, 4, 26, 92, 65, 0, 4.81%, 0, 0, 3, 19302.36, 1172822, 205
77, 4, 20, 92, 63, 0, 4.81%, 0, 0, 3, 19449.54, 1271879, 205
82, 5, 20, 93, 63, 0, 4.81%, 0, 0, 3, 19738.49, 1372939, 205
87, 5, 88, 93, 62, 0, 4.81%, 0, 0, 3, 18623.42, 1464400, 205
92, 5, 26, 93, 59, 0, 4.81%, 0, 0, 3, 19374.92, 1565829, 205
97, 6, 26, 96, 61, 0, 4.81%, 0, 0, 3, 15274.09, 1636952, 205
102, 6, 20, 96, 61, 0, 4.81%, 0, 0, 3, 17935.66, 1734570, 205
107, 6, 26, 96, 59, 0, 4.81%, 0, 0, 3, 19466.63, 1831789, 205
112, 7, 26, 96, 59, 0, 4.81%, 0, 0, 3, 19559.46, 1935727, 205
118, 7, 20, 96, 57, 0, 4.81%, 0, 0, 3, 19684.85, 2035354, 205
123, 8, 20, 96, 55, 0, 4.81%, 0, 0, 3, 19757.32, 2136810, 205
128, 9, 33, 100, 57, 0, 4.81%, 0, 0, 3, 20909.36, 2244896, 205
133, 9, 29, 102, 58, 0, 4.81%, 0, 0, 3, 19374.08, 2338776, 205
138, 9, 25, 102, 57, 0, 4.81%, 0, 0, 3, 20083.24, 2442295, 205
143, 10, 4, 103, 56, 0, 4.81%, 0, 0, 3, 18087.25, 2531560, 205
148, 10, 26, 103, 56, 0, 4.81%, 0, 0, 3, 19565.73, 2632409, 205
153, 10, 26, 103, 54, 0, 4.81%, 0, 0, 3, 20846.05, 2747136, 205
158, 11, 26, 103, 51, 0, 4.81%, 0, 0, 3, 21750.39, 2852984, 205
163, 11, 26, 103, 51, 0, 4.81%, 0, 0, 3, 18820.60, 2948747, 205
168, 12, 26, 103, 50, 0, 4.81%, 0, 0, 3, 21042.42, 3052626, 205
173, 12, 20, 103, 49, 0, 4.81%, 0, 0, 3, 19932.98, 3153196, 205
179, 13, 71, 103, 48, 0, 4.81%, 0, 0, 3, 18701.01, 3246939, 205
184, 13, 25, 103, 47, 0, 4.81%, 0, 0, 3, 20792.05, 3362131, 205
189, 13, 20, 103, 46, 0, 4.81%, 0, 0, 3, 20241.25, 3452202, 205
194, 14, 26, 109, 52, 0, 4.81%, 0, 0, 3, 19909.12, 3565049, 205
199, 14, 26, 109, 49, 0, 4.81%, 0, 0, 3, 26846.17, 3697128, 205
204, 15, 26, 109, 47, 0, 4.81%, 0, 0, 3, 21272.90, 3801009, 205
209, 15, 19, 109, 45, 0, 4.81%, 0, 0, 3, 20954.86, 3911941, 205
214, 16, 20, 109, 45, 0, 4.81%, 0, 0, 3, 21519.77, 4024221, 205
220, 16, 26, 109, 45, 0, 4.81%, 0, 0, 3, 23359.49, 4148108, 205
225, 17, 26, 109, 42, 0, 4.81%, 0, 0, 3, 19686.04, 4246912, 205
230, 17, 105, 109, 41, 0, 4.81%, 0, 0, 3, 19670.87, 4350376, 205
235, 17, 108, 109, 40, 0, 4.81%, 0, 0, 3, 14369.65, 4418829, 205
240, 18, 26, 109, 37, 0, 4.81%, 0, 0, 3, 18917.63, 4514507, 205
245, 18, 20, 109, 37, 0, 4.81%, 0, 0, 3, 20197.14, 4624614, 205
250, 18, 26, 109, 36, 0, 4.81%, 0, 0, 3, 21948.00, 4738194, 205
255, 19, 26, 109, 36, 0, 4.81%, 0, 0, 3, 21210.02, 4847348, 205
260, 19, 19, 109, 35, 0, 4.81%, 0, 0, 3, 23044.48, 4965628, 205
266, 20, 26, 109, 33, 0, 4.81%, 0, 0, 3, 21150.89, 5075237, 205
271, 20, 5, 109, 33, 0, 4.81%, 0, 0, 3, 23206.22, 5198692, 205
276, 21, 82, 109, 33, 0, 4.81%, 0, 0, 3, 20713.98, 5305984, 205
281, 21, 26, 109, 32, 0, 4.81%, 0, 0, 3, 21315.79, 5405206, 205
286, 21, 40, 109, 32, 0, 4.81%, 0, 0, 3, 17969.84, 5488176, 205
291, 22, 26, 112, 34, 0, 4.81%, 0, 0, 3, 18015.91, 5584417, 205
296, 22, 26, 112, 34, 0, 4.81%, 0, 0, 3, 20082.74, 5686880, 205
301, 23, 26, 112, 34, 0, 4.81%, 0, 0, 3, 21008.24, 5800775, 205
306, 23, 4, 112, 34, 0, 4.81%, 0, 0, 3, 19192.61, 5893319, 205
311, 23, 26, 112, 33, 0, 4.81%, 0, 0, 3, 21644.79, 6005925, 205
317, 24, 26, 112, 33, 0, 4.81%, 0, 0, 3, 21904.09, 6114103, 205
322, 24, 26, 112, 32, 0, 4.81%, 0, 0, 3, 19256.77, 6210665, 205
327, 24, 33, 112, 32, 0, 4.81%, 0, 0, 3, 20157.28, 6307967, 205
332, 25, 26, 112, 32, 0, 4.81%, 0, 0, 3, 19753.31, 6408607, 205
337, 25, 26, 112, 32, 0, 4.81%, 0, 0, 3, 20796.11, 6513064, 205
342, 26, 20, 112, 32, 0, 4.81%, 0, 0, 3, 18269.90, 6606869, 205
347, 26, 26, 112, 31, 0, 4.81%, 0, 0, 3, 16889.44, 6688433, 205
352, 26, 26, 112, 31, 0, 4.81%, 0, 0, 3, 16134.24, 6770748, 205
358, 27, 5, 112, 31, 0, 4.81%, 0, 0, 3, 15775.42, 6851431, 205
363, 27, 20, 112, 31, 0, 4.81%, 0, 0, 3, 16592.72, 6937421, 205
368, 27, 26, 112, 31, 0, 4.81%, 0, 0, 3, 17347.11, 7023871, 205
373, 28, 26, 112, 31, 0, 4.81%, 0, 0, 3, 17955.70, 7120216, 205
378, 28, 23, 112, 31, 0, 4.81%, 0, 0, 3, 15474.82, 7193504, 205
383, 28, 4, 112, 30, 0, 4.81%, 0, 0, 3, 22042.32, 7316362, 205
388, 29, 26, 112, 30, 0, 4.81%, 0, 0, 3, 18902.38, 7405375, 205
393, 29, 26, 112, 30, 0, 4.81%, 0, 0, 3, 16316.90, 7487458, 205
398, 29, 79, 112, 30, 0, 4.81%, 0, 0, 3, 14180.10, 7562565, 205
404, 29, 20, 112, 29, 0, 4.81%, 0, 0, 3, 13162.86, 7630692, 205
409, 30, 26, 112, 29, 0, 4.81%, 0, 0, 3, 15075.41, 7710657, 205
414, 30, 20, 112, 27, 0, 4.81%, 0, 0, 3, 12448.86, 7767781, 205
419, 30, 26, 112, 27, 0, 4.81%, 0, 0, 3, 20600.34, 7881832, 205
424, 31, 107, 112, 26, 0, 4.81%, 0, 0, 3, 15511.69, 7968334, 205
429, 31, 4, 112, 25, 0, 4.81%, 0, 0, 3, 16978.04, 8048005, 205
434, 31, 26, 112, 25, 0, 4.81%, 0, 0, 3, 16819.19, 8135224, 205
440, 32, 23, 112, 24, 0, 4.81%, 0, 0, 3, 16711.76, 8224128, 205
445, 32, 26, 112, 24, 0, 4.81%, 0, 0, 3, 16423.12, 8308085, 205
450, 32, 26, 112, 23, 0, 4.81%, 0, 0, 3, 17857.79, 8394307, 205
455, 33, 26, 112, 23, 0, 4.81%, 0, 0, 3, 17566.93, 8486630, 205
460, 33, 26, 112, 23, 0, 4.81%, 0, 0, 3, 18743.10, 8588735, 205
465, 33, 19, 112, 23, 0, 4.81%, 0, 0, 3, 18228.57, 8677950, 205
470, 34, 109, 112, 23, 0, 4.81%, 0, 0, 3, 16670.74, 8764459, 205
476, 34, 26, 112, 22, 0, 4.81%, 0, 0, 3, 18462.44, 8857641, 205
481, 34, 26, 112, 22, 0, 4.81%, 0, 0, 3, 17327.31, 8948365, 205
486, 35, 26, 112, 22, 0, 4.81%, 0, 0, 3, 17471.62, 9040059, 205
491, 35, 86, 112, 22, 0, 4.81%, 0, 0, 3, 19444.13, 9141012, 205
496, 36, 26, 112, 21, 0, 4.81%, 0, 0, 3, 18681.99, 9230564, 205
501, 36, 26, 112, 21, 0, 4.81%, 0, 0, 3, 18353.49, 9328655, 205
507, 36, 29, 112, 21, 0, 4.81%, 0, 0, 3, 18067.85, 9415833, 205
512, 37, 34, 112, 20, 0, 4.81%, 0, 0, 3, 18406.36, 9510325, 205
517, 37, 20, 112, 20, 0, 4.81%, 0, 0, 3, 17796.39, 9595003, 205
522, 37, 4, 112, 20, 0, 4.81%, 0, 0, 3, 17507.12, 9685965, 205
527, 38, 4, 112, 20, 0, 4.81%, 0, 0, 3, 16313.17, 9766870, 205
532, 38, 26, 112, 20, 0, 4.81%, 0, 0, 3, 18660.01, 9863218, 205
537, 38, 20, 112, 20, 0, 4.81%, 0, 0, 3, 15915.97, 9940827, 205
543, 39, 26, 112, 20, 0, 4.81%, 0, 0, 3, 15610.41, 10027969, 205
548, 39, 26, 112, 20, 0, 4.81%, 0, 0, 3, 10441.02, 10074275, 205
553, 39, 26, 112, 20, 0, 4.81%, 0, 0, 3, 11044.94, 10135466, 205
558, 40, 20, 112, 20, 0, 4.81%, 0, 0, 3, 17727.99, 10227311, 205
563, 40, 26, 112, 20, 0, 4.81%, 0, 0, 3, 20387.16, 10340528, 205
568, 40, 25, 112, 20, 0, 4.81%, 0, 0, 3, 20311.95, 10441941, 205
573, 41, 26, 112, 20, 0, 4.81%, 0, 0, 3, 21538.62, 10561562, 205
579, 41, 26, 112, 20, 0, 4.81%, 0, 0, 3, 20630.55, 10666465, 205
584, 42, 5, 112, 20, 0, 4.81%, 0, 0, 3, 21187.31, 10777690, 205
589, 42, 26, 112, 20, 0, 4.81%, 0, 0, 3, 21616.73, 10887775, 205
594, 43, 26, 112, 20, 0, 4.81%, 0, 0, 3, 20888.56, 10996549, 205
599, 43, 23, 112, 20, 0, 4.81%, 0, 0, 3, 22637.62, 11116999, 205
604, 43, 20, 112, 20, 0, 4.81%, 0, 0, 3, 16572.51, 11195243, 205
609, 44, 33, 112, 20, 0, 4.81%, 0, 0, 3, 11012.37, 11247150, 205
614, 44, 111, 112, 20, 0, 4.81%, 0, 0, 3, 11173.85, 11308102, 205
619, 44, 26, 112, 18, 0, 4.81%, 0, 0, 3, 13082.24, 11375650, 205
624, 44, 20, 112, 18, 0, 4.81%, 0, 0, 3, 14399.50, 11457976, 205
630, 45, 26, 115, 21, 0, 4.81%, 0, 0, 3, 13747.00, 11521548, 205
635, 45, 26, 115, 20, 0, 4.81%, 0, 0, 3, 18311.17, 11623581, 205
640, 46, 26, 115, 20, 0, 4.81%, 0, 0, 3, 20754.06, 11731824, 205
645, 46, 26, 115, 20, 0, 4.81%, 0, 0, 3, 17916.61, 11821187, 205
650, 46, 20, 115, 20, 0, 4.81%, 0, 0, 3, 19293.48, 11926982, 205
655, 47, 26, 115, 20, 0, 4.81%, 0, 0, 3, 18692.53, 12019836, 205
660, 47, 29, 115, 20, 0, 4.81%, 0, 0, 3, 21147.67, 12132184, 205
666, 47, 26, 115, 20, 0, 4.81%, 0, 0, 3, 19883.76, 12235178, 205
671, 48, 26, 115, 20, 0, 4.81%, 0, 0, 3, 21855.37, 12346872, 205
676, 48, 26, 115, 19, 0, 4.81%, 0, 0, 3, 21125.34, 12452158, 205
681, 49, 26, 115, 19, 0, 4.81%, 0, 0, 3, 22542.25, 12570563, 205
686, 49, 26, 115, 19, 0, 4.81%, 0, 0, 3, 20970.18, 12677435, 205
691, 50, 26, 115, 19, 0, 4.81%, 0, 0, 3, 22080.93, 12792275, 205
696, 50, 26, 115, 19, 0, 4.81%, 0, 0, 3, 22012.56, 12902353, 205
702, 51, 26, 115, 18, 0, 4.81%, 0, 0, 3, 23357.65, 13026496, 205
707, 51, 26, 115, 18, 0, 4.81%, 0, 0, 3, 21602.10, 13133642, 205
712, 51, 26, 115, 18, 0, 4.81%, 0, 0, 3, 23658.58, 13258858, 205
717, 52, 20, 115, 18, 0, 4.81%, 0, 0, 3, 22656.39, 13365970, 205
722, 52, 20, 115, 17, 0, 4.81%, 0, 0, 3, 18992.44, 13449754, 205
727, 53, 26, 115, 17, 0, 4.81%, 0, 0, 3, 20329.56, 13554142, 205
733, 53, 26, 115, 17, 0, 4.81%, 0, 0, 3, 23376.76, 13676985, 205
738, 53, 5, 115, 17, 0, 4.81%, 0, 0, 3, 22646.28, 13791113, 205
743, 54, 26, 115, 17, 0, 4.81%, 0, 0, 3, 21686.16, 13904073, 205
748, 54, 20, 115, 17, 0, 4.81%, 0, 0, 3, 22142.82, 14013301, 205
753, 55, 5, 115, 17, 0, 4.81%, 0, 0, 3, 22042.40, 14128797, 205
758, 55, 40, 115, 17, 0, 4.81%, 0, 0, 3, 22126.75, 14238777, 205
763, 56, 26, 115, 17, 0, 4.81%, 0, 0, 3, 20771.50, 14347035, 205
769, 56, 25, 115, 17, 0, 4.81%, 0, 0, 3, 21893.98, 14458397, 205
774, 57, 23, 115, 17, 0, 4.81%, 0, 0, 3, 21404.62, 14574075, 205
779, 57, 26, 115, 17, 0, 4.81%, 0, 0, 3, 20917.50, 14678627, 205
784, 57, 26, 115, 16, 0, 4.81%, 0, 0, 3, 19232.27, 14778779, 205
789, 58, 26, 115, 16, 0, 4.81%, 0, 0, 3, 21876.68, 14894599, 205
794, 58, 26, 115, 15, 0, 4.81%, 0, 0, 3, 16297.97, 14976295, 205
799, 59, 20, 115, 15, 0, 4.81%, 0, 0, 3, 20817.08, 15090102, 205
804, 59, 23, 115, 15, 0, 4.81%, 0, 0, 3, 19576.15, 15195186, 205
810, 59, 21, 115, 15, 0, 4.81%, 0, 0, 3, 19860.53, 15299667, 205
815, 60, 26, 115, 15, 0, 4.81%, 0, 0, 3, 21108.44, 15413491, 205
820, 60, 20, 115, 15, 0, 4.81%, 0, 0, 3, 23792.73, 15533205, 205
825, 61, 26, 115, 15, 0, 4.81%, 0, 0, 3, 15674.98, 15605245, 205
830, 61, 26, 115, 15, 0, 4.81%, 0, 0, 3, 14541.30, 15672142, 205
835, 61, 26, 115, 15, 0, 4.81%, 0, 0, 3, 18128.19, 15764088, 205
840, 62, 26, 115, 15, 0, 4.81%, 0, 0, 3, 18056.99, 15845583, 205
845, 62, 26, 115, 15, 0, 4.81%, 0, 0, 3, 20086.10, 15956212, 205
850, 62, 23, 115, 14, 0, 4.81%, 0, 0, 3, 23551.99, 16080429, 205
856, 63, 25, 115, 13, 0, 4.81%, 0, 0, 3, 18791.25, 16164432, 205
861, 63, 26, 115, 12, 0, 4.81%, 0, 0, 3, 20433.22, 16266969, 205
866, 64, 20, 115, 12, 0, 4.81%, 0, 0, 3, 21268.18, 16372822, 205
871, 64, 20, 115, 12, 0, 4.81%, 0, 0, 3, 21569.81, 16486588, 205
876, 64, 5, 115, 12, 0, 4.81%, 0, 0, 3, 17868.57, 16575546, 205
881, 65, 26, 115, 12, 0, 4.81%, 0, 0, 3, 18753.71, 16672677, 205
886, 65, 26, 115, 12, 0, 4.81%, 0, 0, 3, 16446.44, 16756509, 205
892, 65, 26, 115, 12, 0, 4.81%, 0, 0, 3, 21313.91, 16867333, 205
897, 66, 25, 115, 12, 0, 4.81%, 0, 0, 3, 21584.99, 16979365, 205
902, 66, 26, 115, 12, 0, 4.81%, 0, 0, 3, 24283.24, 17107731, 205
907, 67, 21, 115, 12, 0, 4.81%, 0, 0, 3, 22365.51, 17219402, 205
912, 67, 26, 115, 11, 0, 4.81%, 0, 0, 3, 24750.52, 17349715, 205
917, 68, 26, 115, 11, 0, 4.81%, 0, 0, 3, 22885.99, 17458025, 205
922, 68, 26, 115, 11, 0, 4.81%, 0, 0, 3, 22522.19, 17576584, 205
928, 69, 26, 115, 11, 0, 4.81%, 0, 0, 3, 22180.55, 17689146, 205
933, 69, 26, 115, 11, 0, 4.81%, 0, 0, 3, 23333.11, 17807920, 205
938, 70, 26, 115, 11, 0, 4.81%, 0, 0, 3, 23004.75, 17923219, 205
943, 70, 26, 115, 10, 0, 4.81%, 0, 0, 3, 18551.17, 18012856, 205
948, 70, 26, 115, 9, 0, 4.81%, 0, 0, 3, 19384.29, 18098851, 205
953, 71, 40, 115, 9, 0, 4.81%, 0, 0, 3, 22101.28, 18218930, 205
958, 71, 5, 115, 9, 0, 4.81%, 0, 0, 3, 22961.82, 18335345, 205
964, 72, 26, 115, 8, 0, 4.81%, 0, 0, 3, 22773.00, 18459820, 205
969, 72, 26, 115, 8, 0, 4.81%, 0, 0, 3, 22892.47, 18576215, 205
974, 73, 26, 115, 8, 0, 4.81%, 0, 0, 3, 22285.07, 18694529, 205
979, 73, 26, 115, 7, 0, 4.81%, 0, 0, 3, 23760.98, 18820779, 205
984, 74, 26, 115, 7, 0, 4.81%, 0, 0, 3, 21921.73, 18935273, 205
989, 74, 20, 115, 7, 0, 4.81%, 0, 0, 3, 23583.59, 19055962, 205
994, 75, 26, 115, 7, 0, 4.81%, 0, 0, 3, 22555.99, 19174146, 205
999, 75, 26, 115, 7, 0, 4.81%, 0, 0, 3, 22978.84, 19292171, 205
1005, 75, 26, 115, 7, 0, 4.81%, 0, 0, 3, 19274.57, 19392003, 205
1010, 76, 26, 115, 7, 0, 4.81%, 0, 0, 3, 22757.92, 19514519, 205
1015, 76, 26, 115, 6, 0, 4.81%, 0, 0, 3, 10702.58, 19596085, 205
1020, 77, 26, 115, 6, 0, 4.81%, 0, 0, 3, 21039.87, 19716699, 205
1025, 77, 26, 115, 6, 0, 4.81%, 0, 0, 3, 20730.51, 19825957, 205
1030, 78, 26, 115, 6, 0, 4.81%, 0, 0, 3, 22776.02, 19944517, 205
1035, 78, 26, 115, 6, 0, 4.81%, 0, 0, 3, 22060.79, 20059877, 205
1040, 79, 5, 115, 6, 0, 4.81%, 0, 0, 3, 23865.66, 20188781, 205
1046, 79, 29, 115, 6, 0, 4.81%, 0, 0, 3, 20976.40, 20289104, 205
1051, 79, 26, 115, 6, 0, 4.81%, 0, 0, 3, 23787.45, 20413260, 205
1056, 80, 20, 115, 6, 0, 4.81%, 0, 0, 3, 22749.98, 20526337, 205
1061, 80, 26, 115, 6, 0, 4.81%, 0, 0, 3, 21751.72, 20638303, 205
1066, 81, 23, 115, 6, 0, 4.81%, 0, 0, 3, 23001.62, 20747213, 205
1071, 81, 26, 115, 6, 0, 4.81%, 0, 0, 3, 23216.12, 20864853, 205
1076, 82, 5, 115, 6, 0, 4.81%, 0, 0, 3, 22172.99, 20975637, 205
1081, 82, 21, 115, 6, 0, 4.81%, 0, 0, 3, 23010.62, 21094003, 205
1087, 83, 26, 115, 6, 0, 4.81%, 0, 0, 3, 21748.18, 21199490, 205
1092, 83, 26, 115, 6, 0, 4.81%, 0, 0, 3, 23128.86, 21317887, 205
1097, 84, 33, 115, 6, 0, 4.81%, 0, 0, 3, 22991.03, 21432256, 205
1102, 84, 26, 115, 5, 0, 4.81%, 0, 0, 3, 22930.72, 21549532, 205
1107, 84, 26, 115, 5, 0, 4.81%, 0, 0, 3, 21270.36, 21652442, 205
1112, 85, 26, 115, 5, 0, 4.81%, 0, 0, 3, 21600.57, 21763584, 205
1117, 85, 26, 115, 5, 0, 4.81%, 0, 0, 3, 21679.33, 21871765, 205
1123, 86, 103, 115, 5, 0, 4.81%, 0, 0, 3, 18891.82, 21974001, 205
1128, 86, 26, 115, 4, 0, 4.81%, 0, 0, 3, 21812.03, 22072538, 205
1133, 87, 5, 115, 4, 0, 4.81%, 0, 0, 3, 22677.67, 22193003, 205
1138, 87, 23, 115, 4, 0, 4.81%, 0, 0, 3, 23200.48, 22309650, 205
1143, 87, 26, 115, 4, 0, 4.81%, 0, 0, 3, 22352.60, 22429551, 205
1148, 88, 26, 115, 4, 0, 4.81%, 0, 0, 3, 24161.75, 22546526, 205
1154, 88, 26, 115, 4, 0, 4.81%, 0, 0, 3, 22067.71, 22661523, 205
1159, 89, 20, 115, 4, 0, 4.81%, 0, 0, 3, 23386.59, 22777123, 205
1164, 89, 26, 115, 4, 0, 4.81%, 0, 0, 3, 21658.02, 22888173, 205
1169, 90, 26, 115, 4, 0, 4.81%, 0, 0, 3, 23236.69, 23002735, 205
1174, 90, 26, 115, 3, 0, 4.81%, 0, 0, 3, 20829.30, 23104716, 205
1179, 91, 26, 115, 3, 0, 4.81%, 0, 0, 3, 23862.28, 23229724, 205
1184, 91, 26, 115, 3, 0, 4.81%, 0, 0, 3, 19241.28, 23329536, 205
1189, 91, 4, 115, 3, 0, 4.81%, 0, 0, 3, 20147.13, 23429891, 205
1194, 92, 26, 115, 3, 0, 4.81%, 0, 0, 3, 20510.69, 23539753, 205
1200, 92, 20, 115, 3, 0, 4.81%, 0, 0, 3, 22949.31, 23664321, 205
1205, 93, 26, 115, 3, 0, 4.81%, 0, 0, 3, 20498.22, 23769336, 205
1210, 93, 25, 115, 3, 0, 4.81%, 0, 0, 3, 23551.55, 23889946, 205
1215, 94, 26, 115, 3, 0, 4.81%, 0, 0, 3, 22182.33, 24009538, 205
1220, 94, 29, 115, 3, 0, 4.81%, 0, 0, 3, 23551.74, 24130735, 205
1225, 95, 20, 115, 3, 0, 4.81%, 0, 0, 3, 21960.82, 24239798, 205
1230, 95, 26, 115, 3, 0, 4.81%, 0, 0, 3, 22637.29, 24355494, 205
1235, 96, 26, 115, 3, 0, 4.81%, 0, 0, 3, 22694.96, 24476802, 205
1241, 96, 20, 115, 3, 0, 4.81%, 0, 0, 3, 23906.25, 24599388, 205
1246, 97, 26, 115, 3, 0, 4.81%, 0, 0, 3, 20811.82, 24699710, 205
1251, 97, 26, 115, 3, 0, 4.81%, 0, 0, 3, 22878.57, 24820022, 205
1256, 98, 26, 115, 3, 0, 4.81%, 0, 0, 3, 22234.94, 24927342, 205
1261, 98, 26, 115, 3, 0, 4.81%, 0, 0, 3, 22335.05, 25045069, 205
1266, 98, 99, 115, 3, 0, 4.81%, 0, 0, 3, 18562.12, 25142315, 205
1271, 99, 26, 115, 2, 0, 4.81%, 0, 0, 3, 21354.28, 25252944, 205
1277, 99, 26, 115, 2, 0, 4.81%, 0, 0, 3, 19697.67, 25350816, 205
1282, 100, 26, 115, 2, 0, 4.81%, 0, 0, 3, 21441.84, 25465546, 205
1287, 100, 26, 115, 2, 0, 4.81%, 0, 0, 3, 22845.34, 25580458, 205
1292, 101, 23, 115, 2, 0, 4.81%, 0, 0, 3, 22530.50, 25696864, 205
1297, 101, 26, 115, 2, 0, 4.81%, 0, 0, 3, 21869.05, 25805998, 205
1302, 102, 26, 115, 2, 0, 4.81%, 0, 0, 3, 20418.86, 25913327, 205
1308, 102, 26, 115, 2, 0, 4.81%, 0, 0, 3, 21618.87, 26022164, 205
1313, 103, 26, 115, 2, 0, 4.81%, 0, 0, 3, 23052.86, 26141845, 205
1318, 103, 5, 115, 2, 0, 4.81%, 0, 0, 3, 22270.60, 26251996, 205
1323, 103, 20, 115, 2, 0, 4.81%, 0, 0, 3, 20814.53, 26359584, 205
1328, 104, 26, 115, 2, 0, 4.81%, 0, 0, 3, 22300.57, 26474478, 205
1333, 104, 26, 115, 1, 0, 4.81%, 0, 0, 3, 21293.83, 26586324, 205
1339, 105, 20, 115, 1, 0, 4.81%, 0, 0, 3, 23230.22, 26702821, 205
1344, 105, 26, 115, 1, 0, 4.81%, 0, 0, 3, 22777.18, 26825524, 205
1349, 106, 26, 115, 1, 0, 4.81%, 0, 0, 3, 24465.20, 26946520, 205
1354, 106, 33, 115, 1, 0, 4.81%, 0, 0, 3, 21490.08, 27061933, 205
1359, 107, 26, 115, 1, 0, 4.81%, 0, 0, 3, 23162.52, 27188232, 205
1364, 107, 26, 115, 1, 0, 4.81%, 0, 0, 3, 20154.94, 27294298, 205
1370, 108, 26, 115, 1, 0, 4.81%, 0, 0, 3, 23055.83, 27416228, 205
1375, 108, 26, 115, 1, 0, 4.81%, 0, 0, 3, 21175.98, 27525277, 205
1380, 109, 26, 115, 1, 0, 4.81%, 0, 0, 3, 24802.57, 27656210, 205
1385, 109, 26, 115, 1, 0, 4.81%, 0, 0, 3, 22146.25, 27771226, 205
1390, 110, 20, 115, 1, 0, 4.81%, 0, 0, 3, 22799.96, 27890493, 205
1395, 110, 26, 115, 1, 0, 4.81%, 0, 0, 3, 22088.46, 28011410, 205
1400, 111, 26, 115, 1, 0, 4.81%, 0, 0, 3, 24497.71, 28137274, 205
1406, 111, 20, 115, 1, 0, 4.81%, 0, 0, 3, 22000.46, 28249986, 205
1411, 112, 26, 115, 1, 0, 4.81%, 0, 0, 3, 23876.81, 28376002, 205
1416, 112, 26, 115, 1, 0, 4.81%, 0, 0, 3, 21323.41, 28481526, 205
1421, 113, 26, 115, 1, 0, 4.81%, 0, 0, 3, 22631.57, 28600487, 205
1426, 113, 26, 115, 1, 0, 4.81%, 0, 0, 3, 21412.21, 28704040, 205
1431, 114, 26, 115, 1, 0, 4.81%, 0, 0, 3, 23289.88, 28826958, 205
1437, 114, 26, 115, 1, 0, 4.81%, 0, 0, 3, 21560.59, 28934205, 205
1442, 114, 26, 115, 1, 0, 4.81%, 0, 0, 3, 21901.24, 29044637, 205
1447, 115, 26, 115, 1, 0, 4.81%, 0, 0, 3, 22972.24, 29153149, 205
1452, 115, 26, 115, 1, 0, 4.81%, 0, 0, 3, 24240.13, 29282844, 205
1457, 116, 5, 115, 1, 0, 4.81%, 0, 0, 3, 25397.64, 29409282, 205
1462, 116, 26, 115, 1, 0, 4.81%, 0, 0, 3, 23879.00, 29528008, 205
1468, 117, 26, 115, 1, 0, 4.81%, 0, 0, 3, 22802.63, 29640546, 205
1473, 117, 26, 115, 1, 0, 4.81%, 0, 0, 3, 22737.28, 29758674, 205
1478, 118, 26, 116, 2, 0, 4.81%, 0, 0, 3, 22861.84, 29875327, 205
1483, 118, 20, 116, 2, 0, 4.81%, 0, 0, 3, 21774.34, 29988884, 205
1488, 119, 26, 116, 2, 0, 4.81%, 0, 0, 3, 22822.20, 30101581, 205
1493, 119, 115, 116, 2, 0, 4.81%, 0, 0, 3, 20739.79, 30213875, 205
1499, 120, 26, 116, 1, 0, 4.81%, 0, 0, 3, 23058.43, 30334123, 205
1504, 120, 40, 116, 1, 0, 4.81%, 0, 0, 3, 22634.18, 30456873, 205
1509, 121, 26, 116, 1, 0, 4.81%, 0, 0, 3, 24090.80, 30578494, 205
1514, 121, 20, 116, 1, 0, 4.81%, 0, 0, 3, 21222.58, 30684722, 205
1519, 122, 26, 116, 1, 0, 4.81%, 0, 0, 3, 23944.05, 30809051, 205
1524, 122, 26, 116, 1, 0, 4.81%, 0, 0, 3, 21827.36, 30923629, 205
1529, 123, 4, 116, 1, 0, 4.81%, 0, 0, 3, 24200.12, 31049193, 205
1534, 123, 26, 116, 1, 0, 4.81%, 0, 0, 3, 21271.96, 31160167, 205
1540, 124, 26, 116, 1, 0, 4.81%, 0, 0, 3, 24605.17, 31288463, 205
1545, 124, 26, 116, 1, 0, 4.81%, 0, 0, 3, 21133.86, 31395032, 205
1550, 125, 26, 116, 1, 0, 4.81%, 0, 0, 3, 24225.81, 31523257, 205
1555, 125, 26, 116, 1, 0, 4.81%, 0, 0, 3, 21188.74, 31633914, 205
1560, 126, 26, 116, 1, 0, 4.81%, 0, 0, 3, 23693.46, 31756308, 205
1565, 126, 26, 116, 1, 0, 4.81%, 0, 0, 3, 22259.73, 31869027, 205
1571, 127, 5, 119, 4, 0, 4.81%, 0, 0, 3, 23383.69, 31989886, 205
1576, 127, 26, 119, 4, 0, 4.81%, 0, 0, 3, 20904.34, 32093023, 205
1581, 127, 20, 119, 4, 0, 4.81%, 0, 0, 3, 23110.78, 32217156, 205
1586, 128, 26, 119, 4, 0, 4.81%, 0, 0, 3, 22244.40, 32330514, 205
1591, 128, 5, 119, 4, 0, 4.81%, 0, 0, 3, 23609.47, 32452318, 205
1596, 129, 26, 119, 4, 0, 4.81%, 0, 0, 3, 21571.06, 32562610, 205
1601, 129, 26, 119, 4, 0, 4.81%, 0, 0, 3, 23924.37, 32692490, 205
1606, 130, 26, 119, 4, 0, 4.81%, 0, 0, 3, 21134.62, 32796568, 205
1612, 130, 26, 119, 4, 0, 4.81%, 0, 0, 3, 24941.80, 32929644, 205
1617, 131, 26, 119, 4, 0, 4.81%, 0, 0, 3, 24642.91, 33061386, 205
1622, 131, 26, 119, 4, 0, 4.81%, 0, 0, 3, 25199.86, 33195232, 205
1627, 132, 26, 119, 4, 0, 4.81%, 0, 0, 3, 23307.97, 33311234, 205
1632, 132, 4, 119, 4, 0, 4.81%, 0, 0, 3, 23357.01, 33432643, 205
1637, 133, 26, 119, 4, 0, 4.81%, 0, 0, 3, 20092.31, 33516394, 205
1643, 133, 20, 119, 4, 0, 4.81%, 0, 0, 3, 22362.86, 33634808, 205
1648, 134, 26, 119, 4, 0, 4.81%, 0, 0, 3, 23598.47, 33758776, 205
1653, 134, 26, 119, 4, 0, 4.81%, 0, 0, 3, 20133.24, 33854362, 205
1658, 134, 83, 119, 4, 0, 4.81%, 0, 0, 3, 22190.87, 33971303, 205
1663, 135, 26, 119, 4, 0, 4.81%, 0, 0, 3, 20645.27, 34067761, 205
1668, 135, 26, 119, 4, 0, 4.81%, 0, 0, 3, 23171.76, 34187048, 205
1673, 136, 26, 119, 4, 0, 4.81%, 0, 0, 3, 25239.22, 34313485, 205
1679, 136, 26, 119, 4, 0, 4.81%, 0, 0, 3, 23060.92, 34429218, 205
1684, 137, 20, 119, 4, 0, 4.81%, 0, 0, 3, 23559.54, 34553466, 205
1689, 137, 26, 119, 4, 0, 4.81%, 0, 0, 3, 24085.45, 34677402, 205
1694, 138, 26, 119, 4, 0, 4.81%, 0, 0, 3, 22026.52, 34794150, 205
1699, 138, 19, 119, 4, 0, 4.81%, 0, 0, 3, 24473.86, 34920411, 205
1704, 139, 29, 119, 4, 0, 4.81%, 0, 0, 3, 22209.15, 35029822, 205
1709, 139, 40, 119, 4, 0, 4.81%, 0, 0, 3, 23532.83, 35150314, 205
1714, 139, 118, 119, 4, 0, 4.81%, 0, 0, 3, 19311.97, 35249939, 205
1720, 140, 26, 119, 3, 0, 4.81%, 0, 0, 3, 23753.89, 35373290, 205
1725, 140, 23, 119, 3, 0, 4.81%, 0, 0, 3, 20237.71, 35475894, 205
1730, 141, 5, 119, 3, 0, 4.81%, 0, 0, 3, 23252.84, 35597114, 205
1735, 141, 26, 119, 3, 0, 4.81%, 0, 0, 3, 21105.20, 35705554, 205
1740, 142, 26, 119, 3, 0, 4.81%, 0, 0, 3, 26309.62, 35844282, 205
1745, 142, 20, 119, 3, 0, 4.81%, 0, 0, 3, 22891.54, 35962090, 205
1751, 143, 26, 119, 3, 0, 4.81%, 0, 0, 3, 24611.76, 36092134, 205
1756, 143, 26, 119, 3, 0, 4.81%, 0, 0, 3, 22036.19, 36201045, 205
1761, 144, 26, 119, 3, 0, 4.81%, 0, 0, 3, 24024.12, 36328608, 205
1766, 144, 40, 119, 3, 0, 4.81%, 0, 0, 3, 20753.38, 36425959, 205
1771, 145, 26, 119, 3, 0, 4.81%, 0, 0, 3, 23205.79, 36550426, 205
1776, 145, 20, 119, 3, 0, 4.81%, 0, 0, 3, 22695.00, 36663742, 205
1781, 146, 26, 119, 3, 0, 4.81%, 0, 0, 3, 24924.90, 36790152, 205
1786, 146, 26, 119, 3, 0, 4.81%, 0, 0, 3, 20920.47, 36882955, 205
1791, 146, 26, 119, 3, 0, 4.81%, 0, 0, 3, 21527.46, 36992299, 205
1796, 147, 26, 119, 3, 0, 4.81%, 0, 0, 3, 21595.90, 37100492, 205
1802, 147, 19, 119, 3, 0, 4.81%, 0, 0, 3, 23558.73, 37223265, 205
1807, 148, 20, 119, 3, 0, 4.81%, 0, 0, 3, 21984.90, 37329486, 205
1812, 148, 26, 119, 3, 0, 4.81%, 0, 0, 3, 23909.98, 37457044, 205
1817, 149, 26, 119, 3, 0, 4.81%, 0, 0, 3, 21781.91, 37564649, 205
1822, 149, 20, 119, 3, 0, 4.81%, 0, 0, 3, 25090.99, 37692790, 205
1827, 150, 26, 119, 3, 0, 4.81%, 0, 0, 3, 23800.14, 37807240, 205
1833, 150, 26, 119, 3, 0, 4.81%, 0, 0, 3, 23795.73, 37939291, 205
1838, 151, 26, 119, 3, 0, 4.81%, 0, 0, 3, 23589.15, 38052041, 205
1843, 151, 44, 119, 3, 0, 4.81%, 0, 0, 3, 21027.98, 38161739, 205
1848, 151, 26, 119, 3, 0, 4.81%, 0, 0, 3, 20446.29, 38263002, 205
1853, 152, 20, 119, 3, 0, 4.81%, 0, 0, 3, 23145.88, 38387751, 205
1858, 152, 26, 119, 3, 0, 4.81%, 0, 0, 3, 24658.97, 38510834, 205
1863, 153, 8, 119, 2, 0, 4.81%, 0, 0, 3, 23199.54, 38619351, 205
1868, 153, 26, 119, 2, 0, 4.81%, 0, 0, 3, 22766.73, 38735197, 205
1873, 154, 20, 119, 2, 0, 4.81%, 0, 0, 3, 21716.31, 38849066, 205
1879, 154, 26, 119, 2, 0, 4.81%, 0, 0, 3, 22125.46, 38962203, 205
1884, 154, 26, 119, 1, 0, 4.81%, 0, 0, 3, 17548.19, 39052007, 205
1889, 155, 26, 119, 1, 0, 4.81%, 0, 0, 3, 22503.41, 39170095, 205
1894, 155, 26, 119, 1, 0, 4.81%, 0, 0, 3, 22105.66, 39295322, 205
1899, 156, 26, 119, 1, 0, 4.81%, 0, 0, 3, 25147.02, 39422619, 205
1904, 156, 20, 119, 1, 0, 4.81%, 0, 0, 3, 21121.20, 39535409, 205
1909, 157, 26, 119, 1, 0, 4.81%, 0, 0, 3, 22224.62, 39650951, 205
1915, 157, 20, 119, 1, 0, 4.81%, 0, 0, 3, 20531.64, 39761142, 205
1920, 158, 26, 119, 1, 0, 4.81%, 0, 0, 3, 22469.45, 39878566, 205
1925, 158, 26, 119, 1, 0, 4.81%, 0, 0, 3, 20256.58, 39982586, 205
1930, 159, 26, 119, 1, 0, 4.81%, 0, 0, 3, 22567.73, 40103043, 205
1935, 159, 26, 119, 1, 0, 4.81%, 0, 0, 3, 20145.70, 40207872, 205
1940, 160, 26, 119, 1, 0, 4.81%, 0, 0, 3, 23018.92, 40330485, 205
1945, 160, 20, 119, 1, 0, 4.81%, 0, 0, 3, 21581.58, 40441527, 205
1951, 160, 26, 119, 1, 0, 4.81%, 0, 0, 3, 22789.07, 40558521, 205
1956, 161, 26, 119, 1, 0, 4.81%, 0, 0, 3, 20765.24, 40662360, 205
1961, 161, 26, 119, 1, 0, 4.81%, 0, 0, 3, 23204.82, 40781455, 205
1966, 162, 26, 119, 1, 0, 4.81%, 0, 0, 3, 20507.21, 40877078, 205
1971, 162, 26, 119, 1, 0, 4.81%, 0, 0, 3, 23280.92, 40998562, 205
1976, 163, 26, 119, 1, 0, 4.81%, 0, 0, 3, 23434.66, 41114749, 205
1981, 163, 26, 119, 1, 0, 4.81%, 0, 0, 3, 23036.02, 41232009, 205
1986, 164, 26, 119, 1, 0, 4.81%, 0, 0, 3, 23553.03, 41352053, 205
1992, 164, 5, 119, 1, 0, 4.81%, 0, 0, 3, 22730.40, 41470220, 205
1997, 165, 26, 119, 1, 0, 4.81%, 0, 0, 3, 22242.42, 41582159, 205
2002, 165, 20, 119, 1, 0, 4.81%, 0, 0, 3, 25219.64, 41716121, 205
2007, 166, 26, 119, 1, 0, 4.81%, 0, 0, 3, 22285.48, 41826975, 205
2012, 166, 26, 119, 1, 0, 4.81%, 0, 0, 3, 23770.63, 41946685, 205
2017, 166, 26, 119, 1, 0, 4.81%, 0, 0, 3, 22038.03, 42056537, 205
2023, 167, 4, 119, 1, 0, 4.81%, 0, 0, 3, 22157.19, 42173106, 205
2028, 167, 26, 119, 1, 0, 4.81%, 0, 0, 3, 22084.84, 42282715, 205
2033, 168, 25, 119, 1, 0, 4.81%, 0, 0, 3, 21096.16, 42394648, 205
2038, 168, 29, 119, 1, 0, 4.81%, 0, 0, 3, 22390.32, 42508715, 205
2043, 169, 26, 119, 1, 0, 4.81%, 0, 0, 3, 20378.10, 42617741, 205
2048, 169, 26, 119, 1, 0, 4.81%, 0, 0, 3, 22087.37, 42735523, 205
2053, 170, 26, 119, 1, 0, 4.81%, 0, 0, 3, 20971.74, 42847868, 205
2059, 170, 26, 119, 1, 0, 4.81%, 0, 0, 3, 24139.66, 42973874, 205
2064, 171, 26, 119, 1, 0, 4.81%, 0, 0, 3, 21536.39, 43087651, 205
2069, 171, 20, 119, 1, 0, 4.81%, 0, 0, 3, 23206.78, 43207440, 205
2074, 172, 26, 119, 1, 0, 4.81%, 0, 0, 3, 22060.23, 43327096, 205
2079, 172, 26, 119, 1, 0, 4.81%, 0, 0, 3, 21828.34, 43439398, 205
2084, 172, 26, 119, 1, 0, 4.81%, 0, 0, 3, 18955.06, 43538348, 205
2090, 173, 19, 119, 1, 0, 4.81%, 0, 0, 3, 23611.57, 43660857, 205
2095, 173, 19, 119, 1, 0, 4.81%, 0, 0, 3, 21677.56, 43769513, 205
2100, 174, 26, 119, 1, 0, 4.81%, 0, 0, 3, 23648.05, 43890429, 205
2105, 174, 20, 119, 1, 0, 4.81%, 0, 0, 3, 22840.02, 44003048, 205
2110, 175, 26, 119, 1, 0, 4.81%, 0, 0, 3, 23571.41, 44129049, 205
2115, 175, 5, 119, 1, 0, 4.81%, 0, 0, 3, 21106.21, 44236947, 205
2120, 176, 40, 119, 1, 0, 4.81%, 0, 0, 3, 23934.84, 44361874, 205
2125, 176, 20, 119, 1, 0, 4.81%, 0, 0, 3, 22719.07, 44478511, 205
2130, 177, 26, 119, 1, 0, 4.81%, 0, 0, 3, 23296.43, 44598311, 205
2136, 177, 26, 119, 1, 0, 4.81%, 0, 0, 3, 21529.23, 44707665, 205
2141, 178, 20, 119, 1, 0, 4.81%, 0, 0, 3, 23539.21, 44831990, 205
2146, 178, 26, 119, 1, 0, 4.81%, 0, 0, 3, 20232.52, 44928298, 205
2151, 178, 34, 119, 1, 0, 4.81%, 0, 0, 3, 22768.81, 45045149, 205
2156, 179, 20, 119, 1, 0, 4.81%, 0, 0, 3, 21485.07, 45153153, 205
2161, 179, 26, 119, 1, 0, 4.81%, 0, 0, 3, 24045.35, 45280733, 205
2166, 180, 26, 119, 1, 0, 4.81%, 0, 0, 3, 22104.78, 45393435, 205
2171, 180, 26, 119, 1, 0, 4.81%, 0, 0, 3, 23475.91, 45513931, 205
2177, 181, 26, 119, 1, 0, 4.81%, 0, 0, 3, 22415.59, 45623877, 205
2182, 181, 26, 119, 1, 0, 4.81%, 0, 0, 3, 24425.40, 45747629, 205
2187, 182, 20, 119, 1, 0, 4.81%, 0, 0, 3, 22513.38, 45857636, 205
2192, 182, 26, 119, 1, 0, 4.81%, 0, 0, 3, 23889.72, 45978813, 205
2197, 183, 26, 119, 1, 0, 4.81%, 0, 0, 3, 22281.48, 46087490, 205
2202, 183, 20, 119, 1, 0, 4.81%, 0, 0, 3, 20885.91, 46198536, 205
2207, 184, 26, 119, 1, 0, 4.81%, 0, 0, 3, 21522.20, 46305048, 205
2213, 184, 26, 119, 1, 0, 4.81%, 0, 0, 3, 21617.51, 46420191, 205
2218, 184, 26, 119, 1, 0, 4.81%, 0, 0, 3, 21631.26, 46529369, 205
2223, 185, 40, 119, 1, 0, 4.81%, 0, 0, 3, 21894.19, 46651333, 205
2228, 185, 20, 119, 1, 0, 4.81%, 0, 0, 3, 21583.28, 46759857, 205
2233, 186, 26, 119, 1, 0, 4.81%, 0, 0, 3, 21858.12, 46876413, 205
2238, 186, 26, 119, 1, 0, 4.81%, 0, 0, 3, 23715.16, 46996939, 205
2244, 187, 20, 119, 1, 0, 4.81%, 0, 0, 3, 24146.84, 47118498, 205
2249, 187, 26, 119, 1, 0, 4.81%, 0, 0, 3, 22371.04, 47229435, 205
2254, 188, 26, 119, 1, 0, 4.81%, 0, 0, 3, 22789.68, 47352303, 205
2259, 188, 26, 119, 1, 0, 4.81%, 0, 0, 3, 22219.65, 47461387, 205
2264, 189, 20, 119, 1, 0, 4.81%, 0, 0, 3, 21004.75, 47569627, 205
2269, 189, 26, 119, 1, 0, 4.81%, 0, 0, 3, 23326.01, 47696029, 205
2274, 190, 26, 119, 1, 0, 4.81%, 0, 0, 3, 20637.31, 47806560, 205
2280, 190, 26, 119, 1, 0, 4.81%, 0, 0, 3, 22196.77, 47922569, 205
2285, 191, 26, 119, 1, 0, 4.81%, 0, 0, 3, 20559.19, 48028244, 205
2290, 191, 26, 119, 1, 0, 4.81%, 0, 0, 3, 22280.17, 48143879, 205
2295, 192, 26, 119, 1, 0, 4.81%, 0, 0, 3, 23869.52, 48265623, 205
2300, 192, 26, 119, 1, 0, 4.81%, 0, 0, 3, 24705.28, 48388939, 205
2305, 192, 20, 119, 1, 0, 4.81%, 0, 0, 3, 21944.24, 48502479, 205
2310, 193, 20, 119, 1, 0, 4.81%, 0, 0, 3, 20368.85, 48599868, 205
2315, 193, 5, 119, 1, 0, 4.81%, 0, 0, 3, 17975.56, 48698854, 205
2321, 194, 26, 119, 1, 0, 4.81%, 0, 0, 3, 22766.04, 48823961, 205
2326, 194, 26, 119, 1, 0, 4.81%, 0, 0, 3, 19705.88, 48919677, 205
2331, 195, 26, 119, 1, 0, 4.81%, 0, 0, 3, 27406.04, 49057823, 205
2336, 195, 26, 119, 1, 0, 4.81%, 0, 0, 3, 23070.81, 49170927, 205
2341, 196, 26, 119, 1, 0, 4.81%, 0, 0, 3, 23325.38, 49290655, 205
2346, 196, 26, 119, 1, 0, 4.81%, 0, 0, 3, 22624.73, 49402682, 205
2352, 196, 26, 119, 1, 0, 4.81%, 0, 0, 3, 20631.29, 49503023, 205
2357, 197, 26, 119, 1, 0, 4.81%, 0, 0, 3, 20842.82, 49609705, 205
2362, 197, 26, 119, 1, 0, 4.81%, 0, 0, 3, 24298.60, 49734155, 205
2367, 198, 26, 119, 1, 0, 4.81%, 0, 0, 3, 24402.55, 49854417, 205
2372, 198, 23, 119, 1, 0, 4.81%, 0, 0, 3, 23603.26, 49974899, 205
2377, 199, 26, 119, 1, 0, 4.81%, 0, 0, 3, 24609.76, 50098163, 205
2382, 199, 26, 119, 1, 0, 4.81%, 0, 0, 3, 20903.19, 50203138, 205
2388, 200, 26, 119, 1, 0, 4.81%, 0, 0, 3, 21240.68, 50309424, 205
2393, 200, 26, 119, 1, 0, 4.81%, 0, 0, 3, 21817.86, 50423751, 205
2398, 201, 26, 119, 1, 0, 4.81%, 0, 0, 3, 22227.17, 50535147, 205
2403, 201, 26, 119, 1, 0, 4.81%, 0, 0, 3, 21969.81, 50654633, 205
2408, 201, 26, 119, 1, 0, 4.81%, 0, 0, 3, 21404.52, 50760463, 205
2413, 202, 26, 119, 1, 0, 4.81%, 0, 0, 3, 21694.05, 50877637, 205
2418, 202, 26, 119, 1, 0, 4.81%, 0, 0, 3, 22918.65, 50992083, 205
2424, 203, 26, 119, 1, 0, 4.81%, 0, 0, 3, 20994.97, 51098460, 205
2429, 203, 26, 119, 1, 0, 4.81%, 0, 0, 3, 24391.78, 51219997, 205
2434, 204, 26, 119, 1, 0, 4.81%, 0, 0, 3, 21911.99, 51332763, 205
2439, 204, 26, 119, 1, 0, 4.81%, 0, 0, 3, 23945.55, 51457761, 205
2444, 205, 26, 119, 1, 0, 4.81%, 0, 0, 3, 20445.10, 51563236, 205
2449, 205, 26, 119, 1, 0, 4.81%, 0, 0, 3, 22040.86, 51680999, 205
2454, 206, 26, 119, 1, 0, 4.81%, 0, 0, 3, 21660.48, 51795787, 205
2460, 206, 20, 119, 1, 0, 4.81%, 0, 0, 3, 19771.54, 51901561, 205
2465, 206, 26, 119, 1, 0, 4.81%, 0, 0, 3, 20274.53, 52002731, 205
2470, 207, 26, 119, 1, 0, 4.81%, 0, 0, 3, 24107.55, 52128677, 205
2475, 207, 26, 119, 1, 0, 4.81%, 0, 0, 3, 19437.18, 52218877, 205
2480, 208, 26, 119, 1, 0, 4.81%, 0, 0, 3, 22734.45, 52338629, 205
2485, 208, 26, 119, 1, 0, 4.81%, 0, 0, 3, 21306.67, 52445491, 205
2490, 209, 26, 119, 1, 0, 4.81%, 0, 0, 3, 23190.93, 52565723, 205
2496, 209, 26, 119, 1, 0, 4.81%, 0, 0, 3, 22204.81, 52679253, 205
2501, 210, 20, 119, 1, 0, 4.81%, 0, 0, 3, 23887.06, 52798936, 205
2506, 210, 26, 119, 1, 0, 4.81%, 0, 0, 3, 20702.29, 52893521, 205
2511, 210, 20, 119, 1, 0, 4.81%, 0, 0, 3, 20990.15, 53001631, 205
2516, 211, 21, 119, 1, 0, 4.81%, 0, 0, 3, 6179.93, 53061591, 205
2521, 211, 26, 119, 1, 0, 4.81%, 0, 0, 3, 10303.71, 53117520, 205
2526, 211, 26, 119, 1, 0, 4.81%, 0, 0, 3, 15541.27, 53202727, 205
2532, 212, 20, 119, 1, 0, 4.81%, 0, 0, 3, 19559.18, 53309943, 205
2537, 212, 26, 119, 1, 0, 4.81%, 0, 0, 3, 20696.32, 53415671, 205
2542, 213, 26, 119, 1, 0, 4.81%, 0, 0, 3, 21726.77, 53530761, 205
2547, 213, 26, 119, 1, 0, 4.81%, 0, 0, 3, 20697.21, 53632296, 205
2552, 213, 20, 119, 1, 0, 4.81%, 0, 0, 3, 20510.72, 53737801, 205
2557, 214, 26, 119, 1, 0, 4.81%, 0, 0, 3, 19635.44, 53832105, 205
2562, 214, 5, 119, 1, 0, 4.81%, 0, 0, 3, 19626.99, 53936341, 205
2568, 214, 98, 119, 1, 0, 4.81%, 0, 0, 3, 12020.95, 53992898, 205
2573, 215, 26, 119, 0, 0, 4.81%, 0, 0, 3, 16685.11, 54083391, 205
2578, 215, 26, 119, 0, 0, 4.81%, 0, 0, 3, 14795.27, 54156019, 205
2583, 215, 26, 119, 0, 0, 4.81%, 0, 0, 3, 17345.98, 54242935, 205
2588, 216, 26, 119, 0, 0, 4.81%, 0, 0, 3, 18780.00, 54340335, 205
2593, 216, 26, 119, 0, 0, 4.81%, 0, 0, 3, 20078.07, 54443156, 205
2598, 217, 26, 119, 0, 0, 4.81%, 0, 0, 3, 19755.29, 54543391, 205
2604, 217, 4, 119, 0, 0, 4.81%, 0, 0, 3, 19972.48, 54648583, 205
2609, 217, 26, 119, 0, 0, 4.81%, 0, 0, 3, 15050.93, 54722757, 205
2614, 218, 26, 119, 0, 0, 4.81%, 0, 0, 3, 14929.79, 54794900, 205
2619, 218, 26, 119, 0, 0, 4.81%, 0, 0, 3, 20982.06, 54905813, 205
2624, 218, 26, 119, 0, 0, 4.81%, 0, 0, 3, 18108.35, 55002276, 205
2629, 219, 26, 119, 0, 0, 4.81%, 0, 0, 3, 21159.22, 55110058, 205
2634, 219, 20, 119, 0, 0, 4.81%, 0, 0, 3, 19414.21, 55216464, 205
2639, 220, 26, 119, 0, 0, 4.81%, 0, 0, 3, 21014.04, 55326296, 205
2644, 220, 20, 119, 0, 0, 4.81%, 0, 0, 3, 16880.81, 55415656, 205
2650, 220, 26, 119, 0, 0, 4.81%, 0, 0, 3, 18788.47, 55506765, 205
2655, 221, 26, 119, 0, 0, 4.81%, 0, 0, 3, 15604.22, 55579798, 205
2660, 221, 20, 119, 0, 0, 4.81%, 0, 0, 3, 17022.17, 55665018, 205
2665, 221, 29, 119, 0, 0, 4.81%, 0, 0, 3, 18405.54, 55760828, 205
2670, 222, 26, 119, 0, 0, 4.81%, 0, 0, 3, 21507.60, 55876380, 205
2675, 222, 26, 119, 0, 0, 4.81%, 0, 0, 3, 20623.78, 55981817, 205
2680, 223, 26, 119, 0, 0, 4.81%, 0, 0, 3, 20182.96, 56089640, 205
2685, 223, 26, 119, 0, 0, 4.81%, 0, 0, 3, 18382.59, 56181218, 205
2690, 223, 26, 119, 0, 0, 4.81%, 0, 0, 3, 17945.31, 56277045, 205
2695, 224, 23, 119, 0, 0, 4.81%, 0, 0, 3, 17405.92, 56362862, 205
2701, 224, 26, 119, 0, 0, 4.81%, 0, 0, 3, 20343.95, 56469595, 205
2706, 225, 26, 119, 0, 0, 4.81%, 0, 0, 3, 18281.46, 56564224, 205
2711, 225, 26, 119, 0, 0, 4.81%, 0, 0, 3, 14566.55, 56640462, 205
2716, 225, 26, 119, 0, 0, 4.81%, 0, 0, 3, 17545.30, 56725744, 205
2721, 226, 26, 119, 0, 0, 4.81%, 0, 0, 3, 19206.87, 56816969, 205
2726, 226, 26, 119, 0, 0, 4.81%, 0, 0, 3, 16077.24, 56897733, 205
2731, 226, 20, 119, 0, 0, 4.81%, 0, 0, 3, 15701.08, 56973349, 205
2736, 227, 20, 119, 0, 0, 4.81%, 0, 0, 3, 19748.59, 57077274, 205
2742, 227, 5, 119, 0, 0, 4.81%, 0, 0, 3, 20967.04, 57190554, 205
2747, 228, 26, 119, 0, 0, 4.81%, 0, 0, 3, 19627.94, 57288664, 205
2752, 228, 26, 119, 0, 0, 4.81%, 0, 0, 3, 21367.01, 57400290, 205
2757, 228, 26, 119, 0, 0, 4.81%, 0, 0, 3, 16595.26, 57487766, 205
2762, 229, 26, 119, 0, 0, 4.81%, 0, 0, 3, 19446.08, 57584068, 205
2767, 229, 26, 119, 0, 0, 4.81%, 0, 0, 3, 20539.69, 57684827, 205
2773, 229, 26, 119, 0, 0, 4.81%, 0, 0, 3, 18881.15, 57781849, 205
2778, 230, 5, 119, 0, 0, 4.81%, 0, 0, 3, 20812.12, 57884564, 205
2783, 230, 26, 119, 0, 0, 4.81%, 0, 0, 3, 19137.68, 57982443, 205
2788, 231, 26, 119, 0, 0, 4.81%, 0, 0, 3, 19125.67, 58081982, 205
2793, 231, 26, 119, 0, 0, 4.81%, 0, 0, 3, 19819.37, 58183288, 205
2798, 232, 5, 119, 0, 0, 4.81%, 0, 0, 3, 21905.36, 58297236, 205
2804, 232, 40, 119, 0, 0, 4.81%, 0, 0, 3, 20134.43, 58402146, 205
2809, 232, 26, 119, 0, 0, 4.81%, 0, 0, 3, 22039.95, 58513931, 205
2814, 233, 26, 119, 0, 0, 4.81%, 0, 0, 3, 23404.59, 58641634, 205
2819, 233, 20, 119, 0, 0, 4.81%, 0, 0, 3, 23042.97, 58759120, 205
2824, 234, 21, 119, 0, 0, 4.81%, 0, 0, 3, 22872.86, 58872426, 205
2829, 234, 26, 119, 0, 0, 4.81%, 0, 0, 3, 22508.47, 58986647, 205
2834, 235, 26, 119, 0, 0, 4.81%, 0, 0, 3, 20988.16, 59096885, 205
2839, 235, 20, 119, 0, 0, 4.81%, 0, 0, 3, 23109.95, 59223713, 205
2844, 236, 26, 119, 0, 0, 4.81%, 0, 0, 3, 21226.62, 59330009, 205
2850, 236, 5, 119, 0, 0, 4.81%, 0, 0, 3, 21387.61, 59443835, 205
2855, 237, 40, 119, 0, 0, 4.81%, 0, 0, 3, 21030.17, 59554652, 205
2860, 237, 40, 119, 0, 0, 4.81%, 0, 0, 3, 22110.60, 59670632, 205
2865, 238, 26, 119, 0, 0, 4.81%, 0, 0, 3, 19482.66, 59771426, 205
2870, 238, 26, 119, 0, 0, 4.81%, 0, 0, 3, 21260.73, 59879269, 205
2875, 238, 26, 119, 0, 0, 4.81%, 0, 0, 3, 21042.78, 59988112, 205
2880, 239, 20, 119, 0, 0, 4.81%, 0, 0, 3, 22691.32, 60102198, 205
2885, 239, 26, 119, 0, 0, 4.81%, 0, 0, 3, 21300.91, 60212526, 205
2890, 240, 20, 119, 0, 0, 4.81%, 0, 0, 3, 23666.32, 60337731, 205
2896, 240, 26, 119, 0, 0, 4.81%, 0, 0, 3, 21129.56, 60448734, 205
2901, 241, 26, 119, 0, 0, 4.81%, 0, 0, 3, 21430.80, 60560866, 205
2906, 241, 26, 119, 0, 0, 4.81%, 0, 0, 3, 20942.70, 60670715, 205
2911, 241, 26, 119, 0, 0, 4.81%, 0, 0, 3, 20675.20, 60774630, 205
2916, 242, 20, 119, 0, 0, 4.81%, 0, 0, 3, 20808.43, 60880142, 205
2921, 242, 26, 119, 0, 0, 4.81%, 0, 0, 3, 21318.22, 60987794, 205
2926, 243, 26, 119, 0, 0, 4.81%, 0, 0, 3, 19634.82, 61081172, 205
2931, 243, 20, 119, 0, 0, 4.81%, 0, 0, 3, 21493.67, 61192470, 205
2937, 244, 20, 119, 0, 0, 4.81%, 0, 0, 3, 21674.18, 61303634, 205
2942, 244, 26, 119, 0, 0, 4.81%, 0, 0, 3, 22393.69, 61417940, 205
2947, 245, 26, 119, 0, 0, 4.81%, 0, 0, 3, 23557.09, 61534350, 205
2952, 245, 20, 119, 0, 0, 4.81%, 0, 0, 3, 24041.80, 61659649, 205
2957, 245, 26, 119, 0, 0, 4.81%, 0, 0, 3, 21330.58, 61763742, 205
2962, 246, 20, 119, 0, 0, 4.81%, 0, 0, 3, 21408.41, 61874973, 205
2968, 246, 26, 119, 0, 0, 4.81%, 0, 0, 3, 20961.45, 61979047, 205
2973, 247, 5, 119, 0, 0, 4.81%, 0, 0, 3, 23946.30, 62103798, 205
2978, 247, 5, 119, 0, 0, 4.81%, 0, 0, 3, 20810.52, 62203556, 205
2983, 248, 26, 119, 0, 0, 4.81%, 0, 0, 3, 19521.73, 62310556, 205
2988, 248, 23, 119, 0, 0, 4.81%, 0, 0, 3, 21962.50, 62419686, 205
2993, 249, 26, 119, 0, 0, 4.81%, 0, 0, 3, 21999.92, 62533572, 205
2998, 249, 26, 119, 0, 0, 4.81%, 0, 0, 3, 22671.86, 62647418, 205
3003, 249, 26, 119, 0, 0, 4.81%, 0, 0, 3, 22272.23, 62762528, 205
3009, 250, 26, 119, 0, 0, 4.81%, 0, 0, 3, 23550.93, 62883182, 205
3014, 250, 20, 119, 0, 0, 4.81%, 0, 0, 3, 21876.81, 62994494, 205
3019, 251, 20, 119, 0, 0, 4.81%, 0, 0, 3, 20481.12, 63100782, 205
3024, 251, 20, 119, 0, 0, 4.81%, 0, 0, 3, 14479.29, 63162169, 205
3029, 251, 26, 119, 0, 0, 4.81%, 0, 0, 3, 17373.24, 63256788, 205
3034, 252, 26, 119, 0, 0, 4.81%, 0, 0, 3, 17284.14, 63349685, 205
3040, 252, 26, 119, 0, 0, 4.81%, 0, 0, 3, 18905.18, 63446789, 205
3045, 253, 26, 119, 0, 0, 4.81%, 0, 0, 3, 17240.15, 63535550, 205
3050, 253, 26, 119, 0, 0, 4.81%, 0, 0, 3, 20032.01, 63638902, 205
3055, 253, 20, 119, 0, 0, 4.81%, 0, 0, 3, 17194.34, 63727908, 205
3060, 254, 26, 119, 0, 0, 4.81%, 0, 0, 3, 17670.59, 63816112, 205
3065, 254, 26, 119, 0, 0, 4.81%, 0, 0, 3, 17532.40, 63910707, 205
3070, 254, 29, 119, 0, 0, 4.81%, 0, 0, 3, 16840.86, 63986875, 205
3075, 255, 4, 119, 0, 0, 4.81%, 0, 0, 3, 16768.34, 64066543, 205
3080, 255, 5, 119, 0, 0, 4.81%, 0, 0, 3, 21914.14, 64175244, 205
3085, 255, 26, 119, 0, 0, 4.81%, 0, 0, 3, 16776.90, 64252588, 205
3090, 256, 26, 119, 0, 0, 4.81%, 0, 0, 3, 19648.95, 64359192, 205
3096, 256, 26, 119, 0, 0, 4.81%, 0, 0, 3, 19794.60, 64462540, 205
3101, 257, 5, 119, 0, 0, 4.81%, 0, 0, 3, 21572.53, 64578882, 205
3106, 257, 29, 119, 0, 0, 4.81%, 0, 0, 3, 20243.28, 64676901, 205
3111, 258, 26, 119, 0, 0, 4.81%, 0, 0, 3, 21246.00, 64787044, 205
3116, 258, 21, 119, 0, 0, 4.81%, 0, 0, 3, 16864.84, 64865046, 205
3121, 258, 20, 119, 0, 0, 4.81%, 0, 0, 3, 16399.61, 64949317, 205
3126, 259, 20, 119, 0, 0, 4.81%, 0, 0, 3, 17612.30, 65027618, 205
3132, 259, 26, 119, 0, 0, 4.81%, 0, 0, 3, 22091.54, 65144510, 205
3137, 259, 26, 119, 0, 0, 4.81%, 0, 0, 3, 19625.50, 65241534, 205
3142, 260, 26, 119, 0, 0, 4.81%, 0, 0, 3, 22717.45, 65361679, 205
3147, 260, 26, 119, 0, 0, 4.81%, 0, 0, 3, 20204.95, 65464093, 205
3152, 261, 26, 119, 0, 0, 4.81%, 0, 0, 3, 21356.75, 65574556, 205
3157, 261, 26, 119, 0, 0, 4.81%, 0, 0, 3, 18038.22, 65654271, 205
3162, 261, 26, 119, 0, 0, 4.81%, 0, 0, 3, 15925.55, 65738345, 205
3168, 262, 26, 119, 0, 0, 4.81%, 0, 0, 3, 17740.43, 65827664, 205
3173, 262, 19, 119, 0, 0, 4.81%, 0, 0, 3, 15091.46, 65905392, 205
3178, 262, 26, 119, 0, 0, 4.81%, 0, 0, 3, 14136.86, 65981296, 205
3183, 263, 26, 119, 0, 0, 4.81%, 0, 0, 3, 21212.70, 66097593, 205
3188, 263, 26, 119, 0, 0, 4.81%, 0, 0, 3, 20365.49, 66196986, 205
3193, 264, 20, 119, 0, 0, 4.81%, 0, 0, 3, 19358.50, 66295624, 205
3198, 264, 26, 119, 0, 0, 4.81%, 0, 0, 3, 18356.44, 66385923, 205
3204, 264, 26, 119, 0, 0, 4.81%, 0, 0, 3, 19451.01, 66491337, 205
3209, 265, 26, 119, 0, 0, 4.81%, 0, 0, 3, 17892.42, 66571049, 205
3214, 265, 40, 119, 0, 0, 4.81%, 0, 0, 3, 19841.83, 66679516, 205
3219, 265, 26, 119, 0, 0, 4.81%, 0, 0, 3, 18161.88, 66773486, 205
3224, 266, 26, 119, 0, 0, 4.81%, 0, 0, 3, 15505.84, 66851340, 205
3229, 266, 20, 119, 0, 0, 4.81%, 0, 0, 3, 17664.17, 66941961, 205
3234, 266, 26, 119, 0, 0, 4.81%, 0, 0, 3, 19426.05, 67042976, 205
3239, 267, 19, 119, 0, 0, 4.81%, 0, 0, 3, 16647.52, 67121950, 205
3244, 267, 20, 119, 0, 0, 4.81%, 0, 0, 3, 18798.66, 67221500, 205
3249, 268, 26, 119, 0, 0, 4.81%, 0, 0, 3, 22293.67, 67335185, 205
3255, 268, 29, 119, 0, 0, 4.81%, 0, 0, 3, 17410.27, 67419083, 205
3260, 269, 26, 119, 0, 0, 4.81%, 0, 0, 3, 22374.52, 67535889, 205
3265, 269, 26, 119, 0, 0, 4.81%, 0, 0, 3, 19827.18, 67639448, 205
3270, 269, 26, 119, 0, 0, 4.81%, 0, 0, 3, 21009.63, 67752878, 205
3275, 270, 29, 119, 0, 0, 4.81%, 0, 0, 3, 21301.01, 67865006, 205
3280, 270, 20, 119, 0, 0, 4.81%, 0, 0, 3, 22029.23, 67979177, 205
3286, 271, 26, 119, 0, 0, 4.81%, 0, 0, 3, 19154.12, 68074223, 205
3291, 271, 20, 119, 0, 0, 4.81%, 0, 0, 3, 22741.73, 68194093, 205
3296, 272, 29, 119, 0, 0, 4.81%, 0, 0, 3, 20869.22, 68298974, 205
3301, 272, 25, 119, 0, 0, 4.81%, 0, 0, 3, 20582.77, 68409434, 205
3306, 272, 26, 119, 0, 0, 4.81%, 0, 0, 3, 18299.91, 68493711, 205
3311, 273, 26, 119, 0, 0, 4.81%, 0, 0, 3, 19470.75, 68601313, 205
3316, 273, 26, 119, 0, 0, 4.81%, 0, 0, 3, 15791.23, 68673015, 205
3321, 273, 26, 119, 0, 0, 4.81%, 0, 0, 3, 17771.83, 68767640, 205
3326, 274, 26, 119, 0, 0, 4.81%, 0, 0, 3, 17741.66, 68855961, 205
3331, 274, 26, 119, 0, 0, 4.81%, 0, 0, 3, 19786.92, 68955645, 205
3337, 275, 26, 119, 0, 0, 4.81%, 0, 0, 3, 19567.45, 69051860, 205
3342, 275, 26, 119, 0, 0, 4.81%, 0, 0, 3, 23862.59, 69176448, 205
3347, 275, 4, 119, 0, 0, 4.81%, 0, 0, 3, 19161.47, 69264270, 205
3352, 276, 26, 119, 0, 0, 4.81%, 0, 0, 3, 20280.46, 69365738, 205
3357, 276, 26, 119, 0, 0, 4.81%, 0, 0, 3, 20984.44, 69465975, 205
3362, 277, 26, 119, 0, 0, 4.81%, 0, 0, 3, 22227.97, 69580881, 205
3368, 277, 26, 119, 0, 0, 4.81%, 0, 0, 3, 22391.38, 69684152, 205
3373, 278, 26, 119, 0, 0, 4.81%, 0, 0, 3, 22187.98, 69799219, 205
3378, 278, 26, 119, 0, 0, 4.81%, 0, 0, 3, 20421.01, 69898397, 205
3383, 278, 26, 119, 0, 0, 4.81%, 0, 0, 3, 21789.33, 70013960, 205
3388, 279, 26, 119, 0, 0, 4.81%, 0, 0, 3, 22480.41, 70125912, 205
3393, 279, 26, 119, 0, 0, 4.81%, 0, 0, 3, 22262.35, 70240868, 205
3398, 280, 26, 119, 0, 0, 4.81%, 0, 0, 3, 23035.31, 70357540, 205
3403, 280, 26, 119, 0, 0, 4.81%, 0, 0, 3, 15643.66, 70431503, 205
3409, 280, 26, 119, 0, 0, 4.81%, 0, 0, 3, 17347.69, 70520062, 205
3414, 281, 26, 119, 0, 0, 4.81%, 0, 0, 3, 16871.43, 70605463, 205
3419, 281, 26, 119, 0, 0, 4.81%, 0, 0, 3, 18908.65, 70701319, 205
3424, 281, 5, 119, 0, 0, 4.81%, 0, 0, 3, 18001.34, 70788359, 205
3429, 282, 26, 119, 0, 0, 4.81%, 0, 0, 3, 15873.98, 70871772, 205
3434, 282, 26, 119, 0, 0, 4.81%, 0, 0, 3, 15521.48, 70954597, 205
3439, 282, 29, 119, 0, 0, 4.81%, 0, 0, 3, 18166.02, 71045404, 205
3445, 283, 26, 119, 0, 0, 4.81%, 0, 0, 3, 19687.78, 71152769, 205
3450, 283, 26, 119, 0, 0, 4.81%, 0, 0, 3, 19683.69, 71253663, 205
3455, 284, 26, 119, 0, 0, 4.81%, 0, 0, 3, 18726.15, 71351278, 205
3460, 284, 26, 119, 0, 0, 4.81%, 0, 0, 3, 21846.08, 71473450, 205
3465, 284, 21, 119, 0, 0, 4.81%, 0, 0, 3, 15147.30, 71545618, 205
3470, 285, 19, 119, 0, 0, 4.81%, 0, 0, 3, 18420.75, 71643286, 205
3475, 285, 23, 119, 0, 0, 4.81%, 0, 0, 3, 16758.17, 71729702, 205
3480, 286, 26, 119, 0, 0, 4.81%, 0, 0, 3, 18930.11, 71825704, 205
3485, 286, 20, 119, 0, 0, 4.81%, 0, 0, 3, 17335.74, 71913006, 205
3491, 286, 20, 119, 0, 0, 4.81%, 0, 0, 3, 20049.36, 72018686, 205
3496, 287, 20, 119, 0, 0, 4.81%, 0, 0, 3, 18464.60, 72111730, 205
3501, 287, 26, 119, 0, 0, 4.81%, 0, 0, 3, 15719.50, 72186549, 205
3506, 287, 26, 119, 0, 0, 4.81%, 0, 0, 3, 16678.13, 72272735, 205
3511, 288, 26, 119, 0, 0, 4.81%, 0, 0, 3, 17441.10, 72366045, 205
3516, 288, 26, 119, 0, 0, 4.81%, 0, 0, 3, 17708.67, 72457502, 205
3521, 289, 33, 119, 0, 0, 4.81%, 0, 0, 3, 19113.53, 72558629, 205
3527, 289, 20, 119, 0, 0, 4.81%, 0, 0, 3, 16257.29, 72637360, 205
3532, 289, 26, 119, 0, 0, 4.81%, 0, 0, 3, 16060.05, 72725768, 205
3537, 289, 26, 119, 0, 0, 4.81%, 0, 0, 3, 13453.91, 72789055, 205
3542, 290, 26, 119, 0, 0, 4.81%, 0, 0, 3, 17610.33, 72889032, 205
3547, 290, 26, 119, 0, 0, 4.81%, 0, 0, 3, 19833.37, 72993506, 205
3552, 291, 26, 119, 0, 0, 4.81%, 0, 0, 3, 18705.94, 73084907, 205
3557, 291, 26, 119, 0, 0, 4.81%, 0, 0, 3, 18582.26, 73179300, 205
3563, 291, 26, 119, 0, 0, 4.81%, 0, 0, 3, 17783.41, 73265891, 205
3568, 292, 20, 119, 0, 0, 4.81%, 0, 0, 3, 17543.80, 73355124, 205
3573, 292, 26, 119, 0, 0, 4.81%, 0, 0, 3, 19131.08, 73440374, 205
3578, 292, 19, 119, 0, 0, 4.81%, 0, 0, 3, 19296.47, 73539350, 205
3583, 293, 26, 119, 0, 0, 4.81%, 0, 0, 3, 17308.91, 73628097, 205
3588, 293, 26, 119, 0, 0, 4.81%, 0, 0, 3, 20632.68, 73731984, 205
3593, 294, 20, 119, 0, 0, 4.81%, 0, 0, 3, 22717.32, 73853388, 205
3595, 294, 26, 119, 0, 0, 4.81%, 0, 0, 3, 21593.69, 73885817, 205
