# relative_time, cycles_done, cur_item, corpus_count, pending_total, pending_favs, map_size, saved_crashes, saved_hangs, max_depth, execs_per_sec, total_execs, edges_found
60, 0, 125, 159, 126, 1, 7.75%, 0, 0, 6, 16178.02, 1128643, 377
66, 0, 83, 160, 124, 0, 7.75%, 0, 0, 6, 17205.44, 1215056, 377
71, 0, 83, 160, 124, 0, 7.75%, 0, 0, 6, 19597.77, 1320817, 377
76, 0, 83, 160, 124, 0, 7.75%, 0, 0, 6, 19887.32, 1419426, 377
81, 0, 83, 161, 125, 0, 7.75%, 0, 0, 6, 19979.90, 1518636, 377
86, 0, 16, 161, 125, 0, 7.75%, 0, 0, 6, 21401.58, 1622799, 377
91, 0, 83, 161, 125, 0, 7.75%, 0, 0, 6, 20382.39, 1724050, 377
96, 1, 125, 161, 125, 0, 7.75%, 0, 0, 6, 19461.56, 1815334, 377
101, 1, 83, 162, 125, 0, 7.75%, 0, 0, 6, 17717.27, 1900355, 377
106, 1, 83, 162, 125, 0, 7.75%, 0, 0, 6, 18447.32, 1989240, 377
111, 1, 125, 163, 126, 0, 7.75%, 0, 0, 6, 19642.28, 2090244, 377
116, 1, 83, 163, 126, 0, 7.75%, 0, 0, 6, 18813.65, 2179717, 377
121, 1, 83, 163, 125, 0, 7.75%, 0, 0, 6, 18259.62, 2266318, 377
126, 1, 100, 163, 125, 0, 7.75%, 0, 0, 6, 19196.01, 2358645, 377
132, 1, 53, 163, 125, 0, 7.75%, 0, 0, 6, 24335.40, 2489200, 377
137, 1, 40, 163, 125, 0, 7.75%, 0, 0, 6, 21368.35, 2591838, 377
142, 1, 83, 163, 125, 0, 7.75%, 0, 0, 6, 18647.23, 2686625, 377
147, 2, 83, 230, 191, 0, 7.75%, 0, 0, 6, 18640.58, 2774082, 377
152, 2, 83, 230, 191, 0, 7.75%, 0, 0, 6, 20781.65, 2874326, 377
157, 2, 83, 230, 191, 0, 7.75%, 0, 0, 6, 22932.01, 2989963, 377
162, 2, 83, 230, 191, 0, 7.75%, 0, 0, 6, 25447.63, 3123859, 377
167, 2, 53, 230, 191, 0, 7.75%, 0, 0, 6, 23297.87, 3243950, 377
172, 2, 31, 230, 190, 0, 7.75%, 0, 0, 6, 19511.14, 3338750, 377
177, 2, 83, 230, 190, 0, 7.75%, 0, 0, 6, 21249.04, 3449634, 377
183, 2, 100, 230, 190, 0, 7.75%, 0, 0, 6, 21981.07, 3564027, 377
188, 2, 125, 230, 190, 0, 7.75%, 0, 0, 6, 22544.31, 3686647, 377
193, 2, 83, 230, 190, 0, 7.75%, 0, 0, 6, 23280.77, 3814738, 377
198, 2, 83, 230, 190, 0, 7.75%, 0, 0, 6, 24815.77, 3940584, 377
203, 2, 83, 230, 190, 0, 7.75%, 0, 0, 6, 23929.99, 4062628, 377
208, 3, 83, 242, 202, 0, 7.75%, 0, 0, 6, 23801.45, 4180781, 377
213, 3, 83, 242, 202, 0, 7.75%, 0, 0, 6, 22720.97, 4297619, 377
218, 3, 31, 242, 201, 0, 7.75%, 0, 0, 6, 21980.05, 4403512, 377
223, 3, 125, 242, 201, 0, 7.75%, 0, 0, 6, 20521.54, 4501444, 377
228, 3, 138, 242, 201, 0, 7.75%, 0, 0, 6, 21717.03, 4608222, 377
233, 3, 83, 242, 201, 0, 7.75%, 0, 0, 6, 18953.05, 4702860, 377
238, 3, 83, 242, 201, 0, 7.75%, 0, 0, 6, 21197.75, 4811060, 377
243, 3, 83, 242, 201, 0, 7.75%, 0, 0, 6, 20635.13, 4914300, 377
248, 3, 83, 242, 201, 0, 7.75%, 0, 0, 6, 21402.18, 5022527, 377
254, 3, 10, 242, 201, 0, 7.75%, 0, 0, 6, 23445.02, 5140570, 377
259, 3, 100, 242, 201, 0, 7.75%, 0, 0, 6, 21612.84, 5246408, 377
264, 3, 83, 242, 201, 0, 7.75%, 0, 0, 6, 21205.21, 5359922, 377
269, 3, 125, 242, 201, 0, 7.75%, 0, 0, 6, 21703.92, 5472792, 377
274, 3, 100, 242, 200, 0, 7.75%, 0, 0, 6, 19018.10, 5567928, 377
279, 4, 83, 247, 204, 0, 7.75%, 0, 0, 6, 19598.43, 5678370, 377
284, 4, 83, 247, 203, 0, 7.75%, 0, 0, 6, 19605.02, 5779336, 377
289, 4, 83, 247, 202, 0, 7.75%, 0, 0, 6, 21118.16, 5894728, 377
294, 4, 83, 247, 201, 0, 7.75%, 0, 0, 6, 18658.68, 5984964, 377
300, 4, 100, 247, 201, 0, 7.75%, 0, 0, 6, 18708.92, 6079328, 377
305, 4, 83, 247, 201, 0, 7.75%, 0, 0, 6, 20608.97, 6189500, 377
310, 4, 83, 247, 200, 0, 7.75%, 0, 0, 6, 22939.70, 6311895, 377
315, 4, 83, 247, 200, 0, 7.75%, 0, 0, 6, 20155.16, 6410688, 377
320, 4, 83, 247, 200, 0, 7.75%, 0, 0, 6, 21333.14, 6521165, 377
325, 4, 83, 247, 200, 0, 7.75%, 0, 0, 6, 19886.56, 6613484, 377
330, 4, 83, 247, 200, 0, 7.75%, 0, 0, 6, 24226.12, 6739114, 377
335, 4, 83, 247, 199, 0, 7.75%, 0, 0, 6, 21120.27, 6834895, 377
340, 4, 16, 247, 199, 0, 7.75%, 0, 0, 6, 25204.76, 6964197, 377
345, 4, 125, 247, 199, 0, 7.75%, 0, 0, 6, 21279.27, 7060101, 377
351, 5, 83, 257, 209, 0, 7.75%, 0, 0, 6, 22561.02, 7178671, 377
356, 5, 83, 257, 209, 0, 7.75%, 0, 0, 6, 21736.74, 7281539, 377
361, 5, 83, 257, 209, 0, 7.75%, 0, 0, 6, 20220.31, 7377017, 377
366, 5, 83, 257, 209, 0, 7.75%, 0, 0, 6, 21538.80, 7483849, 377
371, 5, 100, 257, 209, 0, 7.75%, 0, 0, 6, 22356.94, 7595397, 377
376, 5, 83, 257, 209, 0, 7.75%, 0, 0, 6, 20205.78, 7696563, 377
381, 5, 83, 257, 209, 0, 7.75%, 0, 0, 6, 22611.67, 7809382, 377
386, 5, 78, 257, 209, 0, 7.75%, 0, 0, 6, 23033.75, 7927440, 377
391, 5, 83, 257, 208, 0, 7.75%, 0, 0, 6, 19247.78, 8026127, 377
396, 5, 83, 257, 208, 0, 7.75%, 0, 0, 6, 23326.15, 8147764, 377
402, 5, 83, 257, 208, 0, 7.75%, 0, 0, 6, 20902.85, 8255356, 377
407, 5, 83, 257, 208, 0, 7.75%, 0, 0, 6, 20532.04, 8358585, 377
412, 5, 83, 257, 207, 0, 7.75%, 0, 0, 6, 21299.43, 8476444, 377
417, 5, 134, 257, 206, 0, 7.75%, 0, 0, 6, 19828.24, 8574716, 377
422, 6, 83, 257, 205, 0, 7.75%, 0, 0, 6, 21899.53, 8685312, 377
427, 6, 155, 257, 205, 0, 7.75%, 0, 0, 6, 26848.41, 8824717, 377
432, 6, 83, 257, 205, 0, 7.75%, 0, 0, 6, 21786.62, 8936669, 377
437, 6, 100, 257, 203, 0, 7.75%, 0, 0, 6, 21655.09, 9048605, 377
443, 6, 125, 257, 203, 0, 7.75%, 0, 0, 6, 22153.81, 9168450, 377
448, 6, 83, 257, 203, 0, 7.75%, 0, 0, 6, 22627.71, 9288140, 377
453, 6, 83, 257, 203, 0, 7.75%, 0, 0, 6, 19723.91, 9382942, 377
458, 6, 83, 257, 203, 0, 7.75%, 0, 0, 6, 20230.69, 9486548, 377
463, 6, 16, 257, 203, 0, 7.75%, 0, 0, 6, 22323.03, 9606580, 377
468, 6, 83, 257, 203, 0, 7.75%, 0, 0, 6, 21995.29, 9718452, 377
473, 6, 83, 257, 203, 0, 7.75%, 0, 0, 6, 19949.15, 9829569, 377
478, 6, 83, 257, 203, 0, 7.75%, 0, 0, 6, 19527.78, 9934664, 377
483, 6, 125, 257, 202, 0, 7.75%, 0, 0, 6, 29308.88, 10020742, 377
488, 6, 83, 257, 202, 0, 7.75%, 0, 0, 6, 24405.32, 10138615, 377
494, 6, 125, 257, 202, 0, 7.75%, 0, 0, 6, 21739.15, 10251050, 377
499, 7, 83, 263, 208, 0, 7.75%, 0, 0, 6, 27692.66, 10396632, 377
504, 7, 83, 263, 208, 0, 7.75%, 0, 0, 6, 28528.02, 10539115, 377
509, 7, 83, 263, 208, 0, 7.75%, 0, 0, 6, 27894.27, 10680278, 377
514, 7, 82, 263, 208, 0, 7.75%, 0, 0, 6, 26444.08, 10811238, 377
519, 7, 83, 263, 207, 0, 7.75%, 0, 0, 6, 29952.99, 10968703, 377
524, 7, 83, 263, 206, 0, 7.75%, 0, 0, 6, 24784.68, 11095934, 377
529, 7, 8, 263, 206, 0, 7.75%, 0, 0, 6, 26364.82, 11241936, 377
534, 7, 16, 263, 206, 0, 7.75%, 0, 0, 6, 25921.93, 11375383, 377
539, 7, 83, 263, 206, 0, 7.75%, 0, 0, 6, 27017.64, 11513354, 377
544, 7, 83, 263, 206, 0, 7.75%, 0, 0, 6, 25347.51, 11643031, 377
550, 7, 83, 263, 206, 0, 7.75%, 0, 0, 6, 30074.50, 11806119, 377
555, 7, 83, 263, 206, 0, 7.75%, 0, 0, 6, 27791.47, 11942817, 377
560, 7, 83, 263, 206, 0, 7.75%, 0, 0, 6, 28536.92, 12094640, 377
565, 7, 83, 263, 206, 0, 7.75%, 0, 0, 6, 26970.49, 12234309, 377
570, 7, 8, 263, 206, 0, 7.75%, 0, 0, 6, 26801.46, 12373040, 377
575, 8, 125, 273, 216, 0, 7.75%, 0, 0, 6, 26920.52, 12500783, 377
580, 8, 8, 273, 216, 0, 7.75%, 0, 0, 6, 28844.40, 12648900, 377
585, 8, 83, 273, 216, 0, 7.75%, 0, 0, 6, 24714.17, 12768852, 377
590, 8, 83, 273, 216, 0, 7.75%, 0, 0, 6, 28005.55, 12909437, 377
595, 8, 8, 273, 216, 0, 7.75%, 0, 0, 6, 29224.06, 13054050, 377
600, 8, 125, 273, 216, 0, 7.75%, 0, 0, 6, 28054.58, 13185835, 377
606, 8, 79, 273, 216, 0, 7.75%, 0, 0, 6, 28186.88, 13328032, 377
611, 8, 8, 273, 215, 0, 7.75%, 0, 0, 6, 27892.11, 13465752, 377
616, 8, 83, 273, 215, 0, 7.75%, 0, 0, 6, 28542.43, 13600353, 377
621, 8, 83, 273, 215, 0, 7.75%, 0, 0, 6, 23505.20, 13714237, 377
626, 8, 83, 273, 215, 0, 7.75%, 0, 0, 6, 26428.88, 13844449, 377
631, 8, 83, 273, 215, 0, 7.75%, 0, 0, 6, 23275.62, 13954239, 377
636, 8, 125, 273, 215, 0, 7.75%, 0, 0, 6, 19160.21, 14051916, 377
641, 8, 83, 273, 215, 0, 7.75%, 0, 0, 6, 18574.92, 14144528, 377
646, 8, 8, 273, 214, 0, 7.75%, 0, 0, 6, 17608.50, 14234956, 377
651, 8, 83, 273, 214, 0, 7.75%, 0, 0, 6, 21234.30, 14345567, 377
656, 8, 83, 273, 214, 0, 7.75%, 0, 0, 6, 24801.91, 14473872, 377
662, 8, 16, 273, 214, 0, 7.75%, 0, 0, 6, 24910.95, 14608236, 377
667, 9, 8, 274, 213, 0, 7.75%, 0, 0, 6, 24079.33, 14729429, 377
672, 9, 126, 274, 213, 0, 7.75%, 0, 0, 6, 25607.63, 14861651, 377
677, 9, 15, 274, 213, 0, 7.75%, 0, 0, 6, 27661.23, 15008509, 377
682, 9, 83, 274, 213, 0, 7.75%, 0, 0, 6, 26653.58, 15148215, 377
687, 9, 83, 274, 212, 0, 7.75%, 0, 0, 6, 26968.72, 15282568, 377
692, 9, 100, 274, 212, 0, 7.75%, 0, 0, 6, 26952.48, 15428813, 377
698, 9, 83, 274, 212, 0, 7.75%, 0, 0, 6, 31307.87, 15590962, 377
703, 9, 83, 274, 210, 0, 7.75%, 0, 0, 6, 24255.60, 15708512, 377
708, 9, 83, 274, 208, 0, 7.75%, 0, 0, 6, 26402.52, 15835396, 377
713, 9, 83, 274, 208, 0, 7.75%, 0, 0, 6, 26405.54, 15968688, 377
718, 9, 41, 274, 208, 0, 7.75%, 0, 0, 6, 23545.83, 16093988, 377
723, 9, 83, 274, 208, 0, 7.75%, 0, 0, 6, 25642.03, 16225234, 377
728, 9, 83, 274, 208, 0, 7.75%, 0, 0, 6, 27024.19, 16366391, 377
733, 9, 83, 274, 208, 0, 7.75%, 0, 0, 6, 27125.91, 16502852, 377
738, 9, 83, 274, 207, 0, 7.75%, 0, 0, 6, 27949.72, 16655048, 377
743, 9, 83, 274, 207, 0, 7.75%, 0, 0, 6, 23510.30, 16774064, 377
748, 9, 100, 274, 207, 0, 7.75%, 0, 0, 6, 24279.92, 16899481, 377
753, 10, 83, 274, 207, 0, 7.75%, 0, 0, 6, 24131.27, 17026707, 377
759, 10, 83, 274, 206, 0, 7.75%, 0, 0, 6, 24992.67, 17160058, 377
764, 10, 83, 274, 205, 0, 7.75%, 0, 0, 6, 27716.76, 17305218, 377
769, 10, 83, 274, 205, 0, 7.75%, 0, 0, 6, 28039.64, 17444297, 377
774, 10, 8, 274, 204, 0, 7.75%, 0, 0, 6, 23897.56, 17555209, 377
779, 10, 83, 274, 204, 0, 7.75%, 0, 0, 6, 26948.51, 17699608, 377
784, 10, 83, 274, 204, 0, 7.75%, 0, 0, 6, 27007.74, 17837964, 377
789, 10, 83, 274, 204, 0, 7.75%, 0, 0, 6, 27285.44, 17978911, 377
794, 10, 83, 274, 204, 0, 7.75%, 0, 0, 6, 28733.05, 18123670, 377
799, 10, 100, 274, 204, 0, 7.75%, 0, 0, 6, 29667.69, 18277924, 377
804, 10, 83, 274, 203, 0, 7.75%, 0, 0, 6, 25038.03, 18401368, 377
810, 10, 83, 274, 203, 0, 7.75%, 0, 0, 6, 25478.77, 18533350, 377
815, 10, 83, 274, 203, 0, 7.75%, 0, 0, 6, 27829.04, 18684431, 377
820, 10, 81, 274, 203, 0, 7.75%, 0, 0, 6, 29875.61, 18832135, 377
825, 10, 83, 274, 203, 0, 7.75%, 0, 0, 6, 26500.84, 18964538, 377
830, 10, 125, 274, 203, 0, 7.75%, 0, 0, 6, 28159.65, 19107758, 377
835, 11, 83, 276, 205, 0, 7.75%, 0, 0, 6, 28178.71, 19247867, 377
840, 11, 83, 276, 205, 0, 7.75%, 0, 0, 6, 21743.55, 19350623, 377
845, 11, 125, 276, 205, 0, 7.75%, 0, 0, 6, 25232.47, 19488978, 377
850, 11, 83, 276, 205, 0, 7.75%, 0, 0, 6, 30129.65, 19647468, 377
855, 11, 83, 276, 205, 0, 7.75%, 0, 0, 6, 30166.26, 19794350, 377
860, 11, 83, 276, 205, 0, 7.75%, 0, 0, 6, 30634.15, 19945821, 377
865, 11, 83, 276, 205, 0, 7.75%, 0, 0, 6, 27157.72, 20071531, 377
871, 11, 83, 276, 205, 0, 7.75%, 0, 0, 6, 27529.32, 20224918, 377
876, 11, 100, 276, 205, 0, 7.75%, 0, 0, 6, 27435.63, 20356950, 377
881, 11, 83, 276, 205, 0, 7.75%, 0, 0, 6, 29857.48, 20505245, 377
886, 11, 83, 276, 205, 0, 7.75%, 0, 0, 6, 27722.31, 20640232, 377
891, 11, 83, 276, 205, 0, 7.75%, 0, 0, 6, 28910.79, 20783448, 377
896, 11, 125, 276, 205, 0, 7.75%, 0, 0, 6, 25490.32, 20905100, 377
901, 11, 125, 276, 205, 0, 7.75%, 0, 0, 6, 25645.71, 21028663, 377
906, 11, 81, 276, 204, 0, 7.75%, 0, 0, 6, 25937.21, 21161215, 377
911, 11, 31, 276, 203, 0, 7.75%, 0, 0, 6, 27487.19, 21307173, 377
916, 11, 31, 276, 203, 0, 7.75%, 0, 0, 6, 29445.65, 21448540, 377
921, 12, 83, 276, 203, 0, 7.75%, 0, 0, 6, 29907.35, 21599231, 377
926, 12, 83, 276, 203, 0, 7.75%, 0, 0, 6, 26427.71, 21730422, 377
932, 12, 83, 276, 203, 0, 7.75%, 0, 0, 6, 26955.28, 21876195, 377
937, 12, 83, 276, 203, 0, 7.75%, 0, 0, 6, 29357.68, 22032424, 377
942, 12, 100, 276, 202, 0, 7.75%, 0, 0, 6, 21928.27, 22141673, 377
947, 12, 83, 276, 202, 0, 7.75%, 0, 0, 6, 26362.42, 22273007, 377
952, 12, 100, 276, 202, 0, 7.75%, 0, 0, 6, 30432.74, 22432112, 377
957, 12, 83, 276, 201, 0, 7.75%, 0, 0, 6, 25504.44, 22558673, 377
962, 12, 83, 276, 201, 0, 7.75%, 0, 0, 6, 26476.21, 22696410, 377
967, 12, 16, 276, 201, 0, 7.75%, 0, 0, 6, 28469.35, 22847175, 377
973, 12, 83, 276, 201, 0, 7.75%, 0, 0, 6, 28780.24, 22997670, 377
978, 12, 125, 276, 201, 0, 7.75%, 0, 0, 6, 28433.95, 23149817, 377
983, 12, 83, 276, 201, 0, 7.75%, 0, 0, 6, 28190.81, 23295413, 377
988, 12, 83, 276, 200, 0, 7.75%, 0, 0, 6, 25282.60, 23413951, 377
993, 12, 9, 276, 200, 0, 7.75%, 0, 0, 6, 26918.42, 23549059, 377
998, 12, 83, 276, 199, 0, 7.75%, 0, 0, 6, 28146.21, 23689509, 377
1003, 13, 83, 276, 199, 0, 7.75%, 0, 0, 6, 26440.07, 23825737, 377
1008, 13, 83, 276, 199, 0, 7.75%, 0, 0, 6, 29563.21, 23977078, 377
1013, 13, 81, 276, 199, 0, 7.75%, 0, 0, 6, 24444.45, 24098448, 377
1018, 13, 83, 276, 199, 0, 7.75%, 0, 0, 6, 27358.29, 24250371, 377
1023, 13, 83, 276, 199, 0, 7.75%, 0, 0, 6, 25468.30, 24379675, 377
1029, 13, 125, 276, 199, 0, 7.75%, 0, 0, 6, 31544.63, 24548993, 377
1034, 13, 108, 276, 198, 0, 7.75%, 0, 0, 6, 26882.69, 24681358, 377
1039, 13, 83, 276, 198, 0, 7.75%, 0, 0, 6, 28646.22, 24835050, 377
1044, 13, 83, 276, 198, 0, 7.75%, 0, 0, 6, 26254.72, 24970650, 377
1049, 13, 54, 276, 198, 0, 7.75%, 0, 0, 6, 26422.18, 25111743, 377
1054, 13, 195, 276, 198, 0, 7.75%, 0, 0, 6, 21258.87, 25218164, 377
1059, 13, 10, 276, 197, 0, 7.75%, 0, 0, 6, 26833.04, 25363359, 377
1064, 13, 83, 276, 197, 0, 7.75%, 0, 0, 6, 23906.94, 25479736, 377
1070, 13, 83, 276, 197, 0, 7.75%, 0, 0, 6, 26231.19, 25619616, 377
1075, 13, 125, 276, 197, 0, 7.75%, 0, 0, 6, 25019.06, 25746601, 377
1080, 13, 83, 276, 197, 0, 7.75%, 0, 0, 6, 28107.37, 25889860, 377
1085, 14, 83, 276, 197, 0, 7.75%, 0, 0, 6, 27517.90, 26029974, 377
1090, 14, 125, 276, 197, 0, 7.75%, 0, 0, 6, 30536.07, 26197491, 377
1095, 14, 83, 276, 197, 0, 7.75%, 0, 0, 6, 30698.71, 26350204, 377
1100, 14, 83, 276, 196, 0, 7.75%, 0, 0, 6, 29883.24, 26508472, 377
1106, 14, 100, 276, 196, 0, 7.75%, 0, 0, 6, 29110.63, 26657854, 377
1111, 14, 83, 276, 196, 0, 7.75%, 0, 0, 6, 31699.15, 26823768, 377
1116, 14, 12, 276, 195, 0, 7.75%, 0, 0, 6, 28040.92, 26963068, 377
1121, 14, 125, 276, 195, 0, 7.75%, 0, 0, 6, 29250.84, 27112747, 377
1126, 14, 125, 276, 194, 0, 7.75%, 0, 0, 6, 29533.30, 27257928, 377
1131, 14, 12, 276, 194, 0, 7.75%, 0, 0, 6, 30445.30, 27412336, 377
1136, 14, 83, 276, 194, 0, 7.75%, 0, 0, 6, 30838.64, 27562307, 377
1141, 14, 83, 276, 194, 0, 7.75%, 0, 0, 6, 31450.71, 27727882, 377
1146, 14, 83, 276, 194, 0, 7.75%, 0, 0, 6, 29962.02, 27873009, 377
1152, 14, 83, 276, 194, 0, 7.75%, 0, 0, 6, 28260.53, 28015973, 377
1157, 14, 81, 276, 194, 0, 7.75%, 0, 0, 6, 29750.09, 28168652, 377
1162, 15, 83, 276, 194, 0, 7.75%, 0, 0, 6, 28213.76, 28318232, 377
1167, 15, 108, 276, 194, 0, 7.75%, 0, 0, 6, 29501.23, 28460039, 377
1172, 15, 100, 276, 194, 0, 7.75%, 0, 0, 6, 31672.40, 28620050, 377
1177, 15, 100, 276, 194, 0, 7.75%, 0, 0, 6, 30880.78, 28766206, 377
1182, 15, 83, 276, 194, 0, 7.75%, 0, 0, 6, 30344.61, 28915150, 377
1187, 15, 16, 276, 194, 0, 7.75%, 0, 0, 6, 29946.43, 29064249, 377
1193, 15, 83, 276, 194, 0, 7.75%, 0, 0, 6, 28875.30, 29220290, 377
1198, 15, 83, 276, 194, 0, 7.75%, 0, 0, 6, 28173.72, 29363374, 377
1203, 15, 83, 276, 194, 0, 7.75%, 0, 0, 6, 29058.06, 29520425, 377
1208, 15, 83, 276, 194, 0, 7.75%, 0, 0, 6, 31083.32, 29687515, 377
1213, 15, 8, 276, 194, 0, 7.75%, 0, 0, 6, 29412.80, 29829040, 377
1218, 15, 83, 276, 194, 0, 7.75%, 0, 0, 6, 30461.68, 29981778, 377
1223, 15, 83, 276, 194, 0, 7.75%, 0, 0, 6, 29966.28, 30141568, 377
1229, 15, 83, 276, 194, 0, 7.75%, 0, 0, 6, 34121.84, 30318761, 377
1234, 16, 83, 276, 194, 0, 7.75%, 0, 0, 6, 29337.09, 30471365, 377
1239, 16, 83, 276, 194, 0, 7.75%, 0, 0, 6, 31978.44, 30635078, 377
1244, 16, 12, 276, 193, 0, 7.75%, 0, 0, 6, 29382.25, 30788307, 377
1249, 16, 83, 276, 192, 0, 7.75%, 0, 0, 6, 28851.28, 30945520, 377
1254, 16, 83, 276, 192, 0, 7.75%, 0, 0, 6, 28801.56, 31087777, 377
1259, 16, 83, 276, 192, 0, 7.75%, 0, 0, 6, 29059.92, 31237661, 377
1265, 16, 83, 276, 192, 0, 7.75%, 0, 0, 6, 31720.52, 31401618, 377
1270, 16, 23, 276, 192, 0, 7.75%, 0, 0, 6, 33632.10, 31574325, 377
1275, 16, 83, 276, 192, 0, 7.75%, 0, 0, 6, 29838.38, 31729964, 377
1280, 16, 100, 276, 192, 0, 7.75%, 0, 0, 6, 29202.12, 31879707, 377
1285, 16, 252, 276, 192, 0, 7.75%, 0, 0, 6, 21310.95, 31998011, 377
1290, 16, 83, 276, 191, 0, 7.75%, 0, 0, 6, 30417.65, 32165443, 377
1295, 16, 83, 276, 191, 0, 7.75%, 0, 0, 6, 28903.85, 32298989, 377
1300, 16, 83, 276, 191, 0, 7.75%, 0, 0, 6, 30286.43, 32457688, 377
1306, 17, 83, 277, 192, 0, 7.75%, 0, 0, 6, 30111.29, 32609869, 377
1311, 17, 83, 277, 192, 0, 7.75%, 0, 0, 6, 30798.71, 32766603, 377
1316, 17, 83, 277, 192, 0, 7.75%, 0, 0, 6, 31120.42, 32929696, 377
1321, 17, 83, 277, 192, 0, 7.75%, 0, 0, 6, 28628.55, 33072089, 377
1326, 17, 83, 277, 192, 0, 7.75%, 0, 0, 6, 29557.58, 33220014, 377
1331, 17, 83, 277, 191, 0, 7.75%, 0, 0, 6, 30454.36, 33374953, 377
1336, 17, 83, 277, 190, 0, 7.75%, 0, 0, 6, 28332.54, 33512834, 377
1341, 17, 83, 277, 190, 0, 7.75%, 0, 0, 6, 29995.81, 33669037, 377
1347, 17, 83, 277, 190, 0, 7.75%, 0, 0, 6, 29834.53, 33822518, 377
1352, 17, 31, 277, 190, 0, 7.75%, 0, 0, 6, 30488.28, 33976141, 377
1357, 17, 16, 277, 190, 0, 7.75%, 0, 0, 6, 30382.08, 34119341, 377
1362, 17, 125, 277, 190, 0, 7.75%, 0, 0, 6, 27623.11, 34261434, 377
1367, 17, 83, 277, 190, 0, 7.75%, 0, 0, 6, 28050.39, 34394437, 377
1372, 17, 83, 277, 190, 0, 7.75%, 0, 0, 6, 28874.39, 34539499, 377
1377, 17, 83, 277, 190, 0, 7.75%, 0, 0, 6, 28421.87, 34685311, 377
1382, 18, 83, 277, 190, 0, 7.75%, 0, 0, 6, 27452.83, 34821789, 377
1387, 18, 96, 277, 189, 0, 7.75%, 0, 0, 6, 28466.52, 34965501, 377
1392, 18, 83, 277, 188, 0, 7.75%, 0, 0, 6, 31623.54, 35131132, 377
1397, 18, 83, 277, 188, 0, 7.75%, 0, 0, 6, 28185.72, 35264180, 377
1403, 18, 125, 277, 188, 0, 7.75%, 0, 0, 6, 29633.78, 35424438, 377
1408, 18, 125, 277, 188, 0, 7.75%, 0, 0, 6, 31617.76, 35585469, 377
1413, 18, 125, 277, 188, 0, 7.75%, 0, 0, 6, 18771.73, 35675767, 377
1418, 18, 100, 277, 188, 0, 7.75%, 0, 0, 6, 21857.22, 35785438, 377
1423, 18, 83, 277, 188, 0, 7.75%, 0, 0, 6, 26592.99, 35919093, 377
1428, 18, 83, 277, 188, 0, 7.75%, 0, 0, 6, 28363.62, 36070499, 377
1433, 18, 16, 277, 188, 0, 7.75%, 0, 0, 6, 27340.33, 36213250, 377
1438, 18, 83, 277, 188, 0, 7.75%, 0, 0, 6, 27022.63, 36353539, 377
1443, 18, 125, 277, 188, 0, 7.75%, 0, 0, 6, 28010.97, 36503413, 377
1449, 18, 10, 277, 188, 0, 7.75%, 0, 0, 6, 30040.53, 36653559, 377
1454, 18, 125, 277, 188, 0, 7.75%, 0, 0, 6, 26010.61, 36781923, 377
1459, 18, 83, 277, 186, 0, 7.75%, 0, 0, 6, 27539.58, 36928491, 377
1464, 19, 8, 277, 186, 0, 7.75%, 0, 0, 6, 26138.27, 37062910, 377
1469, 19, 83, 277, 186, 0, 7.75%, 0, 0, 6, 28355.72, 37213727, 377
1474, 19, 14, 277, 186, 0, 7.75%, 0, 0, 6, 29310.81, 37366693, 377
1479, 19, 83, 277, 185, 0, 7.75%, 0, 0, 6, 27574.51, 37501018, 377
1484, 19, 83, 277, 184, 0, 7.75%, 0, 0, 6, 25544.69, 37624244, 377
1489, 19, 83, 277, 184, 0, 7.75%, 0, 0, 6, 30129.31, 37785234, 377
1494, 19, 83, 277, 184, 0, 7.75%, 0, 0, 6, 26836.40, 37918237, 377
1499, 19, 83, 277, 184, 0, 7.75%, 0, 0, 6, 25592.11, 38041832, 377
1504, 19, 83, 277, 184, 0, 7.75%, 0, 0, 6, 28995.94, 38192396, 377
1510, 19, 83, 277, 183, 0, 7.75%, 0, 0, 6, 30452.82, 38355773, 377
1515, 19, 83, 277, 183, 0, 7.75%, 0, 0, 6, 30302.21, 38514097, 377
1520, 19, 83, 277, 183, 0, 7.75%, 0, 0, 6, 34073.39, 38695372, 377
1525, 19, 83, 277, 183, 0, 7.75%, 0, 0, 6, 30960.98, 38848559, 377
1530, 19, 83, 277, 183, 0, 7.75%, 0, 0, 6, 28157.66, 38998287, 377
1535, 19, 125, 277, 183, 0, 7.75%, 0, 0, 6, 31057.29, 39161368, 377
1541, 20, 100, 277, 183, 0, 7.75%, 0, 0, 6, 31825.67, 39319987, 377
1546, 20, 78, 277, 183, 0, 7.75%, 0, 0, 6, 33379.67, 39491103, 377
1551, 20, 53, 277, 183, 0, 7.75%, 0, 0, 6, 30697.58, 39649325, 377
1556, 20, 83, 277, 183, 0, 7.75%, 0, 0, 6, 30049.27, 39794465, 377
1561, 20, 83, 277, 183, 0, 7.75%, 0, 0, 6, 25793.88, 39921643, 377
1566, 20, 83, 277, 183, 0, 7.75%, 0, 0, 6, 27739.22, 40067830, 377
1571, 20, 83, 277, 183, 0, 7.75%, 0, 0, 6, 29220.06, 40225625, 377
1577, 20, 83, 277, 183, 0, 7.75%, 0, 0, 6, 28599.93, 40367181, 377
1582, 20, 83, 277, 183, 0, 7.75%, 0, 0, 6, 27390.30, 40511665, 377
1587, 20, 100, 277, 183, 0, 7.75%, 0, 0, 6, 29618.47, 40666748, 377
1592, 20, 83, 277, 183, 0, 7.75%, 0, 0, 6, 28722.59, 40812871, 377
1597, 20, 82, 277, 182, 0, 7.75%, 0, 0, 6, 26737.57, 40939046, 377
1602, 20, 83, 277, 182, 0, 7.75%, 0, 0, 6, 25694.00, 41081052, 377
1607, 20, 83, 277, 182, 0, 7.75%, 0, 0, 6, 27304.27, 41222648, 377
1612, 20, 100, 277, 182, 0, 7.75%, 0, 0, 6, 29117.51, 41371661, 377
1617, 21, 83, 277, 182, 0, 7.75%, 0, 0, 6, 25805.45, 41508590, 377
1622, 21, 83, 277, 182, 0, 7.75%, 0, 0, 6, 29385.32, 41653745, 377
1627, 21, 83, 277, 182, 0, 7.75%, 0, 0, 6, 29402.86, 41798786, 377
1633, 21, 83, 277, 182, 0, 7.75%, 0, 0, 6, 30175.19, 41954942, 377
1638, 21, 83, 277, 182, 0, 7.75%, 0, 0, 6, 30066.63, 42107512, 377
1643, 21, 83, 277, 182, 0, 7.75%, 0, 0, 6, 30045.89, 42269310, 377
1648, 21, 83, 277, 182, 0, 7.75%, 0, 0, 6, 30690.83, 42419628, 377
1653, 21, 54, 277, 182, 0, 7.75%, 0, 0, 6, 28520.23, 42567133, 377
1658, 21, 83, 277, 182, 0, 7.75%, 0, 0, 6, 30313.69, 42722602, 377
1663, 21, 83, 277, 181, 0, 7.75%, 0, 0, 6, 24107.04, 42847226, 377
1668, 21, 82, 277, 181, 0, 7.75%, 0, 0, 6, 28765.06, 43012195, 377
1673, 21, 100, 277, 181, 0, 7.75%, 0, 0, 6, 22037.98, 43117511, 377
1678, 21, 125, 277, 181, 0, 7.75%, 0, 0, 6, 23885.82, 43242719, 377
1683, 21, 83, 277, 180, 0, 7.75%, 0, 0, 6, 23763.26, 43366723, 377
1689, 21, 83, 277, 180, 0, 7.75%, 0, 0, 6, 25873.76, 43505568, 377
1694, 21, 83, 277, 180, 0, 7.75%, 0, 0, 6, 22984.01, 43621994, 377
1699, 22, 125, 277, 180, 0, 7.75%, 0, 0, 6, 21103.82, 43728751, 377
1704, 22, 100, 277, 180, 0, 7.75%, 0, 0, 6, 22126.64, 43839381, 377
1709, 22, 31, 277, 180, 0, 7.75%, 0, 0, 6, 25099.62, 43968187, 377
1714, 22, 100, 277, 180, 0, 7.75%, 0, 0, 6, 22670.41, 44081114, 377
1719, 22, 83, 277, 180, 0, 7.75%, 0, 0, 6, 24421.19, 44206853, 377
1724, 22, 83, 277, 180, 0, 7.75%, 0, 0, 6, 19822.56, 44299773, 377
1729, 22, 83, 277, 180, 0, 7.75%, 0, 0, 6, 25318.50, 44431552, 377
1734, 22, 125, 277, 180, 0, 7.75%, 0, 0, 6, 24252.39, 44548624, 377
1739, 22, 126, 277, 180, 0, 7.75%, 0, 0, 6, 22299.36, 44647849, 377
1745, 22, 13, 277, 180, 0, 7.75%, 0, 0, 6, 26442.89, 44784366, 377
1750, 22, 83, 277, 180, 0, 7.75%, 0, 0, 6, 27814.82, 44941648, 377
1755, 22, 138, 277, 179, 0, 7.75%, 0, 0, 6, 25878.18, 45067488, 377
1760, 22, 83, 277, 179, 0, 7.75%, 0, 0, 6, 30703.45, 45229909, 377
1765, 22, 83, 277, 179, 0, 7.75%, 0, 0, 6, 26592.14, 45362027, 377
1770, 22, 83, 277, 179, 0, 7.75%, 0, 0, 6, 29103.18, 45509850, 377
1776, 22, 81, 277, 179, 0, 7.75%, 0, 0, 6, 31480.24, 45669449, 377
1781, 23, 125, 277, 179, 0, 7.75%, 0, 0, 6, 30393.75, 45823068, 377
1786, 23, 138, 277, 179, 0, 7.75%, 0, 0, 6, 28574.26, 45968165, 377
1791, 23, 53, 277, 179, 0, 7.75%, 0, 0, 6, 29875.91, 46115225, 377
1796, 23, 8, 277, 179, 0, 7.75%, 0, 0, 6, 28475.13, 46262954, 377
1801, 23, 83, 277, 179, 0, 7.75%, 0, 0, 6, 27480.43, 46401491, 377
1807, 23, 100, 277, 179, 0, 7.75%, 0, 0, 6, 29551.53, 46554658, 377
1812, 23, 138, 277, 179, 0, 7.75%, 0, 0, 6, 28737.56, 46709746, 377
1817, 23, 83, 277, 179, 0, 7.75%, 0, 0, 6, 26816.67, 46832062, 377
1822, 23, 83, 277, 179, 0, 7.75%, 0, 0, 6, 25854.69, 46960831, 377
1827, 23, 83, 277, 179, 0, 7.75%, 0, 0, 6, 27183.68, 47095255, 377
1832, 23, 83, 277, 179, 0, 7.75%, 0, 0, 6, 27509.03, 47226128, 377
1837, 23, 83, 277, 177, 0, 7.75%, 0, 0, 6, 29321.90, 47368463, 377
1842, 23, 125, 277, 177, 0, 7.75%, 0, 0, 6, 27948.46, 47519524, 377
1847, 23, 83, 277, 177, 0, 7.75%, 0, 0, 6, 27068.26, 47653935, 377
1852, 23, 83, 277, 177, 0, 7.75%, 0, 0, 6, 24962.47, 47785125, 377
1857, 24, 138, 277, 177, 0, 7.75%, 0, 0, 6, 25505.91, 47921992, 377
1862, 24, 83, 277, 177, 0, 7.75%, 0, 0, 6, 28355.24, 48067839, 377
1868, 24, 125, 277, 177, 0, 7.75%, 0, 0, 6, 28430.09, 48209933, 377
1873, 24, 83, 277, 177, 0, 7.75%, 0, 0, 6, 26887.89, 48352938, 377
1878, 24, 83, 277, 177, 0, 7.75%, 0, 0, 6, 30468.75, 48504139, 377
1883, 24, 83, 277, 177, 0, 7.75%, 0, 0, 6, 27814.50, 48646320, 377
1888, 24, 83, 277, 177, 0, 7.75%, 0, 0, 6, 29141.64, 48794058, 377
1893, 24, 83, 277, 177, 0, 7.75%, 0, 0, 6, 29609.85, 48945036, 377
1898, 24, 125, 277, 177, 0, 7.75%, 0, 0, 6, 31764.12, 49112226, 377
1903, 24, 23, 277, 177, 0, 7.75%, 0, 0, 6, 27894.47, 49258186, 377
1909, 24, 83, 277, 177, 0, 7.75%, 0, 0, 6, 23816.79, 49384619, 377
1914, 24, 83, 277, 176, 0, 7.75%, 0, 0, 6, 28321.83, 49537183, 377
1919, 24, 83, 277, 175, 0, 7.75%, 0, 0, 6, 27388.61, 49674828, 377
1924, 24, 83, 277, 175, 0, 7.75%, 0, 0, 6, 25463.15, 49810049, 377
1929, 25, 83, 277, 175, 0, 7.75%, 0, 0, 6, 30486.45, 49975830, 377
1934, 25, 125, 277, 175, 0, 7.75%, 0, 0, 6, 28590.36, 50116575, 377
1940, 25, 83, 277, 175, 0, 7.75%, 0, 0, 6, 30849.93, 50276154, 377
1945, 25, 83, 277, 175, 0, 7.75%, 0, 0, 6, 28104.40, 50424708, 377
1950, 25, 83, 277, 175, 0, 7.75%, 0, 0, 6, 28384.21, 50572954, 377
1955, 25, 83, 277, 175, 0, 7.75%, 0, 0, 6, 27414.74, 50714734, 377
1960, 25, 83, 277, 175, 0, 7.75%, 0, 0, 6, 30773.65, 50875993, 377
1965, 25, 83, 277, 175, 0, 7.75%, 0, 0, 6, 32299.62, 51040752, 377
1970, 25, 83, 277, 175, 0, 7.75%, 0, 0, 6, 30940.71, 51203409, 377
1975, 25, 83, 277, 173, 0, 7.75%, 0, 0, 6, 31635.53, 51359884, 377
1980, 25, 83, 277, 173, 0, 7.75%, 0, 0, 6, 29729.57, 51502038, 377
1986, 25, 83, 277, 173, 0, 7.75%, 0, 0, 6, 26873.99, 51634283, 377
1991, 25, 83, 277, 173, 0, 7.75%, 0, 0, 6, 28339.84, 51778136, 377
1996, 25, 16, 277, 171, 0, 7.75%, 0, 0, 6, 27596.69, 51918802, 377
2001, 25, 83, 277, 171, 0, 7.75%, 0, 0, 6, 31543.71, 52082216, 377
2006, 26, 100, 277, 170, 0, 7.75%, 0, 0, 6, 29051.82, 52228474, 377
2011, 26, 83, 277, 170, 0, 7.75%, 0, 0, 6, 26534.88, 52365608, 377
2017, 26, 36, 277, 170, 0, 7.75%, 0, 0, 6, 25680.98, 52499812, 377
2022, 26, 83, 277, 169, 0, 7.75%, 0, 0, 6, 30313.53, 52652414, 377
2027, 26, 83, 277, 169, 0, 7.75%, 0, 0, 6, 28135.23, 52792559, 377
2032, 26, 16, 277, 169, 0, 7.75%, 0, 0, 6, 29135.01, 52936473, 377
2037, 26, 125, 277, 168, 0, 7.75%, 0, 0, 6, 26835.30, 53066119, 377
2042, 26, 81, 277, 168, 0, 7.75%, 0, 0, 6, 29253.64, 53209716, 377
2047, 26, 83, 277, 168, 0, 7.75%, 0, 0, 6, 29881.84, 53356517, 377
2052, 26, 83, 277, 168, 0, 7.75%, 0, 0, 6, 28106.80, 53499668, 377
2057, 26, 83, 277, 168, 0, 7.75%, 0, 0, 6, 29368.37, 53642981, 377
2062, 26, 125, 277, 168, 0, 7.75%, 0, 0, 6, 26623.39, 53780551, 377
2067, 26, 138, 277, 167, 0, 7.75%, 0, 0, 6, 29080.20, 53925744, 377
2073, 26, 83, 277, 167, 0, 7.75%, 0, 0, 6, 26617.09, 54070911, 377
2078, 26, 83, 277, 167, 0, 7.75%, 0, 0, 6, 29133.42, 54226062, 377
2083, 27, 83, 277, 167, 0, 7.75%, 0, 0, 6, 28522.31, 54368471, 377
2088, 27, 83, 277, 167, 0, 7.75%, 0, 0, 6, 31688.11, 54534220, 377
2093, 27, 83, 277, 167, 0, 7.75%, 0, 0, 6, 30688.46, 54693683, 377
2098, 27, 83, 277, 167, 0, 7.75%, 0, 0, 6, 26897.97, 54822912, 377
2103, 27, 83, 277, 167, 0, 7.75%, 0, 0, 6, 26293.41, 54953599, 377
2108, 27, 24, 277, 167, 0, 7.75%, 0, 0, 6, 30832.72, 55119819, 377
2113, 27, 83, 277, 167, 0, 7.75%, 0, 0, 6, 25342.59, 55246677, 377
2119, 27, 83, 277, 167, 0, 7.75%, 0, 0, 6, 29435.30, 55408061, 377
2124, 27, 83, 277, 166, 0, 7.75%, 0, 0, 6, 20275.15, 55509853, 377
2129, 27, 83, 277, 166, 0, 7.75%, 0, 0, 6, 24258.81, 55644595, 377
2134, 27, 83, 277, 166, 0, 7.75%, 0, 0, 6, 25598.70, 55782659, 377
2139, 27, 83, 277, 166, 0, 7.75%, 0, 0, 6, 27985.65, 55931383, 377
2144, 27, 83, 277, 166, 0, 7.75%, 0, 0, 6, 22933.45, 56046320, 377
2149, 27, 83, 277, 165, 0, 7.75%, 0, 0, 6, 23666.79, 56169356, 377
2154, 27, 83, 277, 165, 0, 7.75%, 0, 0, 6, 22115.23, 56269834, 377
2160, 27, 83, 277, 164, 0, 7.75%, 0, 0, 6, 19441.50, 56380071, 377
2165, 27, 13, 277, 164, 0, 7.75%, 0, 0, 6, 21831.68, 56489510, 377
2170, 28, 83, 277, 164, 0, 7.75%, 0, 0, 6, 26908.16, 56632737, 377
2175, 28, 83, 277, 164, 0, 7.75%, 0, 0, 6, 30314.48, 56797187, 377
2180, 28, 83, 277, 163, 0, 7.75%, 0, 0, 6, 32325.24, 56954957, 377
2185, 28, 83, 277, 163, 0, 7.75%, 0, 0, 6, 29747.57, 57100613, 377
2190, 28, 83, 277, 163, 0, 7.75%, 0, 0, 6, 27538.55, 57237603, 377
2195, 28, 83, 277, 163, 0, 7.75%, 0, 0, 6, 28310.53, 57379043, 377
2200, 28, 100, 277, 162, 0, 7.75%, 0, 0, 6, 28504.53, 57521371, 377
2205, 28, 83, 277, 162, 0, 7.75%, 0, 0, 6, 26507.36, 57653223, 377
2210, 28, 83, 277, 160, 0, 7.75%, 0, 0, 6, 26279.90, 57786902, 377
2215, 28, 83, 277, 159, 0, 7.75%, 0, 0, 6, 26252.85, 57918400, 377
2221, 28, 125, 277, 158, 0, 7.75%, 0, 0, 6, 27593.47, 58062011, 377
2226, 28, 83, 277, 158, 0, 7.75%, 0, 0, 6, 28876.64, 58215156, 377
2231, 28, 83, 277, 158, 0, 7.75%, 0, 0, 6, 30456.79, 58378054, 377
2236, 28, 83, 277, 156, 0, 7.75%, 0, 0, 6, 26533.69, 58508341, 377
2241, 28, 83, 277, 156, 0, 7.75%, 0, 0, 6, 29616.66, 58658479, 377
2246, 29, 83, 277, 156, 0, 7.75%, 0, 0, 6, 26924.68, 58785506, 377
2251, 29, 81, 277, 156, 0, 7.75%, 0, 0, 6, 28523.14, 58933459, 377
2256, 29, 83, 277, 156, 0, 7.75%, 0, 0, 6, 31064.85, 59094524, 377
2261, 29, 83, 277, 156, 0, 7.75%, 0, 0, 6, 31179.75, 59257645, 377
2266, 29, 83, 277, 156, 0, 7.75%, 0, 0, 6, 27330.30, 59387677, 377
2272, 29, 125, 277, 156, 0, 7.75%, 0, 0, 6, 29271.52, 59544472, 377
2277, 29, 239, 277, 156, 0, 7.75%, 0, 0, 6, 25004.74, 59664525, 377
2282, 29, 83, 277, 155, 0, 7.75%, 0, 0, 6, 30154.65, 59832049, 377
2287, 29, 83, 277, 155, 0, 7.75%, 0, 0, 6, 28112.08, 59971055, 377
2292, 29, 100, 277, 155, 0, 7.75%, 0, 0, 6, 27418.31, 60122146, 377
2297, 29, 100, 277, 155, 0, 7.75%, 0, 0, 6, 27802.12, 60259593, 377
2302, 29, 81, 277, 155, 0, 7.75%, 0, 0, 6, 30860.15, 60419300, 377
2308, 29, 83, 277, 155, 0, 7.75%, 0, 0, 6, 25125.38, 60539946, 377
2313, 29, 83, 277, 155, 0, 7.75%, 0, 0, 6, 29244.91, 60687534, 377
2318, 29, 83, 277, 155, 0, 7.75%, 0, 0, 6, 27155.26, 60831748, 377
2323, 30, 83, 277, 155, 0, 7.75%, 0, 0, 6, 27658.93, 60982644, 377
2328, 30, 83, 277, 155, 0, 7.75%, 0, 0, 6, 28673.37, 61133185, 377
2333, 30, 13, 277, 155, 0, 7.75%, 0, 0, 6, 27746.42, 61288839, 377
2338, 30, 83, 277, 154, 0, 7.75%, 0, 0, 6, 23074.66, 61400216, 377
2343, 30, 83, 277, 154, 0, 7.75%, 0, 0, 6, 25390.65, 61528073, 377
2348, 30, 83, 277, 154, 0, 7.75%, 0, 0, 6, 28792.26, 61687055, 377
2353, 30, 125, 277, 153, 0, 7.75%, 0, 0, 6, 26785.25, 61820703, 377
2358, 30, 125, 277, 153, 0, 7.75%, 0, 0, 6, 28929.29, 61970273, 377
2364, 30, 83, 277, 153, 0, 7.75%, 0, 0, 6, 26282.71, 62112866, 377
2369, 30, 83, 277, 153, 0, 7.75%, 0, 0, 6, 27219.49, 62253317, 377
2374, 30, 83, 277, 153, 0, 7.75%, 0, 0, 6, 24119.71, 62379782, 377
2379, 30, 100, 277, 153, 0, 7.75%, 0, 0, 6, 28093.23, 62530604, 377
2384, 30, 82, 277, 153, 0, 7.75%, 0, 0, 6, 26700.07, 62666471, 377
2389, 30, 83, 277, 153, 0, 7.75%, 0, 0, 6, 25758.84, 62800465, 377
2394, 30, 83, 277, 153, 0, 7.75%, 0, 0, 6, 28963.51, 62947020, 377
2399, 30, 83, 277, 153, 0, 7.75%, 0, 0, 6, 25768.95, 63073433, 377
2404, 31, 83, 277, 153, 0, 7.75%, 0, 0, 6, 29242.13, 63229523, 377
2410, 31, 83, 277, 153, 0, 7.75%, 0, 0, 6, 28823.85, 63385310, 377
2415, 31, 13, 277, 153, 0, 7.75%, 0, 0, 6, 26688.48, 63506575, 377
2420, 31, 40, 277, 153, 0, 7.75%, 0, 0, 6, 30963.42, 63666828, 377
2425, 31, 83, 277, 153, 0, 7.75%, 0, 0, 6, 30127.52, 63826209, 377
2430, 31, 16, 277, 153, 0, 7.75%, 0, 0, 6, 28512.53, 63967574, 377
2435, 31, 99, 277, 153, 0, 7.75%, 0, 0, 6, 31982.86, 64131920, 377
2440, 31, 83, 277, 152, 0, 7.75%, 0, 0, 6, 31079.64, 64289166, 377
2446, 31, 83, 277, 151, 0, 7.75%, 0, 0, 6, 26381.15, 64404658, 377
2451, 31, 83, 277, 151, 0, 7.75%, 0, 0, 6, 27920.15, 64543568, 377
2456, 31, 83, 277, 151, 0, 7.75%, 0, 0, 6, 28064.65, 64677369, 377
2461, 31, 83, 277, 151, 0, 7.75%, 0, 0, 6, 26164.77, 64793877, 377
2466, 31, 83, 277, 150, 0, 7.75%, 0, 0, 6, 24654.49, 64909795, 377
2471, 31, 83, 277, 150, 0, 7.75%, 0, 0, 6, 28151.81, 65060188, 377
2476, 31, 83, 277, 150, 0, 7.75%, 0, 0, 6, 28929.12, 65200752, 377
2481, 32, 83, 277, 150, 0, 7.75%, 0, 0, 6, 28571.11, 65348011, 377
2486, 32, 83, 277, 150, 0, 7.75%, 0, 0, 6, 27253.21, 65478653, 377
2491, 32, 100, 277, 150, 0, 7.75%, 0, 0, 6, 27375.43, 65622389, 377
2496, 32, 100, 277, 150, 0, 7.75%, 0, 0, 6, 25398.14, 65746057, 377
2502, 32, 83, 277, 150, 0, 7.75%, 0, 0, 6, 28326.34, 65898718, 377
2507, 32, 125, 277, 150, 0, 7.75%, 0, 0, 6, 32716.49, 66056027, 377
2512, 32, 83, 277, 150, 0, 7.75%, 0, 0, 6, 32796.31, 66225195, 377
2517, 32, 8, 277, 150, 0, 7.75%, 0, 0, 6, 24631.78, 66348659, 377
2522, 32, 83, 277, 150, 0, 7.75%, 0, 0, 6, 26917.20, 66490313, 377
2527, 32, 83, 277, 150, 0, 7.75%, 0, 0, 6, 28065.75, 66631324, 377
2532, 32, 83, 277, 150, 0, 7.75%, 0, 0, 6, 32987.48, 66801104, 377
2538, 32, 8, 277, 149, 0, 7.75%, 0, 0, 6, 28996.67, 66936844, 377
2543, 32, 83, 277, 149, 0, 7.75%, 0, 0, 6, 29397.83, 67092625, 377
2548, 32, 31, 277, 149, 0, 7.75%, 0, 0, 6, 26892.38, 67216986, 377
2553, 32, 83, 277, 149, 0, 7.75%, 0, 0, 6, 26908.23, 67359880, 377
2558, 32, 83, 277, 149, 0, 7.75%, 0, 0, 6, 30077.81, 67509951, 377
2563, 33, 83, 279, 151, 0, 7.75%, 0, 0, 6, 24416.31, 67630844, 377
2568, 33, 83, 279, 151, 0, 7.75%, 0, 0, 6, 26693.39, 67768275, 377
2573, 33, 125, 279, 150, 0, 7.75%, 0, 0, 6, 20888.49, 67887503, 377
2578, 33, 83, 279, 150, 0, 7.75%, 0, 0, 6, 23659.10, 68009417, 377
2583, 33, 83, 279, 150, 0, 7.75%, 0, 0, 6, 31760.00, 68179299, 377
2589, 33, 83, 279, 150, 0, 7.75%, 0, 0, 6, 30482.79, 68338710, 377
2594, 33, 83, 279, 150, 0, 7.75%, 0, 0, 6, 23102.45, 68448054, 377
2599, 33, 83, 279, 150, 0, 7.75%, 0, 0, 6, 24597.54, 68577921, 377
2604, 33, 83, 279, 150, 0, 7.75%, 0, 0, 6, 28750.94, 68725372, 377
2609, 33, 83, 279, 150, 0, 7.75%, 0, 0, 6, 29008.85, 68881925, 377
2614, 33, 83, 279, 150, 0, 7.75%, 0, 0, 6, 25654.92, 69011913, 377
2619, 33, 83, 279, 150, 0, 7.75%, 0, 0, 6, 29909.99, 69172292, 377
2624, 33, 16, 279, 150, 0, 7.75%, 0, 0, 6, 26559.88, 69304561, 377
2629, 33, 83, 279, 149, 0, 7.75%, 0, 0, 6, 24785.82, 69429812, 377
2635, 33, 83, 279, 149, 0, 7.75%, 0, 0, 6, 24738.77, 69549488, 377
2640, 33, 83, 279, 149, 0, 7.75%, 0, 0, 6, 22943.92, 69666362, 377
2645, 34, 83, 279, 149, 0, 7.75%, 0, 0, 6, 29027.78, 69823286, 377
2650, 34, 83, 279, 148, 0, 7.75%, 0, 0, 6, 28010.16, 69965248, 377
2655, 34, 78, 279, 148, 0, 7.75%, 0, 0, 6, 27812.83, 70096448, 377
2660, 34, 83, 279, 148, 0, 7.75%, 0, 0, 6, 30896.44, 70260639, 377
2665, 34, 83, 279, 146, 0, 7.75%, 0, 0, 6, 25950.29, 70394447, 377
2670, 34, 83, 279, 146, 0, 7.75%, 0, 0, 6, 27759.67, 70544198, 377
2675, 34, 83, 279, 146, 0, 7.75%, 0, 0, 6, 25545.71, 70670845, 377
2680, 34, 83, 279, 146, 0, 7.75%, 0, 0, 6, 28691.10, 70823363, 377
2686, 34, 83, 279, 146, 0, 7.75%, 0, 0, 6, 29499.86, 70976447, 377
2691, 34, 83, 279, 146, 0, 7.75%, 0, 0, 6, 27572.66, 71127673, 377
2696, 34, 83, 279, 146, 0, 7.75%, 0, 0, 6, 27050.64, 71253829, 377
2701, 34, 125, 279, 146, 0, 7.75%, 0, 0, 6, 30639.37, 71414121, 377
2706, 34, 125, 279, 146, 0, 7.75%, 0, 0, 6, 28847.16, 71552160, 377
2711, 34, 83, 279, 146, 0, 7.75%, 0, 0, 6, 27684.44, 71681808, 377
2716, 34, 83, 279, 146, 0, 7.75%, 0, 0, 6, 27795.99, 71811769, 377
2721, 35, 125, 279, 146, 0, 7.75%, 0, 0, 6, 29268.18, 71961869, 377
2726, 35, 83, 279, 146, 0, 7.75%, 0, 0, 6, 27548.90, 72088116, 377
2731, 35, 8, 279, 146, 0, 7.75%, 0, 0, 6, 28195.65, 72229152, 377
2736, 35, 83, 279, 146, 0, 7.75%, 0, 0, 6, 29901.21, 72368336, 377
2741, 35, 83, 279, 146, 0, 7.75%, 0, 0, 6, 28518.89, 72508014, 377
2747, 35, 83, 279, 146, 0, 7.75%, 0, 0, 6, 30546.06, 72661516, 377
2752, 35, 83, 279, 146, 0, 7.75%, 0, 0, 6, 30424.12, 72816056, 377
2757, 35, 83, 279, 146, 0, 7.75%, 0, 0, 6, 22314.18, 72924391, 377
2762, 35, 125, 279, 146, 0, 7.75%, 0, 0, 6, 27350.62, 73067835, 377
2767, 35, 83, 279, 146, 0, 7.75%, 0, 0, 6, 26470.86, 73196462, 377
2772, 35, 83, 279, 146, 0, 7.75%, 0, 0, 6, 24738.65, 73325891, 377
2777, 35, 83, 279, 146, 0, 7.75%, 0, 0, 6, 27107.03, 73464183, 377
2783, 35, 83, 279, 146, 0, 7.75%, 0, 0, 6, 28772.84, 73625150, 377
2788, 35, 81, 279, 146, 0, 7.75%, 0, 0, 6, 31300.92, 73785989, 377
2793, 35, 83, 279, 146, 0, 7.75%, 0, 0, 6, 30911.31, 73954133, 377
2798, 36, 83, 279, 146, 0, 7.75%, 0, 0, 6, 29625.61, 74102453, 377
2803, 36, 83, 279, 146, 0, 7.75%, 0, 0, 6, 30369.30, 74251781, 377
2808, 36, 83, 279, 146, 0, 7.75%, 0, 0, 6, 29575.26, 74403158, 377
2813, 36, 83, 279, 146, 0, 7.75%, 0, 0, 6, 27834.17, 74542776, 377
2818, 36, 83, 279, 146, 0, 7.75%, 0, 0, 6, 25952.05, 74681158, 377
2823, 36, 83, 279, 146, 0, 7.75%, 0, 0, 6, 23655.37, 74805338, 377
2829, 36, 14, 279, 146, 0, 7.75%, 0, 0, 6, 30438.82, 74974512, 377
2834, 36, 24, 279, 146, 0, 7.75%, 0, 0, 6, 26088.82, 75107003, 377
2839, 36, 83, 279, 146, 0, 7.75%, 0, 0, 6, 28995.02, 75257670, 377
2844, 36, 83, 279, 146, 0, 7.75%, 0, 0, 6, 29053.58, 75407684, 377
2849, 36, 83, 279, 146, 0, 7.75%, 0, 0, 6, 28181.01, 75552713, 377
2854, 36, 100, 279, 146, 0, 7.75%, 0, 0, 6, 25828.85, 75687119, 377
2859, 36, 83, 279, 146, 0, 7.75%, 0, 0, 6, 26658.91, 75829897, 377
2864, 36, 166, 279, 146, 0, 7.75%, 0, 0, 6, 29618.71, 75991402, 377
2870, 36, 83, 279, 146, 0, 7.75%, 0, 0, 6, 30561.82, 76158805, 377
2875, 37, 83, 279, 146, 0, 7.75%, 0, 0, 6, 26063.38, 76289234, 377
2880, 37, 83, 279, 146, 0, 7.75%, 0, 0, 6, 27403.14, 76431141, 377
2885, 37, 83, 279, 146, 0, 7.75%, 0, 0, 6, 24164.71, 76552092, 377
2890, 37, 83, 279, 146, 0, 7.75%, 0, 0, 6, 28256.78, 76697147, 377
2896, 37, 166, 279, 146, 0, 7.75%, 0, 0, 6, 29296.87, 76848322, 377
2901, 37, 83, 279, 146, 0, 7.75%, 0, 0, 6, 32142.62, 77012445, 377
2906, 37, 83, 279, 146, 0, 7.75%, 0, 0, 6, 30275.06, 77161564, 377
2911, 37, 83, 279, 146, 0, 7.75%, 0, 0, 6, 28936.54, 77310087, 377
2916, 37, 83, 279, 146, 0, 7.75%, 0, 0, 6, 28553.50, 77447865, 377
2921, 37, 109, 279, 146, 0, 7.75%, 0, 0, 6, 29952.08, 77600888, 377
2926, 37, 125, 279, 146, 0, 7.75%, 0, 0, 6, 30674.12, 77758016, 377
2931, 37, 83, 279, 146, 0, 7.75%, 0, 0, 6, 29324.08, 77899201, 377
2936, 37, 138, 279, 146, 0, 7.75%, 0, 0, 6, 27425.85, 78033030, 377
2941, 37, 31, 279, 146, 0, 7.75%, 0, 0, 6, 26994.02, 78159260, 377
2946, 37, 125, 279, 146, 0, 7.75%, 0, 0, 6, 29434.28, 78301866, 377
2951, 38, 78, 279, 146, 0, 7.75%, 0, 0, 6, 30149.64, 78458322, 377
2956, 38, 100, 279, 146, 0, 7.75%, 0, 0, 6, 32104.88, 78618973, 377
2962, 38, 82, 279, 146, 0, 7.75%, 0, 0, 6, 30178.33, 78776188, 377
2967, 38, 83, 279, 146, 0, 7.75%, 0, 0, 6, 31725.02, 78946559, 377
2972, 38, 83, 279, 146, 0, 7.75%, 0, 0, 6, 27832.25, 79084395, 377
2977, 38, 83, 279, 146, 0, 7.75%, 0, 0, 6, 28779.86, 79229342, 377
2982, 38, 83, 279, 146, 0, 7.75%, 0, 0, 6, 30925.11, 79396289, 377
2987, 38, 83, 279, 146, 0, 7.75%, 0, 0, 6, 29235.93, 79539086, 377
2992, 38, 125, 279, 146, 0, 7.75%, 0, 0, 6, 29809.95, 79687375, 377
2997, 38, 53, 279, 146, 0, 7.75%, 0, 0, 6, 25524.45, 79811823, 377
3002, 38, 83, 279, 146, 0, 7.75%, 0, 0, 6, 28197.05, 79960046, 377
3007, 38, 78, 279, 146, 0, 7.75%, 0, 0, 6, 30620.10, 80109809, 377
3012, 38, 83, 279, 146, 0, 7.75%, 0, 0, 6, 29197.36, 80263368, 377
3018, 38, 83, 279, 146, 0, 7.75%, 0, 0, 6, 29738.95, 80409374, 377
3023, 38, 83, 279, 146, 0, 7.75%, 0, 0, 6, 28080.52, 80554196, 377
3028, 39, 83, 279, 146, 0, 7.75%, 0, 0, 6, 30033.25, 80702068, 377
3033, 39, 13, 279, 146, 0, 7.75%, 0, 0, 6, 28880.19, 80851397, 377
3038, 39, 83, 279, 146, 0, 7.75%, 0, 0, 6, 28640.18, 80992631, 377
3043, 39, 13, 279, 146, 0, 7.75%, 0, 0, 6, 26873.35, 81133844, 377
3048, 39, 83, 279, 146, 0, 7.75%, 0, 0, 6, 30454.66, 81285925, 377
3053, 39, 83, 279, 146, 0, 7.75%, 0, 0, 6, 25998.43, 81416773, 377
3059, 39, 83, 279, 146, 0, 7.75%, 0, 0, 6, 27095.62, 81562378, 377
3064, 39, 83, 279, 146, 0, 7.75%, 0, 0, 6, 28112.46, 81718438, 377
3069, 39, 83, 279, 146, 0, 7.75%, 0, 0, 6, 28490.79, 81866172, 377
3074, 39, 83, 279, 146, 0, 7.75%, 0, 0, 6, 30369.54, 82022215, 377
3079, 39, 83, 279, 145, 0, 7.75%, 0, 0, 6, 28438.67, 82168476, 377
3084, 39, 125, 279, 144, 0, 7.75%, 0, 0, 6, 23710.80, 82289088, 377
3089, 39, 83, 279, 144, 0, 7.75%, 0, 0, 6, 25111.77, 82425951, 377
3094, 39, 83, 279, 144, 0, 7.75%, 0, 0, 6, 23693.67, 82547853, 377
3099, 40, 83, 279, 144, 0, 7.75%, 0, 0, 6, 28004.38, 82692801, 377
3104, 40, 24, 279, 144, 0, 7.75%, 0, 0, 6, 28263.15, 82835259, 377
3109, 40, 125, 279, 144, 0, 7.75%, 0, 0, 6, 31324.72, 82997099, 377
3114, 40, 83, 279, 144, 0, 7.75%, 0, 0, 6, 27377.22, 83124632, 377
3119, 40, 83, 279, 144, 0, 7.75%, 0, 0, 6, 25211.20, 83249751, 377
3124, 40, 100, 279, 144, 0, 7.75%, 0, 0, 6, 26119.53, 83388790, 377
3129, 40, 100, 279, 144, 0, 7.75%, 0, 0, 6, 27570.44, 83530427, 377
3135, 40, 83, 279, 144, 0, 7.75%, 0, 0, 6, 24925.30, 83665283, 377
3140, 40, 83, 279, 144, 0, 7.75%, 0, 0, 6, 27412.00, 83813792, 377
3145, 40, 125, 279, 144, 0, 7.75%, 0, 0, 6, 24252.00, 83940396, 377
3150, 40, 100, 279, 144, 0, 7.75%, 0, 0, 6, 26948.72, 84086070, 377
3155, 40, 83, 279, 144, 0, 7.75%, 0, 0, 6, 27629.85, 84223055, 377
3160, 40, 16, 279, 144, 0, 7.75%, 0, 0, 6, 28571.70, 84367917, 377
3165, 40, 100, 279, 144, 0, 7.75%, 0, 0, 6, 24099.07, 84485107, 377
3171, 40, 83, 279, 144, 0, 7.75%, 0, 0, 6, 28152.73, 84632386, 377
3176, 41, 125, 279, 144, 0, 7.75%, 0, 0, 6, 27693.81, 84773204, 377
3181, 41, 83, 279, 144, 0, 7.75%, 0, 0, 6, 24098.02, 84890961, 377
3186, 41, 83, 279, 144, 0, 7.75%, 0, 0, 6, 23520.60, 85004903, 377
3191, 41, 83, 279, 144, 0, 7.75%, 0, 0, 6, 25628.72, 85134092, 377
3196, 41, 82, 279, 143, 0, 7.75%, 0, 0, 6, 23905.93, 85255414, 377
3201, 41, 83, 279, 143, 0, 7.75%, 0, 0, 6, 28926.38, 85411185, 377
3206, 41, 13, 279, 143, 0, 7.75%, 0, 0, 6, 26727.70, 85538981, 377
3211, 41, 83, 279, 143, 0, 7.75%, 0, 0, 6, 26658.68, 85666491, 377
3217, 41, 83, 279, 143, 0, 7.75%, 0, 0, 6, 28559.53, 85806280, 377
3222, 41, 83, 279, 143, 0, 7.75%, 0, 0, 6, 26196.01, 85936518, 377
3227, 41, 13, 279, 143, 0, 7.75%, 0, 0, 6, 24088.53, 86048888, 377
3232, 41, 8, 279, 143, 0, 7.75%, 0, 0, 6, 27856.34, 86192786, 377
3237, 41, 83, 279, 142, 0, 7.75%, 0, 0, 6, 24120.55, 86321178, 377
3242, 41, 83, 279, 142, 0, 7.75%, 0, 0, 6, 27279.03, 86461851, 377
3247, 41, 83, 279, 142, 0, 7.75%, 0, 0, 6, 26816.50, 86592250, 377
3252, 41, 83, 279, 142, 0, 7.75%, 0, 0, 6, 29257.38, 86743049, 377
3257, 42, 83, 279, 142, 0, 7.75%, 0, 0, 6, 29614.97, 86886418, 377
3262, 42, 24, 279, 142, 0, 7.75%, 0, 0, 6, 27135.39, 87026893, 377
3267, 42, 83, 279, 142, 0, 7.75%, 0, 0, 6, 25535.13, 87153832, 377
3272, 42, 83, 279, 142, 0, 7.75%, 0, 0, 6, 27178.85, 87292524, 377
3277, 42, 83, 279, 142, 0, 7.75%, 0, 0, 6, 25900.82, 87421179, 377
3282, 42, 100, 279, 141, 0, 7.75%, 0, 0, 6, 23586.80, 87540253, 377
3287, 42, 83, 279, 140, 0, 7.75%, 0, 0, 6, 26089.92, 87663571, 377
3292, 42, 16, 279, 140, 0, 7.75%, 0, 0, 6, 26548.12, 87798607, 377
3298, 42, 83, 279, 140, 0, 7.75%, 0, 0, 6, 23418.55, 87918654, 377
3303, 42, 100, 279, 140, 0, 7.75%, 0, 0, 6, 23592.88, 88040686, 377
3308, 42, 138, 279, 140, 0, 7.75%, 0, 0, 6, 26703.09, 88179992, 377
3313, 42, 125, 279, 140, 0, 7.75%, 0, 0, 6, 28303.70, 88331119, 377
3318, 42, 83, 279, 140, 0, 7.75%, 0, 0, 6, 30374.23, 88492441, 377
3323, 42, 83, 279, 139, 0, 7.75%, 0, 0, 6, 25198.03, 88614419, 377
3328, 42, 125, 279, 139, 0, 7.75%, 0, 0, 6, 27222.79, 88746784, 377
3333, 42, 83, 279, 139, 0, 7.75%, 0, 0, 6, 24968.11, 88878929, 377
3338, 43, 83, 279, 139, 0, 7.75%, 0, 0, 6, 27819.37, 89022549, 377
3343, 43, 83, 279, 139, 0, 7.75%, 0, 0, 6, 22622.04, 89135690, 377
3349, 43, 81, 279, 139, 0, 7.75%, 0, 0, 6, 25245.04, 89264097, 377
3354, 43, 83, 279, 139, 0, 7.75%, 0, 0, 6, 25433.48, 89400665, 377
3359, 43, 83, 279, 139, 0, 7.75%, 0, 0, 6, 23765.26, 89525669, 377
3364, 43, 81, 279, 139, 0, 7.75%, 0, 0, 6, 28830.94, 89684993, 377
3369, 43, 83, 279, 138, 0, 7.75%, 0, 0, 6, 27113.11, 89830659, 377
3374, 43, 12, 279, 138, 0, 7.75%, 0, 0, 6, 24757.67, 89952808, 377
3379, 43, 83, 279, 138, 0, 7.75%, 0, 0, 6, 31085.38, 90122532, 377
3384, 43, 83, 279, 138, 0, 7.75%, 0, 0, 6, 26484.00, 90248775, 377
3390, 43, 83, 279, 138, 0, 7.75%, 0, 0, 6, 29294.35, 90397302, 377
3395, 43, 83, 279, 138, 0, 7.75%, 0, 0, 6, 27520.71, 90533593, 377
3400, 43, 83, 279, 138, 0, 7.75%, 0, 0, 6, 29209.66, 90678514, 377
3405, 43, 83, 279, 138, 0, 7.75%, 0, 0, 6, 27535.68, 90815715, 377
3410, 43, 15, 279, 138, 0, 7.75%, 0, 0, 6, 27781.01, 90952727, 377
3415, 43, 83, 279, 138, 0, 7.75%, 0, 0, 6, 22805.79, 91062607, 377
3420, 44, 83, 279, 138, 0, 7.75%, 0, 0, 6, 25217.12, 91190175, 377
3425, 44, 83, 279, 138, 0, 7.75%, 0, 0, 6, 27290.98, 91327967, 377
3430, 44, 100, 279, 138, 0, 7.75%, 0, 0, 6, 27782.68, 91469636, 377
3435, 44, 83, 279, 138, 0, 7.75%, 0, 0, 6, 26847.77, 91602918, 377
3440, 44, 83, 279, 138, 0, 7.75%, 0, 0, 6, 28147.91, 91754676, 377
3445, 44, 83, 279, 138, 0, 7.75%, 0, 0, 6, 26957.74, 91894307, 377
3450, 44, 83, 279, 138, 0, 7.75%, 0, 0, 6, 28180.81, 92040697, 377
3455, 44, 83, 279, 138, 0, 7.75%, 0, 0, 6, 26539.02, 92169293, 377
3460, 44, 83, 279, 138, 0, 7.75%, 0, 0, 6, 29586.80, 92320768, 377
3466, 44, 83, 279, 138, 0, 7.75%, 0, 0, 6, 26280.61, 92454056, 377
3471, 44, 83, 279, 138, 0, 7.75%, 0, 0, 6, 28118.35, 92605933, 377
3476, 44, 83, 279, 138, 0, 7.75%, 0, 0, 6, 24686.80, 92729807, 377
3481, 44, 83, 279, 138, 0, 7.75%, 0, 0, 6, 28904.46, 92874187, 377
3486, 44, 23, 279, 138, 0, 7.75%, 0, 0, 6, 28938.62, 93019320, 377
3491, 44, 83, 279, 138, 0, 7.75%, 0, 0, 6, 29263.52, 93169318, 377
3496, 45, 83, 279, 137, 0, 7.75%, 0, 0, 6, 27351.72, 93299354, 377
3501, 45, 83, 279, 137, 0, 7.75%, 0, 0, 6, 28552.21, 93450398, 377
3507, 45, 83, 279, 137, 0, 7.75%, 0, 0, 6, 30371.05, 93610821, 377
3512, 45, 83, 279, 136, 0, 7.75%, 0, 0, 6, 26675.18, 93753644, 377
3517, 45, 83, 279, 136, 0, 7.75%, 0, 0, 6, 26011.53, 93883604, 377
3522, 45, 83, 279, 136, 0, 7.75%, 0, 0, 6, 27835.17, 94019521, 377
3527, 45, 83, 279, 136, 0, 7.75%, 0, 0, 6, 29502.31, 94170124, 377
3532, 45, 83, 279, 136, 0, 7.75%, 0, 0, 6, 25649.96, 94297996, 377
3537, 45, 83, 279, 136, 0, 7.75%, 0, 0, 6, 21975.49, 94404493, 377
3542, 45, 83, 279, 136, 0, 7.75%, 0, 0, 6, 24545.82, 94519348, 377
3547, 45, 100, 279, 136, 0, 7.75%, 0, 0, 6, 26421.28, 94654262, 377
3552, 45, 125, 279, 136, 0, 7.75%, 0, 0, 6, 25734.24, 94783858, 377
3557, 45, 14, 279, 136, 0, 7.75%, 0, 0, 6, 28820.81, 94933329, 377
3562, 45, 13, 279, 136, 0, 7.75%, 0, 0, 6, 26368.66, 95067354, 377
3567, 45, 83, 279, 135, 0, 7.75%, 0, 0, 6, 19646.16, 95168411, 377
3573, 45, 83, 279, 135, 0, 7.75%, 0, 0, 6, 23050.41, 95288597, 377
3578, 46, 125, 279, 134, 0, 7.75%, 0, 0, 6, 12740.79, 95349243, 377
3583, 46, 83, 279, 134, 0, 7.75%, 0, 0, 6, 12095.17, 95407642, 377
3588, 46, 16, 279, 134, 0, 7.75%, 0, 0, 6, 13543.76, 95475185, 377
3593, 46, 23, 279, 134, 0, 7.75%, 0, 0, 6, 14557.54, 95551692, 377
3598, 46, 83, 279, 134, 0, 7.75%, 0, 0, 6, 12451.16, 95614352, 377
3600, 46, 83, 279, 134, 0, 7.75%, 0, 0, 6, 13483.87, 95637323, 377
