# relative_time, cycles_done, cur_item, corpus_count, pending_total, pending_favs, map_size, saved_crashes, saved_hangs, max_depth, execs_per_sec, total_execs, edges_found
61, 1, 122, 234, 190, 0, 9.46%, 25, 0, 3, 17129.10, 1087804, 455
66, 1, 84, 234, 190, 0, 9.46%, 25, 0, 3, 17506.37, 1179720, 455
71, 1, 80, 234, 190, 0, 9.46%, 26, 0, 3, 17484.07, 1270603, 455
76, 1, 47, 234, 190, 0, 9.46%, 27, 0, 3, 17473.22, 1359985, 455
81, 1, 162, 235, 191, 0, 9.46%, 27, 0, 3, 17497.76, 1448763, 455
87, 1, 95, 235, 191, 0, 9.46%, 27, 0, 3, 18264.03, 1542743, 455
92, 1, 80, 235, 191, 0, 9.46%, 28, 0, 3, 17936.23, 1635590, 455
97, 1, 80, 237, 193, 0, 9.46%, 28, 0, 3, 18387.30, 1730603, 455
102, 1, 80, 238, 193, 0, 9.46%, 28, 0, 3, 17441.88, 1819420, 455
107, 1, 80, 238, 193, 0, 9.46%, 28, 0, 3, 17253.98, 1906614, 455
112, 2, 80, 289, 243, 0, 9.48%, 28, 0, 3, 17717.22, 1997857, 456
117, 2, 80, 289, 243, 0, 9.48%, 29, 0, 3, 17467.09, 2086197, 456
122, 2, 80, 289, 243, 0, 9.48%, 30, 0, 3, 17791.54, 2175379, 456
127, 2, 7, 289, 243, 0, 9.48%, 30, 0, 3, 17780.14, 2266030, 456
133, 2, 84, 289, 243, 0, 9.48%, 30, 0, 3, 17558.48, 2356002, 456
138, 2, 179, 289, 243, 0, 9.48%, 31, 0, 3, 17159.97, 2446449, 456
143, 2, 47, 289, 243, 0, 9.48%, 32, 0, 3, 17809.53, 2539186, 456
148, 2, 80, 289, 243, 0, 9.48%, 32, 0, 3, 17035.61, 2624621, 456
153, 2, 7, 289, 240, 0, 9.48%, 33, 0, 3, 17373.05, 2715600, 456
158, 2, 162, 289, 240, 0, 9.48%, 34, 0, 3, 17550.93, 2805376, 456
163, 3, 7, 293, 243, 0, 9.48%, 34, 0, 3, 18299.75, 2900681, 456
168, 3, 47, 294, 244, 0, 9.48%, 34, 0, 3, 17570.79, 2989054, 456
173, 3, 145, 294, 244, 0, 9.48%, 34, 0, 3, 17820.25, 3078204, 456
179, 3, 80, 294, 244, 0, 9.48%, 35, 0, 3, 16707.65, 3164158, 456
184, 3, 108, 294, 244, 0, 9.48%, 35, 0, 3, 17413.19, 3252656, 456
189, 3, 47, 294, 243, 0, 9.48%, 35, 0, 3, 17277.48, 3342585, 456
194, 3, 162, 294, 243, 0, 9.48%, 35, 0, 3, 17258.23, 3429736, 456
199, 3, 80, 295, 244, 0, 9.48%, 35, 0, 3, 16808.49, 3515598, 456
204, 3, 80, 295, 244, 0, 9.48%, 35, 0, 3, 16936.09, 3603617, 456
209, 3, 47, 295, 244, 0, 9.48%, 35, 0, 3, 16443.31, 3687952, 456
214, 3, 80, 295, 244, 0, 9.48%, 35, 0, 3, 17020.01, 3775181, 456
220, 4, 84, 301, 250, 0, 9.48%, 35, 0, 3, 17115.31, 3862962, 456
225, 4, 80, 301, 250, 0, 9.48%, 35, 0, 3, 17611.38, 3953981, 456
230, 4, 179, 301, 250, 0, 9.48%, 35, 0, 3, 16934.00, 4042335, 456
235, 4, 84, 301, 249, 0, 9.48%, 35, 0, 3, 17030.69, 4130481, 456
240, 4, 80, 301, 249, 0, 9.48%, 35, 0, 3, 16729.42, 4216100, 456
245, 4, 179, 301, 249, 0, 9.48%, 35, 0, 3, 16099.04, 4297421, 456
250, 4, 62, 301, 249, 0, 9.48%, 36, 0, 3, 15848.01, 4378570, 456
256, 4, 22, 301, 249, 0, 9.48%, 36, 0, 3, 16842.18, 4467233, 456
261, 4, 7, 301, 248, 0, 9.48%, 37, 0, 3, 16504.38, 4552086, 456
266, 4, 95, 301, 247, 0, 9.48%, 38, 0, 3, 16968.99, 4636883, 456
271, 4, 95, 301, 246, 0, 9.48%, 38, 0, 3, 16819.82, 4723419, 456
276, 4, 80, 301, 246, 0, 9.48%, 38, 0, 3, 16972.73, 4811013, 456
281, 5, 84, 301, 246, 0, 9.48%, 38, 0, 3, 16966.99, 4898137, 456
287, 5, 191, 301, 246, 0, 9.48%, 38, 0, 3, 17401.57, 4987615, 456
292, 5, 80, 301, 246, 0, 9.48%, 38, 0, 3, 16841.22, 5073704, 456
297, 5, 162, 301, 246, 0, 9.48%, 38, 0, 3, 16423.96, 5160015, 456
302, 5, 81, 301, 246, 0, 9.48%, 38, 0, 3, 16548.71, 5244710, 456
307, 5, 55, 301, 246, 0, 9.48%, 38, 0, 3, 16393.84, 5329380, 456
312, 5, 70, 301, 246, 0, 9.48%, 38, 0, 3, 17068.55, 5418050, 456
317, 5, 84, 302, 247, 0, 9.48%, 38, 0, 3, 16466.59, 5503113, 456
323, 5, 62, 302, 247, 0, 9.48%, 38, 0, 3, 16607.00, 5588213, 456
328, 5, 80, 302, 247, 0, 9.48%, 38, 0, 3, 16686.16, 5675120, 456
333, 5, 80, 302, 247, 0, 9.48%, 38, 0, 3, 16641.05, 5760563, 456
338, 6, 80, 302, 246, 0, 9.48%, 38, 0, 3, 16494.36, 5844096, 456
343, 6, 72, 302, 246, 0, 9.48%, 38, 0, 3, 16641.90, 5931477, 456
348, 6, 80, 302, 246, 0, 9.48%, 39, 0, 3, 16386.34, 6017915, 456
354, 6, 84, 302, 246, 0, 9.48%, 39, 0, 3, 16494.68, 6104051, 456
359, 6, 80, 302, 244, 0, 9.48%, 39, 0, 3, 17436.18, 6194402, 456
364, 6, 80, 302, 244, 0, 9.48%, 39, 0, 3, 16490.49, 6278276, 456
369, 6, 80, 302, 244, 0, 9.48%, 39, 0, 3, 16857.71, 6363632, 456
374, 6, 7, 302, 244, 0, 9.48%, 39, 0, 3, 17590.87, 6454869, 456
379, 6, 80, 302, 244, 0, 9.48%, 39, 0, 3, 16839.73, 6541951, 456
384, 6, 80, 302, 243, 0, 9.48%, 39, 0, 3, 16451.10, 6626712, 456
390, 6, 80, 302, 243, 0, 9.48%, 39, 0, 3, 16756.46, 6714424, 456
395, 7, 80, 323, 262, 0, 9.48%, 39, 0, 3, 15017.55, 6790044, 456
400, 7, 39, 323, 262, 0, 9.48%, 39, 0, 3, 17049.97, 6881227, 456
405, 7, 80, 323, 262, 0, 9.48%, 39, 0, 3, 17762.57, 6973838, 456
410, 7, 39, 323, 262, 0, 9.48%, 39, 0, 3, 16784.58, 7056407, 456
415, 7, 57, 323, 262, 0, 9.48%, 39, 0, 3, 17068.82, 7144760, 456
420, 7, 62, 323, 261, 0, 9.48%, 41, 0, 3, 16373.95, 7226985, 456
425, 7, 57, 323, 261, 0, 9.48%, 41, 0, 3, 17000.65, 7316484, 456
431, 7, 7, 323, 261, 0, 9.48%, 41, 0, 3, 17024.38, 7403477, 456
436, 7, 84, 323, 261, 0, 9.48%, 41, 0, 3, 17012.22, 7492069, 456
441, 7, 162, 323, 260, 0, 9.48%, 41, 0, 3, 15270.90, 7567728, 456
446, 7, 179, 323, 260, 0, 9.48%, 41, 0, 3, 16007.89, 7654177, 456
451, 7, 151, 323, 260, 0, 9.48%, 41, 0, 3, 17287.71, 7743904, 456
456, 7, 84, 323, 259, 0, 9.48%, 41, 0, 3, 17108.01, 7832089, 456
461, 8, 80, 324, 260, 0, 9.48%, 41, 0, 3, 17284.96, 7920670, 456
467, 8, 7, 324, 260, 0, 9.48%, 41, 0, 3, 17049.73, 8009784, 456
472, 8, 179, 324, 259, 0, 9.48%, 41, 0, 3, 16768.78, 8095068, 456
477, 8, 47, 324, 258, 0, 9.48%, 41, 0, 3, 15992.36, 8179566, 456
482, 8, 80, 324, 258, 0, 9.48%, 41, 0, 3, 14536.11, 8253573, 456
487, 8, 59, 324, 258, 0, 9.48%, 41, 0, 3, 14433.86, 8327023, 456
492, 8, 251, 324, 258, 0, 9.48%, 41, 0, 3, 14052.36, 8399147, 456
498, 8, 4, 324, 258, 0, 9.48%, 41, 0, 3, 14008.55, 8470608, 456
503, 8, 84, 324, 258, 0, 9.48%, 41, 0, 3, 14573.39, 8545411, 456
508, 8, 39, 324, 257, 0, 9.48%, 41, 0, 3, 14039.31, 8618015, 456
513, 8, 80, 324, 257, 0, 9.48%, 41, 0, 3, 15661.96, 8700052, 456
518, 8, 39, 324, 257, 0, 9.48%, 41, 0, 3, 16679.42, 8788680, 456
523, 8, 81, 324, 257, 0, 9.48%, 41, 0, 3, 16657.80, 8873108, 456
529, 9, 70, 332, 265, 0, 9.48%, 41, 0, 3, 16992.72, 8962875, 456
534, 9, 39, 332, 265, 0, 9.48%, 41, 0, 3, 17232.77, 9053675, 456
539, 9, 179, 332, 265, 0, 9.48%, 41, 0, 3, 17177.36, 9143942, 456
544, 9, 84, 332, 265, 0, 9.48%, 41, 0, 3, 17131.96, 9232197, 456
549, 9, 95, 332, 265, 0, 9.48%, 41, 0, 3, 17056.73, 9316937, 456
554, 9, 70, 332, 265, 0, 9.48%, 41, 0, 3, 17190.65, 9406793, 456
560, 9, 84, 332, 265, 0, 9.48%, 41, 0, 3, 16393.80, 9491402, 456
565, 9, 70, 332, 265, 0, 9.48%, 41, 0, 3, 17229.82, 9582645, 456
570, 9, 47, 332, 265, 0, 9.48%, 41, 0, 3, 17308.93, 9672065, 456
575, 9, 80, 332, 264, 0, 9.48%, 41, 0, 3, 16519.62, 9753670, 456
580, 9, 122, 332, 264, 0, 9.48%, 41, 0, 3, 17018.86, 9841104, 456
585, 9, 179, 332, 264, 0, 9.48%, 41, 0, 3, 16709.35, 9926637, 456
590, 10, 47, 332, 263, 0, 9.48%, 41, 0, 3, 16502.44, 10012119, 456
595, 10, 179, 332, 263, 0, 9.48%, 41, 0, 3, 17108.55, 10099400, 456
601, 10, 197, 332, 262, 0, 9.48%, 42, 0, 3, 16791.74, 10186762, 456
606, 10, 62, 332, 261, 0, 9.48%, 42, 0, 3, 17064.04, 10274928, 456
611, 10, 122, 332, 260, 0, 9.48%, 42, 0, 3, 17072.95, 10362902, 456
616, 10, 80, 332, 259, 0, 9.48%, 42, 0, 3, 18004.06, 10456192, 456
621, 10, 47, 332, 259, 0, 9.48%, 42, 0, 3, 17917.15, 10544742, 456
626, 10, 62, 332, 259, 0, 9.48%, 42, 0, 3, 17713.80, 10636824, 456
631, 10, 84, 332, 259, 0, 9.48%, 42, 0, 3, 17474.79, 10726749, 456
637, 10, 122, 332, 259, 0, 9.48%, 42, 0, 3, 17423.71, 10815826, 456
642, 10, 81, 332, 259, 0, 9.48%, 42, 0, 3, 17574.72, 10906697, 456
647, 10, 167, 332, 259, 0, 9.48%, 42, 0, 3, 17281.86, 10997413, 456
652, 11, 80, 335, 261, 0, 9.48%, 42, 0, 3, 16768.76, 11084600, 456
657, 11, 80, 335, 261, 0, 9.48%, 42, 0, 3, 16992.44, 11173207, 456
662, 11, 7, 335, 261, 0, 9.48%, 42, 0, 3, 17094.90, 11259628, 456
668, 11, 84, 335, 260, 0, 9.48%, 43, 0, 3, 17367.13, 11350210, 456
673, 11, 47, 335, 260, 0, 9.48%, 43, 0, 3, 16804.43, 11435710, 456
678, 11, 7, 335, 260, 0, 9.48%, 43, 0, 3, 17482.74, 11525980, 456
683, 11, 81, 335, 260, 0, 9.48%, 43, 0, 3, 17284.06, 11615283, 456
688, 11, 179, 335, 259, 0, 9.48%, 43, 0, 3, 17287.80, 11705768, 456
693, 11, 80, 335, 258, 0, 9.48%, 43, 0, 3, 17414.68, 11793808, 456
699, 11, 179, 335, 258, 0, 9.48%, 43, 0, 3, 16665.17, 11881175, 456
704, 11, 179, 335, 258, 0, 9.48%, 43, 0, 3, 17211.79, 11969077, 456
709, 11, 179, 335, 258, 0, 9.48%, 43, 0, 3, 16769.80, 12057141, 456
714, 12, 7, 336, 258, 0, 9.48%, 43, 0, 3, 17003.70, 12146377, 456
719, 12, 59, 336, 258, 0, 9.48%, 43, 0, 3, 17475.39, 12238846, 456
724, 12, 80, 336, 257, 0, 9.48%, 43, 0, 3, 17235.72, 12323988, 456
730, 12, 80, 336, 257, 0, 9.48%, 43, 0, 3, 16945.78, 12411896, 456
735, 12, 95, 337, 258, 0, 9.48%, 43, 0, 3, 17509.10, 12502562, 456
740, 12, 39, 337, 258, 0, 9.48%, 44, 0, 3, 17452.73, 12592736, 456
745, 12, 80, 337, 258, 0, 9.48%, 44, 0, 3, 17136.06, 12680883, 456
750, 12, 95, 339, 260, 0, 9.48%, 44, 0, 3, 17031.12, 12768039, 456
755, 12, 36, 339, 260, 0, 9.48%, 44, 0, 3, 17301.90, 12858038, 456
761, 12, 84, 339, 259, 0, 9.48%, 44, 0, 3, 17511.20, 12948171, 456
766, 12, 95, 339, 258, 0, 9.48%, 44, 0, 3, 17260.87, 13036997, 456
771, 12, 80, 339, 258, 0, 9.48%, 44, 0, 3, 17145.72, 13125598, 456
776, 13, 80, 339, 257, 0, 9.48%, 44, 0, 3, 16497.22, 13210008, 456
781, 13, 80, 339, 256, 0, 9.48%, 44, 0, 3, 16122.32, 13294336, 456
786, 13, 259, 339, 256, 0, 9.48%, 44, 0, 3, 16312.39, 13377998, 456
791, 13, 95, 339, 256, 0, 9.48%, 44, 0, 3, 16914.58, 13464130, 456
797, 13, 47, 339, 254, 0, 9.48%, 44, 0, 3, 16361.63, 13548002, 456
802, 13, 122, 339, 254, 0, 9.48%, 44, 0, 3, 16444.73, 13633719, 456
807, 13, 80, 339, 254, 0, 9.48%, 44, 0, 3, 16056.64, 13717211, 456
812, 13, 147, 339, 254, 0, 9.48%, 44, 0, 3, 16745.82, 13802853, 456
817, 13, 80, 339, 253, 0, 9.48%, 44, 0, 3, 13572.31, 13862714, 456
822, 13, 26, 339, 253, 0, 9.48%, 44, 0, 3, 15858.27, 13946802, 456
828, 13, 39, 339, 251, 0, 9.48%, 44, 0, 3, 15758.03, 14027515, 456
833, 13, 7, 339, 251, 0, 9.48%, 44, 0, 3, 17170.13, 14116029, 456
838, 14, 47, 342, 254, 0, 9.48%, 44, 0, 3, 16940.35, 14203460, 456
843, 14, 36, 342, 254, 0, 9.48%, 44, 0, 3, 15922.40, 14282157, 456
848, 14, 80, 342, 254, 0, 9.48%, 44, 0, 3, 17059.16, 14370759, 456
853, 14, 52, 342, 254, 0, 9.48%, 44, 0, 3, 17327.23, 14460628, 456
858, 14, 7, 342, 254, 0, 9.48%, 44, 0, 3, 16822.59, 14547009, 456
863, 14, 80, 342, 254, 0, 9.48%, 44, 0, 3, 17269.34, 14637063, 456
869, 14, 80, 342, 254, 0, 9.48%, 44, 0, 3, 17029.79, 14724892, 456
874, 14, 80, 342, 254, 0, 9.48%, 44, 0, 3, 16825.82, 14810948, 456
879, 14, 55, 342, 254, 0, 9.48%, 44, 0, 3, 16931.39, 14896227, 456
884, 14, 39, 342, 254, 0, 9.48%, 44, 0, 3, 17244.28, 14985006, 456
889, 14, 57, 343, 254, 0, 9.48%, 44, 0, 3, 16273.82, 15067989, 456
894, 14, 162, 343, 253, 0, 9.48%, 44, 0, 3, 16902.40, 15154740, 456
899, 15, 191, 347, 257, 0, 9.48%, 44, 0, 3, 16664.69, 15239960, 456
905, 15, 39, 347, 257, 0, 9.48%, 44, 0, 3, 16723.29, 15326096, 456
910, 15, 162, 347, 256, 0, 9.48%, 44, 0, 3, 16137.83, 15410278, 456
915, 15, 120, 347, 256, 0, 9.48%, 44, 0, 3, 16954.53, 15496801, 456
920, 15, 47, 347, 256, 0, 9.48%, 44, 0, 3, 17696.41, 15589209, 456
925, 15, 47, 347, 255, 0, 9.48%, 44, 0, 3, 17142.08, 15675252, 456
930, 15, 122, 347, 255, 0, 9.48%, 44, 0, 3, 16780.51, 15762775, 456
935, 15, 62, 347, 255, 0, 9.48%, 44, 0, 3, 16474.64, 15847637, 456
941, 15, 36, 347, 255, 0, 9.48%, 44, 0, 3, 16312.63, 15933074, 456
946, 15, 80, 347, 255, 0, 9.48%, 44, 0, 3, 16680.61, 16018166, 456
951, 15, 80, 347, 255, 0, 9.48%, 44, 0, 3, 16013.24, 16101241, 456
956, 15, 62, 347, 254, 0, 9.48%, 44, 0, 3, 16074.75, 16184022, 456
961, 15, 7, 347, 253, 0, 9.48%, 44, 0, 3, 16934.36, 16270780, 456
966, 16, 80, 347, 252, 0, 9.48%, 44, 0, 3, 16912.80, 16356458, 456
971, 16, 123, 347, 252, 0, 9.48%, 44, 0, 3, 16267.66, 16440869, 456
977, 16, 36, 347, 251, 0, 9.48%, 44, 0, 3, 16571.97, 16528281, 456
982, 16, 36, 347, 251, 0, 9.48%, 44, 0, 3, 16577.38, 16613870, 456
987, 16, 80, 347, 251, 0, 9.48%, 44, 0, 3, 16765.97, 16701319, 456
992, 16, 80, 347, 251, 0, 9.48%, 44, 0, 3, 17039.38, 16787654, 456
997, 16, 84, 347, 251, 0, 9.48%, 44, 0, 3, 17166.28, 16875928, 456
1002, 16, 59, 347, 251, 0, 9.48%, 44, 0, 3, 16460.11, 16959539, 456
1008, 16, 80, 347, 251, 0, 9.48%, 44, 0, 3, 16664.97, 17044547, 456
1013, 16, 47, 347, 251, 0, 9.48%, 44, 0, 3, 16631.84, 17131435, 456
1018, 16, 55, 347, 251, 0, 9.48%, 44, 0, 3, 16218.35, 17214143, 456
1023, 16, 72, 347, 251, 0, 9.48%, 44, 0, 3, 16157.93, 17297602, 456
1028, 17, 80, 347, 251, 0, 9.48%, 44, 0, 3, 16069.68, 17380576, 456
1033, 17, 80, 347, 251, 0, 9.48%, 44, 0, 3, 16306.91, 17465954, 456
1039, 17, 80, 347, 251, 0, 9.48%, 44, 0, 3, 16248.82, 17550934, 456
1044, 17, 147, 347, 250, 0, 9.48%, 44, 0, 3, 16374.52, 17633187, 456
1049, 17, 80, 347, 249, 0, 9.48%, 44, 0, 3, 16386.99, 17717676, 456
1054, 17, 84, 347, 249, 0, 9.48%, 44, 0, 3, 16584.21, 17803265, 456
1059, 17, 80, 347, 249, 0, 9.48%, 44, 0, 3, 16498.60, 17889550, 456
1064, 17, 81, 347, 248, 0, 9.48%, 44, 0, 3, 16688.68, 17975642, 456
1070, 17, 197, 347, 248, 0, 9.48%, 44, 0, 3, 16235.04, 18060411, 456
1075, 17, 47, 347, 248, 0, 9.48%, 44, 0, 3, 16692.05, 18144905, 456
1080, 17, 36, 347, 248, 0, 9.48%, 44, 0, 3, 15890.37, 18227333, 456
1085, 17, 15, 347, 248, 0, 9.48%, 44, 0, 3, 16565.69, 18315251, 456
1090, 18, 80, 347, 247, 0, 9.48%, 44, 0, 3, 16600.95, 18401095, 456
1095, 18, 36, 347, 247, 0, 9.48%, 44, 0, 3, 16582.30, 18487403, 456
1101, 18, 47, 347, 247, 0, 9.48%, 44, 0, 3, 16382.38, 18569805, 456
1106, 18, 95, 347, 247, 0, 9.48%, 44, 0, 3, 17060.97, 18657821, 456
1111, 18, 283, 347, 247, 0, 9.48%, 44, 0, 3, 15905.69, 18738761, 456
1116, 18, 80, 347, 246, 0, 9.48%, 44, 0, 3, 16169.17, 18824431, 456
1121, 18, 7, 347, 246, 0, 9.48%, 44, 0, 3, 16451.82, 18909434, 456
1126, 18, 80, 347, 246, 0, 9.48%, 44, 0, 3, 16505.90, 18994938, 456
1131, 18, 77, 347, 246, 0, 9.48%, 44, 0, 3, 16275.96, 19078044, 456
1137, 18, 62, 347, 246, 0, 9.48%, 44, 0, 3, 16708.43, 19163927, 456
1142, 18, 47, 347, 246, 0, 9.48%, 44, 0, 3, 16830.41, 19249316, 456
1147, 18, 80, 347, 246, 0, 9.48%, 44, 0, 3, 16651.17, 19334992, 456
1152, 18, 36, 347, 246, 0, 9.48%, 44, 0, 3, 16088.92, 19416747, 456
1157, 19, 162, 347, 246, 0, 9.48%, 44, 0, 3, 16552.97, 19502746, 456
1162, 19, 80, 347, 245, 0, 9.48%, 44, 0, 3, 16306.57, 19584844, 456
1167, 19, 47, 347, 245, 0, 9.48%, 44, 0, 3, 15785.22, 19663865, 456
1173, 19, 95, 347, 245, 0, 9.48%, 44, 0, 3, 16589.73, 19751777, 456
1178, 19, 47, 347, 244, 0, 9.48%, 44, 0, 3, 16348.32, 19836485, 456
1183, 19, 7, 347, 244, 0, 9.48%, 44, 0, 3, 16378.61, 19919762, 456
1188, 19, 47, 347, 244, 0, 9.48%, 44, 0, 3, 16882.48, 20007039, 456
1193, 19, 47, 347, 244, 0, 9.48%, 44, 0, 3, 16389.52, 20090924, 456
1198, 19, 81, 347, 243, 0, 9.48%, 44, 0, 3, 15072.22, 20159308, 456
1203, 19, 162, 347, 243, 0, 9.48%, 44, 0, 3, 15689.41, 20240667, 456
1209, 19, 84, 347, 243, 0, 9.48%, 44, 0, 3, 16193.25, 20325551, 456
1214, 19, 7, 347, 243, 0, 9.48%, 44, 0, 3, 16660.81, 20412148, 456
1219, 19, 47, 347, 243, 0, 9.48%, 44, 0, 3, 16510.11, 20497181, 456
1224, 20, 39, 347, 242, 0, 9.48%, 44, 0, 3, 16868.11, 20584084, 456
1229, 20, 80, 347, 242, 0, 9.48%, 44, 0, 3, 16697.19, 20668762, 456
1234, 20, 123, 347, 241, 0, 9.48%, 44, 0, 3, 16579.23, 20753777, 456
1240, 20, 80, 347, 241, 0, 9.48%, 44, 0, 3, 16527.74, 20838841, 456
1245, 20, 7, 347, 241, 0, 9.48%, 44, 0, 3, 16550.30, 20924554, 456
1250, 20, 72, 347, 241, 0, 9.48%, 44, 0, 3, 16935.92, 21012029, 456
1255, 20, 36, 347, 241, 0, 9.48%, 44, 0, 3, 16600.97, 21098737, 456
1260, 20, 80, 347, 241, 0, 9.48%, 44, 0, 3, 16206.81, 21182387, 456
1265, 20, 80, 347, 241, 0, 9.48%, 44, 0, 3, 16703.38, 21269994, 456
1271, 20, 191, 347, 241, 0, 9.48%, 44, 0, 3, 16485.96, 21355712, 456
1276, 20, 197, 347, 241, 0, 9.48%, 44, 0, 3, 16146.21, 21438108, 456
1281, 20, 95, 347, 241, 0, 9.48%, 44, 0, 3, 15917.34, 21519823, 456
1286, 21, 162, 347, 241, 0, 9.48%, 44, 0, 3, 16714.39, 21606774, 456
1291, 21, 7, 347, 240, 0, 9.48%, 44, 0, 3, 16916.79, 21694397, 456
1296, 21, 47, 347, 240, 0, 9.48%, 44, 0, 3, 16827.83, 21781904, 456
1301, 21, 55, 347, 240, 0, 9.48%, 44, 0, 3, 16355.21, 21865395, 456
1307, 21, 55, 347, 240, 0, 9.48%, 44, 0, 3, 16246.93, 21949307, 456
1312, 21, 122, 347, 240, 0, 9.48%, 44, 0, 3, 16925.37, 22036763, 456
1317, 21, 162, 347, 240, 0, 9.48%, 44, 0, 3, 16511.86, 22121667, 456
1322, 21, 57, 347, 240, 0, 9.48%, 44, 0, 3, 16330.70, 22206418, 456
1327, 21, 62, 347, 240, 0, 9.48%, 44, 0, 3, 16266.78, 22288373, 456
1332, 21, 7, 347, 240, 0, 9.48%, 44, 0, 3, 17164.08, 22377111, 456
1337, 21, 7, 347, 238, 0, 9.48%, 44, 0, 3, 16689.56, 22462895, 456
1342, 21, 59, 347, 238, 0, 9.48%, 44, 0, 3, 16292.02, 22544430, 456
1347, 22, 123, 355, 246, 0, 9.48%, 44, 0, 3, 16126.21, 22625869, 456
1353, 22, 80, 355, 246, 0, 9.48%, 44, 0, 3, 16864.37, 22713882, 456
1358, 22, 84, 355, 246, 0, 9.48%, 44, 0, 3, 16871.09, 22800975, 456
1363, 22, 80, 355, 245, 0, 9.48%, 44, 0, 3, 14704.35, 22867689, 456
1368, 22, 79, 355, 245, 0, 9.48%, 44, 0, 3, 16323.24, 22953936, 456
1373, 22, 95, 355, 245, 0, 9.48%, 44, 0, 3, 16850.22, 23041807, 456
1378, 22, 18, 355, 245, 0, 9.48%, 44, 0, 3, 16745.75, 23128143, 456
1383, 22, 80, 355, 245, 0, 9.48%, 44, 0, 3, 17017.32, 23215732, 456
1389, 22, 162, 355, 245, 0, 9.48%, 44, 0, 3, 16828.96, 23302379, 456
1394, 22, 36, 355, 245, 0, 9.48%, 44, 0, 3, 16122.65, 23386872, 456
1399, 22, 95, 355, 245, 0, 9.48%, 44, 0, 3, 16655.13, 23471990, 456
1404, 22, 80, 355, 245, 0, 9.48%, 44, 0, 3, 16410.52, 23554921, 456
1409, 22, 80, 355, 244, 0, 9.48%, 44, 0, 3, 16169.97, 23640012, 456
1414, 22, 80, 355, 244, 0, 9.48%, 44, 0, 3, 16692.27, 23726805, 456
1420, 23, 197, 355, 244, 0, 9.48%, 44, 0, 3, 16702.34, 23814042, 456
1425, 23, 79, 355, 242, 0, 9.48%, 44, 0, 3, 16183.56, 23895257, 456
1430, 23, 162, 355, 242, 0, 9.48%, 44, 0, 3, 16453.98, 23982055, 456
1435, 23, 80, 355, 242, 0, 9.48%, 44, 0, 3, 16356.69, 24067283, 456
1440, 23, 72, 355, 242, 0, 9.48%, 44, 0, 3, 16302.47, 24152157, 456
1445, 23, 80, 355, 242, 0, 9.48%, 44, 0, 3, 16529.04, 24237138, 456
1451, 23, 36, 355, 242, 0, 9.48%, 44, 0, 3, 16118.87, 24321500, 456
1456, 23, 80, 355, 242, 0, 9.48%, 44, 0, 3, 16609.41, 24403636, 456
1461, 23, 80, 355, 242, 0, 9.48%, 44, 0, 3, 16341.55, 24488318, 456
1466, 23, 80, 355, 241, 0, 9.48%, 44, 0, 3, 16521.54, 24572430, 456
1471, 23, 80, 355, 241, 0, 9.48%, 44, 0, 3, 16192.16, 24655053, 456
1476, 23, 80, 355, 241, 0, 9.48%, 44, 0, 3, 17280.14, 24743608, 456
1481, 23, 80, 355, 241, 0, 9.48%, 44, 0, 3, 16047.31, 24825529, 456
1486, 23, 39, 355, 241, 0, 9.48%, 44, 0, 3, 16245.78, 24909998, 456
1492, 24, 80, 357, 243, 0, 9.48%, 44, 0, 3, 16416.64, 24993541, 456
1497, 24, 80, 357, 243, 0, 9.48%, 44, 0, 3, 16594.38, 25079301, 456
1502, 24, 81, 357, 242, 0, 9.48%, 44, 0, 3, 16270.83, 25162308, 456
1507, 24, 162, 357, 241, 0, 9.48%, 44, 0, 3, 16263.40, 25240835, 456
1512, 24, 80, 357, 241, 0, 9.48%, 44, 0, 3, 16273.96, 25324206, 456
1517, 24, 80, 357, 241, 0, 9.48%, 44, 0, 3, 16426.56, 25406822, 456
1522, 24, 84, 357, 241, 0, 9.48%, 44, 0, 3, 17348.65, 25495992, 456
1527, 24, 80, 357, 241, 0, 9.48%, 44, 0, 3, 16587.94, 25580513, 456
1533, 24, 7, 357, 241, 0, 9.48%, 44, 0, 3, 16398.28, 25665741, 456
1538, 24, 65, 357, 241, 0, 9.48%, 44, 0, 3, 16588.57, 25751816, 456
1543, 24, 80, 357, 241, 0, 9.48%, 44, 0, 3, 16474.90, 25837451, 456
1548, 24, 7, 357, 241, 0, 9.48%, 44, 0, 3, 16493.93, 25923315, 456
1553, 24, 81, 357, 241, 0, 9.48%, 44, 0, 3, 16389.82, 26007616, 456
1558, 24, 47, 357, 241, 0, 9.48%, 44, 0, 3, 16095.30, 26091330, 456
1564, 25, 36, 359, 243, 0, 9.48%, 44, 0, 3, 16195.28, 26174598, 456
1569, 25, 7, 359, 243, 0, 9.48%, 44, 0, 3, 16435.31, 26259066, 456
1574, 25, 80, 359, 243, 0, 9.48%, 44, 0, 3, 16203.79, 26342396, 456
1579, 25, 66, 359, 243, 0, 9.48%, 44, 0, 3, 16411.41, 26426422, 456
1584, 25, 123, 359, 241, 0, 9.48%, 44, 0, 3, 14107.70, 26488561, 456
1589, 25, 79, 359, 240, 0, 9.48%, 44, 0, 3, 15237.61, 26568277, 456
1594, 25, 80, 359, 240, 0, 9.48%, 44, 0, 3, 16347.02, 26652263, 456
1599, 25, 95, 359, 240, 0, 9.48%, 44, 0, 3, 16754.51, 26739522, 456
1604, 25, 39, 359, 240, 0, 9.48%, 44, 0, 3, 17269.06, 26827517, 456
1610, 25, 162, 359, 240, 0, 9.48%, 44, 0, 3, 17029.54, 26915044, 456
1615, 25, 80, 359, 240, 0, 9.48%, 44, 0, 3, 16515.41, 27000057, 456
1620, 25, 95, 359, 239, 0, 9.48%, 44, 0, 3, 16387.97, 27084325, 456
1625, 25, 191, 359, 239, 0, 9.48%, 44, 0, 3, 16358.74, 27170220, 456
1630, 25, 80, 359, 238, 0, 9.48%, 44, 0, 3, 15073.24, 27242758, 456
1635, 25, 80, 359, 238, 0, 9.48%, 44, 0, 3, 16459.65, 27328668, 456
1640, 26, 80, 359, 238, 0, 9.48%, 44, 0, 3, 16795.69, 27414691, 456
1646, 26, 80, 359, 238, 0, 9.48%, 44, 0, 3, 16208.63, 27497719, 456
1651, 26, 162, 359, 238, 0, 9.48%, 44, 0, 3, 16703.98, 27584325, 456
1656, 26, 80, 359, 238, 0, 9.48%, 44, 0, 3, 16284.06, 27665059, 456
1661, 26, 70, 359, 238, 0, 9.48%, 44, 0, 3, 16364.53, 27748731, 456
1666, 26, 162, 359, 238, 0, 9.48%, 44, 0, 3, 16369.01, 27833767, 456
1671, 26, 80, 359, 238, 0, 9.48%, 44, 0, 3, 16349.18, 27917842, 456
1676, 26, 95, 359, 238, 0, 9.48%, 44, 0, 3, 16294.59, 28003611, 456
1682, 26, 7, 359, 237, 0, 9.48%, 44, 0, 3, 16609.30, 28088904, 456
1687, 26, 170, 359, 237, 0, 9.48%, 44, 0, 3, 16479.87, 28173365, 456
1692, 26, 80, 359, 235, 0, 9.48%, 44, 0, 3, 16385.89, 28254684, 456
1697, 26, 62, 359, 235, 0, 9.48%, 44, 0, 3, 16381.63, 28338612, 456
1702, 26, 57, 359, 234, 0, 9.48%, 44, 0, 3, 16436.64, 28424087, 456
1707, 26, 80, 359, 234, 0, 9.48%, 44, 0, 3, 16792.57, 28510996, 456
1713, 27, 36, 359, 234, 0, 9.48%, 44, 0, 3, 16758.48, 28598064, 456
1718, 27, 18, 359, 234, 0, 9.48%, 44, 0, 3, 16352.57, 28681636, 456
1723, 27, 80, 359, 233, 0, 9.48%, 44, 0, 3, 16371.24, 28766277, 456
1728, 27, 59, 359, 233, 0, 9.48%, 44, 0, 3, 16399.55, 28852442, 456
1733, 27, 47, 359, 232, 0, 9.48%, 44, 0, 3, 16190.39, 28935417, 456
1738, 27, 184, 359, 232, 0, 9.48%, 44, 0, 3, 15849.68, 29017866, 456
1744, 27, 80, 359, 231, 0, 9.48%, 44, 0, 3, 16292.76, 29102111, 456
1749, 27, 80, 359, 231, 0, 9.48%, 44, 0, 3, 16550.71, 29186664, 456
1754, 27, 80, 359, 231, 0, 9.48%, 44, 0, 3, 16631.49, 29271474, 456
1759, 27, 191, 359, 231, 0, 9.48%, 44, 0, 3, 16636.59, 29357209, 456
1764, 27, 84, 359, 230, 0, 9.48%, 44, 0, 3, 14046.73, 29420408, 456
1769, 27, 162, 359, 230, 0, 9.48%, 44, 0, 3, 15687.75, 29502141, 456
1774, 27, 80, 359, 230, 0, 9.48%, 44, 0, 3, 15843.17, 29583304, 456
1779, 27, 80, 359, 230, 0, 9.48%, 44, 0, 3, 16613.74, 29667710, 456
1785, 27, 80, 359, 230, 0, 9.48%, 44, 0, 3, 16457.08, 29752005, 456
1790, 28, 80, 359, 230, 0, 9.48%, 44, 0, 3, 16615.21, 29836562, 456
1795, 28, 80, 359, 230, 0, 9.48%, 44, 0, 3, 16196.69, 29918129, 456
1800, 28, 80, 359, 228, 0, 9.48%, 44, 0, 3, 15856.64, 29999392, 456
1805, 28, 47, 359, 228, 0, 9.48%, 44, 0, 3, 16648.19, 30086265, 456
1810, 28, 191, 359, 228, 0, 9.48%, 44, 0, 3, 16360.15, 30171739, 456
1815, 28, 84, 359, 228, 0, 9.48%, 44, 0, 3, 15852.84, 30252684, 456
1820, 28, 62, 359, 228, 0, 9.48%, 44, 0, 3, 16648.35, 30337482, 456
1826, 28, 95, 359, 228, 0, 9.48%, 44, 0, 3, 16591.22, 30420721, 456
1831, 28, 80, 359, 227, 0, 9.48%, 44, 0, 3, 16409.72, 30503995, 456
1836, 28, 36, 359, 226, 0, 9.48%, 44, 0, 3, 15690.34, 30585816, 456
1841, 28, 4, 359, 226, 0, 9.48%, 44, 0, 3, 16100.97, 30667738, 456
1846, 28, 108, 359, 225, 0, 9.48%, 44, 0, 3, 15439.87, 30747717, 456
1851, 28, 191, 359, 225, 0, 9.48%, 44, 0, 3, 15975.44, 30831168, 456
1856, 28, 80, 359, 225, 0, 9.48%, 44, 0, 3, 16443.14, 30915466, 456
1861, 29, 84, 359, 225, 0, 9.48%, 44, 0, 3, 16214.33, 30995876, 456
1866, 29, 39, 359, 224, 0, 9.48%, 44, 0, 3, 16182.12, 31079581, 456
1872, 29, 46, 359, 224, 0, 9.48%, 44, 0, 3, 16094.77, 31162448, 456
1877, 29, 80, 359, 224, 0, 9.48%, 44, 0, 3, 16631.06, 31248826, 456
1882, 29, 80, 359, 224, 0, 9.48%, 44, 0, 3, 16681.56, 31333282, 456
1887, 29, 7, 359, 222, 0, 9.48%, 44, 0, 3, 16653.53, 31418480, 456
1892, 29, 162, 359, 222, 0, 9.48%, 44, 0, 3, 15811.75, 31498501, 456
1897, 29, 80, 359, 222, 0, 9.48%, 44, 0, 3, 16085.84, 31581270, 456
1902, 29, 62, 359, 221, 0, 9.48%, 44, 0, 3, 16571.60, 31664160, 456
1908, 29, 7, 359, 221, 0, 9.48%, 44, 0, 3, 16403.28, 31750018, 456
1913, 29, 191, 359, 221, 0, 9.48%, 44, 0, 3, 15852.94, 31830958, 456
1918, 29, 62, 359, 221, 0, 9.48%, 44, 0, 3, 16266.30, 31916396, 456
1923, 29, 151, 359, 220, 0, 9.48%, 44, 0, 3, 16756.53, 32002716, 456
1928, 29, 7, 359, 220, 0, 9.48%, 44, 0, 3, 16759.24, 32088639, 456
1933, 30, 95, 359, 220, 0, 9.48%, 44, 0, 3, 17162.09, 32176999, 456
1939, 30, 197, 359, 220, 0, 9.48%, 44, 0, 3, 16585.25, 32262548, 456
1944, 30, 46, 359, 220, 0, 9.48%, 44, 0, 3, 16010.80, 32342141, 456
1949, 30, 7, 359, 220, 0, 9.48%, 44, 0, 3, 16216.10, 32424093, 456
1954, 30, 80, 359, 220, 0, 9.48%, 44, 0, 3, 16637.59, 32508979, 456
1959, 30, 36, 359, 220, 0, 9.48%, 44, 0, 3, 16874.73, 32595248, 456
1964, 30, 7, 359, 220, 0, 9.48%, 44, 0, 3, 16301.51, 32677716, 456
1969, 30, 162, 359, 220, 0, 9.48%, 44, 0, 3, 15823.53, 32755535, 456
1974, 30, 65, 359, 220, 0, 9.48%, 44, 0, 3, 15933.91, 32839045, 456
1979, 30, 7, 359, 220, 0, 9.48%, 44, 0, 3, 15922.97, 32920422, 456
1984, 30, 80, 359, 220, 0, 9.48%, 44, 0, 3, 16049.62, 33003073, 456
1990, 30, 7, 359, 220, 0, 9.48%, 44, 0, 3, 15570.13, 33082305, 456
1995, 30, 36, 359, 220, 0, 9.48%, 44, 0, 3, 15697.56, 33163432, 456
2000, 30, 80, 359, 220, 0, 9.48%, 44, 0, 3, 15245.72, 33240720, 456
2005, 30, 36, 359, 220, 0, 9.48%, 44, 0, 3, 15576.29, 33321715, 456
2010, 31, 80, 363, 224, 0, 9.48%, 44, 0, 3, 14832.00, 33397712, 456
2015, 31, 84, 363, 224, 0, 9.48%, 44, 0, 3, 15545.75, 33478597, 456
2021, 31, 39, 363, 224, 0, 9.48%, 44, 0, 3, 15493.54, 33559383, 456
2026, 31, 80, 363, 223, 0, 9.48%, 44, 0, 3, 15772.13, 33639716, 456
2031, 31, 36, 363, 223, 0, 9.48%, 44, 0, 3, 15332.38, 33717176, 456
2036, 31, 80, 363, 221, 0, 9.48%, 44, 0, 3, 13471.00, 33786734, 456
2041, 31, 39, 363, 221, 0, 9.48%, 44, 0, 3, 15340.35, 33867918, 456
2046, 31, 95, 363, 221, 0, 9.48%, 44, 0, 3, 15662.86, 33948929, 456
2051, 31, 80, 363, 221, 0, 9.48%, 44, 0, 3, 15898.42, 34031127, 456
2056, 31, 80, 363, 221, 0, 9.48%, 44, 0, 3, 15763.02, 34109746, 456
2062, 31, 197, 363, 221, 0, 9.48%, 44, 0, 3, 15156.11, 34188486, 456
2067, 31, 62, 363, 221, 0, 9.48%, 44, 0, 3, 15959.57, 34270070, 456
2072, 31, 95, 363, 221, 0, 9.48%, 44, 0, 3, 15656.48, 34349804, 456
2077, 31, 36, 363, 221, 0, 9.48%, 44, 0, 3, 15121.89, 34429871, 456
2082, 32, 7, 363, 221, 0, 9.48%, 44, 0, 3, 15640.19, 34511806, 456
2087, 32, 81, 363, 221, 0, 9.48%, 44, 0, 3, 14598.66, 34586848, 456
2093, 32, 80, 363, 221, 0, 9.48%, 44, 0, 3, 15377.68, 34666062, 456
2098, 32, 80, 363, 221, 0, 9.48%, 44, 0, 3, 15323.50, 34745006, 456
2103, 32, 36, 363, 221, 0, 9.48%, 44, 0, 3, 15180.80, 34823477, 456
2108, 32, 47, 363, 221, 0, 9.48%, 44, 0, 3, 15219.59, 34902390, 456
2113, 32, 7, 363, 221, 0, 9.48%, 44, 0, 3, 15567.94, 34983839, 456
2119, 32, 95, 363, 220, 0, 9.48%, 44, 0, 3, 15032.94, 35060112, 456
2124, 32, 80, 363, 220, 0, 9.48%, 44, 0, 3, 14794.39, 35136126, 456
2129, 32, 7, 363, 220, 0, 9.48%, 44, 0, 3, 15232.80, 35213298, 456
2134, 32, 122, 363, 220, 0, 9.48%, 44, 0, 3, 15359.51, 35293416, 456
2139, 32, 36, 363, 220, 0, 9.48%, 44, 0, 3, 15072.29, 35372792, 456
2144, 32, 36, 363, 220, 0, 9.48%, 44, 0, 3, 15704.95, 35454094, 456
2149, 32, 122, 363, 220, 0, 9.48%, 44, 0, 3, 16108.04, 35535721, 456
2154, 32, 7, 363, 219, 0, 9.48%, 44, 0, 3, 15302.40, 35612755, 456
2160, 33, 80, 363, 219, 0, 9.48%, 44, 0, 3, 15322.67, 35693123, 456
2165, 33, 149, 363, 219, 0, 9.48%, 44, 0, 3, 15544.05, 35773165, 456
2170, 33, 357, 363, 219, 0, 9.48%, 44, 0, 3, 4480.65, 35832087, 456
2175, 33, 7, 363, 218, 0, 9.48%, 44, 0, 3, 13162.77, 35904560, 456
2180, 33, 81, 363, 218, 0, 9.48%, 44, 0, 3, 15008.83, 35985142, 456
2185, 33, 62, 363, 218, 0, 9.48%, 44, 0, 3, 15126.33, 36063649, 456
2190, 33, 36, 363, 218, 0, 9.48%, 44, 0, 3, 14934.06, 36140709, 456
2196, 33, 36, 363, 218, 0, 9.48%, 44, 0, 3, 15483.65, 36222853, 456
2201, 33, 80, 363, 218, 0, 9.48%, 44, 0, 3, 15533.88, 36301946, 456
2206, 33, 80, 363, 218, 0, 9.48%, 44, 0, 3, 15531.71, 36382469, 456
2211, 33, 72, 363, 218, 0, 9.48%, 44, 0, 3, 15667.13, 36463321, 456
2216, 33, 84, 363, 218, 0, 9.48%, 44, 0, 3, 16224.36, 36546137, 456
2221, 33, 55, 363, 218, 0, 9.48%, 44, 0, 3, 16175.99, 36629463, 456
2227, 33, 62, 363, 218, 0, 9.48%, 44, 0, 3, 15628.23, 36710298, 456
2232, 33, 47, 363, 217, 0, 9.48%, 44, 0, 3, 15443.07, 36787117, 456
2237, 34, 7, 363, 217, 0, 9.48%, 44, 0, 3, 15136.41, 36866444, 456
2242, 34, 148, 363, 217, 0, 9.48%, 44, 0, 3, 14632.15, 36940547, 456
2247, 34, 36, 363, 217, 0, 9.48%, 44, 0, 3, 14915.44, 37018459, 456
2252, 34, 47, 363, 217, 0, 9.48%, 44, 0, 3, 15877.97, 37100779, 456
2258, 34, 80, 363, 217, 0, 9.48%, 44, 0, 3, 15077.71, 37179444, 456
2263, 34, 80, 363, 216, 0, 9.48%, 44, 0, 3, 15950.31, 37263077, 456
2268, 34, 80, 363, 216, 0, 9.48%, 44, 0, 3, 15527.93, 37340934, 456
2273, 34, 47, 363, 216, 0, 9.48%, 44, 0, 3, 15428.50, 37420903, 456
2278, 34, 122, 363, 216, 0, 9.48%, 44, 0, 3, 15519.79, 37502611, 456
2283, 34, 80, 363, 216, 0, 9.48%, 44, 0, 3, 15557.49, 37581669, 456
2288, 34, 84, 363, 215, 0, 9.48%, 44, 0, 3, 15534.83, 37661080, 456
2294, 34, 80, 363, 215, 0, 9.48%, 44, 0, 3, 15147.00, 37738935, 456
2299, 34, 191, 363, 215, 0, 9.48%, 44, 0, 3, 15682.11, 37821072, 456
2304, 34, 197, 363, 215, 0, 9.48%, 44, 0, 3, 14955.79, 37897633, 456
2309, 34, 62, 363, 215, 0, 9.48%, 44, 0, 3, 15742.27, 37980313, 456
2314, 35, 62, 367, 219, 0, 9.48%, 44, 0, 3, 16051.14, 38063614, 456
2319, 35, 7, 367, 219, 0, 9.48%, 44, 0, 3, 15850.99, 38144580, 456
2325, 35, 80, 367, 219, 0, 9.48%, 44, 0, 3, 15523.04, 38223471, 456
2330, 35, 7, 367, 218, 0, 9.48%, 44, 0, 3, 12056.89, 38287359, 456
2335, 35, 36, 367, 218, 0, 9.48%, 44, 0, 3, 14391.15, 38364770, 456
2340, 35, 36, 367, 218, 0, 9.48%, 44, 0, 3, 14848.68, 38440735, 456
2345, 35, 80, 367, 218, 0, 9.48%, 44, 0, 3, 15528.50, 38519104, 456
2350, 35, 149, 367, 218, 0, 9.48%, 44, 0, 3, 15339.03, 38596000, 456
2355, 35, 39, 367, 218, 0, 9.48%, 44, 0, 3, 15337.60, 38674406, 456
2360, 35, 191, 367, 218, 0, 9.48%, 44, 0, 3, 15594.77, 38756950, 456
2365, 35, 62, 367, 218, 0, 9.48%, 44, 0, 3, 16009.54, 38839978, 456
2371, 35, 108, 367, 218, 0, 9.48%, 44, 0, 3, 15904.03, 38922678, 456
2376, 35, 197, 367, 218, 0, 9.48%, 44, 0, 3, 15385.75, 39001648, 456
2381, 35, 62, 367, 218, 0, 9.48%, 44, 0, 3, 16105.70, 39085429, 456
2386, 35, 95, 367, 218, 0, 9.48%, 44, 0, 3, 16058.52, 39168418, 456
2391, 35, 7, 367, 218, 0, 9.48%, 44, 0, 3, 15876.09, 39248636, 456
2396, 36, 7, 367, 218, 0, 9.48%, 44, 0, 3, 15636.07, 39327847, 456
2402, 36, 80, 367, 218, 0, 9.48%, 44, 0, 3, 15485.93, 39408778, 456
2407, 36, 197, 367, 218, 0, 9.48%, 44, 0, 3, 15570.19, 39487750, 456
2412, 36, 80, 367, 218, 0, 9.48%, 44, 0, 3, 15400.42, 39566905, 456
2417, 36, 7, 367, 218, 0, 9.48%, 44, 0, 3, 15128.23, 39644846, 456
2422, 36, 36, 367, 218, 0, 9.48%, 44, 0, 3, 15275.74, 39724741, 456
2427, 36, 39, 367, 218, 0, 9.48%, 44, 0, 3, 15218.44, 39803637, 456
2433, 36, 122, 367, 218, 0, 9.48%, 44, 0, 3, 15427.77, 39883669, 456
2438, 36, 7, 367, 218, 0, 9.48%, 44, 0, 3, 15647.98, 39965736, 456
2443, 36, 36, 367, 218, 0, 9.48%, 44, 0, 3, 14953.52, 40042869, 456
2448, 36, 80, 367, 218, 0, 9.48%, 44, 0, 3, 15106.82, 40121490, 456
2453, 36, 80, 367, 218, 0, 9.48%, 44, 0, 3, 15643.82, 40203340, 456
2458, 36, 72, 367, 218, 0, 9.48%, 44, 0, 3, 15459.21, 40282142, 456
2464, 36, 95, 367, 218, 0, 9.48%, 44, 0, 3, 15316.83, 40360667, 456
2469, 36, 122, 367, 217, 0, 9.48%, 44, 0, 3, 14702.92, 40435707, 456
2474, 37, 84, 367, 217, 0, 9.48%, 44, 0, 3, 15214.01, 40514584, 456
2479, 37, 47, 367, 216, 0, 9.48%, 44, 0, 3, 15263.39, 40593583, 456
2484, 37, 36, 367, 215, 0, 9.48%, 44, 0, 3, 15223.39, 40672812, 456
2489, 37, 80, 367, 215, 0, 9.48%, 44, 0, 3, 15447.94, 40752007, 456
2495, 37, 4, 367, 215, 0, 9.48%, 44, 0, 3, 15754.48, 40832104, 456
2500, 37, 81, 367, 215, 0, 9.48%, 44, 0, 3, 15465.82, 40912422, 456
2505, 37, 7, 367, 215, 0, 9.48%, 44, 0, 3, 15234.06, 40990845, 456
2510, 37, 95, 367, 215, 0, 9.48%, 44, 0, 3, 15034.06, 41065387, 456
2515, 37, 80, 367, 215, 0, 9.48%, 44, 0, 3, 15520.87, 41146395, 456
2520, 37, 47, 367, 215, 0, 9.48%, 44, 0, 3, 14590.46, 41222293, 456
2525, 37, 70, 367, 215, 0, 9.48%, 44, 0, 3, 15188.41, 41298559, 456
2530, 37, 182, 367, 215, 0, 9.48%, 44, 0, 3, 15434.18, 41376708, 456
2535, 37, 7, 367, 215, 0, 9.48%, 44, 0, 3, 15964.84, 41459723, 456
2541, 37, 186, 367, 213, 0, 9.48%, 44, 0, 3, 14565.68, 41534914, 456
2546, 37, 80, 367, 212, 0, 9.48%, 44, 0, 3, 15359.11, 41613854, 456
2551, 37, 95, 367, 211, 0, 9.48%, 44, 0, 3, 14938.81, 41692137, 456
2556, 38, 36, 367, 211, 0, 9.48%, 44, 0, 3, 15265.11, 41773117, 456
2561, 38, 122, 367, 211, 0, 9.48%, 44, 0, 3, 15365.82, 41853215, 456
2566, 38, 59, 367, 211, 0, 9.48%, 44, 0, 3, 15799.36, 41931713, 456
2572, 38, 80, 367, 211, 0, 9.48%, 44, 0, 3, 15975.37, 42012828, 456
2577, 38, 80, 367, 211, 0, 9.48%, 44, 0, 3, 15696.35, 42094345, 456
2582, 38, 162, 367, 211, 0, 9.48%, 44, 0, 3, 15631.98, 42174229, 456
2587, 38, 47, 367, 211, 0, 9.48%, 44, 0, 3, 15546.78, 42254343, 456
2592, 38, 84, 367, 211, 0, 9.48%, 44, 0, 3, 15309.26, 42332335, 456
2597, 38, 153, 367, 211, 0, 9.48%, 44, 0, 3, 14057.04, 42409418, 456
2603, 38, 36, 367, 210, 0, 9.48%, 44, 0, 3, 14726.27, 42486695, 456
2608, 38, 149, 367, 209, 0, 9.48%, 44, 0, 3, 14236.98, 42558081, 456
2613, 38, 7, 367, 209, 0, 9.48%, 44, 0, 3, 15072.15, 42638250, 456
2618, 38, 80, 367, 209, 0, 9.48%, 44, 0, 3, 15199.11, 42719565, 456
2623, 38, 62, 367, 209, 0, 9.48%, 44, 0, 3, 15507.10, 42799240, 456
2628, 38, 80, 367, 207, 0, 9.48%, 44, 0, 3, 15573.10, 42879404, 456
2633, 38, 36, 367, 207, 0, 9.48%, 44, 0, 3, 15335.57, 42959040, 456
2639, 39, 80, 367, 207, 0, 9.48%, 44, 0, 3, 15121.32, 43035901, 456
2644, 39, 52, 367, 207, 0, 9.48%, 44, 0, 3, 15583.95, 43116193, 456
2649, 39, 80, 367, 205, 0, 9.48%, 44, 0, 3, 15835.14, 43197592, 456
2654, 39, 95, 367, 205, 0, 9.48%, 44, 0, 3, 15613.18, 43276029, 456
2659, 39, 80, 367, 205, 0, 9.48%, 44, 0, 3, 15462.14, 43354803, 456
2664, 39, 4, 367, 205, 0, 9.48%, 44, 0, 3, 15726.66, 43436571, 456
2669, 39, 80, 367, 205, 0, 9.48%, 44, 0, 3, 15943.53, 43519176, 456
2674, 39, 84, 367, 205, 0, 9.48%, 44, 0, 3, 15256.19, 43595230, 456
2680, 39, 62, 367, 205, 0, 9.48%, 44, 0, 3, 15555.01, 43675666, 456
2685, 39, 307, 367, 205, 0, 9.48%, 44, 0, 3, 14150.01, 43748405, 456
2690, 39, 7, 367, 204, 0, 9.48%, 44, 0, 3, 14305.74, 43815321, 456
2695, 39, 95, 367, 204, 0, 9.48%, 44, 0, 3, 15744.37, 43897014, 456
2700, 39, 80, 367, 204, 0, 9.48%, 44, 0, 3, 15227.97, 43973412, 456
2705, 39, 80, 367, 204, 0, 9.48%, 44, 0, 3, 15482.04, 44053577, 456
2710, 39, 80, 367, 204, 0, 9.48%, 44, 0, 3, 15858.04, 44134878, 456
2715, 39, 39, 367, 204, 0, 9.48%, 44, 0, 3, 15972.69, 44216322, 456
2721, 40, 80, 367, 204, 0, 9.48%, 44, 0, 3, 15700.32, 44296752, 456
2726, 40, 36, 367, 204, 0, 9.48%, 44, 0, 3, 15848.30, 44380071, 456
2731, 40, 80, 367, 204, 0, 9.48%, 44, 0, 3, 15695.35, 44460052, 456
2736, 40, 52, 367, 204, 0, 9.48%, 44, 0, 3, 15297.08, 44536287, 456
2741, 40, 80, 367, 204, 0, 9.48%, 44, 0, 3, 14856.48, 44612337, 456
2746, 40, 80, 367, 204, 0, 9.48%, 44, 0, 3, 16317.89, 44698136, 456
2751, 40, 7, 367, 204, 0, 9.48%, 44, 0, 3, 16227.49, 44782147, 456
2757, 40, 36, 367, 204, 0, 9.48%, 44, 0, 3, 16024.65, 44865236, 456
2762, 40, 36, 367, 204, 0, 9.48%, 44, 0, 3, 15099.94, 44941626, 456
2767, 40, 80, 367, 204, 0, 9.48%, 44, 0, 3, 15556.95, 45019504, 456
2772, 40, 47, 367, 204, 0, 9.48%, 44, 0, 3, 15460.20, 45098734, 456
2777, 40, 122, 367, 203, 0, 9.48%, 44, 0, 3, 15364.15, 45178230, 456
2782, 40, 284, 367, 203, 0, 9.48%, 44, 0, 3, 15322.10, 45255146, 456
2787, 40, 47, 367, 202, 0, 9.48%, 44, 0, 3, 15400.34, 45335343, 456
2792, 40, 138, 367, 202, 0, 9.48%, 44, 0, 3, 15858.86, 45418029, 456
2797, 41, 80, 369, 204, 0, 9.48%, 44, 0, 3, 15720.43, 45496845, 456
2802, 41, 95, 369, 204, 0, 9.48%, 44, 0, 3, 15102.79, 45573771, 456
2808, 41, 39, 369, 204, 0, 9.48%, 44, 0, 3, 16082.19, 45657387, 456
2813, 41, 62, 369, 204, 0, 9.48%, 44, 0, 3, 16256.63, 45739896, 456
2818, 41, 95, 369, 204, 0, 9.48%, 44, 0, 3, 15594.15, 45820001, 456
2823, 41, 65, 369, 204, 0, 9.48%, 44, 0, 3, 15336.12, 45896456, 456
2828, 41, 84, 369, 204, 0, 9.48%, 44, 0, 3, 15397.34, 45973607, 456
2833, 41, 162, 369, 204, 0, 9.48%, 44, 0, 3, 14895.82, 46048744, 456
2838, 41, 55, 369, 204, 0, 9.48%, 44, 0, 3, 15851.32, 46131360, 456
2843, 41, 182, 369, 204, 0, 9.48%, 44, 0, 3, 15741.75, 46209511, 456
2849, 41, 62, 369, 203, 0, 9.48%, 44, 0, 3, 14759.36, 46284098, 456
2854, 41, 80, 369, 203, 0, 9.48%, 44, 0, 3, 15427.98, 46364214, 456
2859, 41, 36, 369, 203, 0, 9.48%, 44, 0, 3, 14921.12, 46439344, 456
2864, 41, 84, 369, 203, 0, 9.48%, 44, 0, 3, 15812.61, 46520956, 456
2869, 41, 57, 369, 203, 0, 9.48%, 44, 0, 3, 15715.80, 46601150, 456
2874, 41, 80, 369, 203, 0, 9.48%, 44, 0, 3, 15939.53, 46683418, 456
2879, 42, 47, 369, 203, 0, 9.48%, 44, 0, 3, 15192.42, 46762427, 456
2885, 42, 36, 369, 203, 0, 9.48%, 44, 0, 3, 15633.16, 46842907, 456
2890, 42, 95, 369, 203, 0, 9.48%, 44, 0, 3, 15549.77, 46923334, 456
2895, 42, 79, 369, 202, 0, 9.48%, 44, 0, 3, 15842.66, 47004177, 456
2900, 42, 191, 369, 202, 0, 9.48%, 44, 0, 3, 15930.58, 47086441, 456
2905, 42, 36, 369, 202, 0, 9.48%, 44, 0, 3, 15636.33, 47164094, 456
2910, 42, 47, 369, 202, 0, 9.48%, 44, 0, 3, 15072.74, 47239641, 456
2915, 42, 36, 369, 202, 0, 9.48%, 44, 0, 3, 15737.45, 47320399, 456
2921, 42, 36, 369, 202, 0, 9.48%, 44, 0, 3, 15476.33, 47400203, 456
2926, 42, 47, 369, 202, 0, 9.48%, 44, 0, 3, 15923.06, 47481671, 456
2931, 42, 122, 369, 201, 0, 9.48%, 44, 0, 3, 15763.30, 47563165, 456
2936, 42, 80, 369, 201, 0, 9.48%, 44, 0, 3, 15838.14, 47643953, 456
2941, 42, 80, 369, 201, 0, 9.48%, 44, 0, 3, 15486.69, 47722463, 456
2946, 42, 7, 369, 200, 0, 9.48%, 44, 0, 3, 15513.12, 47802554, 456
2952, 42, 80, 369, 200, 0, 9.48%, 44, 0, 3, 15693.94, 47882851, 456
2957, 43, 80, 369, 200, 0, 9.48%, 44, 0, 3, 15951.14, 47965001, 456
2962, 43, 84, 369, 200, 0, 9.48%, 44, 0, 3, 15147.27, 48041932, 456
2967, 43, 36, 369, 200, 0, 9.48%, 44, 0, 3, 15595.34, 48123800, 456
2972, 43, 62, 369, 200, 0, 9.48%, 44, 0, 3, 15171.98, 48201533, 456
2977, 43, 7, 369, 199, 0, 9.48%, 44, 0, 3, 15208.42, 48279932, 456
2982, 43, 356, 369, 199, 0, 9.48%, 44, 0, 3, 15665.09, 48360932, 456
2987, 43, 7, 369, 198, 0, 9.48%, 44, 0, 3, 15168.25, 48435407, 456
2992, 43, 80, 369, 198, 0, 9.48%, 44, 0, 3, 15804.84, 48518368, 456
2998, 43, 79, 369, 198, 0, 9.48%, 44, 0, 3, 14868.17, 48595496, 456
3003, 43, 162, 369, 198, 0, 9.48%, 44, 0, 3, 15236.65, 48673224, 456
3008, 43, 7, 369, 198, 0, 9.48%, 44, 0, 3, 15524.36, 48752954, 456
3013, 43, 7, 369, 198, 0, 9.48%, 44, 0, 3, 15842.28, 48833360, 456
3018, 43, 52, 369, 198, 0, 9.48%, 44, 0, 3, 15976.58, 48912350, 456
3023, 43, 36, 369, 198, 0, 9.48%, 44, 0, 3, 15796.46, 48993940, 456
3028, 43, 80, 369, 198, 0, 9.48%, 44, 0, 3, 15668.60, 49074333, 456
3034, 43, 36, 369, 198, 0, 9.48%, 44, 0, 3, 15100.86, 49151763, 456
3039, 43, 80, 369, 198, 0, 9.48%, 44, 0, 3, 15269.60, 49231307, 456
3044, 44, 184, 369, 198, 0, 9.48%, 44, 0, 3, 15450.10, 49311461, 456
3049, 44, 39, 369, 198, 0, 9.48%, 44, 0, 3, 16001.54, 49393392, 456
3054, 44, 80, 369, 198, 0, 9.48%, 44, 0, 3, 15517.79, 49473295, 456
3059, 44, 147, 369, 198, 0, 9.48%, 44, 0, 3, 15726.32, 49552987, 456
3064, 44, 80, 369, 198, 0, 9.48%, 44, 0, 3, 16056.78, 49635470, 456
3070, 44, 162, 369, 198, 0, 9.48%, 44, 0, 3, 15879.11, 49718138, 456
3075, 44, 7, 369, 198, 0, 9.48%, 44, 0, 3, 15944.45, 49799323, 456
3080, 44, 81, 369, 198, 0, 9.48%, 44, 0, 3, 15406.27, 49879459, 456
3085, 44, 148, 369, 197, 0, 9.48%, 44, 0, 3, 15165.61, 49957143, 456
3090, 44, 80, 369, 197, 0, 9.48%, 44, 0, 3, 15307.19, 50036436, 456
3095, 44, 47, 369, 197, 0, 9.48%, 44, 0, 3, 15773.42, 50117154, 456
3100, 44, 36, 369, 196, 0, 9.48%, 44, 0, 3, 15156.93, 50195129, 456
3106, 44, 80, 369, 196, 0, 9.48%, 44, 0, 3, 15891.14, 50276602, 456
3111, 44, 36, 369, 195, 0, 9.48%, 44, 0, 3, 15295.49, 50356685, 456
3116, 44, 84, 369, 194, 0, 9.48%, 44, 0, 3, 16439.61, 50441358, 456
3121, 45, 80, 369, 194, 0, 9.48%, 44, 0, 3, 15603.63, 50521862, 456
3126, 45, 46, 369, 194, 0, 9.48%, 44, 0, 3, 16326.83, 50608145, 456
3131, 45, 57, 369, 194, 0, 9.48%, 44, 0, 3, 16496.16, 50692509, 456
3137, 45, 57, 369, 194, 0, 9.48%, 44, 0, 3, 15913.22, 50775400, 456
3142, 45, 123, 369, 194, 0, 9.48%, 44, 0, 3, 16003.45, 50856693, 456
3147, 45, 122, 369, 194, 0, 9.48%, 44, 0, 3, 16285.43, 50941214, 456
3152, 45, 65, 369, 194, 0, 9.48%, 44, 0, 3, 16111.54, 51021553, 456
3157, 45, 197, 369, 194, 0, 9.48%, 44, 0, 3, 15430.47, 51099994, 456
3162, 45, 7, 369, 194, 0, 9.48%, 44, 0, 3, 15780.76, 51181493, 456
3167, 45, 7, 369, 194, 0, 9.48%, 44, 0, 3, 15942.35, 51264521, 456
3173, 45, 80, 369, 194, 0, 9.48%, 44, 0, 3, 15904.80, 51346048, 456
3178, 45, 80, 369, 193, 0, 9.48%, 44, 0, 3, 15011.72, 51418663, 456
3183, 45, 184, 369, 193, 0, 9.48%, 44, 0, 3, 15387.00, 51497134, 456
3188, 45, 162, 369, 193, 0, 9.48%, 44, 0, 3, 15538.65, 51574514, 456
3193, 45, 84, 369, 193, 0, 9.48%, 44, 0, 3, 15945.59, 51657148, 456
3198, 46, 7, 369, 193, 0, 9.48%, 44, 0, 3, 15723.65, 51739132, 456
3203, 46, 52, 369, 193, 0, 9.48%, 44, 0, 3, 15606.04, 51820009, 456
3208, 46, 7, 369, 193, 0, 9.48%, 44, 0, 3, 15862.95, 51901164, 456
3214, 46, 7, 369, 193, 0, 9.48%, 44, 0, 3, 15795.05, 51982873, 456
3219, 46, 7, 369, 193, 0, 9.48%, 44, 0, 3, 16044.51, 52065934, 456
3224, 46, 80, 369, 193, 0, 9.48%, 44, 0, 3, 16051.00, 52145594, 456
3229, 46, 80, 369, 193, 0, 9.48%, 44, 0, 3, 16012.79, 52224386, 456
3234, 46, 7, 369, 193, 0, 9.48%, 44, 0, 3, 15423.27, 52301494, 456
3239, 46, 36, 369, 193, 0, 9.48%, 44, 0, 3, 15281.38, 52377757, 456
3244, 46, 47, 369, 193, 0, 9.48%, 44, 0, 3, 15839.83, 52460598, 456
3249, 46, 36, 369, 192, 0, 9.48%, 44, 0, 3, 15649.82, 52543394, 456
3254, 46, 80, 369, 191, 0, 9.48%, 44, 0, 3, 15944.45, 52625108, 456
3259, 46, 80, 369, 190, 0, 9.48%, 44, 0, 3, 15471.45, 52702112, 456
3265, 46, 80, 369, 189, 0, 9.48%, 44, 0, 3, 15919.48, 52785362, 456
3270, 46, 7, 369, 189, 0, 9.48%, 44, 0, 3, 16500.14, 52872064, 456
3275, 47, 62, 369, 189, 0, 9.48%, 44, 0, 3, 16064.66, 52952397, 456
3280, 47, 65, 369, 189, 0, 9.48%, 44, 0, 3, 15780.70, 53034189, 456
3285, 47, 84, 369, 189, 0, 9.48%, 44, 0, 3, 16673.56, 53120750, 456
3290, 47, 79, 369, 189, 0, 9.48%, 44, 0, 3, 16488.55, 53205164, 456
3295, 47, 80, 369, 188, 0, 9.48%, 44, 0, 3, 15804.27, 53286537, 456
3301, 47, 80, 369, 188, 0, 9.48%, 44, 0, 3, 15909.37, 53369300, 456
3306, 47, 36, 369, 188, 0, 9.48%, 44, 0, 3, 16276.86, 53455320, 456
3311, 47, 36, 369, 188, 0, 9.48%, 44, 0, 3, 15090.44, 53533687, 456
3316, 47, 36, 369, 188, 0, 9.48%, 44, 0, 3, 15010.45, 53613156, 456
3321, 47, 36, 369, 187, 0, 9.48%, 44, 0, 3, 15040.63, 53686459, 456
3326, 47, 80, 369, 187, 0, 9.48%, 44, 0, 3, 16021.03, 53770162, 456
3332, 47, 36, 369, 187, 0, 9.48%, 44, 0, 3, 15580.96, 53850575, 456
3337, 47, 57, 369, 187, 0, 9.48%, 44, 0, 3, 16032.82, 53933796, 456
3342, 47, 36, 369, 187, 0, 9.48%, 44, 0, 3, 15032.58, 54009990, 456
3347, 47, 7, 369, 187, 0, 9.48%, 44, 0, 3, 15653.34, 54092071, 456
3352, 48, 80, 369, 187, 0, 9.48%, 44, 0, 3, 15954.29, 54174517, 456
3357, 48, 47, 369, 187, 0, 9.48%, 44, 0, 3, 15354.06, 54252174, 456
3362, 48, 36, 369, 187, 0, 9.48%, 44, 0, 3, 15456.19, 54328465, 456
3367, 48, 55, 369, 186, 0, 9.48%, 44, 0, 3, 15730.42, 54406819, 456
3373, 48, 36, 369, 186, 0, 9.48%, 44, 0, 3, 15683.52, 54488510, 456
3378, 48, 7, 369, 186, 0, 9.48%, 44, 0, 3, 15593.71, 54566649, 456
3383, 48, 7, 369, 186, 0, 9.48%, 44, 0, 3, 15312.22, 54644788, 456
3388, 48, 62, 369, 186, 0, 9.48%, 44, 0, 3, 15527.95, 54726058, 456
3393, 48, 47, 369, 186, 0, 9.48%, 44, 0, 3, 15846.51, 54807838, 456
3398, 48, 197, 369, 186, 0, 9.48%, 44, 0, 3, 15479.18, 54885373, 456
3403, 48, 36, 369, 185, 0, 9.48%, 44, 0, 3, 15249.80, 54962925, 456
3408, 48, 151, 369, 184, 0, 9.48%, 44, 0, 3, 15153.39, 55043322, 456
3413, 48, 39, 369, 184, 0, 9.48%, 44, 0, 3, 15653.43, 55122462, 456
3419, 48, 36, 369, 182, 0, 9.48%, 44, 0, 3, 14958.31, 55200037, 456
3424, 48, 80, 369, 182, 0, 9.48%, 44, 0, 3, 15116.43, 55277152, 456
3429, 48, 7, 369, 182, 0, 9.48%, 44, 0, 3, 15633.06, 55358022, 456
3434, 48, 197, 369, 182, 0, 9.48%, 44, 0, 3, 15738.22, 55439528, 456
3439, 49, 311, 369, 182, 0, 9.48%, 44, 0, 3, 15475.78, 55520549, 456
3444, 49, 84, 369, 181, 0, 9.48%, 44, 0, 3, 14964.02, 55586768, 456
3449, 49, 47, 369, 181, 0, 9.48%, 44, 0, 3, 15543.87, 55669175, 456
3455, 49, 323, 369, 181, 0, 9.48%, 44, 0, 3, 16102.82, 55752802, 456
3460, 49, 80, 369, 180, 0, 9.48%, 44, 0, 3, 15543.10, 55832805, 456
3465, 49, 80, 369, 180, 0, 9.48%, 44, 0, 3, 15858.99, 55916386, 456
3470, 49, 7, 369, 180, 0, 9.48%, 44, 0, 3, 15972.39, 55999313, 456
3475, 49, 36, 369, 180, 0, 9.48%, 44, 0, 3, 16449.51, 56083902, 456
3480, 49, 80, 369, 179, 0, 9.48%, 44, 0, 3, 15625.14, 56161086, 456
3486, 49, 80, 369, 179, 0, 9.48%, 44, 0, 3, 15888.86, 56243475, 456
3491, 49, 65, 369, 179, 0, 9.48%, 44, 0, 3, 15330.40, 56322479, 456
3496, 49, 47, 369, 178, 0, 9.48%, 44, 0, 3, 15693.35, 56403722, 456
3501, 49, 191, 369, 178, 0, 9.48%, 44, 0, 3, 15400.54, 56482473, 456
3506, 49, 80, 369, 178, 0, 9.48%, 44, 0, 3, 15588.36, 56563459, 456
3511, 49, 62, 369, 178, 0, 9.48%, 44, 0, 3, 15065.74, 56636883, 456
3516, 50, 197, 369, 178, 0, 9.48%, 44, 0, 3, 15770.09, 56719653, 456
3522, 50, 7, 369, 178, 0, 9.48%, 44, 0, 3, 15279.41, 56799519, 456
3527, 50, 7, 369, 177, 0, 9.48%, 44, 0, 3, 15616.63, 56878648, 456
3532, 50, 81, 369, 177, 0, 9.48%, 44, 0, 3, 15477.79, 56957346, 456
3537, 50, 191, 369, 177, 0, 9.48%, 44, 0, 3, 15388.38, 57036509, 456
3542, 50, 7, 369, 176, 0, 9.48%, 44, 0, 3, 15887.78, 57114874, 456
3547, 50, 95, 369, 176, 0, 9.48%, 44, 0, 3, 15907.47, 57197053, 456
3552, 50, 80, 369, 176, 0, 9.48%, 44, 0, 3, 15679.67, 57276852, 456
3557, 50, 251, 369, 176, 0, 9.48%, 44, 0, 3, 14892.65, 57354123, 456
3563, 50, 59, 369, 176, 0, 9.48%, 44, 0, 3, 15547.46, 57434737, 456
3568, 50, 39, 369, 176, 0, 9.48%, 44, 0, 3, 16051.17, 57518789, 456
3573, 50, 213, 369, 176, 0, 9.48%, 44, 0, 3, 15618.73, 57599186, 456
3578, 50, 80, 369, 175, 0, 9.48%, 44, 0, 3, 15840.60, 57681319, 456
3583, 50, 80, 369, 174, 0, 9.48%, 44, 0, 3, 16096.20, 57761270, 456
3588, 50, 7, 369, 174, 0, 9.48%, 44, 0, 3, 16130.23, 57844156, 456
3594, 51, 80, 369, 174, 0, 9.48%, 44, 0, 3, 15425.43, 57923553, 456
3599, 51, 7, 369, 174, 0, 9.48%, 44, 0, 3, 15623.37, 58005269, 456
3604, 51, 80, 369, 174, 0, 9.48%, 44, 0, 3, 15314.42, 58080504, 456
3609, 51, 80, 369, 174, 0, 9.48%, 44, 0, 3, 15532.75, 58160304, 456
3614, 51, 80, 369, 174, 0, 9.48%, 44, 0, 3, 15694.45, 58240164, 456
3619, 51, 80, 369, 174, 0, 9.48%, 44, 0, 3, 15696.00, 58319247, 456
3624, 51, 36, 369, 174, 0, 9.48%, 44, 0, 3, 15252.90, 58398037, 456
3629, 51, 80, 369, 174, 0, 9.48%, 44, 0, 3, 15105.21, 58476252, 456
3634, 51, 162, 369, 174, 0, 9.48%, 44, 0, 3, 15627.64, 58555521, 456
3639, 51, 162, 369, 174, 0, 9.48%, 44, 0, 3, 15442.93, 58633734, 456
3645, 51, 80, 369, 174, 0, 9.48%, 44, 0, 3, 16217.50, 58717669, 456
3650, 51, 80, 369, 173, 0, 9.48%, 44, 0, 3, 15761.46, 58799453, 456
3655, 51, 80, 369, 173, 0, 9.48%, 44, 0, 3, 16230.94, 58883572, 456
3660, 51, 80, 369, 173, 0, 9.48%, 44, 0, 3, 15719.48, 58966476, 456
3665, 51, 18, 369, 173, 0, 9.48%, 44, 0, 3, 16178.06, 59049875, 456
3670, 52, 84, 369, 173, 0, 9.48%, 44, 0, 3, 15989.57, 59132534, 456
3676, 52, 80, 369, 173, 0, 9.48%, 44, 0, 3, 16573.57, 59219371, 456
3681, 52, 47, 369, 173, 0, 9.48%, 44, 0, 3, 16424.01, 59304141, 456
3686, 52, 154, 369, 173, 0, 9.48%, 44, 0, 3, 13460.09, 59374373, 456
3691, 52, 162, 369, 171, 0, 9.48%, 44, 0, 3, 15459.86, 59455527, 456
3696, 52, 80, 369, 171, 0, 9.48%, 44, 0, 3, 16204.85, 59540408, 456
3701, 52, 147, 369, 171, 0, 9.48%, 44, 0, 3, 16259.81, 59624578, 456
3706, 52, 72, 369, 171, 0, 9.48%, 44, 0, 3, 15650.75, 59702769, 456
3711, 52, 197, 369, 171, 0, 9.48%, 44, 0, 3, 16303.26, 59785976, 456
3717, 52, 95, 369, 171, 0, 9.48%, 44, 0, 3, 15800.37, 59868460, 456
3722, 52, 191, 369, 171, 0, 9.48%, 44, 0, 3, 16234.05, 59952634, 456
3727, 52, 80, 369, 170, 0, 9.48%, 44, 0, 3, 16068.42, 60036187, 456
3732, 52, 149, 369, 169, 0, 9.48%, 44, 0, 3, 15169.27, 60110108, 456
3737, 52, 84, 369, 168, 0, 9.48%, 44, 0, 3, 15212.47, 60187657, 456
3742, 52, 7, 369, 168, 0, 9.48%, 44, 0, 3, 15663.27, 60265848, 456
3747, 53, 52, 369, 168, 0, 9.48%, 44, 0, 3, 15833.77, 60347756, 456
3752, 53, 7, 369, 168, 0, 9.48%, 44, 0, 3, 15918.00, 60429388, 456
3758, 53, 36, 369, 168, 0, 9.48%, 44, 0, 3, 15442.80, 60509708, 456
3763, 53, 324, 369, 168, 0, 9.48%, 44, 0, 3, 2849.34, 60574143, 456
3768, 53, 314, 369, 167, 0, 9.48%, 44, 0, 3, 10134.71, 60628624, 456
3773, 53, 47, 369, 166, 0, 9.48%, 44, 0, 3, 13919.84, 60703311, 456
3778, 53, 7, 369, 166, 0, 9.48%, 44, 0, 3, 15460.81, 60786270, 456
3783, 53, 7, 369, 166, 0, 9.48%, 44, 0, 3, 15690.45, 60867611, 456
3788, 53, 39, 369, 166, 0, 9.48%, 44, 0, 3, 15404.54, 60946948, 456
3794, 53, 36, 369, 166, 0, 9.48%, 44, 0, 3, 15724.67, 61028531, 456
3799, 53, 7, 369, 166, 0, 9.48%, 44, 0, 3, 15687.86, 61109756, 456
3804, 53, 80, 369, 166, 0, 9.48%, 44, 0, 3, 15932.78, 61190869, 456
3809, 53, 95, 369, 166, 0, 9.48%, 44, 0, 3, 15735.51, 61271956, 456
3814, 53, 84, 369, 166, 0, 9.48%, 44, 0, 3, 15105.27, 61350811, 456
3819, 53, 80, 369, 166, 0, 9.48%, 44, 0, 3, 15483.45, 61431975, 456
3825, 53, 162, 369, 166, 0, 9.48%, 44, 0, 3, 15901.22, 61513537, 456
3830, 54, 46, 369, 166, 0, 9.48%, 44, 0, 3, 15149.07, 61591322, 456
3835, 54, 80, 369, 166, 0, 9.48%, 44, 0, 3, 16051.40, 61673779, 456
3840, 54, 36, 369, 166, 0, 9.48%, 44, 0, 3, 15054.68, 61752073, 456
3845, 54, 80, 369, 166, 0, 9.48%, 44, 0, 3, 15476.91, 61830902, 456
3850, 54, 36, 369, 166, 0, 9.48%, 44, 0, 3, 14882.68, 61906449, 456
3855, 54, 36, 369, 166, 0, 9.48%, 44, 0, 3, 15064.07, 61985295, 456
3860, 54, 84, 369, 166, 0, 9.48%, 44, 0, 3, 15157.15, 62060013, 456
3866, 54, 47, 369, 166, 0, 9.48%, 44, 0, 3, 15059.07, 62139890, 456
3871, 54, 80, 369, 166, 0, 9.48%, 44, 0, 3, 15323.64, 62219662, 456
3876, 54, 47, 369, 166, 0, 9.48%, 44, 0, 3, 14977.26, 62298405, 456
3881, 54, 95, 369, 166, 0, 9.48%, 44, 0, 3, 14995.02, 62375314, 456
3886, 54, 95, 369, 166, 0, 9.48%, 44, 0, 3, 16007.08, 62458168, 456
3892, 54, 80, 369, 165, 0, 9.48%, 44, 0, 3, 15519.04, 62536725, 456
3897, 54, 36, 369, 163, 0, 9.48%, 44, 0, 3, 15539.71, 62617526, 456
3902, 54, 36, 369, 163, 0, 9.48%, 44, 0, 3, 14740.18, 62693688, 456
3907, 54, 197, 369, 162, 0, 9.48%, 44, 0, 3, 11843.05, 62756104, 456
3912, 55, 80, 369, 162, 0, 9.48%, 44, 0, 3, 15025.32, 62837682, 456
3917, 55, 80, 369, 162, 0, 9.48%, 44, 0, 3, 14844.49, 62915013, 456
3922, 55, 7, 369, 162, 0, 9.48%, 44, 0, 3, 16040.72, 62999051, 456
3927, 55, 7, 369, 162, 0, 9.48%, 44, 0, 3, 15408.24, 63076082, 456
3933, 55, 197, 369, 162, 0, 9.48%, 44, 0, 3, 15667.14, 63157443, 456
3938, 55, 4, 369, 162, 0, 9.48%, 44, 0, 3, 15004.62, 63232962, 456
3943, 55, 162, 369, 162, 0, 9.48%, 44, 0, 3, 15728.07, 63311556, 456
3948, 55, 80, 369, 162, 0, 9.48%, 44, 0, 3, 15322.43, 63388912, 456
3953, 55, 151, 369, 162, 0, 9.48%, 44, 0, 3, 15811.12, 63470797, 456
3958, 55, 80, 369, 162, 0, 9.48%, 44, 0, 3, 16119.98, 63551492, 456
3963, 55, 138, 369, 162, 0, 9.48%, 44, 0, 3, 15494.97, 63628832, 456
3968, 55, 80, 369, 162, 0, 9.48%, 44, 0, 3, 15532.55, 63709155, 456
3973, 55, 36, 369, 162, 0, 9.48%, 44, 0, 3, 14717.21, 63782361, 456
3979, 55, 7, 369, 162, 0, 9.48%, 44, 0, 3, 14926.85, 63859041, 456
3984, 55, 84, 369, 162, 0, 9.48%, 44, 0, 3, 15594.23, 63940556, 456
3989, 55, 95, 369, 162, 0, 9.48%, 44, 0, 3, 15480.28, 64019997, 456
3994, 56, 162, 369, 162, 0, 9.48%, 44, 0, 3, 15373.03, 64098094, 456
3999, 56, 7, 369, 162, 0, 9.48%, 44, 0, 3, 14688.84, 64174484, 456
4004, 56, 80, 369, 162, 0, 9.48%, 44, 0, 3, 14906.16, 64249949, 456
4010, 56, 197, 369, 162, 0, 9.48%, 44, 0, 3, 15415.14, 64331793, 456
4015, 56, 39, 369, 162, 0, 9.48%, 44, 0, 3, 15786.41, 64414583, 456
4020, 56, 95, 369, 162, 0, 9.48%, 44, 0, 3, 15894.00, 64497522, 456
4025, 56, 80, 369, 162, 0, 9.48%, 44, 0, 3, 15394.47, 64575283, 456
4030, 56, 7, 369, 162, 0, 9.48%, 44, 0, 3, 15915.69, 64658490, 456
4035, 56, 81, 369, 162, 0, 9.48%, 44, 0, 3, 15525.90, 64736087, 456
4041, 56, 46, 369, 162, 0, 9.48%, 44, 0, 3, 15516.06, 64814128, 456
4046, 56, 7, 369, 162, 0, 9.48%, 44, 0, 3, 16071.86, 64897518, 456
4051, 56, 36, 369, 162, 0, 9.48%, 44, 0, 3, 15073.20, 64976730, 456
4056, 56, 80, 369, 162, 0, 9.48%, 44, 0, 3, 15145.12, 65050319, 456
4061, 56, 84, 369, 162, 0, 9.48%, 44, 0, 3, 15664.73, 65131473, 456
4066, 56, 80, 369, 162, 0, 9.48%, 44, 0, 3, 15646.49, 65211822, 456
4071, 57, 59, 369, 162, 0, 9.48%, 44, 0, 3, 15595.10, 65291183, 456
4077, 57, 84, 369, 162, 0, 9.48%, 44, 0, 3, 15383.91, 65371281, 456
4082, 57, 122, 369, 162, 0, 9.48%, 44, 0, 3, 14849.23, 65447433, 456
4087, 57, 80, 369, 162, 0, 9.48%, 44, 0, 3, 14919.89, 65525555, 456
4092, 57, 47, 369, 162, 0, 9.48%, 44, 0, 3, 16008.42, 65609143, 456
4097, 57, 7, 369, 162, 0, 9.48%, 44, 0, 3, 15845.51, 65691476, 456
4102, 57, 162, 369, 161, 0, 9.48%, 44, 0, 3, 15716.68, 65771544, 456
4107, 57, 7, 369, 161, 0, 9.48%, 44, 0, 3, 15227.54, 65850435, 456
4113, 57, 47, 369, 161, 0, 9.48%, 44, 0, 3, 15398.02, 65930729, 456
4118, 57, 80, 369, 161, 0, 9.48%, 44, 0, 3, 14692.11, 66004387, 456
4123, 57, 80, 369, 161, 0, 9.48%, 44, 0, 3, 15098.07, 66083488, 456
4128, 57, 95, 369, 160, 0, 9.48%, 44, 0, 3, 15410.01, 66161855, 456
4133, 57, 57, 369, 160, 0, 9.48%, 44, 0, 3, 15707.90, 66241958, 456
4138, 57, 62, 369, 160, 0, 9.48%, 44, 0, 3, 15405.32, 66322047, 456
4143, 57, 197, 369, 160, 0, 9.48%, 44, 0, 3, 15580.07, 66401474, 456
4149, 57, 36, 369, 160, 0, 9.48%, 44, 0, 3, 15073.45, 66481223, 456
4154, 58, 62, 370, 160, 0, 9.48%, 44, 0, 3, 13899.32, 66544229, 456
4159, 58, 59, 370, 160, 0, 9.48%, 44, 0, 3, 15518.38, 66626487, 456
4164, 58, 47, 370, 160, 0, 9.48%, 44, 0, 3, 15442.40, 66704769, 456
4169, 58, 84, 370, 159, 0, 9.48%, 44, 0, 3, 14972.68, 66781729, 456
4174, 58, 7, 370, 159, 0, 9.48%, 44, 0, 3, 15684.06, 66863441, 456
4179, 58, 7, 370, 159, 0, 9.48%, 44, 0, 3, 15576.21, 66942105, 456
4185, 58, 80, 370, 159, 0, 9.48%, 44, 0, 3, 15882.65, 67024516, 456
4190, 58, 72, 370, 159, 0, 9.48%, 44, 0, 3, 15394.59, 67101636, 456
4195, 58, 95, 370, 159, 0, 9.48%, 44, 0, 3, 15774.09, 67183108, 456
4200, 58, 80, 370, 159, 0, 9.48%, 44, 0, 3, 16006.01, 67263795, 456
4205, 58, 7, 370, 159, 0, 9.48%, 44, 0, 3, 15505.80, 67339191, 456
4210, 58, 95, 370, 159, 0, 9.48%, 44, 0, 3, 14889.33, 67416580, 456
4215, 58, 80, 370, 159, 0, 9.48%, 44, 0, 3, 16190.73, 67500340, 456
4220, 58, 84, 370, 159, 0, 9.48%, 44, 0, 3, 15610.07, 67577152, 456
4225, 58, 52, 370, 159, 0, 9.48%, 44, 0, 3, 15939.72, 67659708, 456
4231, 59, 39, 370, 159, 0, 9.48%, 44, 0, 3, 15625.61, 67740717, 456
4236, 59, 39, 370, 159, 0, 9.48%, 44, 0, 3, 15593.02, 67820708, 456
4241, 59, 7, 370, 159, 0, 9.48%, 44, 0, 3, 15642.36, 67900868, 456
4246, 59, 36, 370, 159, 0, 9.48%, 44, 0, 3, 15137.96, 67979105, 456
4251, 59, 80, 370, 159, 0, 9.48%, 44, 0, 3, 14561.16, 68053429, 456
4256, 59, 182, 370, 159, 0, 9.48%, 44, 0, 3, 15383.84, 68133174, 456
4261, 59, 80, 370, 159, 0, 9.48%, 44, 0, 3, 15360.69, 68211678, 456
4267, 59, 147, 370, 159, 0, 9.48%, 44, 0, 3, 15610.32, 68292448, 456
4272, 59, 95, 370, 159, 0, 9.48%, 44, 0, 3, 15502.80, 68373560, 456
4277, 59, 95, 370, 159, 0, 9.48%, 44, 0, 3, 15780.52, 68455409, 456
4282, 59, 47, 370, 159, 0, 9.48%, 44, 0, 3, 15490.39, 68534233, 456
4287, 59, 72, 370, 159, 0, 9.48%, 44, 0, 3, 15182.58, 68612477, 456
4292, 59, 7, 370, 159, 0, 9.48%, 44, 0, 3, 15794.66, 68694028, 456
4297, 59, 55, 370, 159, 0, 9.48%, 44, 0, 3, 14781.22, 68768461, 456
4303, 59, 342, 370, 158, 0, 9.48%, 44, 0, 3, 14861.95, 68848273, 456
4308, 59, 47, 370, 157, 0, 9.48%, 44, 0, 3, 15503.87, 68927701, 456
4313, 60, 84, 370, 157, 0, 9.48%, 44, 0, 3, 15184.30, 69005209, 456
4318, 60, 84, 370, 157, 0, 9.48%, 44, 0, 3, 14874.27, 69080600, 456
4323, 60, 7, 370, 157, 0, 9.48%, 44, 0, 3, 15853.68, 69162984, 456
4328, 60, 36, 370, 157, 0, 9.48%, 44, 0, 3, 15219.38, 69241767, 456
4333, 60, 162, 370, 157, 0, 9.48%, 44, 0, 3, 15645.85, 69321835, 456
4339, 60, 184, 370, 157, 0, 9.48%, 44, 0, 3, 14919.37, 69398187, 456
4344, 60, 80, 370, 156, 0, 9.48%, 44, 0, 3, 15499.34, 69478601, 456
4349, 60, 36, 370, 156, 0, 9.48%, 44, 0, 3, 15244.48, 69557890, 456
4354, 60, 36, 370, 156, 0, 9.48%, 44, 0, 3, 15383.43, 69637547, 456
4359, 60, 64, 370, 156, 0, 9.48%, 44, 0, 3, 15390.38, 69716884, 456
4364, 60, 122, 370, 155, 0, 9.48%, 44, 0, 3, 14822.93, 69791568, 456
4370, 60, 64, 370, 155, 0, 9.48%, 44, 0, 3, 15066.28, 69871325, 456
4375, 60, 36, 370, 155, 0, 9.48%, 44, 0, 3, 15021.47, 69950001, 456
4380, 60, 62, 370, 155, 0, 9.48%, 44, 0, 3, 15366.95, 70029196, 456
4385, 60, 84, 370, 155, 0, 9.48%, 44, 0, 3, 15394.43, 70105654, 456
4390, 60, 7, 370, 155, 0, 9.48%, 44, 0, 3, 15510.73, 70184858, 456
4395, 61, 148, 370, 155, 0, 9.48%, 44, 0, 3, 15505.69, 70266308, 456
4400, 61, 122, 370, 155, 0, 9.48%, 44, 0, 3, 14908.19, 70343474, 456
4406, 61, 7, 370, 155, 0, 9.48%, 44, 0, 3, 15584.00, 70424239, 456
4411, 61, 7, 370, 155, 0, 9.48%, 44, 0, 3, 15426.69, 70502034, 456
4416, 61, 158, 370, 155, 0, 9.48%, 44, 0, 3, 14028.01, 70574527, 456
4421, 61, 7, 370, 154, 0, 9.48%, 44, 0, 3, 12907.50, 70631415, 456
4426, 61, 36, 370, 154, 0, 9.48%, 44, 0, 3, 14837.27, 70711507, 456
4431, 61, 80, 370, 153, 0, 9.48%, 44, 0, 3, 15512.71, 70792368, 456
4436, 61, 197, 370, 153, 0, 9.48%, 44, 0, 3, 15740.56, 70873558, 456
4441, 61, 7, 370, 153, 0, 9.48%, 44, 0, 3, 15698.66, 70951470, 456
4446, 61, 162, 370, 153, 0, 9.48%, 44, 0, 3, 15403.48, 71031446, 456
4451, 61, 80, 370, 153, 0, 9.48%, 44, 0, 3, 15207.33, 71109983, 456
4457, 61, 7, 370, 153, 0, 9.48%, 44, 0, 3, 15655.40, 71190805, 456
4462, 61, 39, 370, 153, 0, 9.48%, 44, 0, 3, 15326.67, 71267516, 456
4467, 61, 36, 370, 153, 0, 9.48%, 44, 0, 3, 15816.82, 71348878, 456
4472, 61, 80, 370, 153, 0, 9.48%, 44, 0, 3, 15865.58, 71428705, 456
4477, 62, 7, 370, 153, 0, 9.48%, 44, 0, 3, 16021.63, 71511636, 456
4482, 62, 95, 370, 153, 0, 9.48%, 44, 0, 3, 15932.08, 71593069, 456
4488, 62, 72, 370, 153, 0, 9.48%, 44, 0, 3, 15747.06, 71673826, 456
4493, 62, 39, 370, 153, 0, 9.48%, 44, 0, 3, 14553.18, 71747043, 456
4498, 62, 7, 370, 152, 0, 9.48%, 44, 0, 3, 15093.09, 71827596, 456
4503, 62, 36, 370, 152, 0, 9.48%, 44, 0, 3, 15077.79, 71905802, 456
4508, 62, 7, 370, 152, 0, 9.48%, 44, 0, 3, 15124.07, 71984260, 456
4513, 62, 236, 370, 152, 0, 9.48%, 44, 0, 3, 13704.24, 72054017, 456
4518, 62, 46, 370, 151, 0, 9.48%, 44, 0, 3, 14706.77, 72126570, 456
4524, 62, 7, 370, 151, 0, 9.48%, 44, 0, 3, 14959.31, 72205094, 456
4529, 62, 80, 370, 151, 0, 9.48%, 44, 0, 3, 15235.31, 72284038, 456
4534, 62, 80, 370, 151, 0, 9.48%, 44, 0, 3, 15741.10, 72365562, 456
4539, 62, 80, 370, 151, 0, 9.48%, 44, 0, 3, 15438.09, 72445450, 456
4544, 62, 7, 370, 151, 0, 9.48%, 44, 0, 3, 15987.39, 72527782, 456
4549, 62, 7, 370, 151, 0, 9.48%, 44, 0, 3, 15723.76, 72609823, 456
4555, 62, 162, 370, 151, 0, 9.48%, 44, 0, 3, 15380.33, 72688310, 456
4560, 63, 197, 370, 151, 0, 9.48%, 44, 0, 3, 14987.70, 72766840, 456
4565, 63, 80, 370, 150, 0, 9.48%, 44, 0, 3, 15666.98, 72847358, 456
4570, 63, 84, 370, 150, 0, 9.48%, 44, 0, 3, 15800.01, 72927370, 456
4575, 63, 80, 370, 150, 0, 9.48%, 44, 0, 3, 16229.74, 73011399, 456
4580, 63, 80, 370, 150, 0, 9.48%, 44, 0, 3, 16175.65, 73093539, 456
4585, 63, 80, 370, 150, 0, 9.48%, 44, 0, 3, 15464.40, 73174093, 456
4591, 63, 80, 370, 150, 0, 9.48%, 44, 0, 3, 16008.44, 73256006, 456
4596, 63, 197, 370, 150, 0, 9.48%, 44, 0, 3, 15231.33, 73332063, 456
4601, 63, 197, 370, 150, 0, 9.48%, 44, 0, 3, 15804.01, 73415429, 456
4606, 63, 59, 370, 149, 0, 9.48%, 44, 0, 3, 15250.03, 73491158, 456
4611, 63, 36, 370, 149, 0, 9.48%, 44, 0, 3, 15913.24, 73572468, 456
4616, 63, 80, 370, 149, 0, 9.48%, 44, 0, 3, 15248.15, 73651247, 456
4621, 63, 301, 370, 149, 0, 9.48%, 44, 0, 3, 11782.15, 73713228, 456
4627, 63, 7, 370, 148, 0, 9.48%, 44, 0, 3, 14386.29, 73787482, 456
4632, 63, 191, 370, 148, 0, 9.48%, 44, 0, 3, 15062.00, 73867316, 456
4637, 63, 7, 370, 148, 0, 9.48%, 44, 0, 3, 15378.69, 73947814, 456
4642, 64, 59, 370, 148, 0, 9.48%, 44, 0, 3, 15592.07, 74027730, 456
4647, 64, 7, 370, 148, 0, 9.48%, 44, 0, 3, 15757.78, 74107916, 456
4652, 64, 84, 370, 148, 0, 9.48%, 44, 0, 3, 16418.10, 74192306, 456
4658, 64, 80, 370, 148, 0, 9.48%, 44, 0, 3, 15883.16, 74274437, 456
4663, 64, 59, 370, 148, 0, 9.48%, 44, 0, 3, 16081.81, 74357009, 456
4668, 64, 197, 370, 148, 0, 9.48%, 44, 0, 3, 15513.70, 74435605, 456
4673, 64, 36, 370, 148, 0, 9.48%, 44, 0, 3, 14731.67, 74512352, 456
4678, 64, 62, 370, 148, 0, 9.48%, 44, 0, 3, 15118.71, 74591613, 456
4683, 64, 72, 370, 148, 0, 9.48%, 44, 0, 3, 15589.12, 74671550, 456
4689, 64, 84, 370, 148, 0, 9.48%, 44, 0, 3, 15176.97, 74749586, 456
4694, 64, 7, 370, 148, 0, 9.48%, 44, 0, 3, 15445.40, 74828088, 456
4699, 64, 80, 370, 148, 0, 9.48%, 44, 0, 3, 15138.01, 74906457, 456
4704, 64, 80, 370, 148, 0, 9.48%, 44, 0, 3, 15307.77, 74985925, 456
4709, 64, 80, 370, 147, 0, 9.48%, 44, 0, 3, 15574.49, 75066992, 456
4714, 64, 84, 370, 147, 0, 9.48%, 44, 0, 3, 15868.01, 75149502, 456
4720, 65, 39, 370, 147, 0, 9.48%, 44, 0, 3, 15721.04, 75229937, 456
4725, 65, 187, 370, 147, 0, 9.48%, 44, 0, 3, 15944.47, 75311730, 456
4730, 65, 80, 370, 147, 0, 9.48%, 44, 0, 3, 15139.55, 75390932, 456
4735, 65, 36, 370, 147, 0, 9.48%, 44, 0, 3, 14777.85, 75466948, 456
4740, 65, 84, 370, 147, 0, 9.48%, 44, 0, 3, 14393.18, 75540147, 456
4745, 65, 7, 370, 147, 0, 9.48%, 44, 0, 3, 15160.65, 75618584, 456
4751, 65, 39, 370, 147, 0, 9.48%, 44, 0, 3, 14970.16, 75695464, 456
4756, 65, 36, 370, 147, 0, 9.48%, 44, 0, 3, 14894.72, 75772602, 456
4761, 65, 47, 370, 147, 0, 9.48%, 44, 0, 3, 15103.15, 75852219, 456
4766, 65, 7, 370, 147, 0, 9.48%, 44, 0, 3, 15157.50, 75931462, 456
4771, 65, 57, 370, 147, 0, 9.48%, 44, 0, 3, 15779.09, 76013058, 456
4776, 65, 36, 370, 146, 0, 9.48%, 44, 0, 3, 15468.07, 76092952, 456
4781, 65, 36, 370, 146, 0, 9.48%, 44, 0, 3, 14932.89, 76168256, 456
4786, 65, 47, 370, 145, 0, 9.48%, 44, 0, 3, 14505.71, 76239622, 456
4792, 65, 7, 370, 145, 0, 9.48%, 44, 0, 3, 14856.04, 76316332, 456
4797, 65, 36, 370, 145, 0, 9.48%, 44, 0, 3, 15216.98, 76393139, 456
4802, 66, 80, 370, 145, 0, 9.48%, 44, 0, 3, 14432.81, 76466698, 456
4807, 66, 197, 370, 145, 0, 9.48%, 44, 0, 3, 15490.73, 76548002, 456
4812, 66, 80, 370, 145, 0, 9.48%, 44, 0, 3, 15006.20, 76625655, 456
4817, 66, 122, 370, 145, 0, 9.48%, 44, 0, 3, 15274.27, 76704510, 456
4822, 66, 84, 370, 145, 0, 9.48%, 44, 0, 3, 15759.23, 76785961, 456
4828, 66, 80, 370, 145, 0, 9.48%, 44, 0, 3, 15205.66, 76864434, 456
4833, 66, 162, 370, 145, 0, 9.48%, 44, 0, 3, 15378.28, 76943356, 456
4838, 66, 4, 370, 145, 0, 9.48%, 44, 0, 3, 15787.75, 77024995, 456
4843, 66, 80, 370, 145, 0, 9.48%, 44, 0, 3, 15061.38, 77103642, 456
4848, 66, 46, 370, 145, 0, 9.48%, 44, 0, 3, 15807.88, 77186269, 456
4853, 66, 80, 370, 145, 0, 9.48%, 44, 0, 3, 15555.77, 77264770, 456
4859, 66, 191, 370, 145, 0, 9.48%, 44, 0, 3, 15444.02, 77346186, 456
4864, 66, 7, 370, 145, 0, 9.48%, 44, 0, 3, 15450.71, 77423763, 456
4869, 66, 162, 370, 145, 0, 9.48%, 44, 0, 3, 15392.14, 77503264, 456
4874, 66, 84, 370, 145, 0, 9.48%, 44, 0, 3, 15550.04, 77583068, 456
4879, 67, 47, 370, 145, 0, 9.48%, 44, 0, 3, 14984.85, 77659649, 456
4884, 67, 7, 370, 145, 0, 9.48%, 44, 0, 3, 15279.75, 77740061, 456
4889, 67, 80, 370, 145, 0, 9.48%, 44, 0, 3, 15174.74, 77820068, 456
4895, 67, 7, 370, 145, 0, 9.48%, 44, 0, 3, 15286.58, 77899587, 456
4900, 67, 36, 370, 145, 0, 9.48%, 44, 0, 3, 15289.90, 77978538, 456
4905, 67, 162, 370, 145, 0, 9.48%, 44, 0, 3, 15263.50, 78056654, 456
4910, 67, 36, 370, 145, 0, 9.48%, 44, 0, 3, 15409.46, 78136768, 456
4915, 67, 80, 370, 145, 0, 9.48%, 44, 0, 3, 15414.81, 78214498, 456
4920, 67, 4, 370, 145, 0, 9.48%, 44, 0, 3, 15212.09, 78292417, 456
4926, 67, 7, 370, 145, 0, 9.48%, 44, 0, 3, 15691.21, 78373993, 456
4931, 67, 84, 370, 145, 0, 9.48%, 44, 0, 3, 15046.59, 78451925, 456
4936, 67, 147, 370, 145, 0, 9.48%, 44, 0, 3, 15608.40, 78532625, 456
4941, 67, 36, 370, 145, 0, 9.48%, 44, 0, 3, 15247.06, 78610894, 456
4946, 67, 55, 370, 145, 0, 9.48%, 44, 0, 3, 15724.82, 78690332, 456
4951, 67, 80, 370, 145, 0, 9.48%, 44, 0, 3, 15575.17, 78768772, 456
4957, 67, 80, 370, 144, 0, 9.48%, 44, 0, 3, 14370.21, 78842573, 456
4962, 68, 59, 370, 144, 0, 9.48%, 44, 0, 3, 15260.36, 78921618, 456
4967, 68, 149, 370, 143, 0, 9.48%, 44, 0, 3, 15274.01, 78998803, 456
4972, 68, 7, 370, 143, 0, 9.48%, 44, 0, 3, 14993.51, 79074739, 456
4977, 68, 138, 370, 143, 0, 9.48%, 44, 0, 3, 15418.67, 79152452, 456
4982, 68, 47, 370, 143, 0, 9.48%, 44, 0, 3, 14966.91, 79228410, 456
4987, 68, 7, 370, 143, 0, 9.48%, 44, 0, 3, 15324.21, 79308339, 456
4992, 68, 80, 370, 143, 0, 9.48%, 44, 0, 3, 14945.84, 79384102, 456
4997, 68, 80, 370, 143, 0, 9.48%, 44, 0, 3, 15096.15, 79462989, 456
5003, 68, 197, 370, 143, 0, 9.48%, 44, 0, 3, 15465.15, 79543793, 456
5008, 68, 123, 370, 143, 0, 9.48%, 44, 0, 3, 14972.71, 79619965, 456
5013, 68, 80, 370, 143, 0, 9.48%, 44, 0, 3, 15957.91, 79703812, 456
5018, 68, 80, 370, 143, 0, 9.48%, 44, 0, 3, 14393.40, 79777755, 456
5023, 68, 80, 370, 143, 0, 9.48%, 44, 0, 3, 14826.49, 79853086, 456
5028, 68, 187, 370, 143, 0, 9.48%, 44, 0, 3, 15449.22, 79931706, 456
5033, 68, 138, 370, 143, 0, 9.48%, 44, 0, 3, 15313.73, 80009812, 456
5039, 68, 7, 370, 143, 0, 9.48%, 44, 0, 3, 14730.60, 80085574, 456
5044, 69, 64, 370, 143, 0, 9.48%, 44, 0, 3, 15420.84, 80165546, 456
5049, 69, 80, 370, 143, 0, 9.48%, 44, 0, 3, 15591.34, 80245731, 456
5054, 69, 79, 370, 143, 0, 9.48%, 44, 0, 3, 15032.31, 80323528, 456
5059, 69, 80, 370, 142, 0, 9.48%, 44, 0, 3, 15015.10, 80399913, 456
5064, 69, 7, 370, 142, 0, 9.48%, 44, 0, 3, 15414.17, 80479920, 456
5069, 69, 47, 370, 141, 0, 9.48%, 44, 0, 3, 14636.40, 80552676, 456
5075, 69, 80, 370, 141, 0, 9.48%, 44, 0, 3, 15009.64, 80630646, 456
5080, 69, 7, 370, 140, 0, 9.48%, 44, 0, 3, 14781.26, 80704017, 456
5085, 69, 80, 370, 140, 0, 9.48%, 44, 0, 3, 14650.81, 80778918, 456
5090, 69, 80, 370, 140, 0, 9.48%, 44, 0, 3, 14910.17, 80856003, 456
5095, 69, 349, 370, 140, 0, 9.48%, 44, 0, 3, 3615.91, 80918635, 456
5100, 69, 122, 370, 139, 0, 9.48%, 44, 0, 3, 9978.62, 80971788, 456
5105, 69, 36, 370, 139, 0, 9.48%, 44, 0, 3, 14482.88, 81051687, 456
5110, 69, 36, 370, 139, 0, 9.48%, 44, 0, 3, 14612.45, 81125747, 456
5115, 69, 80, 370, 139, 0, 9.48%, 44, 0, 3, 15177.12, 81203509, 456
5120, 69, 187, 370, 139, 0, 9.48%, 44, 0, 3, 15552.85, 81281867, 456
5126, 69, 187, 370, 139, 0, 9.48%, 44, 0, 3, 15319.46, 81360756, 456
5131, 70, 80, 370, 139, 0, 9.48%, 44, 0, 3, 15435.40, 81440890, 456
5136, 70, 64, 370, 139, 0, 9.48%, 44, 0, 3, 15655.68, 81522324, 456
5141, 70, 84, 370, 139, 0, 9.48%, 44, 0, 3, 15371.87, 81600860, 456
5146, 70, 80, 370, 139, 0, 9.48%, 44, 0, 3, 15134.54, 81676230, 456
5151, 70, 80, 370, 139, 0, 9.48%, 44, 0, 3, 15200.19, 81753196, 456
5157, 70, 122, 370, 139, 0, 9.48%, 44, 0, 3, 15279.05, 81833702, 456
5162, 70, 7, 370, 139, 0, 9.48%, 44, 0, 3, 15011.02, 81908165, 456
5167, 70, 162, 370, 139, 0, 9.48%, 44, 0, 3, 15086.11, 81987732, 456
5172, 70, 39, 370, 139, 0, 9.48%, 44, 0, 3, 14866.97, 82065357, 456
5177, 70, 36, 370, 139, 0, 9.48%, 44, 0, 3, 14409.72, 82138744, 456
5182, 70, 80, 370, 139, 0, 9.48%, 44, 0, 3, 15522.03, 82219796, 456
5187, 70, 184, 370, 139, 0, 9.48%, 44, 0, 3, 15614.47, 82300553, 456
5193, 70, 55, 370, 139, 0, 9.48%, 45, 0, 3, 15309.87, 82378838, 456
5198, 70, 7, 370, 138, 0, 9.48%, 45, 0, 3, 15136.93, 82455325, 456
5203, 70, 80, 370, 138, 0, 9.48%, 45, 0, 3, 15306.30, 82534501, 456
5208, 71, 36, 370, 138, 0, 9.48%, 45, 0, 3, 14486.33, 82611101, 456
5213, 71, 80, 370, 138, 0, 9.48%, 45, 0, 3, 14750.93, 82687003, 456
5218, 71, 36, 370, 138, 0, 9.48%, 45, 0, 3, 14771.37, 82762229, 456
5223, 71, 39, 370, 138, 0, 9.48%, 45, 0, 3, 15135.25, 82836888, 456
5228, 71, 84, 370, 138, 0, 9.48%, 45, 0, 3, 14791.95, 82910455, 456
5233, 71, 259, 370, 138, 0, 9.48%, 45, 0, 3, 14763.61, 82986093, 456
5238, 71, 47, 370, 137, 0, 9.48%, 45, 0, 3, 15396.56, 83066323, 456
5243, 71, 122, 370, 137, 0, 9.48%, 45, 0, 3, 15421.35, 83145633, 456
5249, 71, 84, 370, 137, 0, 9.48%, 45, 0, 3, 15187.08, 83226511, 456
5254, 71, 80, 370, 137, 0, 9.48%, 45, 0, 3, 14729.93, 83302898, 456
5259, 71, 39, 370, 137, 0, 9.48%, 45, 0, 3, 15104.60, 83380661, 456
5264, 71, 80, 370, 137, 0, 9.48%, 45, 0, 3, 15107.16, 83458497, 456
5269, 71, 84, 370, 137, 0, 9.48%, 45, 0, 3, 14892.75, 83537411, 456
5274, 71, 80, 370, 137, 0, 9.48%, 45, 0, 3, 15215.66, 83616937, 456
5280, 71, 7, 370, 137, 0, 9.48%, 45, 0, 3, 15642.97, 83696714, 456
5285, 71, 187, 370, 137, 0, 9.48%, 45, 0, 3, 15400.61, 83774920, 456
5290, 72, 80, 370, 137, 0, 9.48%, 45, 0, 3, 15700.05, 83856702, 456
5295, 72, 95, 370, 137, 0, 9.48%, 45, 0, 3, 15098.16, 83932548, 456
5300, 72, 80, 370, 137, 0, 9.48%, 45, 0, 3, 15001.92, 84009875, 456
5305, 72, 47, 370, 137, 0, 9.48%, 45, 0, 3, 15403.26, 84087769, 456
5310, 72, 72, 370, 137, 0, 9.48%, 45, 0, 3, 14840.55, 84165179, 456
5316, 72, 80, 370, 137, 0, 9.48%, 45, 0, 3, 15439.92, 84245661, 456
5321, 72, 7, 370, 137, 0, 9.48%, 45, 0, 3, 15179.93, 84324389, 456
5326, 72, 80, 370, 137, 0, 9.48%, 45, 0, 3, 15551.74, 84404233, 456
5331, 72, 36, 370, 136, 0, 9.48%, 45, 0, 3, 15646.40, 84481070, 456
5336, 72, 80, 370, 135, 0, 9.48%, 45, 0, 3, 15758.81, 84559118, 456
5341, 72, 7, 370, 135, 0, 9.48%, 45, 0, 3, 15189.43, 84637040, 456
5346, 72, 62, 370, 135, 0, 9.48%, 45, 0, 3, 15712.24, 84718586, 456
5351, 72, 197, 370, 135, 0, 9.48%, 45, 0, 3, 15324.25, 84797215, 456
5357, 72, 147, 370, 135, 0, 9.48%, 45, 0, 3, 15285.52, 84875874, 456
5362, 72, 162, 370, 135, 0, 9.48%, 45, 0, 3, 15780.02, 84955786, 456
5367, 72, 80, 370, 135, 0, 9.48%, 45, 0, 3, 16104.77, 85038922, 456
5372, 73, 36, 370, 135, 0, 9.48%, 45, 0, 3, 15458.59, 85119391, 456
5377, 73, 162, 370, 135, 0, 9.48%, 45, 0, 3, 15468.60, 85198286, 456
5383, 73, 36, 370, 135, 0, 9.48%, 45, 0, 3, 15203.12, 85278165, 456
5388, 73, 36, 370, 135, 0, 9.48%, 45, 0, 3, 15387.45, 85358489, 456
5393, 73, 36, 370, 135, 0, 9.48%, 45, 0, 3, 15265.24, 85434462, 456
5398, 73, 72, 370, 135, 0, 9.48%, 45, 0, 3, 15685.24, 85513957, 456
5403, 73, 191, 370, 135, 0, 9.48%, 45, 0, 3, 15139.95, 85591690, 456
5408, 73, 47, 370, 135, 0, 9.48%, 45, 0, 3, 14975.12, 85668727, 456
5413, 73, 39, 370, 135, 0, 9.48%, 45, 0, 3, 14686.19, 85745784, 456
5419, 73, 7, 370, 135, 0, 9.48%, 45, 0, 3, 14657.37, 85820362, 456
5424, 73, 36, 370, 135, 0, 9.48%, 45, 0, 3, 15026.60, 85900162, 456
5429, 73, 7, 370, 135, 0, 9.48%, 45, 0, 3, 15404.99, 85979268, 456
5434, 73, 95, 370, 135, 0, 9.48%, 45, 0, 3, 15557.09, 86059072, 456
5439, 73, 36, 370, 135, 0, 9.48%, 45, 0, 3, 15210.83, 86136654, 456
5444, 73, 36, 370, 135, 0, 9.48%, 45, 0, 3, 15076.78, 86211365, 456
5449, 74, 80, 370, 135, 0, 9.48%, 45, 0, 3, 15344.36, 86290768, 456
5454, 74, 64, 370, 135, 0, 9.48%, 45, 0, 3, 14959.80, 86365728, 456
5460, 74, 47, 370, 135, 0, 9.48%, 45, 0, 3, 15140.76, 86444764, 456
5465, 74, 7, 370, 135, 0, 9.48%, 45, 0, 3, 14619.87, 86520450, 456
5470, 74, 7, 370, 135, 0, 9.48%, 45, 0, 3, 14567.60, 86593176, 456
5475, 74, 84, 370, 135, 0, 9.48%, 45, 0, 3, 15445.23, 86673457, 456
5480, 74, 84, 370, 134, 0, 9.48%, 45, 0, 3, 13997.71, 86746617, 456
5485, 74, 80, 370, 134, 0, 9.48%, 45, 0, 3, 15667.47, 86829083, 456
5490, 74, 36, 370, 134, 0, 9.48%, 45, 0, 3, 14411.97, 86902888, 456
5496, 74, 47, 370, 134, 0, 9.48%, 45, 0, 3, 15568.14, 86984261, 456
5501, 74, 7, 370, 134, 0, 9.48%, 45, 0, 3, 14879.27, 87060595, 456
5506, 74, 80, 370, 134, 0, 9.48%, 45, 0, 3, 15493.81, 87139554, 456
5511, 74, 55, 370, 134, 0, 9.48%, 45, 0, 3, 14513.01, 87213804, 456
5516, 74, 7, 370, 133, 0, 9.48%, 45, 0, 3, 15221.31, 87293141, 456
5521, 74, 84, 370, 133, 0, 9.48%, 45, 0, 3, 15095.18, 87369542, 456
5526, 74, 7, 370, 133, 0, 9.48%, 45, 0, 3, 14861.29, 87445493, 456
5532, 75, 36, 370, 133, 0, 9.48%, 45, 0, 3, 14793.67, 87521683, 456
5537, 75, 80, 370, 133, 0, 9.48%, 45, 0, 3, 15228.38, 87600831, 456
5542, 75, 36, 370, 133, 0, 9.48%, 45, 0, 3, 15105.82, 87680089, 456
5547, 75, 36, 370, 133, 0, 9.48%, 45, 0, 3, 15247.88, 87756846, 456
5552, 75, 7, 370, 133, 0, 9.48%, 45, 0, 3, 15779.07, 87838728, 456
5557, 75, 145, 370, 133, 0, 9.48%, 45, 0, 3, 15158.29, 87917848, 456
5563, 75, 36, 370, 133, 0, 9.48%, 45, 0, 3, 14694.43, 87993543, 456
5568, 75, 84, 370, 133, 0, 9.48%, 45, 0, 3, 14477.03, 88068650, 456
5573, 75, 7, 370, 132, 0, 9.48%, 45, 0, 3, 14596.87, 88145341, 456
5578, 75, 162, 370, 132, 0, 9.48%, 45, 0, 3, 14719.03, 88221923, 456
5583, 75, 80, 370, 131, 0, 9.48%, 45, 0, 3, 14462.28, 88294915, 456
5588, 75, 138, 370, 131, 0, 9.48%, 45, 0, 3, 14932.01, 88372355, 456
5594, 75, 47, 370, 131, 0, 9.48%, 45, 0, 3, 15256.52, 88451084, 456
5599, 75, 7, 370, 131, 0, 9.48%, 45, 0, 3, 14536.15, 88526926, 456
5604, 75, 36, 370, 131, 0, 9.48%, 45, 0, 3, 14501.06, 88603027, 456
5609, 75, 80, 370, 131, 0, 9.48%, 45, 0, 3, 15010.00, 88681840, 456
5614, 76, 7, 370, 131, 0, 9.48%, 45, 0, 3, 15505.15, 88762626, 456
5619, 76, 191, 370, 131, 0, 9.48%, 45, 0, 3, 14953.49, 88838448, 456
5625, 76, 47, 370, 131, 0, 9.48%, 45, 0, 3, 15013.78, 88915000, 456
5630, 76, 84, 370, 131, 0, 9.48%, 45, 0, 3, 15289.48, 88993884, 456
5635, 76, 84, 370, 131, 0, 9.48%, 45, 0, 3, 15426.49, 89073550, 456
5640, 76, 7, 370, 131, 0, 9.48%, 45, 0, 3, 15498.09, 89153629, 456
5645, 76, 47, 370, 131, 0, 9.48%, 45, 0, 3, 15610.27, 89233665, 456
5650, 76, 162, 370, 131, 0, 9.48%, 45, 0, 3, 15074.78, 89311931, 456
5655, 76, 72, 370, 131, 0, 9.48%, 45, 0, 3, 15494.74, 89392021, 456
5661, 76, 64, 370, 131, 0, 9.48%, 45, 0, 3, 15146.71, 89470334, 456
5666, 76, 36, 370, 131, 0, 9.48%, 45, 0, 3, 14339.15, 89542030, 456
5671, 76, 138, 370, 131, 0, 9.48%, 45, 0, 3, 14219.00, 89615306, 456
5676, 76, 197, 370, 131, 0, 9.48%, 45, 0, 3, 15151.24, 89695356, 456
5681, 76, 47, 370, 131, 0, 9.48%, 45, 0, 3, 15566.37, 89774119, 456
5686, 76, 7, 370, 131, 0, 9.48%, 45, 0, 3, 14842.01, 89852050, 456
5691, 76, 80, 370, 131, 0, 9.48%, 45, 0, 3, 15335.81, 89932773, 456
5697, 77, 162, 370, 131, 0, 9.48%, 45, 0, 3, 14925.19, 90009736, 456
5702, 77, 162, 370, 131, 0, 9.48%, 45, 0, 3, 15393.29, 90088016, 456
5707, 77, 122, 370, 131, 0, 9.48%, 45, 0, 3, 14657.65, 90164244, 456
5712, 77, 80, 370, 131, 0, 9.48%, 45, 0, 3, 15204.25, 90242231, 456
5717, 77, 62, 370, 131, 0, 9.48%, 45, 0, 3, 15890.85, 90324534, 456
5722, 77, 7, 370, 131, 0, 9.48%, 45, 0, 3, 15652.26, 90404937, 456
5728, 77, 84, 370, 131, 0, 9.48%, 45, 0, 3, 15217.71, 90483342, 456
5733, 77, 80, 370, 131, 0, 9.48%, 45, 0, 3, 14939.97, 90560012, 456
5738, 77, 39, 370, 131, 0, 9.48%, 45, 0, 3, 14674.64, 90634050, 456
5743, 77, 65, 370, 131, 0, 9.48%, 45, 0, 3, 15043.94, 90712879, 456
5748, 77, 36, 370, 131, 0, 9.48%, 45, 0, 3, 14720.95, 90787144, 456
5753, 77, 81, 370, 130, 0, 9.48%, 45, 0, 3, 15203.00, 90863695, 456
5758, 77, 80, 370, 130, 0, 9.48%, 45, 0, 3, 15410.10, 90943254, 456
5763, 77, 197, 370, 130, 0, 9.48%, 45, 0, 3, 15964.02, 91025989, 456
5768, 77, 7, 370, 129, 0, 9.48%, 45, 0, 3, 15616.54, 91102913, 456
5773, 78, 147, 370, 129, 0, 9.48%, 45, 0, 3, 15788.99, 91181410, 456
5779, 78, 36, 370, 128, 0, 9.48%, 45, 0, 3, 15182.44, 91261996, 456
5784, 78, 80, 370, 128, 0, 9.48%, 45, 0, 3, 15305.60, 91341253, 456
5789, 78, 259, 370, 128, 0, 9.48%, 45, 0, 3, 15232.74, 91419870, 456
5794, 78, 259, 370, 128, 0, 9.48%, 45, 0, 3, 14982.06, 91497750, 456
5799, 78, 191, 370, 128, 0, 9.48%, 45, 0, 3, 15120.44, 91576460, 456
5804, 78, 39, 370, 128, 0, 9.48%, 45, 0, 3, 15053.25, 91653245, 456
5810, 78, 191, 370, 128, 0, 9.48%, 45, 0, 3, 15417.53, 91733845, 456
5815, 78, 47, 370, 128, 0, 9.48%, 45, 0, 3, 15175.53, 91810423, 456
5820, 78, 84, 370, 128, 0, 9.48%, 45, 0, 3, 14540.16, 91885254, 456
5825, 78, 84, 370, 128, 0, 9.48%, 45, 0, 3, 14819.27, 91959700, 456
5830, 78, 145, 370, 128, 0, 9.48%, 45, 0, 3, 14444.45, 92034630, 456
5835, 78, 36, 370, 128, 0, 9.48%, 45, 0, 3, 14768.85, 92108823, 456
5840, 78, 55, 370, 128, 0, 9.48%, 45, 0, 3, 14998.30, 92182100, 456
5845, 78, 80, 370, 128, 0, 9.48%, 45, 0, 3, 15171.72, 92261297, 456
5851, 78, 36, 370, 128, 0, 9.48%, 45, 0, 3, 15095.66, 92339624, 456
5856, 79, 55, 370, 128, 0, 9.48%, 45, 0, 3, 15541.15, 92418784, 456
5861, 79, 7, 370, 128, 0, 9.48%, 45, 0, 3, 14974.24, 92494325, 456
5866, 79, 145, 370, 128, 0, 9.48%, 45, 0, 3, 15291.45, 92574640, 456
5871, 79, 36, 370, 128, 0, 9.48%, 45, 0, 3, 14333.06, 92647310, 456
5876, 79, 197, 370, 128, 0, 9.48%, 45, 0, 3, 14641.19, 92725199, 456
5881, 79, 47, 370, 128, 0, 9.48%, 45, 0, 3, 15301.90, 92803314, 456
5886, 79, 47, 370, 128, 0, 9.48%, 45, 0, 3, 15374.66, 92883454, 456
5892, 79, 80, 370, 128, 0, 9.48%, 45, 0, 3, 14985.42, 92960982, 456
5897, 79, 7, 370, 128, 0, 9.48%, 45, 0, 3, 15312.75, 93040278, 456
5902, 79, 39, 370, 128, 0, 9.48%, 45, 0, 3, 15389.16, 93119416, 456
5907, 79, 7, 370, 128, 0, 9.48%, 45, 0, 3, 15532.99, 93200097, 456
5912, 79, 36, 370, 128, 0, 9.48%, 45, 0, 3, 14924.30, 93274432, 456
5917, 79, 251, 370, 128, 0, 9.48%, 45, 0, 3, 15414.37, 93353523, 456
5923, 79, 80, 370, 128, 0, 9.48%, 45, 0, 3, 14585.52, 93428578, 456
5928, 79, 39, 370, 128, 0, 9.48%, 45, 0, 3, 14892.98, 93505633, 456
5933, 79, 4, 370, 128, 0, 9.48%, 45, 0, 3, 14672.39, 93582745, 456
5938, 80, 7, 370, 128, 0, 9.48%, 45, 0, 3, 15409.72, 93662878, 456
5943, 80, 7, 370, 128, 0, 9.48%, 45, 0, 3, 14875.78, 93737373, 456
5948, 80, 47, 370, 128, 0, 9.48%, 45, 0, 3, 14987.58, 93815195, 456
5953, 80, 80, 370, 128, 0, 9.48%, 45, 0, 3, 14858.19, 93891724, 456
5958, 80, 36, 370, 128, 0, 9.48%, 45, 0, 3, 14722.69, 93967968, 456
5964, 80, 46, 370, 128, 0, 9.48%, 45, 0, 3, 14551.25, 94044756, 456
5969, 80, 7, 370, 128, 0, 9.48%, 45, 0, 3, 14943.12, 94119540, 456
5974, 80, 39, 370, 128, 0, 9.48%, 45, 0, 3, 15386.92, 94200211, 456
5979, 80, 7, 370, 128, 0, 9.48%, 45, 0, 3, 15826.15, 94281289, 456
5984, 80, 162, 370, 128, 0, 9.48%, 45, 0, 3, 15429.82, 94359154, 456
5989, 80, 80, 370, 127, 0, 9.48%, 45, 0, 3, 13492.78, 94426947, 456
5994, 80, 81, 370, 126, 0, 9.48%, 45, 0, 3, 15192.69, 94506734, 456
5999, 80, 187, 370, 126, 0, 9.48%, 45, 0, 3, 15498.33, 94587060, 456
6005, 80, 7, 370, 126, 0, 9.48%, 45, 0, 3, 15443.83, 94665264, 456
6010, 80, 95, 370, 126, 0, 9.48%, 45, 0, 3, 14597.64, 94736957, 456
6015, 81, 46, 370, 126, 0, 9.48%, 45, 0, 3, 15214.37, 94815824, 456
6020, 81, 80, 370, 126, 0, 9.48%, 45, 0, 3, 15146.42, 94892848, 456
6025, 81, 84, 370, 126, 0, 9.48%, 45, 0, 3, 15246.90, 94971121, 456
6030, 81, 84, 370, 126, 0, 9.48%, 45, 0, 3, 14992.88, 95047634, 456
6035, 81, 7, 370, 126, 0, 9.48%, 45, 0, 3, 15566.40, 95128927, 456
6041, 81, 36, 370, 126, 0, 9.48%, 45, 0, 3, 15027.03, 95207924, 456
6046, 81, 162, 370, 126, 0, 9.48%, 45, 0, 3, 15371.89, 95288187, 456
6051, 81, 47, 370, 126, 0, 9.48%, 45, 0, 3, 15694.63, 95370422, 456
6056, 81, 7, 370, 126, 0, 9.48%, 45, 0, 3, 15688.01, 95451149, 456
6061, 81, 80, 370, 126, 0, 9.48%, 45, 0, 3, 15522.68, 95531570, 456
6066, 81, 7, 370, 126, 0, 9.48%, 45, 0, 3, 15478.40, 95611783, 456
6072, 81, 80, 370, 126, 0, 9.48%, 45, 0, 3, 15404.63, 95691328, 456
6077, 81, 79, 370, 126, 0, 9.48%, 45, 0, 3, 15241.37, 95769676, 456
6082, 81, 187, 370, 126, 0, 9.48%, 45, 0, 3, 15009.33, 95846585, 456
6087, 81, 162, 370, 126, 0, 9.48%, 45, 0, 3, 15274.33, 95926765, 456
6092, 82, 80, 370, 126, 0, 9.48%, 45, 0, 3, 14983.81, 96003653, 456
6097, 82, 187, 370, 126, 0, 9.48%, 45, 0, 3, 15868.19, 96086052, 456
6103, 82, 55, 370, 126, 0, 9.48%, 45, 0, 3, 15562.91, 96166316, 456
6108, 82, 122, 370, 126, 0, 9.48%, 45, 0, 3, 15224.56, 96243995, 456
6113, 82, 84, 370, 126, 0, 9.48%, 45, 0, 3, 15514.17, 96324564, 456
6118, 82, 47, 370, 126, 0, 9.48%, 45, 0, 3, 15019.68, 96402413, 456
6123, 82, 187, 370, 126, 0, 9.48%, 45, 0, 3, 14997.61, 96479679, 456
6128, 82, 80, 370, 126, 0, 9.48%, 45, 0, 3, 15835.28, 96562020, 456
6133, 82, 80, 370, 126, 0, 9.48%, 45, 0, 3, 15743.94, 96642126, 456
6139, 82, 80, 370, 126, 0, 9.48%, 45, 0, 3, 14510.12, 96721533, 456
6144, 82, 80, 370, 126, 0, 9.48%, 45, 0, 3, 14971.11, 96798902, 456
6149, 82, 7, 370, 125, 0, 9.48%, 45, 0, 3, 14316.13, 96869960, 456
6154, 82, 7, 370, 125, 0, 9.48%, 45, 0, 3, 14733.86, 96946974, 456
6159, 82, 47, 370, 125, 0, 9.48%, 45, 0, 3, 14785.59, 97023146, 456
6164, 82, 80, 370, 125, 0, 9.48%, 45, 0, 3, 14598.01, 97097752, 456
6169, 83, 36, 370, 125, 0, 9.48%, 45, 0, 3, 13885.78, 97169358, 456
6175, 83, 36, 370, 125, 0, 9.48%, 45, 0, 3, 15408.73, 97251247, 456
6180, 83, 36, 370, 125, 0, 9.48%, 45, 0, 3, 14946.45, 97327869, 456
6185, 83, 197, 370, 125, 0, 9.48%, 45, 0, 3, 15211.25, 97406911, 456
6190, 83, 39, 370, 125, 0, 9.48%, 45, 0, 3, 15029.18, 97484800, 456
6195, 83, 62, 370, 125, 0, 9.48%, 45, 0, 3, 15519.32, 97564567, 456
6200, 83, 18, 370, 125, 0, 9.48%, 45, 0, 3, 15570.18, 97642272, 456
6205, 83, 39, 370, 125, 0, 9.48%, 45, 0, 3, 15252.18, 97717814, 456
6210, 83, 7, 370, 125, 0, 9.48%, 45, 0, 3, 15319.34, 97795178, 456
6216, 83, 80, 370, 125, 0, 9.48%, 45, 0, 3, 15465.74, 97874710, 456
6221, 83, 36, 370, 125, 0, 9.48%, 45, 0, 3, 15067.31, 97953328, 456
6226, 83, 62, 370, 125, 0, 9.48%, 45, 0, 3, 15068.31, 98031416, 456
6231, 83, 187, 370, 125, 0, 9.48%, 45, 0, 3, 15403.10, 98110933, 456
6236, 83, 36, 370, 125, 0, 9.48%, 45, 0, 3, 15403.32, 98190765, 456
6241, 83, 39, 370, 125, 0, 9.48%, 45, 0, 3, 15149.40, 98268795, 456
6247, 84, 36, 370, 125, 0, 9.48%, 45, 0, 3, 15060.26, 98347565, 456
6252, 84, 191, 370, 125, 0, 9.48%, 45, 0, 3, 14896.19, 98423800, 456
6257, 84, 80, 370, 125, 0, 9.48%, 45, 0, 3, 15495.30, 98503242, 456
6262, 84, 7, 370, 125, 0, 9.48%, 45, 0, 3, 14926.32, 98581114, 456
6267, 84, 80, 370, 125, 0, 9.48%, 45, 0, 3, 14921.30, 98659144, 456
6273, 84, 4, 370, 125, 0, 9.48%, 45, 0, 3, 15504.80, 98739944, 456
6278, 84, 80, 370, 125, 0, 9.48%, 45, 0, 3, 14859.81, 98817016, 456
6283, 84, 80, 370, 125, 0, 9.48%, 45, 0, 3, 15112.70, 98895137, 456
6288, 84, 47, 370, 125, 0, 9.48%, 45, 0, 3, 14986.85, 98973406, 456
6293, 84, 7, 370, 125, 0, 9.48%, 45, 0, 3, 15767.65, 99056091, 456
6298, 84, 55, 370, 125, 0, 9.48%, 45, 0, 3, 15014.41, 99132267, 456
6303, 84, 80, 370, 125, 0, 9.48%, 45, 0, 3, 15103.63, 99210614, 456
6309, 84, 80, 370, 125, 0, 9.48%, 45, 0, 3, 15221.13, 99290034, 456
6314, 84, 80, 370, 125, 0, 9.48%, 45, 0, 3, 14321.21, 99359741, 456
6319, 84, 7, 370, 124, 0, 9.48%, 45, 0, 3, 15028.43, 99436617, 456
6324, 84, 47, 370, 124, 0, 9.48%, 45, 0, 3, 15076.06, 99513695, 456
6329, 85, 7, 370, 124, 0, 9.48%, 45, 0, 3, 15508.72, 99594365, 456
6334, 85, 80, 370, 124, 0, 9.48%, 45, 0, 3, 15589.14, 99675099, 456
6339, 85, 36, 370, 124, 0, 9.48%, 45, 0, 3, 15264.39, 99754276, 456
6345, 85, 36, 370, 124, 0, 9.48%, 45, 0, 3, 15053.09, 99831843, 456
6350, 85, 7, 370, 124, 0, 9.48%, 45, 0, 3, 15513.70, 99910516, 456
6355, 85, 36, 370, 124, 0, 9.48%, 45, 0, 3, 15207.20, 99988393, 456
6360, 85, 187, 370, 124, 0, 9.48%, 45, 0, 3, 14820.07, 100064846, 456
6365, 85, 55, 370, 124, 0, 9.48%, 45, 0, 3, 15683.85, 100145462, 456
6370, 85, 84, 370, 124, 0, 9.48%, 45, 0, 3, 15491.42, 100224488, 456
6376, 85, 7, 370, 123, 0, 9.48%, 45, 0, 3, 15592.56, 100305707, 456
6381, 85, 36, 370, 123, 0, 9.48%, 45, 0, 3, 15311.20, 100381652, 456
6386, 85, 80, 370, 123, 0, 9.48%, 45, 0, 3, 15310.68, 100461040, 456
6391, 85, 7, 370, 123, 0, 9.48%, 45, 0, 3, 15189.30, 100537210, 456
6396, 85, 36, 370, 123, 0, 9.48%, 45, 0, 3, 14691.43, 100614318, 456
6401, 85, 80, 370, 123, 0, 9.48%, 45, 0, 3, 14920.74, 100692099, 456
6407, 86, 162, 370, 123, 0, 9.48%, 45, 0, 3, 15116.68, 100771099, 456
6412, 86, 7, 370, 123, 0, 9.48%, 45, 0, 3, 15188.87, 100848839, 456
6417, 86, 7, 370, 123, 0, 9.48%, 45, 0, 3, 14424.86, 100922603, 456
6422, 86, 7, 370, 123, 0, 9.48%, 45, 0, 3, 14786.23, 100998608, 456
6427, 86, 36, 370, 123, 0, 9.48%, 45, 0, 3, 14443.19, 101074074, 456
6432, 86, 197, 370, 123, 0, 9.48%, 45, 0, 3, 14609.49, 101147360, 456
6437, 86, 80, 370, 123, 0, 9.48%, 45, 0, 3, 15064.91, 101224714, 456
6443, 86, 187, 370, 123, 0, 9.48%, 45, 0, 3, 15477.65, 101305172, 456
6448, 86, 47, 370, 122, 0, 9.48%, 45, 0, 3, 14932.84, 101381891, 456
6453, 86, 84, 370, 122, 0, 9.48%, 45, 0, 3, 14550.54, 101457663, 456
6458, 86, 187, 370, 122, 0, 9.48%, 45, 0, 3, 14635.46, 101534192, 456
6463, 86, 197, 370, 122, 0, 9.48%, 45, 0, 3, 14527.57, 101607167, 456
6468, 86, 80, 370, 122, 0, 9.48%, 45, 0, 3, 14756.74, 101684618, 456
6474, 86, 80, 370, 122, 0, 9.48%, 45, 0, 3, 15270.51, 101764312, 456
6479, 86, 80, 370, 122, 0, 9.48%, 45, 0, 3, 14362.54, 101836589, 456
6484, 87, 162, 370, 122, 0, 9.48%, 45, 0, 3, 15137.38, 101915935, 456
6489, 87, 80, 370, 122, 0, 9.48%, 45, 0, 3, 14882.80, 101990989, 456
6494, 87, 187, 370, 122, 0, 9.48%, 45, 0, 3, 13887.85, 102060155, 456
6499, 87, 80, 370, 122, 0, 9.48%, 45, 0, 3, 15003.97, 102138181, 456
6504, 87, 64, 370, 122, 0, 9.48%, 45, 0, 3, 14713.68, 102212822, 456
6509, 87, 59, 370, 122, 0, 9.48%, 45, 0, 3, 14980.65, 102291638, 456
6514, 87, 64, 370, 122, 0, 9.48%, 45, 0, 3, 15080.18, 102364434, 456
6519, 87, 184, 370, 122, 0, 9.48%, 45, 0, 3, 14708.22, 102439897, 456
6524, 87, 80, 370, 120, 0, 9.48%, 45, 0, 3, 14374.69, 102514662, 456
6530, 87, 7, 370, 120, 0, 9.48%, 45, 0, 3, 14633.96, 102590081, 456
6535, 87, 7, 370, 120, 0, 9.48%, 45, 0, 3, 15222.10, 102666783, 456
6540, 87, 7, 370, 120, 0, 9.48%, 45, 0, 3, 15622.81, 102747439, 456
6545, 87, 7, 370, 120, 0, 9.48%, 45, 0, 3, 14864.64, 102823672, 456
6550, 87, 7, 370, 120, 0, 9.48%, 45, 0, 3, 14625.08, 102900211, 456
6556, 87, 80, 370, 120, 0, 9.48%, 45, 0, 3, 14994.58, 102978437, 456
6561, 87, 36, 370, 120, 0, 9.48%, 45, 0, 3, 14824.43, 103054841, 456
6566, 87, 36, 370, 120, 0, 9.48%, 45, 0, 3, 14020.85, 103124989, 456
6571, 88, 64, 370, 120, 0, 9.48%, 45, 0, 3, 14652.57, 103201788, 456
6576, 88, 187, 370, 120, 0, 9.48%, 45, 0, 3, 15493.65, 103282492, 456
6581, 88, 80, 370, 120, 0, 9.48%, 45, 0, 3, 14948.41, 103359638, 456
6586, 88, 80, 370, 120, 0, 9.48%, 46, 0, 3, 15155.76, 103439677, 456
6591, 88, 47, 370, 120, 0, 9.48%, 46, 0, 3, 14393.22, 103511454, 456
6597, 88, 36, 370, 120, 0, 9.48%, 46, 0, 3, 15314.05, 103590332, 456
6602, 88, 47, 370, 120, 0, 9.48%, 46, 0, 3, 14473.23, 103663477, 456
6607, 88, 80, 370, 120, 0, 9.48%, 46, 0, 3, 15276.82, 103742633, 456
6612, 88, 162, 370, 120, 0, 9.48%, 46, 0, 3, 14802.86, 103819505, 456
6617, 88, 80, 370, 120, 0, 9.48%, 46, 0, 3, 14359.91, 103894766, 456
6622, 88, 80, 370, 120, 0, 9.48%, 46, 0, 3, 15275.48, 103974208, 456
6628, 88, 191, 370, 120, 0, 9.48%, 46, 0, 3, 14664.82, 104050689, 456
6633, 88, 36, 370, 120, 0, 9.48%, 46, 0, 3, 14627.51, 104125405, 456
6638, 88, 84, 370, 120, 0, 9.48%, 46, 0, 3, 15681.14, 104207455, 456
6643, 88, 7, 370, 120, 0, 9.48%, 46, 0, 3, 15556.61, 104287279, 456
6648, 88, 47, 370, 120, 0, 9.48%, 46, 0, 3, 15299.22, 104366960, 456
6653, 89, 7, 370, 120, 0, 9.48%, 46, 0, 3, 15197.23, 104443815, 456
6658, 89, 55, 370, 120, 0, 9.48%, 46, 0, 3, 15183.01, 104522667, 456
6664, 89, 7, 370, 120, 0, 9.48%, 46, 0, 3, 15375.49, 104603199, 456
6669, 89, 36, 370, 120, 0, 9.48%, 46, 0, 3, 14570.12, 104678983, 456
6674, 89, 80, 370, 120, 0, 9.48%, 46, 0, 3, 14708.98, 104753892, 456
6679, 89, 36, 370, 120, 0, 9.48%, 46, 0, 3, 14317.94, 104828544, 456
6684, 89, 80, 370, 120, 0, 9.48%, 46, 0, 3, 14970.57, 104905266, 456
6689, 89, 47, 370, 120, 0, 9.48%, 46, 0, 3, 14891.48, 104979757, 456
6694, 89, 251, 370, 120, 0, 9.48%, 46, 0, 3, 15329.15, 105057666, 456
6700, 89, 7, 370, 120, 0, 9.48%, 46, 0, 3, 14917.44, 105136801, 456
6705, 89, 36, 370, 120, 0, 9.48%, 46, 0, 3, 15412.47, 105214719, 456
6710, 89, 36, 370, 120, 0, 9.48%, 46, 0, 3, 14448.55, 105289976, 456
6715, 89, 191, 370, 120, 0, 9.48%, 46, 0, 3, 15045.91, 105367278, 456
6720, 89, 36, 370, 120, 0, 9.48%, 46, 0, 3, 14609.80, 105444929, 456
6725, 89, 80, 370, 120, 0, 9.48%, 46, 0, 3, 15330.31, 105523396, 456
6730, 89, 36, 370, 120, 0, 9.48%, 46, 0, 3, 14355.29, 105597411, 456
6736, 90, 80, 370, 120, 0, 9.48%, 46, 0, 3, 14800.44, 105675530, 456
6741, 90, 7, 370, 120, 0, 9.48%, 46, 0, 3, 14965.89, 105753399, 456
6746, 90, 36, 370, 120, 0, 9.48%, 46, 0, 3, 14621.69, 105829985, 456
6751, 90, 47, 370, 120, 0, 9.48%, 46, 0, 3, 14080.69, 105902468, 456
6756, 90, 59, 370, 120, 0, 9.48%, 46, 0, 3, 15161.55, 105981704, 456
6762, 90, 7, 370, 120, 0, 9.48%, 46, 0, 3, 15199.54, 106061331, 456
6767, 90, 36, 370, 120, 0, 9.48%, 46, 0, 3, 14823.23, 106137270, 456
6772, 90, 80, 370, 120, 0, 9.48%, 46, 0, 3, 14868.90, 106213170, 456
6777, 90, 80, 370, 120, 0, 9.48%, 46, 0, 3, 14696.91, 106290567, 456
6782, 90, 36, 370, 119, 0, 9.48%, 46, 0, 3, 12415.23, 106351596, 456
6787, 90, 52, 370, 119, 0, 9.48%, 46, 0, 3, 14521.71, 106430312, 456
6792, 90, 197, 370, 119, 0, 9.48%, 46, 0, 3, 15207.95, 106510566, 456
6798, 90, 47, 370, 119, 0, 9.48%, 46, 0, 3, 13901.98, 106583926, 456
6803, 90, 80, 370, 119, 0, 9.48%, 46, 0, 3, 14385.82, 106659604, 456
6808, 90, 80, 370, 119, 0, 9.48%, 46, 0, 3, 14629.11, 106735733, 456
6813, 90, 47, 370, 119, 0, 9.48%, 46, 0, 3, 14758.06, 106811453, 456
6818, 91, 138, 370, 119, 0, 9.48%, 46, 0, 3, 15627.01, 106892714, 456
6823, 91, 7, 370, 119, 0, 9.48%, 46, 0, 3, 15069.96, 106969878, 456
6829, 91, 80, 370, 119, 0, 9.48%, 46, 0, 3, 14884.23, 107045885, 456
6834, 91, 187, 370, 119, 0, 9.48%, 46, 0, 3, 14380.41, 107118812, 456
6839, 91, 80, 370, 119, 0, 9.48%, 46, 0, 3, 14775.29, 107195799, 456
6844, 91, 80, 370, 119, 0, 9.48%, 46, 0, 3, 15093.38, 107273358, 456
6849, 91, 80, 370, 119, 0, 9.48%, 46, 0, 3, 15400.12, 107352547, 456
6854, 91, 7, 370, 119, 0, 9.48%, 46, 0, 3, 15112.83, 107428410, 456
6860, 91, 80, 370, 119, 0, 9.48%, 46, 0, 3, 15370.38, 107507809, 456
6865, 91, 80, 370, 119, 0, 9.48%, 46, 0, 3, 14964.73, 107582582, 456
6870, 91, 80, 370, 119, 0, 9.48%, 46, 0, 3, 15736.56, 107664863, 456
6875, 91, 65, 370, 119, 0, 9.48%, 46, 0, 3, 15474.36, 107742518, 456
6880, 91, 80, 370, 119, 0, 9.48%, 46, 0, 3, 14640.78, 107815882, 456
6885, 91, 80, 370, 119, 0, 9.48%, 46, 0, 3, 15061.65, 107894318, 456
6890, 91, 80, 370, 119, 0, 9.48%, 46, 0, 3, 15632.37, 107976097, 456
6895, 92, 80, 370, 119, 0, 9.48%, 46, 0, 3, 14775.87, 108053452, 456
6901, 92, 84, 370, 119, 0, 9.48%, 46, 0, 3, 14713.47, 108129241, 456
6906, 92, 191, 370, 119, 0, 9.48%, 46, 0, 3, 15067.05, 108207686, 456
6911, 92, 80, 370, 119, 0, 9.48%, 46, 0, 3, 14616.77, 108282035, 456
6916, 92, 123, 370, 119, 0, 9.48%, 46, 0, 3, 15383.48, 108361814, 456
6921, 92, 80, 370, 119, 0, 9.48%, 46, 0, 3, 15351.08, 108441677, 456
6926, 92, 80, 370, 118, 0, 9.48%, 46, 0, 3, 14915.92, 108518323, 456
6932, 92, 39, 370, 118, 0, 9.48%, 46, 0, 3, 15440.68, 108598085, 456
6937, 92, 70, 370, 117, 0, 9.48%, 46, 0, 3, 15372.98, 108676715, 456
6942, 92, 80, 370, 117, 0, 9.48%, 46, 0, 3, 15126.86, 108753581, 456
6947, 92, 4, 370, 117, 0, 9.48%, 46, 0, 3, 15161.14, 108832682, 456
6952, 92, 39, 370, 117, 0, 9.48%, 46, 0, 3, 14729.13, 108905350, 456
6957, 92, 62, 370, 117, 0, 9.48%, 46, 0, 3, 14325.37, 108979309, 456
6962, 92, 47, 370, 117, 0, 9.48%, 46, 0, 3, 15519.93, 109058749, 456
6968, 92, 7, 370, 117, 0, 9.48%, 46, 0, 3, 14582.26, 109133650, 456
6973, 92, 36, 370, 117, 0, 9.48%, 46, 0, 3, 14898.18, 109211895, 456
6978, 93, 36, 372, 119, 0, 9.48%, 46, 0, 3, 14723.40, 109288336, 456
6983, 93, 80, 372, 119, 0, 9.48%, 46, 0, 3, 15129.78, 109366240, 456
6988, 93, 7, 372, 119, 0, 9.48%, 46, 0, 3, 14816.98, 109442360, 456
6993, 93, 80, 372, 119, 0, 9.48%, 46, 0, 3, 15227.89, 109520423, 456
6998, 93, 187, 372, 119, 0, 9.48%, 46, 0, 3, 14665.27, 109595801, 456
7004, 93, 80, 372, 119, 0, 9.48%, 46, 0, 3, 14676.60, 109670846, 456
7009, 93, 47, 372, 119, 0, 9.48%, 46, 0, 3, 14723.68, 109746816, 456
7014, 93, 145, 372, 119, 0, 9.48%, 46, 0, 3, 15258.14, 109826357, 456
7019, 93, 36, 372, 119, 0, 9.48%, 46, 0, 3, 14569.52, 109901738, 456
7024, 93, 47, 372, 119, 0, 9.48%, 46, 0, 3, 14789.41, 109975793, 456
7029, 93, 162, 372, 119, 0, 9.48%, 46, 0, 3, 14773.43, 110053568, 456
7035, 93, 36, 372, 119, 0, 9.48%, 46, 0, 3, 14490.61, 110129114, 456
7040, 93, 65, 372, 119, 0, 9.48%, 46, 0, 3, 14345.22, 110202461, 456
7045, 93, 81, 372, 119, 0, 9.48%, 46, 0, 3, 14545.87, 110277097, 456
7050, 93, 84, 372, 119, 0, 9.48%, 46, 0, 3, 14172.92, 110350226, 456
7055, 93, 80, 372, 119, 0, 9.48%, 46, 0, 3, 14774.56, 110428772, 456
7060, 94, 7, 372, 119, 0, 9.48%, 46, 0, 3, 15153.00, 110506888, 456
7066, 94, 36, 372, 119, 0, 9.48%, 46, 0, 3, 15273.42, 110587581, 456
7071, 94, 47, 372, 119, 0, 9.48%, 46, 0, 3, 14702.88, 110662356, 456
7076, 94, 80, 372, 119, 0, 9.48%, 46, 0, 3, 14436.40, 110738744, 456
7081, 94, 36, 372, 119, 0, 9.48%, 46, 0, 3, 14012.43, 110812152, 456
7086, 94, 36, 372, 119, 0, 9.48%, 46, 0, 3, 14183.32, 110886082, 456
7091, 94, 187, 372, 119, 0, 9.48%, 46, 0, 3, 15247.49, 110965572, 456
7096, 94, 191, 372, 119, 0, 9.48%, 46, 0, 3, 14617.72, 111039191, 456
7102, 94, 47, 372, 119, 0, 9.48%, 46, 0, 3, 14754.12, 111113923, 456
7107, 94, 187, 372, 119, 0, 9.48%, 46, 0, 3, 15509.00, 111192749, 456
7112, 94, 39, 372, 119, 0, 9.48%, 46, 0, 3, 15083.24, 111269400, 456
7117, 94, 95, 372, 119, 0, 9.48%, 46, 0, 3, 15119.46, 111346898, 456
7122, 94, 187, 372, 119, 0, 9.48%, 46, 0, 3, 14564.56, 111422294, 456
7127, 94, 62, 372, 119, 0, 9.48%, 46, 0, 3, 15327.67, 111503631, 456
7133, 94, 84, 372, 118, 0, 9.48%, 46, 0, 3, 14575.64, 111580415, 456
7138, 94, 55, 372, 118, 0, 9.48%, 46, 0, 3, 14369.96, 111655660, 456
7143, 95, 72, 372, 118, 0, 9.48%, 46, 0, 3, 14998.55, 111733433, 456
7148, 95, 80, 372, 118, 0, 9.48%, 46, 0, 3, 12926.10, 111795733, 456
7153, 95, 191, 372, 118, 0, 9.48%, 46, 0, 3, 14284.89, 111871851, 456
7158, 95, 122, 372, 118, 0, 9.48%, 46, 0, 3, 15119.17, 111950224, 456
7163, 95, 36, 372, 118, 0, 9.48%, 46, 0, 3, 14042.26, 112024316, 456
7169, 95, 80, 372, 118, 0, 9.48%, 46, 0, 3, 14184.14, 112098307, 456
7174, 95, 80, 372, 118, 0, 9.48%, 46, 0, 3, 14341.13, 112172373, 456
7179, 95, 36, 372, 118, 0, 9.48%, 46, 0, 3, 13905.33, 112241389, 456
7184, 95, 84, 372, 118, 0, 9.48%, 46, 0, 3, 14227.10, 112312086, 456
7189, 95, 36, 372, 118, 0, 9.48%, 46, 0, 3, 14064.17, 112382305, 456
7194, 95, 80, 372, 118, 0, 9.48%, 46, 0, 3, 16472.56, 112464725, 456
7196, 95, 36, 372, 118, 0, 9.48%, 46, 0, 3, 17601.54, 112495794, 456
