# relative_time, cycles_done, cur_item, corpus_count, pending_total, pending_favs, map_size, saved_crashes, saved_hangs, max_depth, execs_per_sec, total_execs, edges_found
61, 0, 76, 357, 332, 66, 14.27%, 0, 0, 5, 20328.33, 1271132, 1041
66, 0, 250, 360, 332, 63, 14.27%, 0, 0, 5, 23382.52, 1401149, 1041
71, 0, 51, 364, 334, 61, 14.27%, 0, 0, 5, 25643.32, 1525588, 1041
76, 0, 276, 371, 339, 59, 14.27%, 0, 0, 5, 21333.13, 1629495, 1041
81, 0, 327, 377, 343, 57, 14.27%, 0, 0, 5, 27179.87, 1758305, 1041
86, 0, 312, 387, 346, 51, 14.27%, 0, 0, 5, 24218.44, 1893229, 1041
91, 0, 281, 392, 349, 50, 14.27%, 0, 0, 6, 19087.88, 1983712, 1041
96, 0, 246, 397, 353, 49, 14.27%, 0, 0, 6, 20975.51, 2106070, 1041
101, 0, 392, 406, 357, 44, 14.27%, 0, 0, 7, 27114.86, 2247646, 1041
106, 0, 146, 413, 360, 40, 14.27%, 0, 0, 7, 18923.22, 2343451, 1041
111, 0, 292, 417, 360, 37, 14.27%, 0, 0, 7, 23837.36, 2462175, 1041
117, 0, 416, 421, 362, 35, 14.27%, 0, 0, 7, 21077.68, 2578722, 1041
122, 0, 167, 426, 365, 33, 14.27%, 0, 0, 7, 24617.07, 2698264, 1041
127, 0, 105, 430, 366, 31, 14.27%, 0, 0, 7, 19426.61, 2803562, 1041
132, 0, 298, 437, 365, 25, 14.27%, 0, 0, 8, 16586.74, 2880961, 1041
137, 0, 251, 443, 359, 14, 14.27%, 0, 0, 8, 15702.03, 2967299, 1041
142, 0, 424, 448, 357, 8, 14.27%, 0, 0, 8, 15200.64, 3047859, 1041
147, 0, 345, 456, 360, 5, 14.27%, 0, 0, 8, 16577.15, 3136307, 1041
152, 0, 345, 460, 364, 5, 14.27%, 0, 0, 8, 15050.92, 3213883, 1041
157, 0, 345, 462, 366, 5, 14.27%, 0, 0, 8, 12657.46, 3279930, 1041
162, 0, 281, 470, 368, 2, 14.27%, 0, 0, 8, 17546.86, 3387743, 1041
167, 0, 278, 470, 367, 2, 14.27%, 0, 0, 8, 16602.49, 3479652, 1041
172, 0, 247, 473, 366, 1, 14.27%, 0, 0, 8, 17286.87, 3571898, 1041
177, 0, 258, 477, 367, 0, 14.27%, 0, 0, 8, 14710.54, 3644590, 1041
182, 0, 383, 477, 367, 0, 14.27%, 0, 0, 8, 20283.13, 3760040, 1041
188, 0, 392, 477, 367, 0, 14.27%, 0, 0, 8, 17778.71, 3844560, 1041
193, 0, 52, 480, 370, 0, 14.27%, 0, 0, 8, 23348.97, 3973093, 1041
198, 0, 330, 484, 374, 0, 14.27%, 0, 0, 8, 18564.27, 4068097, 1041
203, 0, 48, 485, 374, 0, 14.27%, 0, 0, 8, 20686.99, 4182460, 1041
208, 0, 271, 486, 375, 0, 14.27%, 0, 0, 8, 14228.80, 4283694, 1041
213, 0, 96, 486, 375, 0, 14.27%, 0, 0, 8, 21463.66, 4403120, 1041
218, 0, 462, 486, 374, 0, 14.27%, 0, 0, 8, 21493.87, 4505403, 1041
224, 0, 383, 486, 374, 0, 14.27%, 0, 0, 8, 22298.83, 4618128, 1041
229, 0, 250, 487, 375, 0, 14.27%, 0, 0, 8, 21113.76, 4718481, 1041
234, 0, 383, 487, 375, 0, 14.27%, 0, 0, 8, 20783.00, 4822441, 1041
239, 0, 408, 490, 378, 0, 14.27%, 0, 0, 8, 20014.50, 4915661, 1041
244, 0, 258, 490, 378, 0, 14.27%, 0, 0, 8, 19673.74, 5016207, 1041
249, 0, 250, 490, 378, 0, 14.27%, 0, 0, 8, 18371.78, 5099779, 1041
254, 0, 242, 491, 379, 0, 14.27%, 0, 0, 8, 22889.58, 5218911, 1041
259, 0, 277, 491, 379, 0, 14.27%, 0, 0, 8, 19188.80, 5301635, 1041
264, 1, 277, 495, 383, 0, 14.27%, 0, 0, 8, 18825.61, 5393173, 1041
269, 1, 485, 495, 383, 0, 14.27%, 0, 0, 8, 19135.80, 5484593, 1041
274, 1, 326, 498, 385, 0, 14.27%, 0, 0, 8, 20318.30, 5574561, 1041
279, 1, 469, 498, 385, 0, 14.27%, 0, 0, 8, 20075.04, 5663585, 1041
285, 1, 277, 498, 382, 0, 14.27%, 0, 0, 8, 16386.52, 5749694, 1041
290, 1, 448, 498, 381, 0, 14.27%, 0, 0, 8, 18422.48, 5837554, 1041
295, 1, 93, 498, 381, 0, 14.27%, 0, 0, 8, 21092.36, 5948677, 1041
300, 1, 462, 500, 382, 0, 14.27%, 0, 0, 8, 18296.85, 6033917, 1041
305, 1, 417, 500, 381, 0, 14.27%, 0, 0, 8, 19719.49, 6138687, 1041
310, 1, 327, 500, 380, 0, 14.27%, 0, 0, 8, 20952.77, 6236274, 1041
315, 1, 252, 500, 380, 0, 14.27%, 0, 0, 8, 17656.05, 6320504, 1041
320, 1, 342, 503, 383, 0, 14.27%, 0, 0, 8, 15122.71, 6396048, 1041
325, 1, 19, 503, 382, 0, 14.27%, 0, 0, 8, 20206.26, 6505419, 1041
330, 1, 277, 503, 381, 0, 14.27%, 0, 0, 8, 17226.60, 6586817, 1041
335, 1, 76, 503, 380, 0, 14.27%, 0, 0, 8, 19488.01, 6690833, 1041
340, 1, 327, 503, 379, 0, 14.27%, 0, 0, 8, 15963.92, 6763213, 1041
345, 1, 327, 503, 378, 0, 14.27%, 0, 0, 8, 18555.87, 6862645, 1041
351, 1, 408, 505, 379, 0, 14.27%, 0, 0, 8, 16919.94, 6943336, 1041
356, 1, 48, 506, 378, 0, 14.27%, 0, 0, 8, 16033.85, 7029127, 1041
361, 1, 408, 506, 377, 0, 14.27%, 0, 0, 8, 16241.87, 7113662, 1041
366, 1, 329, 507, 377, 0, 14.27%, 0, 0, 8, 17643.28, 7211860, 1041
371, 1, 383, 507, 375, 0, 14.27%, 0, 0, 8, 16291.85, 7296984, 1041
376, 1, 383, 507, 373, 0, 14.27%, 0, 0, 8, 18885.67, 7404689, 1041
381, 1, 303, 507, 373, 0, 14.27%, 0, 0, 8, 18067.36, 7487782, 1041
386, 1, 272, 507, 370, 0, 14.27%, 0, 0, 8, 18022.90, 7579709, 1041
391, 1, 332, 508, 371, 0, 14.27%, 0, 0, 8, 17150.93, 7667766, 1041
396, 1, 443, 508, 371, 0, 14.27%, 0, 0, 8, 18109.75, 7770105, 1041
402, 1, 383, 508, 371, 0, 14.27%, 0, 0, 8, 22964.50, 7884139, 1041
407, 2, 250, 581, 443, 0, 14.27%, 0, 0, 8, 16844.57, 7963135, 1041
412, 2, 327, 581, 443, 0, 14.27%, 0, 0, 8, 22182.41, 8080021, 1041
417, 2, 329, 581, 440, 0, 14.27%, 0, 0, 8, 17123.83, 8168132, 1041
422, 2, 93, 581, 438, 0, 14.27%, 0, 0, 8, 19054.68, 8261091, 1041
427, 2, 250, 581, 437, 0, 14.27%, 0, 0, 8, 16843.74, 8351655, 1041
432, 2, 76, 581, 436, 0, 14.27%, 0, 0, 8, 17356.90, 8435886, 1041
437, 2, 93, 581, 435, 0, 14.27%, 0, 0, 8, 16602.57, 8522427, 1041
442, 2, 392, 581, 435, 0, 14.27%, 0, 0, 8, 22162.88, 8641992, 1041
448, 2, 377, 581, 434, 0, 14.27%, 0, 0, 8, 19173.82, 8733961, 1041
453, 2, 271, 581, 434, 0, 14.27%, 0, 0, 8, 14483.23, 8802570, 1041
458, 2, 76, 581, 434, 0, 14.27%, 0, 0, 8, 18008.52, 8904871, 1041
463, 2, 394, 582, 433, 0, 14.27%, 0, 0, 8, 21842.50, 9013055, 1041
468, 2, 88, 582, 432, 0, 14.27%, 0, 0, 8, 15747.06, 9087920, 1041
473, 2, 383, 582, 431, 0, 14.27%, 0, 0, 8, 17840.76, 9182234, 1041
478, 2, 252, 582, 430, 0, 14.27%, 0, 0, 8, 15095.86, 9261048, 1041
483, 2, 392, 582, 428, 0, 14.27%, 0, 0, 8, 17125.54, 9347896, 1041
488, 2, 250, 582, 428, 0, 14.27%, 0, 0, 8, 15903.18, 9428978, 1041
493, 2, 392, 582, 427, 0, 14.27%, 0, 0, 8, 16735.90, 9516257, 1041
498, 2, 408, 582, 424, 0, 14.27%, 0, 0, 8, 16193.93, 9599086, 1041
503, 2, 408, 582, 424, 0, 14.27%, 0, 0, 8, 19890.54, 9708125, 1041
508, 2, 327, 582, 424, 0, 14.27%, 0, 0, 8, 18321.42, 9793997, 1041
513, 2, 278, 582, 423, 0, 14.27%, 0, 0, 8, 17327.82, 9878366, 1041
518, 2, 462, 582, 420, 0, 14.27%, 0, 0, 8, 17669.05, 9963636, 1041
524, 2, 408, 582, 419, 0, 14.27%, 0, 0, 8, 18230.79, 10054056, 1041
529, 2, 443, 583, 418, 0, 14.27%, 0, 0, 8, 17892.56, 10141618, 1041
534, 2, 250, 583, 417, 0, 14.27%, 0, 0, 8, 18296.52, 10240542, 1041
539, 2, 448, 583, 415, 0, 14.27%, 0, 0, 8, 17203.41, 10324358, 1041
544, 2, 242, 583, 415, 0, 14.27%, 0, 0, 8, 21454.89, 10433844, 1041
549, 2, 443, 583, 415, 0, 14.27%, 0, 0, 8, 19062.55, 10525810, 1041
554, 2, 252, 583, 415, 0, 14.27%, 0, 0, 8, 19931.78, 10630210, 1041
559, 2, 437, 583, 415, 0, 14.27%, 0, 0, 8, 18495.11, 10721102, 1041
564, 2, 327, 583, 415, 0, 14.27%, 0, 0, 8, 20112.47, 10822513, 1041
569, 3, 273, 606, 438, 0, 14.27%, 0, 0, 8, 18298.80, 10907537, 1041
574, 3, 278, 606, 436, 0, 14.27%, 0, 0, 8, 17515.16, 10988636, 1041
579, 3, 250, 606, 435, 0, 14.27%, 0, 0, 8, 19484.90, 11078671, 1041
584, 3, 281, 606, 435, 0, 14.27%, 0, 0, 8, 23321.01, 11196537, 1041
589, 3, 96, 606, 435, 0, 14.27%, 0, 0, 8, 18953.70, 11278147, 1041
595, 3, 250, 606, 434, 0, 14.27%, 0, 0, 8, 16987.32, 11371672, 1041
600, 3, 392, 606, 434, 0, 14.27%, 0, 0, 8, 18555.62, 11460294, 1041
605, 3, 250, 606, 434, 0, 14.27%, 0, 0, 8, 21558.19, 11575240, 1041
610, 3, 35, 606, 434, 0, 14.27%, 0, 0, 8, 22628.48, 11677275, 1041
615, 3, 278, 606, 433, 0, 14.27%, 0, 0, 8, 17093.73, 11761089, 1041
620, 3, 19, 606, 433, 0, 14.27%, 0, 0, 8, 17819.97, 11847287, 1041
625, 3, 417, 606, 432, 0, 14.27%, 0, 0, 8, 19069.71, 11952275, 1041
630, 3, 48, 606, 432, 0, 14.27%, 0, 0, 8, 15682.05, 12027996, 1041
635, 3, 277, 606, 432, 0, 14.27%, 0, 0, 8, 17839.45, 12131490, 1041
641, 3, 246, 606, 432, 0, 14.27%, 0, 0, 8, 19597.11, 12230669, 1041
646, 3, 277, 606, 431, 0, 14.27%, 0, 0, 8, 19193.99, 12326298, 1041
651, 3, 448, 606, 431, 0, 14.27%, 0, 0, 8, 19259.85, 12419102, 1041
656, 3, 408, 606, 431, 0, 14.27%, 0, 0, 8, 20866.86, 12509697, 1041
661, 3, 271, 606, 431, 0, 14.27%, 0, 0, 8, 20752.23, 12607705, 1041
666, 3, 443, 606, 430, 0, 14.27%, 0, 0, 8, 19778.51, 12719324, 1041
671, 3, 329, 606, 430, 0, 14.27%, 0, 0, 8, 18471.46, 12808318, 1041
676, 3, 91, 606, 429, 0, 14.27%, 0, 0, 8, 16699.47, 12893316, 1041
681, 3, 48, 606, 428, 0, 14.27%, 0, 0, 8, 14941.25, 12967845, 1041
686, 3, 443, 606, 428, 0, 14.27%, 0, 0, 8, 17111.96, 13070682, 1041
691, 3, 383, 606, 426, 0, 14.27%, 0, 0, 8, 15381.38, 13150034, 1041
696, 3, 392, 606, 425, 0, 14.27%, 0, 0, 8, 16771.94, 13245233, 1041
701, 3, 93, 606, 423, 0, 14.27%, 0, 0, 8, 16485.42, 13330577, 1041
706, 3, 91, 606, 423, 0, 14.27%, 0, 0, 8, 14825.22, 13404520, 1041
711, 3, 250, 606, 422, 0, 14.27%, 0, 0, 8, 17222.34, 13489523, 1041
716, 3, 252, 606, 420, 0, 14.27%, 0, 0, 8, 15471.87, 13576865, 1041
722, 3, 329, 606, 419, 0, 14.27%, 0, 0, 8, 17899.43, 13672201, 1041
727, 3, 408, 606, 419, 0, 14.27%, 0, 0, 8, 18262.93, 13772202, 1041
732, 3, 277, 606, 417, 0, 14.27%, 0, 0, 8, 23573.64, 13894174, 1041
737, 3, 35, 606, 416, 0, 14.27%, 0, 0, 8, 16677.56, 13968190, 1041
742, 3, 51, 606, 416, 0, 14.27%, 0, 0, 8, 21737.72, 14084302, 1041
747, 4, 417, 615, 425, 0, 14.27%, 0, 0, 8, 14655.55, 14155479, 1041
752, 4, 277, 615, 425, 0, 14.27%, 0, 0, 8, 16973.49, 14239586, 1041
757, 4, 48, 615, 425, 0, 14.27%, 0, 0, 8, 16147.70, 14327833, 1041
763, 4, 20, 615, 425, 0, 14.27%, 0, 0, 8, 20941.34, 14448828, 1041
768, 4, 104, 615, 424, 0, 14.27%, 0, 0, 8, 20388.78, 14543270, 1041
773, 4, 408, 615, 423, 0, 14.27%, 0, 0, 8, 19695.29, 14640749, 1041
778, 4, 329, 615, 423, 0, 14.27%, 0, 0, 8, 18863.90, 14727000, 1041
783, 4, 250, 615, 423, 0, 14.27%, 0, 0, 8, 21481.12, 14837550, 1041
788, 4, 467, 615, 423, 0, 14.27%, 0, 0, 8, 18056.55, 14919748, 1041
793, 4, 250, 615, 422, 0, 14.27%, 0, 0, 8, 23941.48, 15045311, 1041
798, 4, 242, 615, 421, 0, 14.27%, 0, 0, 8, 19190.27, 15127334, 1041
803, 4, 51, 615, 421, 0, 14.27%, 0, 0, 8, 20434.20, 15229014, 1041
808, 4, 51, 615, 421, 0, 14.27%, 0, 0, 8, 17725.50, 15311466, 1041
813, 4, 93, 615, 419, 0, 14.27%, 0, 0, 8, 14739.60, 15380546, 1041
819, 4, 278, 615, 418, 0, 14.27%, 0, 0, 8, 16380.02, 15466878, 1041
824, 4, 475, 615, 418, 0, 14.27%, 0, 0, 8, 17867.08, 15563883, 1041
829, 4, 327, 615, 417, 0, 14.27%, 0, 0, 8, 19654.23, 15656504, 1041
834, 4, 392, 615, 416, 0, 14.27%, 0, 0, 8, 21025.54, 15756868, 1041
839, 4, 408, 615, 416, 0, 14.27%, 0, 0, 8, 18639.51, 15843128, 1041
844, 4, 20, 615, 414, 0, 14.27%, 0, 0, 8, 16033.78, 15918372, 1041
849, 4, 48, 615, 414, 0, 14.27%, 0, 0, 8, 16105.13, 15992408, 1041
854, 4, 329, 615, 414, 0, 14.27%, 0, 0, 8, 21215.31, 16100583, 1041
859, 4, 96, 615, 414, 0, 14.27%, 0, 0, 8, 18896.68, 16188121, 1041
864, 4, 272, 615, 413, 0, 14.27%, 0, 0, 8, 15784.66, 16268384, 1041
869, 4, 443, 615, 412, 0, 14.27%, 0, 0, 8, 15589.27, 16345006, 1041
875, 4, 277, 615, 412, 0, 14.27%, 0, 0, 8, 20880.69, 16448701, 1041
880, 4, 277, 615, 411, 0, 14.27%, 0, 0, 8, 20638.05, 16551134, 1041
885, 4, 93, 615, 410, 0, 14.27%, 0, 0, 8, 20441.86, 16652575, 1041
890, 4, 250, 615, 410, 0, 14.27%, 0, 0, 8, 22482.53, 16755781, 1041
895, 4, 462, 615, 410, 0, 14.27%, 0, 0, 8, 20089.56, 16858079, 1041
900, 4, 326, 615, 408, 0, 14.27%, 0, 0, 8, 17217.00, 16939463, 1041
905, 4, 242, 615, 408, 0, 14.27%, 0, 0, 8, 21081.85, 17051475, 1041
910, 4, 51, 615, 408, 0, 14.27%, 0, 0, 8, 20670.35, 17146960, 1041
915, 4, 556, 615, 406, 0, 14.27%, 0, 0, 8, 18346.70, 17238898, 1041
920, 4, 392, 615, 404, 0, 14.27%, 0, 0, 8, 20022.59, 17334485, 1041
925, 5, 250, 619, 408, 0, 14.27%, 0, 0, 8, 18860.79, 17440699, 1041
930, 5, 462, 619, 408, 0, 14.27%, 0, 0, 8, 18093.09, 17528697, 1041
935, 5, 408, 619, 404, 0, 14.27%, 0, 0, 8, 16961.30, 17624677, 1041
940, 5, 51, 619, 404, 0, 14.27%, 0, 0, 8, 18419.32, 17720526, 1041
945, 5, 462, 619, 404, 0, 14.27%, 0, 0, 8, 20145.78, 17825456, 1041
950, 5, 96, 620, 405, 0, 14.27%, 0, 0, 8, 19987.21, 17919680, 1041
956, 5, 326, 620, 405, 0, 14.27%, 0, 0, 8, 16853.69, 18007494, 1041
961, 5, 51, 620, 405, 0, 14.27%, 0, 0, 8, 20035.32, 18108597, 1041
966, 5, 364, 620, 405, 0, 14.27%, 0, 0, 8, 20198.97, 18216388, 1041
971, 5, 329, 620, 403, 0, 14.27%, 0, 0, 8, 20158.77, 18308159, 1041
976, 5, 252, 620, 402, 0, 14.27%, 0, 0, 8, 18694.51, 18410829, 1041
981, 5, 51, 620, 400, 0, 14.27%, 0, 0, 8, 18793.53, 18506151, 1041
986, 5, 379, 620, 400, 0, 14.27%, 0, 0, 8, 16847.10, 18592271, 1041
991, 5, 462, 620, 398, 0, 14.27%, 0, 0, 8, 20558.99, 18697009, 1041
997, 5, 250, 620, 397, 0, 14.27%, 0, 0, 8, 16505.08, 18778453, 1041
1002, 5, 329, 620, 396, 0, 14.27%, 0, 0, 8, 13696.95, 18843920, 1041
1007, 5, 252, 620, 396, 0, 14.27%, 0, 0, 8, 16000.27, 18933108, 1041
1012, 5, 250, 620, 396, 0, 14.27%, 0, 0, 8, 15787.39, 19019208, 1041
1017, 5, 252, 620, 395, 0, 14.27%, 0, 0, 8, 14922.90, 19090149, 1041
1022, 5, 443, 620, 394, 0, 14.27%, 0, 0, 8, 20813.04, 19214045, 1041
1027, 5, 272, 620, 394, 0, 14.27%, 0, 0, 8, 17155.84, 19300489, 1041
1032, 5, 454, 620, 393, 0, 14.27%, 0, 0, 8, 12975.96, 19368080, 1041
1037, 5, 252, 620, 392, 0, 14.27%, 0, 0, 8, 15481.16, 19448364, 1041
1043, 5, 616, 622, 393, 0, 14.27%, 0, 0, 8, 13351.28, 19523034, 1041
1048, 5, 277, 622, 392, 0, 14.27%, 0, 0, 8, 16290.27, 19602637, 1041
1053, 5, 272, 622, 392, 0, 14.27%, 0, 0, 8, 17084.27, 19685678, 1041
1058, 5, 51, 622, 392, 0, 14.27%, 0, 0, 8, 16671.76, 19775771, 1041
1063, 5, 423, 622, 391, 0, 14.27%, 0, 0, 8, 21462.44, 19890277, 1041
1068, 5, 48, 622, 391, 0, 14.27%, 0, 0, 8, 17979.57, 19980536, 1041
1073, 5, 417, 622, 389, 0, 14.27%, 0, 0, 8, 18034.40, 20071602, 1041
1078, 5, 423, 622, 388, 0, 14.27%, 0, 0, 8, 17260.16, 20157070, 1041
1083, 5, 252, 622, 388, 0, 14.27%, 0, 0, 8, 22067.29, 20272174, 1041
1088, 5, 271, 622, 388, 0, 14.27%, 0, 0, 8, 20588.34, 20375083, 1041
1094, 5, 250, 622, 386, 0, 14.27%, 0, 0, 8, 22355.68, 20495099, 1041
1099, 5, 76, 622, 386, 0, 14.27%, 0, 0, 8, 19806.05, 20589681, 1041
1104, 5, 329, 622, 383, 0, 14.27%, 0, 0, 8, 19379.40, 20690267, 1041
1109, 5, 329, 622, 383, 0, 14.27%, 0, 0, 8, 16693.87, 20767883, 1041
1114, 6, 310, 623, 384, 0, 14.27%, 0, 0, 8, 16345.25, 20848878, 1041
1119, 6, 327, 623, 382, 0, 14.27%, 0, 0, 8, 15511.57, 20926486, 1041
1124, 6, 277, 623, 382, 0, 14.27%, 0, 0, 8, 19405.15, 21030636, 1041
1129, 6, 328, 623, 382, 0, 14.27%, 0, 0, 8, 20126.03, 21124725, 1041
1134, 6, 328, 623, 381, 0, 14.27%, 0, 0, 8, 22863.55, 21237396, 1041
1139, 6, 245, 623, 380, 0, 14.27%, 0, 0, 8, 17630.99, 21318914, 1041
1144, 6, 329, 623, 380, 0, 14.27%, 0, 0, 8, 23579.47, 21440213, 1041
1149, 6, 16, 623, 380, 0, 14.27%, 0, 0, 8, 16949.39, 21518907, 1041
1155, 6, 417, 623, 380, 0, 14.27%, 0, 0, 8, 14473.18, 21597350, 1041
1160, 6, 48, 623, 379, 0, 14.27%, 0, 0, 8, 14729.76, 21666943, 1041
1165, 6, 262, 623, 378, 0, 14.27%, 0, 0, 8, 18127.94, 21764082, 1041
1170, 6, 277, 623, 378, 0, 14.27%, 0, 0, 8, 11250.69, 21812492, 1041
1175, 6, 329, 623, 378, 0, 14.27%, 0, 0, 8, 18199.97, 21910916, 1041
1180, 6, 327, 623, 378, 0, 14.27%, 0, 0, 8, 17314.58, 21993796, 1041
1185, 6, 423, 623, 378, 0, 14.27%, 0, 0, 8, 20087.86, 22102713, 1041
1190, 6, 278, 623, 378, 0, 14.27%, 0, 0, 8, 18792.96, 22189594, 1041
1196, 6, 281, 623, 378, 0, 14.27%, 0, 0, 8, 19016.42, 22295892, 1041
1201, 6, 383, 623, 376, 0, 14.27%, 0, 0, 8, 18028.04, 22390042, 1041
1206, 6, 250, 623, 376, 0, 14.27%, 0, 0, 8, 19046.48, 22501669, 1041
1211, 6, 252, 623, 374, 0, 14.27%, 0, 0, 8, 19667.44, 22600035, 1041
1216, 6, 408, 623, 374, 0, 14.27%, 0, 0, 8, 19308.05, 22704624, 1041
1221, 6, 250, 623, 374, 0, 14.27%, 0, 0, 8, 20989.05, 22803678, 1041
1226, 6, 272, 623, 374, 0, 14.27%, 0, 0, 8, 18022.68, 22897320, 1041
1231, 6, 277, 623, 374, 0, 14.27%, 0, 0, 8, 16097.10, 22983053, 1041
1236, 6, 250, 623, 373, 0, 14.27%, 0, 0, 8, 15208.90, 23066322, 1041
1241, 6, 250, 623, 372, 0, 14.27%, 0, 0, 8, 20777.81, 23170419, 1041
1247, 6, 277, 623, 371, 0, 14.27%, 0, 0, 8, 16882.28, 23267933, 1041
1252, 6, 277, 623, 371, 0, 14.27%, 0, 0, 8, 21354.99, 23387500, 1041
1257, 6, 408, 623, 371, 0, 14.27%, 0, 0, 8, 16930.04, 23482933, 1041
1262, 6, 408, 623, 370, 0, 14.27%, 0, 0, 8, 20522.93, 23589972, 1041
1267, 6, 397, 623, 370, 0, 14.27%, 0, 0, 8, 16734.09, 23678957, 1041
1272, 6, 327, 623, 369, 0, 14.27%, 0, 0, 8, 18190.88, 23764068, 1041
1277, 6, 41, 623, 369, 0, 14.27%, 0, 0, 8, 16569.76, 23849993, 1041
1282, 7, 298, 632, 378, 0, 14.27%, 0, 0, 8, 12119.28, 23900184, 1041
1287, 7, 48, 632, 376, 0, 14.27%, 0, 0, 8, 12597.01, 23966158, 1041
1292, 7, 408, 632, 376, 0, 14.27%, 0, 0, 8, 16055.35, 24045473, 1041
1297, 7, 278, 632, 375, 0, 14.27%, 0, 0, 8, 16415.56, 24131951, 1041
1302, 7, 246, 632, 375, 0, 14.27%, 0, 0, 8, 20254.68, 24235216, 1041
1307, 7, 80, 632, 373, 0, 14.27%, 0, 0, 8, 18169.02, 24333456, 1041
1312, 7, 423, 632, 373, 0, 14.27%, 0, 0, 8, 19212.56, 24431354, 1041
1317, 7, 327, 632, 372, 0, 14.27%, 0, 0, 8, 19708.90, 24533480, 1041
1322, 7, 277, 632, 372, 0, 14.27%, 0, 0, 8, 21829.92, 24643858, 1041
1327, 7, 423, 632, 371, 0, 14.27%, 0, 0, 8, 17353.77, 24731830, 1041
1332, 7, 271, 632, 371, 0, 14.27%, 0, 0, 8, 20880.67, 24840903, 1041
1337, 7, 105, 632, 371, 0, 14.27%, 0, 0, 8, 18805.59, 24939930, 1041
1343, 7, 250, 632, 371, 0, 14.27%, 0, 0, 8, 21180.16, 25042393, 1041
1348, 7, 107, 632, 371, 0, 14.27%, 0, 0, 8, 16027.62, 25122465, 1041
1353, 7, 35, 632, 370, 0, 14.27%, 0, 0, 8, 20725.90, 25224361, 1041
1358, 7, 16, 632, 370, 0, 14.27%, 0, 0, 8, 15693.89, 25298681, 1041
1363, 7, 284, 632, 370, 0, 14.27%, 0, 0, 8, 15555.20, 25384875, 1041
1368, 7, 246, 632, 369, 0, 14.27%, 0, 0, 8, 14702.15, 25457997, 1041
1373, 7, 392, 632, 368, 0, 14.27%, 0, 0, 8, 19997.80, 25567528, 1041
1378, 7, 277, 632, 368, 0, 14.27%, 0, 0, 8, 16544.70, 25652757, 1041
1383, 7, 397, 632, 368, 0, 14.27%, 0, 0, 8, 19058.63, 25749759, 1041
1388, 7, 397, 632, 368, 0, 14.27%, 0, 0, 8, 19302.01, 25843567, 1041
1393, 7, 51, 632, 368, 0, 14.27%, 0, 0, 8, 18353.31, 25943431, 1041
1399, 7, 19, 632, 367, 0, 14.27%, 0, 0, 8, 20293.16, 26043352, 1041
1404, 7, 242, 632, 367, 0, 14.27%, 0, 0, 8, 20009.28, 26145382, 1041
1409, 7, 48, 632, 367, 0, 14.27%, 0, 0, 8, 16600.13, 26225931, 1041
1414, 7, 278, 632, 366, 0, 14.27%, 0, 0, 8, 16598.88, 26308285, 1041
1419, 7, 417, 632, 366, 0, 14.27%, 0, 0, 8, 13346.47, 26376353, 1041
1424, 7, 277, 632, 365, 0, 14.27%, 0, 0, 8, 18391.02, 26477077, 1041
1429, 7, 334, 632, 363, 0, 14.27%, 0, 0, 8, 19416.13, 26575511, 1041
1434, 7, 252, 632, 361, 0, 14.27%, 0, 0, 8, 18513.03, 26669229, 1041
1439, 7, 329, 632, 361, 0, 14.27%, 0, 0, 8, 18993.50, 26756858, 1041
1444, 7, 392, 632, 361, 0, 14.27%, 0, 0, 8, 21054.51, 26872113, 1041
1450, 8, 250, 635, 364, 0, 14.27%, 0, 0, 8, 18852.42, 26962938, 1041
1455, 8, 462, 635, 364, 0, 14.27%, 0, 0, 8, 18296.92, 27055141, 1041
1460, 8, 278, 635, 364, 0, 14.27%, 0, 0, 8, 17629.75, 27130439, 1041
1465, 8, 19, 635, 364, 0, 14.27%, 0, 0, 8, 21500.11, 27239747, 1041
1470, 8, 245, 635, 364, 0, 14.27%, 0, 0, 8, 17595.64, 27319771, 1041
1475, 8, 48, 635, 363, 0, 14.27%, 0, 0, 8, 14987.87, 27396234, 1041
1480, 8, 252, 635, 361, 0, 14.27%, 0, 0, 8, 15711.04, 27470150, 1041
1485, 8, 243, 635, 361, 0, 14.27%, 0, 0, 8, 20632.68, 27575659, 1041
1490, 8, 250, 635, 361, 0, 14.27%, 0, 0, 8, 14864.64, 27646984, 1041
1495, 8, 20, 635, 361, 0, 14.27%, 0, 0, 8, 19089.05, 27759003, 1041
1500, 8, 250, 635, 361, 0, 14.27%, 0, 0, 8, 20273.29, 27855878, 1041
1505, 8, 408, 635, 361, 0, 14.27%, 0, 0, 8, 18361.18, 27949296, 1041
1510, 8, 448, 635, 360, 0, 14.27%, 0, 0, 8, 19259.30, 28039155, 1041
1515, 8, 19, 635, 360, 0, 14.27%, 0, 0, 8, 17917.56, 28140348, 1041
1521, 8, 277, 635, 359, 0, 14.27%, 0, 0, 8, 19472.51, 28232682, 1041
1526, 8, 423, 635, 358, 0, 14.27%, 0, 0, 8, 16852.62, 28320674, 1041
1531, 8, 462, 635, 358, 0, 14.27%, 0, 0, 8, 18129.69, 28414633, 1041
1536, 8, 467, 635, 357, 0, 14.27%, 0, 0, 8, 17281.24, 28501679, 1041
1541, 8, 51, 635, 356, 0, 14.27%, 0, 0, 8, 22304.16, 28620497, 1041
1546, 8, 408, 635, 356, 0, 14.27%, 0, 0, 8, 16511.95, 28702889, 1041
1551, 8, 277, 635, 356, 0, 14.27%, 0, 0, 8, 16720.14, 28784635, 1041
1556, 8, 327, 635, 356, 0, 14.27%, 0, 0, 8, 16499.02, 28875944, 1041
1561, 8, 250, 635, 356, 0, 14.27%, 0, 0, 8, 15774.46, 28953661, 1041
1566, 8, 408, 635, 356, 0, 14.27%, 0, 0, 8, 15377.69, 29036589, 1041
1571, 8, 244, 635, 355, 0, 14.27%, 0, 0, 8, 17497.26, 29123844, 1041
1576, 8, 278, 635, 355, 0, 14.27%, 0, 0, 8, 17402.96, 29218232, 1041
1581, 8, 408, 635, 354, 0, 14.27%, 0, 0, 8, 17411.51, 29307771, 1041
1586, 8, 250, 635, 354, 0, 14.27%, 0, 0, 8, 17557.04, 29408563, 1041
1591, 8, 327, 635, 354, 0, 14.27%, 0, 0, 8, 18269.06, 29500596, 1041
1596, 8, 277, 635, 354, 0, 14.27%, 0, 0, 8, 14314.56, 29577596, 1041
1601, 8, 250, 635, 352, 0, 14.27%, 0, 0, 8, 17099.10, 29661077, 1041
1606, 8, 392, 635, 352, 0, 14.27%, 0, 0, 8, 17156.06, 29760726, 1041
1611, 8, 250, 635, 352, 0, 14.27%, 0, 0, 8, 13384.86, 29822104, 1041
1617, 9, 41, 645, 362, 0, 14.27%, 0, 0, 8, 14270.13, 29901034, 1041
1622, 9, 51, 645, 361, 0, 14.27%, 0, 0, 8, 14187.12, 29971312, 1041
1627, 9, 448, 645, 360, 0, 14.27%, 0, 0, 8, 15462.88, 30052326, 1041
1632, 9, 383, 645, 360, 0, 14.27%, 0, 0, 8, 18273.44, 30144449, 1041
1637, 9, 93, 645, 360, 0, 14.27%, 0, 0, 8, 16165.82, 30228904, 1041
1642, 9, 277, 645, 359, 0, 14.27%, 0, 0, 8, 25961.63, 30306989, 1041
1647, 9, 374, 645, 358, 0, 14.27%, 0, 0, 8, 6924.22, 30353387, 1041
1652, 9, 275, 645, 358, 0, 14.27%, 0, 0, 8, 13355.26, 30427043, 1041
1658, 9, 467, 645, 357, 0, 14.27%, 0, 0, 8, 10785.44, 30480906, 1041
1663, 9, 377, 645, 355, 0, 14.27%, 0, 0, 8, 18466.93, 30584632, 1041
1668, 9, 383, 645, 355, 0, 14.27%, 0, 0, 8, 20615.91, 30690069, 1041
1673, 9, 51, 645, 354, 0, 14.27%, 0, 0, 8, 20939.02, 30792927, 1041
1678, 9, 392, 645, 354, 0, 14.27%, 0, 0, 8, 17847.55, 30875979, 1041
1683, 9, 329, 645, 352, 0, 14.27%, 0, 0, 8, 22931.09, 31001404, 1041
1688, 9, 408, 645, 352, 0, 14.27%, 0, 0, 8, 18180.67, 31093654, 1041
1693, 9, 108, 645, 352, 0, 14.27%, 0, 0, 8, 21334.22, 31202665, 1041
1698, 9, 250, 645, 352, 0, 14.27%, 0, 0, 8, 19793.29, 31296155, 1041
1703, 9, 76, 645, 352, 0, 14.27%, 0, 0, 8, 22820.11, 31415478, 1041
1708, 9, 262, 645, 352, 0, 14.27%, 0, 0, 8, 20204.45, 31512022, 1041
1713, 9, 91, 645, 352, 0, 14.27%, 0, 0, 8, 20780.14, 31616428, 1041
1718, 9, 278, 645, 352, 0, 14.27%, 0, 0, 8, 18991.77, 31711049, 1041
1723, 9, 383, 645, 352, 0, 14.27%, 0, 0, 8, 19684.96, 31809696, 1041
1728, 9, 16, 645, 352, 0, 14.27%, 0, 0, 8, 19598.79, 31909049, 1041
1734, 9, 408, 645, 351, 0, 14.27%, 0, 0, 8, 22775.91, 32020281, 1041
1739, 9, 397, 645, 351, 0, 14.27%, 0, 0, 8, 19638.38, 32100069, 1041
1744, 9, 383, 645, 351, 0, 14.27%, 0, 0, 8, 24807.01, 32225412, 1041
1749, 9, 278, 645, 350, 0, 14.27%, 0, 0, 8, 20939.53, 32320548, 1041
1754, 9, 408, 645, 348, 0, 14.27%, 0, 0, 8, 18168.36, 32410793, 1041
1759, 9, 329, 645, 348, 0, 14.27%, 0, 0, 8, 17391.14, 32491917, 1041
1764, 9, 250, 645, 347, 0, 14.27%, 0, 0, 8, 20925.54, 32600327, 1041
1769, 9, 327, 645, 347, 0, 14.27%, 0, 0, 8, 17761.72, 32680032, 1041
1774, 9, 326, 645, 347, 0, 14.27%, 0, 0, 8, 18659.00, 32775481, 1041
1779, 9, 278, 645, 347, 0, 14.27%, 0, 0, 8, 15955.56, 32849780, 1041
1784, 9, 51, 645, 347, 0, 14.27%, 0, 0, 8, 19088.40, 32947930, 1041
1789, 10, 246, 651, 353, 0, 14.27%, 0, 0, 8, 18106.81, 33025993, 1041
1794, 10, 35, 651, 353, 0, 14.27%, 0, 0, 8, 20114.97, 33133994, 1041
1800, 10, 254, 651, 350, 0, 14.27%, 0, 0, 8, 19006.44, 33217312, 1041
1805, 10, 19, 651, 350, 0, 14.27%, 0, 0, 8, 20032.48, 33322446, 1041
1810, 10, 250, 651, 350, 0, 14.27%, 0, 0, 8, 18397.10, 33407001, 1041
1815, 10, 281, 651, 350, 0, 14.27%, 0, 0, 8, 18504.50, 33512073, 1041
1820, 10, 76, 651, 350, 0, 14.27%, 0, 0, 8, 18117.20, 33598720, 1041
1825, 10, 383, 651, 350, 0, 14.27%, 0, 0, 8, 20349.91, 33712690, 1041
1830, 10, 417, 651, 349, 0, 14.27%, 0, 0, 8, 15947.28, 33791091, 1041
1835, 10, 624, 651, 349, 0, 14.27%, 0, 0, 8, 14252.02, 33860269, 1041
1840, 10, 277, 651, 348, 0, 14.27%, 0, 0, 8, 19838.41, 33962291, 1041
1846, 10, 157, 651, 348, 0, 14.27%, 0, 0, 8, 18137.06, 34061401, 1041
1851, 10, 408, 651, 348, 0, 14.27%, 0, 0, 8, 19980.11, 34157412, 1041
1856, 10, 16, 651, 348, 0, 14.27%, 0, 0, 8, 16652.81, 34246098, 1041
1861, 10, 254, 651, 348, 0, 14.27%, 0, 0, 8, 18815.48, 34340108, 1041
1866, 10, 76, 651, 347, 0, 14.27%, 0, 0, 8, 14325.37, 34415442, 1041
1871, 10, 250, 651, 346, 0, 14.27%, 0, 0, 8, 16035.24, 34502109, 1041
1876, 10, 326, 651, 346, 0, 14.27%, 0, 0, 8, 12099.65, 34565154, 1041
1881, 10, 408, 651, 346, 0, 14.27%, 0, 0, 8, 18681.67, 34666996, 1041
1886, 10, 76, 651, 346, 0, 14.27%, 0, 0, 8, 17840.01, 34768054, 1041
1892, 10, 252, 651, 346, 0, 14.27%, 0, 0, 8, 14225.11, 34838489, 1041
1897, 10, 35, 651, 346, 0, 14.27%, 0, 0, 8, 17283.88, 34932569, 1041
1902, 10, 93, 651, 346, 0, 14.27%, 0, 0, 8, 21500.64, 35035805, 1041
1907, 10, 19, 651, 346, 0, 14.27%, 0, 0, 8, 18394.32, 35129385, 1041
1912, 10, 271, 651, 346, 0, 14.27%, 0, 0, 8, 21382.80, 35226503, 1041
1917, 10, 408, 651, 345, 0, 14.27%, 0, 0, 8, 14797.42, 35301422, 1041
1922, 10, 76, 651, 345, 0, 14.27%, 0, 0, 8, 20331.84, 35407252, 1041
1927, 10, 423, 651, 345, 0, 14.27%, 0, 0, 8, 17300.33, 35498863, 1041
1933, 10, 281, 651, 345, 0, 14.27%, 0, 0, 8, 22402.57, 35618106, 1041
1938, 10, 277, 651, 343, 0, 14.27%, 0, 0, 8, 17347.97, 35702652, 1041
1943, 10, 35, 651, 341, 0, 14.27%, 0, 0, 8, 17614.85, 35799041, 1041
1948, 10, 374, 651, 341, 0, 14.27%, 0, 0, 8, 15000.48, 35877281, 1041
1953, 10, 437, 651, 341, 0, 14.27%, 0, 0, 8, 15853.22, 35963184, 1041
1958, 10, 277, 651, 340, 0, 14.27%, 0, 0, 8, 16546.88, 36053389, 1041
1963, 10, 417, 651, 340, 0, 14.27%, 0, 0, 8, 15997.61, 36142347, 1041
1968, 10, 254, 651, 340, 0, 14.27%, 0, 0, 8, 16530.27, 36219396, 1041
1973, 11, 437, 652, 341, 0, 14.27%, 0, 0, 8, 18086.20, 36303374, 1041
1978, 11, 11, 652, 341, 0, 14.27%, 0, 0, 8, 20260.94, 36409296, 1041
1983, 11, 272, 652, 340, 0, 14.27%, 0, 0, 8, 21591.68, 36516009, 1041
1989, 11, 277, 652, 339, 0, 14.27%, 0, 0, 8, 20601.54, 36605373, 1041
1994, 11, 76, 652, 339, 0, 14.27%, 0, 0, 8, 14865.15, 36701296, 1041
1999, 11, 329, 652, 339, 0, 14.27%, 0, 0, 8, 14224.41, 36777371, 1041
2004, 11, 277, 652, 339, 0, 14.27%, 0, 0, 8, 20052.28, 36879204, 1041
2009, 11, 19, 652, 339, 0, 14.27%, 0, 0, 8, 19218.52, 36973265, 1041
2014, 11, 80, 652, 339, 0, 14.27%, 0, 0, 8, 18916.73, 37060054, 1041
2019, 11, 250, 652, 339, 0, 14.27%, 0, 0, 8, 18546.02, 37143072, 1041
2024, 11, 437, 652, 339, 0, 14.27%, 0, 0, 8, 18636.33, 37228972, 1041
2029, 11, 19, 652, 339, 0, 14.27%, 0, 0, 8, 17673.16, 37305884, 1041
2034, 11, 250, 652, 338, 0, 14.27%, 0, 0, 8, 19174.68, 37401735, 1041
2039, 11, 383, 652, 337, 0, 14.27%, 0, 0, 8, 14866.82, 37464933, 1041
2044, 11, 417, 652, 336, 0, 14.27%, 0, 0, 8, 16107.26, 37541858, 1041
2049, 11, 51, 652, 336, 0, 14.27%, 0, 0, 8, 17348.02, 37622044, 1041
2055, 11, 276, 652, 335, 0, 14.27%, 0, 0, 8, 12591.72, 37684985, 1041
2060, 11, 93, 652, 335, 0, 14.27%, 0, 0, 8, 18006.89, 37769839, 1041
2065, 11, 277, 652, 335, 0, 14.27%, 0, 0, 8, 24643.44, 37900829, 1041
2070, 11, 272, 652, 335, 0, 14.27%, 0, 0, 8, 17678.94, 37983972, 1041
2075, 11, 408, 652, 333, 0, 14.27%, 0, 0, 8, 14703.03, 38055496, 1041
2080, 11, 277, 652, 333, 0, 14.27%, 0, 0, 8, 21236.05, 38160266, 1041
2085, 11, 250, 652, 333, 0, 14.27%, 0, 0, 8, 17145.35, 38250294, 1041
2090, 11, 348, 652, 332, 0, 14.27%, 0, 0, 8, 16563.80, 38330334, 1041
2095, 11, 383, 652, 331, 0, 14.27%, 0, 0, 8, 17475.64, 38429718, 1041
2100, 11, 392, 652, 331, 0, 14.27%, 0, 0, 8, 17012.07, 38511204, 1041
2106, 11, 48, 652, 331, 0, 14.27%, 0, 0, 8, 14940.94, 38590576, 1041
2111, 11, 408, 652, 331, 0, 14.27%, 0, 0, 8, 16611.11, 38667792, 1041
2116, 11, 276, 652, 331, 0, 14.27%, 0, 0, 8, 19831.61, 38778719, 1041
2121, 11, 448, 652, 331, 0, 14.27%, 0, 0, 8, 16690.83, 38861752, 1041
2126, 11, 144, 652, 331, 0, 14.27%, 0, 0, 8, 13743.30, 38935154, 1041
2131, 11, 16, 652, 329, 0, 14.27%, 0, 0, 8, 16072.14, 39013075, 1041
2136, 11, 105, 652, 329, 0, 14.27%, 0, 0, 8, 14882.04, 39092603, 1041
2141, 11, 423, 652, 329, 0, 14.27%, 0, 0, 8, 17971.79, 39184238, 1041
2146, 11, 250, 653, 329, 0, 14.27%, 0, 0, 8, 13899.00, 39261263, 1041
2151, 11, 80, 653, 328, 0, 14.27%, 0, 0, 8, 15523.15, 39334872, 1041
2156, 11, 281, 653, 328, 0, 14.27%, 0, 0, 8, 12226.62, 39396173, 1041
2162, 11, 250, 653, 328, 0, 14.27%, 0, 0, 8, 19599.52, 39500929, 1041
2167, 12, 408, 657, 332, 0, 14.27%, 0, 0, 8, 15785.87, 39584317, 1041
2172, 12, 250, 657, 332, 0, 14.27%, 0, 0, 8, 14660.01, 39659721, 1041
2177, 12, 252, 657, 332, 0, 14.27%, 0, 0, 8, 14095.05, 39741768, 1041
2182, 12, 250, 657, 331, 0, 14.27%, 0, 0, 8, 18153.43, 39832781, 1041
2187, 12, 423, 657, 331, 0, 14.27%, 0, 0, 8, 14257.28, 39909038, 1041
2192, 12, 392, 657, 330, 0, 14.27%, 0, 0, 8, 17610.06, 40005055, 1041
2197, 12, 327, 657, 330, 0, 14.27%, 0, 0, 8, 16917.54, 40092607, 1041
2203, 12, 19, 657, 330, 0, 14.27%, 0, 0, 8, 18030.62, 40183147, 1041
2208, 12, 250, 657, 329, 0, 14.27%, 0, 0, 8, 16875.96, 40270194, 1041
2213, 12, 397, 657, 328, 0, 14.27%, 0, 0, 8, 19494.19, 40379339, 1041
2218, 12, 462, 657, 328, 0, 14.27%, 0, 0, 8, 20169.07, 40474575, 1041
2223, 12, 392, 657, 328, 0, 14.27%, 0, 0, 8, 18284.79, 40565119, 1041
2228, 12, 80, 657, 328, 0, 14.27%, 0, 0, 8, 19102.01, 40668393, 1041
2233, 12, 397, 657, 328, 0, 14.27%, 0, 0, 8, 21304.10, 40777361, 1041
2238, 12, 277, 657, 328, 0, 14.27%, 0, 0, 8, 18187.67, 40862410, 1041
2243, 12, 397, 657, 327, 0, 14.27%, 0, 0, 8, 21960.91, 40980090, 1041
2248, 12, 277, 657, 327, 0, 14.27%, 0, 0, 8, 19654.70, 41075246, 1041
2254, 12, 250, 657, 327, 0, 14.27%, 0, 0, 8, 21122.12, 41177827, 1041
2259, 12, 93, 657, 327, 0, 14.27%, 0, 0, 8, 19478.29, 41275938, 1041
2264, 12, 326, 657, 326, 0, 14.27%, 0, 0, 8, 21346.31, 41391638, 1041
2269, 12, 277, 657, 324, 0, 14.27%, 0, 0, 8, 21670.12, 41499795, 1041
2274, 12, 250, 657, 323, 0, 14.27%, 0, 0, 8, 20662.29, 41598111, 1041
2279, 12, 277, 657, 323, 0, 14.27%, 0, 0, 8, 20740.82, 41698857, 1041
2284, 12, 392, 657, 322, 0, 14.27%, 0, 0, 8, 20989.91, 41807737, 1041
2289, 12, 277, 657, 320, 0, 14.27%, 0, 0, 8, 17777.23, 41903398, 1041
2294, 12, 383, 657, 319, 0, 14.27%, 0, 0, 8, 21578.68, 42020092, 1041
2300, 12, 102, 657, 319, 0, 14.27%, 0, 0, 8, 18613.25, 42105550, 1041
2305, 12, 462, 657, 319, 0, 14.27%, 0, 0, 8, 18995.89, 42205081, 1041
2310, 12, 408, 657, 319, 0, 14.27%, 0, 0, 8, 17137.95, 42288123, 1041
2315, 12, 277, 657, 319, 0, 14.27%, 0, 0, 8, 21766.32, 42396252, 1041
2320, 12, 250, 657, 318, 0, 14.27%, 0, 0, 8, 21472.53, 42493035, 1041
2325, 12, 250, 657, 317, 0, 14.27%, 0, 0, 8, 16167.74, 42572695, 1041
2330, 13, 278, 658, 318, 0, 14.27%, 0, 0, 8, 17192.94, 42656936, 1041
2335, 13, 462, 658, 318, 0, 14.27%, 0, 0, 8, 21861.61, 42774066, 1041
2340, 13, 107, 658, 317, 0, 14.27%, 0, 0, 8, 18720.27, 42860318, 1041
2345, 13, 11, 658, 317, 0, 14.27%, 0, 0, 8, 18904.25, 42962404, 1041
2350, 13, 271, 658, 317, 0, 14.27%, 0, 0, 8, 21269.44, 43063484, 1041
2355, 13, 277, 658, 317, 0, 14.27%, 0, 0, 8, 24257.64, 43195714, 1041
2360, 13, 423, 658, 317, 0, 14.27%, 0, 0, 8, 20565.28, 43287671, 1041
2365, 13, 383, 658, 317, 0, 14.27%, 0, 0, 8, 17021.80, 43371528, 1041
2370, 13, 252, 658, 317, 0, 14.27%, 0, 0, 8, 15211.37, 43447506, 1041
2376, 13, 93, 658, 315, 0, 14.27%, 0, 0, 8, 16931.18, 43543338, 1041
2381, 13, 329, 658, 315, 0, 14.27%, 0, 0, 8, 21359.12, 43650621, 1041
2386, 13, 16, 658, 315, 0, 14.27%, 0, 0, 8, 20341.86, 43762339, 1041
2391, 13, 383, 658, 315, 0, 14.27%, 0, 0, 8, 23303.66, 43876641, 1041
2396, 13, 35, 658, 314, 0, 14.27%, 0, 0, 8, 23253.23, 43997605, 1041
2401, 13, 383, 658, 314, 0, 14.27%, 0, 0, 8, 22417.00, 44099901, 1041
2406, 13, 96, 658, 314, 0, 14.27%, 0, 0, 8, 23141.96, 44223399, 1041
2411, 13, 254, 658, 314, 0, 14.27%, 0, 0, 8, 25904.20, 44345834, 1041
2416, 13, 327, 658, 314, 0, 14.27%, 0, 0, 8, 21092.49, 44449550, 1041
2421, 13, 417, 658, 313, 0, 14.27%, 0, 0, 8, 23198.62, 44570182, 1041
2426, 13, 329, 658, 313, 0, 14.27%, 0, 0, 8, 22299.88, 44685535, 1041
2431, 13, 423, 658, 312, 0, 14.27%, 0, 0, 8, 20919.98, 44794655, 1041
2436, 13, 50, 658, 311, 0, 14.27%, 0, 0, 8, 23275.87, 44916473, 1041
2441, 13, 271, 658, 310, 0, 14.27%, 0, 0, 8, 23399.12, 45031810, 1041
2447, 13, 250, 658, 309, 0, 14.27%, 0, 0, 8, 22625.25, 45156709, 1041
2452, 13, 64, 658, 308, 0, 14.27%, 0, 0, 8, 21294.62, 45259949, 1041
2457, 13, 250, 658, 307, 0, 14.27%, 0, 0, 8, 23408.28, 45375576, 1041
2462, 13, 327, 658, 307, 0, 14.27%, 0, 0, 8, 26117.48, 45506896, 1041
2467, 13, 250, 658, 307, 0, 14.27%, 0, 0, 8, 17955.53, 45589862, 1041
2472, 13, 250, 658, 307, 0, 14.27%, 0, 0, 8, 20217.81, 45690870, 1041
2477, 13, 277, 658, 307, 0, 14.27%, 0, 0, 8, 17396.92, 45780549, 1041
2482, 14, 213, 660, 309, 0, 14.27%, 0, 0, 8, 19555.25, 45887056, 1041
2488, 14, 327, 660, 308, 0, 14.27%, 0, 0, 8, 17529.13, 45976978, 1041
2493, 14, 277, 660, 308, 0, 14.27%, 0, 0, 8, 19665.43, 46070054, 1041
2498, 14, 107, 660, 308, 0, 14.27%, 0, 0, 8, 16747.77, 46153247, 1041
2503, 14, 252, 660, 308, 0, 14.27%, 0, 0, 8, 20694.93, 46259235, 1041
2508, 14, 499, 660, 308, 0, 14.27%, 0, 0, 8, 15849.52, 46332727, 1041
2513, 14, 408, 660, 307, 0, 14.27%, 0, 0, 8, 22010.87, 46445444, 1041
2518, 14, 278, 660, 307, 0, 14.27%, 0, 0, 8, 20847.31, 46551150, 1041
2523, 14, 277, 660, 306, 0, 14.27%, 0, 0, 8, 25126.54, 46681735, 1041
2528, 14, 392, 660, 305, 0, 14.27%, 0, 0, 8, 19483.43, 46775108, 1041
2533, 14, 250, 660, 305, 0, 14.27%, 0, 0, 8, 22760.88, 46895540, 1041
2538, 14, 250, 660, 305, 0, 14.27%, 0, 0, 8, 22110.23, 47006192, 1041
2543, 14, 327, 660, 305, 0, 14.27%, 0, 0, 8, 25403.84, 47130163, 1041
2548, 14, 437, 660, 305, 0, 14.27%, 0, 0, 8, 21223.48, 47233718, 1041
2553, 14, 329, 660, 305, 0, 14.27%, 0, 0, 8, 22687.52, 47353219, 1041
2559, 14, 392, 660, 305, 0, 14.27%, 0, 0, 8, 19840.94, 47449145, 1041
2564, 14, 408, 660, 303, 0, 14.27%, 0, 0, 8, 23405.27, 47579607, 1041
2569, 14, 51, 660, 303, 0, 14.27%, 0, 0, 8, 23477.18, 47696125, 1041
2574, 14, 93, 660, 303, 0, 14.27%, 0, 0, 8, 24894.20, 47826497, 1041
2579, 14, 408, 660, 303, 0, 14.27%, 0, 0, 8, 22399.06, 47928383, 1041
2584, 14, 423, 660, 303, 0, 14.27%, 0, 0, 8, 24075.64, 48047923, 1041
2589, 14, 80, 660, 303, 0, 14.27%, 0, 0, 8, 19258.84, 48135274, 1041
2594, 14, 51, 660, 303, 0, 14.27%, 0, 0, 8, 23092.92, 48261571, 1041
2599, 14, 423, 660, 303, 0, 14.27%, 0, 0, 8, 20384.68, 48361541, 1041
2605, 14, 16, 660, 302, 0, 14.27%, 0, 0, 8, 20675.29, 48474303, 1041
2610, 14, 48, 660, 302, 0, 14.27%, 0, 0, 8, 20848.74, 48580968, 1041
2615, 14, 596, 660, 302, 0, 14.27%, 0, 0, 8, 4865.77, 48670517, 1041
2620, 14, 93, 660, 300, 0, 14.27%, 0, 0, 8, 19986.93, 48771658, 1041
2625, 14, 96, 660, 299, 0, 14.27%, 0, 0, 8, 20327.05, 48877847, 1041
2630, 15, 35, 661, 300, 0, 14.27%, 0, 0, 8, 21313.54, 48980992, 1041
2635, 15, 383, 661, 300, 0, 14.27%, 0, 0, 8, 21776.41, 49098705, 1041
2640, 15, 329, 661, 299, 0, 14.27%, 0, 0, 8, 20625.36, 49200215, 1041
2645, 15, 93, 661, 296, 0, 14.27%, 0, 0, 8, 17484.58, 49290829, 1041
2651, 15, 408, 661, 296, 0, 14.27%, 0, 0, 8, 20864.04, 49399572, 1041
2656, 15, 57, 661, 296, 0, 14.27%, 0, 0, 8, 17875.97, 49492698, 1041
2661, 15, 327, 661, 296, 0, 14.27%, 0, 0, 8, 20586.96, 49584468, 1041
2666, 15, 545, 661, 295, 0, 14.27%, 0, 0, 8, 17900.15, 49664347, 1041
2671, 15, 76, 661, 294, 0, 14.27%, 0, 0, 8, 16558.61, 49742027, 1041
2676, 15, 250, 661, 294, 0, 14.27%, 0, 0, 8, 14732.83, 49816588, 1041
2681, 15, 408, 661, 294, 0, 14.27%, 0, 0, 8, 19084.19, 49915061, 1041
2686, 15, 423, 661, 294, 0, 14.27%, 0, 0, 8, 18097.42, 50010661, 1041
2691, 15, 250, 661, 294, 0, 14.27%, 0, 0, 8, 22116.74, 50119222, 1041
2696, 15, 383, 661, 294, 0, 14.27%, 0, 0, 8, 19521.43, 50225873, 1041
2701, 15, 96, 661, 294, 0, 14.27%, 0, 0, 8, 18908.93, 50315026, 1041
2706, 15, 278, 661, 294, 0, 14.27%, 0, 0, 8, 17750.37, 50413291, 1041
2711, 15, 20, 661, 293, 0, 14.27%, 0, 0, 8, 21794.44, 50525476, 1041
2717, 15, 408, 661, 293, 0, 14.27%, 0, 0, 8, 18996.76, 50628099, 1041
2722, 15, 397, 661, 293, 0, 14.27%, 0, 0, 8, 18514.66, 50721286, 1041
2727, 15, 277, 661, 293, 0, 14.27%, 0, 0, 8, 17968.49, 50811185, 1041
2732, 15, 16, 661, 293, 0, 14.27%, 0, 0, 8, 18354.99, 50902444, 1041
2737, 15, 408, 661, 292, 0, 14.27%, 0, 0, 8, 17389.23, 50991927, 1041
2742, 15, 250, 661, 291, 0, 14.27%, 0, 0, 8, 21073.55, 51100202, 1041
2747, 15, 48, 661, 291, 0, 14.27%, 0, 0, 8, 20253.33, 51208236, 1041
2753, 15, 582, 661, 290, 0, 14.27%, 0, 0, 8, 22785.08, 51329728, 1041
2758, 15, 329, 661, 288, 0, 14.27%, 0, 0, 8, 20447.30, 51433485, 1041
2763, 15, 392, 661, 288, 0, 14.27%, 0, 0, 8, 21848.14, 51544825, 1041
2768, 15, 408, 661, 288, 0, 14.27%, 0, 0, 8, 17194.52, 51621295, 1041
2773, 15, 48, 661, 288, 0, 14.27%, 0, 0, 8, 22960.84, 51746623, 1041
2778, 15, 277, 661, 288, 0, 14.27%, 0, 0, 8, 21634.06, 51852510, 1041
2783, 15, 408, 661, 287, 0, 14.27%, 0, 0, 8, 20957.96, 51962783, 1041
2788, 16, 408, 661, 284, 0, 14.27%, 0, 0, 8, 18267.07, 52053873, 1041
2793, 16, 157, 661, 284, 0, 14.27%, 0, 0, 8, 18604.06, 52139666, 1041
2798, 16, 408, 661, 283, 0, 14.27%, 0, 0, 8, 18112.20, 52231386, 1041
2803, 16, 277, 661, 282, 0, 14.27%, 0, 0, 8, 22789.27, 52357272, 1041
2808, 16, 329, 661, 281, 0, 14.27%, 0, 0, 8, 17084.11, 52447886, 1041
2814, 16, 250, 661, 280, 0, 14.27%, 0, 0, 8, 17891.34, 52546155, 1041
2819, 16, 278, 661, 280, 0, 14.27%, 0, 0, 8, 13002.56, 52609308, 1041
2824, 16, 250, 661, 280, 0, 14.27%, 0, 0, 8, 14457.44, 52680529, 1041
2829, 16, 48, 661, 280, 0, 14.27%, 0, 0, 8, 14650.63, 52745823, 1041
2834, 16, 272, 661, 279, 0, 14.27%, 0, 0, 8, 19360.20, 52850349, 1041
2839, 16, 250, 661, 279, 0, 14.27%, 0, 0, 8, 18923.47, 52937568, 1041
2844, 16, 51, 661, 279, 0, 14.27%, 0, 0, 8, 18103.96, 53028602, 1041
2849, 16, 329, 661, 279, 0, 14.27%, 0, 0, 8, 13984.46, 53087793, 1041
2854, 16, 462, 661, 279, 0, 14.27%, 0, 0, 8, 17663.24, 53176827, 1041
2859, 16, 397, 661, 279, 0, 14.27%, 0, 0, 8, 20603.64, 53281899, 1041
2864, 16, 448, 661, 279, 0, 14.27%, 0, 0, 8, 20112.90, 53386226, 1041
2869, 16, 383, 661, 279, 0, 14.27%, 0, 0, 8, 19059.60, 53478569, 1041
2874, 16, 408, 661, 279, 0, 14.27%, 0, 0, 8, 20424.83, 53579344, 1041
2880, 16, 397, 661, 278, 0, 14.27%, 0, 0, 8, 19353.94, 53672052, 1041
2885, 16, 329, 661, 278, 0, 14.27%, 0, 0, 8, 15991.91, 53752073, 1041
2890, 16, 448, 661, 278, 0, 14.27%, 0, 0, 8, 15063.23, 53816309, 1041
2895, 16, 392, 661, 278, 0, 14.27%, 0, 0, 8, 15826.96, 53902322, 1041
2900, 16, 329, 661, 278, 0, 14.27%, 0, 0, 8, 18001.50, 53982050, 1041
2905, 16, 408, 661, 278, 0, 14.27%, 0, 0, 8, 17252.17, 54063572, 1041
2910, 16, 329, 661, 278, 0, 14.27%, 0, 0, 8, 14970.86, 54130421, 1041
2915, 16, 48, 661, 278, 0, 14.27%, 0, 0, 8, 15411.66, 54213467, 1041
2920, 16, 250, 661, 278, 0, 14.27%, 0, 0, 8, 18889.56, 54309664, 1041
2926, 16, 383, 661, 278, 0, 14.27%, 0, 0, 8, 18775.92, 54414496, 1041
2931, 16, 250, 661, 278, 0, 14.27%, 0, 0, 8, 20825.10, 54512530, 1041
2936, 16, 397, 661, 278, 0, 14.27%, 0, 0, 8, 18373.04, 54609847, 1041
2941, 16, 250, 661, 278, 0, 14.27%, 0, 0, 8, 18464.17, 54700516, 1041
2946, 16, 277, 661, 278, 0, 14.27%, 0, 0, 8, 17041.56, 54791062, 1041
2951, 16, 16, 661, 278, 0, 14.27%, 0, 0, 8, 14512.95, 54864618, 1041
2956, 16, 461, 661, 278, 0, 14.27%, 0, 0, 8, 17202.84, 54968284, 1041
2961, 17, 250, 662, 277, 0, 14.27%, 0, 0, 8, 19852.07, 55070508, 1041
2966, 17, 329, 662, 277, 0, 14.27%, 0, 0, 8, 18098.84, 55172436, 1041
2971, 17, 423, 662, 276, 0, 14.27%, 0, 0, 8, 19137.14, 55267405, 1041
2976, 17, 277, 662, 276, 0, 14.27%, 0, 0, 8, 17346.24, 55359091, 1041
2982, 17, 408, 662, 276, 0, 14.27%, 0, 0, 8, 17713.48, 55451038, 1041
2987, 17, 243, 662, 276, 0, 14.27%, 0, 0, 8, 15257.37, 55534616, 1041
2992, 17, 250, 662, 275, 0, 14.27%, 0, 0, 8, 17341.41, 55625503, 1041
2997, 17, 35, 662, 275, 0, 14.27%, 0, 0, 8, 16815.75, 55712206, 1041
3002, 17, 448, 662, 275, 0, 14.27%, 0, 0, 8, 22514.73, 55833077, 1041
3007, 17, 423, 662, 275, 0, 14.27%, 0, 0, 8, 18369.94, 55926828, 1041
3012, 17, 650, 662, 275, 0, 14.27%, 0, 0, 8, 12820.91, 55991704, 1041
3017, 17, 383, 662, 274, 0, 14.27%, 0, 0, 8, 14468.05, 56081396, 1041
3022, 17, 250, 662, 273, 0, 14.27%, 0, 0, 8, 14672.84, 56156393, 1041
3027, 17, 327, 662, 273, 0, 14.27%, 0, 0, 8, 18074.81, 56256232, 1041
3033, 17, 417, 662, 273, 0, 14.27%, 0, 0, 8, 20051.67, 56355931, 1041
3038, 17, 383, 662, 273, 0, 14.27%, 0, 0, 8, 19359.71, 56458376, 1041
3043, 17, 392, 662, 273, 0, 14.27%, 0, 0, 8, 21372.45, 56572149, 1041
3048, 17, 329, 662, 273, 0, 14.27%, 0, 0, 8, 21180.15, 56676287, 1041
3053, 17, 277, 662, 273, 0, 14.27%, 0, 0, 8, 23784.49, 56805150, 1041
3058, 17, 246, 662, 273, 0, 14.27%, 0, 0, 8, 19367.10, 56894190, 1041
3063, 17, 423, 662, 272, 0, 14.27%, 0, 0, 8, 19884.65, 56993937, 1041
3068, 17, 423, 662, 271, 0, 14.27%, 0, 0, 8, 18673.71, 57086184, 1041
3073, 17, 392, 662, 271, 0, 14.27%, 0, 0, 8, 22412.67, 57205483, 1041
3078, 17, 262, 662, 271, 0, 14.27%, 0, 0, 8, 20383.42, 57308179, 1041
3083, 17, 432, 662, 271, 0, 14.27%, 0, 0, 8, 21610.70, 57417167, 1041
3088, 17, 423, 662, 270, 0, 14.27%, 0, 0, 8, 19132.07, 57507063, 1041
3093, 17, 250, 662, 270, 0, 14.27%, 0, 0, 8, 19223.80, 57594100, 1041
3099, 17, 277, 662, 269, 0, 14.27%, 0, 0, 8, 16014.98, 57679743, 1041
3104, 17, 277, 662, 269, 0, 14.27%, 0, 0, 8, 21916.04, 57796919, 1041
3109, 17, 250, 662, 268, 0, 14.27%, 0, 0, 8, 18237.93, 57886766, 1041
3114, 17, 408, 662, 268, 0, 14.27%, 0, 0, 8, 21865.42, 57992402, 1041
3119, 18, 250, 663, 269, 0, 14.27%, 0, 0, 8, 22323.36, 58100035, 1041
3124, 18, 392, 663, 269, 0, 14.27%, 0, 0, 8, 22172.51, 58219481, 1041
3129, 18, 423, 663, 268, 0, 14.27%, 0, 0, 8, 18522.07, 58310229, 1041
3134, 18, 327, 663, 268, 0, 14.27%, 0, 0, 8, 20941.70, 58426435, 1041
3139, 18, 277, 663, 268, 0, 14.27%, 0, 0, 8, 12853.15, 58479284, 1041
3144, 18, 262, 663, 267, 0, 14.27%, 0, 0, 8, 13912.70, 58541907, 1041
3149, 18, 329, 663, 267, 0, 14.27%, 0, 0, 8, 19280.44, 58649731, 1041
3154, 18, 48, 663, 267, 0, 14.27%, 0, 0, 8, 15803.86, 58722182, 1041
3160, 18, 417, 663, 266, 0, 14.27%, 0, 0, 8, 21058.49, 58834969, 1041
3165, 18, 417, 663, 266, 0, 14.27%, 0, 0, 8, 21901.81, 58941769, 1041
3170, 18, 281, 663, 266, 0, 14.27%, 0, 0, 8, 25055.42, 59077725, 1041
3175, 18, 250, 663, 266, 0, 14.27%, 0, 0, 8, 21020.32, 59168028, 1041
3180, 18, 448, 663, 266, 0, 14.27%, 0, 0, 8, 19307.04, 59256698, 1041
3185, 18, 271, 663, 266, 0, 14.27%, 0, 0, 8, 17168.10, 59340292, 1041
3190, 18, 272, 663, 265, 0, 14.27%, 0, 0, 8, 19580.76, 59451486, 1041
3195, 18, 76, 663, 263, 0, 14.27%, 0, 0, 8, 24435.26, 59571905, 1041
3200, 18, 51, 663, 263, 0, 14.27%, 0, 0, 8, 16642.39, 59648537, 1041
3205, 18, 19, 663, 263, 0, 14.27%, 0, 0, 8, 16524.88, 59727360, 1041
3211, 18, 10, 663, 263, 0, 14.27%, 0, 0, 8, 16580.36, 59819115, 1041
3216, 18, 417, 663, 262, 0, 14.27%, 0, 0, 8, 17150.43, 59898621, 1041
3221, 18, 250, 663, 261, 0, 14.27%, 0, 0, 8, 16639.03, 59986118, 1041
3226, 18, 51, 663, 260, 0, 14.27%, 0, 0, 8, 19419.56, 60086432, 1041
3231, 18, 250, 663, 260, 0, 14.27%, 0, 0, 8, 21046.13, 60199170, 1041
3236, 18, 277, 663, 259, 0, 14.27%, 0, 0, 8, 17421.12, 60283015, 1041
3241, 18, 383, 663, 259, 0, 14.27%, 0, 0, 8, 18221.44, 60376621, 1041
3246, 18, 277, 663, 259, 0, 14.27%, 0, 0, 8, 18915.67, 60473749, 1041
3251, 18, 58, 663, 259, 0, 14.27%, 0, 0, 8, 17807.64, 60564359, 1041
3256, 18, 250, 663, 259, 0, 14.27%, 0, 0, 8, 22264.52, 60677171, 1041
3261, 18, 327, 663, 259, 0, 14.27%, 0, 0, 8, 18356.51, 60777806, 1041
3266, 18, 80, 663, 259, 0, 14.27%, 0, 0, 8, 21327.42, 60838067, 1041
3272, 18, 257, 663, 259, 0, 14.27%, 0, 0, 8, 3701.89, 60873285, 1041
3277, 18, 329, 663, 259, 0, 14.27%, 0, 0, 8, 18229.01, 60974087, 1041
3282, 18, 48, 663, 259, 0, 14.27%, 0, 0, 8, 15517.40, 61059318, 1041
3287, 18, 48, 663, 259, 0, 14.27%, 0, 0, 8, 19587.44, 61163222, 1041
3292, 19, 277, 664, 260, 0, 14.27%, 0, 0, 8, 19530.63, 61266194, 1041
3297, 19, 277, 664, 260, 0, 14.27%, 0, 0, 8, 22298.61, 61381587, 1041
3302, 19, 408, 664, 260, 0, 14.27%, 0, 0, 8, 19822.69, 61484315, 1041
3307, 19, 278, 664, 258, 0, 14.27%, 0, 0, 8, 18994.82, 61578449, 1041
3312, 19, 11, 664, 257, 0, 14.27%, 0, 0, 8, 22633.11, 61695421, 1041
3317, 19, 383, 664, 256, 0, 14.27%, 0, 0, 8, 22229.13, 61811143, 1041
3323, 19, 282, 664, 255, 0, 14.27%, 0, 0, 8, 19495.69, 61909865, 1041
3328, 19, 423, 664, 255, 0, 14.27%, 0, 0, 8, 25212.08, 62036990, 1041
3333, 19, 277, 664, 255, 0, 14.27%, 0, 0, 8, 21084.43, 62141260, 1041
3338, 19, 277, 664, 254, 0, 14.27%, 0, 0, 8, 22381.58, 62262377, 1041
3343, 19, 93, 664, 254, 0, 14.27%, 0, 0, 8, 24583.24, 62390234, 1041
3348, 19, 277, 664, 254, 0, 14.27%, 0, 0, 8, 23238.24, 62505507, 1041
3353, 19, 157, 664, 252, 0, 14.27%, 0, 0, 8, 21657.84, 62609160, 1041
3358, 19, 327, 664, 251, 0, 14.27%, 0, 0, 8, 22676.93, 62722800, 1041
3364, 19, 408, 664, 251, 0, 14.27%, 0, 0, 8, 25142.91, 62858438, 1041
3369, 19, 91, 664, 250, 0, 14.27%, 0, 0, 8, 23504.74, 62969612, 1041
3374, 19, 278, 664, 250, 0, 14.27%, 0, 0, 8, 24213.70, 63085547, 1041
3379, 19, 93, 664, 247, 0, 14.27%, 0, 0, 8, 20412.93, 63188648, 1041
3384, 19, 250, 664, 247, 0, 14.27%, 0, 0, 8, 20739.52, 63291342, 1041
3389, 19, 329, 664, 247, 0, 14.27%, 0, 0, 8, 20971.15, 63406505, 1041
3394, 19, 105, 664, 247, 0, 14.27%, 0, 0, 8, 21665.01, 63514186, 1041
3400, 19, 242, 664, 247, 0, 14.27%, 0, 0, 8, 22100.70, 63629091, 1041
3405, 19, 408, 664, 247, 0, 14.27%, 0, 0, 8, 23052.08, 63743869, 1041
3410, 19, 277, 664, 247, 0, 14.27%, 0, 0, 8, 24018.04, 63870347, 1041
3415, 19, 417, 664, 247, 0, 14.27%, 0, 0, 8, 22348.36, 63977118, 1041
3420, 19, 19, 664, 247, 0, 14.27%, 0, 0, 8, 21545.81, 64096150, 1041
3425, 19, 327, 664, 247, 0, 14.27%, 0, 0, 8, 21978.58, 64205334, 1041
3430, 20, 19, 665, 247, 0, 14.27%, 0, 0, 8, 12643.98, 64306939, 1041
3435, 20, 20, 665, 247, 0, 14.27%, 0, 0, 8, 22701.44, 64431874, 1041
3440, 20, 408, 665, 247, 0, 14.27%, 0, 0, 8, 20976.88, 64540600, 1041
3446, 20, 250, 665, 247, 0, 14.27%, 0, 0, 8, 21819.24, 64650493, 1041
3451, 20, 250, 665, 247, 0, 14.27%, 0, 0, 8, 19293.38, 64751575, 1041
3456, 20, 277, 665, 246, 0, 14.27%, 0, 0, 8, 20795.98, 64855732, 1041
3461, 20, 93, 665, 246, 0, 14.27%, 0, 0, 8, 23187.05, 64975800, 1041
3466, 20, 16, 665, 246, 0, 14.27%, 0, 0, 8, 22103.92, 65086879, 1041
3471, 20, 277, 665, 246, 0, 14.27%, 0, 0, 8, 20780.74, 65188854, 1041
3476, 20, 93, 665, 246, 0, 14.27%, 0, 0, 8, 20562.98, 65290996, 1041
3481, 20, 44, 665, 246, 0, 14.27%, 0, 0, 8, 20365.49, 65400535, 1041
3486, 20, 250, 665, 245, 0, 14.27%, 0, 0, 8, 20660.78, 65504021, 1041
3491, 20, 51, 665, 244, 0, 14.27%, 0, 0, 8, 23510.49, 65635145, 1041
3496, 20, 252, 665, 244, 0, 14.27%, 0, 0, 8, 23945.87, 65756978, 1041
3501, 20, 328, 665, 243, 0, 14.27%, 0, 0, 8, 21916.94, 65873154, 1041
3507, 20, 329, 665, 243, 0, 14.27%, 0, 0, 8, 23493.76, 65995911, 1041
3512, 20, 250, 665, 243, 0, 14.27%, 0, 0, 8, 21170.18, 66104239, 1041
3517, 20, 277, 665, 242, 0, 14.27%, 0, 0, 8, 22878.94, 66224027, 1041
3522, 20, 252, 665, 242, 0, 14.27%, 0, 0, 8, 22985.34, 66342199, 1041
3527, 20, 258, 665, 241, 0, 14.27%, 0, 0, 8, 21662.80, 66445029, 1041
3532, 20, 258, 665, 241, 0, 14.27%, 0, 0, 8, 21379.38, 66556104, 1041
3537, 20, 93, 665, 241, 0, 14.27%, 0, 0, 8, 22273.26, 66675424, 1041
3542, 20, 423, 665, 241, 0, 14.27%, 0, 0, 8, 18928.49, 66775308, 1041
3547, 20, 311, 665, 241, 0, 14.27%, 0, 0, 8, 21556.35, 66885031, 1041
3552, 20, 621, 665, 240, 0, 14.27%, 0, 0, 8, 4139.25, 66984839, 1041
3557, 20, 250, 665, 239, 0, 14.27%, 0, 0, 8, 24963.40, 67101508, 1041
3562, 20, 277, 665, 239, 0, 14.27%, 0, 0, 8, 20074.03, 67204220, 1041
3567, 21, 462, 666, 240, 0, 14.27%, 0, 0, 8, 23167.94, 67323427, 1041
3572, 21, 329, 666, 240, 0, 14.27%, 0, 0, 8, 19696.37, 67419230, 1041
3577, 21, 243, 666, 240, 0, 14.27%, 0, 0, 8, 22936.15, 67539216, 1041
3582, 21, 250, 666, 240, 0, 14.27%, 0, 0, 8, 21078.87, 67650020, 1041
3587, 21, 282, 666, 240, 0, 14.27%, 0, 0, 8, 23321.91, 67773095, 1041
3593, 21, 383, 666, 240, 0, 14.27%, 0, 0, 8, 22108.73, 67892845, 1041
3595, 21, 397, 666, 240, 0, 14.27%, 0, 0, 8, 21206.21, 67930732, 1041
