# relative_time, cycles_done, cur_item, corpus_count, pending_total, pending_favs, map_size, saved_crashes, saved_hangs, max_depth, execs_per_sec, total_execs, edges_found
61, 0, 129, 296, 279, 160, 14.61%, 0, 0, 6, 10893.31, 655926, 2287
66, 0, 279, 303, 285, 160, 15.11%, 0, 0, 7, 11701.86, 714787, 2364
71, 0, 279, 314, 296, 160, 15.50%, 0, 0, 7, 11571.77, 772031, 2425
76, 0, 304, 328, 309, 174, 15.99%, 0, 0, 8, 11301.65, 828806, 2503
81, 0, 304, 331, 312, 174, 16.06%, 0, 0, 8, 11014.09, 884832, 2513
86, 0, 273, 338, 317, 183, 16.09%, 0, 0, 8, 11198.86, 941389, 2518
91, 0, 186, 358, 336, 182, 16.21%, 0, 0, 8, 12045.70, 1003878, 2536
96, 0, 318, 369, 344, 183, 16.26%, 0, 0, 9, 11643.18, 1062718, 2545
101, 0, 318, 380, 355, 183, 16.37%, 0, 0, 9, 10887.01, 1118002, 2562
106, 0, 104, 384, 357, 187, 16.40%, 0, 0, 9, 11058.16, 1175068, 2566
111, 0, 104, 392, 365, 187, 16.40%, 0, 0, 9, 11744.18, 1235407, 2566
116, 0, 330, 399, 371, 186, 16.42%, 0, 0, 9, 11446.33, 1292975, 2570
121, 0, 70, 399, 366, 182, 16.42%, 0, 0, 9, 11630.27, 1351538, 2570
127, 0, 360, 415, 379, 179, 16.45%, 0, 0, 9, 12384.80, 1416869, 2575
132, 0, 333, 423, 382, 176, 16.85%, 0, 0, 9, 11590.80, 1474179, 2637
137, 0, 333, 429, 388, 176, 16.93%, 0, 0, 9, 11854.79, 1535009, 2650
142, 0, 50, 434, 392, 185, 16.98%, 0, 0, 9, 11902.96, 1596584, 2657
147, 0, 424, 471, 427, 183, 17.72%, 0, 0, 10, 11582.00, 1655195, 2773
152, 0, 424, 480, 436, 183, 17.76%, 0, 0, 10, 11621.98, 1715291, 2779
157, 0, 372, 494, 449, 209, 17.76%, 0, 0, 10, 11373.61, 1773189, 2779
162, 0, 372, 500, 455, 209, 17.76%, 0, 0, 10, 11640.67, 1831544, 2779
167, 0, 206, 502, 453, 206, 17.76%, 0, 0, 10, 11517.16, 1891444, 2779
172, 0, 459, 506, 454, 203, 17.80%, 0, 0, 11, 11385.32, 1949146, 2786
177, 0, 459, 509, 457, 203, 17.81%, 0, 0, 11, 11402.26, 2006520, 2787
182, 0, 238, 512, 459, 206, 17.82%, 0, 0, 11, 11939.41, 2065623, 2788
187, 0, 238, 514, 461, 206, 17.84%, 0, 0, 11, 11946.92, 2126970, 2791
192, 0, 354, 520, 464, 204, 17.84%, 0, 0, 11, 10940.39, 2181191, 2791
198, 0, 316, 521, 462, 201, 17.84%, 0, 0, 11, 9607.61, 2230160, 2791
203, 0, 487, 524, 460, 198, 17.92%, 0, 0, 11, 10778.93, 2285482, 2804
208, 0, 487, 527, 463, 198, 17.96%, 0, 0, 11, 11248.13, 2341484, 2810
213, 0, 343, 532, 464, 195, 18.10%, 0, 0, 11, 11507.54, 2399436, 2833
218, 0, 509, 539, 470, 199, 18.17%, 0, 0, 12, 10960.91, 2455515, 2844
223, 0, 509, 548, 479, 199, 18.20%, 0, 0, 12, 11453.29, 2515713, 2848
228, 0, 349, 552, 481, 200, 18.20%, 0, 0, 12, 12208.80, 2579155, 2848
233, 0, 41, 553, 477, 195, 18.21%, 0, 0, 12, 11972.41, 2638865, 2849
238, 0, 320, 554, 472, 189, 18.21%, 0, 0, 12, 11525.88, 2695361, 2849
243, 0, 243, 555, 471, 187, 18.32%, 0, 0, 12, 11576.90, 2753632, 2867
248, 0, 337, 558, 471, 185, 18.32%, 0, 0, 12, 10963.88, 2809963, 2867
253, 0, 337, 567, 480, 185, 18.34%, 0, 0, 12, 10397.07, 2861491, 2870
258, 0, 521, 569, 481, 184, 18.35%, 0, 0, 12, 10110.11, 2911751, 2872
263, 0, 521, 573, 485, 184, 18.44%, 0, 0, 12, 11486.30, 2970436, 2885
269, 0, 327, 576, 485, 186, 18.44%, 0, 0, 12, 11482.79, 3031217, 2885
272, 0, 534, 581, 489, 185, 18.59%, 1, 0, 12, 11790.85, 3066108, 2909
