# relative_time, cycles_done, cur_item, corpus_count, pending_total, pending_favs, map_size, saved_crashes, saved_hangs, max_depth, execs_per_sec, total_execs, edges_found
61, 0, 208, 277, 260, 61, 14.18%, 0, 0, 5, 18488.32, 1276504, 1035
66, 0, 231, 287, 269, 61, 14.21%, 0, 0, 5, 24976.08, 1415969, 1037
71, 0, 164, 299, 280, 59, 14.21%, 0, 0, 5, 23156.35, 1524648, 1037
76, 0, 265, 316, 292, 55, 14.27%, 0, 0, 6, 26819.70, 1670204, 1041
81, 0, 150, 323, 298, 54, 14.27%, 0, 0, 6, 22530.08, 1780839, 1041
87, 0, 203, 332, 304, 51, 14.27%, 0, 0, 6, 28528.66, 1940909, 1041
92, 0, 103, 338, 308, 49, 14.27%, 0, 0, 6, 24158.02, 2060147, 1041
97, 0, 108, 347, 313, 47, 14.27%, 0, 0, 6, 27783.38, 2198318, 1041
102, 0, 287, 363, 325, 43, 14.27%, 0, 0, 6, 22184.59, 2295898, 1041
107, 0, 40, 368, 327, 41, 14.27%, 0, 0, 6, 26196.25, 2433328, 1041
112, 0, 171, 374, 320, 29, 14.27%, 0, 0, 6, 19133.13, 2513899, 1041
117, 0, 236, 383, 323, 23, 14.27%, 0, 0, 6, 18761.14, 2602197, 1041
122, 0, 310, 396, 328, 18, 14.27%, 0, 0, 6, 22430.77, 2710346, 1041
127, 0, 392, 405, 330, 11, 14.27%, 0, 0, 6, 21064.94, 2805373, 1041
132, 0, 237, 409, 326, 3, 14.27%, 0, 0, 7, 17254.57, 2875654, 1041
137, 0, 237, 414, 331, 3, 14.27%, 0, 0, 7, 22317.39, 2987125, 1041
143, 0, 346, 415, 331, 3, 14.27%, 0, 0, 7, 18794.02, 3072431, 1041
148, 0, 231, 418, 328, 0, 14.27%, 0, 0, 7, 20804.49, 3181395, 1041
153, 0, 124, 422, 332, 0, 14.27%, 0, 0, 7, 20042.39, 3275512, 1041
158, 0, 173, 424, 334, 0, 14.27%, 0, 0, 7, 17190.90, 3358202, 1041
163, 0, 163, 425, 335, 0, 14.27%, 0, 0, 7, 22197.92, 3461992, 1041
168, 0, 203, 427, 337, 0, 14.27%, 0, 0, 7, 18643.60, 3553473, 1041
173, 0, 108, 427, 337, 0, 14.27%, 0, 0, 7, 19469.59, 3644813, 1041
178, 0, 231, 427, 337, 0, 14.27%, 0, 0, 7, 16467.16, 3732783, 1041
183, 0, 231, 431, 341, 0, 14.27%, 0, 0, 7, 17772.45, 3816117, 1041
188, 0, 162, 431, 341, 0, 14.27%, 0, 0, 7, 19290.14, 3929775, 1041
193, 0, 157, 433, 343, 0, 14.27%, 0, 0, 7, 16984.16, 4010295, 1041
198, 0, 162, 433, 343, 0, 14.27%, 0, 0, 7, 18250.10, 4107829, 1041
203, 0, 174, 433, 343, 0, 14.27%, 0, 0, 7, 18725.08, 4197252, 1041
208, 0, 124, 437, 346, 0, 14.27%, 0, 0, 7, 5479.52, 4286658, 1041
214, 0, 231, 437, 346, 0, 14.27%, 0, 0, 7, 13203.06, 4370685, 1041
219, 0, 20, 439, 348, 0, 14.27%, 0, 0, 7, 19721.15, 4485243, 1041
224, 0, 231, 440, 349, 0, 14.27%, 0, 0, 7, 17288.33, 4577471, 1041
229, 0, 124, 441, 350, 0, 14.27%, 0, 0, 7, 20033.37, 4680098, 1041
234, 1, 308, 441, 350, 0, 14.27%, 0, 0, 7, 16681.61, 4765175, 1041
239, 1, 203, 441, 349, 0, 14.27%, 0, 0, 7, 16093.64, 4847305, 1041
244, 1, 138, 442, 348, 0, 14.27%, 0, 0, 7, 20475.75, 4948804, 1041
249, 1, 157, 442, 348, 0, 14.27%, 0, 0, 7, 16474.63, 5028123, 1041
254, 1, 162, 442, 347, 0, 14.27%, 0, 0, 7, 19811.59, 5129791, 1041
259, 1, 338, 444, 347, 0, 14.27%, 0, 0, 7, 20562.18, 5245519, 1041
264, 1, 162, 445, 347, 0, 14.27%, 0, 0, 7, 20152.20, 5334913, 1041
269, 1, 20, 445, 346, 0, 14.27%, 0, 0, 7, 16641.42, 5415213, 1041
275, 1, 209, 446, 344, 0, 14.27%, 0, 0, 7, 16029.82, 5494893, 1041
280, 1, 209, 448, 346, 0, 14.27%, 0, 0, 7, 7741.07, 5599629, 1041
285, 1, 164, 448, 346, 0, 14.27%, 0, 0, 7, 17714.88, 5700371, 1041
290, 1, 209, 448, 346, 0, 14.27%, 0, 0, 7, 17419.10, 5790844, 1041
295, 1, 160, 449, 346, 0, 14.27%, 0, 0, 7, 18807.29, 5897340, 1041
300, 1, 309, 449, 346, 0, 14.27%, 0, 0, 7, 15745.97, 5977476, 1041
305, 1, 60, 449, 345, 0, 14.27%, 0, 0, 7, 16757.36, 6065971, 1041
310, 1, 124, 451, 346, 0, 14.27%, 0, 0, 7, 15883.98, 6136712, 1041
315, 1, 20, 452, 345, 0, 14.27%, 0, 0, 7, 20488.40, 6244509, 1041
320, 1, 415, 459, 352, 0, 14.27%, 0, 0, 7, 13827.24, 6304747, 1041
326, 1, 415, 459, 352, 0, 14.27%, 0, 0, 7, 17489.58, 6397205, 1041
331, 1, 231, 459, 351, 0, 14.27%, 0, 0, 7, 16838.52, 6480765, 1041
336, 1, 231, 459, 350, 0, 14.27%, 0, 0, 7, 15942.08, 6559359, 1041
341, 1, 163, 459, 350, 0, 14.27%, 0, 0, 7, 18014.80, 6664513, 1041
346, 1, 63, 459, 349, 0, 14.27%, 0, 0, 7, 15886.23, 6751813, 1041
351, 2, 308, 553, 441, 0, 14.27%, 0, 0, 7, 16108.78, 6838424, 1041
356, 2, 209, 553, 439, 0, 14.27%, 0, 0, 7, 17369.97, 6922211, 1041
361, 2, 124, 553, 438, 0, 14.27%, 0, 0, 7, 15607.63, 6999939, 1041
366, 2, 124, 554, 436, 0, 14.27%, 0, 0, 7, 17348.71, 7083657, 1041
371, 2, 191, 554, 436, 0, 14.27%, 0, 0, 7, 16216.94, 7165229, 1041
377, 2, 434, 554, 436, 0, 14.27%, 0, 0, 7, 17810.65, 7261256, 1041
382, 2, 174, 554, 436, 0, 14.27%, 0, 0, 7, 15561.91, 7333982, 1041
387, 2, 108, 554, 436, 0, 14.27%, 0, 0, 7, 19471.58, 7438732, 1041
392, 2, 231, 554, 436, 0, 14.27%, 0, 0, 7, 15113.91, 7514420, 1041
397, 2, 162, 554, 435, 0, 14.27%, 0, 0, 7, 15861.50, 7593174, 1041
402, 2, 308, 555, 432, 0, 14.27%, 0, 0, 7, 14961.68, 7666222, 1041
407, 2, 434, 555, 430, 0, 14.27%, 0, 0, 7, 15664.38, 7743910, 1041
412, 2, 162, 555, 429, 0, 14.27%, 0, 0, 7, 19422.03, 7836719, 1041
418, 2, 70, 555, 428, 0, 14.27%, 0, 0, 7, 19481.68, 7940213, 1041
423, 2, 308, 555, 427, 0, 14.27%, 0, 0, 7, 16166.57, 8013330, 1041
428, 2, 164, 555, 426, 0, 14.27%, 0, 0, 7, 17056.65, 8096610, 1041
433, 2, 308, 555, 424, 0, 14.27%, 0, 0, 7, 16597.29, 8176981, 1041
438, 2, 174, 555, 424, 0, 14.27%, 0, 0, 7, 18384.64, 8272835, 1041
443, 2, 163, 555, 424, 0, 14.27%, 0, 0, 7, 19493.73, 8369489, 1041
448, 2, 173, 555, 424, 0, 14.27%, 0, 0, 7, 18097.97, 8460526, 1041
453, 2, 126, 555, 424, 0, 14.27%, 0, 0, 7, 17253.14, 8544817, 1041
458, 2, 308, 555, 423, 0, 14.27%, 0, 0, 7, 14993.95, 8618071, 1041
463, 2, 157, 555, 423, 0, 14.27%, 0, 0, 7, 17597.08, 8709169, 1041
468, 2, 163, 555, 421, 0, 14.27%, 0, 0, 7, 16963.22, 8792000, 1041
473, 2, 162, 555, 419, 0, 14.27%, 0, 0, 7, 17349.52, 8876154, 1041
478, 2, 208, 555, 417, 0, 14.27%, 0, 0, 7, 17266.76, 8966671, 1041
483, 3, 209, 577, 438, 0, 14.27%, 0, 0, 7, 13892.14, 9031757, 1041
489, 3, 194, 577, 437, 0, 14.27%, 0, 0, 7, 14486.55, 9113872, 1041
494, 3, 163, 577, 436, 0, 14.27%, 0, 0, 7, 15603.72, 9192677, 1041
499, 3, 209, 577, 435, 0, 14.27%, 0, 0, 7, 15253.24, 9275304, 1041
504, 3, 384, 577, 435, 0, 14.27%, 0, 0, 7, 16773.35, 9363578, 1041
509, 3, 164, 577, 433, 0, 14.27%, 0, 0, 7, 16879.33, 9451038, 1041
514, 3, 124, 577, 433, 0, 14.27%, 0, 0, 7, 17073.43, 9538368, 1041
519, 3, 60, 577, 433, 0, 14.27%, 0, 0, 7, 15423.78, 9617672, 1041
524, 3, 162, 577, 433, 0, 14.27%, 0, 0, 7, 18645.90, 9713294, 1041
530, 3, 166, 577, 433, 0, 14.27%, 0, 0, 7, 16281.70, 9800369, 1041
535, 3, 373, 577, 431, 0, 14.27%, 0, 0, 7, 17161.86, 9882710, 1041
540, 3, 203, 577, 431, 0, 14.27%, 0, 0, 7, 16691.11, 9972456, 1041
545, 3, 209, 577, 431, 0, 14.27%, 0, 0, 7, 18580.43, 10065701, 1041
550, 3, 308, 577, 431, 0, 14.27%, 0, 0, 7, 16996.09, 10151220, 1041
555, 3, 209, 577, 429, 0, 14.27%, 0, 0, 7, 19721.26, 10247565, 1041
560, 3, 162, 577, 428, 0, 14.27%, 0, 0, 7, 15044.82, 10314528, 1041
565, 3, 308, 577, 428, 0, 14.27%, 0, 0, 7, 16830.02, 10402416, 1041
570, 3, 209, 577, 428, 0, 14.27%, 0, 0, 7, 18198.92, 10504830, 1041
575, 3, 124, 577, 428, 0, 14.27%, 0, 0, 7, 15408.40, 10578383, 1041
580, 3, 164, 577, 428, 0, 14.27%, 0, 0, 7, 13869.24, 10648947, 1041
586, 3, 191, 577, 428, 0, 14.27%, 0, 0, 7, 18568.32, 10746433, 1041
591, 3, 209, 577, 428, 0, 14.27%, 0, 0, 7, 16558.77, 10831416, 1041
596, 3, 157, 577, 427, 0, 14.27%, 0, 0, 7, 19552.02, 10941751, 1041
601, 3, 164, 577, 425, 0, 14.27%, 0, 0, 7, 16312.04, 11015691, 1041
606, 3, 157, 577, 424, 0, 14.27%, 0, 0, 7, 18504.08, 11112478, 1041
611, 3, 209, 577, 424, 0, 14.27%, 0, 0, 7, 15104.95, 11182724, 1041
616, 3, 103, 577, 423, 0, 14.27%, 0, 0, 7, 19206.98, 11294085, 1041
621, 3, 231, 577, 422, 0, 14.27%, 0, 0, 7, 14799.93, 11367445, 1041
626, 3, 194, 577, 421, 0, 14.27%, 0, 0, 7, 19742.45, 11477601, 1041
631, 4, 308, 585, 428, 0, 14.27%, 0, 0, 7, 15603.38, 11554653, 1041
636, 4, 162, 585, 428, 0, 14.27%, 0, 0, 7, 19740.08, 11655834, 1041
641, 4, 174, 585, 426, 0, 14.27%, 0, 0, 7, 18030.81, 11735058, 1041
646, 4, 150, 585, 426, 0, 14.27%, 0, 0, 7, 18551.36, 11834009, 1041
651, 4, 238, 585, 426, 0, 14.27%, 0, 0, 7, 15612.48, 11907159, 1041
656, 4, 160, 585, 425, 0, 14.27%, 0, 0, 7, 17935.54, 11999188, 1041
662, 4, 194, 585, 424, 0, 14.27%, 0, 0, 7, 14523.38, 12067995, 1041
667, 4, 163, 585, 423, 0, 14.27%, 0, 0, 7, 17175.57, 12162597, 1041
672, 4, 121, 585, 423, 0, 14.27%, 0, 0, 7, 14562.19, 12235216, 1041
677, 4, 191, 585, 423, 0, 14.27%, 0, 0, 7, 19615.03, 12331612, 1041
682, 4, 429, 585, 422, 0, 14.27%, 0, 0, 7, 15636.64, 12410663, 1041
687, 4, 443, 585, 421, 0, 14.27%, 0, 0, 7, 18814.50, 12508342, 1041
692, 4, 412, 585, 419, 0, 14.27%, 0, 0, 7, 14592.01, 12582234, 1041
697, 4, 209, 585, 419, 0, 14.27%, 0, 0, 7, 17033.41, 12666503, 1041
702, 4, 162, 585, 418, 0, 14.27%, 0, 0, 7, 13642.46, 12731324, 1041
707, 4, 162, 585, 417, 0, 14.27%, 0, 0, 7, 12688.91, 12796926, 1041
713, 4, 357, 585, 417, 0, 14.27%, 0, 0, 7, 13947.66, 12870945, 1041
718, 4, 308, 585, 417, 0, 14.27%, 0, 0, 7, 17719.41, 12969052, 1041
723, 4, 162, 585, 417, 0, 14.27%, 0, 0, 7, 16499.29, 13040520, 1041
728, 4, 209, 585, 416, 0, 14.27%, 0, 0, 7, 18029.19, 13134101, 1041
733, 4, 174, 585, 416, 0, 14.27%, 0, 0, 7, 16950.55, 13211551, 1041
738, 4, 162, 585, 416, 0, 14.27%, 0, 0, 7, 18646.46, 13316069, 1041
743, 4, 174, 585, 415, 0, 14.27%, 0, 0, 7, 18355.11, 13403343, 1041
748, 4, 157, 585, 415, 0, 14.27%, 0, 0, 7, 14900.96, 13477965, 1041
753, 4, 112, 585, 415, 0, 14.27%, 0, 0, 7, 15965.64, 13558595, 1041
758, 4, 338, 585, 415, 0, 14.27%, 0, 0, 7, 15650.56, 13639629, 1041
763, 4, 162, 585, 415, 0, 14.27%, 0, 0, 7, 16728.33, 13718635, 1041
768, 4, 164, 585, 415, 0, 14.27%, 0, 0, 7, 16186.16, 13806787, 1041
773, 4, 174, 585, 414, 0, 14.27%, 0, 0, 7, 14998.78, 13880921, 1041
779, 4, 103, 585, 414, 0, 14.27%, 0, 0, 7, 17381.73, 13981475, 1041
784, 5, 70, 594, 423, 0, 14.27%, 0, 0, 7, 20349.61, 14078068, 1041
789, 5, 162, 594, 422, 0, 14.27%, 0, 0, 7, 15273.51, 14152755, 1041
794, 5, 173, 594, 422, 0, 14.27%, 0, 0, 7, 18886.28, 14251669, 1041
799, 5, 90, 594, 422, 0, 14.27%, 0, 0, 7, 15931.32, 14339133, 1041
804, 5, 124, 594, 421, 0, 14.27%, 0, 0, 7, 20886.62, 14444725, 1041
809, 5, 412, 594, 420, 0, 14.27%, 0, 0, 7, 17158.11, 14538559, 1041
815, 5, 338, 594, 420, 0, 14.27%, 0, 0, 7, 18483.67, 14630753, 1041
820, 5, 238, 594, 419, 0, 14.27%, 0, 0, 7, 15702.36, 14713362, 1041
825, 5, 157, 594, 418, 0, 14.27%, 0, 0, 7, 21260.57, 14824135, 1041
830, 5, 194, 594, 418, 0, 14.27%, 0, 0, 7, 16210.90, 14902864, 1041
835, 5, 191, 594, 418, 0, 14.27%, 0, 0, 7, 19800.45, 15001216, 1041
840, 5, 63, 594, 417, 0, 14.27%, 0, 0, 7, 17233.29, 15085753, 1041
845, 5, 157, 594, 417, 0, 14.27%, 0, 0, 7, 23366.57, 15212006, 1041
850, 5, 136, 594, 415, 0, 14.27%, 0, 0, 7, 15348.51, 15287286, 1041
855, 5, 209, 594, 414, 0, 14.27%, 0, 0, 7, 16334.44, 15373075, 1041
860, 5, 194, 594, 413, 0, 14.27%, 0, 0, 7, 16917.82, 15463879, 1041
865, 5, 164, 594, 413, 0, 14.27%, 0, 0, 7, 17281.23, 15549174, 1041
870, 5, 231, 594, 412, 0, 14.27%, 0, 0, 7, 15027.06, 15621161, 1041
875, 5, 174, 594, 411, 0, 14.27%, 0, 0, 7, 17556.64, 15712075, 1041
880, 5, 162, 594, 410, 0, 14.27%, 0, 0, 7, 17656.28, 15804482, 1041
885, 5, 209, 594, 410, 0, 14.27%, 0, 0, 7, 20257.57, 15907387, 1041
890, 5, 194, 594, 410, 0, 14.27%, 0, 0, 7, 18112.77, 15996975, 1041
896, 5, 163, 594, 409, 0, 14.27%, 0, 0, 7, 18254.15, 16091516, 1041
901, 5, 308, 594, 409, 0, 14.27%, 0, 0, 7, 17060.28, 16175434, 1041
906, 5, 157, 594, 409, 0, 14.27%, 0, 0, 7, 20894.86, 16285427, 1041
911, 5, 11, 594, 408, 0, 14.27%, 0, 0, 7, 18831.50, 16377624, 1041
916, 5, 162, 594, 408, 0, 14.27%, 0, 0, 7, 22405.53, 16493839, 1041
921, 5, 203, 594, 408, 0, 14.27%, 0, 0, 7, 18877.21, 16573406, 1041
926, 5, 164, 594, 408, 0, 14.27%, 0, 0, 7, 18936.57, 16662795, 1041
931, 6, 231, 597, 411, 0, 14.27%, 0, 0, 7, 16809.27, 16741604, 1041
936, 6, 412, 597, 411, 0, 14.27%, 0, 0, 7, 19142.62, 16834466, 1041
941, 6, 209, 597, 410, 0, 14.27%, 0, 0, 7, 18026.29, 16921003, 1041
946, 6, 162, 597, 410, 0, 14.27%, 0, 0, 7, 20499.68, 17030841, 1041
951, 6, 162, 597, 408, 0, 14.27%, 0, 0, 7, 14645.62, 17096409, 1041
957, 6, 529, 597, 405, 0, 14.27%, 0, 0, 7, 20592.94, 17207605, 1041
962, 6, 174, 597, 404, 0, 14.27%, 0, 0, 7, 17790.98, 17281968, 1041
967, 6, 369, 597, 403, 0, 14.27%, 0, 0, 7, 20442.68, 17389864, 1041
972, 6, 231, 597, 402, 0, 14.27%, 0, 0, 7, 16991.05, 17467533, 1041
977, 6, 310, 597, 402, 0, 14.27%, 0, 0, 7, 20162.40, 17576795, 1041
982, 6, 124, 597, 401, 0, 14.27%, 0, 0, 7, 18576.05, 17658072, 1041
987, 6, 209, 597, 400, 0, 14.27%, 0, 0, 7, 18128.22, 17746269, 1041
992, 6, 231, 597, 399, 0, 14.27%, 0, 0, 7, 17724.01, 17833193, 1041
997, 6, 124, 597, 398, 0, 14.27%, 0, 0, 7, 19786.48, 17938889, 1041
1002, 6, 163, 597, 398, 0, 14.27%, 0, 0, 7, 15294.45, 18011278, 1041
1007, 6, 173, 597, 398, 0, 14.27%, 0, 0, 7, 16379.67, 18095471, 1041
1013, 6, 231, 597, 396, 0, 14.27%, 0, 0, 7, 15803.92, 18174011, 1041
1018, 6, 231, 597, 396, 0, 14.27%, 0, 0, 7, 12856.50, 18238343, 1041
1023, 6, 162, 597, 396, 0, 14.27%, 0, 0, 7, 21553.32, 18346745, 1041
1028, 6, 162, 597, 396, 0, 14.27%, 0, 0, 7, 23845.45, 18467607, 1041
1033, 6, 209, 597, 396, 0, 14.27%, 0, 0, 7, 14664.48, 18526038, 1041
1038, 6, 163, 597, 395, 0, 14.27%, 0, 0, 7, 14552.28, 18595447, 1041
1043, 6, 358, 597, 395, 0, 14.27%, 0, 0, 7, 19256.22, 18694526, 1041
1048, 6, 157, 597, 394, 0, 14.27%, 0, 0, 7, 19154.70, 18801828, 1041
1053, 6, 269, 597, 394, 0, 14.27%, 0, 0, 7, 13035.26, 18865437, 1041
1058, 6, 261, 597, 394, 0, 14.27%, 0, 0, 7, 15013.10, 18947344, 1041
1063, 6, 122, 597, 393, 0, 14.27%, 0, 0, 7, 16875.41, 19036593, 1041
1069, 6, 83, 597, 393, 0, 14.27%, 0, 0, 7, 18352.85, 19149257, 1041
1074, 6, 231, 597, 392, 0, 14.27%, 0, 0, 7, 18078.24, 19242362, 1041
1079, 6, 103, 597, 392, 0, 14.27%, 0, 0, 7, 17092.08, 19331677, 1041
1084, 6, 162, 597, 392, 0, 14.27%, 0, 0, 7, 20840.91, 19431257, 1041
1089, 6, 191, 597, 391, 0, 14.27%, 0, 0, 7, 20415.82, 19540535, 1041
1094, 6, 124, 597, 389, 0, 14.27%, 0, 0, 7, 18273.93, 19631144, 1041
1099, 7, 162, 601, 393, 0, 14.27%, 0, 0, 7, 16925.49, 19716490, 1041
1104, 7, 162, 601, 393, 0, 14.27%, 0, 0, 7, 19826.99, 19814577, 1041
1109, 7, 162, 601, 392, 0, 14.27%, 0, 0, 7, 18368.50, 19917873, 1041
1114, 7, 163, 601, 392, 0, 14.27%, 0, 0, 7, 16504.53, 19998047, 1041
1120, 7, 231, 601, 391, 0, 14.27%, 0, 0, 7, 15271.66, 20083925, 1041
1125, 7, 164, 601, 390, 0, 14.27%, 0, 0, 7, 20291.53, 20195617, 1041
1130, 7, 163, 601, 390, 0, 14.27%, 0, 0, 7, 17717.21, 20292807, 1041
1135, 7, 163, 601, 388, 0, 14.27%, 0, 0, 7, 17239.56, 20379649, 1041
1140, 7, 162, 601, 388, 0, 14.27%, 0, 0, 7, 20263.12, 20489317, 1041
1145, 7, 162, 601, 388, 0, 14.27%, 0, 0, 7, 20152.27, 20591565, 1041
1150, 7, 163, 601, 387, 0, 14.27%, 0, 0, 7, 17476.97, 20669633, 1041
1156, 7, 194, 601, 387, 0, 14.27%, 0, 0, 7, 17672.54, 20758299, 1041
1161, 7, 163, 601, 387, 0, 14.27%, 0, 0, 7, 13891.15, 20826654, 1041
1166, 7, 160, 601, 387, 0, 14.27%, 0, 0, 7, 14425.98, 20905671, 1041
1171, 7, 157, 601, 387, 0, 14.27%, 0, 0, 7, 13135.08, 20981556, 1041
1176, 7, 44, 601, 386, 0, 14.27%, 0, 0, 7, 18121.26, 21064142, 1041
1181, 7, 225, 601, 386, 0, 14.27%, 0, 0, 7, 17594.00, 21146900, 1041
1186, 7, 209, 601, 385, 0, 14.27%, 0, 0, 7, 20046.27, 21247343, 1041
1191, 7, 174, 601, 384, 0, 14.27%, 0, 0, 7, 17094.21, 21322867, 1041
1196, 7, 173, 601, 384, 0, 14.27%, 0, 0, 7, 20631.34, 21432433, 1041
1201, 7, 174, 601, 384, 0, 14.27%, 0, 0, 7, 17583.48, 21509090, 1041
1206, 7, 231, 601, 384, 0, 14.27%, 0, 0, 7, 21435.67, 21619955, 1041
1211, 7, 162, 601, 384, 0, 14.27%, 0, 0, 7, 19244.36, 21706046, 1041
1217, 7, 174, 601, 383, 0, 14.27%, 0, 0, 7, 18229.88, 21794327, 1041
1222, 7, 231, 601, 382, 0, 14.27%, 0, 0, 7, 18051.57, 21883929, 1041
1227, 7, 163, 601, 382, 0, 14.27%, 0, 0, 7, 24930.60, 22008971, 1041
1232, 7, 316, 601, 381, 0, 14.27%, 0, 0, 7, 21302.64, 22110878, 1041
1237, 7, 164, 601, 381, 0, 14.27%, 0, 0, 7, 18561.09, 22199641, 1041
1242, 7, 316, 601, 381, 0, 14.27%, 0, 0, 7, 13325.19, 22262934, 1041
1247, 8, 93, 606, 385, 0, 14.27%, 0, 0, 7, 19271.00, 22364317, 1041
1252, 8, 338, 606, 385, 0, 14.27%, 0, 0, 7, 19561.68, 22445301, 1041
1257, 8, 157, 606, 385, 0, 14.27%, 0, 0, 7, 16295.80, 22523611, 1041
1262, 8, 162, 606, 383, 0, 14.27%, 0, 0, 7, 15728.09, 22597205, 1041
1268, 8, 162, 606, 382, 0, 14.27%, 0, 0, 7, 17092.13, 22688533, 1041
1273, 8, 194, 606, 382, 0, 14.27%, 0, 0, 7, 14807.25, 22756192, 1041
1278, 8, 412, 606, 379, 0, 14.27%, 0, 0, 7, 17069.55, 22842057, 1041
1283, 8, 124, 606, 379, 0, 14.27%, 0, 0, 7, 15647.83, 22914519, 1041
1288, 8, 373, 606, 379, 0, 14.27%, 0, 0, 7, 20014.47, 23016196, 1041
1293, 8, 194, 606, 379, 0, 14.27%, 0, 0, 7, 14552.76, 23082945, 1041
1298, 8, 49, 606, 379, 0, 14.27%, 0, 0, 7, 15374.52, 23164830, 1041
1303, 8, 209, 606, 378, 0, 14.27%, 0, 0, 7, 18377.23, 23260058, 1041
1309, 8, 357, 606, 378, 0, 14.27%, 0, 0, 7, 17602.39, 23355517, 1041
1314, 8, 122, 606, 377, 0, 14.27%, 0, 0, 7, 19640.70, 23450656, 1041
1319, 8, 214, 606, 376, 0, 14.27%, 0, 0, 7, 16792.39, 23537204, 1041
1324, 8, 164, 606, 375, 0, 14.27%, 0, 0, 7, 17172.08, 23616546, 1041
1329, 8, 231, 606, 375, 0, 14.27%, 0, 0, 7, 16250.81, 23701826, 1041
1334, 8, 194, 606, 374, 0, 14.27%, 0, 0, 7, 19211.51, 23800866, 1041
1339, 8, 287, 606, 374, 0, 14.27%, 0, 0, 7, 17861.85, 23891616, 1041
1344, 8, 174, 606, 374, 0, 14.27%, 0, 0, 7, 22478.64, 24002501, 1041
1349, 8, 194, 606, 374, 0, 14.27%, 0, 0, 7, 19068.52, 24101701, 1041
1354, 8, 162, 606, 374, 0, 14.27%, 0, 0, 7, 17221.02, 24183559, 1041
1359, 8, 307, 606, 373, 0, 14.27%, 0, 0, 7, 16957.29, 24273105, 1041
1364, 8, 107, 606, 372, 0, 14.27%, 0, 0, 7, 20288.25, 24379224, 1041
1370, 8, 384, 606, 372, 0, 14.27%, 0, 0, 7, 16738.52, 24467022, 1041
1375, 8, 124, 606, 371, 0, 14.27%, 0, 0, 7, 15608.15, 24545036, 1041
1380, 8, 250, 606, 371, 0, 14.27%, 0, 0, 7, 16997.50, 24641822, 1041
1385, 8, 231, 606, 369, 0, 14.27%, 0, 0, 7, 19116.82, 24733014, 1041
1390, 8, 162, 606, 369, 0, 14.27%, 0, 0, 7, 15901.05, 24815081, 1041
1395, 8, 162, 606, 369, 0, 14.27%, 0, 0, 7, 17384.35, 24902634, 1041
1400, 8, 270, 606, 368, 0, 14.27%, 0, 0, 7, 18304.56, 25001276, 1041
1405, 9, 162, 611, 373, 0, 14.27%, 0, 0, 7, 20648.11, 25104704, 1041
1410, 9, 122, 611, 372, 0, 14.27%, 0, 0, 7, 17639.39, 25193012, 1041
1415, 9, 209, 611, 371, 0, 14.27%, 0, 0, 7, 17538.25, 25278332, 1041
1420, 9, 358, 611, 370, 0, 14.27%, 0, 0, 7, 15309.23, 25362495, 1041
1425, 9, 589, 611, 370, 0, 14.27%, 0, 0, 7, 17428.09, 25455327, 1041
1430, 9, 478, 611, 369, 0, 14.27%, 0, 0, 7, 15338.20, 25531013, 1041
1435, 9, 447, 611, 367, 0, 14.27%, 0, 0, 7, 14456.32, 25611538, 1041
1441, 9, 269, 611, 365, 0, 14.27%, 0, 0, 7, 18779.01, 25712561, 1041
1446, 9, 316, 611, 365, 0, 14.27%, 0, 0, 7, 19357.17, 25813084, 1041
1451, 9, 203, 611, 365, 0, 14.27%, 0, 0, 7, 17335.96, 25904672, 1041
1456, 9, 209, 611, 363, 0, 14.27%, 0, 0, 7, 18717.74, 26000079, 1041
1461, 9, 439, 611, 363, 0, 14.27%, 0, 0, 7, 16556.20, 26088084, 1041
1466, 9, 231, 611, 362, 0, 14.27%, 0, 0, 7, 17163.04, 26177671, 1041
1471, 9, 63, 611, 361, 0, 14.27%, 0, 0, 7, 16429.34, 26264224, 1041
1476, 9, 231, 611, 360, 0, 14.27%, 0, 0, 7, 14170.04, 26329571, 1041
1481, 9, 231, 611, 360, 0, 14.27%, 0, 0, 7, 16090.01, 26419672, 1041
1486, 9, 392, 611, 359, 0, 14.27%, 0, 0, 7, 20064.86, 26523267, 1041
1492, 9, 231, 611, 359, 0, 14.27%, 0, 0, 7, 17531.74, 26612465, 1041
1497, 9, 309, 611, 359, 0, 14.27%, 0, 0, 7, 20605.89, 26726227, 1041
1502, 9, 162, 611, 359, 0, 14.27%, 0, 0, 7, 20069.13, 26816011, 1041
1507, 9, 63, 611, 359, 0, 14.27%, 0, 0, 7, 19553.35, 26917998, 1041
1512, 9, 103, 611, 358, 0, 14.27%, 0, 0, 7, 18117.26, 27010579, 1041
1517, 9, 70, 611, 358, 0, 14.27%, 0, 0, 7, 19012.25, 27111353, 1041
1522, 9, 191, 611, 358, 0, 14.27%, 0, 0, 7, 19195.71, 27208758, 1041
1527, 9, 231, 611, 358, 0, 14.27%, 0, 0, 7, 20193.38, 27312514, 1041
1532, 9, 207, 611, 357, 0, 14.27%, 0, 0, 7, 15486.83, 27387559, 1041
1537, 9, 162, 611, 356, 0, 14.27%, 0, 0, 7, 16831.08, 27470388, 1041
1543, 9, 174, 611, 356, 0, 14.27%, 0, 0, 7, 15912.63, 27548623, 1041
1548, 9, 162, 611, 356, 0, 14.27%, 0, 0, 7, 18425.83, 27649554, 1041
1553, 10, 309, 621, 366, 0, 14.27%, 0, 0, 7, 16862.86, 27724440, 1041
1558, 10, 209, 621, 365, 0, 14.27%, 0, 0, 7, 20564.62, 27835627, 1041
1563, 10, 124, 621, 365, 0, 14.27%, 0, 0, 7, 17468.07, 27916660, 1041
1568, 10, 162, 621, 365, 0, 14.27%, 0, 0, 7, 18848.56, 28014993, 1041
1573, 10, 269, 621, 365, 0, 14.27%, 0, 0, 7, 17688.97, 28100024, 1041
1578, 10, 203, 621, 365, 0, 14.27%, 0, 0, 7, 18207.58, 28203070, 1041
1583, 10, 269, 622, 365, 0, 14.27%, 0, 0, 7, 15348.83, 28277251, 1041
1588, 10, 306, 622, 365, 0, 14.27%, 0, 0, 7, 17251.32, 28378277, 1041
1594, 10, 481, 622, 365, 0, 14.27%, 0, 0, 7, 15072.69, 28449724, 1041
1599, 10, 70, 622, 363, 0, 14.27%, 0, 0, 7, 14432.90, 28521353, 1041
1604, 10, 209, 622, 363, 0, 14.27%, 0, 0, 7, 16185.93, 28589919, 1041
1609, 10, 175, 622, 362, 0, 14.27%, 0, 0, 7, 17470.08, 28678627, 1041
1614, 10, 103, 622, 362, 0, 14.27%, 0, 0, 7, 13272.45, 28743625, 1041
1619, 10, 336, 622, 362, 0, 14.27%, 0, 0, 7, 15896.56, 28829319, 1041
1624, 10, 174, 622, 361, 0, 14.27%, 0, 0, 7, 16326.77, 28907348, 1041
1629, 10, 124, 622, 360, 0, 14.27%, 0, 0, 7, 14681.13, 28982903, 1041
1634, 10, 20, 622, 359, 0, 14.27%, 0, 0, 7, 13846.18, 29051042, 1041
1639, 10, 316, 622, 358, 0, 14.27%, 0, 0, 7, 14287.19, 29131911, 1041
1644, 10, 20, 622, 357, 0, 14.27%, 0, 0, 7, 14796.02, 29183042, 1041
1649, 10, 162, 622, 356, 0, 14.27%, 0, 0, 7, 13297.25, 29254890, 1041
1654, 10, 98, 622, 356, 0, 14.27%, 0, 0, 7, 12549.76, 29316910, 1041
1660, 10, 263, 622, 356, 0, 14.27%, 0, 0, 7, 13030.00, 29385690, 1041
1665, 10, 434, 622, 355, 0, 14.27%, 0, 0, 7, 15430.35, 29464542, 1041
1670, 10, 263, 622, 355, 0, 14.27%, 0, 0, 7, 16774.58, 29561507, 1041
1675, 10, 162, 622, 354, 0, 14.27%, 0, 0, 7, 17037.90, 29651257, 1041
1680, 10, 163, 622, 354, 0, 14.27%, 0, 0, 7, 16434.56, 29737388, 1041
1685, 10, 162, 622, 354, 0, 14.27%, 0, 0, 7, 21651.16, 29854546, 1041
1690, 10, 191, 622, 354, 0, 14.27%, 0, 0, 7, 18375.33, 29952908, 1041
1695, 10, 124, 622, 353, 0, 14.27%, 0, 0, 7, 21676.78, 30064941, 1041
1700, 10, 203, 622, 353, 0, 14.27%, 0, 0, 7, 18227.72, 30155470, 1041
1705, 10, 90, 622, 351, 0, 14.27%, 0, 0, 7, 20477.60, 30261679, 1041
1711, 10, 219, 622, 348, 0, 14.27%, 0, 0, 7, 13671.50, 30327711, 1041
1716, 11, 194, 627, 352, 0, 14.27%, 0, 0, 7, 16575.40, 30414130, 1041
1721, 11, 316, 627, 351, 0, 14.27%, 0, 0, 7, 15832.80, 30492191, 1041
1726, 11, 193, 627, 351, 0, 14.27%, 0, 0, 7, 19097.57, 30587292, 1041
1731, 11, 162, 627, 351, 0, 14.27%, 0, 0, 7, 18374.12, 30677604, 1041
1736, 11, 162, 627, 350, 0, 14.27%, 0, 0, 7, 19595.36, 30778477, 1041
1741, 11, 163, 627, 350, 0, 14.27%, 0, 0, 7, 20467.04, 30872447, 1041
1746, 11, 162, 627, 349, 0, 14.27%, 0, 0, 7, 19678.67, 30967575, 1041
1751, 11, 174, 627, 349, 0, 14.27%, 0, 0, 7, 15548.68, 31044500, 1041
1756, 11, 174, 627, 348, 0, 14.27%, 0, 0, 7, 20509.94, 31152603, 1041
1762, 11, 122, 627, 348, 0, 14.27%, 0, 0, 7, 19800.18, 31240250, 1041
1767, 11, 160, 627, 348, 0, 14.27%, 0, 0, 7, 22062.03, 31356342, 1041
1772, 11, 315, 627, 348, 0, 14.27%, 0, 0, 7, 19473.11, 31452234, 1041
1777, 11, 174, 627, 348, 0, 14.27%, 0, 0, 7, 17676.01, 31532398, 1041
1782, 11, 118, 627, 348, 0, 14.27%, 0, 0, 7, 16505.96, 31607625, 1041
1787, 11, 103, 627, 348, 0, 14.27%, 0, 0, 7, 20476.68, 31718581, 1041
1792, 11, 163, 627, 348, 0, 14.27%, 0, 0, 7, 15729.82, 31787582, 1041
1797, 11, 309, 627, 348, 0, 14.27%, 0, 0, 7, 19689.31, 31895937, 1041
1802, 11, 269, 627, 348, 0, 14.27%, 0, 0, 7, 19305.18, 31982473, 1041
1807, 11, 164, 627, 348, 0, 14.27%, 0, 0, 7, 19702.79, 32083595, 1041
1813, 11, 175, 627, 348, 0, 14.27%, 0, 0, 7, 14361.39, 32149696, 1041
1818, 11, 174, 627, 347, 0, 14.27%, 0, 0, 7, 19056.23, 32250311, 1041
1823, 11, 194, 627, 347, 0, 14.27%, 0, 0, 7, 18996.12, 32344684, 1041
1828, 11, 287, 627, 347, 0, 14.27%, 0, 0, 7, 16971.64, 32434364, 1041
1833, 11, 124, 627, 347, 0, 14.27%, 0, 0, 7, 15237.80, 32508190, 1041
1838, 11, 433, 627, 347, 0, 14.27%, 0, 0, 7, 17971.94, 32605482, 1041
1843, 11, 194, 627, 346, 0, 14.27%, 0, 0, 7, 21661.41, 32705369, 1041
1848, 11, 162, 627, 346, 0, 14.27%, 0, 0, 7, 18861.00, 32806116, 1041
1853, 11, 108, 627, 346, 0, 14.27%, 0, 0, 7, 19489.93, 32897494, 1041
1859, 11, 163, 627, 345, 0, 14.27%, 0, 0, 7, 18140.13, 33000124, 1041
1864, 11, 160, 627, 344, 0, 14.27%, 0, 0, 7, 19434.65, 33094506, 1041
1869, 11, 162, 627, 344, 0, 14.27%, 0, 0, 7, 15516.93, 33180220, 1041
1874, 11, 162, 627, 344, 0, 14.27%, 0, 0, 7, 19856.65, 33276559, 1041
1879, 12, 162, 630, 346, 0, 14.27%, 0, 0, 7, 12953.39, 33341235, 1041
1884, 12, 390, 630, 345, 0, 14.27%, 0, 0, 7, 16421.34, 33426525, 1041
1889, 12, 174, 630, 344, 0, 14.27%, 0, 0, 7, 15240.75, 33510551, 1041
1894, 12, 209, 630, 344, 0, 14.27%, 0, 0, 7, 13216.90, 33577949, 1041
1899, 12, 124, 630, 344, 0, 14.27%, 0, 0, 7, 16018.30, 33669992, 1041
1904, 12, 164, 630, 343, 0, 14.27%, 0, 0, 7, 16317.53, 33748527, 1041
1909, 12, 108, 630, 342, 0, 14.27%, 0, 0, 7, 16470.18, 33839996, 1041
1915, 12, 308, 630, 340, 0, 14.27%, 0, 0, 7, 15085.71, 33915447, 1041
1920, 12, 162, 630, 338, 0, 14.27%, 0, 0, 7, 14873.02, 33996578, 1041
1925, 12, 287, 630, 338, 0, 14.27%, 0, 0, 7, 19931.44, 34100090, 1041
1930, 12, 269, 630, 338, 0, 14.27%, 0, 0, 7, 15967.81, 34179275, 1041
1935, 12, 231, 630, 337, 0, 14.27%, 0, 0, 7, 18225.36, 34277200, 1041
1940, 12, 209, 630, 337, 0, 14.27%, 0, 0, 7, 15860.81, 34366650, 1041
1945, 12, 162, 630, 336, 0, 14.27%, 0, 0, 7, 19269.63, 34461095, 1041
1950, 12, 193, 630, 336, 0, 14.27%, 0, 0, 7, 15592.62, 34543075, 1041
1955, 12, 162, 630, 335, 0, 14.27%, 0, 0, 7, 13242.80, 34613129, 1041
1960, 12, 209, 630, 335, 0, 14.27%, 0, 0, 7, 14036.76, 34689577, 1041
1966, 12, 174, 630, 335, 0, 14.27%, 0, 0, 7, 17347.85, 34783825, 1041
1971, 12, 231, 630, 335, 0, 14.27%, 0, 0, 7, 12371.25, 34843138, 1041
1976, 12, 103, 630, 333, 0, 14.27%, 0, 0, 7, 18682.68, 34944284, 1041
1981, 12, 191, 630, 331, 0, 14.27%, 0, 0, 7, 17985.21, 35040582, 1041
1986, 12, 231, 630, 329, 0, 14.27%, 0, 0, 7, 17879.95, 35129733, 1041
1991, 12, 174, 630, 328, 0, 14.27%, 0, 0, 7, 15906.09, 35216614, 1041
1996, 12, 162, 630, 328, 0, 14.27%, 0, 0, 7, 17450.93, 35304052, 1041
2001, 12, 209, 630, 328, 0, 14.27%, 0, 0, 7, 16354.15, 35386301, 1041
2006, 12, 194, 630, 327, 0, 14.27%, 0, 0, 7, 23363.59, 35500734, 1041
2011, 12, 209, 630, 327, 0, 14.27%, 0, 0, 7, 21944.51, 35593695, 1041
2016, 12, 358, 630, 327, 0, 14.27%, 0, 0, 7, 17755.77, 35669820, 1041
2022, 12, 122, 630, 327, 0, 14.27%, 0, 0, 7, 16535.04, 35753359, 1041
2027, 12, 126, 630, 327, 0, 14.27%, 0, 0, 7, 15987.70, 35831261, 1041
2032, 12, 124, 630, 326, 0, 14.27%, 0, 0, 7, 17472.20, 35914503, 1041
2037, 12, 174, 630, 326, 0, 14.27%, 0, 0, 7, 17673.58, 36009181, 1041
2042, 12, 162, 630, 326, 0, 14.27%, 0, 0, 7, 13548.05, 36073774, 1041
2047, 12, 124, 630, 325, 0, 14.27%, 0, 0, 7, 15420.54, 36153833, 1041
2052, 13, 358, 632, 326, 0, 14.27%, 0, 0, 7, 14009.92, 36217141, 1041
2057, 13, 269, 632, 326, 0, 14.27%, 0, 0, 7, 22781.09, 36308002, 1041
2062, 13, 83, 632, 326, 0, 14.27%, 0, 0, 7, 13342.34, 36378732, 1041
2067, 13, 166, 632, 325, 0, 14.27%, 0, 0, 7, 20873.90, 36492549, 1041
2073, 13, 158, 632, 325, 0, 14.27%, 0, 0, 7, 15127.86, 36558936, 1041
2078, 13, 103, 632, 324, 0, 14.27%, 0, 0, 7, 16734.27, 36638633, 1041
2083, 13, 164, 632, 324, 0, 14.27%, 0, 0, 7, 18840.20, 36730095, 1041
2088, 13, 191, 632, 323, 0, 14.27%, 0, 0, 7, 17355.69, 36820425, 1041
2093, 13, 162, 632, 322, 0, 14.27%, 0, 0, 7, 18189.18, 36908829, 1041
2098, 13, 231, 632, 322, 0, 14.27%, 0, 0, 7, 19319.26, 37016218, 1041
2103, 13, 338, 632, 322, 0, 14.27%, 0, 0, 7, 19304.70, 37107261, 1041
2108, 13, 164, 632, 321, 0, 14.27%, 0, 0, 7, 17481.11, 37190563, 1041
2113, 13, 194, 632, 321, 0, 14.27%, 0, 0, 7, 18519.42, 37268206, 1041
2118, 13, 269, 632, 321, 0, 14.27%, 0, 0, 7, 20490.59, 37374453, 1041
2123, 13, 231, 632, 320, 0, 14.27%, 0, 0, 7, 16071.23, 37448682, 1041
2129, 13, 205, 632, 319, 0, 14.27%, 0, 0, 7, 14359.55, 37530878, 1041
2134, 13, 174, 632, 319, 0, 14.27%, 0, 0, 7, 14801.58, 37606162, 1041
2139, 13, 162, 632, 318, 0, 14.27%, 0, 0, 7, 15220.22, 37691637, 1041
2144, 13, 231, 632, 318, 0, 14.27%, 0, 0, 7, 17844.18, 37784083, 1041
2149, 13, 209, 632, 318, 0, 14.27%, 0, 0, 7, 16165.32, 37871567, 1041
2154, 13, 384, 632, 318, 0, 14.27%, 0, 0, 7, 26166.45, 37955307, 1041
2159, 13, 122, 632, 318, 0, 14.27%, 0, 0, 7, 15949.87, 38031261, 1041
2164, 13, 434, 632, 318, 0, 14.27%, 0, 0, 7, 19380.27, 38123682, 1041
2169, 13, 209, 632, 318, 0, 14.27%, 0, 0, 7, 16235.48, 38208996, 1041
2174, 13, 162, 632, 317, 0, 14.27%, 0, 0, 7, 13976.80, 38280047, 1041
2179, 13, 124, 632, 317, 0, 14.27%, 0, 0, 7, 14440.51, 38359966, 1041
2185, 13, 338, 632, 317, 0, 14.27%, 0, 0, 7, 16336.21, 38440904, 1041
2190, 13, 203, 632, 317, 0, 14.27%, 0, 0, 7, 13307.37, 38514194, 1041
2195, 13, 154, 632, 317, 0, 14.27%, 0, 0, 7, 16134.50, 38605841, 1041
2200, 13, 63, 632, 316, 0, 14.27%, 0, 0, 7, 14408.55, 38676938, 1041
2205, 13, 338, 632, 315, 0, 14.27%, 0, 0, 7, 12793.01, 38743312, 1041
2210, 13, 164, 632, 315, 0, 14.27%, 0, 0, 7, 16410.95, 38836331, 1041
2215, 13, 308, 632, 315, 0, 14.27%, 0, 0, 7, 18201.28, 38932580, 1041
2220, 13, 174, 632, 315, 0, 14.27%, 0, 0, 7, 16283.69, 39018097, 1041
2225, 13, 118, 632, 315, 0, 14.27%, 0, 0, 7, 17558.67, 39110801, 1041
2230, 14, 203, 635, 318, 0, 14.27%, 0, 0, 7, 18860.79, 39208053, 1041
2235, 14, 231, 635, 318, 0, 14.27%, 0, 0, 7, 22769.06, 39327385, 1041
2241, 14, 194, 635, 316, 0, 14.27%, 0, 0, 7, 15725.84, 39403244, 1041
2246, 14, 205, 635, 315, 0, 14.27%, 0, 0, 7, 19230.90, 39510146, 1041
2251, 14, 194, 635, 314, 0, 14.27%, 0, 0, 7, 19792.82, 39612400, 1041
2256, 14, 162, 635, 313, 0, 14.27%, 0, 0, 7, 18857.86, 39701234, 1041
2261, 14, 122, 635, 313, 0, 14.27%, 0, 0, 7, 19294.78, 39801700, 1041
2266, 14, 121, 635, 311, 0, 14.27%, 0, 0, 7, 25000.31, 39932414, 1041
2271, 14, 194, 635, 310, 0, 14.27%, 0, 0, 7, 18693.41, 40021428, 1041
2276, 14, 63, 635, 310, 0, 14.27%, 0, 0, 7, 21515.27, 40134654, 1041
2281, 14, 70, 635, 309, 0, 14.27%, 0, 0, 7, 20210.98, 40235457, 1041
2286, 14, 164, 635, 309, 0, 14.27%, 0, 0, 7, 20287.87, 40342532, 1041
2291, 14, 162, 635, 308, 0, 14.27%, 0, 0, 7, 19079.71, 40433391, 1041
2296, 14, 124, 635, 308, 0, 14.27%, 0, 0, 7, 19827.22, 40531688, 1041
2302, 14, 309, 635, 308, 0, 14.27%, 0, 0, 7, 15573.19, 40613137, 1041
2307, 14, 164, 635, 308, 0, 14.27%, 0, 0, 7, 19117.42, 40713629, 1041
2312, 14, 231, 635, 308, 0, 14.27%, 0, 0, 7, 18334.32, 40803520, 1041
2317, 14, 205, 635, 306, 0, 14.27%, 0, 0, 7, 17817.15, 40888901, 1041
2322, 14, 209, 635, 306, 0, 14.27%, 0, 0, 7, 16569.70, 40974186, 1041
2327, 14, 166, 635, 305, 0, 14.27%, 0, 0, 7, 21071.70, 41089315, 1041
2332, 14, 478, 635, 304, 0, 14.27%, 0, 0, 7, 18836.51, 41180066, 1041
2337, 14, 177, 635, 304, 0, 14.27%, 0, 0, 7, 18538.23, 41275547, 1041
2342, 14, 462, 635, 303, 0, 14.27%, 0, 0, 7, 12884.50, 41336058, 1041
2347, 14, 236, 635, 302, 0, 14.27%, 0, 0, 7, 20362.53, 41443345, 1041
2352, 14, 378, 635, 301, 0, 14.27%, 0, 0, 7, 19907.49, 41534186, 1041
2357, 14, 174, 635, 300, 0, 14.27%, 0, 0, 7, 19171.64, 41637423, 1041
2362, 14, 164, 635, 300, 0, 14.27%, 0, 0, 7, 16802.08, 41715047, 1041
2367, 14, 231, 635, 300, 0, 14.27%, 0, 0, 7, 19474.28, 41817524, 1041
2372, 14, 194, 635, 300, 0, 14.27%, 0, 0, 7, 16995.86, 41905220, 1041
2378, 15, 174, 636, 300, 0, 14.27%, 0, 0, 7, 17396.18, 41989166, 1041
2383, 15, 162, 636, 300, 0, 14.27%, 0, 0, 7, 18946.33, 42080233, 1041
2388, 15, 384, 636, 300, 0, 14.27%, 0, 0, 7, 22129.44, 42201301, 1041
2393, 15, 44, 636, 300, 0, 14.27%, 0, 0, 7, 21342.69, 42300918, 1041
2398, 15, 162, 636, 299, 0, 14.27%, 0, 0, 7, 19577.52, 42404299, 1041
2403, 15, 209, 636, 299, 0, 14.27%, 0, 0, 7, 19586.98, 42503483, 1041
2408, 15, 231, 636, 298, 0, 14.27%, 0, 0, 7, 19760.43, 42614756, 1041
2413, 15, 209, 636, 297, 0, 14.27%, 0, 0, 7, 21228.31, 42718943, 1041
2418, 15, 162, 636, 297, 0, 14.27%, 0, 0, 7, 21451.76, 42831889, 1041
2424, 15, 164, 636, 297, 0, 14.27%, 0, 0, 7, 24967.42, 42954403, 1041
2429, 15, 191, 636, 297, 0, 14.27%, 0, 0, 7, 27139.38, 43089039, 1041
2434, 15, 231, 636, 297, 0, 14.27%, 0, 0, 7, 22432.51, 43194950, 1041
2439, 15, 269, 636, 296, 0, 14.27%, 0, 0, 7, 20079.16, 43295004, 1041
2444, 15, 621, 636, 296, 0, 14.27%, 0, 0, 7, 23634.45, 43422338, 1041
2449, 15, 231, 636, 295, 0, 14.27%, 0, 0, 7, 22141.37, 43536049, 1041
2454, 15, 194, 636, 294, 0, 14.27%, 0, 0, 7, 25935.13, 43674023, 1041
2459, 15, 231, 636, 294, 0, 14.27%, 0, 0, 7, 20163.90, 43775797, 1041
2464, 15, 373, 636, 294, 0, 14.27%, 0, 0, 7, 23287.42, 43896439, 1041
2469, 15, 163, 636, 292, 0, 14.27%, 0, 0, 7, 19735.68, 43998555, 1041
2474, 15, 231, 636, 292, 0, 14.27%, 0, 0, 7, 23713.86, 44101295, 1041
2479, 15, 191, 636, 292, 0, 14.27%, 0, 0, 7, 18191.10, 44191673, 1041
2485, 15, 209, 636, 292, 0, 14.27%, 0, 0, 7, 23698.73, 44311584, 1041
2490, 15, 194, 636, 291, 0, 14.27%, 0, 0, 7, 16634.70, 44390852, 1041
2495, 15, 164, 636, 290, 0, 14.27%, 0, 0, 7, 20106.93, 44491188, 1041
2500, 15, 412, 636, 290, 0, 14.27%, 0, 0, 7, 15360.83, 44579315, 1041
2505, 15, 163, 636, 290, 0, 14.27%, 0, 0, 7, 20069.51, 44686952, 1041
2510, 15, 44, 636, 290, 0, 14.27%, 0, 0, 7, 14962.68, 44763487, 1041
2515, 15, 412, 636, 290, 0, 14.27%, 0, 0, 7, 19718.81, 44870249, 1041
2520, 16, 20, 638, 292, 0, 14.27%, 0, 0, 7, 17975.52, 44968201, 1041
2526, 16, 209, 638, 291, 0, 14.27%, 0, 0, 7, 25289.94, 45098954, 1041
2531, 16, 205, 638, 291, 0, 14.27%, 0, 0, 7, 20840.81, 45198656, 1041
2536, 16, 231, 638, 291, 0, 14.27%, 0, 0, 7, 22581.57, 45316486, 1041
2541, 16, 231, 638, 291, 0, 14.27%, 0, 0, 7, 20357.47, 45422398, 1041
2546, 16, 174, 638, 289, 0, 14.27%, 0, 0, 7, 21769.86, 45534345, 1041
2551, 16, 338, 638, 289, 0, 14.27%, 0, 0, 7, 19488.02, 45633437, 1041
2556, 16, 103, 638, 289, 0, 14.27%, 0, 0, 7, 21483.60, 45741288, 1041
2561, 16, 162, 638, 289, 0, 14.27%, 0, 0, 7, 19484.50, 45835667, 1041
2566, 16, 162, 638, 289, 0, 14.27%, 0, 0, 7, 19943.55, 45940983, 1041
2571, 16, 191, 638, 288, 0, 14.27%, 0, 0, 7, 22425.58, 46057101, 1041
2576, 16, 193, 638, 287, 0, 14.27%, 0, 0, 7, 20071.49, 46157906, 1041
2581, 16, 231, 638, 287, 0, 14.27%, 0, 0, 7, 22002.08, 46271543, 1041
2587, 16, 231, 638, 286, 0, 14.27%, 0, 0, 7, 24848.93, 46404146, 1041
2592, 16, 124, 638, 285, 0, 14.27%, 0, 0, 7, 22550.29, 46510561, 1041
2597, 16, 162, 638, 285, 0, 14.27%, 0, 0, 7, 22095.33, 46626107, 1041
2602, 16, 63, 638, 284, 0, 14.27%, 0, 0, 7, 19749.12, 46716339, 1041
2607, 16, 162, 638, 283, 0, 14.27%, 0, 0, 7, 22180.53, 46834831, 1041
2612, 16, 162, 638, 283, 0, 14.27%, 0, 0, 7, 19299.50, 46928069, 1041
2617, 16, 174, 638, 282, 0, 14.27%, 0, 0, 7, 20194.60, 47030707, 1041
2622, 16, 164, 638, 282, 0, 14.27%, 0, 0, 7, 19389.64, 47119100, 1041
2627, 16, 209, 638, 282, 0, 14.27%, 0, 0, 7, 21538.43, 47237430, 1041
2632, 16, 163, 638, 282, 0, 14.27%, 0, 0, 7, 19581.28, 47334922, 1041
2638, 16, 389, 638, 282, 0, 14.27%, 0, 0, 7, 20454.13, 47439943, 1041
2643, 16, 308, 638, 282, 0, 14.27%, 0, 0, 7, 22402.61, 47548165, 1041
2648, 16, 70, 638, 282, 0, 14.27%, 0, 0, 7, 19902.58, 47650850, 1041
2653, 16, 287, 638, 281, 0, 14.27%, 0, 0, 7, 20289.36, 47750660, 1041
2658, 16, 316, 638, 280, 0, 14.27%, 0, 0, 7, 21221.58, 47863679, 1041
2663, 17, 164, 639, 281, 0, 14.27%, 0, 0, 7, 19992.14, 47949876, 1041
2668, 17, 308, 639, 281, 0, 14.27%, 0, 0, 7, 18981.66, 48038468, 1041
2673, 17, 203, 639, 281, 0, 14.27%, 0, 0, 7, 17125.27, 48119364, 1041
2678, 17, 287, 639, 281, 0, 14.27%, 0, 0, 7, 18323.95, 48211646, 1041
2683, 17, 373, 639, 280, 0, 14.27%, 0, 0, 7, 12923.90, 48271779, 1041
2688, 17, 174, 639, 279, 0, 14.27%, 0, 0, 7, 17972.98, 48371207, 1041
2693, 17, 340, 639, 279, 0, 14.27%, 0, 0, 7, 18349.05, 48461041, 1041
2698, 17, 157, 639, 278, 0, 14.27%, 0, 0, 7, 16836.64, 48551259, 1041
2704, 17, 157, 639, 277, 0, 14.27%, 0, 0, 7, 18282.03, 48643212, 1041
2709, 17, 174, 639, 277, 0, 14.27%, 0, 0, 7, 16817.78, 48731751, 1041
2714, 17, 194, 639, 277, 0, 14.27%, 0, 0, 7, 21495.41, 48848693, 1041
2719, 17, 176, 639, 277, 0, 14.27%, 0, 0, 7, 20283.78, 48950190, 1041
2724, 17, 434, 639, 277, 0, 14.27%, 0, 0, 7, 17516.49, 49033342, 1041
2729, 17, 547, 639, 277, 0, 14.27%, 0, 0, 7, 15733.37, 49116094, 1041
2734, 17, 231, 639, 275, 0, 14.27%, 0, 0, 7, 15627.38, 49194008, 1041
2739, 17, 162, 639, 275, 0, 14.27%, 0, 0, 7, 17945.30, 49298765, 1041
2744, 17, 174, 639, 274, 0, 14.27%, 0, 0, 7, 21590.48, 49413319, 1041
2749, 17, 194, 639, 274, 0, 14.27%, 0, 0, 7, 18657.52, 49510759, 1041
2754, 17, 194, 639, 274, 0, 14.27%, 0, 0, 7, 20733.91, 49614712, 1041
2759, 17, 209, 639, 273, 0, 14.27%, 0, 0, 7, 18292.13, 49710099, 1041
2765, 17, 194, 639, 273, 0, 14.27%, 0, 0, 7, 23290.93, 49835428, 1041
2770, 17, 209, 639, 273, 0, 14.27%, 0, 0, 7, 16830.70, 49920258, 1041
2775, 17, 269, 639, 272, 0, 14.27%, 0, 0, 7, 21424.60, 50029760, 1041
2780, 17, 269, 639, 271, 0, 14.27%, 0, 0, 7, 19691.23, 50138881, 1041
2785, 17, 269, 639, 271, 0, 14.27%, 0, 0, 7, 22291.30, 50260318, 1041
2790, 17, 332, 639, 270, 0, 14.27%, 0, 0, 7, 17772.50, 50339208, 1041
2795, 17, 162, 639, 269, 0, 14.27%, 0, 0, 7, 19439.43, 50439054, 1041
2801, 17, 446, 639, 269, 0, 14.27%, 0, 0, 7, 19076.69, 50547089, 1041
2806, 18, 332, 639, 268, 0, 14.27%, 0, 0, 7, 23747.52, 50669825, 1041
2811, 18, 316, 639, 267, 0, 14.27%, 0, 0, 7, 18142.74, 50766634, 1041
2816, 18, 209, 639, 267, 0, 14.27%, 0, 0, 7, 18485.41, 50865438, 1041
2821, 18, 124, 639, 267, 0, 14.27%, 0, 0, 7, 14437.91, 50927936, 1041
2826, 18, 308, 639, 267, 0, 14.27%, 0, 0, 7, 14828.18, 50998740, 1041
2832, 18, 269, 639, 266, 0, 14.27%, 0, 0, 7, 13418.77, 51063398, 1041
2837, 18, 209, 639, 265, 0, 14.27%, 0, 0, 7, 18181.49, 51164792, 1041
2842, 18, 194, 639, 264, 0, 14.27%, 0, 0, 7, 17626.00, 51242631, 1041
2847, 18, 162, 639, 264, 0, 14.27%, 0, 0, 7, 18764.32, 51342147, 1041
2852, 18, 193, 639, 262, 0, 14.27%, 0, 0, 7, 14193.93, 51404536, 1041
2857, 18, 124, 639, 261, 0, 14.27%, 0, 0, 7, 16838.50, 51486910, 1041
2862, 18, 409, 639, 261, 0, 14.27%, 0, 0, 7, 20487.42, 51590885, 1041
2867, 18, 124, 639, 260, 0, 14.27%, 0, 0, 7, 19538.92, 51686242, 1041
2872, 18, 163, 639, 260, 0, 14.27%, 0, 0, 7, 20121.96, 51778618, 1041
2877, 18, 403, 639, 260, 0, 14.27%, 0, 0, 7, 18498.17, 51867928, 1041
2882, 18, 209, 639, 259, 0, 14.27%, 0, 0, 7, 20209.35, 51959951, 1041
2887, 18, 309, 639, 259, 0, 14.27%, 0, 0, 7, 18130.57, 52050217, 1041
2892, 18, 332, 639, 259, 0, 14.27%, 0, 0, 7, 20242.53, 52120556, 1041
2898, 18, 231, 639, 259, 0, 14.27%, 0, 0, 7, 18569.10, 52203111, 1041
2903, 18, 373, 639, 259, 0, 14.27%, 0, 0, 7, 14330.93, 52268619, 1041
2908, 18, 124, 639, 259, 0, 14.27%, 0, 0, 7, 18000.43, 52354366, 1041
2913, 18, 174, 639, 258, 0, 14.27%, 0, 0, 7, 12971.24, 52411428, 1041
2918, 18, 174, 639, 258, 0, 14.27%, 0, 0, 7, 17128.70, 52500122, 1041
2923, 18, 231, 639, 258, 0, 14.27%, 0, 0, 7, 17347.58, 52586614, 1041
2928, 18, 174, 639, 257, 0, 14.27%, 0, 0, 7, 18286.88, 52690924, 1041
2933, 18, 194, 639, 257, 0, 14.27%, 0, 0, 7, 19004.15, 52784745, 1041
2939, 18, 287, 639, 256, 0, 14.27%, 0, 0, 7, 18162.68, 52883785, 1041
2944, 18, 209, 639, 256, 0, 14.27%, 0, 0, 7, 17093.93, 52967461, 1041
2949, 18, 194, 639, 256, 0, 14.27%, 0, 0, 7, 16669.64, 53056967, 1041
2954, 18, 310, 639, 256, 0, 14.27%, 0, 0, 7, 15933.47, 53136231, 1041
2959, 18, 389, 639, 256, 0, 14.27%, 0, 0, 7, 17811.69, 53238500, 1041
2964, 18, 20, 639, 256, 0, 14.27%, 0, 0, 7, 17284.81, 53326569, 1041
2969, 18, 269, 639, 256, 0, 14.27%, 0, 0, 7, 18311.57, 53428121, 1041
2974, 18, 332, 639, 256, 0, 14.27%, 0, 0, 7, 17136.07, 53512071, 1041
2979, 19, 124, 640, 257, 0, 14.27%, 0, 0, 7, 18035.28, 53611276, 1041
2984, 19, 122, 640, 256, 0, 14.27%, 0, 0, 7, 21106.04, 53712883, 1041
2989, 19, 209, 640, 256, 0, 14.27%, 0, 0, 7, 15779.76, 53792424, 1041
2994, 19, 412, 640, 256, 0, 14.27%, 0, 0, 7, 21717.10, 53908635, 1041
2999, 19, 209, 640, 256, 0, 14.27%, 0, 0, 7, 18427.57, 54003318, 1041
3004, 19, 194, 640, 256, 0, 14.27%, 0, 0, 7, 20137.85, 54101831, 1041
3010, 19, 231, 640, 256, 0, 14.27%, 0, 0, 7, 17440.70, 54189503, 1041
3015, 19, 543, 640, 256, 0, 14.27%, 0, 0, 7, 18674.34, 54283403, 1041
3020, 19, 194, 640, 254, 0, 14.27%, 0, 0, 7, 5696.51, 54337594, 1041
3025, 19, 332, 640, 254, 0, 14.27%, 0, 0, 7, 16254.85, 54427647, 1041
3030, 19, 191, 640, 254, 0, 14.27%, 0, 0, 7, 18524.28, 54527536, 1041
3035, 19, 315, 640, 254, 0, 14.27%, 0, 0, 7, 18601.59, 54619139, 1041
3040, 19, 247, 640, 253, 0, 14.27%, 0, 0, 7, 17695.55, 54712537, 1041
3045, 19, 194, 640, 252, 0, 14.27%, 0, 0, 7, 19254.81, 54810832, 1041
3051, 19, 162, 640, 252, 0, 14.27%, 0, 0, 7, 19174.24, 54901652, 1041
3056, 19, 209, 640, 252, 0, 14.27%, 0, 0, 7, 22868.29, 55018581, 1041
3061, 19, 191, 640, 252, 0, 14.27%, 0, 0, 7, 19219.42, 55118195, 1041
3066, 19, 63, 640, 252, 0, 14.27%, 0, 0, 7, 22085.23, 55233929, 1041
3071, 19, 209, 640, 252, 0, 14.27%, 0, 0, 7, 18515.97, 55325911, 1041
3076, 19, 162, 640, 252, 0, 14.27%, 0, 0, 7, 22283.39, 55444291, 1041
3081, 19, 163, 640, 252, 0, 14.27%, 0, 0, 7, 19164.45, 55540824, 1041
3086, 19, 174, 640, 252, 0, 14.27%, 0, 0, 7, 23849.24, 55652026, 1041
3091, 19, 70, 640, 252, 0, 14.27%, 0, 0, 7, 19303.47, 55736232, 1041
3096, 19, 162, 640, 252, 0, 14.27%, 0, 0, 7, 18187.73, 55821894, 1041
3101, 19, 193, 640, 252, 0, 14.27%, 0, 0, 7, 16089.71, 55909901, 1041
3106, 19, 269, 640, 252, 0, 14.27%, 0, 0, 7, 19455.18, 56017558, 1041
3111, 19, 162, 640, 252, 0, 14.27%, 0, 0, 7, 19201.48, 56115469, 1041
3117, 19, 20, 640, 252, 0, 14.27%, 0, 0, 7, 23709.92, 56236557, 1041
3122, 19, 174, 640, 252, 0, 14.27%, 0, 0, 7, 20213.60, 56324788, 1041
3127, 20, 332, 641, 252, 0, 14.27%, 0, 0, 7, 17132.51, 56412192, 1041
3132, 20, 434, 641, 252, 0, 14.27%, 0, 0, 7, 17707.19, 56499315, 1041
3137, 20, 308, 641, 252, 0, 14.27%, 0, 0, 7, 22853.58, 56615645, 1041
3142, 20, 231, 641, 252, 0, 14.27%, 0, 0, 7, 13278.00, 56675345, 1041
3147, 20, 412, 641, 252, 0, 14.27%, 0, 0, 7, 14379.31, 56743263, 1041
3152, 20, 174, 641, 252, 0, 14.27%, 0, 0, 7, 18367.93, 56846749, 1041
3157, 20, 162, 641, 252, 0, 14.27%, 0, 0, 7, 16066.07, 56918947, 1041
3163, 20, 332, 641, 251, 0, 14.27%, 0, 0, 7, 18133.89, 57014247, 1041
3168, 20, 317, 641, 251, 0, 14.27%, 0, 0, 7, 20812.28, 57109608, 1041
3173, 20, 174, 641, 250, 0, 14.27%, 0, 0, 7, 21080.12, 57219512, 1041
3178, 20, 231, 641, 249, 0, 14.27%, 0, 0, 7, 18426.46, 57306124, 1041
3183, 20, 91, 641, 249, 0, 14.27%, 0, 0, 7, 16452.20, 57394641, 1041
3188, 20, 162, 641, 249, 0, 14.27%, 0, 0, 7, 17311.91, 57479060, 1041
3193, 20, 174, 641, 248, 0, 14.27%, 0, 0, 7, 13269.42, 57566689, 1041
3198, 20, 194, 641, 248, 0, 14.27%, 0, 0, 7, 17460.36, 57659714, 1041
3203, 20, 191, 641, 248, 0, 14.27%, 0, 0, 7, 16806.36, 57749676, 1041
3209, 20, 332, 641, 248, 0, 14.27%, 0, 0, 7, 15950.09, 57830303, 1041
3214, 20, 157, 641, 248, 0, 14.27%, 0, 0, 7, 14766.70, 57904767, 1041
3219, 20, 308, 641, 248, 0, 14.27%, 0, 0, 7, 17376.23, 57988499, 1041
3224, 20, 358, 641, 248, 0, 14.27%, 0, 0, 7, 17424.42, 58085661, 1041
3229, 20, 124, 641, 248, 0, 14.27%, 0, 0, 7, 18947.96, 58176299, 1041
3234, 20, 194, 641, 248, 0, 14.27%, 0, 0, 7, 18813.37, 58268990, 1041
3239, 20, 174, 641, 248, 0, 14.27%, 0, 0, 7, 18540.01, 58364207, 1041
3244, 20, 231, 641, 248, 0, 14.27%, 0, 0, 7, 17627.92, 58459361, 1041
3249, 20, 389, 641, 248, 0, 14.27%, 0, 0, 7, 21730.78, 58577760, 1041
3254, 20, 166, 641, 247, 0, 14.27%, 0, 0, 7, 17908.58, 58667086, 1041
3259, 20, 231, 641, 247, 0, 14.27%, 0, 0, 7, 21634.23, 58770951, 1041
3264, 20, 209, 641, 247, 0, 14.27%, 0, 0, 7, 17701.34, 58866132, 1041
3269, 20, 308, 641, 247, 0, 14.27%, 0, 0, 7, 4871.42, 58931169, 1041
3275, 20, 203, 641, 247, 0, 14.27%, 0, 0, 7, 5944.95, 58971255, 1041
3280, 20, 231, 641, 247, 0, 14.27%, 0, 0, 7, 13854.03, 59041422, 1041
3285, 20, 194, 641, 247, 0, 14.27%, 0, 0, 7, 16329.95, 59132087, 1041
3290, 20, 209, 641, 247, 0, 14.27%, 0, 0, 7, 23356.89, 59260394, 1041
3295, 20, 83, 641, 247, 0, 14.27%, 0, 0, 7, 21468.48, 59367640, 1041
3300, 21, 194, 642, 247, 0, 14.27%, 0, 0, 7, 22300.38, 59489955, 1041
3305, 21, 392, 642, 247, 0, 14.27%, 0, 0, 7, 18933.21, 59592145, 1041
3310, 21, 269, 642, 246, 0, 14.27%, 0, 0, 7, 21907.36, 59704533, 1041
3315, 21, 315, 642, 246, 0, 14.27%, 0, 0, 7, 18935.54, 59797074, 1041
3320, 21, 174, 642, 246, 0, 14.27%, 0, 0, 7, 24498.95, 59926291, 1041
3325, 21, 128, 642, 246, 0, 14.27%, 0, 0, 7, 19820.36, 60022776, 1041
3330, 21, 231, 642, 246, 0, 14.27%, 0, 0, 7, 23110.69, 60145429, 1041
3336, 21, 209, 642, 246, 0, 14.27%, 0, 0, 7, 19365.02, 60239667, 1041
3341, 21, 90, 642, 244, 0, 14.27%, 0, 0, 7, 21982.14, 60356991, 1041
3346, 21, 332, 642, 243, 0, 14.27%, 0, 0, 7, 22542.79, 60467257, 1041
3351, 21, 263, 642, 243, 0, 14.27%, 0, 0, 7, 23054.50, 60583516, 1041
3356, 21, 574, 642, 243, 0, 14.27%, 0, 0, 7, 19680.37, 60691075, 1041
3361, 21, 138, 642, 242, 0, 14.27%, 0, 0, 7, 22551.16, 60801803, 1041
3366, 21, 121, 642, 242, 0, 14.27%, 0, 0, 7, 24447.31, 60928704, 1041
3371, 21, 162, 642, 242, 0, 14.27%, 0, 0, 7, 22645.79, 61038002, 1041
3376, 21, 162, 642, 242, 0, 14.27%, 0, 0, 7, 22160.87, 61142189, 1041
3381, 21, 174, 642, 242, 0, 14.27%, 0, 0, 7, 22298.26, 61256496, 1041
3386, 21, 193, 642, 242, 0, 14.27%, 0, 0, 7, 21667.53, 61364170, 1041
3391, 21, 122, 642, 242, 0, 14.27%, 0, 0, 7, 22464.38, 61481008, 1041
3397, 21, 164, 642, 241, 0, 14.27%, 0, 0, 7, 21883.92, 61585617, 1041
3402, 21, 284, 642, 240, 0, 14.27%, 0, 0, 7, 23401.87, 61704624, 1041
3407, 21, 231, 642, 238, 0, 14.27%, 0, 0, 7, 21745.00, 61808603, 1041
3412, 21, 191, 642, 238, 0, 14.27%, 0, 0, 7, 21390.43, 61916925, 1041
3417, 21, 163, 642, 238, 0, 14.27%, 0, 0, 7, 21529.17, 62025795, 1041
3422, 21, 317, 642, 238, 0, 14.27%, 0, 0, 7, 26807.11, 62174806, 1041
3427, 21, 122, 642, 238, 0, 14.27%, 0, 0, 7, 21858.18, 62275916, 1041
3433, 21, 194, 642, 238, 0, 14.27%, 0, 0, 7, 21425.03, 62386987, 1041
3438, 22, 358, 644, 240, 0, 14.27%, 0, 0, 7, 21614.08, 62487869, 1041
3443, 22, 174, 644, 240, 0, 14.27%, 0, 0, 7, 27396.36, 62636434, 1041
3448, 22, 269, 644, 240, 0, 14.27%, 0, 0, 7, 25005.46, 62756994, 1041
3453, 22, 191, 644, 239, 0, 14.27%, 0, 0, 7, 18907.11, 62852952, 1041
3458, 22, 163, 644, 239, 0, 14.27%, 0, 0, 7, 21925.67, 62967882, 1041
3463, 22, 263, 644, 237, 0, 14.27%, 0, 0, 7, 22870.09, 63089077, 1041
3468, 22, 247, 644, 236, 0, 14.27%, 0, 0, 7, 23861.01, 63205465, 1041
3474, 22, 174, 644, 236, 0, 14.27%, 0, 0, 7, 23055.44, 63329045, 1041
3479, 22, 434, 644, 236, 0, 14.27%, 0, 0, 7, 23278.90, 63445249, 1041
3484, 22, 209, 644, 236, 0, 14.27%, 0, 0, 7, 22041.10, 63556439, 1041
3489, 22, 162, 644, 236, 0, 14.27%, 0, 0, 7, 22106.18, 63669461, 1041
3494, 22, 191, 644, 236, 0, 14.27%, 0, 0, 7, 21357.01, 63779117, 1041
3499, 22, 63, 644, 236, 0, 14.27%, 0, 0, 7, 20183.99, 63879029, 1041
3504, 22, 163, 644, 235, 0, 14.27%, 0, 0, 7, 21244.24, 63998711, 1041
3509, 22, 89, 644, 234, 0, 14.27%, 0, 0, 7, 23619.60, 64122521, 1041
3514, 22, 434, 644, 232, 0, 14.27%, 0, 0, 7, 18861.78, 64217973, 1041
3519, 22, 209, 644, 231, 0, 14.27%, 0, 0, 7, 22518.16, 64343059, 1041
3524, 22, 209, 644, 230, 0, 14.27%, 0, 0, 7, 21572.94, 64461671, 1041
3530, 22, 162, 644, 230, 0, 14.27%, 0, 0, 7, 23478.82, 64578341, 1041
3535, 22, 63, 644, 230, 0, 14.27%, 0, 0, 7, 20346.47, 64689649, 1041
3540, 22, 338, 644, 229, 0, 14.27%, 0, 0, 7, 21332.44, 64791747, 1041
3545, 22, 338, 644, 229, 0, 14.27%, 0, 0, 7, 17971.70, 64887280, 1041
3550, 22, 263, 644, 229, 0, 14.27%, 0, 0, 7, 19874.08, 64993266, 1041
3555, 22, 4, 644, 229, 0, 14.27%, 0, 0, 7, 20777.66, 65107374, 1041
3560, 22, 308, 644, 229, 0, 14.27%, 0, 0, 7, 23151.65, 65225899, 1041
3565, 22, 209, 644, 229, 0, 14.27%, 0, 0, 7, 22958.18, 65338802, 1041
3570, 23, 332, 644, 229, 0, 14.27%, 0, 0, 7, 25522.89, 65469185, 1041
3576, 23, 124, 644, 228, 0, 14.27%, 0, 0, 7, 19034.27, 65557387, 1041
3581, 23, 209, 644, 228, 0, 14.27%, 0, 0, 7, 22013.23, 65668153, 1041
3586, 23, 308, 644, 227, 0, 14.27%, 0, 0, 7, 20777.60, 65775860, 1041
3591, 23, 209, 644, 224, 0, 14.27%, 0, 0, 7, 23763.50, 65892047, 1041
3596, 23, 373, 644, 223, 0, 14.27%, 0, 0, 7, 19282.18, 65984894, 1041
3598, 23, 384, 644, 223, 0, 14.27%, 0, 0, 7, 19454.57, 66019915, 1041
