# relative_time, cycles_done, cur_item, corpus_count, pending_total, pending_favs, map_size, saved_crashes, saved_hangs, max_depth, execs_per_sec, total_execs, edges_found
61, 0, 111, 156, 150, 30, 8.74%, 0, 0, 3, 16513.25, 1405144, 430
66, 0, 111, 156, 150, 30, 8.74%, 0, 0, 3, 22910.75, 1514243, 430
72, 0, 75, 167, 160, 29, 8.74%, 0, 0, 3, 30710.18, 1667394, 430
77, 0, 119, 173, 165, 28, 8.74%, 0, 0, 3, 35324.55, 1852308, 430
82, 0, 119, 173, 165, 28, 8.74%, 0, 0, 3, 34595.17, 2029484, 430
87, 0, 97, 174, 165, 27, 8.74%, 0, 0, 3, 36247.81, 2213827, 430
92, 0, 27, 174, 164, 26, 8.74%, 0, 0, 3, 34342.47, 2381538, 430
97, 0, 86, 188, 177, 25, 8.74%, 0, 0, 3, 29291.46, 2537286, 430
102, 0, 81, 197, 185, 24, 8.74%, 0, 0, 3, 32841.86, 2702869, 430
107, 0, 154, 200, 186, 22, 8.74%, 0, 0, 3, 22417.65, 2832919, 430
112, 0, 154, 200, 186, 22, 8.74%, 0, 0, 3, 31125.06, 2998982, 430
117, 0, 90, 204, 189, 21, 8.74%, 0, 0, 4, 31986.12, 3158268, 430
122, 0, 62, 205, 189, 20, 8.74%, 0, 0, 4, 35393.65, 3330275, 430
128, 0, 110, 207, 189, 19, 8.74%, 0, 0, 4, 30626.04, 3493267, 430
133, 0, 110, 207, 189, 19, 8.74%, 0, 0, 4, 26563.30, 3608586, 430
138, 0, 110, 207, 189, 19, 8.74%, 0, 0, 4, 28187.42, 3760089, 430
143, 0, 94, 211, 191, 17, 8.74%, 0, 0, 4, 35864.95, 3936714, 430
148, 0, 72, 213, 191, 15, 8.74%, 0, 0, 4, 36422.01, 4129796, 430
153, 0, 204, 214, 191, 14, 8.74%, 0, 0, 4, 33832.63, 4302027, 430
159, 0, 148, 217, 193, 13, 8.74%, 0, 0, 4, 27338.70, 4446439, 430
164, 0, 138, 220, 195, 12, 8.74%, 0, 0, 4, 32122.34, 4614717, 430
169, 0, 30, 225, 199, 11, 8.74%, 0, 0, 4, 31524.27, 4778307, 430
174, 0, 51, 225, 198, 10, 8.74%, 0, 0, 4, 32917.62, 4943809, 430
179, 0, 61, 225, 195, 9, 8.74%, 0, 0, 4, 32743.79, 5110248, 430
184, 0, 56, 225, 194, 8, 8.74%, 0, 0, 4, 35687.21, 5291325, 430
189, 0, 50, 226, 194, 7, 8.74%, 0, 0, 4, 35025.36, 5471600, 430
194, 0, 50, 228, 196, 7, 8.74%, 0, 0, 4, 34754.59, 5647269, 430
199, 0, 112, 232, 197, 4, 8.74%, 0, 0, 4, 33655.09, 5823151, 430
204, 0, 112, 232, 197, 4, 8.74%, 0, 0, 4, 31190.51, 5977628, 430
209, 0, 112, 232, 197, 4, 8.74%, 0, 0, 4, 25063.81, 6107161, 430
215, 0, 39, 234, 198, 3, 8.74%, 0, 0, 4, 24864.75, 6233667, 430
220, 0, 39, 234, 198, 3, 8.74%, 0, 0, 4, 21053.20, 6338978, 430
225, 0, 14, 236, 199, 3, 8.74%, 0, 0, 4, 18772.99, 6431172, 430
230, 0, 14, 236, 199, 3, 8.74%, 0, 0, 4, 25291.36, 6572987, 430
235, 0, 7, 236, 198, 2, 8.74%, 0, 0, 4, 30956.33, 6734566, 430
240, 0, 141, 236, 196, 2, 8.74%, 0, 0, 4, 26049.22, 6864121, 430
245, 0, 86, 236, 195, 1, 8.74%, 0, 0, 4, 32230.25, 7034759, 430
250, 0, 147, 238, 195, 1, 8.74%, 0, 0, 4, 22944.49, 7135063, 430
255, 0, 86, 240, 196, 0, 8.74%, 0, 0, 4, 29807.45, 7291031, 430
261, 0, 0, 241, 197, 0, 8.74%, 0, 0, 4, 24114.22, 7418735, 430
266, 0, 49, 243, 199, 0, 8.74%, 0, 0, 4, 34538.05, 7606863, 430
271, 0, 36, 246, 201, 0, 8.74%, 0, 0, 4, 31719.62, 7768741, 430
276, 0, 5, 247, 202, 0, 8.74%, 0, 0, 4, 35038.09, 7958252, 430
281, 0, 157, 249, 203, 0, 8.74%, 0, 0, 4, 24009.29, 8059239, 430
286, 0, 5, 255, 204, 0, 8.74%, 0, 0, 5, 18013.60, 8138596, 430
291, 0, 86, 255, 204, 0, 8.74%, 0, 0, 5, 24906.33, 8263181, 430
296, 0, 36, 257, 204, 0, 8.74%, 0, 0, 5, 23936.24, 8392924, 430
301, 0, 112, 257, 203, 0, 8.74%, 0, 0, 5, 25975.11, 8514134, 430
307, 0, 86, 257, 200, 0, 8.74%, 0, 0, 5, 25078.26, 8648195, 430
312, 0, 56, 257, 200, 0, 8.74%, 0, 0, 5, 30109.71, 8797784, 430
317, 0, 170, 257, 198, 0, 8.74%, 0, 0, 5, 28172.96, 8937919, 430
322, 0, 170, 257, 197, 0, 8.74%, 0, 0, 5, 27937.63, 9079725, 430
327, 0, 231, 257, 197, 0, 8.74%, 0, 0, 5, 28843.07, 9233462, 430
332, 0, 257, 259, 197, 0, 8.74%, 0, 0, 5, 23429.13, 9337842, 430
337, 0, 247, 261, 198, 0, 8.74%, 0, 0, 5, 23914.00, 9468325, 430
342, 0, 36, 262, 198, 0, 8.74%, 0, 0, 5, 26085.58, 9591145, 430
347, 0, 75, 262, 196, 0, 8.74%, 0, 0, 5, 27144.95, 9741609, 430
352, 1, 36, 262, 193, 0, 8.74%, 0, 0, 5, 22568.73, 9849765, 430
358, 1, 24, 262, 192, 0, 8.74%, 0, 0, 5, 29668.52, 10007973, 430
363, 1, 24, 262, 192, 0, 8.74%, 0, 0, 5, 28724.44, 10143138, 430
368, 1, 36, 263, 185, 0, 8.74%, 0, 0, 5, 24791.33, 10271106, 430
373, 1, 31, 263, 183, 0, 8.74%, 0, 0, 5, 27597.18, 10401577, 430
378, 1, 0, 263, 178, 0, 8.74%, 0, 0, 5, 23357.20, 10523594, 430
383, 1, 260, 269, 182, 0, 8.74%, 0, 0, 5, 17147.03, 10602638, 430
388, 1, 150, 270, 180, 0, 8.74%, 0, 0, 5, 19413.98, 10706525, 430
393, 1, 266, 272, 180, 0, 8.74%, 0, 0, 6, 18587.04, 10800772, 430
398, 1, 0, 273, 180, 0, 8.74%, 0, 0, 6, 15911.75, 10872031, 430
403, 1, 265, 275, 180, 0, 8.74%, 0, 0, 6, 17891.41, 10963944, 430
408, 1, 267, 277, 177, 0, 8.74%, 0, 0, 6, 18088.22, 11060207, 430
413, 1, 35, 279, 175, 0, 8.74%, 0, 0, 6, 20404.28, 11154844, 430
419, 1, 86, 280, 169, 0, 8.74%, 0, 0, 6, 19926.53, 11268327, 430
424, 1, 55, 280, 166, 0, 8.74%, 0, 0, 6, 23476.71, 11385095, 430
429, 1, 275, 285, 170, 0, 8.74%, 0, 0, 7, 19586.00, 11497119, 430
434, 1, 284, 288, 172, 0, 8.74%, 0, 0, 8, 15271.93, 11571681, 430
439, 1, 284, 288, 172, 0, 8.74%, 0, 0, 8, 11458.95, 11628512, 430
444, 1, 229, 288, 169, 0, 8.74%, 0, 0, 8, 18474.30, 11715914, 430
449, 1, 90, 288, 162, 0, 8.74%, 0, 0, 8, 22482.99, 11854802, 430
454, 1, 170, 289, 159, 0, 8.74%, 0, 0, 8, 22203.27, 11960579, 430
459, 1, 86, 289, 155, 0, 8.74%, 0, 0, 8, 15057.07, 12033276, 430
464, 1, 55, 289, 154, 0, 8.74%, 0, 0, 8, 16304.24, 12118943, 430
469, 1, 211, 289, 153, 0, 8.74%, 0, 0, 8, 17540.93, 12214401, 430
475, 1, 55, 289, 152, 0, 8.74%, 0, 0, 8, 26636.14, 12363146, 430
480, 1, 252, 289, 150, 0, 8.74%, 0, 0, 8, 22551.47, 12473661, 430
485, 1, 207, 291, 148, 0, 8.74%, 0, 0, 8, 13511.87, 12524552, 430
490, 1, 180, 293, 146, 0, 8.74%, 0, 0, 8, 22141.10, 12653547, 430
495, 1, 286, 294, 142, 0, 8.74%, 0, 0, 8, 19343.31, 12753221, 430
500, 1, 0, 295, 139, 0, 8.74%, 0, 0, 8, 18899.99, 12847790, 430
505, 1, 250, 295, 136, 0, 8.74%, 0, 0, 8, 20035.73, 12952687, 430
510, 1, 55, 295, 130, 0, 8.74%, 0, 0, 8, 18917.07, 13044856, 430
515, 1, 204, 295, 129, 0, 8.74%, 0, 0, 8, 25903.04, 13186778, 430
521, 1, 292, 295, 126, 0, 8.74%, 0, 0, 8, 19093.63, 13281270, 430
526, 1, 61, 295, 122, 0, 8.74%, 0, 0, 8, 13822.26, 13353587, 430
531, 2, 55, 332, 156, 0, 8.74%, 0, 0, 8, 12130.48, 13415796, 430
536, 2, 37, 332, 155, 0, 8.74%, 0, 0, 8, 15866.69, 13505431, 430
541, 2, 317, 332, 153, 0, 8.74%, 0, 0, 8, 13131.41, 13574645, 430
546, 2, 86, 332, 150, 0, 8.74%, 0, 0, 8, 14544.50, 13643738, 430
551, 2, 167, 332, 149, 0, 8.74%, 0, 0, 8, 19125.22, 13749094, 430
556, 2, 287, 332, 148, 0, 8.74%, 0, 0, 8, 18334.95, 13859450, 430
561, 2, 86, 332, 144, 0, 8.74%, 0, 0, 8, 16231.55, 13937666, 430
566, 2, 55, 332, 136, 0, 8.74%, 0, 0, 8, 18057.73, 14032374, 430
572, 2, 196, 332, 134, 0, 8.74%, 0, 0, 8, 17105.39, 14121133, 430
577, 2, 168, 332, 131, 0, 8.74%, 0, 0, 8, 22015.46, 14234109, 430
582, 2, 321, 332, 130, 0, 8.74%, 0, 0, 8, 24756.11, 14367912, 430
587, 2, 321, 332, 129, 0, 8.74%, 0, 0, 8, 15166.61, 14441462, 430
592, 2, 0, 332, 127, 0, 8.74%, 0, 0, 8, 22971.76, 14557057, 430
597, 2, 319, 333, 128, 0, 8.74%, 0, 0, 8, 11212.81, 14612388, 430
603, 2, 332, 333, 127, 0, 8.74%, 0, 0, 8, 5344.04, 14680901, 430
608, 2, 192, 333, 125, 0, 8.74%, 0, 0, 8, 12610.45, 14755890, 430
613, 2, 333, 334, 121, 1, 8.76%, 0, 0, 8, 14733.81, 14831047, 431
618, 2, 333, 334, 121, 1, 8.76%, 0, 0, 8, 28794.91, 14993905, 431
623, 2, 324, 335, 121, 0, 8.76%, 0, 0, 8, 8198.45, 15057200, 431
628, 2, 336, 341, 126, 2, 8.92%, 0, 0, 8, 20174.89, 15166187, 439
633, 2, 336, 341, 126, 2, 8.92%, 0, 0, 8, 23740.11, 15288685, 439
638, 2, 336, 355, 140, 2, 9.08%, 0, 0, 8, 20907.94, 15395923, 447
643, 2, 351, 365, 149, 7, 9.23%, 0, 0, 8, 20875.21, 15502322, 454
648, 2, 351, 365, 149, 7, 9.23%, 0, 0, 8, 19356.32, 15598197, 454
653, 2, 351, 365, 149, 7, 9.23%, 0, 0, 8, 21482.58, 15709532, 454
659, 2, 351, 384, 168, 7, 9.25%, 0, 0, 8, 20693.37, 15813617, 455
664, 2, 375, 389, 172, 10, 9.25%, 0, 0, 8, 20673.57, 15921889, 455
669, 2, 375, 389, 172, 10, 9.25%, 0, 0, 8, 19634.33, 16024231, 455
674, 2, 375, 389, 172, 10, 9.25%, 0, 0, 8, 19977.26, 16124612, 455
679, 2, 375, 389, 172, 10, 9.25%, 0, 0, 8, 17968.93, 16215351, 455
684, 2, 375, 395, 178, 10, 9.25%, 0, 0, 8, 19604.18, 16313470, 455
689, 2, 375, 398, 181, 10, 9.25%, 0, 0, 8, 20436.36, 16418257, 455
694, 2, 358, 399, 181, 10, 9.25%, 0, 0, 8, 23961.38, 16547450, 455
700, 2, 358, 399, 181, 10, 9.25%, 0, 0, 8, 21881.88, 16659360, 455
705, 2, 385, 401, 182, 9, 9.25%, 0, 0, 8, 21330.22, 16765236, 455
710, 2, 385, 401, 182, 9, 9.25%, 0, 0, 8, 20650.05, 16872642, 455
715, 2, 385, 401, 182, 9, 9.25%, 0, 0, 8, 22468.92, 16989325, 455
720, 2, 390, 403, 183, 8, 9.25%, 0, 0, 8, 21227.04, 17100394, 455
725, 2, 390, 403, 183, 8, 9.25%, 0, 0, 8, 21235.33, 17207220, 455
730, 2, 390, 403, 183, 8, 9.25%, 0, 0, 8, 19947.75, 17307508, 455
735, 2, 390, 403, 183, 8, 9.25%, 0, 0, 8, 19246.07, 17403027, 455
740, 2, 390, 411, 191, 8, 9.25%, 0, 0, 8, 20600.13, 17507688, 455
743, 2, 348, 411, 190, 7, 9.25%, 0, 0, 8, 18630.01, 17562146, 455
